1000 100
136209 136629
10824 11295
172673 173124
182592 182897
85242 86232
135475 135796
134857 135305
117647 118267
54536 55530
99025 99769
27152 27798
109699 110118
88955 89585
15830 16312
14100 14683
43032 43630
82270 82745
48401 49109
136445 137147
45888 46686
129797 130731
66477 67366
197854 198483
26411 27086
5840 6831
94764 95196
133233 133600
12800 13492
186728 187339
72236 73153
76445 76857
33315 33860
120127 120633
65828 66655
151473 151915
90671 91062
4626 5559
93477 93911
181671 182565
82939 83676
180968 181764
71002 71316
16996 17309
77783 78468
74129 74478
94282 94910
67572 68455
165773 166142
45481 45875
193107 193582
95376 96179
147426 147814
106452 106919
49134 49613
164889 165431
48852 49667
132097 133006
89584 90551
60699 61044
76571 77159
195370 196154
118660 119425
159565 160453
120105 120455
196816 197278
45235 46104
105294 105986
113388 113781
122560 123326
195486 195971
188839 189833
120009 120655
110098 110635
147904 148692
36108 36595
10976 11785
38438 39273
116078 116790
176028 176332
57612 58325
14887 15189
136344 137076
13983 14653
24930 25777
116490 116807
134279 135179
139397 139758
162606 163164
33485 34013
27871 28479
192491 193141
184187 185003
158842 159572
108700 109673
25430 25978
14217 14528
82083 82900
158998 159830
70775 71771
156374 157176
85349 85658
108798 109226
189031 189670
40408 41295
138983 139718
197280 198102
71466 71859
155135 156101
182361 182886
66337 66639
198318 199223
102709 103117
128759 129458
84929 85705
23818 24172
90847 91753
116102 116701
86167 86588
93761 94475
185626 186429
193875 194399
152601 153119
132030 132634
182976 183812
143097 143930
35795 36329
55767 56759
80483 80840
192409 192852
145388 146281
185293 185787
97422 98350
17248 17800
114791 115752
134023 134959
140809 141745
55366 56232
148765 149509
116892 117829
16083 16510
33227 33660
136389 137328
134535 135223
75559 76322
41915 42773
181997 182571
6962 7359
94778 95288
29352 29907
113215 114013
26798 27655
129912 130879
108084 108577
82943 83485
98166 98980
91276 91588
135238 136135
3082 3508
25202 25556
179990 180338
118161 119031
197334 197883
56943 57323
194100 194679
141778 142759
115894 116859
165289 165957
33084 33525
66832 67809
85461 85971
78850 79714
161213 161664
169628 170515
128503 128964
1610 2590
183299 184267
27152 27956
90493 91224
106807 107265
39186 40003
161234 161735
168607 169283
95276 95904
190632 191195
104655 105164
64689 65117
91891 92332
11901 12844
57794 58669
121760 122674
121412 122167
56963 57655
131244 132132
192372 193139
168958 169437
111335 112094
182747 183220
113486 114351
188203 189141
94352 95271
66277 67084
188009 188484
4094 5043
12125 13094
147563 148363
80602 81491
96149 96835
113513 114172
27481 28256
153232 153783
127992 128565
184264 184779
45154 45782
23702 24186
165402 165883
24393 24840
54022 54571
157007 157798
17621 18026
51123 51492
6733 7164
47671 48116
167024 167826
14794 15263
36618 37567
128102 128915
122330 123085
103560 104426
58202 58748
109517 109844
135405 136010
173478 174474
117349 118082
80376 81328
94573 95511
173586 174226
162905 163298
63756 64076
146441 146752
171192 171692
66676 66988
85512 86302
138070 138688
123708 124571
128632 129279
110469 110956
35225 35599
149371 150296
198518 199200
191992 192569
159035 160015
39375 39945
58502 58892
21484 22007
83476 83977
110154 110753
54474 54909
43019 43861
290 1136
82231 82652
59760 60391
24340 24763
31888 32250
99293 99886
196335 197194
17635 18316
25970 26702
196925 197504
21254 22045
32365 32855
131589 132381
115537 116038
126977 127654
109699 110207
143857 144186
164109 164635
64502 65273
136716 137334
178888 179193
96224 96912
187906 188368
103245 103563
172998 173344
126641 127217
166222 167101
128866 129647
36496 37411
170851 171789
195341 196015
59203 59715
101815 102239
23443 24235
70141 70721
23810 24347
32884 33555
194327 195082
135779 136374
108169 108965
104427 105170
36350 37221
160465 161400
145246 145878
109930 110249
6036 6966
115938 116339
189665 190045
118568 118990
91612 92549
120186 120932
70346 71137
176264 177240
66390 67129
167559 168398
176301 177161
9109 9863
26744 27605
141252 141599
133431 134270
41798 42254
99063 100026
102323 102758
30512 31348
98873 99798
111869 112689
33376 33780
62584 63087
81720 82499
92145 92645
108194 109113
90443 91307
94201 94739
5108 5412
158555 159554
124927 125551
147287 148067
64736 65454
20533 20840
172611 173362
67164 67581
9481 9995
127076 128066
78176 79045
82681 83071
94013 94906
170280 170829
119033 119376
129097 129419
38213 38855
7561 8245
111436 112097
103315 104025
96420 97176
33435 34048
76143 76526
177159 177780
39252 39747
81466 81834
134806 135151
154942 155302
109262 109907
60556 61098
147977 148355
97979 98434
137152 138066
199940 200908
4208 4808
18030 18726
96854 97530
48538 49491
34505 35501
64493 65400
148467 149401
49877 50354
186605 187321
84026 84762
42294 42704
29955 30695
53904 54560
15362 16170
197688 198417
59709 60209
77504 78381
58842 59611
76362 77023
129318 130056
36067 37013
135170 135760
122873 123690
62762 63750
61115 62039
112931 113313
37004 37702
172545 173266
195235 195549
144594 145215
154306 154811
125163 126037
176336 177250
177036 177339
11221 11925
59058 59733
94546 94902
11514 12511
60667 60988
175917 176217
45906 46401
157356 157865
176417 177083
17081 17587
46548 47446
1375 2217
24368 25209
57152 57937
59252 59843
194681 195021
147403 148245
170099 170455
30058 31031
66761 67390
29516 29899
94097 94679
146568 146886
119561 120001
106187 106555
102048 102730
99832 100509
109278 109716
67865 68527
188016 188589
50688 51305
35284 35924
66366 67358
176541 177255
35135 35673
164324 165279
4416 5081
109963 110380
30831 31686
35119 35971
134430 134792
76010 76980
90787 91780
187457 187905
149838 150349
74993 75900
32135 32606
149457 149930
149060 149739
152228 152950
22245 22808
85693 86621
35756 36571
147343 147952
58524 59331
150992 151536
69869 70496
32394 33050
193896 194586
126846 127571
171237 171539
130741 131210
26527 27360
55396 55769
49137 50088
97723 98089
160048 160610
199498 200400
32804 33782
189008 189977
114019 114769
189346 190142
56460 57444
151349 152077
77149 77753
129352 129976
69746 70555
72816 73794
103195 104148
136001 136687
29784 30701
136214 136632
121971 122330
66366 67074
126458 127041
125123 125577
193688 194188
189848 190538
109839 110314
26974 27749
38101 39020
188371 188924
1608 2402
82968 83596
25102 25973
187293 188038
95309 95987
131115 131904
156228 157078
1293 2163
83908 84325
135260 135652
75727 76072
72294 73236
17547 17957
101626 102400
119715 120055
63123 63769
115451 115760
3615 4058
85837 86397
121578 122351
55525 56342
48940 49693
104629 105595
8299 9211
80534 81049
174734 175542
65116 66034
10432 11069
10260 10620
101949 102877
140253 140950
77948 78347
154272 154857
127801 128456
5229 6163
72862 73489
144627 145073
27533 28020
140956 141576
68813 69732
94787 95432
45454 46077
68115 68963
126106 126535
178557 178989
32923 33888
84693 85326
117315 118022
198474 198992
8091 8577
94592 95499
140652 141291
45836 46528
189572 190344
39883 40580
187877 188590
176671 177182
3792 4545
76487 76787
180137 180465
24218 24932
155399 156255
79392 80015
27546 27963
55309 55959
26233 27164
135323 135969
103304 103982
117699 118430
128707 129013
150999 151535
77737 78205
19071 19524
185671 186124
199502 200054
63391 64028
95424 96285
5302 5671
8146 8547
130615 131105
105726 106206
181767 182127
141586 142443
133286 134203
26156 27043
90046 91038
19732 20489
130060 130934
122806 123158
19624 20509
18234 18802
19186 19980
54594 55050
98203 98937
115263 115741
195597 196123
99504 100278
92344 93119
185401 186265
151162 151916
163804 164368
139626 140320
197014 197909
29314 29620
13592 14428
89766 90467
91424 92253
18709 19615
179188 179962
140971 141794
31803 32492
5840 6327
153080 153965
194753 195744
91364 91738
83385 83762
103846 104456
46459 47060
77617 78413
134655 135002
85434 86083
154039 154530
49045 49351
45756 46115
95147 95545
175962 176552
170586 171123
81909 82838
132137 133086
41302 42123
40934 41591
136790 137273
179615 180363
135333 136055
178169 178971
37559 37995
146864 147444
77773 78759
153771 154223
105563 106554
161531 161895
137947 138420
46256 46638
185774 186605
138776 139401
182442 183030
166485 167331
31620 31989
145946 146922
70427 70769
127490 128391
106207 106858
26316 27018
159004 159635
17463 17825
8359 8941
87798 88399
23459 23921
131408 131791
78896 79725
128728 129156
57330 58064
69379 69744
149369 149868
82475 83423
191442 191776
45663 46018
136425 137143
80356 81022
30745 31527
167309 167993
58770 59240
82162 82731
138278 139207
135888 136583
14384 15221
4221 4814
74401 74767
109574 110249
6441 7186
113383 114380
13246 13635
20966 21887
73035 74019
110092 111091
75128 76073
152513 153509
123730 124701
3651 4257
44760 45356
105794 106744
195617 196579
84060 84785
165292 165688
41264 41921
140742 141571
169057 169367
165458 166134
189993 190487
74232 74773
16919 17855
116397 117285
133351 134259
16922 17868
110652 111168
99884 100771
80252 80815
121783 122159
165704 166369
194183 194960
114390 114927
76933 77578
80558 81161
8131 9113
181053 181911
75300 76238
29977 30320
152811 153472
159826 160451
134686 135567
143985 144720
78678 79549
149648 150211
150822 151587
84693 85486
142374 142948
140429 141327
137307 137642
65057 65417
3716 4259
48183 48901
197252 197577
156583 157318
189415 190313
81752 82636
171986 172400
75639 75976
188364 188997
89875 90564
61859 62412
29592 30035
162748 163119
27815 28677
127547 128309
111374 111947
168907 169412
66537 67513
123978 124874
73556 74383
142420 143160
119499 119910
122539 122974
93921 94395
576 1025
114393 114737
122464 123231
121573 122433
13246 14159
175993 176725
57433 58242
142026 142781
13577 14573
32872 33295
69612 70597
37749 38606
142567 142977
178753 179204
177243 177625
97668 98233
57958 58497
16758 17070
53523 54256
463 1280
72799 73260
175574 176164
183593 184417
104296 104974
192309 192665
96584 97575
99932 100850
124893 125634
193748 194579
25932 26578
55832 56824
183474 184040
64244 64798
183806 184546
98927 99521
173546 173938
187220 188096
83476 84058
101663 102143
157949 158865
177601 177919
179485 180278
145872 146362
83872 84408
197903 198503
193153 194076
22357 22802
140098 140409
101532 102279
148357 149347
160168 160753
156362 156947
166737 167073
4166 5036
146031 146990
191964 192656
12962 13742
107898 108465
69179 70060
188499 188882
153419 153925
9268 9612
79174 80021
66694 67421
129170 129822
45279 45585
152114 152930
8964 9459
127946 128569
45887 46650
191822 192465
150489 151324
185803 186457
184437 185115
118290 118785
53769 54249
83324 84006
62329 62711
15839 16200
34706 35130
7948 8344
25312 26025
140033 140619
129580 130266
3762 4087
164757 165614
58799 59170
128073 128449
198449 199425
137505 138258
123783 124222
165975 166517
71576 71970
17060 17955
69204 69601
55354 56179
9660 10095
135771 136445
65098 65846
94677 95408
32381 32903
53018 53562
153989 154371
84800 85206
124360 125187
128721 129692
131215 131565
195536 196354
14673 15414
183881 184597
52889 53381
141715 142596
168342 168830
79142 80006
167487 168433
7379 8216
46945 47305
64228 64633
199878 200769
14352 14814
29764 30557
21723 22132
173535 174364
154504 154911
110300 110770
177532 178321
148899 149627
141809 142428
62159 62510
187603 187996
114326 114754
74042 74433
60560 60925
164357 164739
34022 34429
121295 122072
82392 82772
156049 156737
1002 1726
122324 122926
65068 65558
123473 123787
154149 154612
149927 150456
175323 175964
173559 174274
141570 142010
5535 6063
102975 103770
72658 73445
159639 160133
43729 44054
187257 187727
102536 102854
77732 78162
132615 133178
155638 156262
139419 140169
69011 69538
23561 23938
7022 7963
165286 165686
169911 170537
199510 200278
68961 69735
126559 127052
153166 153491
172585 172914
15194 16032
138260 138577
41409 41980
126326 126963
88814 89663
197360 198023
9953 10692
111275 111969
156603 157406
183988 184729
98153 99009
27250 27674
18347 18707
85376 85788
55488 56097
150891 151585
5616 6047
70281 70849
127733 128525
500 911
2439 3002
111650 112128
129603 130015
67938 68411
192247 193009
138677 139490
154252 155180
3399 4137
69521 70509
10889 11725
67296 68167
47660 48100
194735 195454
178939 179680
7093 7691
76245 77146
130678 131607
89350 90230
177261 178107
182786 183132
179542 180385
80701 81457
60309 60848
60266 60728
162822 163151
35789 36566
101090 101633
133759 134350
152586 152989
109950 110896
4211 5096
40302 41028
191855 192674
108528 109480
103316 104187
194846 195245
124363 125254
125152 125500
167799 168275
54062 54812
35647 36527
23458 23987
29754 30081
114168 114603
29174 30030
53350 54001
144485 145046
91346 91660
142565 143422
40565 41341
165739 166315
170250 171086
61195 61687
82866 83623
43238 44153
161255 162247
30960 31312
133851 134768
97436 98174
143980 144289
142119 142942
20294 20879
52478 53360
163670 164655
87053 87397
423 1329
33317 34039
183258 183863
