1000 100
124051 125187
171191 171336
224596 226225
123199 123391
245459 245589
213369 214010
102337 103456
247766 248024
240201 240587
124332 124717
200470 200696
240898 241509
188213 189342
109849 110972
135910 136023
193319 193453
220894 222030
229948 230572
120484 121733
159506 159761
171587 171749
229107 229239
173366 173623
172061 172301
187957 188187
150496 150596
118848 118967
242783 242929
208157 208526
142477 142846
128616 129866
225911 226392
201405 201887
131375 131537
142798 143660
230410 230541
229696 231838
112841 112959
131542 131925
215360 215467
106354 106612
228032 228153
202940 204190
128297 128539
209724 209824
170641 170744
134793 134927
208978 209099
238069 238199
234915 235023
143134 143328
183428 183620
192416 193089
225488 225873
220234 221357
141438 141727
231736 231858
230577 230681
187264 187395
211377 211737
202117 202294
206199 206302
126165 127030
213483 213613
149572 149861
127524 127750
188636 188892
193671 193799
102529 102756
161480 161705
237164 237296
137350 137584
179049 179167
166688 166810
227929 228094
129228 129336
227124 227257
186714 187070
101852 102015
109142 109243
220292 220408
204941 205422
155447 156071
236466 237077
200068 200682
193066 193168
248913 249525
119983 120239
174164 174452
174672 175025
120445 121087
225117 225344
152320 152484
236292 236470
108660 108853
204352 204962
100158 100266
110246 110354
155600 155732
203235 203397
166026 166382
248749 248911
197734 197960
189992 190856
148689 148796
179556 179910
247918 248031
173017 174143
235377 235490
119471 119855
223501 223616
117078 117256
144287 144403
110739 110844
171314 171415
216150 217275
143107 143719
232341 233475
142288 142912
202368 202850
133370 135515
143944 144050
144876 145492
164276 164902
128414 129039
217551 217655
177867 178001
152959 153152
219974 220204
202960 203064
249500 249602
129463 129881
191001 191164
146066 146683
145789 146207
241864 242222
112723 112836
231047 231720
103725 103855
148818 148995
198252 198421
179370 179473
162883 163044
217971 218260
139451 139677
169208 169375
222395 222524
240804 241173
234405 234633
207186 207667
228828 228937
241547 241653
215248 215617
140152 140510
160136 160874
135995 136612
199074 199175
121422 121525
128788 130165
137955 138091
117260 117422
247947 248333
205687 205790
221172 222038
226413 226582
144443 144543
187952 189585
131563 132177
114472 115658
160471 160578
166390 167519
223345 223487
115810 115940
228385 228737
169584 169746
219406 219759
123465 123630
186975 187263
166219 167344
210519 210665
107151 107758
192255 192361
100895 101089
132838 133463
139124 139253
153588 154202
111723 112091
119368 119725
143791 143894
215942 216059
178759 179370
116134 116366
231542 231660
135845 136203
149940 150166
142532 143716
136254 136878
127224 127833
207605 207839
102405 102821
123837 123967
161143 161304
132509 133182
189569 189687
111188 111302
194829 194959
189392 189633
234012 235261
202684 203806
127865 128011
118995 119611
162406 162822
177460 177623
136488 138633
196345 196463
210807 211929
101085 101759
122181 122291
144424 144842
224636 224802
249074 249688
213237 213337
132394 132510
168870 169103
162006 162868
195083 195947
247841 248196
165048 165169
118306 119430
183515 184124
191686 191799
249653 249814
130062 130417
107177 108302
139759 139862
182578 182679
222775 222883
196903 197034
197000 197226
150631 150989
247022 247129
246259 246885
131212 131345
218564 218741
146349 147469
204878 204978
200466 200588
180236 181420
230981 231341
113430 113594
179667 179768
229554 229784
190090 190447
118710 118949
207430 207720
184892 184994
191215 191440
135620 135736
118850 120481
226267 226683
149157 149295
114204 115389
244077 244463
183682 183796
119500 119886
109978 111228
133437 134061
241200 241315
179568 179683
151400 151628
110383 110557
236465 237330
199339 199460
175542 175712
153120 153283
130505 130626
176104 176209
179896 180010
125998 126129
136625 136739
197529 198146
154011 155132
157144 157314
245048 245168
124713 124890
194888 195242
216766 217631
195639 196766
246661 247783
151401 152011
123432 123818
243477 244599
180231 180464
219836 219945
216860 216966
129863 129994
116909 117010
188865 189346
218218 218448
178638 178752
192055 192919
114168 114529
241977 242334
138305 139427
153367 154489
142895 144019
207299 208549
242855 243211
229761 229875
152192 152801
124362 125483
126495 126664
187497 187850
147787 147917
206835 207192
205444 205611
218093 218829
196064 196353
121872 122996
109707 109852
224979 225213
218926 219057
212393 212682
208479 208596
233048 233169
223075 223181
102012 102148
100452 100676
209313 210562
210191 211316
166990 168112
176368 176482
193928 194155
232598 232967
208675 208793
196667 198301
138851 139013
113197 113301
132918 133303
156524 156687
182094 182231
132274 132644
234673 234899
189999 190161
100006 100367
120809 122059
106019 106252
129885 130496
117480 118346
245678 245792
139863 140224
199666 199844
115625 115980
153939 154291
190192 191316
227385 227517
148119 148250
183452 184636
194418 195044
175330 175555
165921 166538
156790 158165
101035 101453
224819 224951
114687 114920
232633 233787
175744 176353
204732 205373
152619 152756
174739 174981
175017 175402
223063 224311
228638 229761
130404 130788
244487 244593
208853 208986
174570 174674
229313 229475
158457 159580
103004 103611
187981 188083
184853 185590
144793 144914
207772 207936
210728 210859
133780 134014
152440 153561
141831 141998
171452 172576
138906 140089
220596 220821
177279 177889
240553 240661
199580 199935
133715 133942
155748 155894
203466 203584
241444 241558
242224 243353
193301 193910
165540 165766
197438 197790
162061 162175
205355 205464
104644 104901
145993 146109
220590 220945
157625 157789
242870 243488
232662 233279
196602 197787
140546 140653
161888 163041
113752 113884
178932 179032
115397 115554
214398 214499
232878 233015
176785 176923
151552 151683
158741 159864
190596 191238
104386 104492
156216 156382
128113 128226
164754 164900
241943 243064
167918 168047
142434 142564
181641 182251
140891 141035
221130 221259
226958 227076
216662 217783
190812 191677
201772 202127
201874 202035
172763 173244
194521 194715
103259 103403
199337 200463
246032 246197
142993 143114
211834 212187
110446 110702
107560 107720
188818 188925
214898 215035
125422 126545
198809 200057
149329 150480
180770 181059
183290 183421
157834 158956
109603 110217
159043 159160
171015 171130
148530 148663
248531 249142
129534 129638
117657 117771
177079 177690
112094 112735
164809 165035
186067 186322
225867 226220
161676 162414
103122 103349
206674 206805
125819 127964
112068 112197
116197 116551
221724 221831
233608 234234
122350 122481
153752 154615
108802 108964
211517 212128
188516 189645
189622 190358
150178 150310
150112 150497
240202 241579
126112 126338
201634 201861
138083 138249
211145 212267
235509 235672
153329 153429
113616 113754
234763 234955
173320 173421
163709 164957
237454 237556
241879 242009
132781 134414
213043 214173
212912 213021
104642 104779
224906 225529
243316 243930
228604 228798
168890 169500
100596 100790
122722 122916
166132 166772
129242 129532
236803 236964
180714 181834
166529 166661
186788 186889
177625 177730
198490 198860
112948 113126
201086 201440
152713 153195
147338 147500
244779 245137
176535 176775
150732 151597
247162 247804
203168 204289
156824 156987
111451 111558
221019 221124
169289 169579
140172 140528
233549 235695
121005 121487
127303 127425
185474 186099
123390 123497
204352 205536
179173 179342
125217 125323
179627 180812
225779 226900
141071 141457
212557 212658
139781 140199
220432 221049
245861 245992
202315 202419
99999 100100
138534 138759
114989 116623
194055 194157
192733 192896
173137 174261
190423 191574
181756 182370
194588 194876
209001 210186
238082 238693
222197 222559
235587 236709
230329 230437
148398 148506
121795 122151
172472 172712
182706 182929
118459 118560
241796 242422
132468 133334
111340 111442
157378 157492
199450 199553
167679 167843
239179 239279
108900 109572
104890 105020
151748 151892
150641 150868
222008 222111
209441 209574
116469 117847
171787 173165
210997 211670
231596 232460
223435 223805
159560 160425
216205 216369
184283 184524
197372 197535
135992 136360
226260 226630
156349 156767
117111 118262
130718 131073
184169 185298
114939 115039
144082 144243
201465 201694
142065 142198
101488 102097
116615 117225
242932 243174
159984 161119
185541 186158
101576 101683
186442 187596
203916 205164
244638 244801
238654 239903
164544 164713
179776 180257
108507 108671
140285 140386
199135 199298
215087 216240
130264 130370
107805 108175
163108 164260
161336 162460
145039 146673
242503 242731
141118 141407
175418 176155
212731 212862
202818 202961
181388 182509
158903 159258
238274 239459
209148 209277
188181 188423
238380 238796
171780 171887
204300 204401
127151 128281
201219 201328
141673 142285
197630 198241
246355 247091
130632 132264
195973 197351
181502 181666
217418 217556
135228 135902
165912 166016
105398 105515
103552 103808
104996 105414
107812 107912
136250 136478
109904 110132
147983 149108
154653 154770
185716 186966
168160 168545
138033 138395
181009 181362
159298 159404
172213 172446
168677 168788
218467 218582
240736 240837
185400 186265
106334 106497
241623 241784
152863 154047
121193 121806
199364 200099
232746 233099
120295 120426
166787 168421
235792 235922
196451 196579
218799 219928
200786 200887
207165 207407
104836 106214
246128 246290
209857 211041
182384 182499
238990 239136
145088 145210
166555 166972
103879 104489
102188 102324
231405 231539
214722 214867
163033 163899
198120 198481
187547 188028
112235 112860
155157 155257
134084 134313
237920 238545
183878 184235
162255 162865
243631 243824
130138 130271
182957 183341
104156 104445
237516 237870
166028 166174
144752 145489
241752 241854
138476 138830
106966 107194
150875 151740
132702 132863
153711 153856
239032 240664
228761 229626
128573 128691
167061 167703
131565 131853
181886 182116
147979 148109
100752 101121
180277 180757
167542 169173
236899 237379
222256 222641
163969 164070
240331 240476
157524 157894
149673 150537
247458 248099
107940 108074
131821 132048
105589 106710
215075 215205
228363 228480
114603 114781
165703 165849
195782 196904
161438 161664
238917 240101
144288 144769
190838 190975
213119 213855
195021 195121
139331 140708
172760 172905
237639 237754
164230 165367
245314 245927
170217 170698
123057 123674
203748 203861
143365 143598
106010 107139
105194 105807
127763 127871
150895 151312
176257 177395
244664 245281
111895 112512
200337 201715
134511 134680
147070 147298
235885 236493
217651 217939
233709 233941
147673 147781
230818 230980
118603 118711
216116 216530
155197 155678
214589 214735
106668 107405
135099 135213
210125 210254
163651 163879
158604 158956
158047 158337
249183 249312
134469 134950
152026 152157
187447 187610
213249 213861
112224 113602
195524 195640
231236 231354
126952 127575
116418 116563
144666 146811
115022 115248
133586 134199
247149 247308
235965 236097
212357 213480
146290 146396
228178 228280
146546 147162
239825 239935
216492 217104
218924 219294
223812 223919
238426 239546
170704 170962
149508 150133
163033 163177
219602 219859
232140 232494
130342 131079
206019 206127
149698 149863
214060 214166
120028 120259
160806 160922
185339 186463
137102 137457
191070 191687
141265 141891
191953 192082
127507 128373
146482 146838
134974 135091
200201 200568
223942 224106
246929 247030
146115 146740
238207 238322
230185 230330
204754 204854
170030 170895
159680 160418
164426 164563
128835 129973
109228 109518
116777 117962
174125 174482
176803 178052
116785 116902
124455 124570
169944 170057
123851 124477
172440 172585
137777 137877
238382 239054
181905 183537
119233 119334
246235 246403
232106 233241
227544 228186
167138 167304
114088 114188
210888 211249
136394 137003
178094 179216
102322 102455
209614 209780
121427 121908
117346 117586
107243 107601
144916 145332
163397 163498
221589 221699
184614 184745
161259 161547
215800 215932
222819 223555
202869 203511
148280 148412
224699 225054
107661 107768
160334 161460
113384 115017
155190 155544
230109 230215
134013 134116
112368 112484
158405 158572
232957 233822
206986 207086
140700 140859
190685 190849
102948 103559
188336 188440
107331 108965
185036 185169
113310 113426
214441 214606
215479 215591
118866 120244
184269 184911
180978 181093
176168 176839
247362 247462
227771 228000
186245 186351
165371 165489
168814 168975
244103 245286
122573 122739
125299 125972
243003 243615
142182 142538
111612 111733
135391 136544
172658 173787
236325 237455
222610 222801
141353 141458
235135 235327
215469 216606
162974 163840
156084 156191
204855 205984
212260 212367
247324 248574
239374 239732
158910 159024
189863 190057
232926 234052
225763 225896
200922 201055
219062 219301
179677 180295
235562 235817
145383 146506
168241 168595
126295 126665
232446 232552
226628 226917
206030 206647
175142 175302
207057 207666
171875 173029
238835 239452
178290 178390
156186 156797
208016 208245
107080 107181
224342 224456
137377 137732
195914 196299
183073 183443
104366 104848
121835 122004
135244 136366
170045 170211
191668 191896
169795 170027
154840 154948
248634 248736
197179 197280
177762 178372
198532 198725
193534 193790
154961 155635
178482 178615
212071 212687
171844 173027
125495 125783
231920 232089
244919 245274
158027 158161
124242 124853
203899 204068
223914 225291
119760 120897
196815 197939
234274 234388
214651 216029
209141 210391
103791 104655
203639 203740
173836 174462
249591 249976
219338 219499
194246 195369
221872 222040
137214 137360
158295 158426
192716 193332
249251 249428
227000 227865
206254 206736
220100 221254
162218 162576
111002 111232
131615 132224
152438 152806
168343 168960
192120 192290
109337 109563
120252 121405
147468 147630
175431 175607
161630 161800
114246 114471
105051 105182
183339 184205
101149 101505
224469 224758
193428 193814
105347 105829
229360 230034
186556 186731
217934 218079
217839 217947
214216 214378
124966 125381
241317 241435
160011 160366
192375 192552
