1000 5
11791 11926
10413 10436
6713 6725
5994 5999
5108 5191
9921 10053
11653 11659
6795 6958
8062 8074
11909 11932
11998 12017
10418 10550
8818 8857
9064 9087
9014 9065
6344 6477
11154 11160
10506 10581
7396 7463
9279 9418
11271 11418
11523 11534
10034 10043
11351 11514
7655 7667
9360 9428
9477 9609
6755 6890
8406 8449
5127 5147
11737 11870
9322 9345
9664 9703
11132 11145
6362 6375
11659 11727
5819 5840
7741 7778
5346 5481
7882 7957
10651 10670
7417 7440
5495 5570
9035 9074
6699 6726
7536 7668
11566 11573
8616 8636
6144 6219
9110 9147
5355 5390
9779 9814
8455 8594
11383 11458
5876 5944
6233 6254
7798 7869
10062 10081
10649 10662
11682 11719
11319 11387
8682 8725
5170 5197
10007 10027
8650 8845
11754 11766
7873 7948
10743 10812
9748 9760
10185 10221
9092 9224
10408 10451
11820 11855
8818 8893
7320 7455
5878 5917
7171 7318
11013 11026
6585 6717
9021 9160
11246 11267
7042 7189
8238 8249
10421 10427
11128 11167
11742 11881
6869 7032
5646 5673
10288 10371
10705 10756
5372 5443
8691 8704
6455 6523
10935 10944
10907 10976
8528 8660
5775 5938
8857 8940
11797 11834
11964 11979
8366 8389
11789 11794
7778 7849
9881 9964
7907 7958
11131 11151
10533 10666
8374 8445
6140 6275
9574 9581
7010 7022
11406 11601
8814 8949
7247 7256
11066 11081
5759 5830
11908 11975
5609 5756
6633 6653
9192 9212
10585 10605
11415 11434
10427 10590
5185 5200
11215 11238
10367 10436
10962 11157
10904 11163
8159 8418
5515 5524
8396 8479
9064 9131
6382 6577
5079 5214
11630 11793
8216 8237
8494 8502
5676 5712
11173 11178
11273 11285
10778 10801
5881 5888
9965 9992
7203 7212
6084 6153
11863 11996
9488 9683
7997 8130
8021 8104
7246 7269
8395 8401
4895 5034
8090 8099
5475 5546
7942 8017
6596 6633
6258 6267
8609 8629
7951 8098
6151 6202
5266 5525
9122 9317
5966 6101
11437 11505
6915 6921
9459 9527
6999 7162
7560 7583
7858 7957
7703 7866
8091 8230
8898 8917
7517 7525
10170 10183
6092 6104
8998 9035
7409 7548
6256 6339
8191 8386
8412 8575
5414 5435
9602 9613
5330 5465
8022 8035
11202 11285
5246 5258
7830 7851
8946 9017
7796 7808
5215 5350
9467 9566
5903 5916
9079 9115
9133 9328
9542 9578
10201 10208
6821 6841
10185 10316
5845 5896
11619 11625
11373 11384
6278 6305
5796 5839
11705 11717
7984 7995
7853 7858
8841 8862
5629 5672
9581 9589
5555 5567
8700 8720
11074 11117
5716 5783
8921 8928
7217 7364
7321 7348
10693 10825
6168 6236
7701 7864
10045 10096
6942 7017
5169 5188
7558 7581
7506 7641
9067 9106
9114 9197
7471 7483
6828 6963
7181 7220
9530 9535
11328 11365
8537 8542
6749 6884
6556 6751
7263 7282
6931 6943
10055 10122
10800 10932
5624 5691
8043 8066
5132 5271
9921 9934
8673 8868
10101 10168
5147 5182
5961 5973
7147 7183
5559 5634
11296 11302
8873 9006
10775 10908
6687 6820
5911 6046
7787 7823
11483 11552
8227 8254
11413 11546
9826 9839
5338 5377
5824 5861
5287 5354
7144 7183
7468 7491
11704 11747
5200 5347
5546 5709
6515 6542
10310 10333
6000 6131
5459 5472
5140 5335
8661 8729
5644 5655
5653 5704
10488 10511
9410 9485
6203 6274
8826 8834
10229 10242
9326 9369
5090 5113
5547 5616
5099 5120
5067 5136
7428 7527
8042 8085
7658 7709
8664 8699
10263 10299
6674 6681
6448 6485
12022 12073
8724 8856
9397 9448
9527 9570
10401 10444
6277 6360
6325 6424
7851 7871
11563 11602
6632 6675
6805 6814
7585 7600
7276 7313
6787 6858
7100 7168
8168 8179
11003 11072
9934 9949
7053 7059
7550 7562
8626 8669
12043 12056
9247 9258
5840 5852
5286 5295
10949 10984
9055 9082
5985 5993
7451 7614
5523 5534
6226 6238
6415 6484
11123 11255
7678 7747
5720 5852
10234 10277
9190 9273
8198 8361
8934 8954
11025 11060
6869 7004
5668 5677
7026 7109
11676 11935
10110 10177
7031 7054
7474 7511
11958 11965
10749 10772
9707 9778
8787 8922
8460 8593
5771 5807
7331 7343
9874 9913
6488 6503
6023 6036
6671 6866
11100 11106
10750 10825
7302 7329
11824 11971
10812 10848
7668 7803
11887 11958
6575 6602
5480 5555
8592 8629
10438 10481
9965 10097
10471 10666
10192 10259
5486 5618
9928 10091
9008 9044
7643 7670
5281 5444
9100 9175
7275 7422
6736 6745
9375 9426
11528 11539
9394 9533
8261 8273
11432 11447
5788 5927
11161 11294
7053 7090
7978 8111
8163 8174
5010 5205
9731 9770
5603 5640
6652 6785
7734 7897
8531 8540
7493 7514
6356 6427
5012 5021
5302 5373
5697 5736
8453 8521
11021 11030
7013 7082
8319 8514
5684 5831
5027 5095
7033 7108
10371 10506
5361 5496
10450 10521
9724 9823
9451 9471
10894 11029
5172 5243
6217 6292
10693 10708
5954 5967
9374 9395
11054 11067
6138 6333
6907 6919
6200 6220
7193 7326
10253 10304
4972 5167
10526 10539
6297 6365
6501 6760
6126 6265
9645 9792
6693 6705
8481 8486
8121 8284
7818 7965
8263 8300
5688 5823
10200 10227
8034 8197
7695 7730
6133 6154
8426 8561
11621 11648
10651 10671
8940 9103
8471 8482
9362 9525
11216 11411
9318 9327
10357 10490
6053 6059
7038 7089
10704 10851
8837 9032
11513 11550
11702 11723
8759 8894
9713 9726
10722 10741
11765 11834
7926 7965
8013 8056
6759 6766
9736 9804
10835 10842
11818 11965
9929 9949
10069 10120
10468 10607
10126 10163
8871 8954
10715 10720
9255 9291
11674 11680
11878 11929
11629 11698
10777 10784
5333 5401
9250 9273
11272 11280
11427 11442
10503 10635
8684 8689
10952 10991
6690 6696
11115 11166
10611 10662
7011 7023
7353 7372
6764 6899
7023 7044
8204 8343
11602 11741
11309 11456
6356 6399
10643 10806
10462 10594
5739 5934
6838 6865
9889 9957
11778 11817
6807 6890
9363 9382
10992 11067
6279 6348
8804 8840
9865 9933
9649 9732
6046 6083
5920 5935
6529 6556
9747 9760
8794 8809
7359 7379
10546 10709
10021 10160
8156 8162
6129 6168
6772 6780
5540 5549
6589 6597
10907 10926
10455 10554
10133 10170
9213 9222
8360 8380
6093 6256
9408 9491
8478 8514
7170 7238
7820 7840
5515 5678
8478 8610
10495 10630
7616 7749
6724 6792
10975 10984
10113 10136
8108 8177
5465 5660
5628 5760
10930 11001
10606 10673
9490 9529
7979 8048
10885 10954
11163 11184
7807 7813
5355 5394
8353 8452
5281 5293
5968 6043
10078 10093
6752 6787
6928 7027
12030 12039
9997 10192
8147 8282
6486 6649
6173 6200
6514 6581
7759 7892
6722 6857
12017 12022
11560 11628
6339 6410
5403 5418
7899 7998
9686 9849
5422 5491
10289 10297
5246 5255
8687 8730
5927 5998
11620 11663
9264 9291
5786 5869
9577 9772
7453 7586
9963 10032
5275 5312
7833 7839
5817 5828
6981 7116
9898 9934
5804 5879
6377 6416
6363 6558
9022 9185
7618 7693
8569 8644
6497 6516
9555 9630
11628 11791
6663 6798
5979 6018
9734 9873
9672 9699
5224 5239
8306 8405
7455 7554
7362 7497
9255 9290
9858 9864
8323 8394
6453 6521
8182 8317
9349 9448
9115 9374
10616 10685
6162 6230
9858 9941
4879 5026
7695 7710
8764 8903
7834 7933
9881 9949
10942 11074
6300 6309
9125 9130
9537 9549
9587 9614
5141 5224
7850 7933
11398 11465
7185 7192
10982 11177
10679 10730
11203 11211
6598 6673
5117 5156
5948 5969
6538 6565
8537 8549
11289 11340
7402 7417
8193 8206
7220 7295
9992 10031
7112 7118
9337 9350
5629 5888
8866 8935
10551 10650
6666 6925
8812 8863
7905 7911
11337 11343
5423 5562
10824 10893
6805 7000
9947 10110
11812 11855
11613 11652
11225 11244
9295 9303
7348 7447
5506 5575
10029 10035
8276 8423
10964 10983
11831 11852
5843 5910
8174 8321
7289 7312
7073 7116
6092 6131
8817 8853
11406 11419
7592 7851
5235 5310
6464 6484
10539 10671
7168 7207
10447 10516
5056 5127
5029 5161
8751 8790
7642 7774
5765 5848
11570 11653
5339 5410
6654 6801
7754 7761
9657 9708
12012 12024
6859 6930
5770 6029
11403 11412
8883 8934
9313 9446
7181 7217
8165 8216
6062 6201
9444 9452
11575 11582
7464 7659
7069 7264
7220 7229
11975 12110
7061 7074
11186 11318
8611 8619
7407 7446
6195 6201
9155 9287
5943 5954
6504 6603
11942 11985
6524 6537
11539 11614
10330 10357
11745 11751
5996 6135
6341 6392
11504 11639
6271 6340
5502 5641
9166 9205
8266 8289
8260 8455
6160 6169
8501 8516
5225 5308
8639 8651
8521 8557
11985 12021
8993 8999
5444 5457
10868 10951
8055 8124
8956 9025
7280 7351
11032 11101
9655 9787
11707 11778
11983 12004
7012 7159
10850 10858
5599 5619
9226 9241
11521 11572
7319 7331
11224 11387
7694 7702
10009 10148
9641 9772
7752 7820
11282 11349
10436 10569
8064 8196
9450 9581
10395 10401
6854 6861
11003 11012
7675 7702
7330 7429
10798 10825
11248 11263
11233 11246
9984 10179
7294 7427
9378 9637
10991 11122
9619 9766
8717 8880
4985 5132
8004 8079
6368 6499
5960 5995
9009 9268
9293 9313
7964 8039
8753 8762
10351 10387
11930 11999
11904 11909
9873 10020
9858 9901
10685 10696
6978 7014
7660 7703
7474 7613
6240 6248
6123 6158
9343 9350
7933 8008
11295 11426
9339 9478
6814 6897
5576 5588
5988 6135
11714 11973
5520 5529
7569 7596
10595 10758
10322 10349
9638 9801
9394 9589
5354 5397
7379 7385
8001 8196
8565 8573
11749 12008
6737 6876
6146 6182
10438 10474
8691 8742
9663 9858
10850 10863
5035 5043
6973 7016
8811 8848
11051 11183
11596 11743
5210 5345
6700 6767
9790 9953
9773 9809
9213 9234
10766 10789
8255 8388
8434 8566
8978 9015
9322 9421
9503 9574
8034 8042
11700 11771
10672 10709
6959 7028
8148 8223
11192 11215
10107 10175
8972 8999
8467 8475
8838 8985
11380 11393
5318 5417
11775 11843
8667 8678
11540 11552
10747 10756
6937 6960
11898 11967
10867 10910
10261 10288
5889 5898
10221 10360
9633 9780
8320 8363
10841 10861
7825 7972
10103 10112
5669 5696
8457 8524
9616 9715
9722 9854
9290 9341
5976 6045
7304 7316
11662 11801
10050 10073
10209 10342
5555 5570
6620 6752
9000 9083
10394 10469
10606 10675
12023 12094
10143 10278
5715 5727
5118 5169
5313 5381
9652 9784
10484 10552
11710 11753
7356 7392
9759 9834
11016 11052
11687 11822
7383 7404
11634 11829
8822 8873
5709 5722
10192 10291
6269 6340
9831 9846
9645 9780
8142 8401
9361 9398
8398 8533
9944 10015
5065 5140
7505 7580
9840 9848
8015 8274
6993 7188
8040 8235
6439 6452
6380 6419
11197 11232
7619 7751
8723 8862
11884 11897
10267 10398
11111 11246
8183 8198
8801 8996
9627 9663
6100 6239
8118 8153
6938 7037
9023 9035
7289 7484
8190 8273
11375 11402
10291 10328
7492 7567
10794 10926
5779 5822
6387 6430
6626 6765
9861 10120
5189 5272
6014 6051
7239 7276
6652 6665
5739 5754
11430 11529
7449 7524
9073 9140
6547 6694
11336 11375
5949 6112
10761 11020
10264 10315
9471 9498
7518 7585
5481 5504
9025 9100
7385 7424
10475 10558
9650 9670
5532 5571
10301 10320
7601 7613
7725 7734
10587 10595
8598 8619
5007 5146
9526 9721
9384 9452
7922 7959
10659 10792
10921 10964
7190 7289
9606 9625
6350 6483
8451 8471
5196 5331
11223 11246
11491 11498
8639 8659
9422 9505
10987 11000
8740 8749
9600 9605
10225 10420
8333 8592
5049 5070
6147 6222
11848 11875
10979 11050
6692 6763
7417 7549
9182 9202
8149 8288
8345 8413
8424 8444
7091 7166
5443 5450
9980 10051
9896 9916
11519 11528
7871 7877
7668 7680
6297 6332
10386 10395
10620 10633
6360 6499
10190 10229
10863 10878
5043 5080
9119 9131
8708 8777
11197 11266
6510 6578
11390 11521
7462 7477
8223 8259
9918 9993
11751 11802
7001 7044
9128 9167
7038 7049
10304 10373
6318 6393
6031 6051
6721 6788
