1000 1000
478 522999
30 970999
797 203999
831 169999
277 723999
534 466999
157 843999
143 857999
804 196999
13 987999
285 715999
849 151999
233 767999
465 535999
481 519999
337 663999
773 227999
311 689999
583 417999
604 396999
76 924999
204 796999
140 860999
751 249999
618 382999
779 221999
400 600999
485 515999
772 228999
920 80999
592 408999
612 388999
809 191999
758 242999
862 138999
716 284999
749 251999
486 514999
600 400999
446 554999
962 38999
992 8999
949 51999
560 440999
392 608999
348 652999
854 146999
527 473999
791 209999
199 801999
965 35999
821 179999
644 356999
850 150999
866 134999
443 557999
921 79999
986 14999
500 500999
564 436999
145 855999
90 910999
97 903999
361 639999
513 487999
368 632999
262 738999
880 120999
614 386999
144 856999
333 667999
191 809999
609 391999
786 214999
658 342999
506 494999
55 945999
80 920999
365 635999
88 912999
466 534999
945 55999
187 813999
643 357999
124 876999
688 312999
215 785999
81 919999
818 182999
667 333999
371 629999
240 760999
386 614999
571 429999
972 28999
129 871999
490 510999
628 372999
416 584999
382 618999
456 544999
487 513999
834 166999
439 561999
415 585999
152 848999
675 325999
202 798999
968 32999
329 671999
905 95999
355 645999
542 458999
2 998999
570 430999
960 40999
887 113999
943 57999
698 302999
660 340999
243 757999
346 654999
577 423999
317 683999
505 495999
933 67999
940 60999
447 553999
341 659999
484 516999
271 729999
552 448999
532 468999
31 969999
59 941999
938 62999
994 6999
19 981999
743 257999
51 949999
514 486999
457 543999
510 490999
148 852999
363 637999
898 102999
576 424999
563 437999
879 121999
645 355999
912 88999
518 482999
220 780999
189 811999
996 4999
53 947999
836 164999
68 932999
89 911999
340 660999
69 931999
680 320999
390 610999
595 405999
166 834999
110 890999
844 156999
755 245999
74 926999
91 909999
160 840999
699 301999
719 281999
432 568999
300 700999
57 943999
496 504999
75 925999
728 272999
964 36999
464 536999
352 648999
272 728999
45 955999
252 748999
781 219999
916 84999
573 427999
410 590999
703 297999
632 368999
545 455999
32 968999
312 688999
151 849999
621 379999
944 56999
605 395999
757 243999
725 275999
889 111999
679 321999
183 817999
744 256999
102 898999
347 653999
765 235999
983 17999
114 886999
624 376999
971 29999
967 33999
72 928999
35 965999
704 296999
636 364999
529 471999
40 960999
512 488999
319 681999
705 295999
469 531999
87 913999
941 59999
287 713999
752 248999
12 988999
229 771999
85 915999
275 725999
209 791999
627 373999
881 119999
760 240999
597 403999
806 194999
867 133999
222 778999
623 377999
36 964999
817 183999
95 905999
93 907999
433 567999
387 613999
954 46999
70 930999
521 479999
871 129999
307 693999
678 322999
530 470999
393 607999
250 750999
886 114999
198 802999
637 363999
141 859999
126 874999
722 278999
832 168999
555 445999
325 675999
669 331999
883 117999
734 266999
508 492999
922 78999
23 977999
833 167999
334 666999
677 323999
326 674999
437 563999
903 97999
73 927999
536 464999
865 135999
112 888999
805 195999
939 61999
771 229999
617 383999
810 190999
710 290999
706 294999
948 52999
511 489999
78 922999
882 118999
952 48999
253 747999
156 844999
138 862999
541 459999
6 994999
184 816999
254 746999
982 18999
959 41999
153 847999
764 236999
476 524999
540 460999
713 287999
41 959999
634 366999
559 441999
735 265999
523 477999
123 877999
795 205999
7 993999
796 204999
278 722999
895 105999
234 766999
178 822999
828 172999
783 217999
554 446999
740 260999
700 300999
411 589999
794 206999
58 942999
249 751999
839 161999
816 184999
673 327999
670 330999
324 676999
709 291999
717 283999
928 72999
429 571999
49 951999
315 685999
9 991999
957 43999
776 224999
897 103999
239 761999
664 336999
147 853999
86 914999
474 526999
111 889999
956 44999
354 646999
158 842999
961 39999
702 298999
935 65999
101 899999
859 141999
668 332999
403 597999
25 975999
237 763999
422 578999
232 768999
864 136999
622 378999
423 577999
714 286999
519 481999
686 314999
50 950999
109 891999
461 539999
642 358999
842 158999
359 641999
332 668999
885 115999
988 12999
661 339999
130 870999
788 212999
314 686999
919 81999
937 63999
640 360999
242 758999
497 503999
904 96999
718 282999
316 684999
472 528999
907 93999
585 415999
853 147999
201 799999
221 779999
666 334999
175 825999
681 319999
344 656999
672 328999
336 664999
407 593999
924 76999
399 601999
3 997999
990 10999
366 634999
826 174999
584 416999
269 731999
784 216999
544 456999
161 839999
856 144999
579 421999
629 371999
820 180999
52 948999
711 289999
528 472999
180 820999
671 329999
98 902999
226 774999
575 425999
483 517999
385 615999
128 872999
38 962999
167 833999
294 706999
210 790999
134 866999
586 414999
914 86999
631 369999
588 412999
106 894999
798 202999
845 155999
120 880999
906 94999
139 861999
219 781999
747 253999
750 250999
616 384999
173 827999
997 3999
799 201999
452 548999
414 586999
662 338999
445 555999
136 864999
297 703999
131 869999
412 588999
846 154999
185 815999
115 885999
876 124999
517 483999
116 884999
689 311999
135 865999
580 420999
572 428999
149 851999
26 974999
61 939999
459 541999
369 631999
936 64999
64 936999
603 397999
551 449999
218 782999
578 422999
54 946999
401 599999
720 280999
860 140999
24 976999
927 73999
574 426999
84 916999
665 335999
100 900999
373 627999
379 621999
28 972999
99 901999
841 159999
911 89999
792 208999
132 868999
349 651999
395 605999
861 139999
345 655999
270 730999
458 542999
732 268999
304 696999
646 354999
5 995999
785 215999
942 58999
812 188999
890 110999
207 793999
524 476999
708 292999
8 992999
44 956999
843 157999
402 598999
323 677999
754 246999
274 726999
438 562999
739 261999
976 24999
535 465999
248 752999
179 821999
282 718999
431 569999
908 92999
759 241999
305 695999
620 380999
800 200999
257 743999
596 404999
801 199999
807 193999
980 20999
499 501999
556 444999
398 602999
829 171999
650 350999
931 69999
258 742999
884 116999
870 130999
320 680999
568 432999
900 100999
730 270999
394 606999
638 362999
405 595999
761 239999
531 469999
847 153999
176 824999
71 929999
516 484999
245 755999
848 152999
192 808999
197 803999
691 309999
255 745999
339 661999
998 2999
690 310999
48 952999
22 978999
684 316999
727 273999
308 692999
213 787999
874 126999
502 498999
676 324999
430 570999
33 967999
227 773999
286 714999
494 506999
467 533999
200 800999
875 125999
768 232999
435 565999
550 450999
525 475999
298 702999
241 759999
276 724999
63 937999
388 612999
265 735999
987 13999
408 592999
214 786999
746 254999
696 304999
79 921999
851 149999
306 694999
610 390999
782 218999
168 832999
163 837999
479 521999
522 478999
803 197999
182 818999
455 545999
137 863999
547 453999
413 587999
177 823999
15 985999
188 812999
589 411999
814 186999
370 630999
909 91999
492 508999
351 649999
449 551999
778 222999
566 434999
113 887999
917 83999
543 457999
454 546999
383 617999
236 764999
259 741999
20 980999
979 21999
526 474999
692 308999
118 882999
107 893999
715 285999
581 419999
283 717999
682 318999
171 829999
657 343999
868 132999
787 213999
318 682999
736 264999
894 106999
509 491999
659 341999
150 850999
649 351999
83 917999
953 47999
978 22999
159 841999
562 438999
216 784999
674 326999
384 616999
127 873999
96 904999
296 704999
756 244999
331 669999
404 596999
533 467999
376 624999
419 581999
417 583999
975 25999
712 288999
910 90999
546 454999
43 957999
950 50999
299 701999
470 530999
397 603999
170 830999
878 122999
328 672999
357 643999
14 986999
741 259999
46 954999
181 819999
389 611999
872 128999
471 529999
426 574999
999 1999
462 538999
125 875999
165 835999
825 175999
626 374999
42 958999
263 737999
647 353999
630 370999
918 82999
261 739999
142 858999
420 580999
501 499999
103 897999
553 447999
82 918999
186 814999
837 163999
685 315999
813 187999
993 7999
819 181999
169 831999
146 854999
256 744999
824 176999
653 347999
590 410999
391 609999
793 207999
133 867999
838 162999
790 210999
260 740999
639 361999
264 736999
932 68999
613 387999
92 908999
777 223999
194 806999
608 392999
353 647999
723 277999
830 170999
330 670999
21 979999
67 933999
587 413999
427 573999
925 75999
929 71999
835 165999
549 451999
440 560999
901 99999
984 16999
558 442999
504 496999
421 579999
246 754999
619 381999
840 160999
958 42999
656 344999
823 177999
193 807999
753 247999
648 352999
855 145999
37 963999
375 625999
424 576999
733 267999
409 591999
418 582999
641 359999
65 935999
164 836999
695 305999
468 532999
970 30999
16 984999
491 509999
973 27999
985 15999
974 26999
10 990999
235 765999
223 777999
515 485999
105 895999
122 878999
822 178999
769 231999
858 142999
507 493999
4 996999
802 198999
663 337999
279 721999
503 497999
789 211999
425 575999
947 53999
313 687999
598 402999
281 719999
293 707999
775 225999
230 770999
923 77999
155 845999
442 558999
991 9999
322 678999
763 237999
951 49999
888 112999
119 881999
62 938999
428 572999
309 691999
498 502999
244 756999
475 525999
537 463999
154 846999
460 540999
902 98999
969 31999
436 564999
896 104999
196 804999
873 127999
195 805999
453 547999
606 394999
767 233999
930 70999
582 418999
697 303999
358 642999
591 409999
913 87999
117 883999
863 137999
374 626999
0 1000998
280 720999
377 623999
869 131999
231 769999
29 971999
811 189999
607 393999
18 982999
60 940999
66 934999
520 480999
731 269999
273 727999
396 604999
441 559999
815 185999
268 732999
342 658999
482 518999
1 999999
602 398999
934 66999
247 753999
362 638999
827 173999
892 108999
601 399999
327 673999
473 527999
206 794999
360 640999
434 566999
211 789999
687 313999
448 552999
652 348999
694 306999
356 644999
406 594999
495 505999
378 622999
489 511999
615 385999
266 734999
480 520999
372 628999
915 85999
611 389999
190 810999
893 107999
651 349999
593 407999
364 636999
477 523999
899 101999
737 263999
857 143999
303 697999
367 633999
77 923999
338 662999
381 619999
321 679999
301 699999
701 299999
683 317999
745 255999
444 556999
224 776999
981 19999
267 733999
34 966999
121 879999
599 401999
172 828999
742 258999
891 109999
302 698999
693 307999
538 462999
548 452999
625 375999
295 705999
292 708999
284 716999
310 690999
208 792999
721 279999
926 74999
877 123999
955 45999
569 431999
104 896999
291 709999
946 54999
995 5999
162 838999
108 892999
963 37999
808 192999
966 34999
488 512999
726 274999
343 657999
655 345999
290 710999
748 252999
724 276999
212 788999
707 293999
633 367999
380 620999
11 989999
738 262999
47 953999
450 550999
762 238999
251 749999
852 148999
557 443999
463 537999
493 507999
539 461999
56 944999
288 712999
17 983999
203 797999
94 906999
766 234999
989 11999
654 346999
770 230999
335 665999
228 772999
27 973999
174 826999
238 762999
977 23999
780 220999
217 783999
561 439999
225 775999
451 549999
635 365999
350 650999
565 435999
205 795999
289 711999
774 226999
567 433999
594 406999
729 271999
39 961999
