1000 1000
788 212999
586 414999
509 491999
42 958999
59 941999
359 641999
654 346999
488 512999
109 891999
877 123999
950 50999
250 750999
361 639999
524 476999
931 69999
697 303999
143 857999
12 988999
588 412999
930 70999
649 351999
236 764999
459 541999
214 786999
800 200999
303 697999
592 408999
432 568999
292 708999
786 214999
525 475999
466 534999
74 926999
2 998999
606 394999
463 537999
896 104999
560 440999
875 125999
389 611999
457 543999
396 604999
532 468999
625 375999
216 784999
670 330999
137 863999
24 976999
269 731999
494 506999
449 551999
166 834999
387 613999
828 172999
198 802999
935 65999
680 320999
540 460999
429 571999
640 360999
126 874999
338 662999
419 581999
204 796999
295 705999
713 287999
373 627999
717 283999
444 556999
13 987999
587 413999
36 964999
598 402999
924 76999
952 48999
715 285999
475 525999
384 616999
688 312999
590 410999
727 273999
990 10999
769 231999
196 804999
627 373999
128 872999
562 438999
493 507999
141 859999
686 314999
111 889999
32 968999
397 603999
615 385999
181 819999
369 631999
593 407999
663 337999
873 127999
170 830999
500 500999
46 954999
818 182999
519 481999
536 464999
352 648999
803 197999
273 727999
721 279999
775 225999
158 842999
751 249999
628 372999
815 185999
30 970999
919 81999
349 651999
66 934999
339 661999
252 748999
95 905999
926 74999
234 766999
693 307999
978 22999
28 972999
664 336999
55 945999
581 419999
638 362999
1 999999
807 193999
5 995999
268 732999
993 7999
80 920999
356 644999
669 331999
798 202999
330 670999
760 240999
93 907999
551 449999
906 94999
508 492999
620 380999
975 25999
922 78999
62 938999
999 1999
332 668999
517 483999
299 701999
172 828999
573 427999
932 68999
135 865999
737 263999
346 654999
320 680999
824 176999
743 257999
283 717999
276 724999
701 299999
22 978999
391 609999
40 960999
801 199999
784 216999
344 656999
87 913999
145 855999
768 232999
139 861999
761 239999
756 244999
698 302999
298 702999
259 741999
83 917999
472 528999
144 856999
997 3999
485 515999
423 577999
130 870999
306 694999
829 171999
65 935999
957 43999
733 267999
977 23999
156 844999
810 190999
406 594999
920 80999
110 890999
515 485999
655 345999
794 206999
813 187999
537 463999
483 517999
862 138999
266 734999
404 596999
289 711999
209 791999
409 591999
223 777999
747 253999
844 156999
928 72999
876 124999
426 574999
631 369999
682 318999
194 806999
202 798999
944 56999
918 82999
161 839999
205 795999
39 961999
304 696999
531 469999
225 775999
187 813999
76 924999
964 36999
254 746999
899 101999
386 614999
31 969999
832 168999
431 569999
900 100999
675 325999
438 562999
422 578999
575 425999
814 186999
9 991999
238 762999
117 883999
347 653999
231 769999
123 877999
925 75999
366 634999
193 807999
860 140999
300 700999
980 20999
34 966999
115 885999
819 181999
163 837999
671 329999
730 270999
86 914999
131 869999
995 5999
372 628999
553 447999
734 266999
481 519999
579 421999
220 780999
383 617999
974 26999
661 339999
237 763999
16 984999
245 755999
119 881999
714 286999
533 467999
816 184999
136 864999
611 389999
823 177999
866 134999
310 690999
793 207999
763 237999
755 245999
505 495999
52 948999
129 871999
881 119999
37 963999
499 501999
637 363999
647 353999
790 210999
11 989999
68 932999
987 13999
772 228999
674 326999
284 716999
8 992999
849 151999
745 255999
645 355999
157 843999
869 131999
263 737999
107 893999
495 505999
401 599999
891 109999
992 8999
489 511999
724 276999
825 175999
927 73999
646 354999
689 311999
56 944999
271 729999
702 298999
806 194999
399 601999
61 939999
446 554999
529 471999
648 352999
51 949999
552 448999
319 681999
428 572999
195 805999
203 797999
583 417999
94 906999
953 47999
963 37999
672 328999
207 793999
577 423999
580 420999
527 473999
766 234999
462 538999
345 655999
286 714999
183 817999
224 776999
623 377999
279 721999
608 392999
543 457999
374 626999
542 458999
916 84999
341 659999
908 92999
118 882999
244 756999
712 288999
959 41999
450 550999
417 583999
684 316999
57 943999
705 295999
285 715999
311 689999
293 707999
233 767999
353 647999
255 745999
155 845999
282 718999
371 629999
148 852999
548 452999
363 637999
729 271999
744 256999
138 862999
521 479999
633 367999
732 268999
267 733999
656 344999
895 105999
277 723999
146 854999
413 587999
314 686999
913 87999
622 378999
121 879999
210 790999
424 576999
777 223999
206 794999
280 720999
738 262999
644 356999
430 570999
468 532999
939 61999
197 803999
414 586999
375 625999
441 559999
742 258999
863 137999
658 342999
315 685999
305 695999
853 147999
589 411999
981 19999
559 441999
673 327999
104 896999
599 401999
898 102999
582 418999
890 110999
186 814999
903 97999
262 738999
912 88999
350 650999
458 542999
571 429999
377 623999
25 975999
616 384999
370 630999
736 264999
845 155999
395 605999
781 219999
27 973999
892 108999
518 482999
516 484999
321 679999
159 841999
169 831999
253 747999
71 929999
296 704999
936 64999
88 912999
487 513999
329 671999
507 493999
776 224999
690 310999
834 166999
3 997999
700 300999
612 388999
716 284999
668 332999
448 552999
874 126999
909 91999
385 615999
164 836999
58 942999
968 32999
96 904999
362 638999
313 687999
567 433999
657 343999
445 555999
770 230999
972 28999
563 437999
125 875999
681 319999
878 122999
840 160999
436 564999
969 31999
101 899999
902 98999
938 62999
602 398999
639 361999
390 610999
750 250999
173 827999
642 358999
274 726999
243 757999
99 901999
837 163999
465 535999
678 322999
933 67999
486 514999
568 432999
75 925999
264 736999
858 142999
316 684999
105 895999
867 133999
561 439999
440 560999
695 305999
550 450999
241 759999
133 867999
103 897999
421 579999
108 892999
982 18999
288 712999
290 710999
636 364999
991 9999
861 139999
546 454999
940 60999
897 103999
7 993999
348 652999
73 927999
937 63999
343 657999
335 665999
945 55999
256 744999
15 985999
822 178999
451 549999
665 335999
162 838999
501 499999
610 390999
251 749999
167 833999
439 561999
4 996999
565 435999
839 161999
469 531999
400 600999
151 849999
92 908999
711 289999
934 66999
358 642999
706 294999
570 430999
442 558999
773 227999
843 157999
528 472999
778 222999
17 983999
764 236999
694 306999
301 699999
709 291999
168 832999
476 524999
765 235999
643 357999
976 24999
915 85999
905 95999
54 946999
870 130999
836 164999
21 979999
265 735999
89 911999
605 395999
601 399999
411 589999
221 779999
771 229999
821 179999
607 393999
746 254999
378 622999
595 405999
545 455999
381 619999
258 742999
958 42999
835 165999
408 592999
153 847999
979 21999
626 374999
48 952999
364 636999
962 38999
986 14999
597 403999
749 251999
218 782999
239 761999
120 880999
830 170999
880 120999
970 30999
948 52999
393 607999
872 128999
842 158999
447 553999
564 436999
388 612999
322 678999
247 753999
456 544999
506 494999
759 241999
547 453999
354 646999
415 585999
410 590999
191 809999
14 986999
116 884999
735 265999
584 416999
44 956999
792 208999
854 146999
893 107999
260 740999
885 115999
355 645999
720 280999
725 275999
18 982999
228 772999
479 521999
677 323999
412 588999
175 825999
739 261999
758 242999
710 290999
213 787999
394 606999
398 602999
112 888999
961 39999
41 959999
578 422999
229 771999
989 11999
887 113999
808 192999
522 478999
420 580999
351 649999
708 292999
971 29999
523 477999
492 508999
317 683999
609 391999
796 204999
240 760999
857 143999
473 527999
171 829999
923 77999
659 341999
534 466999
817 183999
176 824999
246 754999
996 4999
154 846999
868 132999
988 12999
10 990999
904 96999
799 201999
512 488999
941 59999
230 770999
618 382999
901 99999
188 812999
150 850999
558 442999
603 397999
882 118999
337 663999
82 918999
67 933999
0 1000999
894 106999
513 487999
691 309999
774 226999
783 217999
572 428999
60 940999
820 180999
98 902999
182 818999
942 58999
740 260999
660 340999
917 83999
443 557999
69 931999
752 248999
782 218999
38 962999
719 281999
23 977999
113 887999
307 693999
535 465999
754 246999
960 40999
179 821999
785 215999
914 86999
427 573999
949 51999
327 673999
342 658999
97 903999
79 921999
379 621999
907 93999
585 415999
309 691999
227 773999
967 33999
704 296999
827 173999
787 213999
956 44999
249 751999
848 152999
604 396999
526 474999
433 567999
248 752999
871 129999
555 445999
630 370999
257 743999
474 526999
596 404999
632 368999
124 876999
470 530999
185 815999
287 713999
72 928999
275 725999
556 444999
619 381999
707 293999
122 878999
63 937999
33 967999
662 338999
184 816999
762 238999
407 593999
81 919999
833 167999
994 6999
804 196999
47 953999
498 502999
886 114999
331 669999
687 313999
510 490999
211 789999
217 783999
879 121999
212 788999
600 400999
453 547999
454 546999
943 57999
132 868999
142 858999
357 643999
503 497999
847 153999
929 71999
795 205999
946 54999
722 278999
19 981999
846 154999
482 518999
569 431999
748 252999
864 136999
703 297999
667 333999
425 575999
520 480999
910 90999
947 53999
318 682999
841 159999
480 520999
376 624999
174 826999
452 548999
538 462999
624 376999
147 853999
189 811999
723 277999
594 406999
652 348999
851 149999
360 640999
392 608999
199 801999
511 489999
809 191999
731 269999
726 274999
77 923999
490 510999
865 135999
884 116999
791 209999
84 916999
685 315999
235 765999
340 660999
64 936999
617 383999
152 848999
831 169999
998 2999
324 676999
165 835999
200 800999
297 703999
591 409999
666 334999
127 873999
779 221999
859 141999
504 496999
215 785999
965 35999
134 866999
676 324999
883 117999
312 688999
382 618999
49 951999
613 387999
106 894999
367 633999
983 17999
91 909999
226 774999
699 301999
461 539999
368 632999
272 728999
641 359999
911 89999
696 304999
954 46999
281 719999
718 282999
802 198999
180 820999
888 112999
26 974999
855 145999
985 15999
190 810999
634 366999
402 598999
43 957999
222 778999
160 840999
20 980999
544 456999
679 321999
471 529999
491 509999
557 443999
294 706999
416 584999
100 900999
566 434999
291 709999
140 860999
653 347999
757 243999
753 247999
789 211999
242 758999
478 522999
261 739999
921 79999
852 148999
323 677999
365 635999
549 451999
50 950999
838 162999
45 955999
308 692999
966 34999
29 971999
460 540999
484 516999
692 308999
336 664999
850 150999
889 111999
477 523999
435 565999
811 189999
278 722999
333 667999
621 379999
973 27999
192 808999
728 272999
302 698999
149 851999
780 220999
576 424999
455 545999
334 666999
208 792999
270 730999
574 426999
467 533999
326 674999
514 486999
741 259999
984 16999
90 910999
178 822999
201 799999
78 922999
951 49999
496 504999
651 349999
635 365999
955 45999
219 781999
418 582999
177 823999
380 620999
629 371999
403 597999
6 994999
856 144999
812 188999
102 898999
826 174999
554 446999
325 675999
35 965999
614 386999
767 233999
805 195999
53 947999
232 768999
683 317999
497 503999
437 563999
328 672999
464 536999
650 350999
539 461999
797 203999
405 595999
541 459999
502 498999
434 566999
530 470999
114 886999
70 930999
85 915999
