1000 5
6482 6488
7357 7369
10367 10394
5451 5474
10032 10051
5644 5715
8549 8620
11662 11682
7069 7152
9933 9946
9722 9853
8111 8180
11581 11624
7344 7364
5602 5623
7537 7604
8216 8299
5160 5292
8529 8535
8364 8385
11547 11553
6338 6533
7152 7158
6920 7003
11121 11133
11438 11585
7836 7968
9570 9583
10130 10201
10272 10295
7805 7828
10973 10985
6496 6571
6232 6271
7120 7315
11139 11271
8325 8345
10611 10646
6468 6495
9827 9959
8490 8622
11738 11807
9024 9171
9955 9976
5972 6119
5633 5654
6995 7094
5724 5807
8925 8933
5650 5686
5144 5155
7574 7582
8793 8799
8115 8247
6116 6159
7453 7490
6338 6389
7884 7959
7279 7354
6281 6296
10165 10180
10917 10984
10775 10970
8269 8338
8242 8293
10721 10804
7407 7539
5686 5707
5428 5465
10818 10869
8419 8566
10962 11033
6700 6775
7520 7563
11240 11379
8867 8890
10948 10969
10303 10308
10557 10625
8505 8526
10919 10932
5957 6152
7864 7900
10891 10899
8309 8392
8474 8485
6448 6468
10859 10880
10101 10240
5918 5957
5743 5812
7642 7661
10244 10250
9917 9938
5698 5781
11367 11434
9222 9305
11369 11389
11478 11529
7968 8035
6795 6818
5096 5104
7610 7649
9157 9320
11417 11425
8212 8227
7306 7469
7666 7675
10717 10768
6891 7086
9053 9073
7231 7243
6546 6678
5391 5400
7805 7824
7249 7292
10588 10720
5875 5912
6296 6317
7068 7077
7636 7673
8952 8965
11634 11657
11431 11506
5231 5306
11255 11390
7740 7755
7188 7287
10803 10823
8253 8512
6587 6624
8900 8969
5396 5527
8060 8193
6967 7042
8517 8600
5598 5681
8861 8904
10239 10374
9016 9151
10965 11104
11352 11485
7004 7139
7750 7945
9445 9528
5566 5578
9265 9316
7046 7065
8519 8778
9299 9366
9653 9724
10668 10803
5929 6004
5778 5911
10037 10076
6578 6598
7225 7357
7370 7502
9669 9675
5386 5407
6192 6229
5675 5750
8536 8547
7869 7882
7439 7508
8286 8305
5445 5528
6027 6096
7277 7312
10634 10685
7448 7485
7566 7761
5242 5389
5991 6186
7165 7202
7212 7281
11048 11195
6731 6830
7883 7898
5626 5631
8119 8190
8622 8661
10120 10259
7335 7482
7233 7301
9181 9188
11843 12006
9538 9558
7730 7738
10339 10470
11229 11272
6112 6149
7972 8111
9756 9831
11695 11734
9966 10009
6397 6529
10797 10840
9407 9542
6878 6945
9268 9305
7297 7336
9061 9129
5653 5720
9879 9946
10083 10098
6814 6947
10304 10443
7454 7529
9585 9596
9772 9847
5042 5141
7934 7946
11678 11687
9647 9780
9500 9633
7052 7067
10753 10824
5473 5493
10198 10297
5745 5940
7783 7918
10777 10846
11743 11882
11830 11842
7040 7115
9516 9529
8197 8296
5509 5648
6384 6519
10446 10465
9880 10012
6650 6693
5116 5191
10919 10955
10428 10497
6161 6292
11230 11239
8692 8712
11352 11515
5467 5598
11448 11499
5663 5802
9422 9561
10133 10176
11769 11837
5104 5116
10589 10848
8595 8631
8308 8377
9756 9777
11615 11666
8958 9057
11855 11874
6351 6450
11329 11366
6320 6327
10263 10278
7671 7680
8205 8274
6533 6569
11190 11322
10680 10748
5054 5185
8420 8439
11763 11910
7317 7329
5499 5520
7462 7609
10213 10222
9634 9647
8570 8581
11810 11818
9324 9345
5294 5362
5605 5617
9087 9095
6493 6508
11954 12053
10756 10783
5970 6133
7300 7313
7789 7812
9158 9233
10149 10164
9816 9836
10081 10086
8455 8475
11331 11526
9437 9449
10500 10568
10042 10050
6535 6548
5967 5976
5238 5307
5252 5321
7471 7610
6247 6268
10363 10526
5972 6011
10628 10823
7475 7495
6029 6160
6767 6786
11340 11355
9578 9741
7958 8217
5417 5612
10001 10133
11534 11570
10974 11025
11764 11839
9288 9324
10515 10524
7943 8106
11851 11857
11081 11093
9422 9434
7036 7075
6414 6433
11456 11495
8105 8176
10755 10791
10417 10423
8884 8923
5337 5352
9055 9082
11720 11725
7975 8170
10987 11038
7912 7955
9186 9223
9345 9382
10639 10676
7408 7416
6946 6952
8046 8059
6174 6186
10727 10736
9445 9488
5675 5810
5782 5787
11774 11795
7478 7546
10467 10490
8841 8877
7672 7747
11616 11623
10860 10872
11304 11563
6885 7048
11373 11520
10647 10656
7042 7065
9062 9101
5725 5858
10394 10414
5042 5174
9228 9251
5111 5182
11469 11475
9435 9504
11512 11563
8740 8777
11810 11829
11337 11348
9010 9142
9045 9178
11080 11117
8447 8459
10413 10576
11125 11161
8745 8940
7108 7179
11138 11271
10075 10207
6707 6720
10438 10459
9719 9851
6603 6798
6862 6933
7832 7841
5277 5409
11404 11440
6407 6602
6988 7120
8357 8363
6726 6765
6670 6833
8452 8647
6833 6870
6081 6216
9563 9576
7783 7918
5949 6088
6990 6996
11006 11049
11898 11913
6043 6082
6496 6517
8740 8775
9443 9542
7605 7628
8700 8768
6390 6525
8407 8434
10975 11110
11682 11829
8403 8566
7613 7712
7328 7523
11185 11212
10428 10467
7811 7910
10597 10612
9895 9938
11576 11643
5381 5390
11321 11460
6301 6369
6474 6557
8972 9011
7897 7903
7716 7722
9356 9395
12030 12039
7860 7995
7951 8022
5050 5062
9308 9317
11845 11865
10584 10843
10594 10757
9917 9952
7444 7481
6612 6679
8394 8533
7391 7462
6852 6891
8657 8726
9493 9561
7855 7891
6420 6471
7690 7789
6194 6237
6840 6973
9444 9591
6543 6618
6885 6936
8633 8640
7003 7012
9173 9209
10444 10515
5286 5291
8990 9137
11644 11657
11014 11149
10446 10482
7126 7165
6224 6323
9611 9620
11796 11802
11029 11162
8028 8163
5838 5970
6808 6971
8700 8768
10562 10583
7769 7776
10822 10843
9696 9764
10525 10561
10346 10366
10794 10877
8468 8475
7787 7858
7322 7454
7734 7771
9653 9692
5816 5829
11279 11292
6157 6200
11973 11984
5793 5864
9023 9158
8821 8829
7110 7178
6613 6664
5588 5751
8660 8666
8952 9023
11234 11254
5924 5951
10315 10326
10009 10016
6525 6688
9890 9929
8241 8278
9594 9605
6516 6587
8189 8264
5199 5274
7173 7200
8725 8731
10252 10258
11072 11084
10674 10682
11957 11972
5344 5383
7076 7144
6062 6068
10193 10292
5529 5668
6790 6801
10337 10357
7261 7288
5140 5175
9178 9311
5908 5943
8494 8537
11698 11710
8543 8566
7332 7339
5286 5323
10150 10177
5307 5318
5730 5743
6207 6246
6749 6785
11102 11201
10155 10254
9516 9648
8862 8994
11794 11862
11146 11215
7471 7484
10025 10037
6428 6434
6806 7065
7572 7647
9972 10107
8393 8401
7928 8003
8309 8324
10873 10900
5471 5730
7771 7784
9222 9261
10336 10348
10890 10965
9690 9711
8024 8099
9820 9857
7799 7835
5222 5297
5762 5831
6098 6113
5461 5656
5769 5916
11511 11610
7435 7472
7097 7166
5975 6138
9361 9381
9790 9799
7122 7134
5009 5028
8232 8239
10634 10640
7504 7525
11933 11948
5913 5980
11941 11960
8435 8510
11942 12010
10251 10290
11255 11292
8903 8978
6496 6564
9260 9268
9003 9011
11920 11926
5692 5701
5971 6102
11692 11712
9068 9327
9193 9205
6426 6446
5718 5853
6840 6876
8651 8672
8483 8618
8951 8959
7355 7398
6160 6166
7947 8030
5392 5435
10038 10185
6139 6148
11751 11898
8346 8352
11210 11253
10781 10850
5956 5969
5549 5558
6680 6703
10830 10850
7623 7754
5268 5275
10229 10234
5415 5430
12008 12047
11232 11307
6285 6300
5339 5358
10949 10962
8784 8789
11561 11612
5218 5241
11119 11251
6960 6966
6005 6032
6047 6194
5407 5443
7547 7590
11432 11579
9806 9812
10479 10612
5062 5195
11975 12002
7420 7463
7305 7324
8677 8720
8008 8020
10728 10891
10340 10415
7758 7770
9466 9535
11537 11672
8491 8630
10879 10916
9886 9923
11866 11949
5308 5335
5484 5499
7899 7938
9489 9510
9245 9265
9022 9029
9594 9757
9749 9882
9130 9167
6793 6829
7725 7761
9992 10001
9208 9244
11203 11222
6406 6411
11898 11904
6597 6732
10150 10189
8721 8741
5185 5254
8140 8279
11651 11846
5245 5252
7089 7222
6830 6853
5354 5366
7147 7216
6372 6443
8610 8647
5640 5655
9465 9502
8621 8692
8130 8142
8076 8207
10634 10705
5203 5208
11641 11788
8875 8883
5719 5727
6537 6732
9148 9280
11997 12016
10623 10691
9209 9341
10119 10127
6752 6758
9387 9399
5056 5092
10641 10712
8601 8676
9974 9995
9068 9077
5618 5641
9384 9423
7963 8014
10563 10602
10527 10539
11628 11711
10459 10466
11750 11945
8294 8315
5066 5087
8832 8901
8667 8675
7134 7269
8850 8918
8903 8946
5480 5500
10262 10313
7341 7412
8190 8210
10444 10465
8992 9000
7949 8208
10130 10169
9396 9433
8915 9054
8030 8129
9825 9840
6608 6619
11683 11752
5882 5887
7998 8041
9852 9865
6066 6105
7357 7456
10348 10385
5352 5361
8588 8601
10506 10581
9665 9764
12028 12160
4978 5049
9268 9401
10877 10948
6279 6354
8138 8189
8262 8299
11030 11101
6843 6858
7374 7401
7794 7815
8856 8989
5004 5012
9714 9846
11828 11991
9542 9611
5773 5905
9106 9114
8179 8190
6276 6288
11186 11195
7237 7260
9259 9310
11760 11828
8444 8513
9269 9305
8587 8782
10519 10531
11506 11515
7193 7205
6502 6585
5129 5200
6517 6538
9802 9997
11323 11359
5126 5149
11802 11817
5123 5146
11619 11627
9613 9760
6116 6249
11398 11545
7396 7464
5035 5104
5340 5439
6185 6317
5962 6125
11007 11266
6888 6915
9523 9658
6863 6946
7972 8008
6165 6188
5824 5923
5057 5190
6375 6514
10030 10050
7172 7191
6444 6591
10833 10968
11185 11224
6753 6780
6800 6933
5572 5578
5450 5473
9189 9260
8227 8278
6119 6202
9351 9450
10759 10954
11370 11441
10027 10078
8022 8154
10769 10784
9898 9910
8386 8394
6155 6161
5544 5571
7187 7214
8034 8169
9496 9564
5981 6018
6722 6791
9855 9926
6090 6126
8821 9016
5588 5609
6188 6225
8967 9066
11883 12046
11307 11346
9679 9750
11134 11203
9841 9909
6343 6356
10180 10219
6676 6751
6209 6278
9961 9988
10299 10438
5752 5757
11202 11207
10611 10617
9520 9529
8993 9016
11270 11433
9898 9981
6225 6252
11052 11215
8673 8744
7019 7040
8484 8559
11591 11606
6321 6334
7447 7515
6886 6899
9946 9967
11518 11533
8151 8226
9765 9788
11320 11340
9979 10112
6671 6818
7692 7760
8270 8337
11669 11675
11724 11739
10860 10999
10561 10588
5669 5808
8764 8785
6124 6132
9400 9413
9086 9169
10134 10161
8980 8989
6626 6725
10236 10256
8749 8770
11869 11890
10342 10475
6240 6339
6893 6968
8047 8098
10994 11006
8564 8697
5442 5481
8402 8417
7675 7774
5331 5337
10002 10037
11681 11704
9676 9682
11298 11433
6989 7032
8418 8427
7545 7568
10981 11050
6556 6625
10422 10557
6355 6394
10435 10518
11995 12130
7366 7505
5059 5142
5009 5029
11216 11291
9582 9603
12005 12152
9156 9177
7077 7085
8069 8328
7710 7746
7765 7960
6319 6466
6744 6749
8345 8420
10056 10069
11653 11786
9737 9805
11507 11582
8741 8810
8246 8253
9841 9847
5733 5865
4903 5098
6995 7034
11266 11405
9662 9733
9337 9373
6066 6165
7270 7291
10295 10332
6688 6827
10610 10709
9540 9639
7928 7940
10948 11031
11251 11414
7638 7833
9367 9373
7530 7566
9872 9878
7312 7445
10060 10080
5453 5588
8808 8823
11547 11622
8951 9083
5198 5204
7569 7604
11053 11064
9612 9624
5640 5723
8600 8668
9347 9422
7531 7663
10918 10938
5960 5975
6391 6459
5485 5617
11824 11860
10200 10347
6446 6485
7275 7312
7986 8061
11048 11087
6630 6643
5149 5232
10567 10587
7115 7182
9478 9489
10084 10123
11582 11651
10658 10791
8801 8808
5761 5836
6142 6305
7033 7132
9795 9804
8936 8972
7822 7833
11109 11115
6543 6682
8157 8352
6770 6917
11165 11240
11147 11310
8457 8468
4969 5008
11381 11512
5072 5084
11469 11537
5854 5937
8943 8963
5823 5836
9454 9469
11752 11764
5851 5919
5283 5418
10373 10394
8024 8061
5976 6059
8716 8863
10278 10353
7573 7736
