1000 200
407844 408545
380918 383214
262738 262993
366274 366474
302376 303614
374077 374518
242960 243160
295619 295937
423975 424235
264694 264895
407770 407970
341001 342223
286896 287215
428628 428959
448025 452306
227232 228189
456731 456931
305555 305803
382512 384757
478767 478988
427795 430032
451960 452160
224714 224957
343310 344022
356863 357082
466641 466841
385035 386238
389636 389836
411123 411336
399538 401764
437800 440054
436046 436807
332602 332926
394109 394547
297032 297594
446629 446910
408389 410875
302130 303338
257500 257951
334855 336316
430126 430340
281866 282066
445427 447665
433140 434348
202981 205214
253135 255383
246459 246775
392142 392582
355734 355964
340245 341484
394623 394844
323099 323305
470796 471234
338331 338574
304934 305134
481571 481891
276848 281129
370363 370573
349819 350070
276888 277327
239110 241361
334554 335766
212838 213286
394364 394569
236759 237975
458492 460733
301530 302229
274717 275150
460884 461328
331242 331560
373140 373586
416224 417688
391336 391591
260116 260375
254680 254901
357476 358690
317575 318075
246960 247664
441271 443500
259137 260357
248714 250947
319469 319801
488373 488588
362669 363111
468011 470254
393632 395877
215403 215603
475334 475769
500645 500845
500242 502489
373772 374090
271196 273441
481292 481561
301798 302503
420920 421364
238076 238276
200340 203596
287668 289907
233978 234420
471515 473743
478866 480074
285223 285433
434097 434804
271048 271275
348738 349065
267807 268511
399602 399879
321028 321228
478444 480805
285822 286030
206228 206428
303855 304418
232897 233148
452697 454940
342357 344653
358592 358844
494834 496047
334077 334279
251781 252008
314453 315206
250496 250864
469524 470218
243241 243461
215490 216184
361543 363781
382057 383399
412814 413014
484965 485229
400682 400929
207868 211128
387313 387768
395269 396479
468634 469094
351541 351744
322244 322464
446128 446358
454832 456549
238657 238992
483343 484109
340622 341857
461857 462356
410581 411789
345053 345491
278293 278546
210710 212044
223369 223637
383350 383550
354393 354701
317040 317731
392410 392850
342451 343186
473301 473998
341894 342094
313599 314289
394489 396206
351117 351424
383819 385282
404627 404847
365947 366185
240448 240816
288139 288585
443197 443653
260337 262571
227932 229266
289177 292433
281107 284372
358080 358419
456157 456464
468247 468503
291832 292037
219247 219459
221786 223054
231392 231956
258376 259582
263222 263920
441481 443739
301842 302414
327985 328232
479491 479691
423471 425708
296869 297077
452828 455069
308216 309044
488779 488979
425948 427159
228140 228451
422092 422339
494206 494411
394755 395191
252158 252359
420990 423240
405335 405535
201756 201998
431616 433082
211347 212079
412712 414950
304402 304602
375055 377292
246248 247963
471233 471506
403848 406142
449253 450519
449117 451381
242178 242378
476772 477988
318961 319335
374116 374358
218625 218825
398391 398591
387343 387543
436880 438349
238702 239916
210225 210541
381999 382222
413185 413430
241237 241437
228393 228833
235605 235805
367324 367566
420306 420618
261024 261277
233569 233835
276799 277264
286307 287770
492977 495215
491006 491323
249949 250149
498405 501662
426787 426987
312886 315372
302093 303819
467633 467840
344804 348057
399942 401147
489434 490646
352734 354000
389861 391134
398811 399376
312467 312773
364235 364492
313680 314953
480186 480560
336302 336743
428449 429787
306253 306952
203126 203437
416107 416307
481389 484647
462308 462623
221612 221812
348504 350738
329829 330029
385048 385359
466006 466261
456123 456811
235263 236487
460637 463373
440701 441013
467231 467555
234569 236860
225565 226279
225680 227912
480783 480992
474292 474608
339706 340018
501727 501927
330536 330736
450440 451137
461626 463987
235871 236078
356360 358594
478328 480591
451624 451934
304131 304386
215059 215259
321521 322795
496311 497015
343486 345748
228108 229308
342706 342906
228918 231175
406254 409511
497844 499116
203037 203281
449731 450186
444551 445754
421047 423791
203903 204103
487039 489786
277517 277969
442290 442731
281056 281336
214161 214368
440538 442768
406237 406437
320700 321907
410634 411109
255774 256249
448750 451243
299477 302734
401205 401452
376489 378745
366121 367359
452455 454714
469702 470008
304606 305822
207965 208224
350837 351104
302903 303123
372657 374956
436077 438312
370692 370908
424442 428723
307085 307285
298500 298700
249812 251018
497857 499198
267943 268188
463412 463723
221308 221508
436795 437027
359697 360144
322748 324464
411442 411712
272333 272648
297533 297787
376101 377324
310079 310772
463084 463290
437440 439703
430616 431320
306050 308407
420746 422976
291450 293694
275231 275576
405063 405263
296139 296339
294805 295501
427766 428233
382551 382994
224861 225186
396682 396932
257264 259502
428405 429621
369824 370024
378076 381333
315285 316740
395402 396616
452698 453425
380379 382616
402536 402876
351285 353646
485977 490256
483095 485332
219915 223174
265944 266210
286020 288505
362557 362780
298645 299369
234759 235324
247108 247313
305304 305504
324559 324769
354032 354353
411891 412091
276304 276567
266314 266515
449466 450690
308987 311225
354783 355539
286814 287126
201514 201778
300668 301365
249557 249757
214665 216899
424246 424570
418564 420803
327400 328648
407660 410915
295251 295451
300716 300931
489968 492319
291718 294080
240118 240364
462635 463143
326861 329099
493870 494070
354962 356168
323742 328019
490117 490548
388901 390107
229626 231852
308618 309828
484948 485516
398927 401171
391331 394581
254552 255313
347263 349492
207379 209863
484497 484940
487421 487790
404861 406073
368360 368612
242469 243684
237402 240654
232108 233057
397355 397666
211597 213836
383564 384784
467973 468173
391030 391233
348141 350376
238409 238720
501266 502607
226274 228509
218310 218574
228268 230510
390605 391824
356469 356811
361793 363013
473450 475687
299889 300089
267296 269556
402238 402482
363213 363469
253683 253883
416753 418987
233308 234506
330906 332114
279738 279938
406472 406793
425482 425737
317218 317418
337851 338539
299937 301143
221419 223654
303484 303798
274717 275029
466332 468569
487613 489978
484163 484601
344151 344351
380066 380281
317196 318402
206712 207153
418995 420327
415798 416241
253662 257938
338650 338966
431878 432444
284534 284797
490903 492103
226867 227124
489863 490079
454929 455129
214389 214613
387058 387267
474048 474293
346919 348159
250191 250474
470084 472576
492281 492742
332934 333375
496201 496431
262502 262811
464694 464928
202129 204613
354224 357482
322676 323110
358933 359694
476212 476431
258135 258834
201759 202965
287322 287633
329200 329635
247000 249236
452189 452389
343511 343761
370099 370421
409196 409396
283396 283596
428359 430720
482714 482976
387269 388476
485979 486679
382225 382463
364672 364872
497478 497681
499033 499595
325674 327910
375071 375767
441925 442179
408857 409164
265376 265580
435345 436049
244516 244716
487094 488430
224365 224646
239845 242077
416036 417490
332474 332674
280696 280896
236056 236373
473084 475331
471876 472322
351329 352025
264024 265486
270565 272801
417461 419692
307739 308243
472789 473246
454239 454684
402635 403869
476488 476688
212469 214706
310969 312182
361651 362596
249322 249522
258912 259112
379721 379921
316690 316890
331665 332868
439347 439571
374294 375566
434125 436613
229948 230392
336946 337190
367741 368004
217754 219981
326191 326636
368352 369050
297588 300075
296341 296648
351977 352451
455869 460149
318753 319323
201106 201482
290579 290779
278376 278814
259473 259673
245330 246027
431391 432079
213759 213959
475216 475435
448349 448595
237143 237343
406939 407139
261484 262242
216122 216373
247203 248667
436446 438704
353032 353473
463882 464100
449016 449517
435131 435377
311034 311490
277502 278453
288659 288859
476672 476919
244133 246365
260850 261540
445816 446016
294032 294484
268541 270257
260571 260817
332853 333168
459263 459470
413868 414121
371669 371975
348994 349434
459511 459711
420930 421153
487696 487942
324329 325034
353546 354760
405637 405850
298340 299616
284735 285425
497477 498429
455054 455748
240896 241212
205271 205522
495201 495481
225263 225512
266622 266822
377568 378776
371079 371536
255457 255774
296752 298981
498560 498902
220324 220601
409403 411694
220081 220785
291669 292381
441364 441868
422662 423868
378956 379770
439594 439797
259796 259996
465306 465516
427395 427595
313517 313730
336556 339813
335413 335731
289151 289380
390025 390470
457867 458562
470308 470508
311438 312195
217563 220299
309764 310011
309706 310402
494549 495788
373384 373584
398978 399672
412408 412666
322007 322699
447040 447240
222248 222461
428001 428348
416066 418324
321960 324196
256999 257723
492777 493990
285914 286237
223125 223327
478080 479304
293379 293597
273022 273241
442664 442864
318140 320377
330799 331264
336086 337419
335971 336173
450106 451823
333499 334716
282880 283325
261625 261951
298207 298426
409030 410496
489280 489531
345855 346292
320388 321849
457095 457794
231817 232526
309196 309396
441003 441441
384109 385320
495946 496152
227875 229088
435026 437771
260826 261142
229239 231479
498978 500253
444666 445113
474908 476144
205573 205825
447366 447650
211442 212197
251414 251621
335645 335845
398486 398794
423277 423973
316897 319252
368602 369837
315522 315766
237301 237870
213194 215680
206028 206463
289637 289859
350192 352426
346685 348931
495064 497422
326775 327211
369902 372146
377347 377547
318471 319031
339125 339565
372274 372590
365338 366036
262250 262563
216986 217199
484151 485361
397070 398287
425059 425498
344606 345812
378594 378913
410248 410452
311555 312267
364948 365152
200668 202901
377473 377943
347922 348230
477400 477605
277097 279460
452139 454884
307464 307667
334866 335122
313248 313940
406679 407377
438318 439048
425679 425994
500967 501336
204772 205088
210655 211371
344813 345115
434336 435031
420053 422279
300874 302334
296639 297109
211140 212382
462180 464413
246127 247330
439131 439331
464244 464699
216245 216622
199999 202249
485586 485799
390669 390918
217843 218281
444115 444315
357262 357468
253302 256565
349421 350755
201590 203818
397773 398085
360955 361155
243759 244001
477002 477232
354688 354888
273858 274175
288946 289656
317293 320037
372746 373009
274487 274687
412124 414415
346444 347682
200005 202239
251888 254189
223720 223936
210605 210851
493559 493870
333756 334081
388073 388778
357744 360097
209185 209498
416417 419670
423536 424758
289934 291149
265654 265874
400471 400915
252448 252709
359107 360051
315904 316139
326673 326882
352479 352679
393311 394530
204447 204647
323394 323735
414246 414446
469210 469521
271713 274008
433976 434288
294365 294736
282077 282772
258069 258316
422444 422644
355478 355729
274999 277224
448639 448839
475635 476103
229578 229921
261004 263357
363642 365892
413527 413845
421755 421965
426195 426635
361172 361372
200385 200585
492679 493387
400221 400421
499610 500117
286175 286491
305943 307146
461297 461616
219455 220174
416715 419006
492505 492734
325514 325741
252815 253508
414535 414754
494562 494780
327986 328434
269294 271016
214243 214942
354982 355201
293112 293312
458887 459087
340057 340751
324355 324574
381277 383535
326159 328397
413359 415597
451354 451660
378397 378597
297612 299843
256674 256874
433414 433680
447704 447904
432796 433229
212779 213042
232650 232850
261293 263590
280614 282069
403368 404570
481920 482486
430781 430981
429369 431604
363847 364156
429107 429320
424827 425139
274111 274330
348976 349255
381863 384097
479981 480685
327088 327338
216979 217695
270120 270625
324919 325620
370467 372704
339136 341374
381656 383882
419706 419906
458426 458870
446056 448320
245023 245284
427136 429372
236067 236758
315209 315932
283642 284107
208950 209177
498312 499551
307512 307946
208347 208547
432321 434562
386838 387038
445421 446694
380582 380782
460157 460357
266769 267460
388638 390104
347482 349785
401825 402136
275580 275780
432458 433155
320473 320673
221932 222375
320729 320929
226129 228353
266968 271243
247858 248114
418409 419116
253279 253590
245441 245888
395884 396098
269268 269637
276520 276781
369490 371782
236906 237106
468419 470783
256412 256612
284025 284262
369206 369649
209036 211774
461651 461851
360431 360706
464823 467058
455001 457745
384427 384774
443352 445072
312298 312517
416694 418031
470681 471379
388092 389426
361504 361704
453340 456086
224038 224354
328602 329840
472290 472605
466952 467261
462663 462933
271147 271651
474700 474951
391823 394066
341648 342340
360063 360279
279249 279817
309486 309796
300076 300292
256909 257122
251029 252255
291088 291560
290805 291005
331361 331809
272686 273017
294533 295363
453174 455467
217264 217482
465498 466827
290488 292852
292840 293116
278336 280568
208598 208816
241395 241711
403003 404719
478916 479356
295867 297078
337311 337652
457136 458342
360725 360925
314201 314519
352854 354069
328679 329395
389879 392130
387663 388108
385940 386643
343266 343519
283812 285021
486363 486563
407546 409775
306469 306713
486954 487156
433811 434011
226603 226859
480996 481434
319884 320084
457336 457536
342256 342565
496509 497209
341475 342933
407994 408237
288628 289070
244757 245573
228293 229506
334087 334587
280028 281242
207294 207512
458875 460108
375707 376656
403256 403532
368148 368363
481924 482127
275802 276002
336124 340401
366777 367090
486691 486904
330170 330487
464998 465448
440123 440504
280869 281685
294021 294465
218935 219135
268573 268889
398157 398386
277581 280319
491682 491882
267395 267847
330828 331085
271070 272534
350442 350656
376896 377096
233346 233595
483759 483983
284501 285771
364530 366764
391003 393495
385816 386016
443295 444503
439819 440068
247446 249168
264033 264262
395947 397414
242577 242823
282072 282386
200922 203186
312906 313608
371328 372031
376306 376633
270254 270952
415058 417294
442838 443084
341150 343636
206589 208851
271582 273807
402680 403114
386213 388449
264179 264873
490806 491085
452990 453691
232081 232322
