1000 50
56634 57224
71129 71944
78229 78317
103015 103086
109310 109424
62748 62956
70101 70160
58540 58606
72591 73152
91730 91783
92782 92866
86744 87320
77766 78073
121938 122370
52602 52652
118448 118625
85118 85182
68525 69087
66414 66542
109470 109777
73345 73401
62677 62761
110273 110400
112337 112389
91044 91604
68337 68393
81681 81888
73024 73583
54632 54810
66191 66754
66297 66599
92608 92668
74906 75083
78866 79009
111484 111612
90485 91047
97230 97535
72022 72078
82352 82927
91163 91468
123176 123991
66348 66399
75509 76072
103707 104012
111713 112030
109675 109982
94892 95454
76501 76554
64586 64770
79156 79213
94303 94374
116833 117010
65614 66181
75630 75814
104319 104942
62477 62540
68996 69080
120760 120812
82492 82549
64077 64383
106828 107516
79934 79984
78790 78854
95054 95104
71069 71405
97002 97054
61647 61713
94487 94919
111384 111590
103128 103242
69487 70047
73505 73809
91417 91625
115600 116160
117416 117476
99435 99489
63788 64093
92616 92760
111633 111817
74554 74618
56727 57095
110669 110720
116203 116258
95591 95895
67787 68095
115624 116197
100235 100827
116414 116528
50991 51295
69408 69720
65787 65899
59911 60089
64236 64603
104177 104243
83648 83827
67773 67857
95616 95923
89685 89797
113701 114269
80548 80599
118996 119558
81697 81759
89564 90124
108781 108896
62792 62849
115636 115819
75603 75674
58045 58349
92030 92596
119493 120117
51017 51104
91780 92019
59419 59725
54892 55069
114836 115139
73815 73866
96682 97498
56468 56526
98297 98350
73507 73843
68938 69272
117062 117367
50185 50504
61555 61866
65323 65442
78479 78558
88825 88937
93576 93641
99414 100102
61522 61609
109819 109929
65325 65379
94436 94524
108673 108785
96436 97252
112084 112203
101990 102072
71132 71212
79851 80923
59065 59625
52782 53088
121596 121647
70983 71223
88698 88780
84170 84222
57390 58206
92868 93444
70373 70459
84590 84686
107763 108577
54628 54741
58486 59109
56395 56707
104441 104491
54340 54419
117824 118392
107072 107185
122578 123139
56962 58033
97690 97802
96680 97302
53306 53483
58235 58303
78799 79039
92209 92305
107740 107916
71326 71661
86983 87111
56247 56301
58510 58814
113382 113588
91321 91373
55099 55178
55272 55833
76960 77080
89849 89977
80211 80419
86804 86920
65794 66099
106714 107400
108175 108228
60165 60343
55834 55929
52321 52402
63900 64208
67176 67368
90259 90437
119216 119583
111294 111408
95213 95388
85043 85098
113730 114306
68540 68659
55420 55508
108633 108690
64167 64219
71255 71311
117139 117191
109067 109372
92450 92545
107466 107546
77364 77670
120391 120507
102163 102338
123508 123565
87039 87601
86561 86617
123087 123390
72418 72533
118890 119033
88942 89055
50686 50813
102823 102877
108097 108210
117231 117411
57028 57595
79380 79588
118664 118752
120176 120496
112890 112954
93316 93376
74043 74159
80855 81479
103338 103389
71700 72516
118172 118235
55560 55863
109650 110242
122400 122975
53091 53143
73963 74538
55565 55645
88338 88545
117888 118067
96440 96622
57299 57607
67499 67583
101574 101752
79401 79480
121116 121174
74973 75341
97567 97806
63049 63169
53894 54069
76938 77146
58686 59117
53752 53929
80994 81562
66848 67535
67644 67818
96224 96282
66595 66906
100185 100241
100430 100614
113150 113710
105066 105133
53513 53567
75060 75682
90607 90942
93140 93196
96592 96642
100489 101081
104763 104817
111877 111927
117647 117697
74381 74439
59780 59899
78965 79048
60628 60994
60067 60374
53664 53846
107626 107683
107697 107785
72688 72802
52854 52905
84303 84542
105240 105296
110793 111368
69286 69461
97077 97638
55972 56032
119005 119629
85252 85816
60531 60582
61209 61517
88766 88941
73098 73281
78958 79265
111769 112329
98520 98579
95351 95435
111079 111129
112582 112665
104640 104692
56305 56449
122485 122677
102954 103020
117587 118403
82985 83673
79237 79540
93289 93529
110652 111210
70141 70349
52169 52856
60206 60278
72981 73157
111577 111657
107705 108009
76644 76835
58867 58917
122335 122400
76401 76465
61303 61422
121301 121354
74193 74624
121017 121096
86951 87016
73554 73697
55028 55111
88583 89174
109625 109863
115546 116106
115619 115671
78028 78266
54813 54879
85958 86518
52468 52530
56967 57017
88102 88789
105776 105890
123754 124121
91360 91934
85760 85944
105281 105520
98045 98110
86030 86342
70690 70744
110992 111044
64297 64377
123638 123945
77658 77723
65087 65648
54014 54096
76707 76835
83919 83973
103388 103595
119250 119364
68130 68308
113159 113271
66063 66621
98203 98283
68874 68929
109969 110022
74931 75555
51840 51894
94197 94340
98474 99546
76035 76097
91701 91885
74367 74671
103372 103580
78329 78387
75174 75238
93850 94026
114897 115077
65165 65217
116765 116829
94542 94599
108455 108630
98849 99217
92964 93060
78607 79039
114219 114363
86359 86663
64967 65334
68470 68521
116497 116801
92135 92439
52942 52995
65521 65592
62040 62184
83713 83921
90909 90974
114129 114248
63203 63269
105763 106194
50354 50449
70241 70546
67967 68017
114821 115395
66767 66910
90313 90429
54955 55038
123565 123645
81970 82066
76184 76368
65437 65620
52372 52441
96880 97696
56795 57482
118247 118359
80945 82015
75748 75988
113917 113997
66192 66312
80610 80722
56858 56923
109480 109782
57870 57923
95182 95518
56894 57966
72507 72811
51805 52045
83012 83195
122776 123591
81302 81486
56720 57032
95703 96294
69637 70199
108315 108499
51611 51922
73439 74000
121147 121711
114876 115244
82318 82637
72521 72588
81643 81946
89164 89276
97263 97378
120966 121146
90191 91007
121539 121603
107987 108307
99619 99955
58598 59030
105161 105352
102667 102755
71873 71988
118727 119288
69564 69629
70459 71274
97958 98270
101517 101629
80877 80928
74880 75442
124167 124251
109923 110035
110546 110625
83077 83285
87881 88249
77504 77560
89684 90252
103900 103952
110027 110087
51960 52264
98617 98674
66481 66592
120054 120170
87480 87785
106669 106719
96162 96722
104785 104992
70810 70870
76335 76525
50653 50710
51637 52205
112633 113320
88105 88920
70551 70602
113877 113996
98470 98535
60379 60584
102119 102439
71511 72074
97778 97841
63689 63881
65413 66034
82164 82229
62331 62447
56600 56670
89050 89626
83941 84068
84831 84951
89628 89724
123525 123831
98691 98997
89133 89451
58815 58992
117501 117645
122132 122191
72904 73019
93373 93554
71826 72393
124259 124835
66396 67083
51270 51386
78952 79130
79262 79329
82518 82710
80998 81070
71766 72454
76090 76147
67609 67666
90232 90824
74017 74082
101968 102147
121497 121802
77565 77622
93631 93713
87665 87809
122704 122764
77832 78138
96901 96972
65973 66037
100033 100209
106641 106976
69261 69569
109866 109919
113539 113598
82902 83494
84221 84285
53736 53787
67741 67948
116778 116985
78423 78631
77967 78147
57163 57222
85478 85598
49985 50050
54622 54678
112275 112577
64854 64918
75844 76081
122504 122619
64576 64690
67910 68981
59843 59961
103446 104021
81080 81134
69700 69820
84721 84801
121207 121287
88521 88699
55909 56086
95133 95258
79655 79715
79838 79903
114602 115033
57786 57970
59950 60540
98834 99410
115124 115364
62282 62649
63786 63913
96311 96367
82938 83257
91631 91689
77093 77179
122505 122680
99851 100538
99031 99149
99835 99885
108999 109056
111918 112254
89286 89357
97127 97432
96011 96061
103561 103675
51574 51780
83442 83762
112480 112543
114591 114799
82213 82276
84936 85031
64530 64720
86008 86319
52974 53284
118401 118457
110724 111300
91252 91429
83831 84151
96805 96876
69894 70005
59615 60207
60851 60965
74934 75022
92030 92269
114432 114624
68278 68840
99255 99351
85223 85403
51542 51629
119944 120059
90994 91618
76863 77439
103857 104673
86852 87156
63970 64290
53598 53648
52114 52292
50150 50469
104486 105049
119764 119832
106180 106308
71449 72009
111914 112008
107293 107377
119788 120096
113532 114107
70605 70670
86660 87222
120207 120320
107811 108050
101812 101877
100083 100171
60491 61114
59144 59203
76273 76849
49983 50670
77766 77838
116481 117042
90845 90940
62188 62304
107871 108432
115423 115567
114523 114589
119094 119237
105703 105893
65237 65294
62017 62070
60940 60993
63614 63693
86066 86689
59270 59351
116349 116463
102092 102144
79755 80315
78168 78236
50796 50868
64232 64358
94078 94142
105448 105527
116172 116733
88285 88475
83922 84490
113658 113726
106097 106661
50301 50361
105520 105631
60744 60831
67678 68270
51451 51515
59711 60287
77200 77823
112130 112336
106331 106381
115869 116047
75678 75733
102031 102211
95664 95971
94370 94428
99581 99633
108583 108655
73015 73096
117958 118011
63500 63587
102387 102626
113253 113621
113403 113516
54127 54181
85683 86001
88784 89151
122242 122338
94615 94695
101700 101758
121309 121877
66891 67199
59135 59471
91998 92066
105487 105727
115398 115448
93207 94277
64414 64719
97547 97659
57088 57171
50372 50939
121401 121457
77904 77961
61955 62008
89805 89865
100396 100475
104269 104365
116286 116592
95944 96016
103704 103881
55194 55247
115779 116338
62190 62243
97629 98220
87773 87845
58697 59259
105690 105996
70339 70459
121921 122608
80905 81721
113569 114000
60592 60655
105969 106023
84781 85357
105530 106098
73652 73723
98763 98818
106456 106792
86279 86645
63847 64467
123355 123419
68728 69040
70713 70856
74690 74743
84172 84475
103430 103670
92037 92349
56099 56659
109223 109402
55526 55831
107525 108116
64266 64841
99045 99476
50253 50307
72115 72169
121866 121931
104050 104613
54366 54542
59096 59687
94151 94714
81906 82083
116063 116118
56994 57298
101766 101838
87950 88127
100934 100999
95002 96073
79515 79818
99103 99534
117446 117878
87607 87691
105309 105393
86104 86666
85828 86389
113368 113680
106555 106606
120651 120739
53372 53550
61812 61924
83234 83824
120648 121463
123845 124213
106755 106931
96142 96453
99751 100327
62602 62746
88328 88895
123145 123326
58231 58471
115251 115363
63344 63439
67039 67135
77418 77471
78541 78717
54039 54598
99581 100268
109053 109621
74857 74925
65993 66171
95560 96121
71944 72060
102628 102996
61529 61897
90472 90530
88905 89721
104017 104070
69113 69421
122771 123587
62332 62389
61689 61929
123593 123770
55338 55906
83491 83668
102295 102359
66290 66345
70875 71066
90146 90210
80778 81083
91065 91137
117476 117544
62879 63006
120337 120544
118475 118666
80018 80198
119742 119934
58252 58429
105599 106158
67207 67326
82666 82782
105904 106720
85305 85610
61215 61520
74099 74289
61121 61241
100681 100801
51245 51821
100746 101178
111125 111445
114715 114779
117539 117969
108409 108504
102578 103140
122944 123001
53087 53198
104583 104791
54055 54486
103198 103262
73121 73179
89894 89989
100633 100941
108514 109074
77175 77263
66994 67299
87166 87471
86676 86820
79587 79827
106923 107355
51366 51928
82050 82357
123846 124150
85145 85703
51195 51290
75764 76324
93078 93383
103757 103813
87626 88218
78069 78632
108662 108967
98373 98438
101167 101487
64841 65018
102718 102776
101083 101203
69286 69878
120580 120644
95796 95910
103008 103315
99461 99668
82429 82501
110248 110301
118850 119028
78391 78442
71590 71670
104811 105019
86430 86610
76538 76625
99746 99889
102457 102769
88439 89000
86778 86891
120831 120897
121446 121518
114342 114421
98669 99037
120486 120582
57962 58137
66944 68015
110521 110831
66621 66702
97846 97956
74160 74238
57949 58015
106294 106531
50017 50137
71777 71842
83389 83964
94688 95311
123676 124043
89470 89551
96278 96585
83537 84113
101228 101310
115816 116502
50970 51023
85461 85513
77273 77329
100819 100995
69758 70063
121971 122275
69959 70138
81589 82150
80427 80763
75971 76274
112331 112893
73476 73541
101571 101810
89726 90038
94983 95098
110452 110572
80973 81284
87721 87928
101661 102093
80557 80741
106727 106792
55901 56716
100476 100795
82782 82847
86194 86770
111350 111526
104510 104562
93514 93834
94739 94855
87308 87420
79345 79903
97320 97434
107375 107435
52727 52869
59843 60275
51980 52048
68533 68712
74805 75367
117325 117385
116351 116408
82833 83141
61282 61618
85603 85663
109537 109587
82063 82158
53985 54305
53285 53357
117511 118077
119612 119706
112726 113156
94657 94977
100326 100380
58019 58139
115420 115726
61045 61171
63252 63379
118758 118841
110065 110159
93163 93403
122681 122860
111745 111860
73396 73483
90446 90625
101091 101427
52547 52611
57701 57767
55752 56315
73375 74190
50544 50632
60330 60401
81975 82343
63460 63652
55919 55973
59543 59608
80230 80374
93857 93977
59471 60037
92727 93034
62781 63101
82813 83405
109150 109266
80694 81013
68786 68901
119385 119690
53651 53763
69181 69253
112673 112740
54228 54539
113059 113627
58476 58589
65459 65827
119177 119753
72286 72462
85820 86139
56520 57081
74782 74870
110224 110816
80058 80141
101431 101499
90767 90817
114771 115078
92049 92289
122796 122972
72829 72879
94016 94575
63418 63728
87875 88052
54270 54352
110402 110462
84403 84643
70165 70277
71457 71889
