9999 2
0 24998
3 5
0 24998
8 10
0 24998
13 15
0 24998
18 20
0 24998
23 25
0 24998
28 30
0 24998
33 35
0 24998
38 40
0 24998
43 45
0 24998
48 50
0 24998
53 55
0 24998
58 60
0 24998
63 65
0 24998
68 70
0 24998
73 75
0 24998
78 80
0 24998
83 85
0 24998
88 90
0 24998
93 95
0 24998
98 100
0 24998
103 105
0 24998
108 110
0 24998
113 115
0 24998
118 120
0 24998
123 125
0 24998
128 130
0 24998
133 135
0 24998
138 140
0 24998
143 145
0 24998
148 150
0 24998
153 155
0 24998
158 160
0 24998
163 165
0 24998
168 170
0 24998
173 175
0 24998
178 180
0 24998
183 185
0 24998
188 190
0 24998
193 195
0 24998
198 200
0 24998
203 205
0 24998
208 210
0 24998
213 215
0 24998
218 220
0 24998
223 225
0 24998
228 230
0 24998
233 235
0 24998
238 240
0 24998
243 245
0 24998
248 250
0 24998
253 255
0 24998
258 260
0 24998
263 265
0 24998
268 270
0 24998
273 275
0 24998
278 280
0 24998
283 285
0 24998
288 290
0 24998
293 295
0 24998
298 300
0 24998
303 305
0 24998
308 310
0 24998
313 315
0 24998
318 320
0 24998
323 325
0 24998
328 330
0 24998
333 335
0 24998
338 340
0 24998
343 345
0 24998
348 350
0 24998
353 355
0 24998
358 360
0 24998
363 365
0 24998
368 370
0 24998
373 375
0 24998
378 380
0 24998
383 385
0 24998
388 390
0 24998
393 395
0 24998
398 400
0 24998
403 405
0 24998
408 410
0 24998
413 415
0 24998
418 420
0 24998
423 425
0 24998
428 430
0 24998
433 435
0 24998
438 440
0 24998
443 445
0 24998
448 450
0 24998
453 455
0 24998
458 460
0 24998
463 465
0 24998
468 470
0 24998
473 475
0 24998
478 480
0 24998
483 485
0 24998
488 490
0 24998
493 495
0 24998
498 500
0 24998
503 505
0 24998
508 510
0 24998
513 515
0 24998
518 520
0 24998
523 525
0 24998
528 530
0 24998
533 535
0 24998
538 540
0 24998
543 545
0 24998
548 550
0 24998
553 555
0 24998
558 560
0 24998
563 565
0 24998
568 570
0 24998
573 575
0 24998
578 580
0 24998
583 585
0 24998
588 590
0 24998
593 595
0 24998
598 600
0 24998
603 605
0 24998
608 610
0 24998
613 615
0 24998
618 620
0 24998
623 625
0 24998
628 630
0 24998
633 635
0 24998
638 640
0 24998
643 645
0 24998
648 650
0 24998
653 655
0 24998
658 660
0 24998
663 665
0 24998
668 670
0 24998
673 675
0 24998
678 680
0 24998
683 685
0 24998
688 690
0 24998
693 695
0 24998
698 700
0 24998
703 705
0 24998
708 710
0 24998
713 715
0 24998
718 720
0 24998
723 725
0 24998
728 730
0 24998
733 735
0 24998
738 740
0 24998
743 745
0 24998
748 750
0 24998
753 755
0 24998
758 760
0 24998
763 765
0 24998
768 770
0 24998
773 775
0 24998
778 780
0 24998
783 785
0 24998
788 790
0 24998
793 795
0 24998
798 800
0 24998
803 805
0 24998
808 810
0 24998
813 815
0 24998
818 820
0 24998
823 825
0 24998
828 830
0 24998
833 835
0 24998
838 840
0 24998
843 845
0 24998
848 850
0 24998
853 855
0 24998
858 860
0 24998
863 865
0 24998
868 870
0 24998
873 875
0 24998
878 880
0 24998
883 885
0 24998
888 890
0 24998
893 895
0 24998
898 900
0 24998
903 905
0 24998
908 910
0 24998
913 915
0 24998
918 920
0 24998
923 925
0 24998
928 930
0 24998
933 935
0 24998
938 940
0 24998
943 945
0 24998
948 950
0 24998
953 955
0 24998
958 960
0 24998
963 965
0 24998
968 970
0 24998
973 975
0 24998
978 980
0 24998
983 985
0 24998
988 990
0 24998
993 995
0 24998
998 1000
0 24998
1003 1005
0 24998
1008 1010
0 24998
1013 1015
0 24998
1018 1020
0 24998
1023 1025
0 24998
1028 1030
0 24998
1033 1035
0 24998
1038 1040
0 24998
1043 1045
0 24998
1048 1050
0 24998
1053 1055
0 24998
1058 1060
0 24998
1063 1065
0 24998
1068 1070
0 24998
1073 1075
0 24998
1078 1080
0 24998
1083 1085
0 24998
1088 1090
0 24998
1093 1095
0 24998
1098 1100
0 24998
1103 1105
0 24998
1108 1110
0 24998
1113 1115
0 24998
1118 1120
0 24998
1123 1125
0 24998
1128 1130
0 24998
1133 1135
0 24998
1138 1140
0 24998
1143 1145
0 24998
1148 1150
0 24998
1153 1155
0 24998
1158 1160
0 24998
1163 1165
0 24998
1168 1170
0 24998
1173 1175
0 24998
1178 1180
0 24998
1183 1185
0 24998
1188 1190
0 24998
1193 1195
0 24998
1198 1200
0 24998
1203 1205
0 24998
1208 1210
0 24998
1213 1215
0 24998
1218 1220
0 24998
1223 1225
0 24998
1228 1230
0 24998
1233 1235
0 24998
1238 1240
0 24998
1243 1245
0 24998
1248 1250
0 24998
1253 1255
0 24998
1258 1260
0 24998
1263 1265
0 24998
1268 1270
0 24998
1273 1275
0 24998
1278 1280
0 24998
1283 1285
0 24998
1288 1290
0 24998
1293 1295
0 24998
1298 1300
0 24998
1303 1305
0 24998
1308 1310
0 24998
1313 1315
0 24998
1318 1320
0 24998
1323 1325
0 24998
1328 1330
0 24998
1333 1335
0 24998
1338 1340
0 24998
1343 1345
0 24998
1348 1350
0 24998
1353 1355
0 24998
1358 1360
0 24998
1363 1365
0 24998
1368 1370
0 24998
1373 1375
0 24998
1378 1380
0 24998
1383 1385
0 24998
1388 1390
0 24998
1393 1395
0 24998
1398 1400
0 24998
1403 1405
0 24998
1408 1410
0 24998
1413 1415
0 24998
1418 1420
0 24998
1423 1425
0 24998
1428 1430
0 24998
1433 1435
0 24998
1438 1440
0 24998
1443 1445
0 24998
1448 1450
0 24998
1453 1455
0 24998
1458 1460
0 24998
1463 1465
0 24998
1468 1470
0 24998
1473 1475
0 24998
1478 1480
0 24998
1483 1485
0 24998
1488 1490
0 24998
1493 1495
0 24998
1498 1500
0 24998
1503 1505
0 24998
1508 1510
0 24998
1513 1515
0 24998
1518 1520
0 24998
1523 1525
0 24998
1528 1530
0 24998
1533 1535
0 24998
1538 1540
0 24998
1543 1545
0 24998
1548 1550
0 24998
1553 1555
0 24998
1558 1560
0 24998
1563 1565
0 24998
1568 1570
0 24998
1573 1575
0 24998
1578 1580
0 24998
1583 1585
0 24998
1588 1590
0 24998
1593 1595
0 24998
1598 1600
0 24998
1603 1605
0 24998
1608 1610
0 24998
1613 1615
0 24998
1618 1620
0 24998
1623 1625
0 24998
1628 1630
0 24998
1633 1635
0 24998
1638 1640
0 24998
1643 1645
0 24998
1648 1650
0 24998
1653 1655
0 24998
1658 1660
0 24998
1663 1665
0 24998
1668 1670
0 24998
1673 1675
0 24998
1678 1680
0 24998
1683 1685
0 24998
1688 1690
0 24998
1693 1695
0 24998
1698 1700
0 24998
1703 1705
0 24998
1708 1710
0 24998
1713 1715
0 24998
1718 1720
0 24998
1723 1725
0 24998
1728 1730
0 24998
1733 1735
0 24998
1738 1740
0 24998
1743 1745
0 24998
1748 1750
0 24998
1753 1755
0 24998
1758 1760
0 24998
1763 1765
0 24998
1768 1770
0 24998
1773 1775
0 24998
1778 1780
0 24998
1783 1785
0 24998
1788 1790
0 24998
1793 1795
0 24998
1798 1800
0 24998
1803 1805
0 24998
1808 1810
0 24998
1813 1815
0 24998
1818 1820
0 24998
1823 1825
0 24998
1828 1830
0 24998
1833 1835
0 24998
1838 1840
0 24998
1843 1845
0 24998
1848 1850
0 24998
1853 1855
0 24998
1858 1860
0 24998
1863 1865
0 24998
1868 1870
0 24998
1873 1875
0 24998
1878 1880
0 24998
1883 1885
0 24998
1888 1890
0 24998
1893 1895
0 24998
1898 1900
0 24998
1903 1905
0 24998
1908 1910
0 24998
1913 1915
0 24998
1918 1920
0 24998
1923 1925
0 24998
1928 1930
0 24998
1933 1935
0 24998
1938 1940
0 24998
1943 1945
0 24998
1948 1950
0 24998
1953 1955
0 24998
1958 1960
0 24998
1963 1965
0 24998
1968 1970
0 24998
1973 1975
0 24998
1978 1980
0 24998
1983 1985
0 24998
1988 1990
0 24998
1993 1995
0 24998
1998 2000
0 24998
2003 2005
0 24998
2008 2010
0 24998
2013 2015
0 24998
2018 2020
0 24998
2023 2025
0 24998
2028 2030
0 24998
2033 2035
0 24998
2038 2040
0 24998
2043 2045
0 24998
2048 2050
0 24998
2053 2055
0 24998
2058 2060
0 24998
2063 2065
0 24998
2068 2070
0 24998
2073 2075
0 24998
2078 2080
0 24998
2083 2085
0 24998
2088 2090
0 24998
2093 2095
0 24998
2098 2100
0 24998
2103 2105
0 24998
2108 2110
0 24998
2113 2115
0 24998
2118 2120
0 24998
2123 2125
0 24998
2128 2130
0 24998
2133 2135
0 24998
2138 2140
0 24998
2143 2145
0 24998
2148 2150
0 24998
2153 2155
0 24998
2158 2160
0 24998
2163 2165
0 24998
2168 2170
0 24998
2173 2175
0 24998
2178 2180
0 24998
2183 2185
0 24998
2188 2190
0 24998
2193 2195
0 24998
2198 2200
0 24998
2203 2205
0 24998
2208 2210
0 24998
2213 2215
0 24998
2218 2220
0 24998
2223 2225
0 24998
2228 2230
0 24998
2233 2235
0 24998
2238 2240
0 24998
2243 2245
0 24998
2248 2250
0 24998
2253 2255
0 24998
2258 2260
0 24998
2263 2265
0 24998
2268 2270
0 24998
2273 2275
0 24998
2278 2280
0 24998
2283 2285
0 24998
2288 2290
0 24998
2293 2295
0 24998
2298 2300
0 24998
2303 2305
0 24998
2308 2310
0 24998
2313 2315
0 24998
2318 2320
0 24998
2323 2325
0 24998
2328 2330
0 24998
2333 2335
0 24998
2338 2340
0 24998
2343 2345
0 24998
2348 2350
0 24998
2353 2355
0 24998
2358 2360
0 24998
2363 2365
0 24998
2368 2370
0 24998
2373 2375
0 24998
2378 2380
0 24998
2383 2385
0 24998
2388 2390
0 24998
2393 2395
0 24998
2398 2400
0 24998
2403 2405
0 24998
2408 2410
0 24998
2413 2415
0 24998
2418 2420
0 24998
2423 2425
0 24998
2428 2430
0 24998
2433 2435
0 24998
2438 2440
0 24998
2443 2445
0 24998
2448 2450
0 24998
2453 2455
0 24998
2458 2460
0 24998
2463 2465
0 24998
2468 2470
0 24998
2473 2475
0 24998
2478 2480
0 24998
2483 2485
0 24998
2488 2490
0 24998
2493 2495
0 24998
2498 2500
0 24998
2503 2505
0 24998
2508 2510
0 24998
2513 2515
0 24998
2518 2520
0 24998
2523 2525
0 24998
2528 2530
0 24998
2533 2535
0 24998
2538 2540
0 24998
2543 2545
0 24998
2548 2550
0 24998
2553 2555
0 24998
2558 2560
0 24998
2563 2565
0 24998
2568 2570
0 24998
2573 2575
0 24998
2578 2580
0 24998
2583 2585
0 24998
2588 2590
0 24998
2593 2595
0 24998
2598 2600
0 24998
2603 2605
0 24998
2608 2610
0 24998
2613 2615
0 24998
2618 2620
0 24998
2623 2625
0 24998
2628 2630
0 24998
2633 2635
0 24998
2638 2640
0 24998
2643 2645
0 24998
2648 2650
0 24998
2653 2655
0 24998
2658 2660
0 24998
2663 2665
0 24998
2668 2670
0 24998
2673 2675
0 24998
2678 2680
0 24998
2683 2685
0 24998
2688 2690
0 24998
2693 2695
0 24998
2698 2700
0 24998
2703 2705
0 24998
2708 2710
0 24998
2713 2715
0 24998
2718 2720
0 24998
2723 2725
0 24998
2728 2730
0 24998
2733 2735
0 24998
2738 2740
0 24998
2743 2745
0 24998
2748 2750
0 24998
2753 2755
0 24998
2758 2760
0 24998
2763 2765
0 24998
2768 2770
0 24998
2773 2775
0 24998
2778 2780
0 24998
2783 2785
0 24998
2788 2790
0 24998
2793 2795
0 24998
2798 2800
0 24998
2803 2805
0 24998
2808 2810
0 24998
2813 2815
0 24998
2818 2820
0 24998
2823 2825
0 24998
2828 2830
0 24998
2833 2835
0 24998
2838 2840
0 24998
2843 2845
0 24998
2848 2850
0 24998
2853 2855
0 24998
2858 2860
0 24998
2863 2865
0 24998
2868 2870
0 24998
2873 2875
0 24998
2878 2880
0 24998
2883 2885
0 24998
2888 2890
0 24998
2893 2895
0 24998
2898 2900
0 24998
2903 2905
0 24998
2908 2910
0 24998
2913 2915
0 24998
2918 2920
0 24998
2923 2925
0 24998
2928 2930
0 24998
2933 2935
0 24998
2938 2940
0 24998
2943 2945
0 24998
2948 2950
0 24998
2953 2955
0 24998
2958 2960
0 24998
2963 2965
0 24998
2968 2970
0 24998
2973 2975
0 24998
2978 2980
0 24998
2983 2985
0 24998
2988 2990
0 24998
2993 2995
0 24998
2998 3000
0 24998
3003 3005
0 24998
3008 3010
0 24998
3013 3015
0 24998
3018 3020
0 24998
3023 3025
0 24998
3028 3030
0 24998
3033 3035
0 24998
3038 3040
0 24998
3043 3045
0 24998
3048 3050
0 24998
3053 3055
0 24998
3058 3060
0 24998
3063 3065
0 24998
3068 3070
0 24998
3073 3075
0 24998
3078 3080
0 24998
3083 3085
0 24998
3088 3090
0 24998
3093 3095
0 24998
3098 3100
0 24998
3103 3105
0 24998
3108 3110
0 24998
3113 3115
0 24998
3118 3120
0 24998
3123 3125
0 24998
3128 3130
0 24998
3133 3135
0 24998
3138 3140
0 24998
3143 3145
0 24998
3148 3150
0 24998
3153 3155
0 24998
3158 3160
0 24998
3163 3165
0 24998
3168 3170
0 24998
3173 3175
0 24998
3178 3180
0 24998
3183 3185
0 24998
3188 3190
0 24998
3193 3195
0 24998
3198 3200
0 24998
3203 3205
0 24998
3208 3210
0 24998
3213 3215
0 24998
3218 3220
0 24998
3223 3225
0 24998
3228 3230
0 24998
3233 3235
0 24998
3238 3240
0 24998
3243 3245
0 24998
3248 3250
0 24998
3253 3255
0 24998
3258 3260
0 24998
3263 3265
0 24998
3268 3270
0 24998
3273 3275
0 24998
3278 3280
0 24998
3283 3285
0 24998
3288 3290
0 24998
3293 3295
0 24998
3298 3300
0 24998
3303 3305
0 24998
3308 3310
0 24998
3313 3315
0 24998
3318 3320
0 24998
3323 3325
0 24998
3328 3330
0 24998
3333 3335
0 24998
3338 3340
0 24998
3343 3345
0 24998
3348 3350
0 24998
3353 3355
0 24998
3358 3360
0 24998
3363 3365
0 24998
3368 3370
0 24998
3373 3375
0 24998
3378 3380
0 24998
3383 3385
0 24998
3388 3390
0 24998
3393 3395
0 24998
3398 3400
0 24998
3403 3405
0 24998
3408 3410
0 24998
3413 3415
0 24998
3418 3420
0 24998
3423 3425
0 24998
3428 3430
0 24998
3433 3435
0 24998
3438 3440
0 24998
3443 3445
0 24998
3448 3450
0 24998
3453 3455
0 24998
3458 3460
0 24998
3463 3465
0 24998
3468 3470
0 24998
3473 3475
0 24998
3478 3480
0 24998
3483 3485
0 24998
3488 3490
0 24998
3493 3495
0 24998
3498 3500
0 24998
3503 3505
0 24998
3508 3510
0 24998
3513 3515
0 24998
3518 3520
0 24998
3523 3525
0 24998
3528 3530
0 24998
3533 3535
0 24998
3538 3540
0 24998
3543 3545
0 24998
3548 3550
0 24998
3553 3555
0 24998
3558 3560
0 24998
3563 3565
0 24998
3568 3570
0 24998
3573 3575
0 24998
3578 3580
0 24998
3583 3585
0 24998
3588 3590
0 24998
3593 3595
0 24998
3598 3600
0 24998
3603 3605
0 24998
3608 3610
0 24998
3613 3615
0 24998
3618 3620
0 24998
3623 3625
0 24998
3628 3630
0 24998
3633 3635
0 24998
3638 3640
0 24998
3643 3645
0 24998
3648 3650
0 24998
3653 3655
0 24998
3658 3660
0 24998
3663 3665
0 24998
3668 3670
0 24998
3673 3675
0 24998
3678 3680
0 24998
3683 3685
0 24998
3688 3690
0 24998
3693 3695
0 24998
3698 3700
0 24998
3703 3705
0 24998
3708 3710
0 24998
3713 3715
0 24998
3718 3720
0 24998
3723 3725
0 24998
3728 3730
0 24998
3733 3735
0 24998
3738 3740
0 24998
3743 3745
0 24998
3748 3750
0 24998
3753 3755
0 24998
3758 3760
0 24998
3763 3765
0 24998
3768 3770
0 24998
3773 3775
0 24998
3778 3780
0 24998
3783 3785
0 24998
3788 3790
0 24998
3793 3795
0 24998
3798 3800
0 24998
3803 3805
0 24998
3808 3810
0 24998
3813 3815
0 24998
3818 3820
0 24998
3823 3825
0 24998
3828 3830
0 24998
3833 3835
0 24998
3838 3840
0 24998
3843 3845
0 24998
3848 3850
0 24998
3853 3855
0 24998
3858 3860
0 24998
3863 3865
0 24998
3868 3870
0 24998
3873 3875
0 24998
3878 3880
0 24998
3883 3885
0 24998
3888 3890
0 24998
3893 3895
0 24998
3898 3900
0 24998
3903 3905
0 24998
3908 3910
0 24998
3913 3915
0 24998
3918 3920
0 24998
3923 3925
0 24998
3928 3930
0 24998
3933 3935
0 24998
3938 3940
0 24998
3943 3945
0 24998
3948 3950
0 24998
3953 3955
0 24998
3958 3960
0 24998
3963 3965
0 24998
3968 3970
0 24998
3973 3975
0 24998
3978 3980
0 24998
3983 3985
0 24998
3988 3990
0 24998
3993 3995
0 24998
3998 4000
0 24998
4003 4005
0 24998
4008 4010
0 24998
4013 4015
0 24998
4018 4020
0 24998
4023 4025
0 24998
4028 4030
0 24998
4033 4035
0 24998
4038 4040
0 24998
4043 4045
0 24998
4048 4050
0 24998
4053 4055
0 24998
4058 4060
0 24998
4063 4065
0 24998
4068 4070
0 24998
4073 4075
0 24998
4078 4080
0 24998
4083 4085
0 24998
4088 4090
0 24998
4093 4095
0 24998
4098 4100
0 24998
4103 4105
0 24998
4108 4110
0 24998
4113 4115
0 24998
4118 4120
0 24998
4123 4125
0 24998
4128 4130
0 24998
4133 4135
0 24998
4138 4140
0 24998
4143 4145
0 24998
4148 4150
0 24998
4153 4155
0 24998
4158 4160
0 24998
4163 4165
0 24998
4168 4170
0 24998
4173 4175
0 24998
4178 4180
0 24998
4183 4185
0 24998
4188 4190
0 24998
4193 4195
0 24998
4198 4200
0 24998
4203 4205
0 24998
4208 4210
0 24998
4213 4215
0 24998
4218 4220
0 24998
4223 4225
0 24998
4228 4230
0 24998
4233 4235
0 24998
4238 4240
0 24998
4243 4245
0 24998
4248 4250
0 24998
4253 4255
0 24998
4258 4260
0 24998
4263 4265
0 24998
4268 4270
0 24998
4273 4275
0 24998
4278 4280
0 24998
4283 4285
0 24998
4288 4290
0 24998
4293 4295
0 24998
4298 4300
0 24998
4303 4305
0 24998
4308 4310
0 24998
4313 4315
0 24998
4318 4320
0 24998
4323 4325
0 24998
4328 4330
0 24998
4333 4335
0 24998
4338 4340
0 24998
4343 4345
0 24998
4348 4350
0 24998
4353 4355
0 24998
4358 4360
0 24998
4363 4365
0 24998
4368 4370
0 24998
4373 4375
0 24998
4378 4380
0 24998
4383 4385
0 24998
4388 4390
0 24998
4393 4395
0 24998
4398 4400
0 24998
4403 4405
0 24998
4408 4410
0 24998
4413 4415
0 24998
4418 4420
0 24998
4423 4425
0 24998
4428 4430
0 24998
4433 4435
0 24998
4438 4440
0 24998
4443 4445
0 24998
4448 4450
0 24998
4453 4455
0 24998
4458 4460
0 24998
4463 4465
0 24998
4468 4470
0 24998
4473 4475
0 24998
4478 4480
0 24998
4483 4485
0 24998
4488 4490
0 24998
4493 4495
0 24998
4498 4500
0 24998
4503 4505
0 24998
4508 4510
0 24998
4513 4515
0 24998
4518 4520
0 24998
4523 4525
0 24998
4528 4530
0 24998
4533 4535
0 24998
4538 4540
0 24998
4543 4545
0 24998
4548 4550
0 24998
4553 4555
0 24998
4558 4560
0 24998
4563 4565
0 24998
4568 4570
0 24998
4573 4575
0 24998
4578 4580
0 24998
4583 4585
0 24998
4588 4590
0 24998
4593 4595
0 24998
4598 4600
0 24998
4603 4605
0 24998
4608 4610
0 24998
4613 4615
0 24998
4618 4620
0 24998
4623 4625
0 24998
4628 4630
0 24998
4633 4635
0 24998
4638 4640
0 24998
4643 4645
0 24998
4648 4650
0 24998
4653 4655
0 24998
4658 4660
0 24998
4663 4665
0 24998
4668 4670
0 24998
4673 4675
0 24998
4678 4680
0 24998
4683 4685
0 24998
4688 4690
0 24998
4693 4695
0 24998
4698 4700
0 24998
4703 4705
0 24998
4708 4710
0 24998
4713 4715
0 24998
4718 4720
0 24998
4723 4725
0 24998
4728 4730
0 24998
4733 4735
0 24998
4738 4740
0 24998
4743 4745
0 24998
4748 4750
0 24998
4753 4755
0 24998
4758 4760
0 24998
4763 4765
0 24998
4768 4770
0 24998
4773 4775
0 24998
4778 4780
0 24998
4783 4785
0 24998
4788 4790
0 24998
4793 4795
0 24998
4798 4800
0 24998
4803 4805
0 24998
4808 4810
0 24998
4813 4815
0 24998
4818 4820
0 24998
4823 4825
0 24998
4828 4830
0 24998
4833 4835
0 24998
4838 4840
0 24998
4843 4845
0 24998
4848 4850
0 24998
4853 4855
0 24998
4858 4860
0 24998
4863 4865
0 24998
4868 4870
0 24998
4873 4875
0 24998
4878 4880
0 24998
4883 4885
0 24998
4888 4890
0 24998
4893 4895
0 24998
4898 4900
0 24998
4903 4905
0 24998
4908 4910
0 24998
4913 4915
0 24998
4918 4920
0 24998
4923 4925
0 24998
4928 4930
0 24998
4933 4935
0 24998
4938 4940
0 24998
4943 4945
0 24998
4948 4950
0 24998
4953 4955
0 24998
4958 4960
0 24998
4963 4965
0 24998
4968 4970
0 24998
4973 4975
0 24998
4978 4980
0 24998
4983 4985
0 24998
4988 4990
0 24998
4993 4995
0 24998
4998 5000
0 24998
5003 5005
0 24998
5008 5010
0 24998
5013 5015
0 24998
5018 5020
0 24998
5023 5025
0 24998
5028 5030
0 24998
5033 5035
0 24998
5038 5040
0 24998
5043 5045
0 24998
5048 5050
0 24998
5053 5055
0 24998
5058 5060
0 24998
5063 5065
0 24998
5068 5070
0 24998
5073 5075
0 24998
5078 5080
0 24998
5083 5085
0 24998
5088 5090
0 24998
5093 5095
0 24998
5098 5100
0 24998
5103 5105
0 24998
5108 5110
0 24998
5113 5115
0 24998
5118 5120
0 24998
5123 5125
0 24998
5128 5130
0 24998
5133 5135
0 24998
5138 5140
0 24998
5143 5145
0 24998
5148 5150
0 24998
5153 5155
0 24998
5158 5160
0 24998
5163 5165
0 24998
5168 5170
0 24998
5173 5175
0 24998
5178 5180
0 24998
5183 5185
0 24998
5188 5190
0 24998
5193 5195
0 24998
5198 5200
0 24998
5203 5205
0 24998
5208 5210
0 24998
5213 5215
0 24998
5218 5220
0 24998
5223 5225
0 24998
5228 5230
0 24998
5233 5235
0 24998
5238 5240
0 24998
5243 5245
0 24998
5248 5250
0 24998
5253 5255
0 24998
5258 5260
0 24998
5263 5265
0 24998
5268 5270
0 24998
5273 5275
0 24998
5278 5280
0 24998
5283 5285
0 24998
5288 5290
0 24998
5293 5295
0 24998
5298 5300
0 24998
5303 5305
0 24998
5308 5310
0 24998
5313 5315
0 24998
5318 5320
0 24998
5323 5325
0 24998
5328 5330
0 24998
5333 5335
0 24998
5338 5340
0 24998
5343 5345
0 24998
5348 5350
0 24998
5353 5355
0 24998
5358 5360
0 24998
5363 5365
0 24998
5368 5370
0 24998
5373 5375
0 24998
5378 5380
0 24998
5383 5385
0 24998
5388 5390
0 24998
5393 5395
0 24998
5398 5400
0 24998
5403 5405
0 24998
5408 5410
0 24998
5413 5415
0 24998
5418 5420
0 24998
5423 5425
0 24998
5428 5430
0 24998
5433 5435
0 24998
5438 5440
0 24998
5443 5445
0 24998
5448 5450
0 24998
5453 5455
0 24998
5458 5460
0 24998
5463 5465
0 24998
5468 5470
0 24998
5473 5475
0 24998
5478 5480
0 24998
5483 5485
0 24998
5488 5490
0 24998
5493 5495
0 24998
5498 5500
0 24998
5503 5505
0 24998
5508 5510
0 24998
5513 5515
0 24998
5518 5520
0 24998
5523 5525
0 24998
5528 5530
0 24998
5533 5535
0 24998
5538 5540
0 24998
5543 5545
0 24998
5548 5550
0 24998
5553 5555
0 24998
5558 5560
0 24998
5563 5565
0 24998
5568 5570
0 24998
5573 5575
0 24998
5578 5580
0 24998
5583 5585
0 24998
5588 5590
0 24998
5593 5595
0 24998
5598 5600
0 24998
5603 5605
0 24998
5608 5610
0 24998
5613 5615
0 24998
5618 5620
0 24998
5623 5625
0 24998
5628 5630
0 24998
5633 5635
0 24998
5638 5640
0 24998
5643 5645
0 24998
5648 5650
0 24998
5653 5655
0 24998
5658 5660
0 24998
5663 5665
0 24998
5668 5670
0 24998
5673 5675
0 24998
5678 5680
0 24998
5683 5685
0 24998
5688 5690
0 24998
5693 5695
0 24998
5698 5700
0 24998
5703 5705
0 24998
5708 5710
0 24998
5713 5715
0 24998
5718 5720
0 24998
5723 5725
0 24998
5728 5730
0 24998
5733 5735
0 24998
5738 5740
0 24998
5743 5745
0 24998
5748 5750
0 24998
5753 5755
0 24998
5758 5760
0 24998
5763 5765
0 24998
5768 5770
0 24998
5773 5775
0 24998
5778 5780
0 24998
5783 5785
0 24998
5788 5790
0 24998
5793 5795
0 24998
5798 5800
0 24998
5803 5805
0 24998
5808 5810
0 24998
5813 5815
0 24998
5818 5820
0 24998
5823 5825
0 24998
5828 5830
0 24998
5833 5835
0 24998
5838 5840
0 24998
5843 5845
0 24998
5848 5850
0 24998
5853 5855
0 24998
5858 5860
0 24998
5863 5865
0 24998
5868 5870
0 24998
5873 5875
0 24998
5878 5880
0 24998
5883 5885
0 24998
5888 5890
0 24998
5893 5895
0 24998
5898 5900
0 24998
5903 5905
0 24998
5908 5910
0 24998
5913 5915
0 24998
5918 5920
0 24998
5923 5925
0 24998
5928 5930
0 24998
5933 5935
0 24998
5938 5940
0 24998
5943 5945
0 24998
5948 5950
0 24998
5953 5955
0 24998
5958 5960
0 24998
5963 5965
0 24998
5968 5970
0 24998
5973 5975
0 24998
5978 5980
0 24998
5983 5985
0 24998
5988 5990
0 24998
5993 5995
0 24998
5998 6000
0 24998
6003 6005
0 24998
6008 6010
0 24998
6013 6015
0 24998
6018 6020
0 24998
6023 6025
0 24998
6028 6030
0 24998
6033 6035
0 24998
6038 6040
0 24998
6043 6045
0 24998
6048 6050
0 24998
6053 6055
0 24998
6058 6060
0 24998
6063 6065
0 24998
6068 6070
0 24998
6073 6075
0 24998
6078 6080
0 24998
6083 6085
0 24998
6088 6090
0 24998
6093 6095
0 24998
6098 6100
0 24998
6103 6105
0 24998
6108 6110
0 24998
6113 6115
0 24998
6118 6120
0 24998
6123 6125
0 24998
6128 6130
0 24998
6133 6135
0 24998
6138 6140
0 24998
6143 6145
0 24998
6148 6150
0 24998
6153 6155
0 24998
6158 6160
0 24998
6163 6165
0 24998
6168 6170
0 24998
6173 6175
0 24998
6178 6180
0 24998
6183 6185
0 24998
6188 6190
0 24998
6193 6195
0 24998
6198 6200
0 24998
6203 6205
0 24998
6208 6210
0 24998
6213 6215
0 24998
6218 6220
0 24998
6223 6225
0 24998
6228 6230
0 24998
6233 6235
0 24998
6238 6240
0 24998
6243 6245
0 24998
6248 6250
0 24998
6253 6255
0 24998
6258 6260
0 24998
6263 6265
0 24998
6268 6270
0 24998
6273 6275
0 24998
6278 6280
0 24998
6283 6285
0 24998
6288 6290
0 24998
6293 6295
0 24998
6298 6300
0 24998
6303 6305
0 24998
6308 6310
0 24998
6313 6315
0 24998
6318 6320
0 24998
6323 6325
0 24998
6328 6330
0 24998
6333 6335
0 24998
6338 6340
0 24998
6343 6345
0 24998
6348 6350
0 24998
6353 6355
0 24998
6358 6360
0 24998
6363 6365
0 24998
6368 6370
0 24998
6373 6375
0 24998
6378 6380
0 24998
6383 6385
0 24998
6388 6390
0 24998
6393 6395
0 24998
6398 6400
0 24998
6403 6405
0 24998
6408 6410
0 24998
6413 6415
0 24998
6418 6420
0 24998
6423 6425
0 24998
6428 6430
0 24998
6433 6435
0 24998
6438 6440
0 24998
6443 6445
0 24998
6448 6450
0 24998
6453 6455
0 24998
6458 6460
0 24998
6463 6465
0 24998
6468 6470
0 24998
6473 6475
0 24998
6478 6480
0 24998
6483 6485
0 24998
6488 6490
0 24998
6493 6495
0 24998
6498 6500
0 24998
6503 6505
0 24998
6508 6510
0 24998
6513 6515
0 24998
6518 6520
0 24998
6523 6525
0 24998
6528 6530
0 24998
6533 6535
0 24998
6538 6540
0 24998
6543 6545
0 24998
6548 6550
0 24998
6553 6555
0 24998
6558 6560
0 24998
6563 6565
0 24998
6568 6570
0 24998
6573 6575
0 24998
6578 6580
0 24998
6583 6585
0 24998
6588 6590
0 24998
6593 6595
0 24998
6598 6600
0 24998
6603 6605
0 24998
6608 6610
0 24998
6613 6615
0 24998
6618 6620
0 24998
6623 6625
0 24998
6628 6630
0 24998
6633 6635
0 24998
6638 6640
0 24998
6643 6645
0 24998
6648 6650
0 24998
6653 6655
0 24998
6658 6660
0 24998
6663 6665
0 24998
6668 6670
0 24998
6673 6675
0 24998
6678 6680
0 24998
6683 6685
0 24998
6688 6690
0 24998
6693 6695
0 24998
6698 6700
0 24998
6703 6705
0 24998
6708 6710
0 24998
6713 6715
0 24998
6718 6720
0 24998
6723 6725
0 24998
6728 6730
0 24998
6733 6735
0 24998
6738 6740
0 24998
6743 6745
0 24998
6748 6750
0 24998
6753 6755
0 24998
6758 6760
0 24998
6763 6765
0 24998
6768 6770
0 24998
6773 6775
0 24998
6778 6780
0 24998
6783 6785
0 24998
6788 6790
0 24998
6793 6795
0 24998
6798 6800
0 24998
6803 6805
0 24998
6808 6810
0 24998
6813 6815
0 24998
6818 6820
0 24998
6823 6825
0 24998
6828 6830
0 24998
6833 6835
0 24998
6838 6840
0 24998
6843 6845
0 24998
6848 6850
0 24998
6853 6855
0 24998
6858 6860
0 24998
6863 6865
0 24998
6868 6870
0 24998
6873 6875
0 24998
6878 6880
0 24998
6883 6885
0 24998
6888 6890
0 24998
6893 6895
0 24998
6898 6900
0 24998
6903 6905
0 24998
6908 6910
0 24998
6913 6915
0 24998
6918 6920
0 24998
6923 6925
0 24998
6928 6930
0 24998
6933 6935
0 24998
6938 6940
0 24998
6943 6945
0 24998
6948 6950
0 24998
6953 6955
0 24998
6958 6960
0 24998
6963 6965
0 24998
6968 6970
0 24998
6973 6975
0 24998
6978 6980
0 24998
6983 6985
0 24998
6988 6990
0 24998
6993 6995
0 24998
6998 7000
0 24998
7003 7005
0 24998
7008 7010
0 24998
7013 7015
0 24998
7018 7020
0 24998
7023 7025
0 24998
7028 7030
0 24998
7033 7035
0 24998
7038 7040
0 24998
7043 7045
0 24998
7048 7050
0 24998
7053 7055
0 24998
7058 7060
0 24998
7063 7065
0 24998
7068 7070
0 24998
7073 7075
0 24998
7078 7080
0 24998
7083 7085
0 24998
7088 7090
0 24998
7093 7095
0 24998
7098 7100
0 24998
7103 7105
0 24998
7108 7110
0 24998
7113 7115
0 24998
7118 7120
0 24998
7123 7125
0 24998
7128 7130
0 24998
7133 7135
0 24998
7138 7140
0 24998
7143 7145
0 24998
7148 7150
0 24998
7153 7155
0 24998
7158 7160
0 24998
7163 7165
0 24998
7168 7170
0 24998
7173 7175
0 24998
7178 7180
0 24998
7183 7185
0 24998
7188 7190
0 24998
7193 7195
0 24998
7198 7200
0 24998
7203 7205
0 24998
7208 7210
0 24998
7213 7215
0 24998
7218 7220
0 24998
7223 7225
0 24998
7228 7230
0 24998
7233 7235
0 24998
7238 7240
0 24998
7243 7245
0 24998
7248 7250
0 24998
7253 7255
0 24998
7258 7260
0 24998
7263 7265
0 24998
7268 7270
0 24998
7273 7275
0 24998
7278 7280
0 24998
7283 7285
0 24998
7288 7290
0 24998
7293 7295
0 24998
7298 7300
0 24998
7303 7305
0 24998
7308 7310
0 24998
7313 7315
0 24998
7318 7320
0 24998
7323 7325
0 24998
7328 7330
0 24998
7333 7335
0 24998
7338 7340
0 24998
7343 7345
0 24998
7348 7350
0 24998
7353 7355
0 24998
7358 7360
0 24998
7363 7365
0 24998
7368 7370
0 24998
7373 7375
0 24998
7378 7380
0 24998
7383 7385
0 24998
7388 7390
0 24998
7393 7395
0 24998
7398 7400
0 24998
7403 7405
0 24998
7408 7410
0 24998
7413 7415
0 24998
7418 7420
0 24998
7423 7425
0 24998
7428 7430
0 24998
7433 7435
0 24998
7438 7440
0 24998
7443 7445
0 24998
7448 7450
0 24998
7453 7455
0 24998
7458 7460
0 24998
7463 7465
0 24998
7468 7470
0 24998
7473 7475
0 24998
7478 7480
0 24998
7483 7485
0 24998
7488 7490
0 24998
7493 7495
0 24998
7498 7500
0 24998
7503 7505
0 24998
7508 7510
0 24998
7513 7515
0 24998
7518 7520
0 24998
7523 7525
0 24998
7528 7530
0 24998
7533 7535
0 24998
7538 7540
0 24998
7543 7545
0 24998
7548 7550
0 24998
7553 7555
0 24998
7558 7560
0 24998
7563 7565
0 24998
7568 7570
0 24998
7573 7575
0 24998
7578 7580
0 24998
7583 7585
0 24998
7588 7590
0 24998
7593 7595
0 24998
7598 7600
0 24998
7603 7605
0 24998
7608 7610
0 24998
7613 7615
0 24998
7618 7620
0 24998
7623 7625
0 24998
7628 7630
0 24998
7633 7635
0 24998
7638 7640
0 24998
7643 7645
0 24998
7648 7650
0 24998
7653 7655
0 24998
7658 7660
0 24998
7663 7665
0 24998
7668 7670
0 24998
7673 7675
0 24998
7678 7680
0 24998
7683 7685
0 24998
7688 7690
0 24998
7693 7695
0 24998
7698 7700
0 24998
7703 7705
0 24998
7708 7710
0 24998
7713 7715
0 24998
7718 7720
0 24998
7723 7725
0 24998
7728 7730
0 24998
7733 7735
0 24998
7738 7740
0 24998
7743 7745
0 24998
7748 7750
0 24998
7753 7755
0 24998
7758 7760
0 24998
7763 7765
0 24998
7768 7770
0 24998
7773 7775
0 24998
7778 7780
0 24998
7783 7785
0 24998
7788 7790
0 24998
7793 7795
0 24998
7798 7800
0 24998
7803 7805
0 24998
7808 7810
0 24998
7813 7815
0 24998
7818 7820
0 24998
7823 7825
0 24998
7828 7830
0 24998
7833 7835
0 24998
7838 7840
0 24998
7843 7845
0 24998
7848 7850
0 24998
7853 7855
0 24998
7858 7860
0 24998
7863 7865
0 24998
7868 7870
0 24998
7873 7875
0 24998
7878 7880
0 24998
7883 7885
0 24998
7888 7890
0 24998
7893 7895
0 24998
7898 7900
0 24998
7903 7905
0 24998
7908 7910
0 24998
7913 7915
0 24998
7918 7920
0 24998
7923 7925
0 24998
7928 7930
0 24998
7933 7935
0 24998
7938 7940
0 24998
7943 7945
0 24998
7948 7950
0 24998
7953 7955
0 24998
7958 7960
0 24998
7963 7965
0 24998
7968 7970
0 24998
7973 7975
0 24998
7978 7980
0 24998
7983 7985
0 24998
7988 7990
0 24998
7993 7995
0 24998
7998 8000
0 24998
8003 8005
0 24998
8008 8010
0 24998
8013 8015
0 24998
8018 8020
0 24998
8023 8025
0 24998
8028 8030
0 24998
8033 8035
0 24998
8038 8040
0 24998
8043 8045
0 24998
8048 8050
0 24998
8053 8055
0 24998
8058 8060
0 24998
8063 8065
0 24998
8068 8070
0 24998
8073 8075
0 24998
8078 8080
0 24998
8083 8085
0 24998
8088 8090
0 24998
8093 8095
0 24998
8098 8100
0 24998
8103 8105
0 24998
8108 8110
0 24998
8113 8115
0 24998
8118 8120
0 24998
8123 8125
0 24998
8128 8130
0 24998
8133 8135
0 24998
8138 8140
0 24998
8143 8145
0 24998
8148 8150
0 24998
8153 8155
0 24998
8158 8160
0 24998
8163 8165
0 24998
8168 8170
0 24998
8173 8175
0 24998
8178 8180
0 24998
8183 8185
0 24998
8188 8190
0 24998
8193 8195
0 24998
8198 8200
0 24998
8203 8205
0 24998
8208 8210
0 24998
8213 8215
0 24998
8218 8220
0 24998
8223 8225
0 24998
8228 8230
0 24998
8233 8235
0 24998
8238 8240
0 24998
8243 8245
0 24998
8248 8250
0 24998
8253 8255
0 24998
8258 8260
0 24998
8263 8265
0 24998
8268 8270
0 24998
8273 8275
0 24998
8278 8280
0 24998
8283 8285
0 24998
8288 8290
0 24998
8293 8295
0 24998
8298 8300
0 24998
8303 8305
0 24998
8308 8310
0 24998
8313 8315
0 24998
8318 8320
0 24998
8323 8325
0 24998
8328 8330
0 24998
8333 8335
0 24998
8338 8340
0 24998
8343 8345
0 24998
8348 8350
0 24998
8353 8355
0 24998
8358 8360
0 24998
8363 8365
0 24998
8368 8370
0 24998
8373 8375
0 24998
8378 8380
0 24998
8383 8385
0 24998
8388 8390
0 24998
8393 8395
0 24998
8398 8400
0 24998
8403 8405
0 24998
8408 8410
0 24998
8413 8415
0 24998
8418 8420
0 24998
8423 8425
0 24998
8428 8430
0 24998
8433 8435
0 24998
8438 8440
0 24998
8443 8445
0 24998
8448 8450
0 24998
8453 8455
0 24998
8458 8460
0 24998
8463 8465
0 24998
8468 8470
0 24998
8473 8475
0 24998
8478 8480
0 24998
8483 8485
0 24998
8488 8490
0 24998
8493 8495
0 24998
8498 8500
0 24998
8503 8505
0 24998
8508 8510
0 24998
8513 8515
0 24998
8518 8520
0 24998
8523 8525
0 24998
8528 8530
0 24998
8533 8535
0 24998
8538 8540
0 24998
8543 8545
0 24998
8548 8550
0 24998
8553 8555
0 24998
8558 8560
0 24998
8563 8565
0 24998
8568 8570
0 24998
8573 8575
0 24998
8578 8580
0 24998
8583 8585
0 24998
8588 8590
0 24998
8593 8595
0 24998
8598 8600
0 24998
8603 8605
0 24998
8608 8610
0 24998
8613 8615
0 24998
8618 8620
0 24998
8623 8625
0 24998
8628 8630
0 24998
8633 8635
0 24998
8638 8640
0 24998
8643 8645
0 24998
8648 8650
0 24998
8653 8655
0 24998
8658 8660
0 24998
8663 8665
0 24998
8668 8670
0 24998
8673 8675
0 24998
8678 8680
0 24998
8683 8685
0 24998
8688 8690
0 24998
8693 8695
0 24998
8698 8700
0 24998
8703 8705
0 24998
8708 8710
0 24998
8713 8715
0 24998
8718 8720
0 24998
8723 8725
0 24998
8728 8730
0 24998
8733 8735
0 24998
8738 8740
0 24998
8743 8745
0 24998
8748 8750
0 24998
8753 8755
0 24998
8758 8760
0 24998
8763 8765
0 24998
8768 8770
0 24998
8773 8775
0 24998
8778 8780
0 24998
8783 8785
0 24998
8788 8790
0 24998
8793 8795
0 24998
8798 8800
0 24998
8803 8805
0 24998
8808 8810
0 24998
8813 8815
0 24998
8818 8820
0 24998
8823 8825
0 24998
8828 8830
0 24998
8833 8835
0 24998
8838 8840
0 24998
8843 8845
0 24998
8848 8850
0 24998
8853 8855
0 24998
8858 8860
0 24998
8863 8865
0 24998
8868 8870
0 24998
8873 8875
0 24998
8878 8880
0 24998
8883 8885
0 24998
8888 8890
0 24998
8893 8895
0 24998
8898 8900
0 24998
8903 8905
0 24998
8908 8910
0 24998
8913 8915
0 24998
8918 8920
0 24998
8923 8925
0 24998
8928 8930
0 24998
8933 8935
0 24998
8938 8940
0 24998
8943 8945
0 24998
8948 8950
0 24998
8953 8955
0 24998
8958 8960
0 24998
8963 8965
0 24998
8968 8970
0 24998
8973 8975
0 24998
8978 8980
0 24998
8983 8985
0 24998
8988 8990
0 24998
8993 8995
0 24998
8998 9000
0 24998
9003 9005
0 24998
9008 9010
0 24998
9013 9015
0 24998
9018 9020
0 24998
9023 9025
0 24998
9028 9030
0 24998
9033 9035
0 24998
9038 9040
0 24998
9043 9045
0 24998
9048 9050
0 24998
9053 9055
0 24998
9058 9060
0 24998
9063 9065
0 24998
9068 9070
0 24998
9073 9075
0 24998
9078 9080
0 24998
9083 9085
0 24998
9088 9090
0 24998
9093 9095
0 24998
9098 9100
0 24998
9103 9105
0 24998
9108 9110
0 24998
9113 9115
0 24998
9118 9120
0 24998
9123 9125
0 24998
9128 9130
0 24998
9133 9135
0 24998
9138 9140
0 24998
9143 9145
0 24998
9148 9150
0 24998
9153 9155
0 24998
9158 9160
0 24998
9163 9165
0 24998
9168 9170
0 24998
9173 9175
0 24998
9178 9180
0 24998
9183 9185
0 24998
9188 9190
0 24998
9193 9195
0 24998
9198 9200
0 24998
9203 9205
0 24998
9208 9210
0 24998
9213 9215
0 24998
9218 9220
0 24998
9223 9225
0 24998
9228 9230
0 24998
9233 9235
0 24998
9238 9240
0 24998
9243 9245
0 24998
9248 9250
0 24998
9253 9255
0 24998
9258 9260
0 24998
9263 9265
0 24998
9268 9270
0 24998
9273 9275
0 24998
9278 9280
0 24998
9283 9285
0 24998
9288 9290
0 24998
9293 9295
0 24998
9298 9300
0 24998
9303 9305
0 24998
9308 9310
0 24998
9313 9315
0 24998
9318 9320
0 24998
9323 9325
0 24998
9328 9330
0 24998
9333 9335
0 24998
9338 9340
0 24998
9343 9345
0 24998
9348 9350
0 24998
9353 9355
0 24998
9358 9360
0 24998
9363 9365
0 24998
9368 9370
0 24998
9373 9375
0 24998
9378 9380
0 24998
9383 9385
0 24998
9388 9390
0 24998
9393 9395
0 24998
9398 9400
0 24998
9403 9405
0 24998
9408 9410
0 24998
9413 9415
0 24998
9418 9420
0 24998
9423 9425
0 24998
9428 9430
0 24998
9433 9435
0 24998
9438 9440
0 24998
9443 9445
0 24998
9448 9450
0 24998
9453 9455
0 24998
9458 9460
0 24998
9463 9465
0 24998
9468 9470
0 24998
9473 9475
0 24998
9478 9480
0 24998
9483 9485
0 24998
9488 9490
0 24998
9493 9495
0 24998
9498 9500
0 24998
9503 9505
0 24998
9508 9510
0 24998
9513 9515
0 24998
9518 9520
0 24998
9523 9525
0 24998
9528 9530
0 24998
9533 9535
0 24998
9538 9540
0 24998
9543 9545
0 24998
9548 9550
0 24998
9553 9555
0 24998
9558 9560
0 24998
9563 9565
0 24998
9568 9570
0 24998
9573 9575
0 24998
9578 9580
0 24998
9583 9585
0 24998
9588 9590
0 24998
9593 9595
0 24998
9598 9600
0 24998
9603 9605
0 24998
9608 9610
0 24998
9613 9615
0 24998
9618 9620
0 24998
9623 9625
0 24998
9628 9630
0 24998
9633 9635
0 24998
9638 9640
0 24998
9643 9645
0 24998
9648 9650
0 24998
9653 9655
0 24998
9658 9660
0 24998
9663 9665
0 24998
9668 9670
0 24998
9673 9675
0 24998
9678 9680
0 24998
9683 9685
0 24998
9688 9690
0 24998
9693 9695
0 24998
9698 9700
0 24998
9703 9705
0 24998
9708 9710
0 24998
9713 9715
0 24998
9718 9720
0 24998
9723 9725
0 24998
9728 9730
0 24998
9733 9735
0 24998
9738 9740
0 24998
9743 9745
0 24998
9748 9750
0 24998
9753 9755
0 24998
9758 9760
0 24998
9763 9765
0 24998
9768 9770
0 24998
9773 9775
0 24998
9778 9780
0 24998
9783 9785
0 24998
9788 9790
0 24998
9793 9795
0 24998
9798 9800
0 24998
9803 9805
0 24998
9808 9810
0 24998
9813 9815
0 24998
9818 9820
0 24998
9823 9825
0 24998
9828 9830
0 24998
9833 9835
0 24998
9838 9840
0 24998
9843 9845
0 24998
9848 9850
0 24998
9853 9855
0 24998
9858 9860
0 24998
9863 9865
0 24998
9868 9870
0 24998
9873 9875
0 24998
9878 9880
0 24998
9883 9885
0 24998
9888 9890
0 24998
9893 9895
0 24998
9898 9900
0 24998
9903 9905
0 24998
9908 9910
0 24998
9913 9915
0 24998
9918 9920
0 24998
9923 9925
0 24998
9928 9930
0 24998
9933 9935
0 24998
9938 9940
0 24998
9943 9945
0 24998
9948 9950
0 24998
9953 9955
0 24998
9958 9960
0 24998
9963 9965
0 24998
9968 9970
0 24998
9973 9975
0 24998
9978 9980
0 24998
9983 9985
0 24998
9988 9990
0 24998
9993 9995
0 24998
9998 10000
0 24998
10003 10005
0 24998
10008 10010
0 24998
10013 10015
0 24998
10018 10020
0 24998
10023 10025
0 24998
10028 10030
0 24998
10033 10035
0 24998
10038 10040
0 24998
10043 10045
0 24998
10048 10050
0 24998
10053 10055
0 24998
10058 10060
0 24998
10063 10065
0 24998
10068 10070
0 24998
10073 10075
0 24998
10078 10080
0 24998
10083 10085
0 24998
10088 10090
0 24998
10093 10095
0 24998
10098 10100
0 24998
10103 10105
0 24998
10108 10110
0 24998
10113 10115
0 24998
10118 10120
0 24998
10123 10125
0 24998
10128 10130
0 24998
10133 10135
0 24998
10138 10140
0 24998
10143 10145
0 24998
10148 10150
0 24998
10153 10155
0 24998
10158 10160
0 24998
10163 10165
0 24998
10168 10170
0 24998
10173 10175
0 24998
10178 10180
0 24998
10183 10185
0 24998
10188 10190
0 24998
10193 10195
0 24998
10198 10200
0 24998
10203 10205
0 24998
10208 10210
0 24998
10213 10215
0 24998
10218 10220
0 24998
10223 10225
0 24998
10228 10230
0 24998
10233 10235
0 24998
10238 10240
0 24998
10243 10245
0 24998
10248 10250
0 24998
10253 10255
0 24998
10258 10260
0 24998
10263 10265
0 24998
10268 10270
0 24998
10273 10275
0 24998
10278 10280
0 24998
10283 10285
0 24998
10288 10290
0 24998
10293 10295
0 24998
10298 10300
0 24998
10303 10305
0 24998
10308 10310
0 24998
10313 10315
0 24998
10318 10320
0 24998
10323 10325
0 24998
10328 10330
0 24998
10333 10335
0 24998
10338 10340
0 24998
10343 10345
0 24998
10348 10350
0 24998
10353 10355
0 24998
10358 10360
0 24998
10363 10365
0 24998
10368 10370
0 24998
10373 10375
0 24998
10378 10380
0 24998
10383 10385
0 24998
10388 10390
0 24998
10393 10395
0 24998
10398 10400
0 24998
10403 10405
0 24998
10408 10410
0 24998
10413 10415
0 24998
10418 10420
0 24998
10423 10425
0 24998
10428 10430
0 24998
10433 10435
0 24998
10438 10440
0 24998
10443 10445
0 24998
10448 10450
0 24998
10453 10455
0 24998
10458 10460
0 24998
10463 10465
0 24998
10468 10470
0 24998
10473 10475
0 24998
10478 10480
0 24998
10483 10485
0 24998
10488 10490
0 24998
10493 10495
0 24998
10498 10500
0 24998
10503 10505
0 24998
10508 10510
0 24998
10513 10515
0 24998
10518 10520
0 24998
10523 10525
0 24998
10528 10530
0 24998
10533 10535
0 24998
10538 10540
0 24998
10543 10545
0 24998
10548 10550
0 24998
10553 10555
0 24998
10558 10560
0 24998
10563 10565
0 24998
10568 10570
0 24998
10573 10575
0 24998
10578 10580
0 24998
10583 10585
0 24998
10588 10590
0 24998
10593 10595
0 24998
10598 10600
0 24998
10603 10605
0 24998
10608 10610
0 24998
10613 10615
0 24998
10618 10620
0 24998
10623 10625
0 24998
10628 10630
0 24998
10633 10635
0 24998
10638 10640
0 24998
10643 10645
0 24998
10648 10650
0 24998
10653 10655
0 24998
10658 10660
0 24998
10663 10665
0 24998
10668 10670
0 24998
10673 10675
0 24998
10678 10680
0 24998
10683 10685
0 24998
10688 10690
0 24998
10693 10695
0 24998
10698 10700
0 24998
10703 10705
0 24998
10708 10710
0 24998
10713 10715
0 24998
10718 10720
0 24998
10723 10725
0 24998
10728 10730
0 24998
10733 10735
0 24998
10738 10740
0 24998
10743 10745
0 24998
10748 10750
0 24998
10753 10755
0 24998
10758 10760
0 24998
10763 10765
0 24998
10768 10770
0 24998
10773 10775
0 24998
10778 10780
0 24998
10783 10785
0 24998
10788 10790
0 24998
10793 10795
0 24998
10798 10800
0 24998
10803 10805
0 24998
10808 10810
0 24998
10813 10815
0 24998
10818 10820
0 24998
10823 10825
0 24998
10828 10830
0 24998
10833 10835
0 24998
10838 10840
0 24998
10843 10845
0 24998
10848 10850
0 24998
10853 10855
0 24998
10858 10860
0 24998
10863 10865
0 24998
10868 10870
0 24998
10873 10875
0 24998
10878 10880
0 24998
10883 10885
0 24998
10888 10890
0 24998
10893 10895
0 24998
10898 10900
0 24998
10903 10905
0 24998
10908 10910
0 24998
10913 10915
0 24998
10918 10920
0 24998
10923 10925
0 24998
10928 10930
0 24998
10933 10935
0 24998
10938 10940
0 24998
10943 10945
0 24998
10948 10950
0 24998
10953 10955
0 24998
10958 10960
0 24998
10963 10965
0 24998
10968 10970
0 24998
10973 10975
0 24998
10978 10980
0 24998
10983 10985
0 24998
10988 10990
0 24998
10993 10995
0 24998
10998 11000
0 24998
11003 11005
0 24998
11008 11010
0 24998
11013 11015
0 24998
11018 11020
0 24998
11023 11025
0 24998
11028 11030
0 24998
11033 11035
0 24998
11038 11040
0 24998
11043 11045
0 24998
11048 11050
0 24998
11053 11055
0 24998
11058 11060
0 24998
11063 11065
0 24998
11068 11070
0 24998
11073 11075
0 24998
11078 11080
0 24998
11083 11085
0 24998
11088 11090
0 24998
11093 11095
0 24998
11098 11100
0 24998
11103 11105
0 24998
11108 11110
0 24998
11113 11115
0 24998
11118 11120
0 24998
11123 11125
0 24998
11128 11130
0 24998
11133 11135
0 24998
11138 11140
0 24998
11143 11145
0 24998
11148 11150
0 24998
11153 11155
0 24998
11158 11160
0 24998
11163 11165
0 24998
11168 11170
0 24998
11173 11175
0 24998
11178 11180
0 24998
11183 11185
0 24998
11188 11190
0 24998
11193 11195
0 24998
11198 11200
0 24998
11203 11205
0 24998
11208 11210
0 24998
11213 11215
0 24998
11218 11220
0 24998
11223 11225
0 24998
11228 11230
0 24998
11233 11235
0 24998
11238 11240
0 24998
11243 11245
0 24998
11248 11250
0 24998
11253 11255
0 24998
11258 11260
0 24998
11263 11265
0 24998
11268 11270
0 24998
11273 11275
0 24998
11278 11280
0 24998
11283 11285
0 24998
11288 11290
0 24998
11293 11295
0 24998
11298 11300
0 24998
11303 11305
0 24998
11308 11310
0 24998
11313 11315
0 24998
11318 11320
0 24998
11323 11325
0 24998
11328 11330
0 24998
11333 11335
0 24998
11338 11340
0 24998
11343 11345
0 24998
11348 11350
0 24998
11353 11355
0 24998
11358 11360
0 24998
11363 11365
0 24998
11368 11370
0 24998
11373 11375
0 24998
11378 11380
0 24998
11383 11385
0 24998
11388 11390
0 24998
11393 11395
0 24998
11398 11400
0 24998
11403 11405
0 24998
11408 11410
0 24998
11413 11415
0 24998
11418 11420
0 24998
11423 11425
0 24998
11428 11430
0 24998
11433 11435
0 24998
11438 11440
0 24998
11443 11445
0 24998
11448 11450
0 24998
11453 11455
0 24998
11458 11460
0 24998
11463 11465
0 24998
11468 11470
0 24998
11473 11475
0 24998
11478 11480
0 24998
11483 11485
0 24998
11488 11490
0 24998
11493 11495
0 24998
11498 11500
0 24998
11503 11505
0 24998
11508 11510
0 24998
11513 11515
0 24998
11518 11520
0 24998
11523 11525
0 24998
11528 11530
0 24998
11533 11535
0 24998
11538 11540
0 24998
11543 11545
0 24998
11548 11550
0 24998
11553 11555
0 24998
11558 11560
0 24998
11563 11565
0 24998
11568 11570
0 24998
11573 11575
0 24998
11578 11580
0 24998
11583 11585
0 24998
11588 11590
0 24998
11593 11595
0 24998
11598 11600
0 24998
11603 11605
0 24998
11608 11610
0 24998
11613 11615
0 24998
11618 11620
0 24998
11623 11625
0 24998
11628 11630
0 24998
11633 11635
0 24998
11638 11640
0 24998
11643 11645
0 24998
11648 11650
0 24998
11653 11655
0 24998
11658 11660
0 24998
11663 11665
0 24998
11668 11670
0 24998
11673 11675
0 24998
11678 11680
0 24998
11683 11685
0 24998
11688 11690
0 24998
11693 11695
0 24998
11698 11700
0 24998
11703 11705
0 24998
11708 11710
0 24998
11713 11715
0 24998
11718 11720
0 24998
11723 11725
0 24998
11728 11730
0 24998
11733 11735
0 24998
11738 11740
0 24998
11743 11745
0 24998
11748 11750
0 24998
11753 11755
0 24998
11758 11760
0 24998
11763 11765
0 24998
11768 11770
0 24998
11773 11775
0 24998
11778 11780
0 24998
11783 11785
0 24998
11788 11790
0 24998
11793 11795
0 24998
11798 11800
0 24998
11803 11805
0 24998
11808 11810
0 24998
11813 11815
0 24998
11818 11820
0 24998
11823 11825
0 24998
11828 11830
0 24998
11833 11835
0 24998
11838 11840
0 24998
11843 11845
0 24998
11848 11850
0 24998
11853 11855
0 24998
11858 11860
0 24998
11863 11865
0 24998
11868 11870
0 24998
11873 11875
0 24998
11878 11880
0 24998
11883 11885
0 24998
11888 11890
0 24998
11893 11895
0 24998
11898 11900
0 24998
11903 11905
0 24998
11908 11910
0 24998
11913 11915
0 24998
11918 11920
0 24998
11923 11925
0 24998
11928 11930
0 24998
11933 11935
0 24998
11938 11940
0 24998
11943 11945
0 24998
11948 11950
0 24998
11953 11955
0 24998
11958 11960
0 24998
11963 11965
0 24998
11968 11970
0 24998
11973 11975
0 24998
11978 11980
0 24998
11983 11985
0 24998
11988 11990
0 24998
11993 11995
0 24998
11998 12000
0 24998
12003 12005
0 24998
12008 12010
0 24998
12013 12015
0 24998
12018 12020
0 24998
12023 12025
0 24998
12028 12030
0 24998
12033 12035
0 24998
12038 12040
0 24998
12043 12045
0 24998
12048 12050
0 24998
12053 12055
0 24998
12058 12060
0 24998
12063 12065
0 24998
12068 12070
0 24998
12073 12075
0 24998
12078 12080
0 24998
12083 12085
0 24998
12088 12090
0 24998
12093 12095
0 24998
12098 12100
0 24998
12103 12105
0 24998
12108 12110
0 24998
12113 12115
0 24998
12118 12120
0 24998
12123 12125
0 24998
12128 12130
0 24998
12133 12135
0 24998
12138 12140
0 24998
12143 12145
0 24998
12148 12150
0 24998
12153 12155
0 24998
12158 12160
0 24998
12163 12165
0 24998
12168 12170
0 24998
12173 12175
0 24998
12178 12180
0 24998
12183 12185
0 24998
12188 12190
0 24998
12193 12195
0 24998
12198 12200
0 24998
12203 12205
0 24998
12208 12210
0 24998
12213 12215
0 24998
12218 12220
0 24998
12223 12225
0 24998
12228 12230
0 24998
12233 12235
0 24998
12238 12240
0 24998
12243 12245
0 24998
12248 12250
0 24998
12253 12255
0 24998
12258 12260
0 24998
12263 12265
0 24998
12268 12270
0 24998
12273 12275
0 24998
12278 12280
0 24998
12283 12285
0 24998
12288 12290
0 24998
12293 12295
0 24998
12298 12300
0 24998
12303 12305
0 24998
12308 12310
0 24998
12313 12315
0 24998
12318 12320
0 24998
12323 12325
0 24998
12328 12330
0 24998
12333 12335
0 24998
12338 12340
0 24998
12343 12345
0 24998
12348 12350
0 24998
12353 12355
0 24998
12358 12360
0 24998
12363 12365
0 24998
12368 12370
0 24998
12373 12375
0 24998
12378 12380
0 24998
12383 12385
0 24998
12388 12390
0 24998
12393 12395
0 24998
12398 12400
0 24998
12403 12405
0 24998
12408 12410
0 24998
12413 12415
0 24998
12418 12420
0 24998
12423 12425
0 24998
12428 12430
0 24998
12433 12435
0 24998
12438 12440
0 24998
12443 12445
0 24998
12448 12450
0 24998
12453 12455
0 24998
12458 12460
0 24998
12463 12465
0 24998
12468 12470
0 24998
12473 12475
0 24998
12478 12480
0 24998
12483 12485
0 24998
12488 12490
0 24998
12493 12495
0 24998
12498 12500
0 24998
12503 12505
0 24998
12508 12510
0 24998
12513 12515
0 24998
12518 12520
0 24998
12523 12525
0 24998
12528 12530
0 24998
12533 12535
0 24998
12538 12540
0 24998
12543 12545
0 24998
12548 12550
0 24998
12553 12555
0 24998
12558 12560
0 24998
12563 12565
0 24998
12568 12570
0 24998
12573 12575
0 24998
12578 12580
0 24998
12583 12585
0 24998
12588 12590
0 24998
12593 12595
0 24998
12598 12600
0 24998
12603 12605
0 24998
12608 12610
0 24998
12613 12615
0 24998
12618 12620
0 24998
12623 12625
0 24998
12628 12630
0 24998
12633 12635
0 24998
12638 12640
0 24998
12643 12645
0 24998
12648 12650
0 24998
12653 12655
0 24998
12658 12660
0 24998
12663 12665
0 24998
12668 12670
0 24998
12673 12675
0 24998
12678 12680
0 24998
12683 12685
0 24998
12688 12690
0 24998
12693 12695
0 24998
12698 12700
0 24998
12703 12705
0 24998
12708 12710
0 24998
12713 12715
0 24998
12718 12720
0 24998
12723 12725
0 24998
12728 12730
0 24998
12733 12735
0 24998
12738 12740
0 24998
12743 12745
0 24998
12748 12750
0 24998
12753 12755
0 24998
12758 12760
0 24998
12763 12765
0 24998
12768 12770
0 24998
12773 12775
0 24998
12778 12780
0 24998
12783 12785
0 24998
12788 12790
0 24998
12793 12795
0 24998
12798 12800
0 24998
12803 12805
0 24998
12808 12810
0 24998
12813 12815
0 24998
12818 12820
0 24998
12823 12825
0 24998
12828 12830
0 24998
12833 12835
0 24998
12838 12840
0 24998
12843 12845
0 24998
12848 12850
0 24998
12853 12855
0 24998
12858 12860
0 24998
12863 12865
0 24998
12868 12870
0 24998
12873 12875
0 24998
12878 12880
0 24998
12883 12885
0 24998
12888 12890
0 24998
12893 12895
0 24998
12898 12900
0 24998
12903 12905
0 24998
12908 12910
0 24998
12913 12915
0 24998
12918 12920
0 24998
12923 12925
0 24998
12928 12930
0 24998
12933 12935
0 24998
12938 12940
0 24998
12943 12945
0 24998
12948 12950
0 24998
12953 12955
0 24998
12958 12960
0 24998
12963 12965
0 24998
12968 12970
0 24998
12973 12975
0 24998
12978 12980
0 24998
12983 12985
0 24998
12988 12990
0 24998
12993 12995
0 24998
12998 13000
0 24998
13003 13005
0 24998
13008 13010
0 24998
13013 13015
0 24998
13018 13020
0 24998
13023 13025
0 24998
13028 13030
0 24998
13033 13035
0 24998
13038 13040
0 24998
13043 13045
0 24998
13048 13050
0 24998
13053 13055
0 24998
13058 13060
0 24998
13063 13065
0 24998
13068 13070
0 24998
13073 13075
0 24998
13078 13080
0 24998
13083 13085
0 24998
13088 13090
0 24998
13093 13095
0 24998
13098 13100
0 24998
13103 13105
0 24998
13108 13110
0 24998
13113 13115
0 24998
13118 13120
0 24998
13123 13125
0 24998
13128 13130
0 24998
13133 13135
0 24998
13138 13140
0 24998
13143 13145
0 24998
13148 13150
0 24998
13153 13155
0 24998
13158 13160
0 24998
13163 13165
0 24998
13168 13170
0 24998
13173 13175
0 24998
13178 13180
0 24998
13183 13185
0 24998
13188 13190
0 24998
13193 13195
0 24998
13198 13200
0 24998
13203 13205
0 24998
13208 13210
0 24998
13213 13215
0 24998
13218 13220
0 24998
13223 13225
0 24998
13228 13230
0 24998
13233 13235
0 24998
13238 13240
0 24998
13243 13245
0 24998
13248 13250
0 24998
13253 13255
0 24998
13258 13260
0 24998
13263 13265
0 24998
13268 13270
0 24998
13273 13275
0 24998
13278 13280
0 24998
13283 13285
0 24998
13288 13290
0 24998
13293 13295
0 24998
13298 13300
0 24998
13303 13305
0 24998
13308 13310
0 24998
13313 13315
0 24998
13318 13320
0 24998
13323 13325
0 24998
13328 13330
0 24998
13333 13335
0 24998
13338 13340
0 24998
13343 13345
0 24998
13348 13350
0 24998
13353 13355
0 24998
13358 13360
0 24998
13363 13365
0 24998
13368 13370
0 24998
13373 13375
0 24998
13378 13380
0 24998
13383 13385
0 24998
13388 13390
0 24998
13393 13395
0 24998
13398 13400
0 24998
13403 13405
0 24998
13408 13410
0 24998
13413 13415
0 24998
13418 13420
0 24998
13423 13425
0 24998
13428 13430
0 24998
13433 13435
0 24998
13438 13440
0 24998
13443 13445
0 24998
13448 13450
0 24998
13453 13455
0 24998
13458 13460
0 24998
13463 13465
0 24998
13468 13470
0 24998
13473 13475
0 24998
13478 13480
0 24998
13483 13485
0 24998
13488 13490
0 24998
13493 13495
0 24998
13498 13500
0 24998
13503 13505
0 24998
13508 13510
0 24998
13513 13515
0 24998
13518 13520
0 24998
13523 13525
0 24998
13528 13530
0 24998
13533 13535
0 24998
13538 13540
0 24998
13543 13545
0 24998
13548 13550
0 24998
13553 13555
0 24998
13558 13560
0 24998
13563 13565
0 24998
13568 13570
0 24998
13573 13575
0 24998
13578 13580
0 24998
13583 13585
0 24998
13588 13590
0 24998
13593 13595
0 24998
13598 13600
0 24998
13603 13605
0 24998
13608 13610
0 24998
13613 13615
0 24998
13618 13620
0 24998
13623 13625
0 24998
13628 13630
0 24998
13633 13635
0 24998
13638 13640
0 24998
13643 13645
0 24998
13648 13650
0 24998
13653 13655
0 24998
13658 13660
0 24998
13663 13665
0 24998
13668 13670
0 24998
13673 13675
0 24998
13678 13680
0 24998
13683 13685
0 24998
13688 13690
0 24998
13693 13695
0 24998
13698 13700
0 24998
13703 13705
0 24998
13708 13710
0 24998
13713 13715
0 24998
13718 13720
0 24998
13723 13725
0 24998
13728 13730
0 24998
13733 13735
0 24998
13738 13740
0 24998
13743 13745
0 24998
13748 13750
0 24998
13753 13755
0 24998
13758 13760
0 24998
13763 13765
0 24998
13768 13770
0 24998
13773 13775
0 24998
13778 13780
0 24998
13783 13785
0 24998
13788 13790
0 24998
13793 13795
0 24998
13798 13800
0 24998
13803 13805
0 24998
13808 13810
0 24998
13813 13815
0 24998
13818 13820
0 24998
13823 13825
0 24998
13828 13830
0 24998
13833 13835
0 24998
13838 13840
0 24998
13843 13845
0 24998
13848 13850
0 24998
13853 13855
0 24998
13858 13860
0 24998
13863 13865
0 24998
13868 13870
0 24998
13873 13875
0 24998
13878 13880
0 24998
13883 13885
0 24998
13888 13890
0 24998
13893 13895
0 24998
13898 13900
0 24998
13903 13905
0 24998
13908 13910
0 24998
13913 13915
0 24998
13918 13920
0 24998
13923 13925
0 24998
13928 13930
0 24998
13933 13935
0 24998
13938 13940
0 24998
13943 13945
0 24998
13948 13950
0 24998
13953 13955
0 24998
13958 13960
0 24998
13963 13965
0 24998
13968 13970
0 24998
13973 13975
0 24998
13978 13980
0 24998
13983 13985
0 24998
13988 13990
0 24998
13993 13995
0 24998
13998 14000
0 24998
14003 14005
0 24998
14008 14010
0 24998
14013 14015
0 24998
14018 14020
0 24998
14023 14025
0 24998
14028 14030
0 24998
14033 14035
0 24998
14038 14040
0 24998
14043 14045
0 24998
14048 14050
0 24998
14053 14055
0 24998
14058 14060
0 24998
14063 14065
0 24998
14068 14070
0 24998
14073 14075
0 24998
14078 14080
0 24998
14083 14085
0 24998
14088 14090
0 24998
14093 14095
0 24998
14098 14100
0 24998
14103 14105
0 24998
14108 14110
0 24998
14113 14115
0 24998
14118 14120
0 24998
14123 14125
0 24998
14128 14130
0 24998
14133 14135
0 24998
14138 14140
0 24998
14143 14145
0 24998
14148 14150
0 24998
14153 14155
0 24998
14158 14160
0 24998
14163 14165
0 24998
14168 14170
0 24998
14173 14175
0 24998
14178 14180
0 24998
14183 14185
0 24998
14188 14190
0 24998
14193 14195
0 24998
14198 14200
0 24998
14203 14205
0 24998
14208 14210
0 24998
14213 14215
0 24998
14218 14220
0 24998
14223 14225
0 24998
14228 14230
0 24998
14233 14235
0 24998
14238 14240
0 24998
14243 14245
0 24998
14248 14250
0 24998
14253 14255
0 24998
14258 14260
0 24998
14263 14265
0 24998
14268 14270
0 24998
14273 14275
0 24998
14278 14280
0 24998
14283 14285
0 24998
14288 14290
0 24998
14293 14295
0 24998
14298 14300
0 24998
14303 14305
0 24998
14308 14310
0 24998
14313 14315
0 24998
14318 14320
0 24998
14323 14325
0 24998
14328 14330
0 24998
14333 14335
0 24998
14338 14340
0 24998
14343 14345
0 24998
14348 14350
0 24998
14353 14355
0 24998
14358 14360
0 24998
14363 14365
0 24998
14368 14370
0 24998
14373 14375
0 24998
14378 14380
0 24998
14383 14385
0 24998
14388 14390
0 24998
14393 14395
0 24998
14398 14400
0 24998
14403 14405
0 24998
14408 14410
0 24998
14413 14415
0 24998
14418 14420
0 24998
14423 14425
0 24998
14428 14430
0 24998
14433 14435
0 24998
14438 14440
0 24998
14443 14445
0 24998
14448 14450
0 24998
14453 14455
0 24998
14458 14460
0 24998
14463 14465
0 24998
14468 14470
0 24998
14473 14475
0 24998
14478 14480
0 24998
14483 14485
0 24998
14488 14490
0 24998
14493 14495
0 24998
14498 14500
0 24998
14503 14505
0 24998
14508 14510
0 24998
14513 14515
0 24998
14518 14520
0 24998
14523 14525
0 24998
14528 14530
0 24998
14533 14535
0 24998
14538 14540
0 24998
14543 14545
0 24998
14548 14550
0 24998
14553 14555
0 24998
14558 14560
0 24998
14563 14565
0 24998
14568 14570
0 24998
14573 14575
0 24998
14578 14580
0 24998
14583 14585
0 24998
14588 14590
0 24998
14593 14595
0 24998
14598 14600
0 24998
14603 14605
0 24998
14608 14610
0 24998
14613 14615
0 24998
14618 14620
0 24998
14623 14625
0 24998
14628 14630
0 24998
14633 14635
0 24998
14638 14640
0 24998
14643 14645
0 24998
14648 14650
0 24998
14653 14655
0 24998
14658 14660
0 24998
14663 14665
0 24998
14668 14670
0 24998
14673 14675
0 24998
14678 14680
0 24998
14683 14685
0 24998
14688 14690
0 24998
14693 14695
0 24998
14698 14700
0 24998
14703 14705
0 24998
14708 14710
0 24998
14713 14715
0 24998
14718 14720
0 24998
14723 14725
0 24998
14728 14730
0 24998
14733 14735
0 24998
14738 14740
0 24998
14743 14745
0 24998
14748 14750
0 24998
14753 14755
0 24998
14758 14760
0 24998
14763 14765
0 24998
14768 14770
0 24998
14773 14775
0 24998
14778 14780
0 24998
14783 14785
0 24998
14788 14790
0 24998
14793 14795
0 24998
14798 14800
0 24998
14803 14805
0 24998
14808 14810
0 24998
14813 14815
0 24998
14818 14820
0 24998
14823 14825
0 24998
14828 14830
0 24998
14833 14835
0 24998
14838 14840
0 24998
14843 14845
0 24998
14848 14850
0 24998
14853 14855
0 24998
14858 14860
0 24998
14863 14865
0 24998
14868 14870
0 24998
14873 14875
0 24998
14878 14880
0 24998
14883 14885
0 24998
14888 14890
0 24998
14893 14895
0 24998
14898 14900
0 24998
14903 14905
0 24998
14908 14910
0 24998
14913 14915
0 24998
14918 14920
0 24998
14923 14925
0 24998
14928 14930
0 24998
14933 14935
0 24998
14938 14940
0 24998
14943 14945
0 24998
14948 14950
0 24998
14953 14955
0 24998
14958 14960
0 24998
14963 14965
0 24998
14968 14970
0 24998
14973 14975
0 24998
14978 14980
0 24998
14983 14985
0 24998
14988 14990
0 24998
14993 14995
0 24998
14998 15000
0 24998
15003 15005
0 24998
15008 15010
0 24998
15013 15015
0 24998
15018 15020
0 24998
15023 15025
0 24998
15028 15030
0 24998
15033 15035
0 24998
15038 15040
0 24998
15043 15045
0 24998
15048 15050
0 24998
15053 15055
0 24998
15058 15060
0 24998
15063 15065
0 24998
15068 15070
0 24998
15073 15075
0 24998
15078 15080
0 24998
15083 15085
0 24998
15088 15090
0 24998
15093 15095
0 24998
15098 15100
0 24998
15103 15105
0 24998
15108 15110
0 24998
15113 15115
0 24998
15118 15120
0 24998
15123 15125
0 24998
15128 15130
0 24998
15133 15135
0 24998
15138 15140
0 24998
15143 15145
0 24998
15148 15150
0 24998
15153 15155
0 24998
15158 15160
0 24998
15163 15165
0 24998
15168 15170
0 24998
15173 15175
0 24998
15178 15180
0 24998
15183 15185
0 24998
15188 15190
0 24998
15193 15195
0 24998
15198 15200
0 24998
15203 15205
0 24998
15208 15210
0 24998
15213 15215
0 24998
15218 15220
0 24998
15223 15225
0 24998
15228 15230
0 24998
15233 15235
0 24998
15238 15240
0 24998
15243 15245
0 24998
15248 15250
0 24998
15253 15255
0 24998
15258 15260
0 24998
15263 15265
0 24998
15268 15270
0 24998
15273 15275
0 24998
15278 15280
0 24998
15283 15285
0 24998
15288 15290
0 24998
15293 15295
0 24998
15298 15300
0 24998
15303 15305
0 24998
15308 15310
0 24998
15313 15315
0 24998
15318 15320
0 24998
15323 15325
0 24998
15328 15330
0 24998
15333 15335
0 24998
15338 15340
0 24998
15343 15345
0 24998
15348 15350
0 24998
15353 15355
0 24998
15358 15360
0 24998
15363 15365
0 24998
15368 15370
0 24998
15373 15375
0 24998
15378 15380
0 24998
15383 15385
0 24998
15388 15390
0 24998
15393 15395
0 24998
15398 15400
0 24998
15403 15405
0 24998
15408 15410
0 24998
15413 15415
0 24998
15418 15420
0 24998
15423 15425
0 24998
15428 15430
0 24998
15433 15435
0 24998
15438 15440
0 24998
15443 15445
0 24998
15448 15450
0 24998
15453 15455
0 24998
15458 15460
0 24998
15463 15465
0 24998
15468 15470
0 24998
15473 15475
0 24998
15478 15480
0 24998
15483 15485
0 24998
15488 15490
0 24998
15493 15495
0 24998
15498 15500
0 24998
15503 15505
0 24998
15508 15510
0 24998
15513 15515
0 24998
15518 15520
0 24998
15523 15525
0 24998
15528 15530
0 24998
15533 15535
0 24998
15538 15540
0 24998
15543 15545
0 24998
15548 15550
0 24998
15553 15555
0 24998
15558 15560
0 24998
15563 15565
0 24998
15568 15570
0 24998
15573 15575
0 24998
15578 15580
0 24998
15583 15585
0 24998
15588 15590
0 24998
15593 15595
0 24998
15598 15600
0 24998
15603 15605
0 24998
15608 15610
0 24998
15613 15615
0 24998
15618 15620
0 24998
15623 15625
0 24998
15628 15630
0 24998
15633 15635
0 24998
15638 15640
0 24998
15643 15645
0 24998
15648 15650
0 24998
15653 15655
0 24998
15658 15660
0 24998
15663 15665
0 24998
15668 15670
0 24998
15673 15675
0 24998
15678 15680
0 24998
15683 15685
0 24998
15688 15690
0 24998
15693 15695
0 24998
15698 15700
0 24998
15703 15705
0 24998
15708 15710
0 24998
15713 15715
0 24998
15718 15720
0 24998
15723 15725
0 24998
15728 15730
0 24998
15733 15735
0 24998
15738 15740
0 24998
15743 15745
0 24998
15748 15750
0 24998
15753 15755
0 24998
15758 15760
0 24998
15763 15765
0 24998
15768 15770
0 24998
15773 15775
0 24998
15778 15780
0 24998
15783 15785
0 24998
15788 15790
0 24998
15793 15795
0 24998
15798 15800
0 24998
15803 15805
0 24998
15808 15810
0 24998
15813 15815
0 24998
15818 15820
0 24998
15823 15825
0 24998
15828 15830
0 24998
15833 15835
0 24998
15838 15840
0 24998
15843 15845
0 24998
15848 15850
0 24998
15853 15855
0 24998
15858 15860
0 24998
15863 15865
0 24998
15868 15870
0 24998
15873 15875
0 24998
15878 15880
0 24998
15883 15885
0 24998
15888 15890
0 24998
15893 15895
0 24998
15898 15900
0 24998
15903 15905
0 24998
15908 15910
0 24998
15913 15915
0 24998
15918 15920
0 24998
15923 15925
0 24998
15928 15930
0 24998
15933 15935
0 24998
15938 15940
0 24998
15943 15945
0 24998
15948 15950
0 24998
15953 15955
0 24998
15958 15960
0 24998
15963 15965
0 24998
15968 15970
0 24998
15973 15975
0 24998
15978 15980
0 24998
15983 15985
0 24998
15988 15990
0 24998
15993 15995
0 24998
15998 16000
0 24998
16003 16005
0 24998
16008 16010
0 24998
16013 16015
0 24998
16018 16020
0 24998
16023 16025
0 24998
16028 16030
0 24998
16033 16035
0 24998
16038 16040
0 24998
16043 16045
0 24998
16048 16050
0 24998
16053 16055
0 24998
16058 16060
0 24998
16063 16065
0 24998
16068 16070
0 24998
16073 16075
0 24998
16078 16080
0 24998
16083 16085
0 24998
16088 16090
0 24998
16093 16095
0 24998
16098 16100
0 24998
16103 16105
0 24998
16108 16110
0 24998
16113 16115
0 24998
16118 16120
0 24998
16123 16125
0 24998
16128 16130
0 24998
16133 16135
0 24998
16138 16140
0 24998
16143 16145
0 24998
16148 16150
0 24998
16153 16155
0 24998
16158 16160
0 24998
16163 16165
0 24998
16168 16170
0 24998
16173 16175
0 24998
16178 16180
0 24998
16183 16185
0 24998
16188 16190
0 24998
16193 16195
0 24998
16198 16200
0 24998
16203 16205
0 24998
16208 16210
0 24998
16213 16215
0 24998
16218 16220
0 24998
16223 16225
0 24998
16228 16230
0 24998
16233 16235
0 24998
16238 16240
0 24998
16243 16245
0 24998
16248 16250
0 24998
16253 16255
0 24998
16258 16260
0 24998
16263 16265
0 24998
16268 16270
0 24998
16273 16275
0 24998
16278 16280
0 24998
16283 16285
0 24998
16288 16290
0 24998
16293 16295
0 24998
16298 16300
0 24998
16303 16305
0 24998
16308 16310
0 24998
16313 16315
0 24998
16318 16320
0 24998
16323 16325
0 24998
16328 16330
0 24998
16333 16335
0 24998
16338 16340
0 24998
16343 16345
0 24998
16348 16350
0 24998
16353 16355
0 24998
16358 16360
0 24998
16363 16365
0 24998
16368 16370
0 24998
16373 16375
0 24998
16378 16380
0 24998
16383 16385
0 24998
16388 16390
0 24998
16393 16395
0 24998
16398 16400
0 24998
16403 16405
0 24998
16408 16410
0 24998
16413 16415
0 24998
16418 16420
0 24998
16423 16425
0 24998
16428 16430
0 24998
16433 16435
0 24998
16438 16440
0 24998
16443 16445
0 24998
16448 16450
0 24998
16453 16455
0 24998
16458 16460
0 24998
16463 16465
0 24998
16468 16470
0 24998
16473 16475
0 24998
16478 16480
0 24998
16483 16485
0 24998
16488 16490
0 24998
16493 16495
0 24998
16498 16500
0 24998
16503 16505
0 24998
16508 16510
0 24998
16513 16515
0 24998
16518 16520
0 24998
16523 16525
0 24998
16528 16530
0 24998
16533 16535
0 24998
16538 16540
0 24998
16543 16545
0 24998
16548 16550
0 24998
16553 16555
0 24998
16558 16560
0 24998
16563 16565
0 24998
16568 16570
0 24998
16573 16575
0 24998
16578 16580
0 24998
16583 16585
0 24998
16588 16590
0 24998
16593 16595
0 24998
16598 16600
0 24998
16603 16605
0 24998
16608 16610
0 24998
16613 16615
0 24998
16618 16620
0 24998
16623 16625
0 24998
16628 16630
0 24998
16633 16635
0 24998
16638 16640
0 24998
16643 16645
0 24998
16648 16650
0 24998
16653 16655
0 24998
16658 16660
0 24998
16663 16665
0 24998
16668 16670
0 24998
16673 16675
0 24998
16678 16680
0 24998
16683 16685
0 24998
16688 16690
0 24998
16693 16695
0 24998
16698 16700
0 24998
16703 16705
0 24998
16708 16710
0 24998
16713 16715
0 24998
16718 16720
0 24998
16723 16725
0 24998
16728 16730
0 24998
16733 16735
0 24998
16738 16740
0 24998
16743 16745
0 24998
16748 16750
0 24998
16753 16755
0 24998
16758 16760
0 24998
16763 16765
0 24998
16768 16770
0 24998
16773 16775
0 24998
16778 16780
0 24998
16783 16785
0 24998
16788 16790
0 24998
16793 16795
0 24998
16798 16800
0 24998
16803 16805
0 24998
16808 16810
0 24998
16813 16815
0 24998
16818 16820
0 24998
16823 16825
0 24998
16828 16830
0 24998
16833 16835
0 24998
16838 16840
0 24998
16843 16845
0 24998
16848 16850
0 24998
16853 16855
0 24998
16858 16860
0 24998
16863 16865
0 24998
16868 16870
0 24998
16873 16875
0 24998
16878 16880
0 24998
16883 16885
0 24998
16888 16890
0 24998
16893 16895
0 24998
16898 16900
0 24998
16903 16905
0 24998
16908 16910
0 24998
16913 16915
0 24998
16918 16920
0 24998
16923 16925
0 24998
16928 16930
0 24998
16933 16935
0 24998
16938 16940
0 24998
16943 16945
0 24998
16948 16950
0 24998
16953 16955
0 24998
16958 16960
0 24998
16963 16965
0 24998
16968 16970
0 24998
16973 16975
0 24998
16978 16980
0 24998
16983 16985
0 24998
16988 16990
0 24998
16993 16995
0 24998
16998 17000
0 24998
17003 17005
0 24998
17008 17010
0 24998
17013 17015
0 24998
17018 17020
0 24998
17023 17025
0 24998
17028 17030
0 24998
17033 17035
0 24998
17038 17040
0 24998
17043 17045
0 24998
17048 17050
0 24998
17053 17055
0 24998
17058 17060
0 24998
17063 17065
0 24998
17068 17070
0 24998
17073 17075
0 24998
17078 17080
0 24998
17083 17085
0 24998
17088 17090
0 24998
17093 17095
0 24998
17098 17100
0 24998
17103 17105
0 24998
17108 17110
0 24998
17113 17115
0 24998
17118 17120
0 24998
17123 17125
0 24998
17128 17130
0 24998
17133 17135
0 24998
17138 17140
0 24998
17143 17145
0 24998
17148 17150
0 24998
17153 17155
0 24998
17158 17160
0 24998
17163 17165
0 24998
17168 17170
0 24998
17173 17175
0 24998
17178 17180
0 24998
17183 17185
0 24998
17188 17190
0 24998
17193 17195
0 24998
17198 17200
0 24998
17203 17205
0 24998
17208 17210
0 24998
17213 17215
0 24998
17218 17220
0 24998
17223 17225
0 24998
17228 17230
0 24998
17233 17235
0 24998
17238 17240
0 24998
17243 17245
0 24998
17248 17250
0 24998
17253 17255
0 24998
17258 17260
0 24998
17263 17265
0 24998
17268 17270
0 24998
17273 17275
0 24998
17278 17280
0 24998
17283 17285
0 24998
17288 17290
0 24998
17293 17295
0 24998
17298 17300
0 24998
17303 17305
0 24998
17308 17310
0 24998
17313 17315
0 24998
17318 17320
0 24998
17323 17325
0 24998
17328 17330
0 24998
17333 17335
0 24998
17338 17340
0 24998
17343 17345
0 24998
17348 17350
0 24998
17353 17355
0 24998
17358 17360
0 24998
17363 17365
0 24998
17368 17370
0 24998
17373 17375
0 24998
17378 17380
0 24998
17383 17385
0 24998
17388 17390
0 24998
17393 17395
0 24998
17398 17400
0 24998
17403 17405
0 24998
17408 17410
0 24998
17413 17415
0 24998
17418 17420
0 24998
17423 17425
0 24998
17428 17430
0 24998
17433 17435
0 24998
17438 17440
0 24998
17443 17445
0 24998
17448 17450
0 24998
17453 17455
0 24998
17458 17460
0 24998
17463 17465
0 24998
17468 17470
0 24998
17473 17475
0 24998
17478 17480
0 24998
17483 17485
0 24998
17488 17490
0 24998
17493 17495
0 24998
17498 17500
0 24998
17503 17505
0 24998
17508 17510
0 24998
17513 17515
0 24998
17518 17520
0 24998
17523 17525
0 24998
17528 17530
0 24998
17533 17535
0 24998
17538 17540
0 24998
17543 17545
0 24998
17548 17550
0 24998
17553 17555
0 24998
17558 17560
0 24998
17563 17565
0 24998
17568 17570
0 24998
17573 17575
0 24998
17578 17580
0 24998
17583 17585
0 24998
17588 17590
0 24998
17593 17595
0 24998
17598 17600
0 24998
17603 17605
0 24998
17608 17610
0 24998
17613 17615
0 24998
17618 17620
0 24998
17623 17625
0 24998
17628 17630
0 24998
17633 17635
0 24998
17638 17640
0 24998
17643 17645
0 24998
17648 17650
0 24998
17653 17655
0 24998
17658 17660
0 24998
17663 17665
0 24998
17668 17670
0 24998
17673 17675
0 24998
17678 17680
0 24998
17683 17685
0 24998
17688 17690
0 24998
17693 17695
0 24998
17698 17700
0 24998
17703 17705
0 24998
17708 17710
0 24998
17713 17715
0 24998
17718 17720
0 24998
17723 17725
0 24998
17728 17730
0 24998
17733 17735
0 24998
17738 17740
0 24998
17743 17745
0 24998
17748 17750
0 24998
17753 17755
0 24998
17758 17760
0 24998
17763 17765
0 24998
17768 17770
0 24998
17773 17775
0 24998
17778 17780
0 24998
17783 17785
0 24998
17788 17790
0 24998
17793 17795
0 24998
17798 17800
0 24998
17803 17805
0 24998
17808 17810
0 24998
17813 17815
0 24998
17818 17820
0 24998
17823 17825
0 24998
17828 17830
0 24998
17833 17835
0 24998
17838 17840
0 24998
17843 17845
0 24998
17848 17850
0 24998
17853 17855
0 24998
17858 17860
0 24998
17863 17865
0 24998
17868 17870
0 24998
17873 17875
0 24998
17878 17880
0 24998
17883 17885
0 24998
17888 17890
0 24998
17893 17895
0 24998
17898 17900
0 24998
17903 17905
0 24998
17908 17910
0 24998
17913 17915
0 24998
17918 17920
0 24998
17923 17925
0 24998
17928 17930
0 24998
17933 17935
0 24998
17938 17940
0 24998
17943 17945
0 24998
17948 17950
0 24998
17953 17955
0 24998
17958 17960
0 24998
17963 17965
0 24998
17968 17970
0 24998
17973 17975
0 24998
17978 17980
0 24998
17983 17985
0 24998
17988 17990
0 24998
17993 17995
0 24998
17998 18000
0 24998
18003 18005
0 24998
18008 18010
0 24998
18013 18015
0 24998
18018 18020
0 24998
18023 18025
0 24998
18028 18030
0 24998
18033 18035
0 24998
18038 18040
0 24998
18043 18045
0 24998
18048 18050
0 24998
18053 18055
0 24998
18058 18060
0 24998
18063 18065
0 24998
18068 18070
0 24998
18073 18075
0 24998
18078 18080
0 24998
18083 18085
0 24998
18088 18090
0 24998
18093 18095
0 24998
18098 18100
0 24998
18103 18105
0 24998
18108 18110
0 24998
18113 18115
0 24998
18118 18120
0 24998
18123 18125
0 24998
18128 18130
0 24998
18133 18135
0 24998
18138 18140
0 24998
18143 18145
0 24998
18148 18150
0 24998
18153 18155
0 24998
18158 18160
0 24998
18163 18165
0 24998
18168 18170
0 24998
18173 18175
0 24998
18178 18180
0 24998
18183 18185
0 24998
18188 18190
0 24998
18193 18195
0 24998
18198 18200
0 24998
18203 18205
0 24998
18208 18210
0 24998
18213 18215
0 24998
18218 18220
0 24998
18223 18225
0 24998
18228 18230
0 24998
18233 18235
0 24998
18238 18240
0 24998
18243 18245
0 24998
18248 18250
0 24998
18253 18255
0 24998
18258 18260
0 24998
18263 18265
0 24998
18268 18270
0 24998
18273 18275
0 24998
18278 18280
0 24998
18283 18285
0 24998
18288 18290
0 24998
18293 18295
0 24998
18298 18300
0 24998
18303 18305
0 24998
18308 18310
0 24998
18313 18315
0 24998
18318 18320
0 24998
18323 18325
0 24998
18328 18330
0 24998
18333 18335
0 24998
18338 18340
0 24998
18343 18345
0 24998
18348 18350
0 24998
18353 18355
0 24998
18358 18360
0 24998
18363 18365
0 24998
18368 18370
0 24998
18373 18375
0 24998
18378 18380
0 24998
18383 18385
0 24998
18388 18390
0 24998
18393 18395
0 24998
18398 18400
0 24998
18403 18405
0 24998
18408 18410
0 24998
18413 18415
0 24998
18418 18420
0 24998
18423 18425
0 24998
18428 18430
0 24998
18433 18435
0 24998
18438 18440
0 24998
18443 18445
0 24998
18448 18450
0 24998
18453 18455
0 24998
18458 18460
0 24998
18463 18465
0 24998
18468 18470
0 24998
18473 18475
0 24998
18478 18480
0 24998
18483 18485
0 24998
18488 18490
0 24998
18493 18495
0 24998
18498 18500
0 24998
18503 18505
0 24998
18508 18510
0 24998
18513 18515
0 24998
18518 18520
0 24998
18523 18525
0 24998
18528 18530
0 24998
18533 18535
0 24998
18538 18540
0 24998
18543 18545
0 24998
18548 18550
0 24998
18553 18555
0 24998
18558 18560
0 24998
18563 18565
0 24998
18568 18570
0 24998
18573 18575
0 24998
18578 18580
0 24998
18583 18585
0 24998
18588 18590
0 24998
18593 18595
0 24998
18598 18600
0 24998
18603 18605
0 24998
18608 18610
0 24998
18613 18615
0 24998
18618 18620
0 24998
18623 18625
0 24998
18628 18630
0 24998
18633 18635
0 24998
18638 18640
0 24998
18643 18645
0 24998
18648 18650
0 24998
18653 18655
0 24998
18658 18660
0 24998
18663 18665
0 24998
18668 18670
0 24998
18673 18675
0 24998
18678 18680
0 24998
18683 18685
0 24998
18688 18690
0 24998
18693 18695
0 24998
18698 18700
0 24998
18703 18705
0 24998
18708 18710
0 24998
18713 18715
0 24998
18718 18720
0 24998
18723 18725
0 24998
18728 18730
0 24998
18733 18735
0 24998
18738 18740
0 24998
18743 18745
0 24998
18748 18750
0 24998
18753 18755
0 24998
18758 18760
0 24998
18763 18765
0 24998
18768 18770
0 24998
18773 18775
0 24998
18778 18780
0 24998
18783 18785
0 24998
18788 18790
0 24998
18793 18795
0 24998
18798 18800
0 24998
18803 18805
0 24998
18808 18810
0 24998
18813 18815
0 24998
18818 18820
0 24998
18823 18825
0 24998
18828 18830
0 24998
18833 18835
0 24998
18838 18840
0 24998
18843 18845
0 24998
18848 18850
0 24998
18853 18855
0 24998
18858 18860
0 24998
18863 18865
0 24998
18868 18870
0 24998
18873 18875
0 24998
18878 18880
0 24998
18883 18885
0 24998
18888 18890
0 24998
18893 18895
0 24998
18898 18900
0 24998
18903 18905
0 24998
18908 18910
0 24998
18913 18915
0 24998
18918 18920
0 24998
18923 18925
0 24998
18928 18930
0 24998
18933 18935
0 24998
18938 18940
0 24998
18943 18945
0 24998
18948 18950
0 24998
18953 18955
0 24998
18958 18960
0 24998
18963 18965
0 24998
18968 18970
0 24998
18973 18975
0 24998
18978 18980
0 24998
18983 18985
0 24998
18988 18990
0 24998
18993 18995
0 24998
18998 19000
0 24998
19003 19005
0 24998
19008 19010
0 24998
19013 19015
0 24998
19018 19020
0 24998
19023 19025
0 24998
19028 19030
0 24998
19033 19035
0 24998
19038 19040
0 24998
19043 19045
0 24998
19048 19050
0 24998
19053 19055
0 24998
19058 19060
0 24998
19063 19065
0 24998
19068 19070
0 24998
19073 19075
0 24998
19078 19080
0 24998
19083 19085
0 24998
19088 19090
0 24998
19093 19095
0 24998
19098 19100
0 24998
19103 19105
0 24998
19108 19110
0 24998
19113 19115
0 24998
19118 19120
0 24998
19123 19125
0 24998
19128 19130
0 24998
19133 19135
0 24998
19138 19140
0 24998
19143 19145
0 24998
19148 19150
0 24998
19153 19155
0 24998
19158 19160
0 24998
19163 19165
0 24998
19168 19170
0 24998
19173 19175
0 24998
19178 19180
0 24998
19183 19185
0 24998
19188 19190
0 24998
19193 19195
0 24998
19198 19200
0 24998
19203 19205
0 24998
19208 19210
0 24998
19213 19215
0 24998
19218 19220
0 24998
19223 19225
0 24998
19228 19230
0 24998
19233 19235
0 24998
19238 19240
0 24998
19243 19245
0 24998
19248 19250
0 24998
19253 19255
0 24998
19258 19260
0 24998
19263 19265
0 24998
19268 19270
0 24998
19273 19275
0 24998
19278 19280
0 24998
19283 19285
0 24998
19288 19290
0 24998
19293 19295
0 24998
19298 19300
0 24998
19303 19305
0 24998
19308 19310
0 24998
19313 19315
0 24998
19318 19320
0 24998
19323 19325
0 24998
19328 19330
0 24998
19333 19335
0 24998
19338 19340
0 24998
19343 19345
0 24998
19348 19350
0 24998
19353 19355
0 24998
19358 19360
0 24998
19363 19365
0 24998
19368 19370
0 24998
19373 19375
0 24998
19378 19380
0 24998
19383 19385
0 24998
19388 19390
0 24998
19393 19395
0 24998
19398 19400
0 24998
19403 19405
0 24998
19408 19410
0 24998
19413 19415
0 24998
19418 19420
0 24998
19423 19425
0 24998
19428 19430
0 24998
19433 19435
0 24998
19438 19440
0 24998
19443 19445
0 24998
19448 19450
0 24998
19453 19455
0 24998
19458 19460
0 24998
19463 19465
0 24998
19468 19470
0 24998
19473 19475
0 24998
19478 19480
0 24998
19483 19485
0 24998
19488 19490
0 24998
19493 19495
0 24998
19498 19500
0 24998
19503 19505
0 24998
19508 19510
0 24998
19513 19515
0 24998
19518 19520
0 24998
19523 19525
0 24998
19528 19530
0 24998
19533 19535
0 24998
19538 19540
0 24998
19543 19545
0 24998
19548 19550
0 24998
19553 19555
0 24998
19558 19560
0 24998
19563 19565
0 24998
19568 19570
0 24998
19573 19575
0 24998
19578 19580
0 24998
19583 19585
0 24998
19588 19590
0 24998
19593 19595
0 24998
19598 19600
0 24998
19603 19605
0 24998
19608 19610
0 24998
19613 19615
0 24998
19618 19620
0 24998
19623 19625
0 24998
19628 19630
0 24998
19633 19635
0 24998
19638 19640
0 24998
19643 19645
0 24998
19648 19650
0 24998
19653 19655
0 24998
19658 19660
0 24998
19663 19665
0 24998
19668 19670
0 24998
19673 19675
0 24998
19678 19680
0 24998
19683 19685
0 24998
19688 19690
0 24998
19693 19695
0 24998
19698 19700
0 24998
19703 19705
0 24998
19708 19710
0 24998
19713 19715
0 24998
19718 19720
0 24998
19723 19725
0 24998
19728 19730
0 24998
19733 19735
0 24998
19738 19740
0 24998
19743 19745
0 24998
19748 19750
0 24998
19753 19755
0 24998
19758 19760
0 24998
19763 19765
0 24998
19768 19770
0 24998
19773 19775
0 24998
19778 19780
0 24998
19783 19785
0 24998
19788 19790
0 24998
19793 19795
0 24998
19798 19800
0 24998
19803 19805
0 24998
19808 19810
0 24998
19813 19815
0 24998
19818 19820
0 24998
19823 19825
0 24998
19828 19830
0 24998
19833 19835
0 24998
19838 19840
0 24998
19843 19845
0 24998
19848 19850
0 24998
19853 19855
0 24998
19858 19860
0 24998
19863 19865
0 24998
19868 19870
0 24998
19873 19875
0 24998
19878 19880
0 24998
19883 19885
0 24998
19888 19890
0 24998
19893 19895
0 24998
19898 19900
0 24998
19903 19905
0 24998
19908 19910
0 24998
19913 19915
0 24998
19918 19920
0 24998
19923 19925
0 24998
19928 19930
0 24998
19933 19935
0 24998
19938 19940
0 24998
19943 19945
0 24998
19948 19950
0 24998
19953 19955
0 24998
19958 19960
0 24998
19963 19965
0 24998
19968 19970
0 24998
19973 19975
0 24998
19978 19980
0 24998
19983 19985
0 24998
19988 19990
0 24998
19993 19995
0 24998
19998 20000
0 24998
20003 20005
0 24998
20008 20010
0 24998
20013 20015
0 24998
20018 20020
0 24998
20023 20025
0 24998
20028 20030
0 24998
20033 20035
0 24998
20038 20040
0 24998
20043 20045
0 24998
20048 20050
0 24998
20053 20055
0 24998
20058 20060
0 24998
20063 20065
0 24998
20068 20070
0 24998
20073 20075
0 24998
20078 20080
0 24998
20083 20085
0 24998
20088 20090
0 24998
20093 20095
0 24998
20098 20100
0 24998
20103 20105
0 24998
20108 20110
0 24998
20113 20115
0 24998
20118 20120
0 24998
20123 20125
0 24998
20128 20130
0 24998
20133 20135
0 24998
20138 20140
0 24998
20143 20145
0 24998
20148 20150
0 24998
20153 20155
0 24998
20158 20160
0 24998
20163 20165
0 24998
20168 20170
0 24998
20173 20175
0 24998
20178 20180
0 24998
20183 20185
0 24998
20188 20190
0 24998
20193 20195
0 24998
20198 20200
0 24998
20203 20205
0 24998
20208 20210
0 24998
20213 20215
0 24998
20218 20220
0 24998
20223 20225
0 24998
20228 20230
0 24998
20233 20235
0 24998
20238 20240
0 24998
20243 20245
0 24998
20248 20250
0 24998
20253 20255
0 24998
20258 20260
0 24998
20263 20265
0 24998
20268 20270
0 24998
20273 20275
0 24998
20278 20280
0 24998
20283 20285
0 24998
20288 20290
0 24998
20293 20295
0 24998
20298 20300
0 24998
20303 20305
0 24998
20308 20310
0 24998
20313 20315
0 24998
20318 20320
0 24998
20323 20325
0 24998
20328 20330
0 24998
20333 20335
0 24998
20338 20340
0 24998
20343 20345
0 24998
20348 20350
0 24998
20353 20355
0 24998
20358 20360
0 24998
20363 20365
0 24998
20368 20370
0 24998
20373 20375
0 24998
20378 20380
0 24998
20383 20385
0 24998
20388 20390
0 24998
20393 20395
0 24998
20398 20400
0 24998
20403 20405
0 24998
20408 20410
0 24998
20413 20415
0 24998
20418 20420
0 24998
20423 20425
0 24998
20428 20430
0 24998
20433 20435
0 24998
20438 20440
0 24998
20443 20445
0 24998
20448 20450
0 24998
20453 20455
0 24998
20458 20460
0 24998
20463 20465
0 24998
20468 20470
0 24998
20473 20475
0 24998
20478 20480
0 24998
20483 20485
0 24998
20488 20490
0 24998
20493 20495
0 24998
20498 20500
0 24998
20503 20505
0 24998
20508 20510
0 24998
20513 20515
0 24998
20518 20520
0 24998
20523 20525
0 24998
20528 20530
0 24998
20533 20535
0 24998
20538 20540
0 24998
20543 20545
0 24998
20548 20550
0 24998
20553 20555
0 24998
20558 20560
0 24998
20563 20565
0 24998
20568 20570
0 24998
20573 20575
0 24998
20578 20580
0 24998
20583 20585
0 24998
20588 20590
0 24998
20593 20595
0 24998
20598 20600
0 24998
20603 20605
0 24998
20608 20610
0 24998
20613 20615
0 24998
20618 20620
0 24998
20623 20625
0 24998
20628 20630
0 24998
20633 20635
0 24998
20638 20640
0 24998
20643 20645
0 24998
20648 20650
0 24998
20653 20655
0 24998
20658 20660
0 24998
20663 20665
0 24998
20668 20670
0 24998
20673 20675
0 24998
20678 20680
0 24998
20683 20685
0 24998
20688 20690
0 24998
20693 20695
0 24998
20698 20700
0 24998
20703 20705
0 24998
20708 20710
0 24998
20713 20715
0 24998
20718 20720
0 24998
20723 20725
0 24998
20728 20730
0 24998
20733 20735
0 24998
20738 20740
0 24998
20743 20745
0 24998
20748 20750
0 24998
20753 20755
0 24998
20758 20760
0 24998
20763 20765
0 24998
20768 20770
0 24998
20773 20775
0 24998
20778 20780
0 24998
20783 20785
0 24998
20788 20790
0 24998
20793 20795
0 24998
20798 20800
0 24998
20803 20805
0 24998
20808 20810
0 24998
20813 20815
0 24998
20818 20820
0 24998
20823 20825
0 24998
20828 20830
0 24998
20833 20835
0 24998
20838 20840
0 24998
20843 20845
0 24998
20848 20850
0 24998
20853 20855
0 24998
20858 20860
0 24998
20863 20865
0 24998
20868 20870
0 24998
20873 20875
0 24998
20878 20880
0 24998
20883 20885
0 24998
20888 20890
0 24998
20893 20895
0 24998
20898 20900
0 24998
20903 20905
0 24998
20908 20910
0 24998
20913 20915
0 24998
20918 20920
0 24998
20923 20925
0 24998
20928 20930
0 24998
20933 20935
0 24998
20938 20940
0 24998
20943 20945
0 24998
20948 20950
0 24998
20953 20955
0 24998
20958 20960
0 24998
20963 20965
0 24998
20968 20970
0 24998
20973 20975
0 24998
20978 20980
0 24998
20983 20985
0 24998
20988 20990
0 24998
20993 20995
0 24998
20998 21000
0 24998
21003 21005
0 24998
21008 21010
0 24998
21013 21015
0 24998
21018 21020
0 24998
21023 21025
0 24998
21028 21030
0 24998
21033 21035
0 24998
21038 21040
0 24998
21043 21045
0 24998
21048 21050
0 24998
21053 21055
0 24998
21058 21060
0 24998
21063 21065
0 24998
21068 21070
0 24998
21073 21075
0 24998
21078 21080
0 24998
21083 21085
0 24998
21088 21090
0 24998
21093 21095
0 24998
21098 21100
0 24998
21103 21105
0 24998
21108 21110
0 24998
21113 21115
0 24998
21118 21120
0 24998
21123 21125
0 24998
21128 21130
0 24998
21133 21135
0 24998
21138 21140
0 24998
21143 21145
0 24998
21148 21150
0 24998
21153 21155
0 24998
21158 21160
0 24998
21163 21165
0 24998
21168 21170
0 24998
21173 21175
0 24998
21178 21180
0 24998
21183 21185
0 24998
21188 21190
0 24998
21193 21195
0 24998
21198 21200
0 24998
21203 21205
0 24998
21208 21210
0 24998
21213 21215
0 24998
21218 21220
0 24998
21223 21225
0 24998
21228 21230
0 24998
21233 21235
0 24998
21238 21240
0 24998
21243 21245
0 24998
21248 21250
0 24998
21253 21255
0 24998
21258 21260
0 24998
21263 21265
0 24998
21268 21270
0 24998
21273 21275
0 24998
21278 21280
0 24998
21283 21285
0 24998
21288 21290
0 24998
21293 21295
0 24998
21298 21300
0 24998
21303 21305
0 24998
21308 21310
0 24998
21313 21315
0 24998
21318 21320
0 24998
21323 21325
0 24998
21328 21330
0 24998
21333 21335
0 24998
21338 21340
0 24998
21343 21345
0 24998
21348 21350
0 24998
21353 21355
0 24998
21358 21360
0 24998
21363 21365
0 24998
21368 21370
0 24998
21373 21375
0 24998
21378 21380
0 24998
21383 21385
0 24998
21388 21390
0 24998
21393 21395
0 24998
21398 21400
0 24998
21403 21405
0 24998
21408 21410
0 24998
21413 21415
0 24998
21418 21420
0 24998
21423 21425
0 24998
21428 21430
0 24998
21433 21435
0 24998
21438 21440
0 24998
21443 21445
0 24998
21448 21450
0 24998
21453 21455
0 24998
21458 21460
0 24998
21463 21465
0 24998
21468 21470
0 24998
21473 21475
0 24998
21478 21480
0 24998
21483 21485
0 24998
21488 21490
0 24998
21493 21495
0 24998
21498 21500
0 24998
21503 21505
0 24998
21508 21510
0 24998
21513 21515
0 24998
21518 21520
0 24998
21523 21525
0 24998
21528 21530
0 24998
21533 21535
0 24998
21538 21540
0 24998
21543 21545
0 24998
21548 21550
0 24998
21553 21555
0 24998
21558 21560
0 24998
21563 21565
0 24998
21568 21570
0 24998
21573 21575
0 24998
21578 21580
0 24998
21583 21585
0 24998
21588 21590
0 24998
21593 21595
0 24998
21598 21600
0 24998
21603 21605
0 24998
21608 21610
0 24998
21613 21615
0 24998
21618 21620
0 24998
21623 21625
0 24998
21628 21630
0 24998
21633 21635
0 24998
21638 21640
0 24998
21643 21645
0 24998
21648 21650
0 24998
21653 21655
0 24998
21658 21660
0 24998
21663 21665
0 24998
21668 21670
0 24998
21673 21675
0 24998
21678 21680
0 24998
21683 21685
0 24998
21688 21690
0 24998
21693 21695
0 24998
21698 21700
0 24998
21703 21705
0 24998
21708 21710
0 24998
21713 21715
0 24998
21718 21720
0 24998
21723 21725
0 24998
21728 21730
0 24998
21733 21735
0 24998
21738 21740
0 24998
21743 21745
0 24998
21748 21750
0 24998
21753 21755
0 24998
21758 21760
0 24998
21763 21765
0 24998
21768 21770
0 24998
21773 21775
0 24998
21778 21780
0 24998
21783 21785
0 24998
21788 21790
0 24998
21793 21795
0 24998
21798 21800
0 24998
21803 21805
0 24998
21808 21810
0 24998
21813 21815
0 24998
21818 21820
0 24998
21823 21825
0 24998
21828 21830
0 24998
21833 21835
0 24998
21838 21840
0 24998
21843 21845
0 24998
21848 21850
0 24998
21853 21855
0 24998
21858 21860
0 24998
21863 21865
0 24998
21868 21870
0 24998
21873 21875
0 24998
21878 21880
0 24998
21883 21885
0 24998
21888 21890
0 24998
21893 21895
0 24998
21898 21900
0 24998
21903 21905
0 24998
21908 21910
0 24998
21913 21915
0 24998
21918 21920
0 24998
21923 21925
0 24998
21928 21930
0 24998
21933 21935
0 24998
21938 21940
0 24998
21943 21945
0 24998
21948 21950
0 24998
21953 21955
0 24998
21958 21960
0 24998
21963 21965
0 24998
21968 21970
0 24998
21973 21975
0 24998
21978 21980
0 24998
21983 21985
0 24998
21988 21990
0 24998
21993 21995
0 24998
21998 22000
0 24998
22003 22005
0 24998
22008 22010
0 24998
22013 22015
0 24998
22018 22020
0 24998
22023 22025
0 24998
22028 22030
0 24998
22033 22035
0 24998
22038 22040
0 24998
22043 22045
0 24998
22048 22050
0 24998
22053 22055
0 24998
22058 22060
0 24998
22063 22065
0 24998
22068 22070
0 24998
22073 22075
0 24998
22078 22080
0 24998
22083 22085
0 24998
22088 22090
0 24998
22093 22095
0 24998
22098 22100
0 24998
22103 22105
0 24998
22108 22110
0 24998
22113 22115
0 24998
22118 22120
0 24998
22123 22125
0 24998
22128 22130
0 24998
22133 22135
0 24998
22138 22140
0 24998
22143 22145
0 24998
22148 22150
0 24998
22153 22155
0 24998
22158 22160
0 24998
22163 22165
0 24998
22168 22170
0 24998
22173 22175
0 24998
22178 22180
0 24998
22183 22185
0 24998
22188 22190
0 24998
22193 22195
0 24998
22198 22200
0 24998
22203 22205
0 24998
22208 22210
0 24998
22213 22215
0 24998
22218 22220
0 24998
22223 22225
0 24998
22228 22230
0 24998
22233 22235
0 24998
22238 22240
0 24998
22243 22245
0 24998
22248 22250
0 24998
22253 22255
0 24998
22258 22260
0 24998
22263 22265
0 24998
22268 22270
0 24998
22273 22275
0 24998
22278 22280
0 24998
22283 22285
0 24998
22288 22290
0 24998
22293 22295
0 24998
22298 22300
0 24998
22303 22305
0 24998
22308 22310
0 24998
22313 22315
0 24998
22318 22320
0 24998
22323 22325
0 24998
22328 22330
0 24998
22333 22335
0 24998
22338 22340
0 24998
22343 22345
0 24998
22348 22350
0 24998
22353 22355
0 24998
22358 22360
0 24998
22363 22365
0 24998
22368 22370
0 24998
22373 22375
0 24998
22378 22380
0 24998
22383 22385
0 24998
22388 22390
0 24998
22393 22395
0 24998
22398 22400
0 24998
22403 22405
0 24998
22408 22410
0 24998
22413 22415
0 24998
22418 22420
0 24998
22423 22425
0 24998
22428 22430
0 24998
22433 22435
0 24998
22438 22440
0 24998
22443 22445
0 24998
22448 22450
0 24998
22453 22455
0 24998
22458 22460
0 24998
22463 22465
0 24998
22468 22470
0 24998
22473 22475
0 24998
22478 22480
0 24998
22483 22485
0 24998
22488 22490
0 24998
22493 22495
0 24998
22498 22500
0 24998
22503 22505
0 24998
22508 22510
0 24998
22513 22515
0 24998
22518 22520
0 24998
22523 22525
0 24998
22528 22530
0 24998
22533 22535
0 24998
22538 22540
0 24998
22543 22545
0 24998
22548 22550
0 24998
22553 22555
0 24998
22558 22560
0 24998
22563 22565
0 24998
22568 22570
0 24998
22573 22575
0 24998
22578 22580
0 24998
22583 22585
0 24998
22588 22590
0 24998
22593 22595
0 24998
22598 22600
0 24998
22603 22605
0 24998
22608 22610
0 24998
22613 22615
0 24998
22618 22620
0 24998
22623 22625
0 24998
22628 22630
0 24998
22633 22635
0 24998
22638 22640
0 24998
22643 22645
0 24998
22648 22650
0 24998
22653 22655
0 24998
22658 22660
0 24998
22663 22665
0 24998
22668 22670
0 24998
22673 22675
0 24998
22678 22680
0 24998
22683 22685
0 24998
22688 22690
0 24998
22693 22695
0 24998
22698 22700
0 24998
22703 22705
0 24998
22708 22710
0 24998
22713 22715
0 24998
22718 22720
0 24998
22723 22725
0 24998
22728 22730
0 24998
22733 22735
0 24998
22738 22740
0 24998
22743 22745
0 24998
22748 22750
0 24998
22753 22755
0 24998
22758 22760
0 24998
22763 22765
0 24998
22768 22770
0 24998
22773 22775
0 24998
22778 22780
0 24998
22783 22785
0 24998
22788 22790
0 24998
22793 22795
0 24998
22798 22800
0 24998
22803 22805
0 24998
22808 22810
0 24998
22813 22815
0 24998
22818 22820
0 24998
22823 22825
0 24998
22828 22830
0 24998
22833 22835
0 24998
22838 22840
0 24998
22843 22845
0 24998
22848 22850
0 24998
22853 22855
0 24998
22858 22860
0 24998
22863 22865
0 24998
22868 22870
0 24998
22873 22875
0 24998
22878 22880
0 24998
22883 22885
0 24998
22888 22890
0 24998
22893 22895
0 24998
22898 22900
0 24998
22903 22905
0 24998
22908 22910
0 24998
22913 22915
0 24998
22918 22920
0 24998
22923 22925
0 24998
22928 22930
0 24998
22933 22935
0 24998
22938 22940
0 24998
22943 22945
0 24998
22948 22950
0 24998
22953 22955
0 24998
22958 22960
0 24998
22963 22965
0 24998
22968 22970
0 24998
22973 22975
0 24998
22978 22980
0 24998
22983 22985
0 24998
22988 22990
0 24998
22993 22995
0 24998
22998 23000
0 24998
23003 23005
0 24998
23008 23010
0 24998
23013 23015
0 24998
23018 23020
0 24998
23023 23025
0 24998
23028 23030
0 24998
23033 23035
0 24998
23038 23040
0 24998
23043 23045
0 24998
23048 23050
0 24998
23053 23055
0 24998
23058 23060
0 24998
23063 23065
0 24998
23068 23070
0 24998
23073 23075
0 24998
23078 23080
0 24998
23083 23085
0 24998
23088 23090
0 24998
23093 23095
0 24998
23098 23100
0 24998
23103 23105
0 24998
23108 23110
0 24998
23113 23115
0 24998
23118 23120
0 24998
23123 23125
0 24998
23128 23130
0 24998
23133 23135
0 24998
23138 23140
0 24998
23143 23145
0 24998
23148 23150
0 24998
23153 23155
0 24998
23158 23160
0 24998
23163 23165
0 24998
23168 23170
0 24998
23173 23175
0 24998
23178 23180
0 24998
23183 23185
0 24998
23188 23190
0 24998
23193 23195
0 24998
23198 23200
0 24998
23203 23205
0 24998
23208 23210
0 24998
23213 23215
0 24998
23218 23220
0 24998
23223 23225
0 24998
23228 23230
0 24998
23233 23235
0 24998
23238 23240
0 24998
23243 23245
0 24998
23248 23250
0 24998
23253 23255
0 24998
23258 23260
0 24998
23263 23265
0 24998
23268 23270
0 24998
23273 23275
0 24998
23278 23280
0 24998
23283 23285
0 24998
23288 23290
0 24998
23293 23295
0 24998
23298 23300
0 24998
23303 23305
0 24998
23308 23310
0 24998
23313 23315
0 24998
23318 23320
0 24998
23323 23325
0 24998
23328 23330
0 24998
23333 23335
0 24998
23338 23340
0 24998
23343 23345
0 24998
23348 23350
0 24998
23353 23355
0 24998
23358 23360
0 24998
23363 23365
0 24998
23368 23370
0 24998
23373 23375
0 24998
23378 23380
0 24998
23383 23385
0 24998
23388 23390
0 24998
23393 23395
0 24998
23398 23400
0 24998
23403 23405
0 24998
23408 23410
0 24998
23413 23415
0 24998
23418 23420
0 24998
23423 23425
0 24998
23428 23430
0 24998
23433 23435
0 24998
23438 23440
0 24998
23443 23445
0 24998
23448 23450
0 24998
23453 23455
0 24998
23458 23460
0 24998
23463 23465
0 24998
23468 23470
0 24998
23473 23475
0 24998
23478 23480
0 24998
23483 23485
0 24998
23488 23490
0 24998
23493 23495
0 24998
23498 23500
0 24998
23503 23505
0 24998
23508 23510
0 24998
23513 23515
0 24998
23518 23520
0 24998
23523 23525
0 24998
23528 23530
0 24998
23533 23535
0 24998
23538 23540
0 24998
23543 23545
0 24998
23548 23550
0 24998
23553 23555
0 24998
23558 23560
0 24998
23563 23565
0 24998
23568 23570
0 24998
23573 23575
0 24998
23578 23580
0 24998
23583 23585
0 24998
23588 23590
0 24998
23593 23595
0 24998
23598 23600
0 24998
23603 23605
0 24998
23608 23610
0 24998
23613 23615
0 24998
23618 23620
0 24998
23623 23625
0 24998
23628 23630
0 24998
23633 23635
0 24998
23638 23640
0 24998
23643 23645
0 24998
23648 23650
0 24998
23653 23655
0 24998
23658 23660
0 24998
23663 23665
0 24998
23668 23670
0 24998
23673 23675
0 24998
23678 23680
0 24998
23683 23685
0 24998
23688 23690
0 24998
23693 23695
0 24998
23698 23700
0 24998
23703 23705
0 24998
23708 23710
0 24998
23713 23715
0 24998
23718 23720
0 24998
23723 23725
0 24998
23728 23730
0 24998
23733 23735
0 24998
23738 23740
0 24998
23743 23745
0 24998
23748 23750
0 24998
23753 23755
0 24998
23758 23760
0 24998
23763 23765
0 24998
23768 23770
0 24998
23773 23775
0 24998
23778 23780
0 24998
23783 23785
0 24998
23788 23790
0 24998
23793 23795
0 24998
23798 23800
0 24998
23803 23805
0 24998
23808 23810
0 24998
23813 23815
0 24998
23818 23820
0 24998
23823 23825
0 24998
23828 23830
0 24998
23833 23835
0 24998
23838 23840
0 24998
23843 23845
0 24998
23848 23850
0 24998
23853 23855
0 24998
23858 23860
0 24998
23863 23865
0 24998
23868 23870
0 24998
23873 23875
0 24998
23878 23880
0 24998
23883 23885
0 24998
23888 23890
0 24998
23893 23895
0 24998
23898 23900
0 24998
23903 23905
0 24998
23908 23910
0 24998
23913 23915
0 24998
23918 23920
0 24998
23923 23925
0 24998
23928 23930
0 24998
23933 23935
0 24998
23938 23940
0 24998
23943 23945
0 24998
23948 23950
0 24998
23953 23955
0 24998
23958 23960
0 24998
23963 23965
0 24998
23968 23970
0 24998
23973 23975
0 24998
23978 23980
0 24998
23983 23985
0 24998
23988 23990
0 24998
23993 23995
0 24998
23998 24000
0 24998
24003 24005
0 24998
24008 24010
0 24998
24013 24015
0 24998
24018 24020
0 24998
24023 24025
0 24998
24028 24030
0 24998
24033 24035
0 24998
24038 24040
0 24998
24043 24045
0 24998
24048 24050
0 24998
24053 24055
0 24998
24058 24060
0 24998
24063 24065
0 24998
24068 24070
0 24998
24073 24075
0 24998
24078 24080
0 24998
24083 24085
0 24998
24088 24090
0 24998
24093 24095
0 24998
24098 24100
0 24998
24103 24105
0 24998
24108 24110
0 24998
24113 24115
0 24998
24118 24120
0 24998
24123 24125
0 24998
24128 24130
0 24998
24133 24135
0 24998
24138 24140
0 24998
24143 24145
0 24998
24148 24150
0 24998
24153 24155
0 24998
24158 24160
0 24998
24163 24165
0 24998
24168 24170
0 24998
24173 24175
0 24998
24178 24180
0 24998
24183 24185
0 24998
24188 24190
0 24998
24193 24195
0 24998
24198 24200
0 24998
24203 24205
0 24998
24208 24210
0 24998
24213 24215
0 24998
24218 24220
0 24998
24223 24225
0 24998
24228 24230
0 24998
24233 24235
0 24998
24238 24240
0 24998
24243 24245
0 24998
24248 24250
0 24998
24253 24255
0 24998
24258 24260
0 24998
24263 24265
0 24998
24268 24270
0 24998
24273 24275
0 24998
24278 24280
0 24998
24283 24285
0 24998
24288 24290
0 24998
24293 24295
0 24998
24298 24300
0 24998
24303 24305
0 24998
24308 24310
0 24998
24313 24315
0 24998
24318 24320
0 24998
24323 24325
0 24998
24328 24330
0 24998
24333 24335
0 24998
24338 24340
0 24998
24343 24345
0 24998
24348 24350
0 24998
24353 24355
0 24998
24358 24360
0 24998
24363 24365
0 24998
24368 24370
0 24998
24373 24375
0 24998
24378 24380
0 24998
24383 24385
0 24998
24388 24390
0 24998
24393 24395
0 24998
24398 24400
0 24998
24403 24405
0 24998
24408 24410
0 24998
24413 24415
0 24998
24418 24420
0 24998
24423 24425
0 24998
24428 24430
0 24998
24433 24435
0 24998
24438 24440
0 24998
24443 24445
0 24998
24448 24450
0 24998
24453 24455
0 24998
24458 24460
0 24998
24463 24465
0 24998
24468 24470
0 24998
24473 24475
0 24998
24478 24480
0 24998
24483 24485
0 24998
24488 24490
0 24998
24493 24495
0 24998
24498 24500
0 24998
24503 24505
0 24998
24508 24510
0 24998
24513 24515
0 24998
24518 24520
0 24998
24523 24525
0 24998
24528 24530
0 24998
24533 24535
0 24998
24538 24540
0 24998
24543 24545
0 24998
24548 24550
0 24998
24553 24555
0 24998
24558 24560
0 24998
24563 24565
0 24998
24568 24570
0 24998
24573 24575
0 24998
24578 24580
0 24998
24583 24585
0 24998
24588 24590
0 24998
24593 24595
0 24998
24598 24600
0 24998
24603 24605
0 24998
24608 24610
0 24998
24613 24615
0 24998
24618 24620
0 24998
24623 24625
0 24998
24628 24630
0 24998
24633 24635
0 24998
24638 24640
0 24998
24643 24645
0 24998
24648 24650
0 24998
24653 24655
0 24998
24658 24660
0 24998
24663 24665
0 24998
24668 24670
0 24998
24673 24675
0 24998
24678 24680
0 24998
24683 24685
0 24998
24688 24690
0 24998
24693 24695
0 24998
24698 24700
0 24998
24703 24705
0 24998
24708 24710
0 24998
24713 24715
0 24998
24718 24720
0 24998
24723 24725
0 24998
24728 24730
0 24998
24733 24735
0 24998
24738 24740
0 24998
24743 24745
0 24998
24748 24750
0 24998
24753 24755
0 24998
24758 24760
0 24998
24763 24765
0 24998
24768 24770
0 24998
24773 24775
0 24998
24778 24780
0 24998
24783 24785
0 24998
24788 24790
0 24998
24793 24795
0 24998
24798 24800
0 24998
24803 24805
0 24998
24808 24810
0 24998
24813 24815
0 24998
24818 24820
0 24998
24823 24825
0 24998
24828 24830
0 24998
24833 24835
0 24998
24838 24840
0 24998
24843 24845
0 24998
24848 24850
0 24998
24853 24855
0 24998
24858 24860
0 24998
24863 24865
0 24998
24868 24870
0 24998
24873 24875
0 24998
24878 24880
0 24998
24883 24885
0 24998
24888 24890
0 24998
24893 24895
0 24998
24898 24900
0 24998
24903 24905
0 24998
24908 24910
0 24998
24913 24915
0 24998
24918 24920
0 24998
24923 24925
0 24998
24928 24930
0 24998
24933 24935
0 24998
24938 24940
0 24998
24943 24945
0 24998
24948 24950
0 24998
24953 24955
0 24998
24958 24960
0 24998
24963 24965
0 24998
24968 24970
0 24998
24973 24975
0 24998
24978 24980
0 24998
24983 24985
0 24998
24988 24990
0 24998
24993 24995
0 24998
