1000 10
2531 2541
7171 7181
8601 8611
5681 5691
8271 8281
6031 6041
7481 7491
7141 7151
2841 2851
9651 9661
901 911
8101 8111
4581 4591
781 791
9481 9491
1351 1361
4211 4221
8631 8641
7611 7621
2811 2821
7561 7571
2341 2351
3511 3521
2161 2171
931 941
2361 2371
3261 3271
7471 7481
7591 7601
9701 9711
8941 8951
8521 8531
3231 3241
9051 9061
7001 7011
6631 6641
9471 9481
6181 6191
6511 6521
8031 8041
7411 7421
431 441
3291 3301
9631 9641
4101 4111
3041 3051
9821 9831
1021 1031
1481 1491
6901 6911
2101 2111
4591 4601
6161 6171
9161 9171
7671 7681
4161 4171
9831 9841
9761 9771
1251 1261
8551 8561
1431 1441
7291 7301
2941 2951
8121 8131
8931 8941
5031 5041
9221 9231
9911 9921
4021 4031
4141 4151
6611 6621
9681 9691
4691 4701
461 471
8081 8091
5141 5151
9521 9531
3361 3371
2371 2381
1931 1941
1681 1691
71 81
5811 5821
2151 2161
4011 4021
471 481
9201 9211
1421 1431
4831 4841
2501 2511
4971 4981
5191 5201
8381 8391
261 271
3341 3351
7501 7511
1261 1271
6461 6471
1091 1101
2561 2571
8481 8491
1831 1841
9021 9031
711 721
3181 3191
2281 2291
1781 1791
9951 9961
2671 2681
971 981
7331 7341
251 261
9461 9471
2631 2641
9501 9511
1441 1451
7741 7751
921 931
8441 8451
9121 9131
5731 5741
9941 9951
7451 7461
5231 5241
3811 3821
3551 3561
8921 8931
7841 7851
1871 1881
5281 5291
5721 5731
6791 6801
7651 7661
1861 1871
8281 8291
2541 2551
8861 8871
8701 8711
4541 4551
6591 6601
371 381
6821 6831
9181 9191
7911 7921
2751 2761
3971 3981
2851 2861
8201 8211
5841 5851
8001 8011
3151 3161
2801 2811
1271 1281
2021 2031
621 631
7241 7251
2271 2281
5511 5521
9791 9801
4961 4971
6141 6151
4231 4241
8681 8691
5371 5381
791 801
1401 1411
8391 8401
6241 6251
441 451
7771 7781
7541 7551
3411 3421
5291 5301
6251 6261
3931 3941
4181 4191
3741 3751
5181 5191
1561 1571
5121 5131
9891 9901
9031 9041
6661 6671
8721 8731
9861 9871
3661 3671
2761 2771
5021 5031
2331 2341
7251 7261
8181 8191
7101 7111
2401 2411
181 191
1031 1041
9981 9991
7551 7561
6641 6651
1061 1071
9581 9591
8311 8321
3891 3901
8821 8831
761 771
2931 2941
8361 8371
8801 8811
6961 6971
9071 9081
8291 8301
1981 1991
631 641
7191 7201
3421 3431
771 781
9921 9931
5331 5341
991 1001
8961 8971
3581 3591
161 171
3871 3881
4271 4281
2951 2961
861 871
4091 4101
9381 9391
4681 4691
9411 9421
6831 6841
1321 1331
6401 6411
9291 9301
9931 9941
551 561
7491 7501
291 301
7181 7191
7921 7931
8851 8861
1111 1121
1581 1591
721 731
9731 9741
8831 8841
941 951
4721 4731
301 311
4471 4481
2061 2071
4711 4721
5961 5971
4771 4781
5311 5321
111 121
801 811
2771 2781
7521 7531
5071 5081
9131 9141
1771 1781
5611 5621
3601 3611
8501 8511
1411 1421
9441 9451
7901 7911
221 231
4901 4911
2721 2731
4401 4411
8731 8741
5481 5491
9211 9221
6891 6901
9601 9611
8401 8411
2921 2931
6491 6501
6711 6721
31 41
1721 1731
7231 7241
3781 3791
5061 5071
1181 1191
1081 1091
7401 7411
6421 6431
6321 6331
1671 1681
3061 3071
101 111
9241 9251
9421 9431
1101 1111
851 861
1211 1221
7011 7021
8421 8431
3911 3921
211 221
1 11
4841 4851
2861 2871
5981 5991
2551 2561
7321 7331
9451 9461
141 151
5251 5261
7371 7381
7791 7801
5691 5701
2391 2401
5041 5051
8071 8081
6361 6371
7961 7971
5401 5411
3031 3041
3351 3361
601 611
3851 3861
9641 9651
1191 1201
3401 3411
5751 5761
5081 5091
9881 9891
9431 9441
2691 2701
8891 8901
7261 7271
4061 4071
8241 8251
9621 9631
8011 8021
2191 2201
1341 1351
8471 8481
8411 8421
151 161
3591 3601
911 921
2711 2721
4461 4471
3771 3781
1711 1721
3131 3141
2181 2191
6301 6311
9061 9071
6981 6991
3831 3841
7021 7031
2261 2271
201 211
681 691
4221 4231
9711 9721
2621 2631
1761 1771
5541 5551
5261 5271
5361 5371
7071 7081
6861 6871
1851 1861
2311 2321
8221 8231
2111 2121
3801 3811
5091 5101
491 501
841 851
2321 2331
961 971
731 741
2591 2601
2571 2581
8661 8671
3271 3281
7631 7641
9101 9111
8991 9001
2411 2421
7581 7591
8061 8071
6931 6941
2051 2061
9571 9581
4751 4761
7601 7611
4351 4361
3101 3111
5501 5511
3531 3541
9751 9761
5001 5011
6091 6101
2901 2911
1571 1581
8351 8361
3391 3401
4741 4751
11 21
6131 6141
7391 7401
1551 1561
5011 5021
8261 8271
4531 4541
5641 5651
3571 3581
9721 9731
481 491
591 601
5701 5711
2741 2751
1961 1971
2871 2881
691 701
3191 3201
2651 2661
3121 3131
531 541
9541 9551
881 891
9111 9121
3091 3101
8781 8791
7081 7091
9741 9751
9191 9201
8771 8781
6681 6691
5651 5661
5631 5641
8911 8921
1301 1311
7781 7791
5831 5841
6671 6681
9661 9671
8881 8891
4951 4961
3481 3491
3381 3391
7091 7101
6691 6701
5991 6001
8811 8821
131 141
2301 2311
6151 6161
7831 7841
1811 1821
331 341
1611 1621
1221 1231
3221 3231
3901 3911
8131 8141
5391 5401
611 621
1451 1461
5871 5881
401 411
6101 6111
41 51
7681 7691
9871 9881
4151 4161
391 401
951 961
9321 9331
7811 7821
8611 8621
7041 7051
91 101
8641 8651
9591 9601
1541 1551
5201 5211
6991 7001
9801 9811
4611 4621
2081 2091
4001 4011
1601 1611
2231 2241
4381 4391
7361 7371
2821 2831
7931 7941
4511 4521
5101 5111
4411 4421
6121 6131
3451 3461
1891 1901
3431 3441
3051 3061
3301 3311
8041 8051
5151 5161
5161 5171
1791 1801
5621 5631
7661 7671
4441 4451
1241 1251
7271 7281
4851 4861
2091 2101
1511 1521
1991 2001
9141 9151
3651 3661
5521 5531
6761 6771
3681 3691
3731 3741
1821 1831
1651 1661
6601 6611
5791 5801
4431 4441
6481 6491
8981 8991
7701 7711
8841 8851
5931 5941
5851 5861
4481 4491
701 711
5241 5251
281 291
8341 8351
2681 2691
4881 4891
4501 4511
6621 6631
1621 1631
3611 3621
9261 9271
1041 1051
7131 7141
6781 6791
4361 4371
8651 8661
4341 4351
8541 8551
3991 4001
3201 3211
6081 6091
6561 6571
7221 7231
6841 6851
6201 6211
9331 9341
541 551
3921 3931
9781 9791
7951 7961
8231 8241
1121 1131
2521 2531
8571 8581
2661 2671
4561 4571
5321 5331
9081 9091
3081 3091
3621 3631
5741 5751
3141 3151
7431 7441
3491 3501
6731 6741
9371 9381
1391 1401
5051 5061
4391 4401
6291 6301
6701 6711
2041 2051
6471 6481
5911 5921
2641 2651
2031 2041
3691 3701
8191 8201
5861 5871
1371 1381
6751 6761
5301 5311
6851 6861
9001 9011
3631 3641
8461 8471
6231 6241
4521 4531
4261 4271
7201 7211
8591 8601
2601 2611
4941 4951
661 671
3311 3321
361 371
3981 3991
3281 3291
7871 7881
3011 3021
9301 9311
4281 4291
6651 6661
7621 7631
321 331
3371 3381
6741 6751
5131 5141
6951 6961
1231 1241
4821 4831
4801 4811
5801 5811
4551 4561
2461 2471
3321 3331
5381 5391
5351 5361
6351 6361
581 591
6971 6981
7821 7831
5921 5931
6551 6561
341 351
1521 1531
3471 3481
7641 7651
5711 5721
4991 5001
4571 4581
8621 8631
9231 9241
5761 5771
4111 4121
351 361
6001 6011
4641 4651
6411 6421
171 181
4311 4321
1531 1541
4191 4201
3711 3721
2611 2621
1331 1341
6571 6581
7851 7861
9841 9851
1001 1011
1841 1851
8451 8461
2701 2711
7731 7741
2011 2021
8671 8681
8151 8161
1751 1761
6221 6231
571 581
1731 1741
8171 8181
4811 4821
4781 4791
5431 5441
2141 2151
811 821
2241 2251
4671 4681
1161 1171
6881 6891
2781 2791
2481 2491
6431 6441
9961 9971
7381 7391
381 391
1141 1151
7111 7121
1151 1161
2251 2261
3841 3851
5661 5671
6261 6271
241 251
2441 2451
6111 6121
3751 3761
3821 3831
8581 8591
8971 8981
5551 5561
521 531
5171 5181
4171 4181
2831 2841
4981 4991
6871 6881
7031 7041
4331 4341
7691 7701
8711 8721
5901 5911
6541 6551
2911 2921
5471 5481
3161 3171
3111 3121
7051 7061
6371 6381
5491 5501
4921 4931
3021 3031
2891 2901
1011 1021
4761 4771
1131 1141
231 241
2431 2441
2961 2971
1501 1511
1911 1921
9991 10001
1591 1601
421 431
7511 7521
3241 3251
271 281
2421 2431
2991 3001
1201 1211
1941 1951
4251 4261
4041 4051
5941 5951
1951 1961
5891 5901
9271 9281
1641 1651
8511 8521
4241 4251
6051 6061
5881 5891
4051 4061
1291 1301
2451 2461
831 841
4321 4331
121 131
6021 6031
4791 4801
3171 3181
8211 8221
2981 2991
5581 5591
5451 5461
3521 3531
6011 6021
1071 1081
1051 1061
3251 3261
511 521
891 901
4071 4081
5781 5791
6311 6321
3441 3451
4031 4041
7461 7471
871 881
7281 7291
5771 5781
641 651
7881 7891
981 991
5561 5571
5601 5611
8871 8881
3941 3951
6061 6071
451 461
8371 8381
8751 8761
9391 9401
9491 9501
1801 1811
8561 8571
6921 6931
9511 9521
7761 7771
7981 7991
7711 7721
3561 3571
4861 4871
2071 2081
2221 2231
5441 5451
5341 5351
8691 8701
9771 9781
4871 4881
7571 7581
3671 3681
1971 1981
4451 4461
9561 9571
6191 6201
4121 4131
5111 5121
3961 3971
1491 1501
8111 8121
6451 6461
7121 7131
6281 6291
7061 7071
4301 4311
2881 2891
8161 8171
4601 4611
6941 6951
6501 6511
51 61
9811 9821
7751 7761
8091 8101
3861 3871
7801 7811
9851 9861
7211 7221
1741 1751
7351 7361
6581 6591
2211 2221
671 681
2131 2141
9281 9291
9361 9371
5591 5601
1281 1291
6341 6351
5971 5981
6531 6541
7421 7431
4891 4901
7721 7731
8331 8341
2351 2361
2471 2481
311 321
9691 9701
1901 1911
9311 9321
3071 3081
561 571
5271 5281
81 91
501 511
8901 8911
2511 2521
3791 3801
6811 6821
5571 5581
9901 9911
7531 7541
7311 7321
9671 9681
3761 3771
21 31
3211 3221
8761 8771
4931 4941
6171 6181
8051 8061
8431 8441
2201 2211
3881 3891
5221 5231
6041 6051
7441 7451
9611 9621
5821 5831
9971 9981
7971 7981
5421 5431
7941 7951
4421 4431
1691 1701
3701 3711
2491 2501
1921 1931
741 751
6071 6081
1361 1371
4631 4641
191 201
61 71
1631 1641
3461 3471
4661 4671
7301 7311
4371 4381
4911 4921
6801 6811
8021 8031
2581 2591
1381 1391
1881 1891
4621 4631
3721 3731
8491 8501
4201 4211
6331 6341
6391 6401
2291 2301
411 421
751 761
6271 6281
3331 3341
6381 6391
4131 4141
3001 3011
5411 5421
3541 3551
5671 5681
4081 4091
8321 8331
9041 9051
9551 9561
1661 1671
8251 8261
6521 6531
1171 1181
8531 8541
2731 2741
1311 1321
7891 7901
5951 5961
3951 3961
9341 9351
7861 7871
6721 6731
3641 3651
7161 7171
2121 2131
6441 6451
8141 8151
7991 8001
9171 9181
1701 1711
4731 4741
6911 6921
4491 4501
2001 2011
4651 4661
7341 7351
1461 1471
2381 2391
651 661
8951 8961
9011 9021
9091 9101
8791 8801
9531 9541
5531 5541
1471 1481
4291 4301
9151 9161
7151 7161
2971 2981
8301 8311
2791 2801
6211 6221
9351 9361
9251 9261
9401 9411
2171 2181
5461 5471
6771 6781
821 831
5211 5221
4701 4711
3501 3511
8741 8751
