1000 100000
234294286 234427116
161692120 161858166
192115615 192281661
249806722 249914914
151576139 151708909
114641576 114757960
104548340 104713878
164209630 164310142
157794261 157894325
162645705 162782567
246941564 247041566
239320500 239420503
114930600 115163718
242154008 242254022
160444044 160544110
226433358 226668524
111113294 111229740
129842995 130016721
223346394 223577976
186375726 186476238
150889959 150989974
119564036 119795618
240006443 240106458
239894602 240060392
147152009 147252139
242853090 243084288
239497282 239598320
240128363 240261133
217090913 217191951
131659774 131764380
183413398 183546172
213215819 213446890
207489574 207605960
166003890 166104032
211814610 211949424
162332287 162432351
108485557 108585623
129019452 129185002
112298340 112398866
103307482 103407576
206539326 206639582
159571584 159671618
121340691 121440698
217790147 217890162
103480112 103585230
249161876 249270070
101954515 102054705
240712147 240845937
231292653 231523787
129584960 129685984
247559038 247691805
152004916 152104954
136153103 136256173
230052676 230160882
176323621 176425699
132614268 132747098
168453497 168553528
111501364 111601428
165088197 165192355
148436643 148536771
235548794 235683608
177294536 177394567
107174870 107275508
223094390 223198612
178135384 178269174
160878499 160979137
175223928 175323934
131534281 131716199
237481816 237713398
119161317 119262347
103617001 103856263
180743008 180978174
135873937 135976495
228378393 228610487
105039710 105156096
101148809 101314359
117954263 118056325
154984408 155084471
203967427 204067969
134276314 134384506
155541010 155649264
244745044 244976146
126373927 126506701
180591097 180822295
232719298 232823394
207010886 207115012
154820274 154928466
170270952 170371142
175355753 175458311
240868853 241034388
130981817 131099223
114395777 114561312
197927584 198125886
197252543 197352797
183210498 183376288
130498931 130601489
111630137 111730267
116463119 116571325
241191137 241299455
173027642 173127770
207117975 207218237
115338640 115438650
215238806 215338933
148241998 148473132
243592620 243758186
116103877 116216163
235228934 235460516
164084714 164188936
162495861 162596899
100196668 100300762
199174975 199438813
129145461 129246227
214257731 214359785
106982009 107082017
132373012 132473268
236466885 236567027
165705341 165805468
163940759 164044917
174812887 174912887
233976992 234077374
109532688 109714606
248587706 248691816
174994534 175095556
155425452 155526478
106528968 106665830
116296697 116397735
112631385 112796951
108050975 108150993
191779978 191896392
241700992 241870622
196910930 197015536
155723311 155829453
230483381 230599795
200396744 200504938
173276456 173396934
210745282 210878304
135083499 135184523
127461263 127562286
239001073 239103183
214522208 214626310
171231983 171332238
189343679 189445729
248321349 248552423
187566098 187682496
121812307 121928691
154447930 154646232
154018800 154118870
101476370 101578480
161254470 161362664
208112974 208213485
201017298 201215600
220056682 220156704
213628110 213736812
121679867 121845529
235692539 235792547
237147877 237280707
154263640 154429238
126572895 126682109
139585272 139718038
203244215 203508053
230950624 231183742
220653186 220818784
113920369 114040847
161147682 161313344
238804530 238905296
185352752 185453008
118236367 118336509
118243332 118476450
184889189 184990243
110045657 110154103
104499328 104664878
209341031 209443081
215668438 215772548
194810028 195041354
169000152 169102710
157064977 157165043
142631666 142732696
245917835 246021993
137391970 137528832
229352237 229452238
245167525 245271621
180724095 180840481
210983633 211151215
243897272 243998358
184515559 184779397
133939631 134170829
118840945 118945043
166801875 166903925
243010883 243111265
104227868 104336122
152601895 152711109
184710802 184810810
226427251 226543649
108287604 108387860
216549318 216657636
169312371 169445138
128583947 128716777
105886545 106003183
110384428 110488538
162952263 163085033
204313578 204544712
125143311 125243343
182742530 182847136
120924474 121090009
122500667 122666233
148800780 149031866
149921358 150022412
223187813 223369731
177181975 177283005
183731226 183831481
209745953 209879743
127678251 127844041
146611793 146711801
161998637 162131404
108155618 108321168
133457889 133607039
185038070 185138077
139020080 139122127
131265793 131431335
155881462 155982996
187697065 187801175
129347010 129586272
244588214 244737364
182070044 182170302
238126217 238228263
175103833 175212027
111743722 111862152
221274879 221374943
232111246 232211292
231581433 231682459
203627755 203795337
102407826 102524720
227307650 227426080
151896008 152004230
187457636 187574034
178736265 178853671
187329551 187429552
167613568 167722782
202487299 202588385
192429027 192561795
224851410 224955512
224504459 224670001
198702525 198933599
211102806 211202934
156208493 156316811
215958848 216189926
141924812 142030954
224121342 224352444
128781141 128881399
158678969 158779481
206276234 206376328
130041117 130149563
106864629 106969747
143452223 143564509
183904241 184004303
150321841 150487631
193965196 194077482
143128057 143228575
111865845 111965851
125573952 125698526
117043692 117180554
200078736 200178800
190108318 190216524
122645054 122761440
130364999 130466029
230620557 230884395
247278324 247379354
124663601 124763639
194641413 194757803
222993800 223095910
127301116 127401634
133154560 133259166
145606747 145772285
198358075 198478553
238294265 238427095
128891888 129024656
230849083 230957529
134525684 134626770
148581794 148747332
158537118 158645820
137834227 137936305
186770581 186870644
167757638 167890405
151758341 151858435
119666406 119766917
229478295 229643861
124246820 124346882
184151922 184385040
240276666 240507752
125898902 126064437
201532349 201665131
158179986 158280052
170628783 170728814
248477550 248708748
245640473 245740615
206392397 206493675
175933789 176041995
180146091 180250189
143570042 143670360
177449708 177550218
207942642 208042649
120014611 120115635
154136139 154244330
127185836 127302250
221470784 221701886
209460334 209695500
226702534 226835812
225700418 225833440
220524375 220755701
103044007 103146181
100941600 101123518
107459766 107560284
100491624 100591688
219619748 219723843
109452274 109568720
148679014 148783112
175938432 176177694
244861965 244964523
198558082 198658113
141647439 141845741
114225715 114328785
161024592 161132814
181606552 181739382
195274202 195439800
151059218 151196080
242351594 242468232
226113324 226217434
131153660 131257882
215125714 215242104
230239679 230503517
141527538 141629588
108861703 108994470
153449462 153549496
215828386 216190528
202225322 202390858
138869666 138970304
200682366 200915484
225611093 225712116
114758186 114858472
247961327 248061838
223650289 223881363
132080252 132181274
191678593 191778594
208285795 208451585
101640595 101806130
233829524 233946162
216121938 216361200
181900712 182017095
110965310 111071452
229634733 229768011
186638735 186755118
150152209 150325935
234781751 234883861
218092620 218225387
156523974 156755108
204827722 204997352
215339539 215440081
212597663 212699773
200792656 200892790
164488633 164593239
199938209 200054599
169667997 169772123
170448776 170548842
201677534 201778052
231065005 231198283
241443909 241543979
149612723 149714785
194388609 194488867
218247058 218347152
212894708 212998810
153598751 153747901
241046307 241146849
245480932 245581062
111982449 112082511
181751696 181852726
233289570 233422848
210867291 210983674
229893218 230009616
185508767 185608831
155281436 155381578
145241505 145346111
246322536 246422918
248785312 248889414
123407559 123507560
177640862 177744958
126684865 126817639
138363085 138463599
205322663 205423686
212712799 212820993
166167736 166272086
225343905 225444935
173068499 173235057
205588496 205688654
237030145 237138847
205025524 205158298
116900928 117009374
159745526 159845558
188294201 188459743
147564978 147665120
132980381 133080892
142344792 142448894
192078685 192178875
218738550 218854934
165372951 165473237
212213765 212314277
236776329 236892743
227982291 228083329
196459888 196560526
159416173 159524364
117771673 117871703
122028096 122144734
221458119 221689205
148094608 148194738
237285833 237451495
190436274 190536340
202951944 203125670
151414736 151514740
115194810 115297368
144043915 144143985
200258494 200358510
246068605 246170683
222617472 222718494
136600106 136831176
154695198 154803420
237633453 237766731
116769255 116873365
148900862 149009060
140906214 141014916
149358929 149459059
145553036 145657130
244018376 244151270
104751227 104853274
216375392 216512254
244491105 244591367
164807636 164907658
201834450 201934580
127916849 128037327
122198109 122298371
211440990 211549181
127580816 127697454
124487061 124652596
232963000 233144918
139958843 140058881
197716648 197833046
199299991 199408197
180430068 180534163
195639605 195747797
105211308 105311312
233674801 233782999
117669367 117771417
130173484 130308298
221745128 221943430
205972641 206138175
171052134 171152212
211205913 211305943
156896931 156998081
173841336 173949530
137661759 137761767
178521269 178670419
160074906 160240504
194530890 194634986
189865397 189981783
179052627 179152889
189985003 190085545
120831698 120931729
101588552 101688808
172211993 172312001
227140287 227256670
165242858 165343368
152323095 152447669
171934074 172034456
236112783 236229173
107867393 108033951
244220197 244320324
157173433 157273435
214423435 214523529
133603934 133704972
181270504 181501576
105338550 105586004
144229656 144329942
232617358 232717396
177741053 177906843
218561154 218661160
142767026 142932576
173979568 174080334
117505721 117671383
117238321 117339087
243321772 243421802
138513004 138613022
174101879 174238741
140129023 140229597
109053691 109154329
167338703 167441773
171601301 171718195
163187500 163303886
102609856 102709983
113588312 113704696
140275759 140375791
240398168 240532982
168125913 168226041
135989005 136089051
151194008 151359558
227809355 227909385
147703561 147803703
204122567 204230773
178727854 179089996
190869956 190974050
135738417 135854927
166299011 166399297
144754928 144887710
123088203 123196395
175809296 175909426
146129336 146230390
143750823 143851085
137303631 137405685
170769542 170875684
240588180 240691250
103871660 103979852
224993213 225093755
217645036 217745039
201371521 201479967
222441566 222541852
104334450 104436560
209905142 210022036
195841783 195942038
107720746 107837640
248974345 249139880
219874539 219974541
196215414 196380952
157279219 157379285
171767781 171901571
135436776 135540872
192815830 193177972
182320202 182424360
247720420 247820438
246177916 246409114
176436290 176552736
191544290 191645316
143318921 143429159
226247197 226351295
140554479 140801933
160751078 160851086
245285133 245389291
110688292 110796994
112867881 112968135
214739148 214978410
246792759 246909142
205146379 205250985
196806982 196939812
210320370 210428576
113746597 113847621
125401972 125534742
109187691 109291801
199081861 199182887
167950715 168053785
147459468 147559980
186501692 186602074
103195438 103311884
170945388 171047690
192939339 193171433
141813277 141923515
173678613 173778871
174680992 174780996
239121003 239352073
134128722 134230768
192554413 192670797
192283752 192383786
206822335 206955165
232383899 232485961
187888973 187989101
216665115 216765185
149773628 149873692
233116310 233232948
118062222 118162508
247071016 247179214
217261864 217378246
207701551 207803605
156075271 156179877
168818710 168984252
120280896 120381182
187168987 187269117
156711803 156812345
152935235 153035745
109720441 109823511
175517882 175628120
139182929 139282936
194067664 194237294
146251249 146352287
168643698 168744336
213827178 213927179
213508293 213641059
149192780 149309170
198886092 198990314
182422908 182522940
112444718 112544734
220795110 220911496
213349800 213449894
181053185 181194143
168280225 168384335
219743220 219847322
189580394 189754120
172717132 172818156
164615000 164715034
111396895 111500993
157379468 157547050
239773553 239877655
175522182 175753764
213955042 214136960
125721269 125952343
210609131 210717323
106274787 106538625
153148366 153257068
182941202 183041212
116592410 116824504
107339335 107439336
131926693 132028227
238627893 238760659
205460426 205564528
238504556 238637322
190310764 190410834
119035188 119136242
233478242 233578432
203534927 203635057
241862054 241962312
136723373 136954955
178113820 178344954
193586587 193690689
115692965 115793235
173399383 173500661
149071297 149175392
165903928 166004183
131818216 131918294
126851537 126952048
197093317 197193507
163461384 163563432
150608759 150725145
231950920 232116455
235237898 235403464
217436786 217569553
144490974 144657532
142500032 142665567
204502380 204606506
220988099 221088109
158074020 158174148
226867887 226967891
150039755 150209385
220164732 220330268
110563840 110729886
113171561 113287951
207841402 208006968
179334961 179467728
247409087 247511261
104018447 104143021
176798506 176939464
163600970 163701034
192750654 192852956
158985611 159090217
203080309 203196692
195970871 196081109
228335917 228435925
199453271 199554295
193849478 193949636
199646711 199877785
140736252 140836270
151305597 151407771
220415979 220581545
171409929 171510059
205690816 205791342
241975921 242080016
130831283 130996825
123747328 123847406
188982108 189082234
236584872 236684890
174560683 174661833
211907923 212106225
159903194 160003336
177859950 177959965
114887864 114988134
138760233 138861383
188446942 188547516
229121201 229286863
194211846 194345124
128021657 128187223
167469958 167572132
204753224 204853478
206150285 206268715
219024815 219190351
188494514 188726096
203216697 203341271
224338448 224504238
191830854 192004580
187064793 187169143
132214247 132314341
199792597 199894647
202604932 202705062
212422123 212587673
188818264 188918342
136971386 137218840
174077981 174313147
189474315 189574379
160256817 160357583
246591983 246724751
206703975 206935046
150731320 150831321
162801882 162901914
224036311 224173173
227011517 227129947
229055983 229158037
139311002 139411024
121494028 121598154
200902197 201002291
249690871 249815445
149509461 149610485
232263764 232363794
172575721 172741287
129701670 129801798
216806664 216918950
161500415 161633185
156383175 156483461
112118249 112219303
211694339 211802785
170087291 170203677
228952660 229054962
158363918 158463924
152457355 152557359
105719501 105885099
166471700 166571762
219441013 219558419
195085664 195193918
110840784 111088238
235673889 235970495
135606925 135706941
225115469 225248267
107596785 107713169
115803840 115970398
100821327 100937725
169865562 169981946
169986530 170087048
101311082 101415180
137559579 137660105
138233972 138350355
108679755 108780393
99934465 100104095
125327297 125427439
221114403 221214421
223763505 223863631
216936934 217036965
136332040 136432296
236904442 237004449
218872963 219071265
138615280 138731678
243693209 243809847
102266672 102366718
227437462 227537717
115961737 116131367
106100493 106210731
222681073 222912151
159172175 159272693
122315065 122417113
249288184 249437334
124096427 124197577
179235137 179404767
120645981 120745983
105325259 105441645
222141210 222310840
112564955 112673153
144959083 145091851
193405772 193505810
102857921 102966239
169171622 169275732
222271213 222372239
243452673 243552673
164934774 165067796
127040549 127271620
119277017 119393431
207251442 207421072
144666072 144799862
249514017 249622239
115494492 115596540
232911876 233011970
139772678 139905448
133783450 133884024
132512125 132628511
231764445 231864452
190733037 190833563
172272579 172507745
110227266 110331392
126263603 126364241
114353297 114453553
130517605 130748803
121169944 121270458
191357119 191588253
239613491 239721697
202353576 202465862
158787077 158891427
205856584 205956648
165528870 165792708
182116750 182286380
198000544 198231742
105595532 105842986
153738236 153907866
186026913 186127183
134958586 135062682
208855533 208963723
129325171 129433362
214001032 214264870
161407807 161509855
185691565 185824335
161890588 161990844
185862539 186036265
214980077 215080109
111234164 111399702
208479325 208579326
212109414 212217620
123278958 123383180
140363563 140529105
245797884 245898906
178403693 178513931
228841774 229072908
131376748 131550474
124777017 124893655
133325075 133426098
244322033 244495759
177997495 178114005
247830111 247934209
212375536 212475791
241315871 241432381
176956128 177088910
119841280 119945382
114108497 114208560
196637429 196738455
136529700 136631747
103567380 103733938
104872265 105005033
225786992 226018126
147295350 147396376
228174682 228307452
100367835 100467929
167214626 167318976
162200381 162300391
166615411 166715477
160558058 160658062
189151445 189253492
138092196 138192260
135280878 135513996
235938649 236038680
211557609 211723207
163082887 163314085
223546063 223648621
200528723 200759801
169521253 169625475
147839547 147974361
237827856 237993406
134705003 134807049
132825244 132925498
142006211 142172769
128417513 128525703
181126629 181357827
176545704 176662150
209157738 209257776
243128789 243261557
123896976 124030766
186874383 186977453
234635019 234751402
244941129 245123047
235105147 235207321
163310553 163476095
172057133 172165324
139450064 139558382
184303246 184403373
193217449 193387079
181528290 181628832
241557685 241660755
211315976 211416039
145825053 145925195
248116028 248233434
137939499 138047697
228647429 228763819
113481173 113585268
164374219 164475243
166919824 167036207
134421197 134521263
174387279 174495981
180283264 180383398
197408116 197508371
182608336 182710894
201215408 201315411
183558700 183662858
231115577 231347671
184041353 184141735
109895527 109996557
106262397 106370651
147964908 148075146
193693937 193793983
119395421 119512827
109321479 109487029
153028275 153140561
146957549 147057804
219242041 219342552
196144032 196276799
144380085 144480095
214686824 214803718
179812038 179912228
217535331 217639429
120175466 120291850
230181950 230286060
224691414 224791452
117365787 117469945
191055532 191155594
122941752 123082710
113304126 113436908
137171159 137402233
183119141 183219271
142905731 143071521
126094421 126194485
145077036 145210058
134828754 134930804
195341775 195573869
124925481 125107399
236267761 236499087
157906465 158007503
186219002 186321056
210112944 210221166
146435342 146551728
234796217 235027319
184434763 184551401
242536104 242636678
221946350 222047388
142194399 142294407
210385944 210551606
179506694 179623084
113026190 113191732
102100237 102202411
208676278 208792662
120471988 120573012
106696601 106798655
198232427 198333577
141332596 141432606
176212481 176313503
188161545 188261807
172827934 172928196
217955424 218063618
128266773 128374995
152093500 152259098
167057386 167190156
197591639 197716213
234483651 234649249
101832652 101932779
234115182 234215692
242719340 242821394
146702694 146868236
204606136 204706406
123535836 123701626
202027161 202129463
118663396 118812546
190544041 190668615
152751936 152860190
225466515 225566579
102743123 102843185
118500680 118608998
141073280 141173794
218439077 218543235
246508748 246625130
194961218 195061504
189761029 189861603
227628649 227729167
179691580 179791618
237948540 238050650
185115484 185281274
143906476 144023114
100663893 100772147
173482407 173615189
208982425 209091127
229779662 229880236
202670908 202902490
215790610 215894706
197872171 197972217
153844799 153963229
232477981 232725435
209585867 209686441
223886878 223986956
215468482 215634528
145370168 145601494
157626938 157858520
124408610 124509122
188002929 188107027
203828511 203994049
145934772 146035290
122809841 122910991
213053060 213154114
121802380 122033451
153256892 153361114
176656339 176756403
159273240 159373368
179964851 180064921
163758949 163858952
141222661 141322789
191182152 191355878
150432710 150532844
155173229 155273743
