100 10000
1598906 1610953
2144691 2158786
1949964 1960226
1407662 1418685
1750607 1761693
1965100 1976126
1377934 1387965
1435822 1446092
1329011 1345153
1467859 1481985
1853941 1864199
1035008 1049166
1089243 1099499
2163188 2177282
1279818 1291880
1705581 1715899
1096786 1110896
1012247 1022629
1891660 1901723
1921130 1935352
1221402 1232425
2273295 2287397
1392286 1402302
2018707 2028969
1672244 1683010
1640701 1654799
1798152 1810200
2063788 2076346
1194678 1205060
1247426 1259474
1556477 1566511
1421746 1431904
1113117 1123883
1024510 1034637
2118099 2131169
2077147 2087275
1483007 1501197
1984944 1995072
1318399 1329425
2356416 2366990
1879312 1889630
1307137 1317399
2249032 2259102
1205341 1215405
1238857 1248875
1766764 1777282
1522297 1533320
2093325 2103515
2136574 2146605
1123134 1134157
1077033 1088311
1065968 1080094
1168738 1178808
1292000 1302286
1716354 1732496
2182923 2197021
1263311 1273343
1358670 1369724
1585199 1595333
1630158 1641184
1823119 1833381
999489 1010031
1613849 1625895
1692507 1702634
1503580 1513590
2198473 2208743
1658953 1669211
1047573 1061671
2385464 2395990
2440020 2450083
1932872 1947478
1179703 1193801
1909865 1924471
2101688 2113766
2291594 2302872
2373159 2383733
2035741 2046315
2000104 2010198
2341287 2351543
2325308 2335338
2213683 2223810
1809711 1820093
1344682 1356984
1865945 1876011
1833258 1845560
2409883 2423978
1537150 1547661
1453827 1465905
1136762 1146825
2450328 2460359
1736075 1748185
1786615 1800741
2308439 2319461
2398852 2413202
2422498 2434548
2260528 2270598
1148678 1159702
1571014 1582292
2230692 2240707
2047818 2057946
