250 10000
D 149 800 23
C 62 31
D 217 803 22
D 222 830 15
D 45 6 87
C 710 20
D 89 127 55
D 233 272 30
D 94 645 59
D 106 131 31
D 38 127 48
C 754 49
C 484 15
D 77 59 35
D 43 114 98
D 180 788 26
D 31 977 95
D 121 289 78
D 209 88 100
D 75 450 22
D 224 796 25
D 173 630 5
D 26 666 70
D 120 259 46
D 126 774 95
D 40 965 26
D 228 89 100
D 64 17 33
C 681 70
D 97 8 82
D 160 878 41
D 67 567 8
D 115 379 69
D 149 932 25
C 312 94
D 123 136 80
D 209 70 34
D 102 145 74
D 6 449 2
D 24 350 60
D 215 233 29
D 185 3 88
D 3 543 63
D 189 609 92
D 171 858 54
D 133 883 2
D 148 172 80
D 2 732 66
D 85 636 48
D 105 804 51
D 131 980 85
C 760 46
D 229 45 73
D 44 878 12
D 7 803 73
C 92 67
D 135 193 33
D 211 618 100
D 139 835 98
D 129 738 1
D 171 289 48
D 18 34 10
D 231 872 78
D 19 349 24
D 202 604 91
D 134 942 8
D 179 456 51
D 13 847 63
C 392 13
D 93 620 41
D 35 31 66
D 223 995 50
D 146 130 57
D 27 463 8
D 143 252 90
D 124 32 25
D 160 812 91
D 126 419 2
D 103 252 30
D 144 40 60
D 206 506 85
C 792 95
C 499 31
C 704 39
C 288 30
C 481 21
D 21 544 38
D 221 37 53
D 55 356 8
D 99 139 65
D 230 539 55
D 20 682 24
C 8 49
D 49 118 91
D 233 922 72
D 87 596 96
D 99 319 43
C 134 78
D 144 325 74
D 250 247 90
C 956 43
D 39 318 55
D 242 253 52
D 206 651 61
D 99 86 92
C 192 63
D 130 765 5
D 63 101 44
C 517 82
D 85 700 95
C 706 27
D 222 952 44
D 228 440 54
D 193 742 8
D 250 470 91
D 48 638 95
D 166 623 59
D 78 515 58
D 129 669 53
D 93 772 14
D 134 352 97
D 57 807 35
D 9 178 75
D 228 462 83
D 132 897 44
D 143 721 96
D 166 51 16
D 96 83 40
D 27 40 1
D 183 306 95
C 442 74
D 155 701 23
D 63 526 20
D 80 454 1
D 114 264 28
D 96 944 41
D 140 243 5
C 13 63
D 158 608 24
C 703 76
D 104 416 72
D 126 287 19
C 937 45
D 85 326 13
D 113 661 4
D 89 137 45
D 81 709 73
D 128 860 62
C 610 16
C 988 74
D 147 537 50
D 56 576 52
D 205 737 71
D 54 940 41
D 15 203 48
D 22 800 42
D 187 477 44
D 80 188 32
D 118 701 24
D 150 630 72
D 172 869 14
C 429 66
D 119 583 64
C 534 34
D 246 828 41
D 9 978 47
D 132 990 82
C 411 45
D 91 451 3
D 13 760 87
D 31 23 25
D 39 876 24
D 125 805 79
D 143 663 54
D 47 931 30
D 228 165 4
D 221 276 73
D 99 252 66
D 56 40 62
D 149 938 68
D 56 835 31
D 175 196 48
D 22 572 27
D 85 85 94
D 230 156 10
D 225 53 43
D 218 591 94
D 32 365 63
D 37 453 56
C 489 41
D 43 319 79
C 295 0
D 126 417 63
D 98 901 58
D 177 363 71
D 143 623 39
D 31 894 67
C 830 64
D 115 56 21
D 155 767 60
D 123 488 35
C 919 4
D 109 26 34
D 72 966 67
D 238 492 15
D 203 729 29
D 89 190 73
D 42 359 18
D 166 396 60
D 143 90 15
D 14 373 10
D 206 346 63
D 94 390 71
D 87 610 10
D 41 414 12
D 14 446 30
D 17 541 0
D 195 797 57
D 120 825 18
D 82 682 49
D 91 262 65
D 86 15 51
C 575 15
D 114 35 4
D 177 716 46
D 170 996 37
D 60 620 88
C 939 56
D 55 37 1
D 99 408 4
D 36 457 21
D 217 874 27
D 229 435 31
D 122 581 40
D 226 836 1
D 71 233 10
D 82 911 19
D 85 257 52
D 184 999 34
D 233 769 2
C 711 2
C 300 2
D 248 61 91
C 144 61
D 26 302 71
C 673 2
D 57 528 55
D 169 427 20
D 52 524 91
D 185 846 1
