250 10000
C 0 1607
C 0 1309
C 0 4309
C 0 3095
D 4578 0 7995
D 7649 0 460
C 0 1879
D 7806 0 884
C 0 2679
D 6010 0 4458
C 0 8195
D 133 0 6352
C 0 8172
C 0 6735
D 6387 0 1339
D 9375 0 679
D 5129 0 4343
D 7995 0 9596
D 3506 0 6833
D 5428 0 6445
D 9028 0 319
D 6626 0 8851
D 9133 0 1155
D 3306 0 2569
D 9839 0 9593
C 0 5636
D 5947 0 9785
D 9943 0 2407
C 0 4632
C 0 1536
C 0 858
C 0 4010
D 4395 0 4001
D 6778 0 3411
C 0 109
C 0 4299
D 796 0 3569
C 0 7794
C 0 4631
D 692 0 8907
D 4586 0 6440
C 0 6686
C 0 6852
D 8834 0 1254
D 2607 0 8828
D 7744 0 9554
D 5123 0 5704
D 3598 0 6213
C 0 4297
D 7350 0 6046
D 187 0 8573
D 5948 0 2510
C 0 8360
C 0 1290
C 0 3989
C 0 175
D 6313 0 9323
C 0 2219
D 3188 0 9303
C 0 6760
D 8942 0 3868
D 9715 0 3526
C 0 8843
D 6185 0 9125
D 5427 0 6548
C 0 7776
C 0 1149
C 0 6055
C 0 3398
D 7402 0 6455
D 9108 0 9759
C 0 3094
C 0 8017
D 2434 0 634
C 0 5950
D 1010 0 4820
C 0 791
D 5457 0 8000
C 0 2074
C 0 6267
C 0 5168
C 0 4769
D 6721 0 1366
D 9177 0 939
D 3018 0 2884
C 0 7535
C 0 5684
D 3849 0 5484
D 3491 0 2004
D 8382 0 2389
D 5514 0 7526
C 0 3864
C 0 9735
C 0 5653
D 5295 0 3013
D 5634 0 4556
D 2694 0 8863
C 0 4500
C 0 2026
D 3005 0 3211
C 0 6104
C 0 7213
C 0 5621
C 0 2971
D 582 0 5264
C 0 6918
C 0 6230
C 0 288
D 1483 0 1328
C 0 8672
D 4737 0 1724
D 785 0 9006
D 930 0 5950
D 2934 0 7145
D 7836 0 1236
D 3043 0 8872
C 0 9413
D 6533 0 1720
D 7931 0 7673
D 2399 0 4195
D 4678 0 2566
C 0 1829
D 2952 0 2810
D 4736 0 9820
D 6984 0 1174
D 6572 0 1828
D 1774 0 274
D 416 0 414
C 0 4157
C 0 5467
C 0 4487
C 0 6857
C 0 5629
C 0 9932
C 0 6751
C 0 4254
C 0 4603
D 1905 0 6926
C 0 544
C 0 5946
D 4388 0 9422
C 0 1647
D 3790 0 9132
C 0 7457
C 0 5517
C 0 4296
D 7063 0 518
D 2664 0 5290
C 0 2118
C 0 1749
C 0 8043
C 0 3061
C 0 7627
D 4719 0 1977
C 0 2327
C 0 3883
D 8789 0 8166
C 0 5917
C 0 1853
D 7910 0 4754
C 0 3323
D 6865 0 4194
C 0 6951
D 3202 0 1737
C 0 8941
C 0 8888
D 2199 0 1334
D 2724 0 9104
C 0 7737
D 5711 0 2330
C 0 627
C 0 202
C 0 6212
D 1010 0 1599
D 4295 0 6764
C 0 9020
C 0 7053
C 0 2626
D 5821 0 8192
C 0 4152
C 0 5893
D 4631 0 9887
C 0 9536
C 0 3394
D 3147 0 1513
C 0 8436
D 5954 0 5781
D 4993 0 2865
C 0 660
D 497 0 6016
C 0 8746
D 7317 0 3617
C 0 9243
C 0 9438
D 3512 0 7541
C 0 7268
C 0 5125
C 0 9708
D 2611 0 8460
D 7331 0 5233
C 0 5649
D 8164 0 430
C 0 224
C 0 2973
C 0 3903
D 8207 0 7274
C 0 4669
C 0 2993
D 2479 0 3368
D 6070 0 2914
C 0 4078
C 0 1092
C 0 8650
D 9555 0 5490
D 4280 0 9011
C 0 5571
D 5714 0 4243
D 991 0 3212
D 7405 0 7103
D 4735 0 401
D 3709 0 2878
C 0 6199
C 0 1154
D 6376 0 1820
D 7112 0 3001
D 2548 0 4886
C 0 3547
D 5996 0 1754
D 9151 0 7584
D 2720 0 3022
D 7959 0 9431
C 0 8936
D 9540 0 3105
D 8430 0 4509
C 0 1143
D 6841 0 9971
C 0 9117
C 0 9876
C 0 5208
C 0 7186
D 4130 0 8444
C 0 1522
D 346 0 7898
C 0 2078
D 3967 0 1921
C 0 5658
C 0 9178
D 2160 0 9885
C 0 2441
C 0 3002
