250 10000
D 2 63 38
D 2 319 94
D 3 774 16
D 3 266 79
D 2 744 98
D 3 23 39
D 2 183 13
D 3 869 53
D 2 161 10
D 2 420 68
D 2 251 48
D 2 628 60
D 2 713 41
D 2 685 57
D 2 614 18
D 2 359 19
D 2 995 57
D 3 616 56
D 2 322 49
D 2 224 78
D 2 928 2
D 2 32 60
D 2 946 40
D 3 971 66
D 2 820 43
D 3 540 60
D 3 466 6
D 3 663 18
D 3 781 38
D 3 828 50
D 3 182 77
D 3 326 54
D 2 408 87
D 3 350 51
D 3 251 32
D 2 492 66
D 2 740 62
D 3 342 37
D 3 230 47
D 3 919 98
D 2 928 75
D 2 41 2
D 2 252 13
D 3 237 67
D 3 393 28
D 2 108 79
D 2 56 18
D 2 225 20
D 3 746 76
D 3 16 4
D 3 104 96
D 3 410 5
D 3 858 77
D 3 748 13
D 3 64 10
D 3 838 86
D 2 375 46
D 3 312 64
D 2 379 72
D 2 925 96
D 2 867 79
D 3 323 1
D 3 919 17
D 2 636 64
D 3 361 42
D 3 948 37
D 2 266 24
D 3 711 39
D 3 876 45
D 2 776 4
D 3 775 20
D 3 482 41
D 3 225 29
D 3 520 70
D 2 997 78
D 3 598 63
D 3 965 80
D 3 899 9
D 2 801 4
D 3 708 91
D 3 834 51
D 2 718 97
D 2 461 68
D 2 144 58
D 3 113 21
D 2 116 78
D 3 367 50
D 2 954 92
D 3 886 88
D 3 816 45
D 3 774 19
D 3 199 31
D 3 484 92
D 3 909 76
D 3 638 6
D 2 662 35
D 3 511 50
D 2 180 91
D 2 8 38
D 2 107 57
D 3 325 17
D 3 502 99
D 3 595 23
D 2 820 86
D 3 51 41
D 3 910 31
D 2 917 51
D 2 265 89
D 2 192 66
D 2 639 38
D 3 681 89
D 2 389 64
D 2 378 24
D 2 188 14
D 2 510 25
D 2 145 97
D 2 75 79
D 2 932 84
D 2 169 98
D 2 937 12
D 2 851 4
D 3 56 28
D 3 884 92
D 2 655 34
D 3 757 97
D 2 894 59
D 3 39 61
D 3 779 33
D 3 830 22
D 3 99 72
D 3 476 87
D 3 538 58
D 3 926 23
D 3 301 34
D 2 756 3
D 2 839 57
D 3 449 44
D 3 790 24
D 3 755 6
D 3 463 39
D 2 115 49
D 3 942 7
D 2 503 9
D 3 518 28
D 3 204 40
D 2 913 35
D 2 196 26
D 2 402 36
D 2 206 79
D 2 266 98
D 2 805 61
D 2 342 37
D 2 919 82
D 3 156 44
D 2 318 89
D 2 952 28
D 2 164 58
D 3 755 63
D 2 660 79
D 3 981 64
D 2 784 58
D 2 575 40
D 3 555 85
D 2 409 54
D 3 998 14
D 3 844 8
D 3 330 6
D 2 71 51
D 2 653 12
D 3 363 30
D 2 593 19
D 3 814 3
D 2 471 80
D 2 594 14
D 2 332 34
D 2 463 38
D 3 436 54
D 3 612 94
D 3 821 87
D 3 490 18
D 2 958 6
D 3 616 65
D 2 389 28
D 3 75 76
D 2 888 28
D 3 267 91
D 2 783 8
D 2 155 82
D 3 197 78
D 2 96 13
D 2 398 14
D 3 157 87
D 2 428 11
D 3 363 43
D 2 444 100
D 2 108 32
D 3 973 23
D 3 604 77
D 2 635 59
D 2 140 25
D 3 258 59
D 2 475 83
D 2 786 95
D 2 959 55
D 3 245 18
D 3 405 1
D 2 404 24
D 3 857 15
D 2 147 91
D 2 355 82
D 3 542 71
D 3 302 84
D 3 232 38
D 3 158 43
D 2 196 5
D 3 831 27
D 2 225 17
D 2 387 27
D 3 609 89
D 2 967 28
D 2 451 26
D 3 631 57
D 2 992 65
D 2 248 12
D 3 722 77
D 2 114 22
D 3 420 9
D 2 882 12
D 3 982 32
D 2 179 7
D 2 24 43
D 2 291 10
D 2 823 80
D 3 972 29
D 2 56 48
D 2 383 71
D 3 722 73
D 2 37 21
D 3 326 2
D 2 146 47
D 2 962 21
D 3 10 48
D 2 863 67
D 2 478 78
D 3 759 31
D 2 617 9
D 3 228 38
D 2 204 86
D 3 625 19
D 3 327 9
