250 10000
C 0 6692
D 5 0 6058
D 2 0 4179
C 0 5245
D 1 0 9825
D 5 0 3376
D 5 0 1449
D 1 0 8814
C 0 3114
C 0 2517
D 1 0 1776
D 3 0 2884
D 1 0 7576
D 2 0 5138
C 0 3669
D 2 0 3984
C 0 1032
D 4 0 8030
C 0 1396
D 3 0 9859
D 5 0 4894
D 5 0 3472
C 0 2926
C 0 6617
C 0 4679
C 0 3210
D 3 0 9624
D 5 0 6487
C 0 7824
C 0 5083
D 1 0 4742
C 0 2433
D 1 0 6566
D 4 0 1935
C 0 9650
D 4 0 8753
D 2 0 5004
C 0 5298
D 5 0 4462
D 1 0 3555
C 0 443
C 0 8189
D 3 0 484
D 1 0 587
C 0 890
C 0 1503
C 0 1273
D 3 0 9768
D 5 0 8125
D 2 0 5000
D 2 0 2476
D 4 0 4556
C 0 1725
D 4 0 4378
C 0 9317
D 4 0 3466
D 5 0 4404
D 4 0 5837
C 0 4023
D 5 0 4462
D 4 0 49
C 0 8846
D 5 0 8289
C 0 3308
C 0 5872
C 0 2136
C 0 5362
D 3 0 9766
C 0 7853
C 0 4769
C 0 2321
D 5 0 8275
D 2 0 3622
C 0 6528
C 0 420
C 0 5093
C 0 4097
C 0 4865
D 5 0 1842
C 0 6807
D 5 0 9745
D 1 0 4172
D 4 0 7093
D 4 0 441
D 3 0 5400
C 0 583
C 0 114
D 5 0 7844
C 0 7515
D 3 0 3474
C 0 7048
C 0 6419
C 0 8142
C 0 3348
C 0 4034
C 0 5079
D 1 0 3082
D 3 0 1497
D 5 0 6881
D 5 0 8211
D 3 0 1218
C 0 1780
C 0 2621
C 0 1693
C 0 2714
C 0 6298
D 3 0 5173
C 0 3961
C 0 2196
C 0 506
D 2 0 2369
D 5 0 614
C 0 1621
C 0 8016
C 0 4142
C 0 5325
C 0 3103
D 1 0 1985
D 1 0 8404
D 2 0 5141
D 2 0 808
C 0 9398
D 2 0 4525
D 3 0 6096
D 2 0 2151
D 5 0 1925
C 0 9079
C 0 1041
C 0 551
C 0 8961
D 5 0 311
D 2 0 2621
C 0 5059
C 0 5394
C 0 744
D 1 0 3246
C 0 7011
C 0 6759
D 4 0 3692
D 3 0 2964
D 5 0 7278
C 0 3761
C 0 3439
C 0 5053
C 0 4294
D 3 0 5418
D 2 0 70
C 0 1498
D 2 0 8310
C 0 2068
D 4 0 1240
D 1 0 9791
D 5 0 7482
D 3 0 7979
C 0 8845
C 0 7363
C 0 9216
D 4 0 3796
C 0 5271
C 0 1649
C 0 7322
C 0 521
D 1 0 5545
D 5 0 1513
D 1 0 2310
C 0 2752
C 0 3168
C 0 8720
C 0 5463
D 4 0 9821
C 0 5387
D 4 0 2416
C 0 5659
C 0 3286
D 2 0 6952
C 0 6329
D 1 0 9056
C 0 1978
C 0 5928
C 0 4229
D 2 0 3585
C 0 6034
C 0 3314
C 0 4144
D 2 0 5087
D 2 0 7577
C 0 4316
D 5 0 8138
D 4 0 8452
C 0 3254
C 0 6198
C 0 7062
C 0 897
C 0 4128
D 2 0 545
D 1 0 141
C 0 5858
C 0 5850
C 0 9193
C 0 4594
D 4 0 190
D 4 0 8819
C 0 998
D 4 0 2628
C 0 3510
D 2 0 6663
D 4 0 800
C 0 2905
D 4 0 1480
C 0 3152
C 0 4998
D 5 0 6800
C 0 4016
D 3 0 5761
D 4 0 917
C 0 4529
C 0 2730
C 0 5684
C 0 3167
D 5 0 1608
D 3 0 5173
C 0 7566
C 0 3119
D 4 0 5552
C 0 4232
D 3 0 2433
C 0 8123
D 2 0 252
D 4 0 295
D 4 0 8162
C 0 2571
C 0 4863
C 0 7972
C 0 7569
D 2 0 7643
D 2 0 9343
D 3 0 3555
C 0 6994
D 2 0 1968
D 4 0 9489
D 3 0 9499
D 3 0 4457
C 0 2478
D 4 0 6278
C 0 6794
D 2 0 8153
D 2 0 2897
D 3 0 2633
D 2 0 4420
D 3 0 3558
