250 10000
D 1 110 26
D 3 451 58
D 3 841 26
D 3 277 76
D 3 613 21
D 1 91 45
D 1 227 44
D 1 333 8
D 3 851 52
D 3 466 23
D 2 388 64
D 1 119 26
D 1 119 46
D 2 262 93
D 2 271 31
D 3 221 46
D 1 75 69
D 1 366 41
D 1 388 41
D 1 934 88
D 3 732 92
D 1 578 1
D 3 417 76
D 1 88 80
D 1 62 80
D 2 878 79
D 3 41 76
D 1 116 86
D 1 532 8
D 1 831 20
D 1 16 34
D 1 96 93
D 3 842 91
D 1 387 56
D 3 374 58
D 1 618 46
D 2 511 78
D 1 833 82
D 1 612 57
D 2 319 87
D 1 988 64
D 3 21 17
D 3 939 15
D 1 942 33
D 1 58 11
D 1 460 87
D 1 948 20
D 3 700 98
D 3 880 72
D 1 345 51
D 1 841 89
D 1 434 62
D 3 671 53
D 3 859 89
D 3 412 69
D 2 405 36
D 2 171 64
D 3 16 63
D 1 322 11
D 1 730 38
D 3 523 74
D 3 85 99
D 1 240 73
D 2 35 99
D 2 252 93
D 1 727 86
D 1 651 41
D 3 362 36
D 3 752 40
D 2 94 48
D 3 217 96
D 2 560 70
D 3 571 9
D 1 816 89
D 1 792 23
D 1 728 28
D 3 659 13
D 3 842 92
D 1 885 20
D 1 43 33
D 3 703 8
D 1 348 13
D 3 441 89
D 1 574 36
D 3 437 29
D 2 696 24
D 1 36 81
D 3 196 65
D 1 598 67
D 2 502 76
D 3 185 59
D 2 848 5
D 3 775 66
D 1 438 50
D 1 132 16
D 2 721 47
D 3 480 44
D 3 444 55
D 2 432 69
D 3 15 15
D 2 768 86
D 1 134 73
D 3 172 93
D 2 738 19
D 2 217 90
D 3 445 1
D 1 359 13
D 2 558 96
D 2 633 35
D 1 422 88
D 1 199 77
D 2 549 50
D 1 295 75
D 1 377 85
D 2 783 13
D 1 868 26
D 1 676 52
D 2 681 49
D 1 594 39
D 3 313 33
D 3 803 35
D 2 541 22
D 2 894 74
D 1 731 99
D 2 774 27
D 1 518 10
D 3 260 33
D 3 203 55
D 1 580 57
D 2 98 24
D 3 491 93
D 1 364 35
D 3 775 8
D 3 869 15
D 1 682 77
D 1 659 59
D 3 15 19
D 1 253 38
D 3 881 16
D 3 313 63
D 3 527 93
D 1 301 20
D 1 225 46
D 3 155 6
D 3 188 70
D 2 617 9
D 2 431 68
D 3 962 25
D 1 598 3
D 1 500 89
D 1 19 9
D 1 441 35
D 3 158 12
D 3 638 63
D 2 297 51
D 2 208 57
D 2 883 36
D 3 474 20
D 1 277 1
D 2 386 85
D 3 306 63
D 3 128 63
D 2 753 46
D 2 399 30
D 3 727 4
D 1 597 88
D 2 414 99
D 1 942 16
D 1 511 99
D 2 829 22
D 2 543 32
D 2 700 31
D 2 625 56
D 3 966 48
D 3 251 74
D 2 228 43
D 1 405 11
D 3 848 34
D 3 185 53
D 2 103 65
D 3 713 45
D 1 991 57
D 3 368 51
D 1 47 87
D 1 155 42
D 2 519 22
D 1 802 5
D 3 515 24
D 1 689 68
D 2 813 96
D 2 196 47
D 3 453 97
D 3 812 100
D 2 799 28
D 1 807 44
D 3 651 27
D 2 933 7
D 1 784 38
D 3 698 28
D 2 238 98
D 3 813 40
D 3 486 47
D 2 952 86
D 1 219 73
D 1 122 61
D 2 63 92
D 3 851 55
D 1 503 51
D 2 326 59
D 3 377 62
D 3 599 59
D 1 590 81
D 3 501 17
D 3 248 98
D 1 5 74
D 1 483 5
D 2 271 95
D 1 681 16
D 2 808 97
D 3 41 85
D 1 509 58
D 1 778 51
D 2 135 22
D 2 21 12
D 2 155 47
D 2 512 52
D 3 451 73
D 2 220 85
D 1 748 14
D 3 853 5
D 2 919 78
D 1 528 79
D 3 344 96
D 2 399 11
D 1 681 75
D 1 354 11
D 1 570 14
D 2 317 56
D 1 422 98
D 2 916 13
D 3 448 24
D 3 298 72
D 1 868 75
D 3 139 37
D 3 524 61
D 1 967 12
D 2 410 40
D 2 203 93
D 3 747 69
D 2 778 26
