250 10000
C 0 4552
D 1 0 4215
D 2 0 6781
C 0 9763
D 2 0 1754
C 0 5539
C 0 476
D 3 0 6578
D 1 0 2981
D 1 0 1759
D 1 0 3997
D 2 0 1267
C 0 7866
C 0 4194
C 0 4545
C 0 6682
C 0 1870
D 1 0 46
C 0 9658
D 3 0 4461
D 2 0 8668
D 2 0 1451
D 2 0 4139
C 0 8710
D 5 0 6400
D 5 0 882
C 0 7766
C 0 7069
D 3 0 5
D 5 0 1156
D 2 0 7392
D 4 0 1348
C 0 111
C 0 5227
C 0 8048
C 0 4443
C 0 5021
C 0 7505
C 0 320
D 3 0 5590
C 0 7741
D 1 0 7080
D 1 0 8842
D 5 0 7907
D 3 0 1246
D 4 0 4092
D 4 0 2956
D 3 0 4117
C 0 5343
C 0 7757
D 4 0 8499
C 0 9958
D 3 0 1302
D 3 0 2468
C 0 4856
D 2 0 6043
C 0 1551
D 3 0 8288
D 3 0 9277
C 0 9276
D 5 0 5189
C 0 5800
C 0 7267
C 0 106
C 0 7897
C 0 3601
D 1 0 6732
D 3 0 8643
D 3 0 9489
D 5 0 6843
C 0 7839
C 0 3096
D 5 0 8440
C 0 2343
D 4 0 1847
C 0 4046
D 3 0 2494
D 2 0 6486
D 1 0 6609
C 0 2587
D 3 0 4353
C 0 9460
C 0 9067
D 5 0 378
D 1 0 2076
D 2 0 822
D 1 0 7487
D 5 0 8621
D 2 0 8064
D 1 0 5111
D 2 0 8633
D 1 0 1168
C 0 7799
D 5 0 5126
D 5 0 2506
C 0 1210
C 0 695
D 1 0 9426
D 1 0 6400
D 1 0 6293
C 0 150
D 5 0 8444
C 0 9328
D 2 0 3917
D 1 0 4111
D 1 0 5060
C 0 2691
D 4 0 5127
C 0 7897
D 4 0 8474
D 4 0 3902
C 0 292
C 0 5848
C 0 3235
D 4 0 4454
D 2 0 1386
C 0 7230
D 5 0 4546
D 3 0 7338
D 2 0 8152
D 5 0 6828
D 3 0 5279
C 0 7650
C 0 9080
D 3 0 826
D 1 0 1136
D 4 0 2172
C 0 8397
C 0 8693
C 0 6617
D 5 0 9440
C 0 8592
D 4 0 3772
D 5 0 8584
D 5 0 5131
C 0 9423
C 0 7307
C 0 6416
C 0 6440
D 3 0 6632
C 0 2290
D 5 0 5141
C 0 2165
C 0 5479
D 5 0 8850
D 1 0 7235
C 0 6073
C 0 4878
C 0 3884
C 0 9563
D 3 0 7497
D 2 0 8038
D 5 0 1767
D 1 0 3626
D 1 0 3465
C 0 7853
C 0 8277
D 3 0 3317
D 1 0 8304
C 0 8904
C 0 15
C 0 2547
D 1 0 2553
C 0 4236
C 0 9376
C 0 4547
D 5 0 2106
D 1 0 8287
C 0 8778
D 3 0 6852
D 5 0 6605
C 0 8383
D 1 0 1594
C 0 6509
D 4 0 2133
D 3 0 4769
C 0 7767
D 1 0 1138
C 0 5527
D 5 0 868
D 1 0 6430
D 4 0 5848
D 3 0 9018
C 0 7774
C 0 4571
D 5 0 315
D 5 0 1505
C 0 3394
C 0 6866
C 0 3067
D 2 0 5135
D 5 0 1089
C 0 2057
D 1 0 8798
C 0 9019
C 0 2201
C 0 2047
D 5 0 9719
C 0 1651
C 0 4336
D 2 0 5066
C 0 8355
C 0 9156
C 0 1303
C 0 310
D 1 0 7599
C 0 2463
D 4 0 5499
D 5 0 2116
D 5 0 2724
C 0 3591
D 2 0 7076
C 0 894
D 1 0 3164
C 0 6487
D 3 0 4623
C 0 9595
D 4 0 4317
D 5 0 4039
D 1 0 2159
D 1 0 6296
D 4 0 728
C 0 5123
D 3 0 6160
C 0 3111
D 1 0 996
C 0 9958
C 0 4931
D 1 0 4988
C 0 3818
D 1 0 3076
C 0 9871
D 1 0 7546
D 4 0 9441
D 2 0 160
D 4 0 7502
C 0 745
C 0 1780
C 0 628
C 0 9795
D 3 0 1978
D 5 0 1260
D 2 0 6359
D 3 0 9232
C 0 5737
D 2 0 1292
C 0 8335
D 1 0 8411
D 1 0 696
D 2 0 1415
