250 10000
D 1 295 6
D 1 658 41
D 2 942 57
D 2 499 18
D 2 814 80
D 1 423 98
D 1 0 83
D 1 741 38
D 1 478 25
D 2 202 7
D 2 347 45
D 2 275 31
D 2 671 6
D 1 473 35
D 2 383 40
D 2 683 63
D 2 383 50
D 2 994 31
D 1 196 39
D 1 229 59
D 2 53 68
D 1 532 82
D 2 535 40
D 2 336 73
D 1 670 81
D 1 338 48
D 1 735 37
D 2 264 37
D 1 178 11
D 1 20 34
D 1 436 61
D 1 975 89
D 2 100 89
D 1 244 61
D 2 375 36
D 1 212 24
D 2 586 44
D 1 544 62
D 1 65 38
D 2 900 99
D 2 717 56
D 1 724 72
D 1 801 31
D 2 776 24
D 2 564 67
D 2 985 43
D 1 388 93
D 1 829 69
D 1 519 22
D 2 978 90
D 1 606 48
D 2 243 6
D 1 192 86
D 2 909 57
D 1 586 43
D 2 106 22
D 2 975 85
D 1 802 5
D 2 544 98
D 2 298 72
D 2 37 17
D 1 34 88
D 2 704 65
D 2 815 14
D 1 645 61
D 1 49 52
D 2 205 68
D 2 69 78
D 1 230 71
D 2 304 57
D 1 896 26
D 2 260 48
D 2 881 73
D 2 550 48
D 1 325 24
D 2 495 6
D 2 792 91
D 1 23 91
D 2 736 87
D 2 181 86
D 2 565 3
D 1 698 72
D 1 497 99
D 2 480 80
D 1 713 61
D 2 185 29
D 1 140 50
D 1 387 16
D 2 384 85
D 2 764 70
D 1 457 82
D 2 828 71
D 1 958 83
D 2 678 86
D 1 14 67
D 1 358 63
D 2 108 80
D 2 525 6
D 2 501 31
D 2 984 87
D 2 247 95
D 2 42 69
D 2 520 48
D 2 122 95
D 1 505 63
D 2 926 66
D 2 461 41
D 2 17 76
D 2 415 10
D 1 924 38
D 2 65 18
D 2 965 16
D 1 780 8
D 2 880 74
D 1 564 32
D 1 680 33
D 1 262 49
D 1 399 10
D 2 958 71
D 1 722 31
D 2 57 18
D 2 264 76
D 1 100 83
D 1 230 14
D 2 166 26
D 1 829 34
D 1 806 28
D 1 826 61
D 2 156 100
D 1 685 72
D 1 438 13
D 1 943 27
D 2 896 99
D 1 818 76
D 1 566 95
D 1 860 87
D 1 636 36
D 1 570 89
D 2 895 51
D 1 221 78
D 2 132 79
D 1 600 8
D 2 381 56
D 2 144 1
D 2 414 96
D 2 317 74
D 1 21 1
D 2 470 57
D 1 826 67
D 1 490 95
D 1 560 19
D 2 374 77
D 2 656 90
D 2 901 43
D 2 195 85
D 2 946 29
D 2 766 88
D 2 719 37
D 1 958 36
D 1 624 27
D 2 61 77
D 1 209 42
D 1 605 45
D 1 438 78
D 2 206 29
D 1 677 10
D 2 9 49
D 1 768 86
D 1 407 35
D 1 994 7
D 2 728 66
D 2 913 74
D 1 853 68
D 2 952 50
D 2 400 100
D 2 528 11
D 2 909 12
D 1 201 91
D 2 968 92
D 1 951 90
D 1 904 96
D 1 758 45
D 1 217 43
D 1 969 70
D 1 47 90
D 1 934 30
D 1 392 14
D 2 491 63
D 1 181 82
D 1 408 74
D 1 518 25
D 1 906 8
D 1 629 20
D 1 813 28
D 2 812 22
D 2 359 63
D 1 876 96
D 2 358 20
D 1 905 47
D 2 661 83
D 1 577 62
D 1 443 59
D 1 842 7
D 2 680 14
D 1 981 37
D 2 201 80
D 2 179 67
D 2 587 58
D 1 169 3
D 1 637 27
D 2 38 69
D 2 363 75
D 2 248 71
D 1 343 83
D 1 887 29
D 1 583 12
D 2 580 98
D 1 318 96
D 2 321 82
D 2 948 81
D 2 65 69
D 2 97 97
D 2 175 95
D 1 383 4
D 1 164 36
D 2 644 47
D 2 578 69
D 1 765 100
D 2 353 66
D 2 99 19
D 1 946 82
D 2 119 26
D 2 781 61
D 2 145 99
D 2 801 53
D 1 461 55
D 2 622 47
D 2 306 74
D 2 375 60
D 2 336 70
D 2 645 1
D 1 717 65
D 1 472 10
D 2 88 22
D 1 704 53
D 2 874 25
D 1 639 12
D 2 705 43
D 1 256 2
D 2 431 59
