250 10000
D 2 208 83
D 4 980 83
D 3 714 74
D 3 555 77
D 2 642 15
D 3 541 10
D 2 251 25
D 2 341 23
D 3 360 86
D 2 258 54
D 2 513 47
D 4 497 52
D 2 800 3
D 3 78 93
D 3 11 57
D 2 341 65
D 3 606 94
D 2 125 87
D 3 271 65
D 2 45 48
D 2 54 72
D 2 77 26
D 2 998 14
D 4 977 91
D 3 909 49
D 4 845 29
D 2 961 93
D 4 820 9
D 2 859 21
D 3 118 78
D 4 434 27
D 4 177 52
D 3 98 73
D 3 107 83
D 3 289 52
D 4 778 3
D 3 522 44
D 3 652 55
D 3 391 92
D 2 868 49
D 4 341 50
D 3 268 97
D 3 160 12
D 2 966 53
D 4 23 11
D 2 68 95
D 2 825 25
D 3 132 18
D 2 205 93
D 2 429 56
D 3 657 27
D 3 315 55
D 4 221 3
D 4 548 49
D 4 742 4
D 3 162 84
D 2 329 37
D 2 933 61
D 4 126 33
D 2 892 40
D 4 290 34
D 3 743 82
D 3 854 5
D 3 772 72
D 4 552 48
D 2 704 96
D 2 99 12
D 4 965 73
D 2 421 94
D 2 564 18
D 3 1 27
D 2 777 55
D 2 787 88
D 4 941 67
D 4 660 64
D 2 342 37
D 3 885 50
D 4 794 19
D 4 233 76
D 2 766 62
D 2 576 52
D 4 66 91
D 3 316 94
D 4 574 11
D 3 399 2
D 4 523 6
D 2 56 77
D 4 769 75
D 3 632 42
D 4 503 10
D 4 920 37
D 2 869 47
D 2 231 59
D 3 734 97
D 2 121 45
D 2 236 3
D 4 513 4
D 4 159 71
D 2 980 84
D 3 85 66
D 3 992 1
D 2 931 66
D 4 98 85
D 4 243 72
D 3 184 30
D 3 18 21
D 2 432 20
D 2 279 39
D 2 75 86
D 3 184 5
D 2 843 57
D 2 35 15
D 4 660 97
D 4 432 5
D 2 72 34
D 4 546 90
D 2 278 93
D 2 162 14
D 3 864 5
D 4 761 88
D 3 837 70
D 2 930 60
D 2 744 10
D 2 692 34
D 4 359 79
D 2 44 19
D 3 177 55
D 3 824 93
D 4 602 70
D 3 325 40
D 4 13 96
D 2 858 65
D 3 164 34
D 2 94 85
D 3 356 14
D 4 407 22
D 4 102 72
D 4 684 69
D 4 269 95
D 4 13 16
D 4 33 15
D 3 327 38
D 2 833 48
D 3 319 22
D 3 288 82
D 4 395 86
D 3 840 78
D 2 54 25
D 3 942 58
D 3 838 68
D 2 87 41
D 3 149 22
D 3 229 43
D 4 357 57
D 3 69 19
D 2 440 43
D 2 707 17
D 2 446 62
D 4 390 29
D 4 729 41
D 2 183 60
D 3 76 97
D 4 964 48
D 3 87 73
D 3 206 10
D 2 672 13
D 2 235 68
D 2 623 81
D 3 394 92
D 3 603 56
D 3 96 14
D 4 906 88
D 3 694 8
D 3 559 71
D 2 505 45
D 3 231 46
D 4 792 48
D 3 896 59
D 2 689 61
D 4 147 23
D 2 188 76
D 2 19 12
D 4 786 89
D 4 344 83
D 4 7 27
D 3 299 67
D 3 284 3
D 2 791 98
D 2 183 58
D 4 597 76
D 3 194 33
D 3 743 60
D 2 828 19
D 3 313 90
D 3 748 94
D 4 402 89
D 4 635 6
D 2 597 37
D 4 476 45
D 4 222 73
D 2 441 83
D 2 850 44
D 2 170 64
D 2 884 33
D 4 399 3
D 4 704 22
D 4 727 60
D 2 348 100
D 3 565 84
D 3 969 63
D 4 853 49
D 3 341 27
D 3 745 29
D 2 252 39
D 4 213 89
D 2 916 98
D 3 764 29
D 3 71 92
D 3 994 59
D 4 24 97
D 3 818 24
D 4 267 95
D 2 428 26
D 2 593 58
D 3 510 29
D 3 728 45
D 4 941 15
D 3 430 4
D 4 185 75
D 3 523 37
D 3 699 85
D 3 67 83
D 2 782 54
D 2 58 31
D 2 195 42
D 4 249 59
D 3 881 71
D 4 344 13
D 4 871 72
D 2 42 45
D 3 538 87
D 4 126 33
D 2 222 68
D 2 541 12
D 3 153 96
D 3 555 84
D 3 956 68
D 3 442 6
D 3 914 78
D 3 113 41
