250 10000
D 217 903 67
D 232 214 8
D 189 30 90
D 2 103 88
D 14 665 17
D 170 307 77
C 409 90
D 90 799 51
D 158 764 90
C 528 47
D 123 355 74
D 109 229 65
D 79 471 90
D 59 546 3
D 197 285 63
C 737 62
D 44 46 37
D 61 197 87
C 328 14
D 29 697 75
D 156 410 69
D 25 887 85
D 21 749 85
D 21 491 99
C 239 41
D 87 903 5
D 233 442 82
D 236 909 54
D 238 774 12
D 179 352 43
D 91 545 99
D 39 120 36
C 339 15
D 102 550 72
D 130 238 75
D 250 494 99
D 215 250 70
D 244 881 96
D 149 899 26
C 38 35
D 213 480 24
C 600 66
D 189 677 14
D 198 195 66
D 147 179 30
D 170 901 82
D 225 578 60
C 247 51
D 124 810 29
C 925 87
D 195 688 80
D 89 366 58
D 190 231 45
D 194 738 50
D 90 310 38
D 210 237 38
D 144 979 4
D 22 845 40
D 79 403 29
D 241 979 12
D 137 179 25
D 170 88 57
C 863 88
D 108 661 88
D 214 227 8
D 103 131 57
D 180 85 73
D 206 271 76
D 225 785 33
C 275 93
D 99 335 65
D 16 541 17
C 813 11
C 399 19
D 158 308 48
C 503 58
D 180 898 100
C 707 65
D 199 89 7
C 180 51
D 233 672 54
D 12 638 27
D 4 174 2
D 120 209 39
C 505 65
C 189 65
D 80 386 70
D 123 37 76
C 381 64
D 109 222 61
D 232 589 47
C 644 97
D 203 264 86
D 104 674 82
D 154 999 83
C 664 24
D 150 86 75
D 166 386 91
C 330 78
D 215 826 92
D 73 219 72
D 250 911 64
D 193 693 56
D 242 408 27
C 261 48
C 313 70
D 205 214 39
D 131 208 78
D 207 739 78
D 51 960 53
D 36 854 52
D 179 625 13
D 178 881 67
D 65 647 18
C 777 41
D 184 755 52
D 86 198 2
D 48 629 10
D 181 941 85
D 124 23 56
D 6 210 15
D 7 892 87
D 224 714 53
D 189 81 33
D 238 895 56
D 147 521 39
C 573 18
C 220 77
D 167 0 31
D 195 654 45
D 168 250 60
D 175 210 30
D 50 13 56
D 91 174 6
D 57 279 70
D 143 809 14
D 200 649 24
C 794 17
D 10 440 8
D 24 879 11
C 795 47
D 57 840 75
C 701 31
D 191 358 31
D 53 324 84
D 153 418 87
D 23 80 91
D 209 831 90
C 570 53
C 69 80
D 128 675 33
D 111 555 29
C 788 11
C 65 13
D 248 469 41
C 280 97
D 8 177 54
D 24 462 21
D 236 768 49
C 651 79
D 134 99 55
D 171 463 91
D 172 522 57
D 75 692 62
D 229 8 15
D 241 20 90
D 172 228 30
D 244 861 66
D 181 338 49
D 118 694 58
D 67 524 53
C 256 84
D 10 116 95
D 10 462 98
D 245 891 21
D 206 91 24
D 250 756 94
D 164 719 73
C 373 75
C 78 79
D 18 376 83
C 421 43
D 48 605 15
C 252 29
D 232 819 14
C 475 46
C 524 40
D 8 410 51
D 55 750 17
D 59 68 86
C 701 94
D 135 963 71
D 170 901 20
D 41 5 76
C 75 99
C 672 79
D 162 777 66
D 79 405 26
D 198 242 48
D 90 733 19
D 30 386 39
D 75 163 98
D 50 700 7
D 220 881 99
C 11 66
D 49 334 99
D 26 700 35
D 14 246 60
D 216 422 95
C 299 86
D 18 649 62
C 161 69
D 111 949 60
D 76 925 17
D 145 799 21
D 34 635 38
C 44 49
C 943 63
D 23 365 76
D 99 379 94
D 37 913 71
D 120 713 95
D 235 114 73
D 144 172 80
C 675 76
D 36 6 25
D 34 77 18
D 116 456 20
C 20 96
D 138 849 18
D 79 154 52
D 141 554 92
C 325 48
C 63 64
D 210 506 8
D 250 1000 21
C 524 98
C 582 23
C 266 79
D 249 447 39
D 132 69 27
C 494 71
D 156 140 95
C 696 94
D 135 624 73
D 68 739 85
C 530 88
D 183 256 5
D 218 783 68
D 130 438 28
