250 10000
D 2 825 73
D 3 926 74
D 2 355 22
D 4 443 89
D 4 98 28
D 2 675 25
D 3 190 39
D 4 81 100
D 2 864 55
D 4 588 34
D 1 894 63
D 3 517 88
D 3 492 69
D 1 785 40
D 2 45 26
D 3 526 20
D 2 614 33
D 1 488 20
D 4 817 5
D 3 906 45
D 1 332 92
D 2 405 91
D 3 764 41
D 2 628 36
D 1 867 67
D 3 390 85
D 2 339 32
D 3 776 35
D 1 496 26
D 2 925 4
D 2 837 30
D 2 12 22
D 2 874 5
D 1 680 100
D 3 805 62
D 1 904 31
D 4 270 79
D 3 935 82
D 4 648 84
D 1 635 38
D 1 779 58
D 1 467 86
D 3 921 89
D 3 510 4
D 3 521 83
D 4 810 94
D 1 859 16
D 1 479 57
D 1 859 85
D 2 966 88
D 1 608 23
D 4 788 77
D 1 614 98
D 4 7 38
D 4 764 60
D 1 511 83
D 4 700 39
D 1 801 26
D 3 884 74
D 3 509 4
D 3 550 49
D 3 948 48
D 2 519 32
D 4 824 85
D 2 162 25
D 1 60 85
D 1 39 86
D 1 127 90
D 3 822 10
D 2 604 49
D 3 372 95
D 2 166 22
D 4 109 97
D 4 232 45
D 4 203 73
D 4 302 22
D 4 903 47
D 3 808 15
D 2 464 63
D 4 834 77
D 4 781 67
D 2 623 94
D 1 394 66
D 1 905 84
D 4 186 58
D 1 776 38
D 3 812 59
D 4 990 39
D 4 287 79
D 1 657 48
D 3 585 25
D 1 430 71
D 4 844 63
D 4 100 98
D 1 856 85
D 1 90 64
D 4 812 14
D 3 498 2
D 2 105 30
D 2 447 35
D 3 89 29
D 3 528 15
D 4 75 48
D 4 719 3
D 2 703 97
D 3 33 51
D 1 763 20
D 4 153 40
D 2 701 38
D 3 64 67
D 3 799 8
D 1 263 29
D 4 864 83
D 2 522 19
D 4 825 7
D 2 256 16
D 2 737 100
D 4 302 58
D 4 380 45
D 4 793 91
D 1 917 44
D 4 970 29
D 4 641 16
D 2 53 69
D 2 274 16
D 3 782 88
D 2 555 12
D 2 908 85
D 4 90 5
D 1 860 54
D 3 305 13
D 3 824 51
D 1 565 17
D 1 92 8
D 4 378 32
D 3 578 50
D 1 222 12
D 4 485 9
D 2 411 35
D 4 818 22
D 4 375 59
D 3 857 36
D 4 440 58
D 2 44 33
D 3 792 33
D 1 11 93
D 4 107 69
D 4 180 82
D 2 106 89
D 1 686 95
D 3 151 37
D 1 944 38
D 3 308 6
D 2 673 18
D 3 743 36
D 3 196 60
D 4 958 81
D 4 899 4
D 1 74 79
D 3 756 30
D 4 773 88
D 1 540 97
D 2 630 18
D 4 731 10
D 4 280 25
D 2 0 22
D 1 49 91
D 3 525 74
D 4 860 22
D 3 452 99
D 2 861 38
D 1 848 42
D 3 275 65
D 3 860 97
D 2 64 95
D 3 989 39
D 4 693 95
D 4 737 84
D 1 527 81
D 1 64 8
D 4 409 61
D 4 501 99
D 2 163 10
D 3 872 41
D 3 907 52
D 4 265 100
D 3 839 16
D 1 317 22
D 3 680 59
D 2 624 55
D 1 187 80
D 3 720 35
D 3 41 20
D 4 769 83
D 2 4 48
D 2 853 70
D 4 512 29
D 3 90 50
D 1 730 80
D 2 427 58
D 1 388 76
D 2 152 15
D 4 214 93
D 3 60 21
D 3 833 7
D 4 538 39
D 4 493 39
D 2 630 85
D 1 945 85
D 1 845 7
D 2 752 92
D 2 457 76
D 1 906 45
D 1 911 73
D 3 106 13
D 1 253 27
D 1 320 77
D 2 307 17
D 2 322 91
D 1 58 17
D 2 81 58
D 4 974 94
D 1 888 18
D 4 980 55
D 2 849 61
D 4 137 60
D 3 256 58
D 1 734 17
D 4 995 81
D 3 647 32
D 1 347 31
D 3 673 94
D 2 644 29
D 2 719 40
D 3 820 8
D 3 616 55
D 1 696 67
D 1 363 96
D 2 620 22
D 1 924 48
D 1 617 12
D 3 45 6
D 1 952 22
D 2 628 84
D 3 119 58
D 3 141 83
D 3 24 62
D 4 164 49
D 4 801 18
D 3 602 68
