62 8079
D 7698 1480 1163
C 7815 2755
D 2687 1266 2844
D 8872 2536 8842
C 3060 2452
D 6873 376 1045
D 9332 4858 612
C 262 8929
D 8493 2351 6361
D 9488 8350 8616
C 3110 45
C 1137 5757
C 5691 7606
C 3777 2723
C 3347 1632
D 7102 8464 5618
C 8708 3800
D 5196 9621 418
C 4558 5045
C 5995 4317
D 8420 5665 7361
D 254 9676 701
C 7105 4755
C 3362 9582
C 9518 1730
D 4428 7247 6026
D 2152 9335 149
D 5881 8528 6024
C 9940 4507
D 5132 290 559
C 8211 5222
D 5643 8323 6049
C 3360 8999
C 5913 8385
C 1379 7013
D 8391 6341 8320
D 5556 4447 2568
C 1560 645
D 7940 5519 6643
D 4100 5807 3458
C 1104 61
C 5203 4813
C 2474 711
D 6302 4230 7979
C 4986 1851
C 7081 1922
C 105 3372
D 8682 1999 554
D 3532 3878 5026
D 2813 8234 6018
D 9440 705 4304
C 1531 3132
D 6276 9873 3929
D 9730 5150 6092
C 6850 1251
C 2616 432
C 9725 8766
C 9222 9532
C 2635 1208
C 6412 7440
C 1416 202
C 9420 4120
