87 9008
D 4834 4202 2296
D 5580 7394 1721
C 5918 3658
D 5376 5339 3593
C 1692 6069
D 8554 5239 9503
C 7793 6466
C 1262 7840
C 3698 5731
C 9685 389
D 4639 1897 4178
D 9777 3657 4704
D 6992 6919 490
D 3083 1285 5427
C 180 3394
C 7123 2030
C 5722 7062
D 6368 3257 1053
C 8754 4903
C 6502 1568
C 1062 9920
D 827 3218 2180
D 1480 404 3918
C 4543 8477
C 1387 48
C 8585 8709
C 4481 3914
D 2024 9409 5449
D 5135 7994 3839
D 6410 7488 8703
C 3709 9037
D 2083 2401 3725
D 875 6818 4704
C 9026 7270
C 7385 6988
D 5337 5681 1769
D 4831 1108 2413
D 3482 8465 6699
C 672 9868
C 1256 9878
C 9954 9869
D 6025 4311 1984
C 7091 9129
D 3680 834 2360
D 9466 1275 170
C 672 8432
C 1775 164
D 1085 4192 6170
D 9202 1786 5753
D 939 4428 9703
C 5449 6442
D 8926 1815 4340
D 4706 5483 7425
D 915 9600 6718
D 8388 3000 4972
D 3649 6334 2257
D 2666 3695 6041
C 7446 5389
D 1992 2745 9135
C 4861 4396
C 5886 4678
C 8590 5532
C 4639 9233
D 1206 8073 2248
C 1170 6102
C 3059 1128
C 1966 7652
C 2642 184
D 129 2435 3654
C 8247 319
C 6227 3558
C 7454 2180
D 547 6870 7621
D 2385 1188 8119
C 2313 7168
D 7035 6604 5802
D 2009 5745 1599
D 3624 1161 1535
D 8996 577 2141
D 5243 2716 8695
D 3968 4407 8001
C 1654 1388
C 6073 7577
C 1760 1331
C 6849 8950
D 269 5649 2481
C 5313 9181
