121 4455
C 4735 9546
D 5711 1187 3478
D 4762 4978 6297
D 8720 868 7016
C 1862 8858
D 9249 9705 6133
C 9150 6891
D 414 8173 8783
D 4470 6399 5516
D 6170 1268 9419
C 649 2757
C 5721 1659
C 2138 3496
C 219 3628
D 9428 3260 2408
C 3665 7318
D 9079 875 9523
C 5812 1093
D 3625 6272 4683
D 4424 3297 260
D 113 6390 3742
C 7555 6840
D 2297 3271 4773
C 7284 8741
D 8439 5975 1185
C 3040 5011
C 3520 2330
D 9434 2834 8559
C 9925 1692
D 5703 3757 9542
D 8393 9363 291
D 8153 3669 8146
D 8491 371 1825
D 7765 380 4376
D 8969 5813 108
C 4636 9493
C 4955 4187
D 5071 9330 3222
C 816 8109
C 3432 3019
D 9363 2296 2764
C 9051 29
C 6432 9076
C 331 9924
D 7974 3332 9711
C 590 2892
C 3300 3263
D 2138 7578 4139
D 462 8655 4491
C 6138 5116
D 4193 299 3690
D 269 4808 3596
D 1492 6234 8334
C 8237 6447
C 790 2079
D 778 3054 7798
D 7718 9421 6734
D 2449 1358 2876
C 5445 405
D 2364 5957 7653
D 7354 7467 264
C 8001 9943
D 8230 5530 5729
C 1202 4618
C 5315 1183
C 5230 8624
D 5390 5310 4517
D 2676 2973 5017
D 4343 9109 9957
C 1018 288
C 4929 4385
D 8929 2760 4032
C 3016 3060
D 7971 5986 6636
C 6642 3002
C 7741 134
D 7859 2920 2076
D 8842 718 6209
D 9774 2735 2106
D 1550 8614 5401
C 2363 3540
C 7231 6635
C 7735 6778
C 475 5149
C 526 5352
C 8908 4695
C 3928 423
D 9553 2395 5548
C 1339 1424
C 2849 8122
C 775 8020
D 1901 2759 1774
C 1941 5139
D 3299 3308 9075
D 5822 2119 9035
C 8913 5883
C 2867 1619
D 7606 2388 4749
C 8771 7705
D 8848 1386 4917
D 2081 1933 1056
D 9929 868 1363
D 1323 5449 8455
C 9190 1317
D 3263 4619 88
C 3001 2523
D 1755 2115 8759
D 1878 5642 1595
C 3945 8368
D 796 4739 2265
C 1069 5731
D 9852 293 5485
D 6525 15 8996
D 9625 6963 4934
D 7470 1441 7431
D 5235 2945 4692
C 7201 9930
C 4177 6022
C 5791 757
C 7756 4717
D 9701 76 3358
