250 10000
D 2 0 2034
C 0 6390
D 3 0 2429
D 3 0 9051
D 5 0 1892
D 1 0 5657
C 0 1435
D 1 0 6758
C 0 1708
D 5 0 6009
D 3 0 7118
D 5 0 3529
C 0 1245
C 0 4319
C 0 6481
D 5 0 4618
C 0 1270
C 0 545
C 0 9049
D 5 0 3722
C 0 4108
C 0 9601
D 1 0 112
C 0 4751
C 0 6345
D 3 0 3883
D 5 0 6603
D 1 0 4092
D 2 0 3119
C 0 9882
C 0 3443
D 1 0 7148
D 3 0 6598
D 1 0 4395
C 0 6603
C 0 9941
C 0 1353
D 1 0 2003
C 0 5823
D 3 0 4979
D 3 0 7970
D 2 0 6487
D 2 0 486
D 1 0 958
D 4 0 7918
D 3 0 5344
D 5 0 2079
D 5 0 2127
C 0 2171
C 0 9
C 0 8174
C 0 8485
C 0 1971
C 0 3369
D 5 0 7997
D 1 0 6365
D 2 0 1395
D 1 0 1400
D 3 0 4345
D 4 0 2069
D 3 0 9425
D 5 0 1581
C 0 7350
D 4 0 3046
C 0 4980
D 1 0 3929
D 1 0 6366
C 0 1950
C 0 5771
D 3 0 4009
D 5 0 2256
C 0 1525
D 2 0 7062
D 5 0 9837
C 0 7673
C 0 1357
C 0 6520
D 2 0 7815
D 5 0 2879
C 0 5393
C 0 4975
D 4 0 9619
C 0 1735
C 0 1048
C 0 6513
D 5 0 3468
C 0 2941
D 5 0 3768
C 0 137
C 0 7976
C 0 7691
C 0 7849
D 5 0 428
C 0 6046
D 2 0 3002
C 0 452
D 3 0 9788
C 0 2309
C 0 3716
C 0 8791
C 0 283
C 0 8042
C 0 263
D 3 0 975
D 1 0 927
C 0 5200
D 1 0 2883
D 2 0 2713
D 3 0 7807
D 3 0 9484
C 0 8073
D 5 0 7140
D 5 0 6335
D 5 0 9974
C 0 9880
C 0 3285
D 3 0 2061
C 0 8611
C 0 1664
C 0 7423
D 2 0 3552
D 3 0 5404
D 5 0 6159
C 0 6454
D 5 0 9076
D 5 0 5146
D 5 0 2781
C 0 1217
C 0 9961
C 0 8167
D 2 0 7482
D 2 0 6321
D 4 0 3093
C 0 8250
D 3 0 7710
D 3 0 6642
D 2 0 1858
D 1 0 8788
C 0 8705
C 0 3801
C 0 9837
C 0 3448
C 0 1566
C 0 6297
D 3 0 721
C 0 6253
C 0 8861
D 2 0 8258
D 2 0 677
C 0 1414
C 0 6427
D 2 0 7757
C 0 9597
D 5 0 9616
D 2 0 1641
C 0 7703
C 0 9603
C 0 3143
C 0 8704
D 1 0 8193
D 4 0 6114
D 3 0 7046
C 0 3345
C 0 2354
D 4 0 1374
C 0 245
D 3 0 8549
C 0 9498
C 0 3736
C 0 5013
C 0 2177
D 3 0 3012
C 0 2335
C 0 5929
D 1 0 8495
D 4 0 1580
D 5 0 1985
D 1 0 3994
C 0 4716
D 1 0 9748
C 0 9488
C 0 7776
C 0 5793
D 2 0 262
D 5 0 8432
D 2 0 687
D 5 0 464
D 5 0 1039
C 0 8077
C 0 4751
C 0 5720
C 0 8544
C 0 7252
C 0 9423
C 0 4377
C 0 8164
D 2 0 3397
C 0 4379
C 0 6951
C 0 8056
C 0 5368
D 5 0 2836
C 0 8295
D 5 0 6162
D 5 0 593
D 4 0 3117
C 0 8671
D 1 0 4605
C 0 9862
C 0 1086
C 0 1365
C 0 8635
D 5 0 3895
C 0 667
C 0 5999
D 2 0 7215
D 5 0 7180
D 1 0 7438
C 0 1223
C 0 9966
C 0 1302
C 0 3014
C 0 3869
C 0 9445
D 1 0 2014
C 0 7542
D 5 0 370
C 0 4333
D 1 0 1413
D 2 0 90
C 0 1476
D 5 0 998
C 0 29
D 2 0 8742
D 1 0 4907
D 4 0 7878
C 0 7265
D 1 0 2303
C 0 7818
D 4 0 239
C 0 9721
C 0 3008
D 2 0 4830
C 0 8761
C 0 1144
D 4 0 5570
D 1 0 3646
C 0 684
C 0 4203
C 0 698
