250 10000
D 2 193 47
D 2 76 71
D 5 966 43
D 1 880 62
C 412 78
D 4 91 76
D 5 270 67
C 12 56
D 5 881 68
D 3 29 8
D 1 831 80
D 2 141 25
D 1 219 13
D 5 124 24
D 2 873 55
D 4 704 35
D 3 652 63
D 1 7 68
D 2 673 54
D 1 806 73
D 1 859 55
D 4 379 83
D 5 326 47
C 39 66
C 176 56
D 2 954 38
D 1 761 16
C 189 2
D 3 634 7
D 4 946 71
D 1 940 61
C 895 13
D 5 100 61
C 145 71
D 5 941 44
D 4 140 14
D 4 585 40
C 579 65
C 386 40
D 3 519 19
D 2 245 41
D 3 116 60
C 259 72
D 4 806 19
D 2 526 30
D 1 67 95
D 1 283 85
D 2 413 10
D 3 29 41
C 901 70
D 4 562 12
C 561 94
C 579 65
D 3 788 95
C 372 67
D 5 67 61
D 5 452 39
C 946 87
D 3 814 6
D 3 703 99
C 640 16
C 69 9
D 2 610 24
C 13 54
D 4 704 25
D 2 525 30
D 5 764 12
D 1 628 26
D 5 231 38
D 2 191 80
D 5 790 77
D 4 130 78
D 2 169 100
D 1 945 13
D 1 204 64
D 1 155 86
D 3 310 32
D 4 588 8
C 853 65
D 2 863 53
D 5 556 9
D 1 304 14
D 2 221 12
D 1 304 82
D 5 174 68
D 1 126 98
D 1 139 97
D 5 82 99
D 4 587 93
D 3 179 81
D 3 890 96
D 4 88 28
D 4 506 8
D 3 200 66
C 659 71
D 2 528 27
D 3 123 92
D 5 607 50
D 1 455 29
D 1 888 9
D 1 909 94
D 3 136 7
D 3 511 51
D 3 897 1
D 5 301 78
D 4 971 73
D 3 498 2
D 3 950 29
D 1 317 96
D 3 280 1
D 2 888 43
D 3 958 78
D 2 424 24
D 1 298 62
D 5 286 45
D 2 986 71
D 2 109 74
D 3 166 91
D 4 148 39
D 4 724 10
D 1 271 7
D 2 359 85
D 4 637 52
C 957 33
D 4 659 7
C 534 29
C 450 92
D 5 452 34
D 3 849 19
D 1 508 47
D 4 293 87
D 2 884 32
D 4 630 29
D 4 172 72
D 1 223 26
D 4 243 15
D 1 588 47
D 4 950 44
D 5 632 83
D 3 605 83
D 4 106 66
D 5 408 19
C 800 100
D 4 478 80
D 3 745 86
D 5 342 13
D 5 422 49
D 1 66 29
D 5 22 58
D 2 207 54
C 330 57
D 1 879 98
D 3 987 19
D 2 455 5
D 5 441 56
D 3 700 57
D 5 848 7
D 3 60 64
D 2 857 6
D 5 889 45
D 3 442 51
D 4 659 62
D 5 908 6
C 477 6
C 738 34
C 470 82
D 5 128 2
D 4 47 93
D 3 438 55
D 3 760 8
D 2 79 42
C 458 70
D 3 895 4
D 3 818 86
D 3 46 59
D 2 365 91
C 468 33
D 4 358 75
D 3 539 47
D 5 126 4
D 4 756 84
D 2 461 26
D 1 838 12
D 1 363 74
D 3 279 33
C 873 90
C 639 51
D 3 885 98
D 2 313 63
D 3 710 7
C 176 4
C 343 7
D 4 458 22
D 5 632 10
D 5 231 73
C 29 94
C 942 87
D 4 90 68
D 1 964 74
D 5 614 58
D 1 152 53
C 739 44
D 5 734 60
D 4 239 29
D 2 635 83
C 297 59
D 3 946 51
C 59 90
C 624 56
D 4 185 47
C 905 15
D 4 751 37
D 5 484 4
D 5 311 74
D 3 61 87
D 3 59 35
D 1 415 28
D 4 24 53
D 5 673 93
D 4 938 96
D 2 128 35
D 2 979 37
D 4 835 76
D 4 910 28
D 5 153 79
C 900 18
D 5 458 70
D 5 166 6
D 5 74 98
D 5 148 66
D 2 724 46
D 1 285 23
D 2 636 86
C 339 11
D 3 907 39
C 684 6
D 2 520 92
D 3 505 100
D 5 722 97
D 5 477 30
D 5 167 61
D 4 402 43
C 145 66
D 1 775 56
D 3 92 72
D 3 320 73
D 4 60 24
D 2 260 74
D 1 646 90
D 1 928 87
