250 10000
D 9383 0 1176
C 0 8276
C 0 7580
D 2999 0 7101
D 1997 0 5208
D 8853 0 3543
D 767 0 7891
D 6717 0 6430
C 0 1888
C 0 9871
C 0 4523
D 370 0 6950
D 7386 0 8753
D 2209 0 189
C 0 4717
C 0 1086
C 0 3177
C 0 7567
D 128 0 5416
C 0 750
C 0 7955
D 2811 0 3630
C 0 2555
C 0 6360
D 9491 0 4348
D 8087 0 8587
D 6219 0 1741
D 4633 0 8737
C 0 4838
C 0 1519
C 0 7867
D 6180 0 9413
D 6316 0 144
D 5038 0 7377
D 8836 0 4699
D 3640 0 5774
C 0 3467
C 0 7424
C 0 6692
C 0 988
C 0 5604
D 601 0 8347
C 0 78
D 7389 0 4989
D 5924 0 5164
D 2276 0 4679
D 737 0 8347
C 0 35
C 0 8730
D 9999 0 9520
C 0 2772
D 4373 0 6942
D 4885 0 1896
C 0 6666
C 0 669
C 0 9463
C 0 4080
D 7321 0 686
D 2961 0 7023
C 0 751
C 0 9815
D 2683 0 7957
C 0 8542
C 0 3951
C 0 7805
C 0 1991
C 0 9533
D 5582 0 6575
C 0 2104
D 7766 0 7860
C 0 2214
C 0 4099
C 0 4497
C 0 9290
D 5380 0 9003
D 6069 0 5227
C 0 7260
C 0 1846
C 0 5943
C 0 8997
C 0 1256
D 1019 0 4618
C 0 4977
C 0 8805
C 0 4287
C 0 5061
C 0 2014
C 0 3749
D 5778 0 516
C 0 7321
C 0 2446
D 8076 0 5356
C 0 8690
D 195 0 2300
D 393 0 9668
D 4184 0 9166
D 3493 0 8852
C 0 8989
D 6318 0 5805
C 0 2533
D 9129 0 1249
D 9576 0 8448
D 344 0 4042
D 7896 0 1031
D 3975 0 5768
D 7947 0 6935
D 4438 0 8791
C 0 3720
C 0 2588
D 1730 0 7736
D 3434 0 3774
D 6938 0 701
D 188 0 6638
D 6196 0 2721
D 7944 0 9394
C 0 3137
D 1526 0 6641
C 0 7593
C 0 1973
C 0 1580
D 5569 0 9153
D 4397 0 5649
D 3661 0 5541
C 0 5536
C 0 6392
C 0 8969
D 2756 0 7732
C 0 644
D 735 0 1057
D 4040 0 5943
D 2753 0 5619
D 9069 0 493
C 0 984
C 0 7772
D 7931 0 4293
D 6038 0 1607
D 1756 0 2494
D 2339 0 38
D 5274 0 8992
C 0 4585
C 0 8388
D 409 0 68
D 9601 0 7097
D 1518 0 868
D 8026 0 1940
D 3001 0 9323
C 0 6241
C 0 6324
D 1438 0 1090
C 0 8484
C 0 3489
C 0 7466
C 0 4447
C 0 3538
D 363 0 8001
C 0 5663
C 0 3273
C 0 1293
D 7354 0 5566
D 7124 0 6622
C 0 2551
D 3841 0 6641
D 4526 0 378
C 0 7738
C 0 5713
C 0 853
C 0 5422
C 0 499
C 0 8302
D 1398 0 5141
C 0 7336
C 0 6274
C 0 561
D 6688 0 1398
D 9891 0 39
C 0 5792
D 3184 0 9281
D 4802 0 289
C 0 630
C 0 2900
D 5168 0 4905
C 0 939
C 0 7020
D 8012 0 5783
C 0 4407
C 0 8744
C 0 7941
C 0 5690
C 0 9822
C 0 8311
D 3572 0 1040
C 0 7621
D 452 0 2597
C 0 7557
D 7381 0 1119
D 1412 0 5140
C 0 6843
D 8436 0 6115
C 0 2019
D 379 0 7478
C 0 5620
C 0 4204
D 2913 0 5049
D 2833 0 6641
D 1119 0 4296
D 2508 0 1394
D 5042 0 9943
D 9895 0 7868
C 0 2488
C 0 1344
D 7777 0 2275
D 1037 0 2272
D 4169 0 8804
D 3524 0 8150
C 0 4863
C 0 3578
D 9424 0 2440
C 0 1798
D 2543 0 6340
C 0 6596
D 4517 0 5674
C 0 5887
C 0 7433
C 0 9515
D 3364 0 3810
C 0 9876
C 0 2260
C 0 6512
D 9235 0 6638
C 0 7207
D 2613 0 6823
D 2024 0 8673
C 0 5440
C 0 1489
C 0 6824
D 220 0 9460
D 6810 0 1165
D 5178 0 5943
D 5095 0 9803
C 0 4136
C 0 3736
D 9385 0 4012
D 117 0 8932
D 5414 0 5142
D 756 0 9014
D 9828 0 3542
C 0 9594
C 0 8724
D 2288 0 4488
D 5118 0 1789
