0 11 10 10 11 10 11 11 10 10 10 11 11 10 10 11 10 11 11 10
16 0 16 16 17 16 16 16 16 16 16 17 17 16 16 16 16 16 16 16
7 7 0 6 7 6 7 7 7 6 6 7 7 7 6 7 7 7 7 6
1 1 1 0 1 1 1 1 1 1 1 1 1 1 1 1 1 1 1 1
18 18 18 18 0 18 18 18 18 18 18 18 19 18 18 18 18 18 18 18
4 4 4 3 4 0 4 4 4 3 4 4 4 4 3 4 4 4 4 4
15 16 15 15 16 15 0 15 15 15 15 16 16 15 15 15 15 15 15 15
11 12 11 11 12 11 12 0 11 11 11 12 12 11 11 12 11 12 12 11
8 8 7 7 8 7 8 8 0 7 7 8 8 8 7 8 8 8 8 7
2 2 2 1 2 2 2 2 2 0 2 2 2 2 2 2 2 2 2 2
5 5 5 4 5 4 5 5 5 4 0 5 5 5 4 5 5 5 5 5
17 17 17 17 18 17 17 17 17 17 17 0 18 17 17 17 17 17 17 17
19 19 19 19 19 19 19 19 19 19 19 19 0 19 19 19 19 19 19 19
10 10 9 9 10 9 10 10 9 9 9 10 10 0 9 10 9 10 10 9
3 3 3 2 3 3 3 3 3 2 3 3 3 3 0 3 3 3 3 3
13 14 13 13 14 13 14 13 13 13 13 14 14 13 13 0 13 14 13 13
9 9 8 8 9 8 9 9 8 8 8 9 9 9 8 9 0 9 9 8
14 15 14 14 15 14 15 14 14 14 14 15 15 14 14 14 14 0 14 14
12 13 12 12 13 12 13 12 12 12 12 13 13 12 12 13 12 13 0 12
6 6 6 5 6 5 6 6 6 5 5 6 6 6 5 6 6 6 6 0
