624 474
308 342
456 508
260 270
258 305
553 593
329 342
55 98
380 440
80 135
78 117
394 447
282 306
604 9
433 482
610 28
94 141
512 514
75 124
210 263
589 593
194 249
441 485
259 282
442 471
218 226
347 373
541 599
286 333
227 290
447 463
331 356
355 402
25 61
410 411
411 471
131 177
170 223
63 104
155 197
301 305
133 166
469 515
349 411
128 142
333 366
4 18
355 388
158 166
181 181
488 535
147 165
314 341
357 394
524 579
259 287
505 509
35 70
160 182
253 271
292 334
75 132
36 73
380 403
68 97
599 25
170 170
205 252
213 256
327 331
614 27
175 231
531 534
442 482
561 602
562 582
527 541
498 556
530 549
491 500
506 550
148 211
323 323
254 295
487 514
549 553
497 510
210 253
237 296
61 118
43 94
608 621
243 276
327 383
386 414
36 36
290 297
623 41
56 117
330 387
134 149
546 556
97 118
273 300
109 120
529 562
132 141
187 250
69 99
253 278
473 523
506 534
561 588
332 378
316 341
581 14
501 533
338 386
120 159
512 558
53 96
569 570
301 352
503 503
377 408
153 186
235 276
467 503
508 508
575 588
564 565
98 109
88 102
442 455
157 162
419 438
506 553
361 421
28 63
119 132
116 142
190 205
427 443
129 183
85 109
429 437
419 478
102 158
402 452
573 579
402 415
622 53
337 390
469 505
581 581
592 8
344 401
432 451
477 490
585 4
2 53
585 622
270 300
21 78
457 482
239 265
459 487
372 381
28 62
609 610
43 95
310 352
427 449
387 405
503 539
207 229
261 268
311 345
104 137
19 77
320 348
548 549
173 207
186 211
337 338
466 491
243 269
29 70
591 621
171 186
570 581
310 371
180 220
620 53
278 291
276 282
43 74
561 562
507 525
100 116
323 379
219 240
272 315
376 384
521 540
205 223
365 389
115 158
577 602
74 83
556 566
11 57
174 193
313 342
586 591
326 335
101 134
257 287
263 272
300 331
270 321
572 9
225 228
123 183
594 619
535 558
301 322
333 350
381 407
528 571
542 597
355 404
349 397
471 500
171 183
477 497
496 500
253 283
445 453
223 285
58 69
151 200
302 308
622 42
284 331
267 287
10 69
496 521
173 178
241 296
289 329
31 92
277 339
19 68
115 131
294 311
76 103
76 117
546 556
354 357
143 192
605 34
323 328
129 136
219 229
115 150
508 536
358 360
336 369
241 265
39 47
610 15
206 262
412 463
93 125
556 572
394 446
282 319
332 376
458 517
362 421
545 547
97 153
5 66
116 151
574 586
254 309
377 380
323 342
507 535
260 283
1 21
34 78
614 27
441 447
415 464
206 262
496 514
324 361
529 562
519 533
283 343
203 204
333 366
335 384
587 618
203 213
373 409
345 386
246 292
32 84
291 314
362 366
419 446
600 613
526 557
124 174
398 438
531 576
466 497
597 33
274 297
21 46
44 75
116 160
301 344
434 448
123 132
164 180
127 128
337 338
144 152
38 50
58 107
170 193
78 140
411 459
307 328
263 301
106 136
39 41
111 129
198 259
459 509
447 496
182 195
356 356
522 581
11 73
580 601
515 551
531 585
484 547
226 229
100 111
98 105
22 26
384 429
525 581
503 562
223 254
510 527
469 528
226 233
302 364
142 191
50 85
390 424
84 106
84 142
497 520
393 434
534 557
5 58
14 59
2 36
312 343
75 96
263 320
570 599
291 308
606 19
540 587
235 273
47 71
444 475
82 82
403 445
345 364
449 494
171 175
386 413
382 443
127 144
302 364
103 154
605 606
391 453
69 130
246 293
601 32
174 225
361 396
164 169
84 128
217 222
344 379
409 431
421 466
512 565
271 279
204 261
498 532
238 247
224 273
442 491
150 160
526 568
525 573
272 307
172 230
447 505
618 49
171 193
145 202
81 81
302 323
95 157
597 608
470 507
322 345
333 385
266 323
369 423
96 138
442 490
563 574
233 247
548 554
254 295
54 79
246 272
238 244
114 154
426 461
195 195
350 385
609 25
153 195
122 147
278 296
167 199
143 164
234 278
523 538
244 292
568 591
36 54
580 15
362 391
165 198
505 525
329 361
586 590
167 172
541 580
180 218
603 13
530 572
71 112
227 261
3 14
91 120
302 311
227 248
