1172 541
96 135
962 977
618 626
603 677
199 204
73 161
341 422
406 465
637 665
924 966
418 464
271 323
43 58
1072 1141
763 765
1096 1097
856 938
1027 1072
617 654
1147 1160
165 210
721 761
534 563
198 205
926 951
874 967
766 836
994 995
1125 17
900 986
496 570
437 512
320 320
55 85
776 849
437 497
1113 1154
117 185
204 254
765 838
643 701
341 427
900 907
1100 1111
283 354
961 967
815 844
19 48
85 170
1010 1082
298 355
165 193
1158 46
997 1046
585 604
82 119
114 150
209 266
315 369
302 359
1053 1093
749 806
721 814
985 1044
835 920
1077 1090
351 407
867 915
734 809
1145 24
935 971
82 111
700 726
515 589
51 105
412 489
771 809
771 854
328 344
848 920
826 894
374 425
983 1025
794 854
1075 1165
154 233
774 848
945 1001
861 863
541 586
237 312
1042 1117
45 115
119 144
495 553
391 432
942 947
1083 1112
151 234
779 785
1135 39
82 153
861 869
54 78
349 379
705 775
976 1002
795 883
1095 1107
1157 62
1071 1100
36 69
887 948
1063 1078
359 415
1037 1116
948 1019
1071 1071
548 582
690 755
976 995
246 304
361 367
476 532
408 500
58 143
766 797
564 585
857 905
150 194
1001 1093
1089 1119
203 248
576 671
96 125
81 105
1121 1158
1024 1035
595 678
788 866
46 72
384 467
136 139
186 226
1060 1126
948 1038
136 139
1155 68
548 551
501 571
616 643
162 227
802 825
384 446
854 859
80 174
127 200
993 1037
720 766
484 579
775 797
109 137
1073 1123
1018 1106
995 1072
694 752
485 519
1054 1085
186 265
828 916
975 1040
1124 1138
673 719
400 437
598 632
47 77
32 81
54 76
194 238
475 487
472 486
980 1044
142 196
837 860
676 755
1122 1149
881 891
359 454
954 999
1009 1073
447 452
874 881
1141 1164
230 306
551 604
1138 18
610 654
1085 1111
1095 1152
470 514
857 949
1056 1100
533 569
1170 21
235 277
588 591
422 512
438 471
891 935
688 754
878 927
527 548
207 216
1011 1025
901 950
470 505
334 391
244 292
354 406
569 659
312 353
813 829
163 169
119 165
1111 1131
678 769
414 419
489 508
918 928
917 948
859 892
1104 1167
745 821
321 330
716 809
523 534
385 398
929 942
815 827
304 386
991 1009
336 429
132 152
796 845
578 628
679 727
1162 4
1058 1127
643 730
404 433
652 687
605 620
522 549
191 284
178 226
387 437
352 363
428 471
882 948
438 521
264 335
57 128
101 127
226 250
808 903
883 961
1161 63
259 300
199 286
610 613
714 768
257 307
142 209
271 313
764 784
93 155
681 724
156 162
172 247
768 861
228 268
236 270
796 883
529 623
424 428
104 141
465 532
1161 10
904 934
758 786
481 494
505 559
1127 22
914 997
500 569
173 196
494 579
9 100
928 1005
650 700
776 784
936 942
491 517
933 997
828 923
920 990
989 1070
948 1010
287 338
425 442
1084 1126
1169 40
836 848
560 655
470 518
626 665
353 422
603 644
759 854
317 339
977 989
937 1013
301 305
1172 27
929 960
268 304
481 545
436 464
981 1028
760 809
196 265
510 514
577 577
1075 1127
233 319
395 423
1126 25
493 543
1016 1027
469 549
257 299
739 786
938 948
1145 20
408 443
385 469
761 776
418 461
518 547
778 820
1094 1098
909 994
121 173
512 540
442 515
1073 1139
263 352
366 454
995 1072
1077 1117
667 679
564 578
130 180
898 930
1154 13
1166 73
989 1033
1055 1092
816 873
482 560
820 822
325 377
134 150
873 875
577 652
887 961
508 585
323 325
433 451
945 953
1166 70
677 684
527 609
239 257
21 77
572 617
29 119
700 775
940 991
637 654
1032 1042
312 337
160 203
336 420
938 958
260 267
22 60
294 316
423 514
167 197
122 209
345 404
58 112
220 294
92 129
248 289
1014 1059
380 439
1083 1125
125 132
996 1023
1015 1079
310 360
934 998
65 75
523 568
332 356
617 646
482 571
890 944
429 472
780 826
853 910
963 980
557 635
740 805
523 566
917 1005
110 161
887 928
38 41
989 1025
1095 1126
608 696
90 98
806 824
428 437
784 852
945 1026
848 881
826 917
888 957
828 900
63 145
326 341
718 803
893 968
111 149
923 941
790 804
565 634
623 658
334 337
244 291
53 110
395 410
102 186
882 969
1030 1053
737 756
406 446
868 940
183 187
45 133
695 746
99 167
415 437
554 567
361 454
972 1023
585 638
82 144
629 659
284 343
450 477
142 204
257 260
688 726
523 575
344 438
789 828
736 831
97 159
158 177
310 336
905 957
670 712
615 698
471 500
624 709
262 351
827 882
37 73
1134 45
733 764
516 575
260 278
347 412
1058 1060
733 790
917 948
1117 31
79 138
643 660
95 148
184 193
657 676
1095 1163
884 898
286 305
754 793
981 1064
575 663
326 406
742 747
369 405
354 402
162 223
676 720
669 730
355 397
14 73
453 532
367 406
468 539
808 818
905 923
706 781
644 704
24 102
986 1029
614 670
1100 1149
1123 1136
98 99
778 836
637 700
69 116
346 394
1015 1051
823 872
