608 442
230 257
267 464
107 230
282 472
54 187
222 379
604 12
515 47
256 258
452 563
505 575
130 187
576 71
354 400
283 441
193 260
130 302
468 534
203 363
608 3
86 148
210 287
119 313
189 198
475 600
366 464
216 265
525 571
406 469
594 183
116 141
322 475
505 36
165 306
600 81
484 36
31 51
580 13
476 597
474 499
459 4
234 397
289 357
320 456
590 64
426 430
435 586
176 307
320 500
561 574
104 282
603 605
228 332
583 140
64 206
335 412
134 231
172 354
229 394
528 4
61 138
125 290
586 87
512 546
267 321
334 503
398 445
249 250
410 503
46 107
376 377
207 323
62 230
264 395
249 427
208 218
183 351
574 144
111 237
261 367
429 4
334 345
542 126
272 381
436 466
495 579
438 508
110 206
264 322
402 561
50 139
276 457
431 527
354 508
469 579
116 195
251 387
134 237
524 599
374 494
135 148
508 534
240 319
449 536
311 415
29 214
3 167
369 461
250 364
126 200
79 261
128 177
201 267
202 250
556 582
319 509
199 274
426 514
505 85
571 17
352 474
31 182
128 301
442 583
268 463
580 604
372 409
125 208
171 193
78 110
147 262
126 129
263 355
77 157
581 118
529 547
599 148
522 99
541 561
100 116
600 132
137 217
437 438
608 56
276 333
486 29
179 229
199 277
188 353
57 177
329 513
22 103
495 546
276 298
46 72
130 190
179 367
65 220
423 545
124 317
344 354
518 548
546 562
143 290
474 510
226 391
503 528
254 290
189 338
271 411
167 231
40 196
112 244
128 241
191 369
166 223
109 163
418 434
595 149
329 384
500 72
604 10
165 171
158 186
565 608
240 393
93 221
587 165
5 148
281 307
495 580
497 532
5 142
269 348
26 56
170 275
255 382
155 316
229 336
201 212
106 132
587 92
514 27
222 229
323 411
450 555
237 271
273 343
276 279
541 2
300 311
452 31
47 114
210 346
237 363
500 565
17 203
596 68
556 83
502 516
161 326
462 465
364 408
251 348
304 377
4 85
155 316
334 448
24 89
535 591
176 303
434 525
318 354
383 567
78 187
390 391
497 520
48 186
480 509
515 17
138 271
408 599
61 116
26 146
77 270
476 571
131 181
183 353
196 341
576 140
444 31
323 353
168 178
286 318
414 494
187 343
377 452
395 483
484 41
60 81
418 469
55 216
536 117
88 194
24 166
459 509
139 245
31 211
122 227
458 500
440 508
537 69
47 83
594 73
422 524
232 329
268 448
538 17
421 474
137 168
302 408
307 479
557 95
337 451
346 516
425 555
132 191
305 467
97 97
513 528
150 334
563 1
159 282
538 550
540 590
92 284
505 607
270 354
216 277
106 232
572 44
175 195
469 511
374 448
387 577
460 563
360 421
305 365
111 247
299 399
371 564
135 147
526 81
302 465
543 76
544 127
534 119
560 114
479 566
412 569
40 187
103 259
593 40
596 168
399 547
33 96
93 128
542 34
32 203
553 595
246 398
487 5
154 247
192 336
406 414
184 216
261 417
326 425
451 19
339 514
564 145
144 312
462 20
564 130
261 440
113 128
593 119
210 331
157 214
19 67
110 147
61 127
78 263
476 491
20 68
447 515
50 104
492 587
251 274
573 87
527 602
251 274
452 37
277 473
466 473
157 253
379 416
415 458
54 244
31 198
503 600
494 521
92 134
137 203
438 439
462 1
146 202
411 467
163 174
261 307
334 525
210 238
274 376
243 356
114 206
322 439
320 387
84 170
135 255
122 140
245 325
602 90
515 552
197 277
291 387
565 117
69 209
37 189
198 299
429 434
245 383
24 26
451 35
259 294
487 61
213 271
427 437
86 124
182 278
109 129
151 329
249 441
586 137
300 470
395 413
159 275
84 240
406 531
596 82
82 211
47 160
268 420
268 395
85 124
95 131
455 519
306 473
102 266
402 482
121 145
213 230
416 496
483 33
81 200
456 588
594 155
532 74
565 65
492 493
395 588
369 554
582 593
