1374 307
1158 1217
683 825
1026 1141
975 1063
536 569
1299 30
616 733
376 436
32 132
92 202
406 435
532 655
675 716
1116 1155
382 488
1161 1189
1257 18
654 759
1008 1063
1134 1230
637 751
422 429
882 896
1129 1163
1113 1205
659 706
986 1097
1168 1170
688 785
432 494
956 1058
929 1068
1161 1291
1211 1265
51 99
204 331
893 992
463 486
1166 1261
135 190
261 371
1175 1261
1288 1338
860 865
758 788
905 984
1126 1166
90 204
251 320
283 407
1249 1332
1309 8
310 439
1368 20
913 1012
595 705
1081 1198
141 262
1105 1131
1328 1353
1029 1043
822 955
1301 35
851 966
455 595
17 154
1091 1155
987 1108
1128 1153
960 982
1324 42
261 361
470 512
1332 74
443 578
1016 1136
874 1014
258 261
149 287
708 712
76 101
285 392
513 521
661 726
272 413
581 588
13 67
819 910
1237 1254
8 69
1052 1092
251 266
174 230
1221 1299
876 944
1371 18
1194 1332
64 109
1331 1352
785 888
216 246
1341 1365
567 693
381 487
1061 1103
1226 1358
865 914
41 41
1089 1102
222 362
648 688
583 669
1085 1214
320 411
778 800
473 495
590 615
645 674
779 793
219 246
794 817
1187 1200
1159 1209
48 54
890 900
760 785
1007 1064
266 400
243 244
1180 1278
1072 1135
1302 1315
1025 1125
414 533
213 325
1172 1284
235 282
369 445
352 415
809 938
82 127
701 710
1261 1316
352 398
3 79
385 399
1068 1106
348 435
1059 1143
295 324
352 414
720 758
737 794
611 744
31 152
214 329
20 140
606 632
943 1014
619 727
1285 1354
1237 1355
1265 1297
9 119
629 735
991 991
176 232
488 507
859 982
710 850
286 316
839 860
1105 1170
906 942
1227 1245
753 822
46 151
1285 1340
627 692
1114 1120
71 126
1368 74
54 82
390 418
288 296
793 881
979 1062
433 505
1364 96
781 836
799 804
137 275
516 527
1200 1291
210 317
793 858
872 883
909 985
755 772
470 526
656 711
18 116
1299 23
96 199
799 923
898 999
1245 1266
984 1084
1269 1369
385 421
617 669
952 1041
361 387
452 594
1020 1135
705 707
1266 20
1126 1238
96 108
82 170
1071 1191
1026 1046
223 234
890 940
962 1076
40 100
68 73
821 894
866 958
50 84
171 174
23 93
1151 1211
428 464
124 133
680 743
1019 1137
161 215
1124 1143
553 606
97 175
1064 1121
1165 1299
385 394
512 585
456 524
567 583
26 110
1310 23
1156 1288
265 348
304 436
1332 65
1078 1180
632 658
941 1061
263 396
348 391
250 340
146 277
1259 1370
414 455
1246 1312
1286 1359
1280 5
1087 1166
139 183
112 245
1133 1193
1084 1164
1279 26
924 968
1120 1157
724 830
941 1048
480 589
1265 1336
288 347
1062 1143
162 270
1347 114
860 893
1144 1177
227 298
560 647
690 760
365 489
367 372
117 167
35 111
236 327
472 506
240 243
206 283
1329 1345
134 136
200 232
399 474
340 432
113 149
1100 1126
34 52
1154 1220
1343 75
973 1030
1012 1095
474 513
