503 315
436 455
260 297
313 342
444 450
480 486
69 101
241 274
46 51
178 200
502 34
499 37
105 134
270 296
222 252
22 46
62 89
352 361
42 62
340 353
80 107
477 12
484 3
217 241
429 429
311 328
187 221
502 27
124 175
176 226
297 340
263 291
240 287
19 65
374 399
67 98
99 139
131 181
326 355
332 350
297 343
332 346
150 182
444 478
207 255
165 182
217 232
48 49
451 468
133 149
73 104
264 314
92 107
76 91
148 178
35 67
285 305
26 53
293 327
3 13
301 348
368 410
54 55
352 371
194 221
146 185
117 149
352 391
333 345
492 15
50 88
62 84
499 40
360 380
70 87
373 386
48 74
315 358
466 470
273 323
250 284
286 313
351 363
254 265
237 262
201 246
334 386
384 399
320 353
160 202
142 195
72 85
307 339
463 481
419 456
293 304
36 65
39 68
254 276
118 159
461 5
250 265
164 188
229 245
162 191
425 463
485 16
334 349
27 30
480 19
270 294
465 15
347 374
131 131
194 218
1 45
172 206
68 74
339 341
495 33
353 390
264 280
140 147
440 443
341 355
149 164
366 396
479 502
38 84
99 136
110 137
320 321
343 357
440 443
251 303
314 330
220 266
181 208
46 56
109 143
100 139
426 448
238 263
74 100
466 481
13 24
135 142
447 498
152 160
123 133
474 7
57 79
304 350
124 149
89 108
103 113
119 162
223 243
148 162
365 401
490 1
178 204
306 358
201 204
32 61
128 172
497 29
132 185
459 459
114 155
188 191
429 451
172 214
454 463
94 100
155 196
271 276
404 438
461 475
182 232
234 279
292 342
331 362
183 193
371 396
378 411
118 159
244 248
244 261
385 391
329 380
394 407
333 380
482 503
185 214
90 116
214 239
241 295
355 385
118 142
13 26
451 497
382 426
320 370
439 492
141 187
106 131
25 55
222 232
53 105
215 220
261 287
152 176
450 503
16 45
251 301
346 394
416 468
288 294
269 323
458 483
485 18
278 300
59 65
4 42
360 372
150 164
30 31
216 218
267 318
276 326
473 6
189 229
263 295
176 213
313 346
63 83
360 362
128 148
179 194
378 430
66 101
187 229
303 328
12 36
471 499
410 410
489 10
406 446
304 344
101 107
186 204
116 139
254 308
116 165
6 36
132 139
200 253
21 41
138 160
496 36
151 197
274 298
23 55
15 40
219 236
219 253
181 191
362 411
219 270
391 409
344 387
135 174
94 103
295 303
363 414
93 122
472 5
393 425
406 417
31 43
141 177
100 124
105 106
264 293
439 484
417 425
202 242
303 342
39 62
9 34
349 354
258 311
413 444
35 54
2 22
422 430
286 299
228 241
157 200
327 352
193 243
342 364
113 150
148 193
131 155
357 402
477 496
134 137
208 236
110 142
101 130
106 127
311 325
411 453
189 196
