846 115
94 169
566 639
486 577
102 181
330 347
107 113
36 114
321 394
675 753
84 116
31 104
15 57
463 472
694 777
184 250
348 375
679 700
261 330
766 797
419 432
214 257
246 254
168 256
426 481
615 623
576 657
625 656
417 456
203 240
189 203
80 113
321 324
288 378
669 714
538 564
645 717
487 571
176 197
423 446
75 102
488 521
274 316
708 790
406 440
698 723
827 8
77 156
67 81
690 775
210 296
423 511
832 76
724 775
57 92
586 664
324 327
745 757
83 153
240 255
182 195
177 255
48 137
787 23
568 591
379 457
242 283
815 830
266 330
364 456
374 424
718 770
727 820
556 645
344 410
641 711
645 717
707 748
393 400
425 453
324 393
171 199
108 150
247 299
585 595
486 496
8 87
455 468
402 488
765 811
174 241
408 422
93 94
452 494
690 766
112 202
776 829
311 375
542 600
294 339
463 525
58 59
176 179
376 385
388 447
475 526
716 794
200 231
410 462
454 541
846 68
245 303
50 141
101 124
395 477
450 543
