100 1000
99 2
43 51
17 23
72 75
13 17
7 14
14 18
30 36
74 81
98 6
86 90
17 20
50 53
67 70
97 97
29 30
50 58
61 64
85 93
66 74
3 12
91 98
44 50
54 62
59 59
35 41
5 14
76 84
28 32
55 61
31 32
74 76
55 62
80 82
24 27
10 12
30 33
35 42
91 93
97 1
37 39
2 3
66 75
42 42
56 58
48 55
68 74
89 92
10 10
18 21
2 4
20 29
83 83
85 88
14 19
91 99
95 99
90 97
7 10
77 81
49 56
49 51
2 6
96 5
32 33
61 65
80 82
45 49
12 14
42 46
8 9
45 49
46 47
65 72
17 26
44 45
71 78
43 51
34 42
93 96
93 97
85 89
56 58
60 62
53 61
54 54
67 68
46 49
33 36
69 74
57 61
80 82
79 80
22 23
12 17
55 55
96 2
88 93
88 90
5 11
70 74
33 34
82 86
74 83
13 18
44 49
61 64
56 61
49 50
69 78
69 76
99 6
97 2
80 87
14 17
32 37
85 94
78 82
65 70
30 34
73 76
14 19
27 36
72 76
88 96
93 98
51 60
40 44
6 15
34 43
23 27
10 17
17 19
3 6
96 99
53 53
82 88
45 50
77 86
12 19
77 80
35 42
79 83
86 86
88 97
74 79
72 74
66 75
60 67
58 58
99 5
75 81
12 14
83 85
21 22
52 54
19 20
40 45
66 75
93 95
21 27
24 25
32 38
44 47
10 10
79 83
93 98
68 73
46 52
45 46
81 87
13 22
94 95
19 27
90 91
13 19
21 25
100 9
62 69
21 21
12 16
80 87
28 37
49 53
60 65
95 97
67 70
46 50
84 85
35 37
49 49
79 86
67 69
57 61
44 52
59 64
62 67
3 8
31 36
57 66
51 58
97 6
69 76
4 12
86 92
67 74
69 72
6 10
36 36
32 39
84 89
80 84
55 62
30 30
50 54
28 31
15 17
66 72
9 10
82 89
79 79
88 92
72 72
67 70
59 68
37 46
52 53
72 79
47 47
86 91
49 53
87 92
39 43
8 13
34 35
100 1
9 10
50 55
24 25
36 39
77 78
7 7
75 82
25 25
87 89
86 86
16 24
45 52
95 98
37 42
31 37
86 95
8 17
64 64
35 43
67 68
90 99
100 7
56 63
49 54
87 88
29 38
100 8
54 56
85 87
42 45
14 19
92 96
17 18
24 26
67 72
24 31
1 1
30 35
69 69
52 55
90 96
6 11
23 27
86 95
94 97
78 84
26 29
95 98
27 34
12 21
34 43
49 49
94 98
74 76
65 65
24 27
41 46
34 34
82 90
46 54
52 54
62 62
47 56
58 64
19 26
69 70
27 33
48 57
18 27
68 76
52 55
23 23
63 71
49 53
57 65
65 69
39 41
91 92
28 29
10 14
81 88
42 42
37 46
100 2
44 50
43 52
6 15
12 14
13 22
66 74
64 65
3 7
10 19
55 58
47 55
85 87
68 71
33 36
30 35
82 84
37 37
85 86
82 86
3 5
50 56
31 33
64 69
44 50
14 14
38 43
71 74
85 93
40 46
84 90
25 27
20 22
53 60
68 71
62 65
97 98
7 15
42 46
31 40
69 72
70 72
6 10
72 81
6 11
98 98
28 37
58 67
16 16
79 79
13 21
73 77
93 93
95 98
24 31
58 58
29 37
51 56
29 30
50 59
22 26
46 47
49 52
37 42
97 6
32 38
75 75
11 11
75 80
19 28
1 2
78 82
81 87
21 30
96 98
81 89
99 99
91 94
15 15
89 90
72 72
31 38
52 54
100 4
35 43
39 45
88 92
21 23
75 82
75 82
15 18
41 50
16 21
82 84
93 2
92 92
32 32
77 77
18 23
68 75
14 17
21 27
78 80
44 53
69 75
37 41
50 56
26 34
49 54
86 88
12 18
89 90
5 8
5 8
30 30
95 3
27 33
12 19
47 51
44 44
42 50
16 18
100 9
44 50
83 90
96 3
16 17
60 63
47 50
51 54
76 81
69 72
22 24
70 76
99 6
27 27
3 6
52 56
58 63
43 43
73 74
71 79
13 13
69 73
39 43
9 13
15 21
83 90
100 6
47 50
42 50
39 39
39 39
88 91
64 73
27 27
35 42
84 89
63 72
4 9
24 31
49 51
89 96
83 84
84 86
69 75
83 90
86 87
50 53
80 85
50 53
53 58
98 1
70 78
73 80
5 14
46 54
75 79
8 17
54 58
2 7
49 56
84 87
14 23
52 53
21 22
55 62
51 52
72 74
98 2
72 74
32 36
89 96
40 44
1 1
60 61
6 13
93 95
55 62
37 46
38 38
63 67
97 98
90 96
76 77
3 9
40 49
78 87
2 9
19 25
23 31
17 20
9 12
37 45
76 83
61 63
3 9
9 13
74 81
74 78
43 52
10 18
65 65
9 9
32 35
69 77
48 50
34 40
22 28
48 51
21 30
81 90
67 70
32 41
3 9
72 81
31 37
7 10
74 75
54 59
99 5
34 42
66 74
13 18
33 38
79 80
60 65
48 53
18 24
79 88
95 99
14 22
54 59
81 88
24 25
33 40
16 19
85 89
34 38
39 40
15 20
53 55
18 21
72 80
69 71
11 17
80 83
1 2
83 90
64 69
7 11
66 71
66 74
70 79
80 89
77 83
3 7
15 21
39 41
88 89
3 9
7 8
40 42
74 75
55 55
1 10
43 51
30 33
13 13
86 93
100 9
85 91
53 53
68 72
55 60
20 25
4 8
64 68
76 85
71 76
100 1
52 60
27 32
51 52
65 71
61 66
1 9
24 32
97 1
73 79
61 65
4 5
33 41
61 62
8 17
26 32
85 88
44 47
49 51
94 97
43 49
6 12
64 73
51 51
84 85
25 25
91 93
35 39
57 60
23 23
15 19
85 94
26 33
46 50
71 74
72 72
34 40
38 45
85 89
60 67
5 7
57 63
71 77
19 27
8 11
46 47
22 28
22 28
16 21
81 86
10 14
67 70
94 99
68 72
28 37
85 89
92 96
13 15
49 58
11 19
34 34
8 15
54 59
27 33
10 11
38 39
86 90
24 28
56 57
8 8
24 32
21 26
37 46
44 49
11 14
11 12
20 28
68 68
100 1
86 94
36 39
100 100
86 87
100 3
23 29
40 47
31 37
71 78
65 69
34 37
19 27
27 35
5 13
32 36
47 52
73 78
66 72
24 29
27 32
29 34
75 83
9 18
19 21
9 16
51 51
40 42
2 6
11 15
29 36
9 12
70 79
14 20
13 17
49 51
77 80
53 53
100 5
30 34
84 85
61 67
40 45
70 76
100 100
27 28
73 81
38 43
28 34
88 91
72 81
96 97
72 79
22 22
47 52
13 14
100 3
69 76
38 46
11 14
65 66
39 47
12 19
59 62
2 8
42 43
51 53
40 48
28 29
94 3
3 9
54 58
10 11
60 65
83 91
12 17
77 81
87 91
78 85
93 98
48 49
86 89
55 59
94 98
32 40
16 22
32 36
98 4
85 85
46 51
86 89
12 16
39 48
79 79
47 54
24 27
65 65
59 65
39 45
1 3
57 59
55 64
63 66
12 15
82 82
34 37
12 15
55 64
80 85
64 67
56 57
91 98
83 86
33 34
19 19
86 92
31 36
13 16
7 16
33 34
80 85
78 82
32 39
35 37
56 57
36 44
56 58
27 34
36 38
3 5
67 73
17 21
46 51
25 34
96 4
29 30
53 58
21 22
6 9
45 52
50 53
100 3
59 68
19 20
49 52
67 71
52 52
89 89
9 10
50 58
94 100
27 34
51 59
83 84
94 2
72 75
4 10
92 99
9 14
44 46
17 18
64 65
9 16
6 8
38 39
70 78
78 83
7 13
23 26
60 61
45 49
97 5
72 73
89 92
43 51
45 53
30 30
74 75
22 27
73 74
63 68
36 40
47 50
74 76
5 14
40 45
61 68
87 87
19 22
33 35
32 34
79 80
26 26
37 37
67 68
22 27
49 53
52 60
41 50
88 95
81 87
39 39
53 55
84 91
92 94
53 62
17 20
2 11
30 30
97 3
29 38
64 66
31 37
58 60
52 61
48 49
34 39
25 32
98 4
48 49
21 21
34 42
4 6
72 78
94 98
2 4
75 79
28 30
39 42
82 88
81 88
83 84
2 5
86 91
10 11
8 16
8 14
42 42
91 98
100 5
10 17
64 64
6 9
57 60
59 63
55 61
95 1
64 68
27 30
90 97
4 6
79 81
90 94
50 58
21 27
8 12
73 82
15 16
60 60
8 10
4 11
47 50
75 82
16 16
65 66
45 52
68 70
26 28
95 1
27 32
19 19
40 47
68 75
39 45
47 47
12 17
57 65
5 14
23 26
82 87
38 43
63 71
91 98
73 73
15 16
95 1
28 28
85 91
63 69
100 3
34 34
62 66
28 32
9 10
57 61
67 72
32 37
100 5
83 87
7 9
69 76
32 36
12 17
