18
152
1
34
2
168
70
45
46
75
156
155
56
126
111
74
99
121
68
57
79
105
134
40
102
108
32
169
178
88
124
43
191
7
120
71
86
132
107
141
62
39
153
24
173
81
195
161
109
6
113
55
171
142
72
60
22
193
147
200
94
170
97
199
176
186
177
140
19
93
179
114
26
182
117
82
29
51
48
174
28
192
12
42
139
189
112
135
64
89
166
187
184
9
104
181
63
11
73
185
115
157
194
23
78
197
98
76
59
165
145
129
30
127
27
183
50
21
133
160
100
146
164
163
144
67
180
35
118
31
110
3
159
53
188
5
54
25
130
196
143
122
36
37
47
96
148
84
149
69
65
138
17
116
95
10
92
150
137
85
83
131
151
128
119
87
41
198
61
106
66
38
190
167
80
136
20
16
8
154
172
103
15
58
101
123
4
77
44
90
91
13
14
49
52
125
175
158
162
33
