20
999999997 999999985
999999982 999999989
999999991 999999985
999999994 999999995
999999983 999999991
999999981 999999981
999999982 999999991
999999994 999999991
999999990 999999982
999999994 999999989
999999993 999999985
999999995 999999999
999999999 999999986
999999998 999999986
999999986 999999983
999999996 999999992
999999992 999999985
999999985 999999983
999999997 999999992
999999994 999999985
999999984 999999991
999999995 999999994
999999997 999999990
999999984 999999989
999999992 999999987
999999992 999999982
999999997 999999998
999999997 999999993
999999991 999999986
999999999 999999990
999999997 999999988
999999982 999999992
999999998 999999991
999999993 999999987
1000000000 1000000000
999999996 999999988
999999985 999999986
999999996 999999994
999999997 999999999
999999989 999999993
