20
999999994 999999995
999999981 999999981
999999998 999999984
999999990 999999988
999999998 999999997
999999991 999999983
999999996 999999989
999999996 999999984
999999997 999999990
999999982 999999983
999999988 999999983
999999984 999999985
999999987 999999986
999999991 999999995
999999992 999999995
999999998 999999982
999999999 999999982
999999987 999999983
999999991 999999988
999999993 999999983
999999995 999999995
999999993 999999995
999999989 999999983
999999996 999999987
999999992 999999983
999999987 999999984
1000000000 1000000000
999999997 999999989
999999995 999999983
999999990 999999989
999999993 999999991
999999983 999999993
999999991 999999999
999999989 999999993
999999997 999999992
999999998 999999996
999999999 999999983
999999998 999999983
999999995 999999994
999999998 999999998
