1075
159
324
212
810
647
934
364
447
947
709
482
441
288
1051
919
944
520
293
776
275
164
507
281
352
267
970
434
724
107
369
610
479
771
417
921
1073
711
33
117
149
643
276
372
1052
172
499
749
4
847
601
392
185
728
180
190
584
1034
712
491
260
637
506
684
257
562
971
735
1085
634
941
632
77
92
727
240
669
675
628
228
26
872
1054
205
274
326
907
817
155
946
98
486
473
376
1091
17
546
594
36
356
435
716
885
426
1033
90
140
308
132
391
208
519
642
661
826
558
199
234
582
548
1008
608
580
913
696
823
224
981
662
937
348
592
806
890
385
395
915
133
1076
814
949
985
291
1059
738
1083
1011
254
1062
151
881
115
565
416
163
147
63
397
1043
747
987
1068
373
786
706
922
962
415
602
800
322
123
534
1041
618
484
1037
187
88
182
689
121
708
976
994
31
765
955
820
197
1074
739
889
840
682
785
429
247
323
414
453
848
842
697
588
1086
551
513
379
412
490
1097
762
104
1028
644
850
266
128
1077
402
545
778
286
470
979
703
740
731
639
1045
980
312
488
566
174
897
892
764
614
763
721
863
320
233
84
23
349
954
808
209
836
478
688
32
636
918
138
78
214
258
751
668
797
337
781
333
590
951
87
641
891
605
799
633
295
866
587
498
857
145
310
1035
710
1078
916
40
14
50
425
630
560
436
807
748
119
97
150
193
1050
1081
1047
958
553
1100
855
1089
8
9
198
914
226
831
179
439
75
388
559
309
1070
1094
818
359
635
933
154
355
339
487
695
1026
1005
327
1038
993
269
113
722
896
445
917
120
74
317
509
589
96
585
658
570
497
279
616
756
223
502
973
1056
383
474
579
936
229
158
126
377
56
166
485
624
894
1001
160
1055
524
5
856
218
188
366
134
660
448
503
462
952
51
176
6
629
477
118
1093
195
718
569
321
135
237
977
430
794
296
798
1017
812
591
743
66
380
389
71
1030
1013
554
245
760
549
972
284
989
550
1002
663
401
365
664
82
244
957
864
859
715
472
745
769
20
1079
898
984
733
52
1044
923
1015
250
858
516
1088
968
619
161
153
904
839
888
961
297
248
1069
886
353
528
319
1046
793
384
396
606
102
1025
1065
273
704
65
595
101
945
563
795
504
489
1004
459
557
368
1057
405
360
217
931
846
574
455
428
251
61
316
79
963
1064
603
604
407
824
766
334
770
1040
870
156
576
47
371
974
1071
652
929
717
252
253
910
676
110
492
556
277
1090
883
362
725
235
615
825
927
905
12
978
127
1003
1021
300
665
843
999
83
869
928
508
805
698
220
521
30
80
867
530
646
471
358
1053
148
845
611
469
468
350
404
541
803
537
357
532
241
879
902
547
683
593
501
693
242
73
1049
573
687
386
505
1063
37
678
60
202
21
335
68
437
215
167
819
162
1007
243
347
713
893
186
219
285
367
49
1060
598
370
256
525
638
183
649
387
325
409
746
282
948
737
99
287
1012
865
997
268
206
854
1
307
1027
24
330
830
1084
742
686
926
424
942
438
821
801
86
144
654
685
822
331
48
788
393
851
784
626
62
912
780
70
816
146
170
667
517
1048
44
935
236
262
129
578
1042
232
943
81
449
1096
18
768
741
263
125
960
221
975
211
72
315
374
964
399
744
535
67
54
827
789
670
463
880
754
694
992
446
394
529
272
305
361
720
10
835
192
998
707
39
809
130
294
336
157
681
481
758
410
792
887
996
495
381
378
302
620
475
204
53
775
423
571
924
283
1018
329
868
791
246
607
143
400
91
345
59
1032
270
950
124
464
249
536
289
213
899
539
877
645
691
596
702
873
995
622
512
137
106
480
953
456
609
328
1058
230
422
111
442
105
42
600
671
575
1066
201
94
460
411
925
346
7
342
938
500
304
568
483
343
752
76
418
35
290
1029
318
200
171
543
692
730
28
860
690
181
884
956
967
465
494
58
908
194
648
849
723
811
531
390
699
1099
903
340
544
677
95
398
555
759
772
332
406
909
1022
911
22
467
777
552
34
631
567
732
116
427
726
165
705
625
382
55
298
510
804
466
920
299
3
278
533
966
109
354
443
216
714
1072
983
542
828
1010
1014
1036
990
597
838
874
225
834
265
178
152
655
900
515
833
991
969
89
375
882
16
419
940
773
640
673
832
680
965
27
11
1019
173
222
210
813
757
2
700
239
169
313
196
1009
15
444
108
100
538
656
29
451
431
522
1087
659
906
561
986
564
303
57
38
45
141
69
761
1067
862
19
613
344
189
114
139
841
651
672
617
901
271
493
203
413
572
1000
774
25
301
13
577
876
452
871
131
527
930
650
853
1031
264
1092
420
701
767
581
403
227
259
450
1061
518
982
142
719
1082
231
736
753
959
540
43
363
432
861
612
837
1006
790
657
177
238
457
627
1016
844
461
514
1098
1024
755
734
895
621
1080
476
750
458
1020
454
46
421
783
85
175
852
207
122
311
93
306
314
184
679
782
729
292
779
939
280
433
787
341
1023
511
64
136
351
338
1039
586
408
496
103
988
1095
523
878
666
583
168
261
255
829
796
112
932
875
191
41
674
623
815
653
440
802
599
526
