190
153
10
372
234
232
198
177
392
398
301
274
368
235
253
122
145
333
191
148
273
193
187
97
29
219
25
326
245
133
85
81
352
170
291
19
32
259
141
71
248
90
184
319
160
286
358
100
86
79
255
340
359
6
347
363
136
142
226
21
380
230
33
28
262
265
125
353
217
40
388
302
70
258
116
304
146
51
361
135
150
144
109
386
43
315
293
311
149
27
294
55
201
31
223
341
310
261
309
69
82
320
143
73
57
91
78
214
131
185
349
162
117
366
26
11
74
305
186
23
92
9
284
241
383
325
270
199
101
2
237
337
375
394
225
68
84
49
362
266
110
83
250
63
98
52
106
378
154
393
205
336
16
389
373
282
48
155
174
209
364
210
276
365
67
367
88
194
65
357
280
118
120
195
339
307
379
289
171
314
202
61
376
66
331
41
330
152
56
354
53
240
238
130
173
308
328
44
103
80
39
77
165
102
12
239
350
38
35
281
296
114
139
355
278
288
156
322
175
374
72
87
332
62
244
338
95
221
228
60
22
335
290
189
369
188
159
93
396
257
267
283
287
213
192
334
34
317
384
138
316
390
96
119
127
129
356
254
147
1
206
37
15
299
346
104
397
124
20
313
272
247
50
351
151
329
166
252
99
13
132
158
168
58
121
181
172
227
324
391
7
381
385
236
196
42
300
113
371
178
297
345
46
64
224
5
115
176
107
94
105
108
14
268
292
208
387
370
8
24
47
204
212
264
45
134
203
218
137
256
231
251
285
54
128
216
180
269
279
112
197
76
220
183
298
321
343
215
246
312
377
222
348
242
400
182
30
4
207
275
342
3
18
306
59
164
303
233
263
157
229
111
360
123
163
126
167
323
260
277
382
249
295
344
161
395
36
200
399
211
327
243
140
271
169
179
75
89
318
17
