400
10 16
179 494
21 387
96 178
13 120
183 482
11 554
198 465
17 256
312 35
296 31
21 393
117 156
88 182
267 245
270 280
31 530
211 451
66 224
313 78
6 111
167 301
115 130
198 451
18 296
89 159
89 155
270 264
13 250
11 248
118 143
94 170
15 252
87 169
325 41
290 27
271 265
133 120
17 538
272 266
137 321
172 418
7 13
64 212
5 582
96 184
301 76
90 172
24 54
11 208
300 33
26 339
6 583
20 384
176 426
63 209
138 326
2 2
14 121
266 572
269 263
211 453
62 208
257 249
89 171
215 434
215 451
23 403
15 536
291 28
289 26
52 370
66 220
84 150
4 6
51 315
33 528
12 559
22 374
11 238
169 297
198 434
302 77
12 549
9 51
233 499
21 313
16 255
114 201
22 394
16 537
285 245
21 377
135 319
137 325
23 53
300 92
194 434
171 510
293 28
18 382
8 50
117 132
54 360
267 261
170 416
88 158
233 424
301 93
176 499
312 37
271 281
6 26
321 35
299 32
134 316
3 5
24 406
36 533
23 315
16 294
311 76
190 479
63 360
1 1
300 75
8 28
169 415
295 30
6 8
17 301
36 527
193 433
88 176
218 440
85 151
285 261
268 246
9 116
67 225
14 292
2 591
197 433
219 445
7 244
7 572
21 9
324 36
199 454
10 247
86 152
310 92
320 34
12 249
24 400
10 207
64 210
24 316
11 558
180 491
244 305
268 262
95 177
180 479
88 170
200 469
83 149
65 213
274 270
193 474
20 386
323 35
15 194
199 468
20 312
3 3
22 559
15 293
154 117
66 216
22 314
326 42
64 361
24 328
95 183
297 32
87 167
324 40
23 57
294 29
25 329
16 195
13 560
181 480
7 68
54 352
311 34
9 61
190 430
19 303
20 310
12 201
175 421
23 349
168 302
243 304
22 555
13 522
12 209
167 295
86 166
291 105
169 303
10 553
30 533
31 528
253 251
290 108
172 420
258 250
9 246
201 456
136 320
135 126
267 113
66 214
25 336
18 539
27 340
52 350
116 155
268 574
65 219
87 153
64 232
22 52
15 122
218 444
7 584
327 43
132 314
63 231
14 523
10 117
275 271
273 283
8 69
9 29
54 364
12 119
171 506
302 83
289 111
82 122
132 334
10 20
310 33
170 509
88 154
176 424
134 125
11 17
107 124
20 392
8 245
115 202
242 415
14 525
16 253
19 309
46 27
30 337
311 64
21 51
174 420
18 541
24 398
30 527
294 102
29 526
83 123
21 558
271 573
118 133
233 426
266 112
181 431
94 176
40 523
317 76
115 120
216 435
175 423
116 131
9 15
7 112
272 282
217 439
119 144
142 322
58 353
198 453
171 417
36 394
289 8
177 500
211 434
184 485
22 396
9 70
51 349
23 347
14 561
80 315
179 429
120 135
7 27
89 177
94 182
267 577
174 418
211 465
63 352
180 430
8 10
67 221
14 563
159 310
177 427
205 456
26 337
19 383
51 347
273 267
201 458
236 421
23 397
191 431
184 483
5 7
253 292
216 438
155 118
106 123
311 82
267 573
15 526
59 354
55 365
9 114
321 49
168 296
202 459
120 145
125 140
303 84
9 31
125 134
55 353
19 391
24 404
53 351
120 137
8 113
55 357
135 317
21 554
114 119
119 140
65 233
178 428
200 455
182 481
192 432
134 121
18 302
168 515
219 441
273 269
266 244
7 9
271 277
131 313
312 77
339 29
304 85
242 303
199 466
119 134
339 102
212 435
17 295
141 321
14 251
8 14
133 315
77 209
310 75
11 118
297 97
177 425
35 25
73 368
126 135
178 501
21 385
116 121
99 187
316 81
22 388
147 331
248 514
38 535
15 562
108 125
333 63
298 98
121 138
342 107
17 254
275 579
119 158
48 345
268 578
90 156
335 96
23 395
260 252
19 297
10 32
146 330
280 276
83 237
11 72
13 210
247 308
12 18
49 547
21 311
292 29
298 33
164 243
10 52
10 62
9 11
239 505
175 419
65 211
269 247
312 65
19 566
8 573
26 330
274 268
286 246
24 58
284 290
127 142
56 358
74 369
329 45
136 127
220 446
37 395
277 273
41 344
93 175
103 190
341 104
69 223
279 275
263 569
55 361
346 589
78 210
223 449
13 202
91 161
14 211
20 304
95 171
50 413
3 592
286 262
123 148
25 55
202 457
105 192
319 88
173 419
240 508
250 518
221 447
10 71
34 343
290 112
199 452
265 571
295 103
91 173
337 100
24 350
228 478
116 203
79 372
22 10
35 409
24 348
303 78
252 520
208 462
344 581
222 448
292 106
214 437
345 588
71 91
332 48
110 193
18 197
234 427
277 287
226 476
39 546
216 452
165 381
133 335
204 461
11 21
188 489
302 94
84 124
261 551
68 222
12 239
139 327
231 497
113 200
170 304
144 324
22 543
347 590
128 153
199 435
32 531
34 529
91 157
314 79
117 204
170 298
238 504
331 47
180 495
209 463
25 317
254 252
66 234
24 561
16 123
10 587
340 30
276 286
135 122
136 318
176 422
25 399
169 516
272 574
19 23
100 188
157 120
182 432
12 73
20 567
173 421
185 486
207 472
143 323
148 332
28 402
269 115
306 87
109 126
20 24
179 502
37 534
132 164
31 59
96 162
13 19
69 227
276 272
249 517
70 218
202 471
18 22
254 293
12 555
241 513
200 467
22 378
101 373
15 564
212 466
97 163
137 128
56 354
121 136
181 492
283 289
340 103
64 353
153 206
234 425
60 355
237 422
24 545
160 311
90 160
156 119
19 540
171 299
140 328
290 9
221 443
111 198
99 181
28 341
230 496
212 454
27 338
186 487
151 165
112 199
89 183
129 154
166 414
18 565
246 307
17 196
66 363
121 146
20 298
268 114
255 521
56 366
31 338
138 322
272 278
225 473
28 390
35 532
270 248
173 512
301 34
206 457
328 44
104 191
142 129
278 274
195 435
92 174
120 141
183 433
224 450
68 226
149 333
81 316
227 477
13 33
25 260
47 28
288 580
42 410
44 412
98 180
287 291
31 534
185 484
23 389
172 300
84 240
68 236
191 480
52 348
97 185
15 524
32 529
251 519
72 228
330 46
229 493
130 376
23 544
150 346
102 189
61 356
312 83
43 411
275 285
336 99
53 371
24 557
52 316
25 407
163 242
4 4
62 359
172 511
303 95
19 258
10 115
162 380
67 217
234 500
172 507
10 30
152 205
75 229
33 66
270 576
291 109
220 442
41 524
309 90
281 279
213 436
316 39
19 542
88 168
98 186
145 329
212 452
274 284
269 575
311 93
37 528
67 215
158 379
29 342
26 56
25 405
16 527
315 80
210 464
264 570
232 498
203 460
313 38
23 556
32 60
24 259
28 408
338 101
31 568
334 74
194 475
308 89
9 586
187 488
23 375
161 241
76 230
245 306
189 490
322 36
201 470
118 157
67 235
90 178
122 147
97 179
25 401
259 251
196 436
65 362
322 50
325 37
23 560
282 288
217 436
10 12
348 593
57 367
235 503
13 550
45 67
343 110
256 548
307 88
318 77
18 257
262 552
91 179
305 86
8 585
243 416
313 36
124 139
126 141
