600
538 32
478 163
115 524
163 559
164 626
376 335
133 474
419 266
428 297
356 176
114 471
29 13
279 413
536 20
312 101
221 547
8 10
75 814
300 88
494 393
383 207
159 613
74 813
235 535
32 14
89 722
386 214
158 544
21 855
165 627
357 179
350 368
540 28
175 597
40 799
280 414
264 82
157 535
52 772
74 811
200 650
41 800
160 614
389 219
313 104
302 92
36 58
19 855
10 865
55 777
99 715
353 329
113 518
219 545
272 70
383 205
433 286
276 144
303 93
325 144
55 775
537 49
265 79
166 562
131 472
426 289
163 621
550 43
49 763
417 322
476 161
161 615
271 124
115 466
10 854
201 651
309 100
401 209
87 734
299 87
415 237
277 433
166 586
357 177
177 591
53 773
537 21
176 588
6 8
275 128
417 243
279 417
148 477
426 295
148 473
494 132
137 494
272 440
267 71
201 647
506 125
358 180
114 60
346 154
540 24
353 357
562 10
118 531
423 304
243 533
50 764
355 246
27 11
19 859
355 236
212 660
260 68
268 117
533 14
350 152
280 131
264 68
38 745
176 590
156 638
539 23
360 180
190 679
3 5
265 69
326 141
277 411
119 690
259 461
274 398
540 34
337 149
426 283
156 678
36 820
80 754
190 645
326 385
137 488
37 712
9 874
139 486
76 756
108 712
114 507
224 548
132 479
160 556
164 582
379 158
379 176
9 868
352 338
420 267
47 797
115 61
481 164
114 465
117 510
206 646
357 159
439 274
85 718
355 343
326 145
88 721
207 655
462 153
161 619
39 746
463 154
206 668
208 648
164 560
41 763
190 675
435 290
167 587
10 852
390 192
539 33
65 789
432 283
259 60
34 16
274 406
166 572
344 152
91 724
267 120
28 848
494 395
417 239
273 126
535 19
33 55
351 153
265 83
356 348
18 854
275 139
157 639
394 215
339 151
116 509
293 408
281 421
513 85
116 521
562 14
5 7
87 720
7 9
269 122
4 6
177 593
494 128
84 741
360 182
495 133
132 473
114 707
155 643
38 828
353 341
222 550
414 236
131 466
352 154
545 22
277 145
302 90
354 352
335 147
269 447
12 856
269 449
121 694
417 264
276 140
10 869
534 15
42 764
165 561
276 410
536 40
220 546
154 686
476 149
268 72
422 269
356 247
175 587
36 826
300 113
539 27
209 657
83 713
270 123
31 13
38 519
387 215
537 47
118 689
536 46
165 565
165 571
418 265
133 480
344 368
422 240
283 423
268 86
66 792
535 16
116 62
549 40
224 550
266 76
165 583
352 340
389 217
354 362
199 671
478 167
416 238
165 585
156 674
525 834
351 337
332 381
276 408
493 392
424 305
277 132
325 140
414 157
33 15
38 822
268 446
383 201
425 278
207 647
386 212
354 354
354 342
133 482
301 89
433 290
473 146
136 497
157 541
383 191
538 22
355 347
364 342
254 520
425 306
67 793
113 464
38 60
35 57
385 195
114 519
474 173
86 719
423 270
312 103
161 557
189 674
310 101
474 147
336 148
66 790
18 852
356 259
3 3
29 845
36 711
275 407
357 248
275 401
9 851
275 399
200 646
132 477
90 723
211 659
354 235
205 645
440 279
41 802
413 235
163 581
563 15
237 537
397 212
40 747
117 526
47 790
495 135
153 531
413 156
387 223
39 789
134 483
35 819
189 678
308 99
162 558
51 771
265 457
356 344
268 121
41 748
263 60
306 92
132 467
307 93
136 485
155 533
235 541
386 196
424 271
477 162
280 420
28 12
166 566
13 857
84 714
266 84
380 177
116 467
2 2
358 182
140 491
169 572
385 211
424 273
408 177
74 712
191 680
49 748
350 334
66 749
11 861
331 146
164 622
236 536
37 59
139 488
9 11
250 520
159 545
40 797
422 313
210 658
170 573
66 747
37 811
87 730
480 163
384 208
102 714
380 188
327 386
33 841
140 489
42 803
332 377
167 597
493 127
108 811
342 150
353 155
199 645
39 714
338 150
550 41
47 799
358 255
137 486
279 69
75 713
421 312
385 209
499 128
282 422
166 576
125 692
274 127
518 68
272 125
369 341
189 644
169 576
117 530
162 620
439 278
41 785
153 689
130 471
356 158
158 610
109 713
108 813
37 813
344 334
280 129
382 204
34 834
416 263
86 733
37 821
160 606
85 742
76 754
533 840
530 15
103 715
88 735
38 713
32 840
115 520
384 194
270 450
157 543
8 873
54 774
37 518
419 318
345 153
427 296
135 484
80 756
308 97
351 335
331 380
120 699
156 644
162 616
353 361
52 766
310 103
11 855
164 570
115 508
561 878
433 284
433 292
122 695
209 649
364 352
421 239
447 268
272 76
266 70
51 765
332 147
154 532
253 519
27 851
52 768
384 192
358 249
159 555
338 372
355 157
432 289
526 835
283 425
358 184
77 759
330 145
426 275
298 86
1 1
343 151
77 757
118 511
306 90
130 465
369 236
208 656
65 746
75 753
22 856
198 644
258 59
113 59
276 131
503 126
561 9
381 189
278 412
549 20
525 56
135 500
156 534
388 216
280 418
357 252
209 651
358 253
276 129
34 56
425 274
37 827
499 132
40 790
274 392
369 357
37 464
307 96
425 282
222 548
120 691
477 150
118 527
370 358
382 190
267 85
259 67
85 715
461 152
273 405
165 623
263 67
116 525
159 611
121 692
421 268
7 878
475 148
354 156
456 327
512 454
352 336
39 520
279 403
227 553
278 434
282 416
151 506
285 427
35 843
81 757
353 339
94 727
203 653
363 351
146 503
508 442
50 749
450 317
538 50
41 825
479 168
564 16
61 783
354 358
411 233
378 367
105 717
41 791
390 220
536 17
29 849
405 229
527 836
134 469
430 299
290 431
56 776
45 832
281 132
166 628
56 770
559 872
538 48
78 760
138 487
38 814
393 222
465 156
136 501
86 716
67 748
458 331
184 599
118 64
566 18
245 685
53 767
333 148
252 706
359 185
436 291
134 475
524 833
119 528
72 808
167 629
487 172
79 761
368 261
236 542
424 242
428 309
123 516
50 807
552 45
40 715
246 688
395 200
381 178
96 729
192 677
260 61
141 492
120 513
466 157
135 470
193 682
519 69
425 272
216 664
39 823
541 29
87 744
441 280
322 115
82 762
191 646
291 432
546 23
42 786
469 374
223 549
41 716
270 74
218 666
262 70
514 86
492 391
467 370
166 624
177 589
158 640
551 44
415 158
355 355
431 300
402 210
495 129
187 601
142 493
40 824
339 373
76 815
30 14
295 436
157 679
327 146
90 737
387 197
347 155
407 231
359 254
180 580
389 199
276 400
272 452
233 609
12 862
202 648
410 232
384 206
159 641
316 107
167 573
158 536
391 193
117 522
8 879
229 667
390 218
4 4
123 696
500 133
134 481
150 505
497 397
547 38
10 875
197 605
523 818
368 356
388 198
357 345
434 285
11 853
522 710
475 174
98 739
11 870
459 332
354 330
255 521
365 353
296 437
490 389
48 798
315 106
418 240
453 324
434 287
149 474
428 277
121 700
420 319
167 567
333 378
133 478
122 693
14 858
194 683
182 634
278 133
44 766
280 70
241 637
179 595
400 226
496 136
228 554
128 701
115 472
491 390
314 105
395 216
81 755
292 435
277 453
434 291
12 871
275 393
501 138
277 130
359 250
164 618
62 784
364 186
127 698
375 366
95 728
361 181
67 791
225 551
35 835
311 102
238 538
42 801
10 12
118 523
20 860
251 521
366 258
174 579
242 642
532 839
249 705
452 321
78 758
403 227
204 654
370 237
511 445
218 608
355 363
516 456
528 837
200 672
107 810
437 288
28 852
445 310
384 202
277 141
48 791
358 350
101 740
388 224
178 592
318 109
309 98
510 444
444 303
42 749
484 169
341 153
396 225
542 36
195 603
160 612
399 203
261 69
100 716
483 166
357 349
157 675
117 468
448 269
541 25
356 364
485 170
303 91
443 302
117 63
214 654
11 876
429 298
489 384
357 260
360 251
119 512
359 181
479 152
188 602
176 598
385 193
367 187
478 151
281 130
149 478
358 160
423 241
196 604
313 102
172 631
416 159
398 213
269 118
77 816
119 532
468 371
106 752
167 577
373 262
542 26
269 87
426 307
438 301
526 57
124 697
359 161
19 853
529 838
75 812
567 880
502 404
278 78
154 690
537 41
406 230
144 499
267 77
76 714
488 175
345 369
58 780
207 669
210 650
141 490
271 451
119 65
427 290
495 394
568 881
38 812
160 546
284 135
370 342
119 470
256 522
232 684
178 594
183 596
289 430
89 736
40 521
24 858
203 649
418 323
120 529
495 396
311 104
276 402
392 221
158 542
442 281
471 376
145 502
121 514
358 346
288 81
372 360
257 709
92 725
409 178
287 429
59 781
278 146
270 448
185 600
498 137
496 134
361 183
147 504
70 751
109 814
371 359
334 383
266 458
543 37
163 617
286 428
563 11
321 112
319 110
192 681
186 635
500 129
460 333
25 863
91 738
349 157
423 314
571 884
115 708
355 353
60 782
509 443
40 62
39 61
504 127
20 856
133 468
328 143
377 336
446 311
425 245
155 687
71 796
35 17
479 164
328 387
556 844
305 95
572 885
53 769
192 647
48 800
470 375
225 549
64 788
171 630
41 831
215 663
217 665
173 632
507 126
544 31
555 54
137 498
104 716
542 30
143 496
301 114
111 715
271 75
157 645
464 155
202 652
359 183
167 563
345 335
281 415
168 568
565 17
30 846
57 779
273 441
412 234
281 419
304 94
140 487
521 463
213 653
333 382
109 812
172 569
449 316
36 18
520 460
110 714
181 633
550 21
210 652
279 134
362 257
86 743
557 847
122 515
486 171
570 883
454 325
68 794
380 159
551 42
553 52
440 275
455 326
168 564
161 607
569 882
273 77
323 116
427 308
166 584
266 80
356 237
427 276
273 71
437 294
418 244
247 703
230 670
226 552
327 142
56 778
173 578
168 588
404 228
562 879
46 806
138 495
135 476
118 469
279 147
248 704
260 462
308 94
297 438
73 809
63 787
426 279
517 459
472 379
340 152
284 424
120 66
112 817
451 320
43 765
387 213
482 165
457 328
427 284
15 859
534 841
348 156
329 388
88 731
269 73
97 732
138 489
11 866
558 850
554 53
67 750
167 625
17 864
358 178
365 343
244 534
434 293
223 551
170 577
239 539
560 877
168 598
234 636
351 369
213 661
129 702
26 867
93 726
41 798
240 540
307 91
277 409
386 210
39 829
43 804
231 673
359 256
34 842
317 108
191 676
40 830
69 795
152 517
294 409
505 439
374 365
541 35
541 51
324 119
171 574
172 575
16 860
424 315
38 465
320 111
264 61
44 805
531 16
23 857
126 693
214 662
515 455
77 755
284 426
548 39
