145
498
251
96
356
365
447
334
219
22
228
69
296
445
34
271
295
41
210
476
324
416
109
316
470
483
328
80
430
197
247
337
499
172
482
57
188
272
36
286
443
233
300
371
238
461
343
368
285
326
139
161
204
216
26
140
401
360
56
162
86
74
287
15
229
399
70
372
91
409
485
423
335
258
120
95
388
396
441
446
208
456
62
132
110
277
362
306
490
19
317
403
255
122
453
123
55
130
433
402
274
342
60
48
478
99
262
308
156
201
196
294
268
29
405
82
79
387
375
325
284
279
377
492
253
7
407
304
84
389
97
24
299
275
163
358
468
345
361
83
374
419
378
209
310
30
133
363
269
203
159
450
312
379
175
116
280
135
207
146
205
473
124
417
136
168
411
51
112
422
346
425
33
248
264
270
18
434
273
237
73
115
353
319
94
169
108
460
85
259
391
42
125
394
254
64
10
412
339
114
292
211
223
131
415
143
442
385
380
352
50
158
232
236
63
393
302
129
78
438
322
43
293
154
87
263
65
44
174
448
31
221
464
134
369
206
472
128
467
217
278
105
340
25
400
355
462
354
184
429
350
484
305
155
437
341
436
214
455
98
101
121
471
151
66
111
382
477
200
61
333
266
215
16
338
8
77
195
106
282
187
367
202
241
117
297
307
118
267
160
466
126
390
153
147
1
227
17
408
89
144
439
314
149
420
489
28
226
383
452
493
93
177
20
138
465
194
311
469
309
392
321
249
39
38
257
364
290
2
323
224
176
327
180
370
313
167
376
458
189
166
381
104
431
170
246
395
406
186
421
250
13
288
222
185
494
81
481
76
100
150
225
479
191
53
3
12
298
398
21
418
103
173
495
301
9
449
330
331
14
332
165
410
497
181
59
213
152
336
164
182
315
427
75
261
366
256
435
500
179
488
40
141
192
27
231
240
11
71
54
6
474
444
218
35
351
424
359
289
373
199
426
384
193
92
486
142
260
23
243
480
47
32
487
46
347
491
148
303
58
52
349
127
198
414
244
37
220
428
404
157
318
235
119
440
457
357
230
239
88
283
397
137
265
49
183
276
68
113
329
459
242
496
67
45
291
454
451
5
72
107
348
463
212
320
386
90
245
413
178
4
252
475
190
344
281
432
102
171
234
