21
305
22
427
273
160
67
156
252
325
498
15
491
149
623
157
444
326
545
221
451
368
306
459
538
420
191
589
687
134
465
204
466
516
486
314
526
509
434
35
484
85
502
674
93
190
389
290
676
280
284
505
5
672
564
395
605
439
382
632
483
609
208
376
425
383
278
222
614
354
328
281
422
175
423
43
267
317
236
138
429
329
104
174
397
539
624
578
256
216
332
562
178
424
38
51
124
237
140
143
323
228
442
135
243
184
487
327
169
76
639
660
16
476
8
366
577
371
176
452
364
84
41
458
360
648
115
575
89
640
207
49
166
152
677
316
559
670
96
167
600
150
472
583
469
18
197
532
117
350
594
307
261
461
537
357
29
587
56
569
235
549
170
415
308
694
635
393
54
116
554
540
299
621
304
234
2
75
37
187
657
692
34
77
213
80
295
13
691
351
542
244
165
590
50
265
367
61
503
447
291
189
358
379
339
457
531
649
663
679
512
242
254
74
381
588
490
164
106
40
399
264
460
373
638
347
31
107
271
591
584
260
696
626
146
322
292
300
250
604
510
113
210
499
522
456
435
111
504
199
448
100
599
287
144
388
338
631
571
669
55
205
480
662
665
334
212
613
392
65
158
312
123
543
454
593
430
608
288
386
337
269
194
501
163
517
91
655
345
248
616
70
297
321
630
597
90
527
565
576
445
579
44
408
646
410
659
534
647
684
105
607
488
294
474
617
628
303
582
570
462
109
417
9
120
285
193
311
186
78
523
622
697
168
396
181
365
11
363
390
274
629
125
349
154
412
293
432
585
64
596
560
513
401
272
148
95
449
341
405
39
618
206
25
99
402
114
529
203
433
521
141
553
195
695
259
211
440
83
568
680
223
275
335
229
601
310
302
645
416
428
443
651
258
129
82
202
59
493
468
53
643
331
153
685
313
668
654
637
131
661
471
32
344
137
644
418
642
227
241
177
255
225
359
233
375
98
102
266
547
496
126
541
139
688
231
475
470
580
611
155
478
421
286
362
698
681
276
453
239
257
151
97
352
36
342
619
536
19
686
136
79
548
122
217
69
10
666
525
23
161
72
683
598
636
58
437
336
463
653
615
700
17
652
414
219
690
340
26
620
133
142
369
372
387
535
318
612
263
262
1
45
530
3
592
162
330
673
627
73
378
240
238
353
477
179
14
518
333
489
319
508
196
103
171
119
413
566
315
409
46
28
682
200
346
572
320
407
63
555
145
634
438
47
128
479
92
419
268
492
246
121
183
298
385
558
473
606
500
495
384
57
20
678
563
356
188
283
515
247
182
581
88
33
556
404
48
431
230
641
446
528
224
567
62
343
214
394
370
209
557
625
391
436
277
68
658
552
511
348
689
201
118
173
380
159
279
467
586
455
520
406
101
132
30
220
71
485
497
108
282
693
464
656
550
398
12
127
112
551
361
251
301
441
226
218
544
232
66
147
561
253
42
81
667
245
699
533
400
86
110
4
94
377
52
494
249
514
524
671
185
215
192
60
610
574
296
506
546
172
270
87
450
130
27
355
595
519
324
664
603
675
650
507
309
374
602
24
289
6
426
403
180
7
481
198
573
482
633
411
