700
433 311
453 260
27 905
25 41
121 392
29 312
7 958
204 411
336 687
26 908
297 700
569 112
412 912
574 164
94 813
212 479
118 377
447 45
269 635
1 1
192 505
224 456
336 695
370 770
207 412
162 523
273 649
119 390
215 474
296 728
121 386
210 417
434 312
223 447
297 741
667 24
193 564
280 644
503 64
593 128
121 594
301 729
543 181
41 311
451 246
210 469
543 203
151 510
63 826
150 505
680 13
487 238
513 77
192 563
571 155
119 610
387 358
666 938
467 268
570 113
316 703
173 528
289 622
108 364
44 813
337 690
317 706
149 504
14 20
600 127
660 37
414 350
137 498
264 617
388 361
17 938
497 98
268 758
30 313
450 249
272 646
415 343
20 933
15 21
435 313
32 902
449 238
21 31
529 56
658 29
496 56
282 642
536 104
44 881
463 264
448 297
270 632
64 857
3 5
296 740
100 805
107 375
414 352
259 380
65 860
120 605
152 515
208 427
110 366
296 669
159 518
209 436
110 370
493 51
99 800
508 70
309 715
584 116
117 376
124 399
98 811
146 501
14 10
42 811
680 9
298 701
335 670
137 410
529 101
333 749
267 620
351 678
74 835
140 579
295 749
214 481
350 677
297 670
583 115
309 713
103 359
452 255
64 827
98 799
118 379
530 218
203 410
43 313
212 439
530 57
335 686
531 219
534 102
331 749
474 265
451 250
591 126
509 71
591 139
209 432
419 339
106 362
464 275
601 134
210 429
153 558
448 235
180 521
566 107
148 503
42 312
24 927
91 814
259 390
592 127
223 451
495 55
415 45
173 524
322 701
513 75
400 327
272 640
102 791
302 720
109 365
48 314
551 183
658 35
268 621
349 676
666 27
9 952
8 8
618 115
494 227
292 758
298 671
43 812
326 728
400 329
423 903
622 123
493 49
364 623
451 254
143 578
422 902
105 361
265 618
511 73
599 139
125 382
315 670
431 309
539 205
468 269
66 849
107 363
496 101
53 878
271 639
336 671
616 113
465 266
23 922
622 119
299 713
544 182
292 621
617 134
537 209
491 45
585 117
585 119
338 691
277 639
263 616
294 623
398 313
280 642
235 438
108 376
622 125
510 88
161 544
123 598
122 595
55 874
452 251
44 314
154 517
554 190
69 840
24 40
262 377
203 498
262 615
512 74
61 822
166 533
298 712
621 118
566 104
450 239
350 681
460 263
372 772
599 126
460 283
552 184
378 377
135 406
102 316
67 830
297 660
411 901
297 737
679 955
620 117
400 315
265 767
499 63
45 315
388 359
364 619
273 647
13 9
453 256
61 868
414 44
499 67
524 59
24 923
68 845
293 656
211 466
264 770
118 615
300 716
63 856
64 859
667 939
151 512
348 667
101 315
120 381
545 183
68 831
496 223
167 534
499 59
298 742
584 143
270 630
511 83
17 23
163 524
481 256
262 379
1 964
331 668
502 67
214 441
122 597
26 914
42 799
174 525
509 87
401 330
48 318
165 532
398 325
70 841
124 599
54 815
133 404
604 131
271 637
422 912
550 182
270 636
147 502
27 909
571 114
301 733
138 577
679 8
537 203
331 753
208 415
297 745
23 39
553 185
20 36
555 187
33 316
667 28
254 593
294 657
134 405
56 819
120 593
133 398
458 287
103 792
213 480
599 118
162 545
44 324
334 750
45 884
498 62
66 829
507 95
157 556
672 23
412 336
42 893
497 57
511 89
152 507
153 516
59 818
21 37
361 618
207 426
568 109
449 236
565 103
296 659
254 605
451 240
213 450
32 908
370 617
9 9
498 95
545 197
157 558
507 62
423 907
177 524
327 729
120 611
293 622
302 718
98 312
416 350
60 867
255 606
149 570
397 312
44 318
617 114
411 308
681 10
436 314
573 157
447 234
464 265
7 7
412 309
208 435
544 196
232 439
25 924
514 78
5 7
672 27
619 116
109 780
432 310
333 668
546 198
362 623
28 892
102 805
189 506
415 302
626 123
62 825
125 400
446 44
124 405
209 490
153 556
136 407
152 513
498 58
495 53
99 313
266 619
43 894
103 788
121 382
99 804
572 156
209 416
211 470
600 119
571 153
43 323
454 289
420 340
212 445
82 823
173 540
62 869
102 358
571 149
590 117
54 817
32 315
138 501
163 528
554 186
461 264
62 823
278 640
569 110
434 322
502 63
29 903
535 103
209 428
538 204
150 567
458 261
317 704
101 357
390 359
211 486
19 35
399 326
570 152
621 122
100 314
437 315
530 102
61 820
591 118
399 314
412 917
315 700
222 446
82 825
279 641
104 360
254 391
123 404
268 762
536 178
326 669
123 394
666 23
67 834
27 903
10 10
204 495
682 15
453 242
312 701
492 231
165 530
26 309
16 22
2 2
623 126
644 49
5 958
594 129
210 437
212 471
108 779
411 41
538 210
52 813
567 108
609 118
362 619
43 888
214 417
603 134
337 688
413 337
26 902
161 520
203 500
362 626
487 236
299 715
347 622
269 759
494 52
55 818
74 845
70 837
160 519
164 529
592 133
211 438
213 462
19 29
126 383
582 114
414 338
162 521
414 301
433 321
534 218
85 820
413 43
269 622
41 892
213 472
52 881
492 46
27 310
327 731
601 128
413 310
214 473
301 717
668 944
659 36
157 516
573 159
336 673
150 563
508 63
523 58
297 729
60 819
507 58
269 629
192 567
589 116
334 669
575 161
668 940
603 128
120 391
452 241
412 902
347 666
139 578
196 505
163 540
295 668
667 943
371 771
423 913
18 28
85 822
69 836
65 828
151 506
137 500
208 413
413 349
459 282
210 419
316 701
466 267
225 457
538 212
585 144
31 314
644 47
4 6
53 814
222 450
568 172
20 30
242 427
302 734
119 380
139 582
349 668
295 753
454 287
163 546
236 439
22 38
293 666
25 901
158 517
277 637
67 850
163 548
122 397
122 393
298 734
318 707
461 278
211 420
100 807
510 72
224 454
493 47
681 14
100 801
454 257
111 367
454 261
123 398
189 510
294 667
565 177
415 339
8 955
44 883
213 440
25 308
146 575
412 42
574 160
52 883
2 4
604 129
138 575
223 453
414 346
424 908
536 180
297 733
537 181
213 446
28 311
535 177
289 629
295 658
68 835
136 409
17 27
365 620
206 411
459 262
347 656
62 821
641 225
413 918
251 590
516 80
39 322
73 844
102 803
215 442
83 824
605 132
539 213
560 194
76 847
634 170
111 371
505 66
533 221
218 423
214 463
442 320
28 906
386 790
538 182
134 399
479 286
410 900
595 130
598 136
86 823
623 120
406 335
270 623
273 641
596 131
104 789
176 527
476 277
249 588
497 102
15 11
164 547
18 939
670 942
592 119
6 959
604 135
53 882
352 679
631 132
449 298
319 708
522 94
637 175
169 536
592 140
234 465
172 539
499 96
455 258
299 672
669 945
636 174
332 754
461 284
140 583
8 959
274 634
231 464
500 68
78 853
611 141
255 392
316 671
416 46
325 727
105 794
402 331
572 154
114 372
237 440
371 618
45 896
201 574
302 730
68 851
9 956
649 305
640 222
212 467
274 648
31 907
452 247
125 396
34 317
613 147
359 765
26 925
459 288
155 518
424 914
515 79
493 232
21 934
168 535
116 374
300 714
209 414
332 669
164 549
123 596
36 319
238 441
216 483
340 675
199 572
217 444
253 592
409 899
127 602
308 724
455 290
248 587
271 633
200 573
110 781
586 145
338 689
33 909
216 443
65 872
664 936
393 795
309 739
260 381
601 120
632 133
485 294
344 699
689 961
46 885
391 360
305 747
652 920
363 620
586 120
350 669
556 188
575 165
483 292
395 797
141 580
328 730
572 115
627 124
205 412
217 484
559 193
356 685
38 321
572 150
225 449
389 360
69 852
10 953
75 836
310 714
71 842
113 369
465 276
166 531
566 178
455 244
675 949
369 769
380 778
473 274
537 105
669 26
300 663
55 816
535 219
348 623
121 606
494 48
514 92
323 702
423 345
424 904
229 488
274 650
101 802
43 800
500 64
77 848
313 702
246 497
665 937
453 252
219 478
606 133
12 12
167 550
211 418
311 725
132 604
358 764
290 623
151 564
109 377
673 24
477 280
303 721
186 555
684 17
659 30
421 341
243 428
212 431
72 839
691 963
198 569
153 508
217 476
415 312
23 33
574 158
381 783
655 931
408 898
363 624
130 389
549 201
224 452
422 342
37 320
65 858
537 179
501 61
269 763
490 299
600 140
66 861
669 30
346 756
488 237
436 324
64 871
212 421
295 624
90 877
341 694
455 288
128 385
687 957
532 59
496 54
214 451
158 557
542 214
639 217
531 103
438 316
276 652
495 228
6 8
498 99
204 501
266 768
416 340
547 185
656 932
252 591
561 195
156 519
137 408
508 59
320 709
142 581
191 562
415 351
418 354
163 522
685 18
27 915
648 300
72 843
680 956
214 447
152 511
403 332
286 648
145 584
587 146
49 315
128 403
525 60
270 760
92 815
376 776
230 461
635 171
164 525
597 132
480 291
337 696
532 220
211 430
425 909
244 493
175 526
379 378
296 625
668 25
624 127
215 482
271 761
628 129
683 16
539 211
27 926
339 692
101 806
53 884
29 911
448 46
217 434
661 38
416 344
83 826
178 525
528 100
11 11
351 682
88 873
462 265
401 316
204 499
365 624
151 568
255 594
122 383
662 39
45 319
456 259
111 782
32 929
576 162
28 910
531 58
291 655
44 895
327 670
607 137
147 576
614 148
454 253
623 124
241 492
683 12
688 960
125 406
272 638
99 812
250 589
521 93
293 759
227 459
212 487
337 674
588 121
657 935
633 145
563 215
233 440
115 373
299 735
126 407
494 50
413 903
444 330
470 271
340 693
593 134
642 226
629 130
404 333
263 378
544 204
425 915
298 730
608 138
181 522
578 166
122 613
125 600
440 318
226 458
54 879
278 638
558 192
104 793
290 630
218 477
301 664
374 774
93 880
188 561
645 50
104 318
348 657
304 736
674 948
538 106
602 135
638 176
503 68
682 11
182 543
179 542
126 401
138 499
389 362
45 882
45 814
564 216
26 42
299 662
275 651
429 919
646 230
686 19
45 325
504 65
126 601
87 866
557 189
215 418
671 947
430 355
569 173
415 353
257 608
119 378
72 863
602 129
329 733
47 317
668 29
47 886
193 506
127 402
153 514
70 833
330 748
168 551
484 293
97 890
375 775
337 672
332 750
2 965
63 824
213 422
122 387
441 319
197 506
158 559
261 614
103 806
150 571
79 854
75 846
271 631
29 893
643 229
124 395
81 864
428 348
624 121
247 586
245 494
321 710
131 603
154 509
300 744
187 560
299 743
205 496
469 270
413 913
363 627
548 200
462 279
171 538
630 131
202 585
314 726
625 128
183 552
46 316
562 202
96 887
56 875
488 239
190 511
415 347
454 243
281 645
281 643
343 698
518 82
653 921
101 808
417 304
224 448
367 622
28 904
577 163
670 946
335 751
513 91
49 319
519 85
63 870
194 565
265 771
414 311
602 121
402 317
144 579
50 322
185 554
546 184
581 169
579 167
475 266
221 425
33 903
25 928
443 329
354 683
103 317
303 735
288 654
345 755
673 28
46 326
382 784
471 272
645 48
612 142
506 69
51 331
610 119
46 897
509 64
58 821
353 680
298 746
296 754
283 643
127 384
580 168
119 616
3 3
306 722
527 97
210 433
263 380
517 81
651 307
366 621
455 262
138 411
307 723
310 716
22 32
67 862
190 507
86 821
482 257
111 810
618 135
542 208
164 541
520 86
540 206
258 609
678 954
357 757
324 711
298 661
342 697
650 306
219 424
302 665
35 318
555 191
385 787
368 628
300 736
605 130
403 318
392 363
71 838
500 60
298 738
174 529
112 368
416 303
394 796
373 773
676 950
570 111
417 47
512 84
57 820
104 809
318 705
260 391
170 537
95 814
486 295
526 61
586 118
384 786
18 24
287 653
69 846
377 777
615 151
478 281
44 889
489 296
139 502
417 351
472 273
184 553
336 752
328 732
439 317
426 910
445 356
450 237
355 684
69 832
299 702
427 911
228 460
456 245
30 904
285 647
396 798
677 951
317 702
514 76
193 568
129 388
240 489
256 607
567 105
383 785
690 962
457 248
174 541
654 930
303 719
84 865
300 673
225 455
195 566
284 646
407 891
139 576
80 855
296 750
24 34
360 766
512 90
154 557
239 468
89 876
497 224
121 612
220 485
216 475
547 199
669 941
541 207
663 40
401 328
462 285
154 559
508 96
647 233
405 334
210 491
40 916
435 323
