100
169 114
136 92
166 112
79 54
127 86
118 80
31 22
94 64
13 10
124 84
247 166
277 186
265 178
241 162
235 158
82 56
49 34
184 124
178 120
190 128
253 170
157 106
244 164
160 108
121 82
64 44
199 134
259 174
292 196
28 20
262 176
181 122
154 104
91 62
34 24
208 140
163 110
133 90
100 68
196 132
223 150
310 208
145 98
268 180
37 26
172 116
52 36
307 206
106 72
238 160
103 70
211 142
85 58
304 204
55 38
202 136
46 32
130 88
205 138
142 96
43 30
139 94
220 148
250 168
61 42
298 200
256 172
274 184
73 50
217 146
232 156
283 190
88 60
187 126
280 188
226 152
214 144
112 76
76 52
115 78
229 154
25 18
295 198
58 40
175 118
109 74
286 192
151 102
67 46
148 100
16 12
70 48
19 14
271 182
289 194
22 16
193 130
301 202
40 28
97 66
326 326
343 343
342 342
359 359
367 367
354 354
383 383
306 306
304 304
373 373
352 352
381 381
346 346
345 345
330 330
376 376
321 321
399 399
336 336
339 339
302 302
338 338
301 301
357 357
350 350
348 348
332 332
368 368
312 312
331 331
369 369
327 327
349 349
324 324
398 398
366 366
305 305
333 333
311 311
361 361
329 329
310 310
364 364
318 318
387 387
303 303
340 340
390 390
341 341
397 397
335 335
377 377
382 382
365 365
394 394
386 386
347 347
374 374
322 322
370 370
313 313
317 317
319 319
320 320
391 391
360 360
379 379
337 337
389 389
375 375
309 309
316 316
323 323
363 363
351 351
353 353
384 384
392 392
400 400
393 393
328 328
358 358
307 307
314 314
325 325
378 378
385 385
308 308
315 315
371 371
355 355
396 396
344 344
395 395
334 334
362 362
380 380
388 388
372 372
356 356
