1300
551 1446
924 712
795 664
687 1037
456 1474
638 486
669 1027
52 51
336 1352
456 1466
1041 336
799 690
33 106
266 1618
737 613
293 1379
72 81
103 155
781 822
780 819
1054 352
273 1341
830 833
94 151
261 1116
639 493
978 426
395 1295
861 868
452 1441
193 1672
241 1098
687 1031
1099 240
1092 226
709 979
214 499
453 1446
297 1406
265 1118
203 1676
975 341
1020 407
458 1554
431 1248
655 533
711 995
512 1538
979 351
976 410
645 955
771 610
515 1521
322 1378
394 1294
585 1126
176 320
894 787
728 570
213 1071
885 744
748 921
64 93
244 1111
599 1160
17 9
746 919
243 1110
122 182
699 1028
134 207
433 1250
32 121
1040 382
151 1724
726 562
980 448
662 973
358 1207
509 1485
693 1037
832 835
303 1418
837 848
593 1132
514 1498
1055 353
977 441
35 124
1042 337
859 876
730 612
359 1217
446 1233
838 849
163 283
738 588
56 51
966 484
54 93
425 1261
1107 256
68 77
280 1621
67 76
51 42
1028 429
248 1089
864 869
16 4
978 358
1124 108
883 723
513 1491
974 460
1114 247
1124 119
283 1622
672 988
268 1180
135 182
860 863
834 731
981 361
947 604
674 1032
53 110
526 1496
883 713
845 723
727 609
762 911
398 1311
243 1092
294 1399
378 1292
157 275
373 1334
192 1671
672 1030
51 104
972 333
1019 333
888 803
321 1188
640 555
711 987
69 78
729 635
577 1619
846 724
1069 327
247 1086
778 643
270 1606
137 192
322 1388
1059 347
275 1431
103 152
280 1627
772 613
122 214
981 449
772 611
511 1489
271 1185
96 159
239 1082
848 829
278 1619
641 523
1067 382
1111 250
779 644
214 489
94 149
972 322
416 1280
118 106
1092 180
980 360
779 826
150 274
403 1294
175 319
729 934
91 105
150 1721
797 680
1102 259
418 1264
90 42
157 283
1042 384
121 213
533 1495
638 492
1122 180
726 606
45 136
455 1485
641 552
459 1547
654 536
474 1544
497 1570
1123 118
642 557
455 1543
973 334
848 833
349 1206
503 1562
780 827
349 1221
121 229
255 1084
405 1296
640 1061
118 226
884 743
390 1302
325 1201
1019 406
240 1103
563 1183
455 1461
832 729
709 985
333 1196
455 1481
889 752
1123 107
119 207
870 865
645 604
173 285
851 836
610 1146
214 1075
1033 322
175 291
236 1070
496 1565
900 754
379 1327
1053 357
475 1562
774 613
292 1378
978 442
294 1427
8 4
587 1132
725 561
586 1143
196 1685
380 1324
418 1282
991 435
242 1105
386 1300
95 172
322 1382
1027 408
483 1570
1092 106
870 863
738 616
177 293
728 640
237 1071
643 558
37 136
527 1501
372 1237
575 1118
395 1313
901 757
325 1348
724 598
477 1580
637 485
609 1145
519 1511
123 215
120 182
320 1341
830 829
787 816
244 1113
324 1356
135 202
981 345
598 1144
165 309
779 886
55 62
728 576
242 1109
689 1039
178 322
168 312
425 1247
53 60
67 64
937 894
468 1548
833 730
268 1176
119 273
587 1136
399 1314
1008 409
1093 227
643 963
120 228
1094 228
476 1563
948 948
704 1025
269 1633
456 1595
217 504
479 1570
201 1674
348 1189
456 1544
118 1737
357 1190
54 111
832 737
368 1187
1021 418
10 28
261 1114
948 946
599 1153
979 347
267 1633
1053 347
404 1295
576 1119
293 1398
979 423
120 208
877 829
975 409
98 161
240 1656
834 853
888 751
728 610
575 1617
832 724
91 1734
29 38
138 193
1041 393
517 1527
497 1566
69 82
1045 397
976 342
380 1328
211 1069
195 1684
752 612
600 1161
19 13
892 785
978 344
236 1079
311 1404
723 603
1095 229
282 1627
974 408
800 687
324 1347
608 1144
384 1322
1043 328
614 1146
730 584
458 1546
831 846
731 613
193 474
64 89
36 135
708 978
260 1111
830 861
379 1245
977 421
178 471
2 2
57 48
977 435
654 532
398 1313
1022 419
328 1197
122 210
241 1104
65 72
672 1000
1007 408
180 1699
900 756
582 1119
1109 246
639 544
830 712
646 565
504 1563
121 269
479 1574
599 1157
641 546
639 495
688 1032
551 1442
664 980
65 62
110 151
370 1233
378 1280
323 1196
891 774
1108 245
723 559
892 781
134 181
417 1271
731 579
811 681
456 1476
587 1152
272 1186
412 1274
1123 229
1052 346
176 292
137 202
156 274
849 830
517 1523
7 33
56 47
334 1347
215 502
1011 412
583 1169
181 474
451 1186
510 1536
119 227
1064 326
712 988
8 34
352 1195
183 476
218 505
555 1447
784 654
829 646
1001 409
641 556
454 1460
250 1087
511 1487
453 1459
827 826
671 1053
1042 390
16 8
1022 423
395 1301
165 285
728 915
782 652
643 955
267 1175
192 484
528 1502
417 1245
542 1486
973 339
304 1409
827 886
260 1113
1041 326
724 945
1129 124
958 555
918 741
146 181
644 964
8 38
194 1683
335 1367
641 1062
215 500
619 1127
1040 325
193 1668
417 1281
637 1068
304 1413
640 545
30 41
210 1668
153 1722
578 1127
44 133
212 1079
1124 122
339 1357
640 549
693 1031
890 773
736 578
828 883
575 1173
191 472
568 1180
973 407
238 1650
979 359
358 1212
638 972
1101 258
892 775
274 1377
1086 228
167 311
384 1292
66 67
460 1548
725 599
240 1083
1006 407
149 273
966 473
889 713
828 827
359 1213
1009 410
577 1126
241 1108
39 136
556 1448
869 862
461 1549
653 527
322 1226
120 268
200 1673
90 104
1010 411
642 962
94 171
774 643
322 1189
174 306
773 642
1099 256
66 73
831 723
730 622
725 605
9 5
730 626
176 288
110 149
807 685
164 284
182 1699
120 1735
729 928
211 516
193 1068
671 1051
412 1280
516 1512
687 1043
730 578
452 1439
676 1004
662 1060
652 526
710 986
890 761
973 467
34 123
830 722
454 1472
554 1446
1043 385
1123 227
521 1513
159 279
121 209
452 1189
386 1310
466 1546
323 1379
795 666
389 1305
822 652
503 1545
104 156
270 1182
955 556
786 819
37 138
667 974
832 847
587 1144
151 275
379 1281
103 168
487 1564
177 321
858 861
178 302
519 1523
95 152
730 935
668 1024
550 1445
373 1242
417 1275
239 1653
798 681
350 1191
736 586
489 1566
241 1657
727 911
670 1050
1023 420
515 1511
731 581
514 1510
978 350
93 148
793 662
833 852
54 61
639 1060
385 1323
726 608
179 1696
514 1520
248 1087
1077 1712
601 1162
477 1584
550 1441
377 1243
478 1569
761 910
744 622
782 704
496 1569
810 670
476 1583
334 1364
120 184
412 1244
279 1620
151 1722
65 90
730 929
476 1589
1107 229
884 724
432 1249
511 1537
90 56
1040 377
274 1188
1038 319
136 183
670 1020
887 796
376 1242
586 1131
731 627
803 686
582 1125
674 1002
810 680
889 764
266 1632
429 1248
886 799
275 1378
80 72
385 1293
179 1698
303 1408
211 486
54 89
174 1711
193 1690
936 893
891 784
194 475
796 669
976 462
390 1306
744 915
457 1467
910 751
781 888
974 340
992 436
975 372
852 837
778 893
931 814
179 303
551 1456
947 945
516 1522
263 1116
95 155
849 842
34 43
546 1472
828 645
418 1246
424 1246
8 1743
861 864
323 1393
932 645
167 315
830 879
378 1322
745 916
977 411
122 230
744 612
212 487
834 849
1042 345
240 1654
798 675
394 1310
425 1265
979 447
780 645
11 23
923 711
193 519
605 1157
644 603
416 1244
731 631
582 1123
25 9
418 1276
121 235
862 871
475 1545
455 1465
1043 346
793 654
350 1193
1019 322
348 1226
175 287
779 814
887 802
321 1377
654 528
730 586
1142 1
886 745
419 1249
884 741
778 899
323 1346
265 1173
97 160
335 1357
158 276
120 238
1027 428
520 1524
583 1126
20 14
489 1570
1021 428
138 185
433 1254
643 957
807 681
587 1156
18 12
1067 377
80 62
324 1390
273 1376
321 1342
576 1123
798 685
44 123
255 1096
1076 310
512 1494
56 97
243 1086
45 134
387 1305
781 828
978 436
726 910
321 1344
216 503
1125 127
550 1439
598 1152
724 604
893 776
295 1400
899 753
4 34
890 714
744 626
726 941
746 917
210 519
467 1547
644 559
32 105
194 1673
119 201
192 473
55 94
713 989
53 106
862 869
737 587
174 286
1043 368
202 1679
268 1610
675 1003
979 427
8 8
829 860
324 1197
571 1179
799 676
1085 227
992 438
747 920
729 641
9 21
671 1015
971 321
669 1025
305 1414
30 35
457 1596
237 1649
81 73
324 1364
413 1275
53 52
357 1206
1044 396
975 461
737 579
774 611
417 1285
419 1247
488 1569
936 899
1110 249
333 1190
609 1149
51 56
369 1188
387 1301
263 1114
33 122
891 715
3 3
556 1450
536 1494
671 1047
619 1131
378 1274
428 1247
979 345
642 954
668 978
3 33
123 219
127 229
883 719
32 43
8 20
1100 257
780 815
475 1588
744 927
452 1445
1068 326
520 1512
180 473
783 705
272 1438
36 125
163 275
526 1498
424 1264
637 519
139 186
1021 408
136 209
794 663
165 301
982 362
52 43
300 1419
76 74
1087 229
1042 394
972 406
663 1061
1095 256
107 152
889 719
212 1070
149 227
688 1038
241 1084
52 105
156 1721
321 1229
673 1037
571 1175
576 1125
17 11
31 56
55 96
663 977
882 722
729 573
491 1574
456 1462
639 521
527 1499
515 1517
93 107
457 1545
135 198
149 267
68 81
455 1473
266 1614
416 1274
217 508
829 711
829 828
1110 247
451 1438
386 1294
265 1617
379 1323
221 504
92 106
237 1080
594 1133
781 651
729 577
671 1029
320 1376
241 1096
958 549
669 985
799 672
413 1245
85 61
53 48
670 986
176 312
731 619
510 1486
925 713
653 531
1054 348
537 1491
669 1019
277 1618
673 1009
350 1207
67 68
576 1618
784 662
670 1028
727 563
96 156
667 977
122 232
514 1496
52 57
399 1316
323 1383
1028 419
890 769
371 1236
52 115
242 1099
52 47
797 696
452 1187
210 1068
1122 106
480 1571
882 712
432 1253
708 984
713 991
211 1665
876 860
137 184
322 1345
320 1187
202 1675
118 1735
815 667
111 152
683 988
174 1715
429 1258
350 1222
890 753
728 927
158 278
1039 320
222 505
918 724
98 163
978 422
887 750
639 973
296 1403
640 522
876 828
119 181
773 902
958 545
555 1453
673 1001
239 1651
519 1517
299 1418
975 457
512 1490
395 1311
976 434
893 778
587 1128
889 772
546 1460
831 834
674 1010
827 644
1076 1711
336 1368
282 1621
378 1244
118 180
638 520
238 1081
640 974
490 1571
242 1085
267 1635
979 443
1041 383
783 653
977 357
663 974
889 768
831 736
756 611
34 143
271 1183
781 649
1125 123
798 671
640 541
1108 241
174 302
645 564
53 58
122 218
959 550
709 981
299 1408
29 34
177 295
179 472
847 725
1122 226
777 642
1099 229
467 1555
369 1232
326 1378
781 820
66 63
335 1351
217 1071
394 1300
134 201
729 611
31 42
588 1137
30 39
915 744
173 301
786 656
373 1238
528 1504
67 74
273 1187
264 1117
772 641
324 1200
1 1748
887 800
738 614
673 1031
652 523
175 311
372 1241
725 909
334 1356
608 1152
266 1174
9 27
335 1365
335 1348
117 1734
477 1590
736 584
340 1358
228 489
771 640
136 191
1067 325
177 1706
893 786
1092 1731
588 1157
1096 257
830 845
786 658
477 1564
194 1691
1 1
729 571
1128 127
757 636
418 1286
150 1727
833 848
135 204
117 105
672 1036
799 682
377 1291
978 438
888 767
191 1696
797 670
370 1235
1129 128
756 635
174 310
118 1731
210 485
56 43
613 1145
468 1556
536 1490
886 749
327 1389
1044 386
931 644
72 77
488 1565
478 1565
323 1389
95 168
124 230
466 1554
10 22
685 1029
34 133
7 3
586 1127
1043 395
193 485
180 1701
727 569
780 648
135 208
351 1194
780 887
937 896
796 667
1042 327
733 579
977 343
885 748
491 1572
936 643
671 987
454 1484
1038 311
1027 418
92 177
577 1120
274 1434
589 1138
321 1387
35 134
360 1214
119 267
305 1410
598 1156
269 1181
641 961
267 1179
457 1477
183 478
850 835
859 862
786 815
731 930
229 490
166 310
641 550
1095 240
727 914
513 1509
1128 123
1059 357
645 560
668 984
686 1030
785 655
173 309
323 1190
335 1361
783 820
1107 240
849 834
31 104
298 1407
513 1495
32 45
978 446
425 1267
389 1301
182 475
745 613
1109 242
651 522
297 1404
1068 330
1039 324
923 646
284 1623
664 978
350 1209
296 1401
349 1190
827 814
64 61
724 560
800 691
731 623
213 488
799 686
732 628
213 1074
1115 248
1013 414
1081 1718
834 739
521 1525
938 897
168 316
562 1604
188 483
36 47
978 412
70 79
796 665
600 1158
675 1039
453 1440
538 1492
24 18
579 1128
100 165
485 1578
730 636
766 595
967 485
824 708
391 1303
31 40
893 717
1131 126
734 933
362 1216
336 1358
690 1040
141 196
96 173
596 1135
178 296
539 1493
720 1058
727 942
125 231
643 548
1004 459
924 647
835 732
1046 388
776 615
1068 383
1140 1746
285 1624
171 317
1065 327
182 308
381 1325
294 1380
211 520
741 591
486 1579
1017 418
1091 1730
306 1415
95 150
835 850
641 975
494 1577
281 1628
774 903
256 1097
951 951
481 1572
313 1424
650 568
584 1170
419 1277
942 905
56 63
178 314
96 169
498 1567
55 54
588 1133
166 286
214 1072
491 1568
426 1268
710 980
453 1190
954 960
508 1599
450 1437
276 1432
1003 381
244 1087
692 1042
79 87
216 1077
528 1500
445 1338
599 1145
409 1320
891 770
937 644
850 728
241 1655
680 1008
322 1343
232 513
727 601
396 1314
646 956
414 1246
48 145
11 7
753 613
981 429
717 997
1096 230
190 300
606 1158
986 366
123 233
1084 1729
719 999
129 222
1098 259
381 1247
324 1191
648 567
124 186
705 1026
635 1664
906 792
530 1506
1104 261
170 314
1112 251
983 451
675 1055
59 50
903 759
262 1115
976 373
529 1505
437 1260
853 838
57 98
913 798
73 78
1026 427
787 659
1068 378
532 1532
1048 400
32 37
479 1566
684 989
990 454
959 556
269 1177
829 884
218 509
243 1100
1055 349
1078 1713
752 925
664 1062
370 1189
169 313
673 989
316 1429
327 1203
158 284
776 645
710 982
730 572
120 202
884 714
124 212
287 1626
739 581
38 137
716 994
888 801
856 841
355 1198
1074 405
656 530
120 274
342 1360
515 1541
75 85
639 487
1022 429
456 1486
548 1601
993 431
666 982
73 82
46 137
49 146
746 614
570 1612
733 932
1141 1747
823 653
219 506
196 1693
765 639
38 127
773 614
121 239
414 1276
205 1678
675 1033
276 1190
819 701
473 1561
1056 403
420 1250
492 1573
545 1600
119 107
963 971
943 906
78 86
1123 181
588 1129
68 75
396 1312
934 647
315 1426
124 216
125 217
387 1295
419 1265
447 1234
116 179
616 1148
655 537
444 1337
901 755
784 706
729 916
164 276
502 1587
458 1597
753 926
242 1658
1108 230
894 777
119 1738
1043 391
640 496
534 1496
227 512
732 937
734 630
186 481
387 1311
659 539
423 1289
1103 260
816 668
1020 334
833 725
143 190
151 1728
272 1184
633 1648
812 682
493 1576
580 1129
1035 470
359 1208
415 1247
980 352
933 646
453 1188
121 1736
888 797
677 1035
343 1371
642 524
645 965
479 1592
254 1095
289 1630
53 116
1073 404
831 713
1088 230
604 1165
430 1249
1125 109
28 32
327 1379
152 1725
595 1134
10 6
745 928
646 561
396 1296
69 66
895 788
242 1097
850 843
581 1130
537 1495
185 480
458 1464
828 887
768 597
718 998
1097 258
130 237
763 912
727 607
71 84
890 765
775 612
809 695
506 1565
478 1591
657 535
611 1147
440 1273
556 1454
1124 228
1134 133
1093 107
932 815
175 303
759 638
903 783
245 1112
952 952
558 1452
891 754
552 1447
764 913
14 26
1050 402
919 725
150 268
58 99
26 10
179 323
623 1172
665 979
968 1695
863 872
22 16
642 551
1054 358
792 825
843 858
1077 311
893 782
782 823
658 538
984 364
985 453
1047 399
1072 332
35 108
914 807
31 36
988 368
941 904
844 735
1116 253
338 1354
939 898
420 1284
953 953
1083 1720
243 1106
1044 347
518 1528
435 1256
42 141
750 923
153 277
244 1101
730 642
1136 1740
344 1397
1005 466
946 944
828 815
1012 413
267 1615
259 1102
34 107
189 299
1125 120
459 1555
192 1697
672 1022
980 348
1075 1710
462 1550
1093 181
1030 431
713 983
643 525
1039 312
459 1598
775 614
836 733
136 203
738 580
304 1419
647 959
904 760
590 1139
678 1006
374 1243
1016 417
194 520
1020 323
108 153
721 1059
817 699
442 1333
18 10
326 1349
223 506
820 702
895 806
980 424
572 1176
136 199
1034 323
1029 420
374 1239
1126 128
478 1585
725 946
603 1164
722 1066
181 305
797 668
749 593
54 53
104 169
60 114
460 1470
1137 1741
937 900
187 482
68 69
895 721
892 771
57 64
99 162
983 349
898 791
126 234
573 1613
271 1607
467 1471
1025 422
351 1208
421 1279
811 671
270 1178
184 479
56 95
141 188
1046 331
230 491
458 1468
836 851
498 1571
268 1636
33 46
119 1732
138 203
967 474
154 1723
480 1575
897 790
518 1524
50 147
512 1488
139 212
714 990
383 1331
234 515
859 844
81 63
688 1044
175 1716
388 1306
92 1735
469 1557
329 1198
1096 241
374 1335
643 1064
325 1391
1090 232
627 1642
732 582
215 490
495 1578
324 1394
653 524
628 1643
273 1439
337 1353
381 1329
121 185
345 1372
980 428
998 379
790 660
739 589
148 225
515 1499
492 1575
892 716
889 804
38 139
961 552
9 39
514 1492
524 1516
269 1611
1057 355
964 1067
1032 433
634 1663
920 809
244 1093
33 44
195 1692
124 272
341 1359
513 1539
885 742
522 1514
109 170
415 1277
894 718
400 1317
631 1646
194 1669
35 144
334 1197
665 1063
298 1405
897 780
588 1145
56 113
407 1298
57 52
6 36
77 75
239 1073
453 1442
785 663
518 1514
360 1218
39 128
1051 392
787 820
327 1350
541 1535
621 1168
274 1342
607 1166
980 346
782 889
875 881
55 50
5 35
184 1703
1002 410
1139 1745
307 1412
916 745
65 94
209 1694
505 1564
981 445
325 1357
714 992
527 1497
982 346
800 673
4 4
336 1366
427 1269
473 1483
331 1395
1029 430
697 1046
501 1582
507 1594
1130 125
61 100
349 1227
47 138
471 1559
319 1436
664 975
397 1303
326 1392
553 1444
235 518
197 478
779 900
949 947
668 975
411 1332
332 1396
354 1211
288 1629
874 878
694 1032
252 1091
788 817
458 1478
420 1278
91 57
981 353
730 574
40 137
908 766
184 477
1046 398
66 91
544 1542
175 307
387 1325
456 1482
980 444
516 1518
448 1339
567 1609
15 31
58 49
572 1180
290 1631
325 1381
115 176
626 1641
781 816
826 710
696 1045
276 1379
783 890
644 958
982 440
800 683
583 1120
271 1637
161 281
979 437
612 1148
166 302
343 1205
644 956
940 901
532 1508
515 1497
690 1034
382 1330
323 1227
281 1622
253 1094
648 968
386 1324
420 1288
177 313
620 1132
371 1234
1093 1732
675 1011
834 837
702 1018
973 323
977 463
426 1266
862 865
672 1016
23 17
1036 1708
123 271
310 1423
579 1621
382 1326
1030 421
679 1007
993 437
68 65
930 813
962 970
733 629
1045 330
21 15
1126 124
399 1312
233 514
625 1640
224 507
9 1744
69 70
745 623
1124 230
266 1119
552 1443
935 892
701 1017
888 747
1120 265
566 1608
831 830
535 1533
469 1549
739 633
979 465
589 1158
365 1225
1089 231
854 839
523 1529
457 1463
656 534
522 1526
682 1013
336 1362
484 1571
672 1054
413 1281
732 632
177 289
645 554
957 969
456 1191
426 1262
410 1321
231 492
989 356
500 1579
147 182
478 1581
257 1661
837 734
580 1622
1062 374
9 35
138 211
835 854
1043 338
354 1197
783 830
577 1124
660 540
735 583
835 838
380 1282
649 498
890 720
482 1573
426 1248
836 855
671 1021
325 1385
732 931
801 688
1100 241
122 1739
470 1558
270 1634
928 716
732 580
919 742
561 1603
833 738
872 859
579 1122
140 187
574 1616
576 1174
560 1458
647 566
364 1220
301 1420
610 1150
767 596
97 174
121 183
784 831
268 1634
84 88
917 808
907 793
401 1318
476 1546
308 1417
791 661
995 370
781 646
1143 2
112 153
770 602
172 318
207 1682
258 1662
868 875
728 564
715 993
860 877
195 1674
419 1287
751 924
420 1248
195 476
1138 1742
1024 421
326 1202
216 501
632 1647
950 950
480 1593
748 592
12 30
243 1659
825 709
46 135
212 517
802 689
515 1493
123 211
784 891
800 677
779 894
630 1645
240 1652
67 92
194 486
142 189
618 1167
366 1228
435 1252
178 1707
55 90
871 866
583 1124
655 529
873 867
865 870
970 1705
70 83
842 857
731 587
851 832
325 1365
524 1530
140 195
731 585
1015 416
1105 262
808 686
150 228
529 1503
1044 329
472 1560
249 1088
993 439
430 1259
726 600
101 166
782 829
1056 354
194 1069
302 1421
804 687
1066 376
1111 244
267 1619
896 789
979 439
669 979
1031 432
912 795
891 762
41 140
757 612
1117 254
434 1251
929 812
162 282
312 1405
114 175
1058 356
328 1390
99 164
831 880
547 1461
965 1670
275 1435
251 1088
1044 369
1071 329
318 1433
351 1192
86 62
732 620
617 1151
1037 1709
689 1033
422 1251
867 874
1127 231
406 1297
647 967
438 1263
602 1163
624 1639
1100 230
831 862
180 1697
1126 110
755 594
698 1049
1023 424
13 25
592 1141
89 103
525 1519
178 294
204 1677
642 553
106 158
300 1409
1135 1733
136 205
1130 129
363 1219
225 510
262 1117
821 703
379 1275
145 200
644 1065
695 1014
212 1666
549 1602
691 1041
82 74
1022 409
552 1457
728 912
159 277
743 621
119 1736
983 363
83 75
470 1550
182 298
801 674
199 1688
960 551
322 1230
785 824
361 1215
785 707
732 614
183 1700
245 1114
459 1479
124 220
55 112
712 996
806 694
1133 132
986 430
588 1153
249 1090
676 1012
93 178
745 627
677 1005
180 304
794 655
994 440
479 1586
734 580
88 102
805 679
987 367
94 108
314 1425
985 365
74 71
499 1572
801 684
789 818
418 1272
997 455
590 1159
113 154
71 80
334 1191
646 966
9 9
256 1085
863 870
449 1340
1060 358
801 678
564 1184
295 1428
703 1056
773 612
125 221
246 1660
1119 264
974 468
956 557
747 615
959 546
1060 348
291 1638
877 861
974 335
97 157
220 507
808 682
157 1722
131 223
337 1369
434 1255
547 1473
133 241
1070 328
557 1449
1113 252
463 1551
338 1370
879 831
894 779
638 1069
938 895
615 1147
213 1080
275 1189
178 290
346 1373
840 851
911 752
672 1052
1049 401
707 1057
330 1386
43 142
457 1475
419 1283
814 698
351 1210
597 1142
584 1127
1080 1717
504 1546
661 543
332 1204
694 1038
459 1469
514 1540
559 1455
996 371
890 805
801 692
454 1447
358 1191
976 458
54 107
642 1063
196 477
347 1374
63 117
741 938
181 1702
175 1712
102 167
755 634
324 1384
830 647
367 1231
775 644
62 55
747 918
439 1270
2 1749
111 150
379 1293
629 1644
557 1451
343 1363
152 1723
620 1128
32 57
813 683
53 44
676 1034
884 720
152 276
286 1625
144 197
396 1302
388 1302
641 542
264 1115
11 29
1063 375
139 206
739 617
443 1336
769 943
909 794
927 715
392 1304
905 763
238 1072
35 44
499 1568
1118 255
352 1224
1041 378
54 59
123 231
902 758
857 740
380 1246
674 1038
636 1667
215 1076
123 183
465 1553
1079 1714
1040 321
128 230
525 1531
160 280
1014 415
926 714
104 153
1061 367
984 452
402 1319
733 625
517 1513
317 1430
375 1240
885 725
96 153
737 585
782 821
343 1355
551 1440
749 922
381 1283
949 949
622 1171
948 605
1000 456
760 940
356 1199
393 1309
1106 263
569 1181
665 981
218 1072
523 1515
211 1669
731 643
855 840
833 836
945 908
754 939
609 1153
600 1154
706 1023
57 44
982 450
353 1196
591 1140
1028 409
578 1620
944 907
1018 469
203 1680
226 511
87 101
1082 1719
1069 331
397 1297
471 1551
850 831
732 624
981 425
206 1681
647 606
325 1198
336 1349
137 210
921 810
464 1552
351 1375
849 727
642 976
436 1257
784 821
1045 387
1132 131
122 270
122 236
878 830
758 637
871 864
324 1380
139 194
782 650
733 575
646 605
1047 389
181 1700
670 1026
565 1605
672 1048
197 1686
37 126
1131 130
543 1487
54 49
640 494
208 1689
27 19
601 1155
391 1307
866 873
999 380
881 885
839 850
132 224
408 1299
464 1480
351 1223
818 700
198 1687
441 1290
12 24
307 1416
887 746
1110 243
392 1308
841 856
731 936
155 1726
681 1042
578 1121
221 1078
787 657
283 1628
643 497
531 1507
589 1130
742 618
922 811
1108 257
520 1518
798 697
309 1422
739 615
642 547
306 1411
244 1107
740 590
105 157
17 5
261 1112
1121 266
91 43
490 1567
297 1402
181 297
45 124
700 1029
400 1315
969 1704
880 882
978 464
1111 248
848 726
802 693
540 1534
