1400
1223 430
638 326
709 940
238 1438
637 331
216 1500
927 530
330 1725
666 269
991 714
1202 495
754 952
574 501
840 991
842 965
959 627
85 140
1210 418
590 359
650 319
1121 679
204 1510
914 889
453 1711
1223 453
202 1500
184 1308
429 1716
5 5
1146 595
57 1820
887 1136
464 1710
1110 684
957 631
21 1874
908 503
391 1608
1157 579
1035 818
89 108
448 1704
46 189
1007 725
763 1018
907 502
1132 523
762 952
1106 688
9 37
1203 418
53 1859
958 622
1241 428
1204 485
1310 33
50 207
976 649
1069 784
187 1311
1220 474
84 173
1057 768
627 306
662 305
792 1021
186 1341
189 1372
168 1224
427 1601
1117 689
12 1908
189 1544
57 1851
94 115
1019 834
179 1288
1109 679
625 254
1081 751
53 218
29 1890
539 1220
128 46
1240 427
1031 814
1222 429
572 348
686 280
1147 564
919 521
190 1363
326 1691
178 1261
1014 851
241 1441
636 315
1111 697
950 618
406 1617
630 309
663 302
189 1514
484 1596
390 1607
11 1874
104 97
202 1490
1019 840
959 635
654 315
675 287
717 922
1138 554
1011 742
977 662
680 288
556 1194
1138 523
245 1443
543 235
709 934
129 49
186 1587
717 1109
603 377
1063 786
1278 237
598 380
193 1437
792 1033
298 1400
431 1753
183 1558
893 1128
909 504
50 193
844 975
49 200
14 1912
833 996
84 83
70 1844
733 1152
181 1305
400 1616
762 1005
1239 426
186 1593
862 956
1024 804
306 1395
187 1342
669 286
428 1695
808 1037
185 1354
1213 479
1111 695
572 350
708 1146
585 395
1060 759
180 1234
1029 803
823 1005
1030 825
248 1446
1058 753
841 964
42 1874
841 957
634 338
188 1343
53 1842
59 224
132 70
805 1046
642 328
130 52
1230 460
269 1485
1266 911
1166 561
275 1428
333 1728
298 1402
884 1139
391 1647
184 1797
27 1881
929 546
1050 802
709 1121
876 944
433 1757
569 416
1095 726
637 325
180 1283
189 1427
841 986
328 1705
607 385
179 1262
203 1493
315 1526
1278 1203
604 374
461 1707
81 136
61 226
185 1592
186 1581
211 1234
1184 503
597 383
212 1240
989 681
854 958
191 1429
335 1737
960 636
1018 833
388 1605
340 1627
1096 729
495 1310
187 1538
555 1185
459 1717
518 1298
823 952
47 190
171 1227
570 495
589 358
221 1234
324 1600
566 247
779 1072
547 1210
100 149
1318 15
420 1608
799 1028
389 1606
279 1412
327 1696
206 1326
731 1168
13 39
392 1616
962 636
81 40
103 108
203 1491
1220 427
777 1022
179 1258
465 1707
1146 560
956 620
1190 503
825 999
772 1081
188 1571
429 1751
1081 747
369 1663
585 372
710 1118
1010 865
497 1310
186 1349
641 325
7 9
194 1438
526 1288
732 1161
52 211
1121 681
556 1188
49 192
569 250
399 1615
188 1575
978 655
956 672
958 632
1134 607
148 62
533 1226
1025 807
579 354
131 69
286 1380
708 939
216 1250
305 1392
428 1750
963 637
1279 1204
1302 207
1096 733
83 42
1146 579
74 1840
53 212
86 149
1203 496
1113 695
666 265
69 1839
1189 502
1116 688
989 679
793 1022
460 1706
1221 469
60 225
56 1817
4 2
86 89
750 1101
668 277
1145 588
186 1561
519 1299
9 29
1241 434
340 1733
184 1353
774 1019
1145 559
246 1444
341 1628
1204 487
1061 774
799 1022
564 241
33 1881
430 1705
1210 484
10 34
1091 724
630 313
1021 811
806 1053
514 1298
663 264
1012 743
717 1111
569 414
752 950
910 505
776 1063
1132 605
1176 505
791 1020
362 1656
186 1585
51 1840
676 290
1157 571
184 1559
1059 790
807 1036
533 1232
483 1595
240 1440
566 911
326 1695
334 1736
419 1607
584 398
891 1132
9 33
779 1066
451 1733
976 653
205 1503
52 1850
1033 816
750 1103
1205 488
860 960
669 280
10 1873
179 1280
971 645
434 1758
1002 867
729 1148
364 1660
53 1851
976 661
577 350
603 373
188 1359
841 992
959 623
1058 769
216 1330
915 521
104 153
11 1878
546 1204
1017 801
87 106
51 210
24 1886
1243 444
735 1154
1073 754
156 48
104 101
522 1298
649 318
571 252
322 1598
971 631
106 155
180 1263
605 389
127 89
306 1393
824 1006
922 530
330 1685
777 1064
186 1314
671 282
555 1191
50 1864
13 1909
330 1707
54 213
375 1667
103 110
185 1309
138 52
101 90
204 1520
994 709
191 1530
12 1875
459 1705
1219 426
1315 28
958 626
126 44
1014 745
332 1727
921 523
583 368
710 931
730 1149
326 1602
82 41
1139 555
670 281
82 177
784 1065
296 1393
170 1261
181 1264
299 1403
452 1706
582 357
567 248
1240 441
370 1674
285 1373
764 1083
188 1426
1042 804
1001 688
780 1067
732 1151
230 1580
1016 847
765 1084
498 1317
714 925
1117 691
929 542
909 892
544 236
665 264
470 1704
192 1430
129 51
323 1599
1280 1205
315 1370
173 1292
84 43
1212 420
1149 566
677 291
211 1329
762 1017
130 66
764 1081
567 915
844 969
52 217
247 1455
1211 419
47 1869
1060 771
1015 846
1043 826
194 1479
1097 734
390 1640
1146 571
577 348
288 1382
833 955
564 245
188 1489
987 672
279 1414
575 502
319 1779
427 1694
195 1459
499 1318
1204 497
186 1791
731 1160
187 1788
1016 855
140 54
190 1501
406 1621
565 242
1001 701
139 53
894 1125
448 1730
1013 744
21 1878
1092 739
920 522
183 1307
825 954
891 1122
1229 459
101 150
710 941
1049 801
843 966
188 1779
338 1635
729 1146
127 45
731 1166
305 1372
105 98
913 504
711 922
215 1329
407 1622
1247 428
22 1879
794 1023
1017 838
448 1721
402 1624
1109 683
1034 817
13 1880
1242 443
8 32
183 1266
14 1881
711 924
648 315
185 1560
775 1062
1203 484
793 1030
648 317
128 48
976 647
1061 772
187 1346
1133 606
209 1329
286 1374
824 953
1010 867
86 129
189 1566
749 1100
321 1783
1144 556
125 43
273 1426
767 1086
343 1628
185 1326
585 360
990 723
676 288
197 1461
1188 501
1316 13
83 178
196 1460
188 1357
105 162
556 1186
325 1694
580 355
628 307
834 985
546 238
217 1251
189 1542
950 614
957 645
1224 458
532 1231
1003 725
328 1604
495 1324
1058 757
1279 238
48 191
51 194
430 1752
776 1021
951 619
274 1392
718 1114
992 715
834 956
185 1550
185 1584
202 1514
50 1839
319 1781
1143 555
1059 770
188 1565
845 972
545 1203
919 506
921 880
1055 746
113 92
401 1621
826 955
211 1239
1082 748
892 1123
1205 490
11 1907
517 1297
1241 442
1159 573
560 1191
335 1611
374 1666
695 259
606 384
191 1342
190 1428
214 1328
989 687
180 1289
949 613
85 84
494 1309
1154 588
777 1076
883 1122
46 185
1018 802
583 364
629 308
51 202
56 221
824 1008
58 1823
836 958
329 1706
774 1081
705 916
53 1855
24 1888
860 956
893 1124
743 1165
334 1610
1319 16
185 1268
547 1212
751 945
1144 587
977 654
274 1431
920 507
568 249
778 1065
1243 446
368 1662
169 1231
85 128
990 701
793 1028
396 1640
329 1605
330 1606
991 702
1010 724
1012 861
189 1266
937 536
187 1594
193 1435
451 1731
50 201
824 1002
209 1335
1228 458
190 1310
1106 701
90 115
281 1416
217 1503
1015 852
363 1657
1003 729
647 314
242 1442
731 1150
141 57
197 1465
221 1239
883 1134
125 137
206 1309
11 39
631 314
100 141
263 1435
1224 435
583 358
239 1439
793 1052
91 116
755 953
840 956
695 255
555 1193
1225 436
708 919
187 1564
191 1502
306 1379
226 1242
23 1895
1310 37
389 1639
1139 600
70 1840
336 1612
710 1108
605 379
204 1508
772 1083
806 1035
36 1880
667 266
339 1626
396 1646
184 1267
846 977
45 188
667 276
454 1712
884 1135
329 1747
775 1020
275 1387
320 1596
14 1914
391 1629
931 542
186 1537
954 614
554 240
337 1624
542 234
1143 600
807 1054
806 1047
80 39
967 633
546 1209
517 1289
182 1306
211 1249
274 1427
832 954
766 1089
203 1501
1188 499
1320 17
189 1572
407 1624
391 1615
625 262
204 1516
668 279
289 1400
13 1911
843 968
170 1226
1094 725
971 621
24 1900
186 1355
571 347
493 1308
922 881
190 1529
188 1595
1059 786
173 1290
921 529
1243 430
432 1711
793 1034
59 1824
584 371
707 1145
189 1500
853 964
596 388
1110 694
718 1112
187 1526
187 1315
928 541
331 1607
296 1398
147 61
58 1852
1012 726
532 1225
604 378
327 1603
433 1755
189 1498
180 1281
210 1233
842 958
102 91
326 1699
460 1710
955 671
712 927
275 1398
189 1366
807 1048
1016 853
765 1022
97 108
944 523
538 234
547 239
183 1796
3 1
246 1454
1147 572
181 1298
1020 804
1192 515
451 1705
36 1895
71 1845
1101 726
987 677
52 1858
547 1199
330 1655
330 1695
747 1108
287 1381
1316 11
482 1594
187 1370
711 1111
338 1625
886 1135
128 90
195 1439
548 240
1219 473
1145 557
223 1241
793 1046
1217 421
391 1641
103 96
337 1613
51 1849
1004 869
875 943
840 985
188 1527
212 1254
82 137
500 1319
178 1232
181 1290
58 1821
103 92
209 1331
490 1593
685 279
186 1310
307 1374
188 1585
1060 777
641 331
972 652
747 941
315 1356
402 1622
1096 727
85 88
1222 452
1190 511
1325 14
1 1
710 921
27 1886
596 378
937 532
1315 10
189 1490
391 1649
578 406
1191 514
800 1023
724 921
720 1112
1072 753
171 1288
105 154
402 1618
750 948
367 1661
326 1703
730 1165
188 1541
52 1841
1057 752
1094 739
365 1661
1202 417
1218 425
667 270
447 1703
125 87
248 1458
570 417
626 263
882 940
1019 803
192 1434
1224 431
579 352
37 1881
694 254
1265 246
278 1411
992 703
841 988
582 367
167 232
185 1580
126 88
427 1702
182 1265
299 1405
224 1242
483 1599
144 56
373 1663
60 1825
527 1805
1292 221
186 1563
1311 34
972 646
992 707
332 1608
57 222
102 151
275 1393
333 1732
429 1704
635 335
51 204
23 1903
55 220
204 1502
450 1730
1109 681
230 1560
573 498
1131 522
451 1722
89 114
140 56
711 1109
102 145
1125 672
341 1630
450 1704
49 1838
1316 29
986 671
1133 524
568 1175
753 1016
753 951
938 533
189 1360
993 704
297 1399
170 1232
1078 752
629 312
563 1184
1020 810
216 1254
563 240
58 223
243 1443
765 1020
986 619
1315 32
751 949
936 531
1016 798
60 229
570 251
168 233
1056 783
329 1654
597 379
399 1608
103 152
276 1388
957 621
1251 427
1270 241
369 1673
306 1373
1018 853
805 1052
1165 560
764 1019
993 716
766 1085
709 920
977 658
1145 590
147 53
805 1034
184 1591
139 61
526 1804
183 1272
87 90
734 1153
1004 730
1011 725
23 1899
1058 785
960 640
743 1149
498 1311
1057 748
1060 761
938 537
203 1519
882 1121
1223 457
102 107
1095 732
1302 201
133 71
12 1879
772 1019
376 1668
1001 723
568 916
28 1889
1018 839
273 1371
418 1602
1224 454
1158 572
8 28
662 263
863 957
696 256
182 1557
57 1814
1177 506
1317 24
334 1733
6 6
1003 868
853 957
752 1015
575 898
537 233
178 1287
928 531
308 1393
276 1374
275 1373
27 1888
566 914
125 83
247 1445
1030 804
1242 429
24 1881
86 125
167 224
1326 15
565 246
571 496
106 157
131 67
450 1721
85 170
437 1755
133 73
1057 794
249 1449
572 497
390 1646
920 612
581 356
1293 224
8 10
216 1498
325 1702
1213 421
90 119
21 1907
75 1841
365 1679
104 161
595 373
181 1235
801 1024
183 1554
1271 242
243 1467
932 543
10 38
795 1024
634 313
1144 601
1 1929
806 1057
10 188
594 372
269 1428
423 1603
606 380
45 38
1225 432
169 1225
915 506
1317 14
156 46
670 295
1221 428
1056 751
1056 747
1002 865
565 910
542 1219
642 326
83 138
972 622
1064 787
179 1804
104 93
5 3
945 526
708 1148
1016 747
51 208
327 1704
180 1297
7 7
196 1470
274 1372
84 87
11 41
988 678
727 920
955 619
1147 561
624 253
845 976
333 1609
1132 554
101 106
189 1528
827 956
1031 805
248 1448
584 359
204 1494
187 1540
188 1781
144 54
595 377
59 232
277 1400
1178 507
809 1038
198 1462
834 991
185 1340
331 1726
276 1399
1293 222
432 1754
179 1233
545 237
568 413
553 239
23 1880
88 107
112 153
668 271
707 918
1157 560
826 959
845 970
221 1249
1191 512
190 1485
277 1410
54 219
1146 591
1042 825
388 1654
583 370
1140 556
1057 784
1059 764
419 1603
224 1244
431 1706
921 613
451 1717
574 499
993 708
172 1289
140 62
319 1595
748 942
361 1655
761 1016
187 1356
668 273
48 199
883 1132
216 1490
761 951
86 141
1109 687
954 618
825 1009
975 646
212 1250
464 1706
46 39
972 666
1214 422
401 1617
208 1334
182 1275
328 1767
1002 724
325 1601
1319 20
843 986
6 1924
787 1064
1147 592
626 305
1092 725
84 179
307 1376
217 1501
989 683
914 505
975 652
749 943
862 960
84 139
57 1818
835 957
203 1515
321 1597
280 1415
1017 799
1110 688
170 1287
794 1053
428 1703
207 1327
1049 799
153 49
806 1043
972 632
1015 746
1147 580
202 1498
794 1047
635 314
1011 868
859 955
101 144
945 524
1148 565
538 1219
760 950
1138 605
623 252
320 1782
1224 464
203 1507
670 287
453 1707
374 1664
760 1015
208 1328
710 935
1032 815
578 351
1019 830
778 1071
518 1302
1059 758
1218 422
706 917
908 895
990 688
1265 910
248 1456
316 1527
750 944
560 1185
187 1570
101 142
630 338
190 1361
1147 582
431 1710
188 1371
554 1184
364 1658
685 277
951 615
916 522
1160 574
1025 805
993 718
922 550
712 925
22 1898
250 1456
923 882
336 1738
959 633
636 324
956 674
569 1176
222 1240
1026 808
58 1819
861 961
773 1020
995 710
888 1137
1059 750
152 78
509 1553
192 1531
1206 489
150 64
1264 909
909 896
814 1059
145 55
711 932
1120 700
294 1422
780 1073
601 387
1118 690
810 1039
182 1236
1151 584
415 1688
210 1278
434 1713
691 301
1335 1928
1322 19
88 131
872 1097
1215 423
593 366
358 1644
1076 796
1222 470
781 1074
17 1884
519 1303
1050 800
1102 727
779 1024
671 288
479 1778
189 1596
770 1091
964 630
288 1421
901 1144
1006 871
92 117
190 1589
158 80
54 1843
148 54
1311 38
230 1248
1168 563
535 1234
943 552
570 415
1162 598
190 1567
1249 450
169 234
1114 696
186 1551
1186 897
392 1642
173 1229
290 1384
1036 819
759 957
1090 864
375 1665
732 1169
668 267
289 1383
740 1159
735 1170
106 95
59 1822
54 1852
468 1714
191 1364
835 992
973 667
669 274
292 1386
218 1502
1179 508
1172 604
85 44
850 981
195 1274
56 215
704 412
1289 1812
11 189
980 657
579 407
865 959
66 1862
696 260
249 1459
540 1221
1020 835
964 638
194 1547
1080 782
795 1054
141 63
472 1749
262 1481
1198 901
1126 673
871 1014
452 1718
1284 1216
990 680
1226 456
669 268
12 36
198 1466
698 258
874 1099
189 1344
277 1430
709 1149
556 1192
492 1552
324 1786
291 1385
974 624
189 1313
948 553
1054 845
830 1012
957 675
317 1528
1162 576
276 1394
202 1548
672 283
1100 731
504 1323
342 1631
491 1594
366 1680
32 1893
187 1792
43 1875
162 133
1009 733
718 1110
180 1805
570 1177
26 1902
812 1041
1256 481
778 1023
804 1027
344 1629
1013 862
1314 1921
302 1408
395 1772
977 648
171 1262
978 663
453 1724
1244 445
548 1200
1234 466
370 1664
716 929
1208 492
961 637
249 1447
76 1842
63 1828
576 899
819 1093
1299 1834
573 349
763 1006
85 174
1226 437
782 1069
429 1696
310 1397
365 1659
515 1299
503 1322
52 209
91 120
487 1603
35 1894
942 549
864 958
1020 831
199 1463
252 1460
151 65
1253 451
1280 239
697 257
573 351
769 1024
400 1609
808 1049
113 154
1225 459
525 1803
845 990
807 1044
846 973
471 1705
1099 736
221 1339
1206 491
51 1865
781 1068
658 340
12 40
815 1045
1070 785
608 386
571 1178
191 1568
334 1729
249 1457
796 1055
639 327
1060 787
392 1648
486 1598
425 1611
561 1186
1023 813
687 281
123 175
15 1913
789 1078
293 1391
966 642
413 1638
958 646
445 1765
816 1060
55 214
394 1618
195 1348
474 1773
54 1860
88 91
797 1026
524 1304
95 116
1274 1183
165 184
22 1908
723 1117
60 1854
527 1289
612 393
1180 509
653 322
1303 202
189 1576
392 1650
672 275
1321 18
1182 891
585 399
231 1561
1122 682
1046 829
282 1433
1285 1217
389 1655
1306 1868
715 926
186 1327
1061 778
141 55
278 1390
985 670
250 1450
1248 429
606 390
355 1641
191 1311
204 1469
284 1419
808 1055
253 1461
610 388
351 1745
435 1759
903 1174
1122 680
159 81
34 1882
187 1588
213 1333
1058 749
502 1321
213 1251
1130 886
37 1896
190 1499
508 1794
584 365
898 1131
104 109
1061 760
520 1300
534 1227
1149 594
1017 848
557 1195
307 1380
795 1048
627 264
1112 686
673 284
1135 608
1268 913
1147 596
733 1162
910 893
802 1025
126 84
683 297
207 1505
272 1488
1193 516
916 507
831 962
300 1406
880 1107
48 1870
87 126
1197 520
1002 702
1021 836
827 1011
867 998
96 121
57 216
633 316
1005 870
256 1466
15 1915
773 1082
1028 815
1323 22
511 1556
386 1684
184 1273
107 156
196 1535
1013 870
979 664
973 653
47 40
428 1602
20 1918
1074 755
112 103
134 74
1318 25
384 1682
79 1866
1060 765
1018 849
191 1374
1019 854
778 1077
217 1331
215 1472
328 1697
798 1027
1247 448
393 1770
842 987
1288 1811
505 1333
146 60
366 1662
19 1917
107 158
1141 557
194 1533
656 323
501 1320
1226 433
856 960
1052 804
233 1257
39 1883
868 1001
411 1628
506 1334
756 954
826 1000
107 112
1021 842
137 77
481 1787
584 369
1304 1837
732 1167
725 922
952 616
839 961
346 1742
421 1609
184 1238
768 1087
228 1246
6 4
320 1780
327 1700
235 1524
211 1279
488 1549
1164 578
1244 431
991 724
566 243
338 1614
926 885
475 1774
347 1634
206 1578
211 1523
496 1311
1324 23
934 545
268 1484
439 1714
308 1377
983 668
157 47
86 171
318 1529
1044 827
161 183
267 1483
193 1532
742 1164
218 1332
189 1782
188 1316
905 1180
529 1807
410 1627
15 1882
1031 826
126 138
182 1291
73 1847
1209 493
844 960
828 957
62 227
754 1017
598 384
843 959
212 1235
489 1790
1155 589
193 1504
211 1497
1012 869
1123 875
1097 730
861 957
994 717
785 1066
602 391
1111 685
1142 558
190 1373
718 923
196 1577
637 316
11 31
215 1513
409 1626
166 187
1287 1223
452 1732
105 102
1222 476
257 1474
810 1051
254 1452
567 244
844 967
55 198
692 304
184 1285
114 93
682 294
723 930
417 1690
379 1671
548 1211
771 1092
1000 722
1298 1833
915 890
104 111
1149 574
987 620
559 1190
71 1841
970 644
643 327
307 1394
186 1269
103 146
168 225
1250 440
206 1496
902 1173
136 76
952 620
331 1708
1011 866
1021 805
360 1746
960 676
385 1683
108 113
480 1536
1246 433
86 85
476 1775
1051 803
193 1546
449 1705
997 712
783 1070
131 93
739 1158
512 1800
258 1475
953 617
588 363
251 1451
1255 478
213 1241
1098 735
1195 518
430 1717
465 1711
403 1625
669 272
7 1925
190 1345
463 1709
442 1762
405 1626
111 160
194 1436
1269 1182
1175 888
203 1499
980 651
499 1312
1192 513
132 94
461 1711
116 166
122 127
194 1318
693 344
1150 567
172 1228
1139 606
1027 809
378 1670
1040 823
940 539
1233 463
1330 27
118 104
339 1636
181 1284
1328 17
930 547
737 1156
811 1040
753 947
323 1785
477 1776
741 938
555 241
961 629
232 1473
1173 611
217 1499
261 1478
1075 756
455 1713
341 1734
817 1061
58 1815
646 334
118 168
649 316
961 641
626 255
1236 468
796 1025
452 1723
60 233
264 1436
331 1656
229 1579
192 1343
794 1031
1316 33
726 933
1204 419
827 960
1205 498
541 1222
219 1253
457 1715
826 1010
466 1708
455 1735
1294 223
52 195
143 59
748 1109
1104 741
211 1337
719 1113
422 1610
1002 689
278 1376
335 1734
550 242
889 1138
345 1632
1093 740
1103 738
912 507
978 659
635 339
251 1457
187 1270
196 1440
1211 485
1005 731
1107 689
939 534
191 1362
773 1084
381 1677
104 147
337 1739
1112 698
1111 689
730 1147
847 978
965 639
1083 749
1207 500
280 1413
47 186
309 1394
190 1515
786 1075
145 57
765 1082
710 1122
736 1155
348 1637
68 1863
329 1768
652 321
131 53
578 349
1257 482
757 955
1020 841
350 1744
1072 779
994 719
295 1423
712 1110
1071 766
663 306
1201 904
359 1645
973 633
1043 805
885 1140
86 181
22 1875
576 503
99 122
287 1420
897 1130
192 1503
195 1534
703 411
362 1766
878 946
456 1714
655 316
846 971
564 1185
767 1090
176 1295
825 1007
322 1784
100 123
1334 1927
56 1845
1115 699
134 72
988 673
392 1609
1139 524
1146 589
53 196
1297 1832
441 1761
67 1830
234 1260
194 1505
996 711
227 1243
244 1444
679 293
838 960
1118 692
1290 1813
1136 609
40 1897
55 1861
744 1166
1185 504
794 1035
11 35
642 332
1077 767
921 508
1318 31
1317 12
121 172
2 2
854 965
444 1764
61 1826
28 1887
614 397
485 1597
357 1643
1018 800
55 1844
681 289
327 1692
222 1235
191 1486
622 409
290 1401
674 285
1260 905
1309 1920
1058 795
55 206
745 1171
1333 1926
331 1696
754 1105
1095 740
960 634
547 1205
430 1697
548 1213
620 405
338 1740
1017 854
1258 483
469 1720
187 1350
1296 1831
834 997
990 684
1119 693
231 1581
1303 208
516 1802
467 1709
530 1808
1205 486
1230 439
1194 517
1199 902
16 1883
994 705
1276 1201
312 1385
115 165
24 1896
923 551
352 1638
702 410
1062 773
354 1640
98 109
689 299
661 343
28 1882
54 1856
205 1511
1074 781
895 1126
436 1760
1065 776
372 1676
403 1619
449 1731
870 1013
195 1480
596 374
1331 1922
62 1827
106 99
190 1543
44 1919
552 1215
591 360
899 1142
192 1569
669 278
188 1583
699 261
201 1368
521 1301
462 1708
631 310
9 11
1059 754
124 132
947 528
129 91
313 1425
449 1722
851 982
818 1080
940 535
181 1282
1313 36
1281 1206
1021 858
712 923
458 1716
105 94
187 1586
270 1429
1158 580
990 682
31 1892
690 300
1008 726
1089 863
1140 601
1206 499
93 118
1124 876
210 1330
1108 874
825 1003
160 82
1107 702
1216 424
892 1133
208 1512
671 296
531 1809
1231 440
130 50
606 376
924 883
412 1637
922 614
1171 599
392 1630
1267 912
212 1330
700 345
61 1857
1153 597
25 1882
657 337
1037 820
393 1643
1007 872
1273 244
580 353
569 917
208 1506
1332 1923
904 1179
946 525
807 1058
28 1905
1152 569
922 509
751 1104
1061 762
377 1669
342 1629
780 1025
164 135
157 49
210 1332
1068 793
222 1250
712 1112
149 63
220 1338
331 1686
124 176
65 1829
1020 857
102 143
109 148
183 1292
758 956
713 928
278 1401
1254 477
813 1042
1128 878
1053 844
613 394
1006 732
873 1098
1231 461
478 1777
356 1642
106 163
271 1487
349 1743
416 1689
206 1522
973 647
738 1157
849 980
90 109
1022 843
205 1521
276 1429
314 1525
1163 577
204 1492
1312 35
142 64
849 974
277 1375
1148 573
1041 824
426 1693
14 1877
174 1230
917 523
1066 789
1047 832
200 1464
1151 568
592 361
1065 788
925 884
616 401
918 524
1183 894
1017 748
1110 682
407 1618
287 1375
923 531
869 1004
857 984
1100 737
308 1375
711 1119
107 164
275 1432
1244 447
61 230
1148 593
443 1763
25 1889
225 1243
1148 562
960 628
877 945
632 315
78 1848
1200 903
63 228
788 1065
52 205
1225 465
906 1181
1214 480
1135 526
189 1586
38 1882
848 979
24 1904
304 1424
1262 907
1196 519
213 1255
1148 581
883 941
829 958
188 1312
432 1707
87 86
587 362
303 1409
678 292
1320 21
1232 462
185 1798
210 1336
968 634
885 1136
1073 780
154 50
403 1623
132 68
599 381
751 1102
510 1795
398 1652
763 953
229 1247
1067 792
163 134
10 30
64 231
394 1771
1110 680
1261 906
631 339
119 105
701 346
890 1141
659 341
1221 475
930 543
188 1789
835 986
206 1504
221 1505
955 615
155 79
8 8
382 1678
1039 822
946 527
523 1299
539 235
180 1259
684 298
1238 472
1156 570
660 342
1272 243
1045 828
790 1079
2 1930
686 278
999 713
1137 610
933 544
618 403
879 1106
1227 438
1245 432
535 1228
117 167
645 333
142 58
1169 585
572 253
1329 26
1064 763
922 524
334 1701
387 1687
59 1853
209 1277
711 942
1017 856
935 548
617 402
881 1120
129 47
434 1756
843 994
1127 877
1004 726
190 1267
18 1885
643 329
120 124
746 1172
353 1639
1300 1835
177 1296
265 1590
1086 850
1133 555
244 1468
713 926
1093 726
18 1916
130 92
571 418
215 1369
1085 797
842 989
408 1623
1003 866
484 1600
775 1082
998 721
339 1741
821 1095
188 1539
330 1748
496 1325
600 382
884 1133
809 1050
567 912
1252 428
1038 821
597 389
438 1756
12 42
1082 752
1014 728
346 1633
941 540
266 1482
77 1843
307 1396
558 1196
995 706
190 1573
300 1404
30 1891
301 1407
534 1233
1032 806
842 993
119 169
1281 240
557 1189
805 1032
25 1887
711 936
1062 775
424 1604
395 1651
41 1906
85 180
961 625
1263 908
473 1769
858 995
316 1357
866 963
719 1115
1282 1207
755 1018
1148 583
664 303
644 330
1026 806
852 983
722 1116
1112 696
721 1113
957 673
677 289
1181 510
969 643
187 1562
1294 225
1105 873
979 656
1084 750
420 1604
87 150
1227 434
277 1389
1187 900
820 1094
25 1901
218 1504
1286 1218
609 387
896 1127
960 624
1174 887
977 650
543 1220
1146 558
911 506
72 1846
619 404
1237 471
1167 562
796 1049
1277 1202
766 1023
900 1143
270 1486
794 1029
766 1021
638 332
513 1801
219 1333
197 1471
894 1129
800 1029
175 1294
1275 1198
1079 753
1145 602
528 1806
1048 837
837 959
189 1358
184 1555
237 1352
206 1518
575 500
1013 727
1305 1867
973 623
383 1681
611 392
586 361
408 1625
1087 859
1235 467
14 1910
135 75
329 1698
1248 449
255 1453
183 1237
393 1617
190 1491
636 336
984 669
207 1310
110 159
397 1641
884 1123
1301 1836
1295 226
174 1293
52 203
1291 1816
664 265
752 946
205 1495
1022 812
311 1378
1259 494
607 381
1170 586
433 1712
551 1214
981 660
189 1317
414 1653
404 1620
518 1290
803 1026
297 1394
87 130
822 1096
982 665
283 1418
190 1545
536 1810
190 1367
107 100
929 532
182 1299
712 937
855 959
562 1197
446 1719
282 1417
561 1192
605 375
214 1242
1283 1208
586 373
974 634
1189 500
188 1271
1060 791
1327 16
991 689
1266 247
1134 525
220 1256
371 1675
615 400
15 43
13 1876
709 1147
217 1255
728 921
191 1574
87 142
205 1351
186 1799
1191 504
205 1517
640 328
397 1647
452 1734
953 621
205 1509
299 1401
844 987
171 1233
1308 1872
863 961
316 1371
507 1793
217 1491
174 1291
1158 561
187 1582
1317 30
651 320
632 311
380 1672
460 1718
1129 879
259 1476
225 1245
621 408
734 1163
440 1715
688 282
193 1431
236 1286
189 1780
188 1347
1225 455
218 1252
183 1276
549 241
1088 860
87 182
1219 423
997 720
744 1150
194 1365
54 197
586 396
14 40
454 1708
1097 728
1161 575
769 1088
557 1187
260 1477
1307 1871
809 1056
1146 603
939 538
1242 435
