589
1012
1103
1142
64
558
1070
363
1165
873
19
254
33
746
306
1028
507
471
1197
968
93
369
420
61
1152
1136
1180
402
793
1019
160
302
1060
571
1113
488
818
309
842
202
102
781
251
434
257
916
830
1096
69
609
1138
1147
835
479
1026
980
249
435
389
225
644
756
26
1029
539
1076
991
154
932
170
770
542
426
810
686
546
751
653
909
221
977
648
67
813
1022
553
889
940
736
1200
1121
892
808
572
759
668
376
273
406
314
445
912
1151
23
370
336
264
864
812
392
581
624
51
845
40
789
1002
997
710
5
552
1050
796
1030
588
301
37
1066
891
630
923
258
355
773
944
915
839
298
127
651
173
438
563
675
439
633
308
499
348
594
492
1041
395
1011
846
396
822
1005
334
879
819
149
699
978
1119
936
847
493
177
717
350
1097
337
1035
114
12
1128
982
380
1024
89
252
275
1181
1185
732
4
456
523
702
601
267
545
153
1073
9
1055
646
807
1135
599
574
597
657
852
836
952
326
172
971
560
605
68
448
431
637
650
713
874
1017
521
595
263
518
528
182
1003
80
150
973
1133
826
1079
1134
987
876
926
1104
1085
919
1123
723
629
180
535
886
591
548
840
92
197
285
501
975
817
694
734
106
57
433
464
1031
855
1010
490
209
1043
769
533
466
424
121
720
1021
689
491
110
1132
16
721
623
1116
910
920
619
75
1172
447
73
527
94
1014
584
618
233
29
299
468
1110
1004
831
640
514
1141
871
218
143
345
116
235
358
217
638
649
1156
862
1105
378
216
740
547
680
224
671
41
1186
208
377
496
827
880
52
1077
1058
342
1100
513
1111
907
1126
704
676
66
256
86
451
925
3
1040
176
959
100
437
956
586
215
744
129
990
111
708
1182
795
661
354
340
665
476
1161
148
970
747
108
753
1101
933
27
60
261
455
82
731
237
1051
729
338
368
525
240
833
550
703
1013
1001
115
931
935
1069
877
1045
1122
954
196
1046
697
804
477
660
517
566
144
454
441
524
725
407
284
778
989
1068
786
1039
797
526
508
1148
386
1176
495
834
927
390
36
1157
503
120
201
1008
1020
21
592
199
443
401
1018
985
1187
247
88
986
667
719
191
1179
286
798
84
161
681
206
107
478
147
700
1177
1023
62
765
1191
776
155
895
777
887
707
510
124
918
658
1184
698
643
382
238
470
1061
1071
764
410
626
696
232
98
1086
995
310
187
677
8
449
145
186
462
557
162
181
487
239
344
331
1158
682
460
766
95
1038
622
452
49
799
585
119
351
305
669
44
678
1114
300
236
929
399
22
379
1093
662
988
1072
213
512
329
858
544
894
1016
1129
339
482
1196
536
555
709
1162
883
183
963
741
1087
779
900
561
924
843
993
937
486
841
853
139
1048
228
335
188
47
896
945
942
259
998
1175
409
958
291
612
294
1160
825
816
270
189
278
631
304
684
688
253
903
664
312
1183
343
645
46
724
672
290
614
210
1078
899
767
693
184
387
11
260
53
941
706
1027
418
742
295
117
296
381
541
450
655
346
905
174
349
575
679
204
461
138
782
262
844
603
647
178
800
1155
104
24
158
134
530
397
1189
953
549
1033
809
860
165
692
634
423
313
1125
1171
1149
656
419
1006
1154
965
783
1099
185
248
211
411
600
428
1063
394
520
1067
307
1112
801
429
673
1007
596
58
914
1082
714
99
171
791
465
360
1174
65
1195
271
1102
125
590
663
768
761
475
567
943
934
297
966
955
861
1139
636
436
960
964
383
103
404
207
319
901
1052
850
652
608
159
489
1053
374
362
453
726
422
412
1075
1064
505
393
1166
140
474
1124
857
620
192
169
735
922
316
1198
272
481
1056
755
828
711
1088
167
1130
593
265
457
617
794
48
303
364
754
398
902
1131
416
805
785
70
327
246
683
405
463
1169
962
613
872
616
837
77
241
774
893
908
469
81
20
444
627
763
38
500
913
1117
126
757
311
289
881
511
1000
415
888
219
867
948
583
317
282
606
1042
442
421
615
128
130
928
318
157
330
578
738
984
6
10
598
1192
718
961
790
1167
750
537
716
1194
811
244
666
1153
293
921
760
14
214
519
458
276
1074
556
332
1143
792
576
1080
690
417
231
930
146
1090
30
762
890
288
203
230
403
529
459
806
824
838
1083
361
733
775
607
981
277
200
223
72
91
628
878
1037
292
446
635
333
45
531
1127
1164
87
497
1
904
506
55
480
1144
691
168
356
967
222
1173
384
695
388
485
946
851
976
366
498
848
771
712
131
315
947
1057
1009
1137
639
50
156
432
42
226
1081
242
71
722
1089
898
59
1170
484
728
269
568
198
538
856
1190
577
494
875
983
268
814
701
604
328
730
164
1159
1199
18
321
1084
632
611
109
859
357
949
76
341
1034
118
1032
573
739
365
371
788
31
194
166
866
938
347
832
621
255
504
1092
112
870
823
151
509
863
758
1107
25
212
569
821
427
1145
43
414
994
137
1044
641
882
1146
780
39
868
1047
440
654
906
802
85
13
1168
179
83
787
950
784
372
996
1036
163
884
579
34
522
1049
352
142
35
972
324
325
1062
587
1059
1108
90
752
1091
190
367
132
1094
543
281
373
74
1140
152
1065
727
274
869
743
1150
250
1188
659
375
283
1098
220
1025
670
141
502
359
715
992
323
897
243
1193
849
865
279
266
234
320
999
570
854
515
562
559
687
385
911
1163
63
193
123
540
17
229
425
565
554
705
7
564
580
885
1115
472
195
1095
979
413
113
133
737
15
205
745
408
1118
939
322
227
829
56
287
969
105
532
917
391
467
748
483
610
582
101
122
135
2
97
1178
78
32
815
1015
28
820
1109
749
54
1106
602
96
353
1120
175
803
625
685
974
136
642
1054
957
516
400
951
430
79
473
534
245
772
674
551
280
