442
521
368
611
624
994
902
49
619
430
415
346
614
839
628
919
348
552
800
317
174
781
506
636
394
77
643
607
203
710
646
956
704
489
977
53
5
173
292
785
979
137
339
859
211
30
39
87
799
680
457
465
349
917
267
897
750
350
91
451
235
114
302
810
419
263
943
98
623
375
466
456
158
497
140
690
170
795
907
139
731
240
239
590
659
545
486
828
784
595
433
360
985
665
604
62
543
968
876
894
874
541
841
937
340
503
336
94
380
820
323
42
149
413
80
617
996
337
729
388
890
70
29
620
587
204
258
761
491
774
289
811
6
261
227
500
254
746
613
769
580
298
789
230
726
319
118
684
829
138
253
682
918
928
857
999
813
238
81
868
472
640
366
187
218
963
853
843
946
960
384
159
422
593
957
814
236
92
875
725
831
192
493
471
777
57
362
379
708
209
146
242
972
171
693
601
818
984
345
418
633
896
214
845
822
645
504
117
895
88
523
189
608
637
186
387
653
573
834
228
409
537
213
605
313
275
880
13
72
277
603
780
592
980
47
206
993
440
481
333
697
56
226
594
922
560
61
69
424
429
367
79
536
256
772
723
285
165
369
563
517
833
990
307
169
297
131
998
464
783
542
272
54
331
656
585
597
851
175
561
160
786
321
535
482
234
58
699
44
269
378
468
426
840
101
796
886
711
119
371
544
939
782
756
161
328
155
679
477
557
125
807
279
183
448
571
882
487
854
582
128
390
844
110
792
467
630
184
741
374
872
35
63
113
753
270
529
82
740
662
1
130
852
721
929
403
866
320
163
401
510
14
221
878
967
801
634
806
126
632
954
958
382
96
310
975
444
470
305
251
129
31
944
376
748
407
311
474
247
961
989
677
351
767
664
992
936
11
68
459
145
566
706
222
109
730
301
32
1000
982
639
354
281
815
156
549
142
299
550
280
180
151
246
556
688
74
73
681
978
743
219
692
217
883
501
303
51
716
719
185
888
953
879
586
666
612
266
816
794
658
669
924
916
121
864
599
437
718
974
970
508
600
282
538
827
715
965
576
85
12
316
123
271
67
722
572
847
37
24
220
728
363
733
675
627
40
133
579
720
255
452
357
195
539
463
546
48
248
860
642
596
431
678
938
191
787
966
997
995
766
736
641
9
591
443
913
308
618
84
588
564
144
638
531
90
567
66
738
274
869
478
803
524
338
983
870
488
306
940
905
100
900
744
386
150
273
99
583
889
763
926
427
93
631
229
439
858
343
507
904
127
460
23
702
232
626
625
250
674
314
865
969
315
164
293
20
490
352
570
353
458
861
341
104
4
842
391
819
412
16
762
15
921
41
344
804
71
871
776
136
480
97
154
162
124
534
703
652
838
651
296
408
420
395
654
962
179
475
502
528
361
742
734
525
241
461
737
200
616
141
547
867
835
802
423
873
309
778
205
436
494
863
172
648
372
622
107
207
891
249
676
188
105
808
215
755
198
760
78
540
509
417
511
751
329
849
903
325
914
553
190
947
824
492
884
773
877
991
621
823
268
406
955
364
393
548
615
334
952
479
290
951
210
284
667
598
441
559
532
373
50
147
132
898
167
837
223
36
694
46
887
435
411
925
942
758
291
790
757
398
791
850
554
830
906
668
862
959
396
10
196
410
856
445
846
8
672
193
216
425
832
661
696
447
899
522
38
518
402
530
945
157
177
496
432
473
514
629
695
64
495
276
450
262
257
243
826
365
21
404
683
739
700
562
655
574
513
252
660
286
565
237
701
400
686
647
589
950
650
685
915
446
821
108
644
927
971
848
233
649
438
359
569
120
143
202
483
606
911
55
735
95
356
779
610
892
111
485
60
910
964
383
798
201
153
135
931
2
581
421
318
635
671
208
981
178
732
476
225
453
168
399
775
712
855
533
749
27
300
197
519
449
19
923
278
759
609
764
392
17
326
512
312
555
83
59
987
752
484
948
724
793
901
920
462
52
469
389
809
691
709
176
881
182
295
745
663
771
181
102
112
949
342
836
689
578
885
148
908
893
527
335
231
106
797
28
377
805
75
224
327
935
934
33
933
520
245
116
428
687
43
909
199
397
765
358
976
212
498
454
45
26
381
103
260
717
499
515
714
86
244
322
330
551
283
3
754
134
770
930
912
288
941
18
265
584
355
115
434
122
788
713
670
698
414
405
332
34
294
657
932
25
825
747
194
7
673
575
973
602
89
577
727
558
516
324
705
166
455
304
370
264
768
505
259
707
526
986
152
568
988
76
347
22
817
385
416
287
65
812
