768
166
313
277
463
420
19
686
411
169
139
205
250
297
78
556
360
260
765
147
514
615
312
710
167
409
683
129
77
727
482
456
533
694
391
670
90
511
279
38
400
89
570
69
624
11
323
199
137
690
623
594
707
124
789
134
1
43
752
45
607
394
17
792
138
117
376
787
64
193
395
796
292
672
259
342
9
415
518
649
101
148
68
730
29
434
341
254
225
567
739
271
735
347
629
392
386
308
793
471
799
318
425
235
427
475
430
750
476
724
121
302
310
506
791
597
155
467
153
599
442
309
232
635
610
44
731
211
588
234
435
348
102
762
753
601
784
83
462
498
227
521
399
50
449
231
172
339
755
653
689
109
144
91
32
590
507
759
132
760
198
220
453
758
625
187
378
663
422
126
178
718
600
96
383
81
604
580
160
174
108
320
693
122
421
617
307
316
162
565
171
150
194
330
282
705
179
657
414
504
505
62
2
646
737
464
512
275
642
294
558
326
388
761
375
247
356
268
537
503
711
191
432
284
366
555
125
192
647
631
213
696
531
722
321
656
7
709
47
703
654
157
633
579
63
255
614
459
494
36
296
170
650
402
480
546
509
626
398
203
651
416
266
140
734
79
568
575
508
14
634
176
622
677
55
746
76
660
301
373
673
641
458
182
448
3
424
110
528
185
559
564
408
743
702
469
218
24
195
355
273
606
557
257
343
114
352
364
423
698
452
374
584
716
697
180
95
692
107
644
197
616
351
21
267
457
370
619
97
794
543
57
228
143
720
562
100
444
75
314
407
553
390
592
311
669
346
517
263
161
661
53
428
261
130
276
552
687
26
25
777
417
190
369
206
219
699
226
290
668
740
431
152
797
465
479
637
778
745
67
738
252
487
540
304
183
142
336
769
497
665
298
674
223
733
433
239
522
412
678
281
72
749
12
780
788
404
483
236
173
115
240
491
460
287
350
229
708
754
135
774
136
181
201
131
289
382
59
473
238
340
613
288
438
34
775
215
691
583
715
502
389
595
224
585
534
536
42
141
244
127
35
712
217
662
70
680
523
39
723
212
566
210
549
496
331
728
781
786
571
640
233
283
576
751
725
149
455
443
272
156
315
719
13
530
349
800
682
563
574
82
372
441
655
736
499
15
52
516
468
445
418
397
732
470
48
681
741
500
93
80
177
488
265
27
245
249
542
478
679
667
501
439
269
104
410
300
757
587
766
6
188
721
658
237
163
437
393
189
280
779
305
403
609
776
99
186
65
485
782
513
368
120
5
295
202
495
675
258
770
337
112
717
664
486
354
380
264
461
322
28
248
406
447
744
627
303
175
436
98
489
361
704
612
598
602
40
529
285
764
666
419
74
209
632
747
49
706
525
578
317
577
671
158
628
484
544
103
621
363
377
116
145
94
41
548
18
767
714
742
648
358
60
652
251
466
535
519
454
10
4
385
335
611
123
783
274
200
359
345
527
659
772
71
405
688
329
332
586
367
207
440
31
790
603
151
700
538
526
73
286
387
748
701
515
510
630
451
582
334
128
481
446
474
113
196
684
243
785
154
492
242
278
763
327
204
726
676
133
353
61
221
541
291
293
333
493
771
222
241
539
306
30
46
87
524
8
620
572
639
798
319
371
106
401
338
324
118
795
22
396
384
246
51
426
344
146
159
119
37
328
729
20
643
168
573
208
262
756
23
472
636
86
773
589
545
532
58
230
605
85
184
608
413
164
66
92
581
429
685
214
365
550
713
111
591
253
56
547
593
325
490
105
362
695
554
299
379
357
618
88
450
569
561
520
16
645
596
33
270
165
381
560
256
477
216
638
54
551
84
