20
999999984 999999982
999999992 999999983
999999994 999999996
999999988 999999999
999999989 999999982
999999984 999999983
999999984 999999987
999999990 999999983
999999984 999999998
999999994 999999985
999999985 999999999
999999990 999999987
999999984 999999985
999999982 999999985
999999981 999999981
999999982 999999992
999999986 999999982
999999990 999999995
999999992 999999985
999999987 999999982
999999987 999999999
999999994 999999998
999999989 999999999
999999990 999999997
999999989 999999984
999999988 999999985
999999993 999999983
999999989 999999998
999999985 999999985
999999994 999999994
999999983 999999985
1000000000 1000000000
999999989 999999997
999999984 999999993
999999985 999999982
999999993 999999988
999999990 999999986
999999986 999999983
999999990 999999994
999999985 999999984
