1269
1138
401
1183
108
508
33
1069
269
874
1452
780
560
777
491
1433
978
1474
5
879
143
902
734
9
617
1222
1423
1576
164
1061
1425
1484
906
738
1244
32
1235
259
262
698
67
596
1143
854
1202
770
254
997
213
717
496
335
572
549
729
1177
1573
1274
184
1007
43
1593
197
1421
554
1458
1485
1413
1042
89
817
93
359
1568
525
228
250
1296
1117
884
1464
358
1310
1350
1228
181
1379
1450
1116
1444
57
1516
1078
821
613
528
1494
241
1448
239
1165
1029
49
580
1366
344
356
50
1014
943
917
965
603
1174
444
1064
795
989
44
538
1131
1120
863
438
1359
615
1091
377
1238
1146
776
690
736
861
705
1158
995
1255
1482
1381
214
166
765
740
751
1495
1488
1054
457
1295
1155
1304
1511
862
628
1180
598
341
116
403
937
1118
521
1140
1351
1456
547
1387
1329
1002
148
1542
348
144
842
1594
180
77
195
1536
522
1466
1149
602
652
899
109
745
1344
1282
1287
1232
562
825
447
469
1471
46
145
1289
1265
287
412
1489
1365
1356
1205
648
1487
944
1523
11
30
154
816
1301
428
704
315
750
1128
147
662
708
1271
1058
1525
1175
984
724
1427
347
400
671
62
1126
1307
1354
1192
710
1028
190
362
1320
1046
326
1286
1015
1554
1429
374
1592
1230
1119
179
913
1196
297
485
516
192
1574
1391
959
201
172
1100
962
6
382
446
110
276
396
654
955
649
1517
342
803
490
410
1496
1075
1419
336
1362
451
1453
1414
875
720
666
161
514
1004
153
1598
1072
935
1550
483
1435
40
805
1415
318
271
683
1156
595
634
203
664
384
65
449
1076
452
316
1110
519
641
706
1187
964
579
1558
1394
1133
1443
1024
826
1328
420
830
773
390
103
590
23
1036
640
1383
846
1399
1583
674
1198
64
1211
936
338
873
815
599
529
206
983
474
430
907
1540
224
1530
1006
626
1153
916
1231
1580
1293
1047
1302
1018
242
672
1346
129
1098
1127
1152
263
680
437
479
894
895
414
90
976
631
1498
301
958
502
841
331
398
1164
1264
1509
1595
311
27
380
1305
1294
1507
34
1142
456
850
1300
151
196
1556
36
199
620
577
1114
832
993
1191
370
1248
1052
526
105
933
477
622
1214
198
878
911
440
256
304
1546
225
582
205
872
1225
357
337
441
535
1252
1457
539
548
1159
35
1590
120
656
423
545
673
472
1057
322
1599
334
774
1124
941
187
966
676
413
494
328
892
498
162
1176
448
208
762
445
433
473
767
1081
1575
747
1445
570
584
646
711
464
1109
1266
961
571
865
482
988
1112
189
126
1420
165
1051
783
82
1227
686
72
1308
1115
1529
912
1348
14
1237
1527
1188
244
1039
102
791
238
307
692
645
587
1552
1342
952
953
376
365
1023
977
1400
429
1048
1336
918
1370
182
1470
756
661
270
455
784
489
1538
1596
266
385
504
1577
848
500
813
1281
1406
866
1031
1323
39
1206
1520
240
1330
887
1316
1257
885
1403
931
487
1480
260
608
967
1280
623
1505
703
230
1236
1438
922
463
1318
128
657
1056
1113
1020
393
13
675
794
926
1189
407
1541
1532
769
135
3
536
1096
8
1382
405
739
1102
1184
1368
127
744
511
453
527
1074
1436
249
996
835
1402
399
731
1217
150
1224
1201
956
790
1122
568
829
1500
604
1331
1197
1240
434
910
1016
288
1476
998
665
292
1063
209
425
415
389
637
518
888
395
210
1459
185
1324
1085
1306
1250
828
1439
755
96
1275
157
733
1349
319
1534
963
1600
1597
1132
217
313
768
361
707
968
137
1409
778
16
1129
741
1430
771
782
1092
1204
323
517
1130
796
1363
24
1565
424
402
807
1343
1376
191
383
699
174
563
134
853
352
749
1467
1163
867
173
1073
754
625
22
1111
366
94
345
178
552
757
53
78
883
681
1569
889
1181
159
742
585
1059
295
4
980
1449
71
289
696
1125
986
772
1380
1044
1493
353
1101
695
950
1555
1107
1234
381
1325
1314
531
1136
1374
1545
1338
810
1258
379
737
1388
1422
231
844
633
606
236
890
177
124
836
792
387
1040
251
503
576
1141
801
1095
691
915
990
1426
761
678
520
954
106
946
1263
809
1200
534
149
969
409
655
293
957
748
856
211
1560
659
1242
1267
1170
69
136
1000
1557
975
388
1401
1377
268
1392
779
870
91
1355
340
758
118
855
524
1584
52
1008
471
68
804
735
932
282
766
948
1199
73
1432
1033
921
486
1182
1371
991
207
543
743
1134
1518
1352
588
327
802
893
891
1108
275
351
1097
1434
694
763
923
858
367
1385
513
290
1285
701
1357
1473
1013
928
555
732
111
188
592
499
581
1319
427
333
834
1582
47
325
1417
886
2
501
59
1477
635
999
1261
391
1086
1045
354
168
507
898
612
593
1570
1463
261
1378
310
1446
1589
905
156
107
1071
797
859
1083
19
1309
919
7
860
1292
273
1490
1041
823
1312
305
218
265
799
1431
1050
1220
789
204
759
938
1341
1410
611
1233
985
493
372
45
285
1404
979
436
857
60
658
1424
1528
642
716
1586
284
465
484
302
1035
74
685
942
1588
350
1055
142
1009
1284
122
369
309
1571
303
1241
1340
722
245
1259
1548
247
1539
193
1254
1360
1322
1502
1411
591
808
70
868
368
601
839
1148
565
253
56
364
949
141
760
408
1147
627
684
212
609
1262
1384
785
542
537
1361
1393
824
1277
1454
431
992
806
1508
730
618
1030
220
460
781
1043
982
226
1068
1543
459
970
1321
639
1216
243
117
10
677
644
1172
314
1151
15
439
95
561
1345
480
475
845
786
1065
386
160
1472
1247
583
1469
1215
1080
1169
559
186
1510
1481
667
1066
746
130
1079
87
822
600
687
158
1407
1531
723
115
258
1270
139
670
28
462
114
1123
81
1135
371
650
1492
1335
85
1203
1547
909
1218
1245
176
320
1037
1519
84
1572
1094
76
1260
86
280
1150
540
533
267
1208
934
378
1524
255
1561
58
131
171
619
1154
1299
113
1585
981
1337
1017
594
132
728
1465
138
827
41
1019
167
1462
1
104
332
330
360
843
66
1389
558
88
1223
1272
1591
972
418
864
1416
1226
1451
48
837
458
1347
252
960
1522
1549
317
1121
112
123
1551
820
233
851
1587
1512
1060
80
1106
636
1207
169
693
421
575
1311
1442
682
546
1553
1375
1326
877
411
1290
614
1209
1032
416
764
629
264
1084
1178
375
1506
1521
882
1089
597
92
175
1034
497
1219
1278
578
349
1005
281
155
1253
945
715
700
1405
121
1353
219
221
1186
1418
556
298
202
1563
283
852
454
1313
515
1067
920
1070
660
814
63
194
170
419
1049
1161
42
248
1581
819
234
442
1160
688
1303
343
1027
1364
1185
51
908
1441
610
1171
775
1012
924
246
702
668
557
25
811
900
1479
586
871
404
647
1103
1167
1157
257
589
1243
470
793
443
54
329
1022
847
1145
974
897
37
29
476
1193
1398
1564
530
930
812
488
1513
725
1105
940
1397
1567
17
492
308
237
605
1396
1038
994
1440
99
461
1367
1461
1372
653
1053
1333
1011
1504
355
417
1010
607
296
1475
324
20
532
1515
663
523
97
632
1162
929
294
947
1276
1447
880
838
422
1578
1025
223
1168
495
1256
1483
541
1497
1104
1279
278
569
505
1408
31
1082
800
163
1537
26
1173
939
232
18
1249
1468
1533
229
752
1021
971
901
727
689
79
392
1179
222
291
466
726
509
630
840
215
1535
643
987
1166
973
721
788
787
21
567
279
1026
1334
1273
1503
718
432
573
914
925
1062
481
1212
753
1190
146
1373
61
312
38
1358
339
679
1412
299
903
709
140
833
1559
638
133
544
286
83
1544
564
119
621
55
300
1283
616
1390
306
1369
101
1099
713
512
712
551
100
553
869
227
1139
1455
397
1526
1327
1291
1195
75
1088
1297
1566
478
1077
1090
152
1001
1332
363
1268
1003
798
98
1579
566
1298
1221
1501
714
951
1395
818
467
697
277
435
719
1339
624
510
904
849
1486
321
468
1093
12
1478
1460
1137
1239
651
1428
1491
216
125
1246
1144
1315
1251
1437
1087
394
406
274
1229
426
506
450
1194
876
896
235
927
1499
346
1213
550
183
1317
881
272
200
1210
1562
831
1288
1386
1514
373
574
669
