1100
201 902
451 540
108 682
537 355
962 137
317 595
180 823
956 137
886 1225
646 1025
686 1136
804 1111
373 325
1022 29
318 614
1020 23
318 154
727 1347
647 1042
541 412
266 849
202 903
346 160
373 216
707 1377
373 317
571 378
537 390
412 275
74 751
775 1078
652 1316
73 727
68 676
811 1180
851 1236
383 234
463 467
842 1220
378 217
760 1099
36 1458
70 708
466 462
980 101
649 998
179 822
319 603
461 520
1 1499
465 457
332 176
109 683
54 127
69 774
62 139
933 1030
465 500
416 267
853 1242
573 343
173 813
22 1462
226 903
382 233
61 1439
708 1380
997 84
173 953
384 246
40 21
70 783
98 679
679 1114
686 1138
1003 72
136 619
134 655
460 433
552 395
649 1323
762 1077
292 801
64 148
70 678
362 195
345 163
451 538
47 62
259 850
572 354
872 1260
462 497
465 510
756 1107
981 102
931 1026
596 331
983 72
124 709
203 866
984 93
464 447
141 642
404 281
493 487
88 742
849 1258
870 1258
843 1285
821 1180
504 470
703 1327
840 1292
354 202
960 135
41 22
951 976
299 788
282 785
1036 33
319 589
135 618
724 1340
682 1113
648 1009
659 995
823 1184
757 1064
476 447
830 1181
381 226
458 431
738 1355
669 985
90 742
513 471
911 1399
464 456
458 340
540 399
3 9
201 848
987 78
139 632
722 1330
73 731
1002 71
1032 35
63 140
60 1432
926 1025
709 1387
11 1483
385 251
385 247
88 748
855 1248
821 1168
360 193
384 243
646 1041
887 1226
979 53
332 584
77 721
573 355
652 1057
646 993
485 498
397 256
27 1461
509 480
980 107
377 216
18 21
541 396
353 193
352 190
799 1207
394 243
647 994
540 411
124 756
951 978
375 327
210 885
381 232
227 910
201 843
886 1221
462 525
404 289
686 1150
706 1376
475 446
574 379
334 178
911 1054
138 621
146 635
14 2
65 968
534 352
1014 52
650 1107
465 461
981 116
980 115
854 1247
77 760
977 51
78 660
100 735
15 3
140 633
1031 34
758 1065
6 1488
761 1116
353 191
541 416
78 722
340 206
71 756
142 639
214 861
758 1213
463 514
522 435
1020 43
726 1346
798 1109
320 604
316 148
61 974
769 1086
491 472
171 811
760 1215
401 274
985 88
1049 1500
73 721
651 1319
299 790
334 158
5 1491
477 448
478 449
289 788
559 394
200 842
293 802
212 859
841 1219
762 1083
230 913
19 1457
99 734
761 1100
506 479
231 920
63 147
42 1452
982 97
813 1176
319 155
1021 46
765 1086
990 75
976 50
537 392
5 1487
566 385
433 233
730 1347
355 209
455 335
210 879
372 322
1048 1
646 1015
59 1431
446 545
683 1114
570 340
213 860
197 843
613 561
840 1215
285 798
372 215
479 450
318 602
404 291
172 820
799 1295
20 1458
140 645
641 974
446 328
967 138
977 124
730 1361
318 588
363 196
706 1330
66 963
317 149
854 1239
339 189
281 784
44 50
933 1028
845 1223
464 499
634 150
105 679
535 353
648 997
69 699
178 821
153 634
648 1398
233 922
676 1111
533 430
207 874
73 760
335 183
709 1381
723 1331
508 483
685 1147
68 781
170 810
950 981
650 1326
23 1463
335 179
997 72
71 663
152 633
135 598
852 1268
203 858
945 1024
633 153
811 1168
775 1128
422 242
20 1460
285 788
465 448
182 825
773 1110
982 117
333 157
980 113
371 214
844 1286
643 982
764 1085
229 928
354 558
918 1402
374 326
202 869
72 734
505 474
540 395
282 811
72 757
812 1169
912 1400
385 259
70 662
124 719
71 709
803 1207
695 1147
56 131
200 901
184 831
814 1173
185 828
687 1151
685 1135
500 472
509 484
774 1077
209 878
171 819
870 1234
405 282
137 630
613 207
775 1122
646 985
331 155
910 1412
914 1402
74 763
848 1233
204 871
931 1034
71 701
60 137
803 1110
461 524
535 386
428 232
979 112
205 872
321 605
853 1246
827 1184
873 1261
824 1185
6 1492
385 307
67 597
809 1164
78 785
97 696
572 379
508 479
453 335
402 275
687 1155
45 60
128 710
572 342
28 1464
647 1006
736 1353
206 893
70 660
370 209
3 1483
799 1210
984 73
173 947
353 201
534 340
834 1165
759 1066
118 680
141 634
646 1051
542 413
861 1266
400 261
15 9
714 1380
463 446
960 1436
1028 22
70 696
28 1468
67 778
4 1486
384 256
91 745
686 1154
762 1093
181 942
44 59
78 787
906 1059
202 905
644 1021
403 296
316 594
660 1002
399 266
852 1245
65 595
398 257
72 793
535 388
69 782
853 1238
810 1167
180 941
399 258
67 780
647 1052
987 86
405 278
843 1221
927 1026
400 271
46 61
761 1305
400 267
142 635
204 851
321 155
137 626
901 1054
538 393
2 8
138 627
228 911
136 625
813 1170
798 1213
75 701
336 572
340 566
72 791
113 681
371 210
764 1089
732 1367
412 287
571 349
730 1353
551 394
440 220
379 224
648 995
691 1151
60 1426
575 366
659 999
193 824
872 1236
373 323
932 1035
57 134
384 235
193 839
760 1302
810 1165
170 784
574 369
356 210
822 1183
539 408
98 693
21 1461
317 153
353 561
240 913
641 138
167 781
533 337
940 1035
40 17
823 1188
255 856
648 1043
53 49
72 664
207 890
2 1482
553 400
938 1037
319 597
298 787
685 1149
842 1284
336 184
374 318
69 659
810 1113
684 1146
861 1259
382 227
340 190
465 524
800 1296
265 843
1030 33
491 481
705 1329
747 1340
292 797
334 576
281 810
166 778
736 1347
853 1269
74 664
101 736
938 1035
986 75
648 1053
708 1386
208 875
847 1232
822 1181
845 1230
938 1029
461 444
114 682
138 631
333 171
1037 25
762 1306
229 912
817 1170
333 177
805 1200
850 1266
609 209
149 634
73 762
930 1041
383 255
375 548
14 8
99 730
225 908
799 1110
914 1406
185 832
197 902
66 674
353 207
645 1022
99 720
759 1120
1030 24
650 1055
284 801
463 471
846 1231
58 1436
59 1439
432 232
30 1462
336 180
382 241
786 1071
642 975
675 1110
361 202
59 1437
938 1027
54 50
181 824
658 994
725 1345
1 1
184 827
403 288
378 223
223 874
783 1068
201 908
203 870
194 840
360 191
760 1067
318 596
651 1108
338 188
232 921
522 439
41 18
651 1060
284 787
725 1343
463 498
463 494
71 790
3 3
524 435
804 1199
61 1427
763 1094
979 106
1036 24
573 357
106 690
385 257
402 295
520 443
961 136
106 680
963 138
201 846
172 812
678 1113
647 1046
183 826
173 951
930 1025
78 662
724 1332
211 850
255 850
810 1195
71 703
614 208
72 666
256 857
338 186
196 842
240 917
466 501
583 354
651 986
192 823
43 49
36 1460
166 780
710 1382
505 478
910 1398
342 158
354 208
334 168
211 858
966 137
646 1017
904 1053
851 1267
645 1024
695 1149
469 461
345 159
431 225
400 259
647 986
937 1034
596 538
760 1111
513 474
737 1354
687 1139
381 240
634 154
506 483
265 846
850 1259
574 365
650 1314
839 1214
760 1115
73 740
77 725
662 1000
926 1041
43 44
334 172
384 304
731 1366
97 678
256 859
937 1026
3 1485
761 1076
70 700
849 1234
504 445
401 268
784 1069
283 786
59 1441
129 713
16 13
29 1471
905 1058
985 74
125 716
575 370
648 1047
986 77
759 1301
493 483
505 471
202 849
572 381
239 928
310 596
674 1109
702 1324
1031 38
460 519
385 305
285 792
645 984
168 782
469 457
759 1214
402 287
998 73
668 984
360 201
389 247
633 149
644 983
542 417
317 611
343 159
904 1398
73 758
690 1150
756 1055
574 344
776 1079
169 783
871 1259
853 1252
642 981
932 1027
320 598
440 218
1014 111
451 331
814 1171
460 443
370 555
723 1339
724 1342
978 52
260 853
983 84
737 1348
423 243
648 1412
361 194
72 710
490 471
774 1121
42 23
757 1056
505 446
727 1353
465 520
61 1437
73 725
241 914
1021 24
91 743
652 987
573 364
203 850
1021 28
963 142
714 1109
887 1222
380 225
265 848
260 851
77 784
173 821
761 1068
54 45
53 44
824 1189
17 14
462 521
477 454
841 1216
774 1127
42 43
885 1220
431 231
107 687
773 1120
332 156
15 12
738 1349
520 433
1037 34
449 329
129 711
67 675
962 141
448 545
29 1469
289 792
55 130
286 789
166 675
196 901
67 655
606 210
727 1361
704 1328
87 741
684 1134
331 581
622 184
466 503
64 594
330 154
125 757
293 804
292 787
230 929
457 430
795 1056
295 802
143 636
137 620
465 450
28 1462
976 127
71 784
69 677
572 363
983 92
403 276
398 265
551 406
439 217
195 841
584 355
239 912
575 372
318 150
856 1272
66 596
649 1054
677 1112
852 1272
209 876
724 1334
310 674
540 409
725 1335
226 909
27 1467
910 1053
73 735
61 138
178 947
844 1222
494 484
492 482
318 612
452 334
211 880
352 206
702 1326
571 341
390 248
68 771
660 1000
343 163
380 231
225 902
284 797
311 597
913 1401
457 337
553 396
731 1362
536 354
17 16
453 534
1048 1499
571 353
525 436
650 1324
809 1112
57 132
536 389
584 359
74 741
981 70
21 1467
448 328
533 339
369 208
673 1108
984 85
18 17
72 720
566 340
462 470
850 1235
905 1054
774 1083
997 92
758 1109
981 55
55 128
45 66
404 277
77 758
830 1183
383 242
651 1315
230 919
852 1237
71 719
468 505
319 157
68 656
172 950
647 990
567 341
216 879
64 967
834 1167
456 336
625 179
332 582
739 1356
871 1235
19 22
785 1070
761 1303
337 185
401 272
554 401
856 1268
650 1007
758 1300
105 693
125 710
445 327
683 1133
978 111
550 393
535 359
808 1111
904 1412
59 136
648 1007
585 356
354 562
492 490
69 772
985 86
459 432
2 2
541 353
950 975
342 166
462 445
915 1403
911 1415
651 1056
864 1237
170 818
534 385
539 394
15 5
138 649
273 824
107 681
707 1379
759 1110
1008 56
982 71
212 881
926 1051
980 54
450 330
452 332
645 1014
566 352
514 475
326 596
41 1451
334 166
521 434
18 1456
1007 55
674 1173
651 1204
579 341
775 1124
763 1084
68 658
732 1363
570 352
254 849
87 751
799 1214
768 1085
678 1162
72 704
1021 44
803 1210
911 1413
58 135
757 1108
538 423
457 339
206 873
72 730
717 1377
945 1022
1029 23
696 1150
11 1485
467 504
134 597
687 1141
894 1215
31 1463
34 1474
974 1446
464 523
921 1409
698 1144
693 1153
707 1331
67 964
335 169
853 1273
811 1166
998 93
216 863
497 489
442 222
982 103
117 689
651 1325
743 1360
879 1278
18 15
335 159
787 1072
906 1055
755 1396
710 1169
990 91
578 348
258 861
376 328
217 864
884 1283
777 1130
1015 112
996 83
987 76
734 1365
859 1274
582 351
718 1378
999 74
555 402
527 438
539 357
865 1238
73 792
271 938
76 765
198 844
186 829
800 1211
657 1321
257 858
599 543
919 1403
554 397
758 1057
79 707
711 1389
403 270
235 924
89 749
1010 58
329 617
955 1425
73 667
881 1280
454 535
652 1061
536 387
79 663
284 813
76 668
846 1224
321 599
99 680
38 1476
205 852
649 1044
405 298
511 482
356 564
300 791
546 403
408 293
766 1087
368 205
410 285
494 488
10 1496
680 1115
768 1119
543 418
888 1223
204 859
278 949
577 359
1031 25
214 883
418 301
79 788
590 384
103 738
409 294
313 599
75 752
594 536
96 672
649 996
470 458
539 424
177 817
585 360
929 1028
108 688
379 218
779 1082
405 292
1000 75
656 1001
112 686
32 1466
789 1074
681 1116
232 931
579 374
7 1489
982 109
698 1152
407 280
877 1265
922 1410
804 1208
616 210
675 1174
240 929
231 914
75 742
89 743
1043 1478
333 583
257 860
438 315
604 552
726 1344
386 248
322 600
763 1102
802 1298
64 141
466 451
862 1267
234 923
48 63
337 573
432 226
767 1088
452 541
283 812
543 414
336 174
386 252
203 904
1045 1480
602 550
115 683
1022 45
640 973
484 513
749 1374
650 999
727 1337
62 975
16 6
688 1152
561 410
140 623
45 51
70 775
649 1413
800 1208
800 1111
213 882
110 684
806 1201
354 194
125 720
563 426
639 972
75 733
969 140
21 1459
728 1354
279 956
882 1281
202 844
320 152
1027 1450
371 556
672 1020
221 888
19 18
577 368
65 149
60 1440
274 825
832 1193
290 789
541 410
943 1040
538 356
30 1472
104 739
518 517
752 1393
988 87
77 669
860 1275
43 20
188 835
311 675
466 449
660 996
796 1057
618 568
568 342
557 404
948 1422
667 1013
20 23
107 691
652 1320
952 977
933 1036
62 1428
776 1123
536 360
74 736
1004 73
466 525
335 577
763 1307
454 336
322 606
734 1369
627 575
1041 42
60 1442
535 341
764 1308
731 1354
558 405
1005 74
912 1414
1046 1481
387 238
762 1101
217 880
576 346
804 1211
764 1095
175 815
860 1244
144 637
793 1104
376 320
65 1443
84 798
507 448
720 1203
512 487
947 1421
71 679
267 850
133 768
576 367
287 790
425 245
515 476
374 217
646 1023
663 1001
825 1186
610 210
341 207
657 1063
1023 30
1044 1479
595 537
264 899
453 333
650 1045
470 462
434 234
917 1405
961 1437
130 712
290 793
548 421
775 1084
507 484
458 338
305 958
923 1411
1009 57
337 181
866 1276
120 692
1049 2
716 1390
892 1212
179 948
1001 96
725 1333
145 638
155 636
519 518
389 261
74 722
158 651
420 303
912 1055
111 685
198 903
365 198
729 1338
386 306
44 45
643 976
252 897
174 822
814 1177
159 652
823 1182
348 162
43 1453
580 342
534 431
1024 31
335 167
797 1106
949 1423
58 133
782 1097
74 759
238 927
831 1182
8 1494
375 319
652 1205
708 1378
68 779
607 211
711 1170
132 718
383 228
556 403
277 946
924 1418
349 165
873 1237
857 1269
957 138
98 697
74 712
150 635
183 944
778 1081
376 549
116 684
467 463
888 1227
212 851
419 302
466 511
355 559
635 155
985 120
838 1206
427 312
1038 35
350 170
765 1096
670 986
75 665
186 833
483 512
464 527
92 744
846 1288
629 579
791 1098
308 961
93 747
182 943
856 1249
385 230
811 1196
942 1031
79 786
354 192
648 991
85 670
85 799
762 1069
5 11
86 671
309 962
597 539
344 160
857 1250
84 729
139 622
653 1058
12 1484
812 1181
441 219
270 937
469 506
280 957
306 959
763 1118
190 837
614 562
142 643
780 1131
49 64
575 380
630 580
73 776
651 1008
327 597
538 391
204 867
444 321
939 1030
745 1372
934 1029
470 507
603 551
762 1217
728 1362
319 613
24 1464
37 1461
889 1228
973 1445
521 444
67 970
391 249
56 129
147 636
654 1059
415 300
1032 39
837 1198
916 1404
856 1241
322 616
586 357
187 834
467 502
302 807
779 1126
449 546
463 522
621 571
847 1289
85 767
13 1497
577 347
498 516
981 114
851 1260
343 167
510 485
269 900
74 728
713 1172
648 987
805 1112
854 1253
21 24
253 898
875 1263
222 889
323 607
564 427
78 761
854 1243
692 1152
989 90
43 24
688 1140
733 1364
776 1129
593 533
276 945
777 1080
748 1341
189 836
249 936
73 794
102 737
25 1465
347 161
307 960
136 599
165 777
39 1477
573 382
984 119
355 563
72 785
792 1103
76 795
592 532
517 488
728 1348
826 1191
661 1001
800 1215
819 1178
100 731
895 1216
78 759
9 1495
711 1383
73 665
1022 25
341 191
167 676
510 481
615 209
130 714
862 1260
617 565
994 81
402 273
811 1114
623 185
746 1373
964 143
544 419
936 1033
1035 40
303 808
828 1185
386 308
468 464
842 1217
978 125
250 895
268 851
63 1429
833 1194
971 146
635 151
286 799
287 800
62 1440
314 965
920 1408
710 1388
637 593
890 1229
876 1264
406 283
820 1179
95 753
569 343
741 1352
928 1027
392 250
341 567
781 1132
1039 27
605 553
161 653
177 955
300 789
73 705
934 1031
946 1025
772 1091
358 212
1015 53
855 1271
320 156
934 1037
384 229
751 1392
597 332
661 1003
989 80
293 788
421 310
688 1142
671 987
466 458
666 1012
902 1055
549 422
562 425
51 68
121 695
320 590
469 528
653 1317
694 1158
106 694
812 1115
761 1216
972 1444
35 1475
591 429
443 316
925 1419
266 847
542 354
220 868
1040 41
98 754
529 442
619 569
905 1413
461 434
501 473
893 1291
1019 1449
82 796
567 386
393 253
154 635
891 1290
174 814
248 935
523 436
576 373
991 76
753 1394
37 1459
151 644
576 371
208 891
328 610
466 521
915 1407
396 254
22 1468
733 1368
12 1486
224 875
29 1463
754 1395
993 122
636 156
430 313
696 1148
841 1293
794 1105
836 1197
573 380
99 694
679 1163
464 495
236 925
141 624
241 918
363 204
600 544
319 151
946 1023
135 656
437 314
715 1110
903 1397
927 1052
163 673
401 260
719 1391
499 492
227 904
790 1075
939 1028
854 1270
294 803
395 244
424 244
649 1048
1013 110
293 798
275 940
74 761
709 1161
545 362
941 1036
653 988
913 1056
320 158
770 1310
215 862
404 297
739 1350
333 585
909 1062
547 420
687 1137
62 1434
464 468
417 268
818 1171
94 750
131 715
985 94
572 350
875 1239
740 1357
359 213
986 89
951 982
74 726
413 276
374 324
351 175
691 1143
975 1447
598 542
261 854
464 515
436 236
4 1484
530 529
998 85
788 1073
760 1121
156 647
463 526
763 1218
202 847
60 1438
72 702
74 706
29 1465
612 560
367 200
325 609
324 608
489 469
507 480
935 1032
762 1304
654 989
986 87
288 791
247 934
942 1039
261 852
858 1251
1051 1502
79 661
414 299
176 816
211 886
245 932
69 657
964 139
652 1011
816 1175
164 770
81 789
244 919
868 1256
896 1294
544 415
478 455
79 723
650 1019
42 19
983 98
1011 100
565 428
652 1109
488 460
1012 105
44 1454
361 192
199 845
701 1160
389 309
761 1112
689 1157
915 1417
405 264
898 1312
638 971
75 764
8 1490
486 499
187 830
162 654
700 1159
965 144
534 338
531 530
480 451
481 452
944 1420
965 140
242 915
251 896
726 1336
459 341
697 1151
291 796
452 539
160 769
157 648
246 933
1047 1498
202 909
649 1010
139 628
385 236
355 203
339 187
471 508
959 1435
712 1171
304 809
857 1273
122 698
296 803
218 865
560 395
126 711
231 930
16 10
689 1153
1006 99
66 969
26 1466
649 1008
301 792
883 1282
2 1500
19 7
62 1438
1034 37
323 601
139 650
654 1318
435 235
321 591
386 260
215 884
835 1166
50 65
740 1351
771 1311
526 437
1050 1501
688 1156
464 472
731 1348
1018 1448
335 173
243 916
76 702
46 67
763 1078
496 486
532 531
243 892
982 56
126 717
771 1088
801 1297
588 361
61 1433
552 407
194 825
366 199
469 452
33 1473
516 477
715 1381
405 290
741 1358
1017 126
492 473
628 578
506 475
5 5
651 1327
770 1087
71 661
908 1061
977 128
611 557
266 844
206 853
401 262
769 1309
228 905
346 164
506 447
55 46
441 221
825 1190
523 440
725 1341
855 1240
514 472
684 1115
338 182
773 1092
1026 32
30 1470
867 1255
80 724
174 948
78 726
905 1399
55 51
272 939
642 139
413 288
831 1184
406 279
460 342
649 1399
191 838
807 1202
845 1287
487 459
575 345
567 353
587 358
1042 1455
665 1005
386 258
323 159
863 1254
262 855
647 1026
100 721
541 400
402 269
1022 47
815 1174
703 1325
482 453
388 239
73 711
411 286
968 139
620 570
650 1049
474 466
574 356
322 156
256 851
900 1322
199 904
502 493
148 641
986 95
576 383
713 1385
874 1262
774 1111
372 211
174 952
127 759
655 992
171 785
143 640
744 1371
826 1187
626 180
336 586
608 554
4 10
312 598
385 244
263 862
7 1493
294 805
582 376
52 69
686 1148
952 979
506 472
742 1359
880 1279
647 1018
632 592
503 496
543 398
68 598
357 211
83 797
712 1384
601 547
1038 26
1039 36
495 485
315 966
74 732
285 802
992 121
631 587
356 204
958 1430
878 1277
927 1042
210 877
912 1416
829 1192
56 47
528 441
70 773
907 1060
624 574
426 311
16 4
815 1172
429 233
237 926
869 1257
407 284
473 509
647 1016
126 758
542 397
511 486
776 1125
897 1299
981 108
574 358
822 1169
995 82
1025 48
92 746
447 329
4 4
167 779
141 646
319 615
983 104
939 1038
297 806
84 766
983 118
404 263
286 793
988 79
931 1042
835 1168
1033 36
939 1036
140 629
203 906
636 152
589 377
655 1050
71 697
540 358
765 1090
699 1145
386 237
889 1224
206 907
472 465
762 1117
447 546
207 894
953 980
954 1424
874 1238
750 1375
362 203
174 954
721 1209
344 164
119 681
364 197
664 1004
899 1313
123 755
219 887
651 1000
88 752
970 145
1016 123
493 491
581 375
735 1370
