1200
746 1016
161 1368
574 1156
772 920
592 324
770 918
590 318
613 306
554 352
10 1523
572 292
164 1403
221 1298
220 1325
794 940
866 837
576 1166
139 1478
1049 108
728 1004
720 1042
847 1108
301 770
776 939
579 820
1039 129
550 358
894 837
634 698
33 32
859 883
490 397
412 530
522 385
709 917
128 1434
568 296
401 575
122 1436
948 157
632 712
603 298
295 294
298 602
620 299
67 85
452 478
573 656
673 821
228 1301
298 614
121 1439
697 1085
298 301
949 178
69 102
771 919
336 615
703 1073
528 450
94 115
962 193
227 1300
475 350
773 975
303 772
579 738
686 885
298 767
899 838
1036 126
769 917
474 347
849 1108
685 1113
640 671
387 469
95 116
453 546
252 1257
792 942
97 126
997 265
696 1072
742 1022
572 655
792 940
528 448
494 411
97 1209
869 836
215 1330
297 296
227 1318
681 1123
164 1407
211 1292
176 1413
50 38
684 892
574 731
639 660
99 1238
855 883
127 1439
630 682
387 297
895 846
687 878
697 1073
810 915
940 149
473 346
651 682
665 668
981 237
361 608
298 600
300 806
11 1550
178 1417
378 745
194 1379
683 1119
1094 1
969 208
50 42
681 832
369 737
341 772
97 1346
719 1041
609 302
66 1505
577 1163
34 65
177 1414
578 1148
760 992
251 1224
870 869
1067 83
139 1474
483 396
531 367
409 482
973 222
318 642
154 1464
464 338
11 1548
688 908
297 744
410 494
875 856
288 130
970 209
98 1214
478 365
7 3
160 1359
51 51
1006 181
332 617
684 1112
120 1450
92 111
299 647
99 1211
96 1196
953 186
97 1447
1066 82
250 1265
297 306
494 401
854 876
838 897
895 870
350 775
496 413
950 286
443 483
472 345
880 839
968 199
36 61
716 992
967 244
603 321
945 150
452 545
497 420
747 993
896 847
694 908
575 297
35 9
253 1230
297 599
551 355
79 103
371 754
408 552
325 619
130 1434
534 372
754 992
577 1161
369 731
298 608
685 884
944 149
970 213
184 1384
442 482
99 1435
500 417
11 23
715 1063
997 188
407 541
408 550
964 189
673 829
409 553
10 28
78 102
688 1094
296 730
685 893
687 1091
492 399
433 498
64 82
790 938
100 1224
1016 167
809 910
481 438
8 75
427 526
837 894
632 696
289 131
713 981
748 994
723 1027
597 321
959 261
252 1225
722 1046
427 524
33 70
43 35
1050 112
90 106
996 264
694 898
683 874
113 1238
775 923
385 295
717 993
954 189
834 1091
716 1020
407 549
686 877
881 852
501 414
950 179
230 1303
36 10
318 624
303 746
94 1430
1049 121
573 722
478 384
790 949
19 1534
210 1337
772 974
578 735
404 477
481 392
432 495
34 8
495 402
980 236
296 598
316 638
32 20
153 1463
109 1209
529 377
632 694
411 495
10 1547
464 460
98 127
359 616
771 959
306 794
948 149
686 1098
220 1297
1013 178
911 1124
20 1529
106 1434
999 273
773 955
753 991
373 756
100 1244
1072 84
99 1439
573 295
1069 89
43 49
9 76
325 621
468 342
71 1506
789 937
448 480
997 271
105 1225
480 389
299 302
746 1020
110 1198
472 339
489 396
838 903
854 893
405 545
630 660
911 1126
97 1433
97 1278
783 940
165 1390
21 1526
962 187
495 412
82 104
52 52
122 1434
251 1242
686 894
97 1191
418 506
484 397
774 966
1079 95
532 368
579 818
248 1278
163 1406
872 851
815 916
413 487
824 917
574 657
675 831
729 995
98 1222
580 1144
940 291
479 385
740 1052
94 1353
49 49
319 625
50 50
341 770
1087 3
318 632
98 1347
1077 83
769 981
887 856
615 304
998 272
277 139
970 219
953 259
663 656
980 244
412 552
95 1431
412 506
98 1444
630 684
227 1310
925 735
413 553
921 735
50 56
99 1259
776 968
491 398
758 990
953 261
254 1249
577 1141
480 391
952 264
9 81
146 1466
212 1329
463 465
139 1464
360 607
413 509
413 513
874 855
429 494
969 226
411 505
96 1450
98 1210
427 494
706 1084
98 1192
70 103
370 753
576 681
1006 185
282 134
672 826
858 876
979 243
695 909
201 1283
176 1411
395 584
410 524
951 152
1063 83
1016 171
293 148
1038 128
280 132
110 1204
226 1299
413 507
94 1371
368 743
300 808
492 427
10 22
810 911
262 1225
290 143
706 1072
853 875
248 1221
648 693
631 693
858 882
967 198
368 730
527 453
943 148
840 899
309 774
109 1207
100 129
359 614
106 1228
722 1026
728 1030
944 157
680 831
296 656
294 149
2 2
412 512
177 1416
681 1129
866 874
411 527
770 982
300 616
853 892
10 1519
576 1152
1068 88
95 1219
249 1222
482 393
509 399
672 820
8 1557
772 954
95 1457
266 1243
182 1380
963 188
760 1002
574 296
981 207
256 1225
476 447
718 1054
162 1376
969 222
80 1492
853 1112
945 158
298 745
664 657
32 69
682 1124
21 1538
937 292
7 74
620 314
101 1225
299 746
412 550
685 876
900 839
253 1268
229 1302
402 566
49 35
34 33
1014 163
433 496
20 1535
578 817
72 1507
727 1029
886 855
847 1106
949 176
300 786
8 4
721 1025
685 1105
966 197
951 180
747 1017
9 21
529 365
910 832
453 479
535 369
35 34
252 1247
83 105
775 944
854 888
213 1332
395 582
261 1224
607 304
882 853
572 294
67 1510
551 353
789 922
344 769
621 300
147 1467
52 36
164 1410
882 855
776 941
1088 77
164 1380
1049 111
277 131
3 74
298 606
206 1287
44 36
8 20
370 738
981 205
715 1059
634 702
1068 84
411 529
169 1394
1087 74
207 1288
698 1074
597 298
575 1157
229 1306
775 967
403 476
413 515
8 80
530 366
265 1242
175 1410
574 723
740 1054
297 605
703 1079
276 1181
969 218
998 276
801 920
468 346
138 1477
495 404
296 743
497 406
212 1293
45 43
997 267
746 992
839 898
631 711
699 1075
706 914
968 207
664 667
318 618
358 599
72 105
202 1284
599 323
101 1231
527 363
633 697
78 1496
252 1243
97 1197
94 123
467 339
304 792
168 1393
299 750
372 755
1 1566
9 1518
412 518
687 897
430 495
719 995
740 1022
295 292
388 589
959 186
759 1001
317 639
924 734
111 1199
791 945
288 1181
818 921
349 770
94 113
477 364
35 60
346 775
575 732
406 546
292 147
219 1296
463 337
369 764
418 512
860 884
713 917
869 833
96 1369
652 685
527 447
576 659
761 1003
23 1540
386 296
110 1210
883 856
299 768
349 774
837 896
715 991
18 1519
252 1255
697 1081
183 1383
413 519
359 606
589 298
630 678
83 1489
979 235
966 235
968 201
902 839
967 247
721 1043
585 1157
588 297
228 1315
967 204
161 1375
773 961
548 350
92 1359
113 1223
713 989
839 904
302 790
635 703
493 400
696 910
654 687
773 921
529 379
1067 93
579 826
317 631
952 181
474 349
437 496
965 234
293 1174
688 879
597 317
515 393
591 323
718 1022
485 398
606 309
577 734
93 1368
575 724
370 745
225 1298
99 1223
402 475
213 1330
496 417
94 1369
771 983
409 493
20 1525
545 363
296 295
644 696
774 962
973 218
298 297
64 1515
949 150
1014 165
305 797
680 1132
632 714
811 934
964 195
8 1561
304 773
7 1556
33 21
317 617
999 265
966 243
340 769
221 1300
99 1243
1015 166
93 122
387 588
43 41
21 1536
634 706
817 918
581 736
211 1296
9 27
967 236
99 128
378 753
870 837
607 302
9 1558
999 277
968 250
410 483
405 478
370 732
50 36
716 1016
400 297
294 291
434 499
65 83
300 751
32 4
1035 125
161 1360
604 299
92 121
205 1284
411 487
140 1479
99 1280
92 1428
319 619
299 615
301 789
331 616
300 769
722 1044
599 325
304 747
665 672
688 1100
550 352
96 125
696 914
411 489
630 670
773 965
400 469
534 368
183 1381
4 1557
401 474
697 1079
387 574
718 1004
345 770
473 340
874 853
253 1226
402 471
291 144
301 787
63 81
791 939
712 916
112 1200
185 1385
598 322
219 1292
476 453
98 1283
612 301
299 805
462 298
910 1123
926 736
674 830
252 1229
394 581
358 605
968 205
96 1220
974 219
968 217
412 532
84 106
613 304
66 84
19 1524
918 818
164 1422
189 1383
760 1006
413 533
959 259
686 896
590 322
675 833
809 914
98 1452
410 486
816 925
324 624
304 777
205 1286
108 1226
281 133
42 34
532 372
1007 182
400 574
482 395
144 1464
408 481
226 1313
949 162
900 843
775 938
817 926
629 659
51 45
718 994
145 1465
903 840
463 299
407 480
11 1520
97 1451
403 569
249 1264
764 1002
3 1556
202 1286
34 14
189 1381
982 238
774 922
3 3
1078 94
194 1406
250 1223
146 1470
1073 85
871 838
305 793
872 839
687 1093
67 100
824 925
298 650
166 1391
825 926
631 665
846 893
301 809
760 996
708 916
849 1106
295 655
682 833
208 1289
772 984
575 1159
576 331
109 1197
468 340
948 161
168 1397
224 1297
653 686
407 559
706 910
696 1084
956 189
882 863
781 938
1066 1515
721 1009
578 1142
18 1523
500 413
997 186
782 939
952 185
318 640
478 443
406 479
35 15
759 991
358 613
69 1496
1000 278
318 634
528 364
316 616
633 701
300 638
406 558
96 1432
604 314
714 1062
603 317
210 1291
67 1506
639 670
128 1436
291 146
137 1430
462 464
98 1279
631 671
479 366
185 1411
714 990
387 580
651 684
573 730
317 787
95 124
98 1434
401 470
579 1143
92 1367
723 1029
615 306
33 7
316 630
254 1269
33 5
250 1241
772 960
166 1361
430 503
100 1184
302 771
727 1027
549 351
325 625
102 1210
761 993
721 1007
707 915
605 300
748 996
389 590
65 1502
563 299
1025 144
22 1539
846 1105
950 151
175 1407
91 1358
137 1462
881 860
461 297
719 1023
279 131
575 330
100 1440
295 729
1 1
589 321
996 185
927 737
579 736
952 270
688 898
644 694
613 302
873 852
167 1392
252 1267
94 1462
854 882
708 1068
80 104
138 1463
721 1037
956 187
253 1248
308 773
4 75
475 362
966 231
718 1052
810 933
403 567
961 186
996 270
407 547
575 658
370 734
682 836
161 1364
589 317
720 1024
163 1379
336 647
629 681
672 818
1088 4
467 345
320 640
674 822
685 1115
615 302
720 1006
93 1429
606 301
93 112
71 104
339 768
410 526
477 383
816 917
895 838
814 915
630 692
834 897
297 613
160 1367
228 1319
818 927
1015 170
969 212
576 733
541 365
92 108
944 161
96 1458
683 837
388 593
1013 176
1088 75
496 405
483 434
276 130
91 107
687 1099
963 194
201 1279
432 503
673 827
717 1021
8 69
127 1433
466 338
120 1432
974 223
572 729
722 1034
1037 127
393 580
49 41
68 101
97 1221
386 579
369 744
66 1503
251 1266
122 1440
631 661
728 994
774 937
300 630
165 1381
154 1466
965 196
737 1023
340 779
227 1314
195 1407
996 181
666 673
886 853
954 187
818 919
894 869
541 377
345 774
21 1530
496 419
289 142
97 1207
324 618
106 1226
1077 93
211 1328
882 861
209 1290
679 830
44 42
98 1258
1013 162
501 402
880 851
476 363
251 1254
85 107
121 1433
937 294
162 1378
479 388
719 1005
521 384
491 430
632 662
576 1160
684 875
674 1135
303 791
370 761
275 129
101 1185
51 43
165 1360
251 1234
89 105
968 248
765 1003
499 422
505 423
37 62
12 1551
875 854
9 70
775 957
832 1089
254 1227
367 815
504 410
736 1040
678 835
381 763
578 727
690 1102
641 708
573 293
301 752
396 585
1015 164
856 884
431 496
103 1187
235 1309
320 626
883 862
112 1212
960 260
388 581
107 1227
222 1299
614 303
857 885
283 135
55 47
619 313
25 1542
666 669
469 343
117 1206
762 994
692 883
464 300
191 1421
777 942
222 1301
26 1543
773 985
559 457
300 303
213 1294
101 1261
37 17
155 1467
695 899
698 1082
699 1087
55 55
777 940
528 454
499 408
593 325
905 842
247 1345
998 266
947 152
676 824
212 1297
238 1324
950 163
39 13
371 735
456 563
642 673
371 733
328 623
371 762
1058 1495
1062 1501
319 633
101 1441
263 1226
566 468
174 1401
404 570
236 1312
497 414
5 76
901 844
960 262
727 1049
985 241
307 754
891 866
1028 1179
274 1351
590 299
264 1253
542 378
633 713
322 636
833 1090
341 780
1001 269
272 1277
480 386
717 1065
136 1461
580 819
40 18
1059 1498
298 307
417 511
1014 179
808 1071
138 1431
621 315
982 246
1011 285
348 777
287 141
947 160
625 329
141 1480
763 995
537 371
1080 96
184 1382
302 810
404 568
135 1276
741 1023
22 1531
726 1012
618 312
1046 1352
622 301
774 986
102 119
95 1463
691 1103
953 265
267 1244
761 1007
647 710
125 1257
54 54
689 1095
34 6
162 1365
750 998
687 886
110 1208
584 1168
698 1080
720 996
594 326
862 886
1027 1178
626 334
953 271
319 635
289 1182
935 1170
305 774
4 4
775 963
906 845
631 679
578 1162
871 870
102 1232
86 108
53 53
100 1212
2 1567
578 333
643 709
982 208
410 554
257 1252
143 1482
714 918
191 1389
677 825
885 858
170 1395
719 1053
303 811
645 697
484 435
658 691
723 1035
100 1260
255 1228
583 1147
952 153
446 539
831 1088
949 158
830 940
253 1244
67 1504
864 891
558 456
798 951
835 1092
277 1182
97 1370
313 782
889 858
255 1232
487 400
102 1442
107 1435
955 156
600 326
725 1011
253 1258
269 1240
233 1322
10 77
529 451
469 341
301 631
53 37
992 256
99 1453
165 1423
1071 91
156 1468
819 928
912 1125
407 571
1078 84
682 1130
477 448
971 220
51 37
169 1398
829 932
99 1284
52 44
968 237
111 1205
870 834
803 958
1089 5
571 654
951 287
230 1307
165 1404
99 1374
784 941
623 302
728 1050
278 132
498 407
342 771
313 799
409 551
388 298
329 628
229 1320
455 548
450 543
1067 1516
420 536
726 1048
1019 174
184 1420
192 1405
444 484
969 206
151 1473
1091 79
200 1427
969 249
408 548
1034 1195
686 1116
363 610
723 1047
13 25
990 233
676 834
320 620
302 610
17 31
52 46
565 463
982 206
700 1076
977 216
840 905
579 1149
530 378
232 1305
972 211
512 432
102 1246
701 1077
300 747
795 941
884 857
976 225
402 576
510 400
159 1485
414 516
482 369
852 1111
761 997
65 1516
553 357
459 572
438 497
1018 173
301 639
787 947
823 924
81 105
152 1476
755 993
12 30
70 1497
950 177
388 575
163 1377
980 228
904 841
481 368
165 1411
631 683
1083 99
616 305
1010 284
825 918
129 1437
475 342
539 375
719 1055
223 1302
203 1285
105 1443
155 1465
544 382
958 191
102 1226
257 1272
526 446
414 488
610 303
1081 97
240 1336
23 1532
354 785
969 238
58 59
923 1140
614 307
1018 169
480 367
299 651
813 936
1001 275
848 1109
128 1440
186 1412
1001 190
660 719
607 310
675 823
214 1295
449 481
1075 87
434 497
896 871
669 676
180 1419
580 827
1074 86
389 594
707 1085
500 409
308 796
704 1074
1007 186
997 182
702 1078
497 418
24 1541
366 814
1029 1180
391 592
392 595
59 64
693 890
1017 172
907 850
415 491
953 182
379 754
51 39
140 1465
123 1441
244 1342
856 895
657 690
237 1323
56 48
722 1008
315 784
635 707
919 819
842 901
1023 1176
314 783
780 972
371 746
95 114
502 415
202 1280
475 348
326 626
577 660
844 907
314 800
187 1387
577 332
865 1118
299 603
337 616
799 952
687 895
1076 92
538 374
176 1408
149 1469
633 673
1064 84
41 19
934 1155
721 997
439 502
971 214
98 1460
359 600
22 1527
683 1125
98 1373
10 82
1090 6
733 1015
1000 266
365 612
327 627
854 1113
98 1198
966 191
893 868
114 1239
986 242
890 859
667 674
633 695
435 500
867 875
142 1481
936 1171
1030 1183
441 538
557 361
676 832
954 262
649 694
301 304
190 1382
306 798
748 1018
955 188
883 864
873 840
552 354
257 1226
129 1435
739 1051
955 190
306 749
12 1549
300 648
995 263
75 108
1004 282
260 1275
173 1400
319 643
1048 1356
428 525
74 107
859 877
724 1030
214 1331
203 1287
577 1167
101 1213
270 1262
729 1031
316 802
848 1107
841 906
360 617
93 109
581 1165
586 1150
965 190
397 586
567 578
998 189
878 859
968 245
217 1334
278 140
101 1455
496 403
916 1137
821 930
296 293
447 540
230 1317
691 882
102 1186
290 132
540 376
186 1386
30 1546
774 976
1053 1357
321 621
805 980
1005 283
9 5
498 421
641 672
1070 90
724 1028
322 644
670 677
1055 1488
179 1418
671 728
674 828
911 833
975 220
763 1005
804 979
97 1459
299 609
264 1227
945 162
140 1475
132 1438
433 504
518 440
93 1360
722 1010
728 1028
932 1151
523 386
230 1321
101 1282
1057 1494
636 700
614 305
785 942
727 1013
645 695
561 459
811 916
897 872
689 1101
323 645
1086 1555
419 507
957 188
1095 2
749 1019
229 1316
749 995
411 525
34 22
465 339
408 542
253 1256
376 759
403 472
552 356
532 452
946 151
502 403
302 753
363 618
688 887
697 915
403 577
516 394
234 1308
819 920
605 315
371 739
1002 280
704 1080
460 573
411 484
978 253
61 68
583 740
317 311
582 1146
35 72
791 950
941 150
938 295
13 1522
1044 134
780 943
838 895
342 773
243 1341
119 1449
421 492
350 771
150 1472
655 688
445 485
1000 274
242 1340
1032 1189
390 591
524 387
417 517
97 118
268 1245
38 12
375 758
1033 1190
774 956
100 1436
260 1233
598 318
96 117
204 1486
73 106
422 557
411 555
297 657
321 641
255 1250
828 931
920 1139
988 229
457 564
661 720
617 308
95 1372
165 1408
413 551
611 306
326 622
741 1055
752 1058
252 1235
488 401
116 1446
11 1560
901 840
79 1497
44 50
707 1073
81 1493
1031 1188
598 299
198 1425
686 1114
684 838
576 1158
321 627
27 1533
777 925
819 922
469 347
1051 113
892 867
577 1153
511 429
1092 1564
1009 184
863 887
766 1000
604 322
981 245
912 1127
744 1056
998 268
731 1033
249 1279
454 480
301 807
991 255
847 894
501 418
364 611
424 537
601 327
118 1217
302 788
382 766
231 1304
520 442
656 689
428 527
577 726
464 466
576 725
735 1039
786 943
888 857
1001 279
99 1348
969 200
533 373
1054 1487
976 221
506 424
399 596
346 771
632 672
627 335
776 945
636 716
659 718
779 971
258 1273
221 1326
941 292
887 854
47 45
113 1201
388 470
547 455
741 1053
1047 1355
633 715
993 257
100 1281
167 1362
684 1126
929 739
776 964
836 1097
162 1361
301 617
1022 290
946 159
802 921
199 1426
416 556
1043 133
632 666
168 1363
75 1512
717 1017
1008 183
310 775
360 615
414 510
214 1333
1026 145
624 316
471 344
419 513
596 328
582 737
440 505
383 816
757 1061
984 240
796 944
84 1490
87 109
635 699
343 774
879 860
195 1380
423 522
811 912
938 293
31 1553
352 777
886 865
126 1438
767 1011
822 923
305 778
254 1231
306 305
114 1202
850 1109
477 454
690 881
705 1083
36 16
1082 98
1069 85
46 38
569 297
169 1366
241 1339
556 360
971 210
255 1270
245 1343
637 705
688 1092
110 1230
812 935
166 1382
455 481
465 461
404 473
954 260
377 760
698 1086
131 1435
451 544
109 1227
178 1415
602 328
790 923
123 1437
883 854
171 1396
652 683
876 857
103 120
826 927
835 898
689 880
1060 1499
326 620
353 778
542 366
570 597
503 416
546 364
332 803
604 318
792 946
507 425
374 757
788 973
898 849
357 652
318 788
305 748
851 1110
337 648
323 637
307 795
969 251
11 1524
12 24
319 641
797 948
930 740
820 929
62 73
481 390
335 646
77 1513
36 35
689 899
133 1445
714 982
107 1229
723 1045
793 941
595 327
372 740
216 1331
401 298
734 1036
101 130
1089 78
896 839
707 911
1003 281
396 583
987 254
48 46
778 970
6 1559
600 324
157 1483
425 562
939 1172
454 547
211 1338
1014 177
640 661
206 1285
188 1388
35 66
68 86
196 1408
914 1131
482 439
775 977
913 1128
299 298
100 1349
608 305
967 192
111 1236
577 682
5 1558
54 40
190 1384
99 1445
356 813
57 58
768 1066
631 685
121 1451
68 1511
1045 1218
731 997
529 449
46 44
1052 114
114 1224
578 1164
181 1402
690 1096
711 919
668 675
68 1507
1093 1565
675 1136
535 373
766 1010
51 57
636 704
100 1194
633 663
45 37
123 1435
530 380
1084 1517
10 1559
88 110
1068 94
370 765
315 801
197 1409
729 1005
738 1024
581 1145
374 736
709 1069
297 731
519 441
34 71
827 928
793 943
333 618
398 587
76 109
514 436
843 902
479 444
474 341
1041 131
414 508
1065 1514
73 1508
414 514
533 369
580 739
525 445
628 336
807 1070
483 394
928 738
299 601
6 77
972 215
334 619
134 1456
362 609
11 29
15 1552
99 1215
239 1327
19 1520
246 1344
298 658
732 1014
426 523
162 1369
415 555
384 653
218 1335
686 1106
716 1064
942 1173
60 67
177 1412
37 11
743 1023
380 742
351 776
158 1484
1012 288
751 999
867 838
476 351
684 1120
776 924
465 467
931 741
1024 1177
259 1274
580 737
646 680
665 658
970 227
1056 1491
689 909
412 490
745 1057
749 997
414 554
777 969
953 154
148 1468
172 1399
379 746
776 988
294 1175
486 399
492 431
576 298
681 1133
850 1107
115 1203
256 1251
413 531
412 528
722 1038
762 1004
458 565
592 320
909 1122
111 1211
877 858
228 1311
591 319
775 987
730 1032
897 848
273 1350
112 1237
312 781
747 1021
972 221
508 426
1061 1500
1021 289
414 520
284 136
409 561
812 913
271 1263
855 889
9 1562
408 560
414 534
967 232
616 307
28 1544
994 258
1042 132
662 721
98 1448
616 303
861 885
513 433
95 1354
586 1158
587 1169
1017 168
101 1245
1020 175
431 504
311 776
915 1134
412 496
855 894
338 804
710 918
256 1271
975 224
29 1545
412 488
634 664
689 1117
256 1259
908 873
922 736
11 78
23 1528
38 63
638 669
12 1521
855 877
989 230
16 1563
22 1537
1050 122
845 1104
436 501
302 604
1040 130
683 834
355 649
697 911
868 1121
793 978
800 953
415 535
983 239
103 1211
564 300
124 1442
428 495
933 1154
673 819
100 1239
580 821
308 812
562 462
415 521
756 994
917 1138
970 223
543 381
716 1060
730 996
536 370
1089 76
100 1454
555 353
95 1370
806 1067
286 138
608 303
957 190
347 776
517 437
147 1471
969 202
299 607
99 1193
972 203
98 1208
493 428
551 359
560 458
193 1424
1085 1554
295 150
881 840
74 1509
285 137
470 348
960 187
998 187
841 900
292 145
650 717
220 1293
972 252
14 26
1050 109
954 155
330 629
104 1216
