100
1 1
25 38
10 17
43 42
49 35
37 32
43 19
29 15
44 16
28 38
44 33
48 33
24 2
2 3
28 2
26 26
43 32
49 40
45 35
40 40
8 13
6 43
28 31
7 2
27 4
8 48
45 9
23 31
6 38
21 30
26 19
4 25
38 24
27 2
41 41
10 4
21 6
19 22
12 25
5 3
6 2
44 35
43 16
37 49
4 39
43 37
19 25
9 39
21 32
46 8
43 35
33 44
47 33
35 44
21 38
11 22
26 4
29 17
46 36
30 45
49 44
19 29
32 45
46 17
9 42
20 16
26 21
34 44
47 5
23 33
19 10
26 13
9 13
19 4
42 40
45 5
28 3
6 7
20 34
7 19
49 33
36 42
45 2
36 33
12 24
8 4
15 4
45 17
49 38
9 20
45 12
27 18
8 2
31 45
45 33
46 33
40 45
46 3
9 4
9 36
45 8
19 30
21 21
11 26
20 17
9 48
48 36
19 7
49 5
9 18
8 49
37 38
31 46
45 34
6 41
42 46
9 35
30 46
26 20
26 32
49 36
38 49
45 4
29 16
40 46
50 50
29 33
7 3
26 23
49 49
45 18
8 5
49 31
35 46
48 49
10 2
8 35
43 36
29 14
39 39
24 38
5 39
28 32
27 28
49 43
26 5
33 46
21 33
46 10
7 38
9 41
18 30
10 11
46 18
27 3
46 16
21 31
27 16
14 24
9 38
43 46
46 6
49 39
47 34
43 33
24 33
24 19
6 3
32 46
34 46
10 45
45 36
49 34
44 36
6 49
29 34
39 48
4 28
46 34
9 5
41 42
29 2
19 28
43 17
4 49
45 11
3 49
47 36
29 38
44 34
40 43
27 38
36 35
25 32
14 26
19 23
26 18
44 17
19 14
10 5
