100
211 42
701 42
171 42
991 42
1 42
41 42
61 42
501 42
801 42
571 42
401 42
581 42
821 42
631 42
471 42
221 42
121 42
151 42
191 42
441 42
521 42
591 42
561 42
21 42
351 42
341 42
551 42
181 42
491 42
421 42
961 42
71 42
161 42
601 42
741 42
541 42
101 42
381 42
861 42
271 42
901 42
51 42
761 42
651 42
981 42
971 42
671 42
111 42
811 42
261 42
461 42
871 42
81 42
241 42
661 42
831 42
921 42
431 42
791 42
731 42
841 42
331 42
691 42
641 42
891 42
281 42
11 42
941 42
721 42
911 42
411 42
711 42
31 42
301 42
141 42
951 42
531 42
851 42
481 42
751 42
311 42
771 42
251 42
621 42
451 42
291 42
681 42
371 42
611 42
781 42
931 42
131 42
391 42
881 42
91 42
361 42
231 42
321 42
201 42
511 42
564 320
75 137
4 429
197 353
496 196
165 381
24 131
57 101
34 380
995 174
594 336
273 198
635 403
156 234
834 427
256 368
843 95
297 386
434 250
943 117
424 409
893 53
575 43
203 300
973 345
246 51
855 442
736 134
663 200
864 114
696 329
125 350
534 152
776 330
395 95
753 92
826 195
795 178
786 432
317 403
986 323
266 340
515 61
704 439
935 298
416 175
676 220
716 252
525 440
463 422
923 143
746 44
813 432
134 190
183 262
286 325
885 59
356 91
376 385
67 180
365 57
217 145
16 245
323 176
955 240
95 424
914 227
585 111
966 217
47 398
174 256
106 238
654 229
546 152
764 142
114 353
875 272
343 349
645 169
387 211
447 213
143 88
454 194
727 49
805 376
684 142
333 361
624 177
484 55
303 297
406 114
904 387
83 432
233 383
225 291
507 236
474 95
553 93
613 196
606 289
