200
103 174
100 171
67 214
131 92
165 126
46 228
113 59
37 192
131 106
150 127
67 210
75 41
13 10
159 130
57 207
39 34
27 22
71 207
37 204
161 132
65 206
37 30
35 163
14 11
147 112
39 32
181 153
19 14
136 94
143 110
129 90
35 236
66 213
160 119
10 255
1 258
113 173
166 131
159 114
10 2
186 154
11 250
94 66
160 115
182 154
88 48
44 192
36 39
19 16
47 217
90 62
7 258
15 16
124 164
151 128
30 29
117 172
36 164
145 140
22 19
20 17
102 173
48 208
145 112
29 236
29 28
30 164
30 239
46 194
3 5
80 75
132 107
181 87
77 43
21 18
57 217
87 45
93 65
45 205
78 50
160 131
144 111
48 218
46 198
77 45
132 93
95 67
103 180
129 88
132 99
158 113
159 126
131 146
159 136
38 90
106 178
183 157
37 170
83 51
79 59
77 57
82 50
9 254
101 188
78 58
103 178
45 193
47 207
2 4
149 126
38 31
141 106
136 96
130 105
44 204
79 62
106 180
36 169
32 237
182 156
30 237
23 26
189 40
37 153
181 40
193 28
161 116
59 209
159 122
130 91
38 41
37 165
143 108
11 10
152 131
46 206
38 88
66 207
142 107
124 169
101 172
16 17
102 177
135 93
9 1
35 28
37 87
151 130
107 181
36 29
44 170
58 208
99 170
79 47
76 56
7 254
48 222
45 201
38 84
90 59
26 25
148 125
132 147
49 223
91 63
78 46
52 218
22 25
148 113
131 102
15 14
79 74
45 231
92 64
76 42
1 1
78 79
165 130
27 20
158 125
112 58
31 165
10 9
7 1
37 40
177 91
108 182
82 46
88 46
53 219
47 195
67 208
29 163
2 2
27 26
28 27
87 43
1 254
14 13
26 19
68 215
166 127
38 166
109 183
64 227
56 226
161 120
28 21
160 137
8 255
38 171
49 219
68 209
34 168
203 252
168 133
122 191
104 175
49 197
79 80
123 234
118 173
102 189
163 118
70 212
182 88
98 233
163 134
91 50
137 97
140 104
188 160
31 24
139 101
60 210
112 186
138 98
82 77
12 251
15 12
55 221
47 199
36 237
89 47
38 193
134 109
204 253
74 230
3 3
111 185
98 70
196 243
12 11
39 89
8 259
202 249
162 133
8 2
5 7
31 30
149 114
187 155
184 158
130 89
45 171
16 15
194 29
38 205
43 38
114 60
2 259
152 129
84 52
40 35
155 134
50 210
83 47
111 78
73 219
96 55
89 49
58 218
197 244
154 133
91 60
114 174
81 49
173 143
133 100
54 220
48 196
51 225
4 6
199 246
120 82
192 162
49 209
54 200
28 23
31 238
127 86
171 139
32 166
39 91
42 37
132 103
168 121
40 33
200 247
39 42
62 212
96 68
101 73
133 108
119 81
80 48
198 245
160 123
100 72
11 256
72 208
17 18
178 92
179 151
195 242
164 135
176 150
50 224
175 145
174 144
157 136
167 132
33 238
128 235
104 181
6 8
39 85
61 211
86 54
31 240
11 3
125 165
116 187
182 41
41 36
24 27
146 141
180 152
110 184
46 202
133 148
121 190
97 69
169 138
126 83
68 211
85 53
2 255
144 109
185 159
191 161
201 248
38 154
190 41
156 135
170 124
99 71
47 229
20 15
105 176
18 19
115 61
183 155
79 51
88 44
34 241
33 167
137 95
81 76
162 117
107 179
78 44
80 63
134 149
80 60
32 31
160 127
153 132
133 94
46 232
69 216
172 142
39 167
12 257
63 203
125 170
104 179
25 28
146 113
23 20
