339
1125
13
94
1061
192
1018
80
512
1072
1119
1299
394
884
1272
55
198
938
359
969
531
572
763
544
945
1240
115
302
1245
562
1241
384
669
774
1286
86
255
1078
692
713
936
1075
888
397
1216
731
978
541
276
196
110
47
862
647
1201
571
690
304
1228
83
717
1165
584
335
292
426
819
504
1142
1292
487
894
200
218
297
23
137
423
274
635
1071
1182
413
1054
36
521
878
157
209
757
816
959
565
236
1248
1199
519
558
24
603
743
1274
1007
672
191
1095
598
983
855
1284
995
294
535
528
724
1
396
1112
169
642
1113
917
45
361
1169
214
556
590
177
103
224
316
705
536
231
1100
896
500
585
281
1085
92
264
524
847
741
182
12
22
1193
1214
1040
623
715
461
863
597
1027
91
1151
66
210
233
1189
1019
1300
8
876
548
860
287
283
48
136
651
506
62
684
261
222
403
998
796
383
1250
914
256
237
1263
321
262
235
1287
172
1230
124
254
1269
226
317
199
194
937
1212
239
601
475
980
375
89
1030
491
619
322
759
1132
459
1011
919
501
60
799
26
824
533
841
1016
310
751
313
551
638
1127
927
1249
851
1229
118
728
325
1141
434
964
561
1130
241
670
354
245
409
1157
587
1017
113
81
793
846
1235
54
1062
990
377
1173
35
771
1192
735
330
1224
1121
935
1180
1128
336
181
133
1158
348
109
1136
427
108
749
765
662
529
232
795
1213
720
624
974
588
411
591
99
810
838
76
444
510
33
347
168
768
1198
698
1048
722
410
159
188
932
1293
865
718
1009
315
1022
600
1167
130
777
408
1032
767
1206
726
217
251
1079
977
782
1013
149
1118
141
615
1186
400
797
899
557
784
170
431
1035
1222
1170
456
831
756
631
208
752
265
496
822
1226
342
379
79
857
633
805
513
131
1254
114
440
352
483
457
534
897
69
117
1268
43
773
569
913
637
870
1049
864
1143
858
972
1083
843
891
405
1285
925
1138
981
1294
49
644
656
324
801
463
498
837
1281
95
733
419
1231
140
658
371
700
290
789
586
1220
482
14
1279
253
915
714
1176
999
1006
679
1166
1070
334
893
809
358
948
1003
779
270
975
982
90
545
712
1152
1290
479
376
1203
484
581
139
1163
1197
391
73
258
742
190
1039
52
815
754
1190
632
206
337
804
1092
580
88
462
906
486
195
1247
736
252
1242
930
1114
82
243
946
665
467
904
869
1097
1238
1246
582
311
649
471
439
602
158
780
748
284
527
966
1044
1082
825
1105
882
549
374
1047
1257
42
449
1179
481
19
605
1050
1219
189
740
622
132
180
160
787
350
1175
388
750
120
943
441
134
554
909
727
135
744
710
1043
875
393
59
122
480
546
1295
31
1149
272
1101
630
1041
854
402
187
671
691
811
386
2
920
794
1094
664
636
173
1174
225
370
1155
1183
299
723
739
1099
867
3
973
279
30
834
879
1056
737
1156
493
762
16
987
552
260
116
890
1023
566
1137
596
1074
46
328
543
1148
178
87
259
1202
1225
424
1260
205
1068
1283
1233
1024
568
525
616
1261
555
1111
764
446
747
856
621
442
732
1160
1262
1058
788
418
626
1021
1001
910
57
1288
248
957
138
823
564
505
934
628
898
216
769
455
949
675
1194
926
1147
872
164
922
438
611
1255
21
340
711
971
1000
466
991
282
514
275
620
1104
634
203
285
249
1159
848
1073
627
1133
1051
186
266
770
280
425
1065
257
881
1168
696
1107
319
659
293
430
653
962
100
579
803
490
850
1088
207
373
458
821
1063
685
1244
247
473
1055
575
517
697
142
145
840
331
988
956
827
729
707
1089
306
1129
1038
895
916
921
709
687
508
277
7
902
489
165
11
1135
1025
706
63
753
104
1015
1154
686
1153
806
1256
778
420
119
1207
326
738
852
346
74
1221
351
802
448
378
989
185
421
604
1052
355
1076
1059
853
859
807
1258
219
542
614
515
786
20
32
958
211
404
5
1066
703
65
193
470
1037
655
1033
1005
689
151
492
502
607
106
760
979
1291
68
357
721
146
93
833
495
877
661
1171
1084
944
437
1164
1243
389
250
997
415
578
28
986
40
1096
56
963
72
365
817
176
613
469
488
1081
1012
1282
395
907
1196
530
417
516
1010
576
1208
645
839
503
873
382
385
341
688
273
1232
61
367
246
812
954
861
212
445
790
363
1296
412
320
676
820
507
450
1042
1008
792
933
167
1115
1117
112
523
593
1102
308
1234
678
947
144
574
414
887
559
976
1146
1110
537
643
866
650
828
300
952
908
1178
451
242
511
1236
244
1270
595
532
785
955
1210
1253
663
961
1108
791
560
291
1057
1195
166
125
422
766
1266
868
953
286
447
1034
968
1139
432
307
18
1106
345
197
1211
629
522
730
1069
97
640
996
871
433
344
318
1251
392
465
161
1273
783
1297
781
234
1028
694
708
648
269
298
25
829
1264
387
305
526
683
592
111
911
1239
716
677
912
570
1150
360
163
17
399
646
984
464
452
693
563
929
814
1031
39
121
668
993
547
1091
435
101
240
288
162
577
1276
278
1140
329
70
453
380
123
589
951
1029
845
1053
1093
213
960
263
808
156
494
874
1252
338
1086
660
1145
428
343
901
1205
889
1215
71
406
1045
129
67
1026
327
105
842
1275
880
1080
836
229
1004
1046
227
800
903
682
681
699
1144
1036
179
126
520
223
826
64
271
673
476
639
567
429
368
608
454
4
892
550
268
1227
704
965
1116
883
332
128
1134
1020
967
174
939
154
37
9
1298
918
666
924
776
641
296
1162
303
372
1177
609
1120
1090
10
1191
27
583
53
1267
436
143
228
215
923
369
171
1098
183
1278
1109
509
77
1122
1123
1103
1185
460
830
594
1209
775
323
1161
540
745
75
34
364
849
885
680
725
314
356
150
58
538
204
175
1237
1223
818
267
474
941
940
15
657
617
886
1124
398
994
98
942
333
401
478
612
1188
238
497
38
147
900
1218
230
148
84
155
610
78
41
606
931
599
1060
295
1271
153
844
1087
928
832
755
758
654
6
443
702
992
746
366
220
102
950
221
407
695
985
1265
905
416
618
381
970
539
1280
573
719
674
202
625
468
1181
813
1002
772
472
51
353
499
1184
152
29
1014
301
1187
652
518
1067
127
734
1217
1131
184
485
1277
667
477
362
85
1126
309
201
1259
761
553
1200
289
44
50
349
1064
1289
1172
390
798
312
1077
1204
107
835
701
96
