20
999999982 999999984
999999983 999999992
999999996 999999994
999999999 999999988
999999982 999999989
999999983 999999984
999999987 999999984
999999983 999999990
999999998 999999984
999999985 999999994
999999999 999999985
999999987 999999990
999999985 999999984
999999985 999999982
999999981 999999981
999999992 999999982
999999982 999999986
999999995 999999990
999999985 999999992
999999982 999999987
999999999 999999987
999999998 999999994
999999999 999999989
999999997 999999990
999999984 999999989
999999985 999999988
999999983 999999993
999999998 999999989
999999985 999999985
999999994 999999994
999999985 999999983
1000000000 1000000000
999999997 999999989
999999993 999999984
999999982 999999985
999999988 999999993
999999986 999999990
999999983 999999986
999999994 999999990
999999984 999999985
