20
999999983 999999996
999999995 999999996
999999994 999999994
999999984 999999982
999999987 999999994
999999990 999999988
999999984 999999998
999999988 999999982
999999991 999999990
999999981 999999981
999999988 999999984
999999983 999999994
999999982 999999998
999999986 999999995
999999989 999999987
999999982 999999999
999999990 999999989
999999994 999999998
999999989 999999990
999999992 999999991
999999989 999999999
999999988 999999989
999999993 999999990
999999993 999999991
999999989 999999991
999999995 999999997
999999986 999999998
999999985 999999998
999999992 999999989
999999994 999999995
999999995 999999999
999999992 999999987
999999984 999999994
999999992 999999988
999999984 999999997
999999983 999999998
999999986 999999982
999999993 999999982
1000000000 1000000000
999999985 999999999
