20
999999985 999999997
999999989 999999982
999999985 999999991
999999995 999999994
999999991 999999983
999999981 999999981
999999991 999999982
999999991 999999994
999999982 999999990
999999989 999999994
999999985 999999993
999999999 999999995
999999986 999999999
999999986 999999998
999999983 999999986
999999992 999999996
999999985 999999992
999999983 999999985
999999992 999999997
999999985 999999994
999999991 999999984
999999994 999999995
999999990 999999997
999999989 999999984
999999987 999999992
999999982 999999992
999999998 999999997
999999993 999999997
999999986 999999991
999999990 999999999
999999988 999999997
999999992 999999982
999999991 999999998
999999987 999999993
1000000000 1000000000
999999988 999999996
999999986 999999985
999999994 999999996
999999999 999999997
999999993 999999989
