1000
242 1263
8 4
600 601
624 498
751 704
616 530
252 1315
324 885
95 54
255 1294
410 305
95 92
709 649
382 334
97 1204
94 1087
193 1099
674 648
591 464
56 1022
102 65
512 208
876 33
412 325
824 568
408 299
192 960
147 1113
838 562
636 501
383 328
9 957
394 340
92 956
663 666
60 990
396 342
96 77
200 1215
251 1308
226 1275
348 445
818 552
368 173
826 570
625 503
645 513
367 170
713 653
96 1091
380 289
357 121
100 926
94 6
249 1294
147 1134
441 372
875 32
383 324
236 1261
752 711
191 1097
174 1152
592 528
517 215
445 370
424 304
623 493
319 455
364 147
94 53
406 297
246 1275
97 1092
296 5
377 392
770 726
193 1357
407 312
100 910
19 1068
6 2
820 588
138 95
750 703
673 807
486 260
41 1050
3 3
298 951
323 868
744 703
225 1260
46 1045
226 1245
663 822
29 1033
769 741
757 728
136 55
674 801
151 1144
623 497
196 978
817 597
261 1318
44 1043
226 1251
757 744
875 36
112 1122
166 1184
321 860
603 830
241 1262
191 1349
604 623
589 852
819 587
250 1313
605 620
896 1373
301 114
329 880
227 1276
666 800
190 1096
439 368
324 881
822 562
270 1315
606 625
345 463
539 174
607 630
199 1214
93 1363
150 1159
121 56
282 1276
871 4
459 365
451 375
643 509
641 500
227 1272
450 374
661 638
13 990
247 1262
96 1199
847 553
323 862
753 720
108 916
665 816
30 1063
32 1049
423 299
21 1027
887 32
365 162
227 1252
95 7
356 118
873 14
664 819
349 442
347 440
623 477
8 956
302 115
710 650
63 1001
388 325
149 1158
644 510
436 357
329 868
345 117
738 777
823 563
756 727
664 667
346 118
249 1284
819 593
364 161
437 360
224 1257
540 175
166 1186
368 143
224 1241
824 574
625 481
356 439
262 1319
717 682
435 294
473 283
819 559
151 1171
362 139
99 58
248 1335
366 165
357 119
369 284
519 221
379 318
540 199
736 650
530 176
660 635
615 529
300 111
413 300
518 216
813 838
382 323
673 647
603 604
151 1138
195 1210
742 650
346 439
111 1119
330 869
378 393
196 972
7 3
197 1257
227 1278
516 182
381 333
226 1261
344 455
31 1042
96 904
238 1267
190 958
781 711
675 655
251 1314
490 270
317 112
676 656
152 1186
318 857
21 1037
845 551
198 1213
409 308
98 1205
711 698
95 1110
361 133
442 373
55 1021
94 51
662 792
376 285
96 1089
9 9
358 423
297 108
644 503
691 802
670 797
750 761
513 175
196 1211
93 5
248 1277
301 938
475 175
97 56
320 859
236 1275
394 319
14 1021
660 643
368 283
621 475
484 244
666 798
673 800
68 994
486 252
20 1032
104 79
152 1164
758 729
755 738
627 501
440 381
148 1151
101 921
757 752
296 50
97 905
660 645
93 1084
344 451
759 746
513 209
363 142
301 112
605 624
715 676
542 201
357 430
197 1212
690 797
195 1353
100 69
2 2
251 1296
592 538
382 321
332 877
514 176
743 702
718 679
300 932
196 968
150 1141
754 713
711 776
97 1117
138 97
664 796
520 218
817 551
104 81
259 1278
579 133
848 554
496 252
94 902
299 948
233 1242
830 564
258 1277
34 1051
873 44
362 141
209 1216
662 794
408 325
476 178
483 269
135 54
744 769
96 1130
122 57
753 712
418 319
195 1101
606 645
366 153
277 1335
95 903
323 880
873 46
751 708
30 1034
710 701
359 424
226 1243
196 1240
197 1241
201 1224
250 1295
101 915
149 1152
627 485
433 286
93 957
149 1136
202 1217
663 795
418 323
227 1262
99 925
661 791
603 610
358 433
380 340
601 616
296 901
196 1106
682 650
190 986
25 1023
20 1022
360 132
873 6
194 1352
61 991
213 961
303 122
2 1370
189 1084
717 678
477 237
751 764
381 320
672 799
689 819
397 343
98 57
100 1091
14 1074
395 349
756 751
252 1329
96 55
476 176
512 174
335 870
878 19
673 811
412 329
604 611
152 1184
580 130
145 1130
253 1326
514 188
334 869
690 801
813 545
786 704
379 288
718 683
749 702
122 59
413 304
635 500
753 716
556 153
387 324
570 132
788 712
814 550
364 151
370 397
485 247
745 704
736 701
597 838
712 781
365 158
93 50
174 1158
665 636
369 400
160 1174
124 57
151 1163
675 649
689 796
21 1033
200 1227
395 320
816 546
821 589
97 1200
101 1200
410 301
589 464
154 1174
332 875
195 977
758 733
150 1137
774 722
406 289
383 335
319 858
363 150
71 1002
423 303
725 678
731 672
519 217
871 956
325 886
413 326
367 172
584 118
441 288
593 539
513 195
621 473
616 467
73 1004
303 116
825 565
346 466
8 1366
253 1316
474 174
97 1112
98 1201
644 512
754 725
816 550
452 376
247 1276
442 291
435 288
196 966
381 290
19 1074
18 1073
18 990
45 1044
671 798
637 504
99 909
152 1172
237 1262
11 959
297 929
361 138
135 92
64 1002
821 561
478 238
64 994
476 234
872 5
301 933
237 1266
712 652
674 662
298 930
876 17
73 1010
473 281
877 18
487 245
175 1159
458 362
159 1179
487 247
97 78
100 63
604 619
28 1032
195 965
137 94
626 482
190 1085
641 498
395 341
807 602
484 272
77 1004
405 318
704 648
191 959
705 649
180 1132
226 1271
731 653
317 114
64 1014
470 284
662 665
661 646
595 541
335 872
876 37
588 463
365 144
516 178
259 1326
769 725
100 1089
498 254
599 547
711 651
18 1020
248 1293
703 647
64 998
716 677
319 116
515 189
837 561
195 1103
704 787
571 133
194 1100
19 1021
152 1168
661 636
263 1320
880 23
780 704
627 483
356 128
345 461
297 902
323 864
153 1173
490 272
11 1079
473 173
101 1204
408 329
496 260
96 1111
261 1280
514 210
624 478
146 1196
824 564
756 743
614 528
22 1024
712 777
787 711
578 128
615 533
691 798
28 1022
486 274
478 176
258 1283
406 319
99 62
786 710
409 300
1 1
438 361
605 606
359 131
409 304
594 540
879 26
515 177
617 472
258 1293
439 362
710 775
743 768
441 370
278 1336
149 1191
302 121
63 993
625 501
359 416
807 616
606 643
780 708
754 741
101 911
597 545
605 634
401 341
758 745
110 1118
505 233
459 363
434 287
486 262
822 578
359 119
442 289
10 958
737 776
662 647
516 214
517 183
251 1310
672 806
196 1104
539 198
154 1166
642 501
371 402
107 911
92 4
588 461
249 1306
517 189
789 713
109 1112
820 560
681 649
588 456
595 543
22 1038
150 1155
225 1248
407 298
203 1220
76 1003
635 498
150 1162
682 656
516 212
9 5
409 326
36 1053
531 177
699 792
633 479
202 1219
637 502
98 87
248 1305
625 479
298 109
875 16
152 1166
755 726
192 1098
193 961
755 742
589 537
592 849
491 273
260 1317
250 1307
769 721
365 152
592 465
355 438
332 869
149 1148
154 1180
161 1175
449 369
591 537
185 1088
101 64
377 286
397 345
677 657
515 211
146 1112
614 465
108 912
782 712
436 359
62 992
170 1163
369 144
837 581
319 451
226 1249
358 431
153 1179
20 1069
475 243
10 10
150 1153
225 1258
137 100
302 939
367 166
65 1003
602 617
198 1242
370 285
366 169
662 639
597 842
606 635
304 941
751 762
189 957
622 496
93 901
602 603
896 1
148 1135
378 287
346 464
757 732
408 313
736 775
674 808
356 429
225 1242
109 917
606 627
330 877
596 544
355 117
711 780
407 324
154 1164
571 418
159 1173
564 141
12 960
297 51
604 605
13 1020
485 273
277 1305
299 110
97 1127
193 1351
564 139
510 170
681 655
702 646
103 78
543 202
510 172
554 151
166 1172
601 602
199 1351
497 253
250 1287
474 232
97 74
201 1216
56 1024
754 721
241 1266
483 243
1 1373
147 1132
320 452
624 500
570 417
65 995
322 867
94 1085
330 875
529 175
484 270
367 154
365 164
254 1317
578 429
44 1049
21 1023
437 386
825 569
107 915
236 1271
345 456
247 1304
665 797
318 115
786 708
484 250
95 104
72 1003
322 861
569 416
194 1209
512 198
879 22
708 648
209 1224
92 1366
624 519
146 1131
434 355
368 281
78 1005
98 908
607 628
136 93
887 16
249 1300
299 931
259 1316
878 21
831 565
405 288
250 1285
615 470
616 471
615 466
156 1137
450 370
406 323
635 519
846 552
22 1028
6 1370
598 546
814 546
248 1283
515 191
325 882
717 690
199 1230
618 473
33 1058
35 1052
259 1280
13 1073
71 1014
636 507
312 931
598 839
745 770
492 274
714 675
32 1043
145 1111
643 502
247 1264
261 1278
579 129
193 963
192 1350
440 369
320 458
109 1117
387 328
874 15
414 301
485 265
485 245
485 251
422 298
483 233
303 124
98 906
98 85
194 976
475 269
97 84
618 475
752 719
541 200
435 356
95 1088
370 401
603 618
320 456
600 548
194 964
249 1290
345 438
358 130
31 1035
719 684
195 1239
713 672
195 971
578 118
106 63
246 1271
476 236
115 1119
10 6
348 441
819 553
33 1050
246 1261
818 586
424 300
716 689
475 233
628 486
724 677
111 1121
303 940
72 1009
151 1142
897 1374
830 568
872 43
607 646
357 129
12 989
780 710
821 581
344 116
380 319
229 1276
557 154
622 476
702 791
364 143
569 131
714 673
751 710
555 152
773 721
742 701
511 173
497 257
132 939
544 203
99 86
596 542
399 347
350 468
40 1057
766 755
9 1367
867 898
606 613
163 1177
112 1120
477 179
772 728
517 179
438 387
104 1095
485 271
706 650
359 432
715 674
53 1066
822 590
116 1120
205 1359
66 996
811 836
309 127
626 504
287 1343
567 414
34 1059
579 119
139 98
856 845
817 547
150 1149
646 514
198 980
499 255
167 1185
599 840
69 995
212 982
151 1156
519 185
732 673
327 888
275 1333
153 1185
882 25
86 1019
221 1234
155 1165
218 985
254 1289
667 799
669 802
278 1306
318 113
664 823
688 818
109 913
549 230
20 1075
696 805
359 434
679 659
899 1376
59 1072
331 870
759 754
396 350
516 192
367 146
420 310
440 363
852 558
244 1265
426 302
580 134
281 1339
768 740
374 405
486 246
368 171
520 222
482 242
197 967
384 325
437 358
474 282
229 1254
164 1178
131 938
320 117
624 494
240 1269
836 580
756 739
311 947
321 459
695 671
412 307
23 1029
793 717
168 1150
191 987
748 707
16 1023
268 1325
521 219
292 1348
601 549
72 1015
358 120
455 379
102 922
610 632
390 327
250 1291
158 1170
200 1108
728 693
419 320
105 68
383 322
227 1244
300 949
868 899
790 714
759 734
476 270
800 790
65 999
349 446
248 1263
117 923
297 6
636 491
480 240
331 878
272 1303
806 833
541 176
518 190
618 469
340 891
891 42
398 344
558 155
684 658
516 190
536 228
294 1362
186 1089
284 1340
305 118
397 322
345 452
840 564
210 1217
707 651
362 134
898 1375
841 583
242 1267
12 12
771 727
235 1256
479 177
109 90
103 66
341 892
466 390
104 67
507 279
346 462
690 820
250 1301
79 1006
220 1233
155 1146
254 1327
668 642
96 8
568 415
547 206
781 709
858 847
834 576
593 850
820 554
562 411
886 31
95 1086
655 524
493 275
262 1281
511 171
855 844
839 563
667 801
616 534
386 338
412 303
500 256
286 1342
197 1105
827 571
248 1265
608 609
169 1188
880 27
494 276
879 20
361 123
538 197
100 1203
496 278
683 651
589 457
326 883
57 1025
784 714
608 631
814 839
488 246
649 516
851 557
140 99
741 780
489 249
761 718
645 511
371 286
43 1060
823 591
894 1369
409 330
167 1187
838 582
502 264
16 1076
119 72
467 391
522 220
462 384
642 499
360 425
368 167
105 1208
94 1364
407 290
410 309
370 145
293 1361
822 582
118 1126
542 177
171 1164
446 371
576 427
373 404
721 686
254 1299
447 296
487 253
105 82
676 650
528 194
302 934
19 991
743 651
464 388
379 394
552 409
362 435
677 804
304 123
600 841
99 907
548 207
184 1236
805 832
796 774
546 205
271 1316
252 1311
683 657
211 1226
217 984
107 64
127 935
662 637
361 426
460 366
752 765
339 890
27 1031
175 1153
605 612
877 48
711 702
566 413
97 1090
99 1202
792 716
328 889
154 1157
237 1272
222 1235
808 603
427 334
125 58
57 1023
167 1173
228 1273
563 412
661 644
428 307
113 1123
75 1012
360 417
828 572
718 691
760 747
307 126
484 234
98 10
198 974
130 937
663 648
636 520
49 1048
590 853
165 1183
843 585
818 598
667 670
832 566
160 1180
810 835
722 687
96 93
574 136
290 1346
101 927
878 35
697 821
229 1274
864 895
214 962
321 457
565 142
342 893
150 1116
230 1247
747 706
495 277
820 594
411 302
360 120
227 1250
228 1253
24 1040
809 834
443 374
608 647
758 753
407 320
589 462
714 779
365 148
202 1225
815 547
27 1041
553 410
762 749
448 376
280 1338
198 1356
91 1083
560 157
477 235
618 532
274 1332
210 1225
333 878
877 38
24 1026
443 290
829 573
781 705
626 480
729 694
410 327
504 268
663 640
698 824
162 1176
39 1056
156 1182
730 695
487 263
102 916
264 1321
391 331
153 1167
204 1221
366 145
604 831
288 1344
411 306
776 724
442 371
436 295
526 224
881 24
561 158
735 700
23 1025
153 1187
267 1324
153 1165
74 1011
637 508
343 894
256 1295
509 407
398 346
324 869
207 975
421 311
692 799
815 551
363 436
176 1160
862 855
372 403
243 1264
481 181
752 709
291 1347
611 614
593 466
693 800
534 180
84 1017
245 1270
384 336
755 722
582 132
831 569
429 316
383 292
65 1015
381 341
607 622
497 261
513 199
426 306
692 803
358 122
143 106
310 946
105 80
798 786
51 1062
665 668
888 33
678 658
630 488
298 903
208 1223
302 113
686 814
518 184
723 688
50 1061
654 523
586 437
503 267
488 276
487 261
5 5
315 953
295 1365
181 1133
327 884
812 837
764 736
29 1023
783 713
432 354
98 1093
262 1279
889 40
215 1229
413 330
324 865
266 1323
369 168
785 715
877 34
488 248
746 705
748 773
411 328
279 1337
112 920
307 944
534 226
415 302
306 943
95 52
155 1181
331 876
260 1281
17 13
333 870
404 352
118 924
102 1205
393 339
417 333
156 1176
260 1279
456 380
436 289
870 955
629 505
705 788
472 406
219 1232
694 664
713 782
82 1013
719 784
152 1145
755 766
52 1065
869 900
676 810
726 679
147 1197
89 1081
720 681
392 332
304 125
685 661
607 644
700 793
346 457
101 1092
613 633
114 1124
110 914
491 271
237 1276
151 1154
58 1026
453 377
199 1243
316 954
382 291
648 495
110 918
732 654
196 1354
201 1228
416 303
138 101
831 595
666 637
629 487
657 526
153 1140
892 49
550 231
859 848
733 696
804 829
308 945
854 600
228 1277
853 599
305 942
139 96
256 1319
198 1258
83 1016
680 660
299 952
414 327
480 180
650 517
791 715
737 702
632 490
719 692
197 973
227 1246
152 1139
714 783
148 1114
737 651
579 430
298 52
625 499
384 293
126 61
797 785
740 779
535 227
206 1360
647 515
134 91
330 881
506 234
112 71
324 460
752 705
191 1086
631 489
333 876
100 1207
149 1115
197 969
884 29
196 1102
474 284
123 58
612 615
415 328
533 179
443 292
85 1018
366 163
347 467
326 887
216 983
431 353
249 1336
384 329
607 636
259 1284
675 809
223 988
153 1169
207 1109
865 896
628 484
226 1259
249 1278
247 1272
414 305
794 760
66 1004
770 722
501 259
141 102
228 1263
47 1046
787 705
155 1167
638 503
640 510
32 1036
200 1352
590 538
251 1266
400 348
155 1175
606 607
203 1218
585 119
372 149
99 1094
253 1330
850 556
21 1070
664 641
653 522
598 843
313 932
15 1075
251 1286
380 395
625 520
336 871
825 575
23 1039
658 527
370 157
239 1268
720 685
676 803
11 11
551 408
200 970
572 134
403 351
152 1143
197 1107
587 450
463 385
182 1195
639 506
178 1193
148 1133
575 422
486 266
144 107
581 131
388 329
375 160
183 1198
775 723
833 567
22 1034
712 699
75 1006
348 120
651 518
727 680
102 1201
824 592
26 1024
22 1071
98 75
590 465
508 280
572 419
826 566
125 1129
21 1076
476 244
849 555
755 714
12 1080
477 177
67 997
608 629
151 1160
351 444
253 1298
573 420
444 375
150 1192
787 709
844 596
199 981
523 186
188 1238
12 8
172 1189
255 1318
259 1294
457 383
260 1327
314 950
45 1050
33 1044
304 117
419 324
87 1077
283 1277
102 89
888 17
99 1206
402 342
835 577
2 1374
799 789
347 119
583 137
13 961
893 1368
537 229
801 826
687 815
4 4
252 1309
15 1022
514 196
354 449
454 378
517 213
37 1054
719 680
327 866
123 60
194 1358
628 502
7 1371
565 140
714 654
659 536
97 1131
620 535
638 505
734 697
257 1292
756 715
545 204
857 846
93 1367
593 529
607 626
498 258
31 1064
173 1190
3 1371
795 767
779 759
357 440
861 854
878 39
897 2
100 59
460 364
102 912
11 7
322 454
366 159
42 1051
14 991
634 480
739 778
255 1312
663 793
525 223
763 750
430 317
684 652
54 1067
385 337
759 730
652 521
336 873
350 443
524 187
363 140
194 962
396 321
409 314
70 1000
532 178
120 73
234 1243
665 820
252 1297
321 453
765 737
111 919
461 367
369 174
872 957
471 285
99 88
487 275
573 135
489 277
874 45
827 567
24 1030
48 1047
88 1078
257 1302
98 1118
713 778
675 802
338 879
760 731
761 748
138 57
693 804
353 448
369 282
101 70
674 812
802 827
656 525
441 382
232 1255
519 193
675 663
606 621
895 1372
607 608
451 371
137 56
469 399
842 584
179 1194
110 1113
358 441
479 239
574 421
269 1328
626 502
98 79
67 1005
205 1222
410 315
157 1138
746 771
866 897
416 332
778 758
98 1113
808 617
133 940
559 156
97 9
324 863
187 1237
289 1345
101 1090
273 1331
368 155
754 717
81 1008
885 30
347 465
777 757
263 1282
619 476
108 83
481 241
38 1055
619 474
200 1231
701 825
197 979
446 293
129 936
142 103
465 389
636 499
425 305
200 1244
860 851
352 447
767 756
96 105
883 28
752 763
681 813
527 225
337 874
609 648
823 579
90 1082
389 326
369 156
276 1334
637 492
94 958
577 428
890 41
98 1128
177 1161
622 474
747 772
770 742
80 1007
486 248
760 735
371 146
425 301
371 398
874 47
646 505
666 669
128 76
231 1280
228 1279
251 1288
197 1355
238 1263
265 1322
285 1341
230 1277
863 856
703 792
162 1147
468 396
117 1125
102 928
229 1264
617 531
74 1005
803 828
617 468
645 504
666 817
874 7
