300
9 15
89 293
266 26
50 153
273 1
60 274
91 295
24 356
180 155
46 149
249 57
88 292
6 4
213 112
10 20
24 58
26 62
51 186
215 116
162 158
91 299
10 16
224 118
181 156
23 355
201 360
31 357
111 232
8 24
83 293
169 179
52 195
190 142
136 219
212 87
33 357
209 74
150 197
23 57
250 58
243 57
169 167
223 128
167 155
230 102
7 13
27 77
56 211
200 363
40 73
23 94
24 362
248 56
9 43
157 166
110 231
158 161
143 204
56 228
7 39
231 103
105 272
180 165
172 167
117 246
41 74
25 145
199 141
62 317
157 170
54 197
242 56
111 264
75 293
31 359
51 190
146 203
48 151
57 229
8 34
53 338
58 272
63 318
209 98
21 43
214 130
241 55
161 157
201 358
109 230
134 211
118 247
169 175
115 244
212 111
26 346
9 35
25 142
82 312
25 75
193 141
26 60
257 33
58 223
156 165
27 81
6 2
23 73
214 128
177 166
5 9
23 140
210 75
198 140
83 297
45 346
7 41
92 302
81 291
58 213
231 105
24 88
173 172
22 72
8 14
213 114
155 154
173 168
244 58
28 60
198 355
210 101
63 281
112 259
59 273
1 9
22 374
5 1
53 192
1 1
59 214
11 45
210 99
113 234
194 142
242 64
155 186
21 373
25 363
210 83
46 147
198 369
116 241
10 44
56 205
7 5
50 151
90 294
6 12
74 292
55 210
216 124
124 236
259 13
47 150
55 204
82 308
199 356
61 275
57 271
58 325
22 378
157 156
71 280
23 375
156 155
55 198
136 213
117 238
261 29
73 291
213 104
265 25
24 141
71 317
200 357
7 33
23 69
40 94
212 103
24 352
31 77
112 233
48 153
30 356
27 347
257 41
51 154
180 183
84 294
135 212
81 311
53 196
172 171
82 292
147 200
12 46
257 13
211 84
72 290
112 265
137 222
137 220
72 281
57 222
169 171
64 282
8 54
8 42
116 237
113 260
55 332
146 335
9 19
2 12
260 14
211 110
24 74
257 39
12 48
218 122
146 197
237 73
52 187
74 312
21 55
9 25
117 250
207 72
207 56
56 207
6 384
168 166
76 294
118 251
25 65
156 183
223 115
108 229
260 24
55 200
45 146
22 139
208 97
65 285
59 326
216 122
57 212
5 11
54 335
215 104
215 121
212 85
214 115
158 167
168 178
73 311
20 54
20 42
92 300
211 102
54 203
58 217
26 146
32 78
116 245
65 283
167 165
52 191
262 26
143 210
61 279
26 76
167 183
158 157
115 236
23 369
224 116
261 25
250 60
25 59
147 198
259 33
62 280
213 106
1 11
62 276
22 56
114 235
208 73
26 364
53 188
159 158
93 301
37 67
217 123
30 64
225 119
220 126
106 273
258 42
86 296
55 194
57 206
170 172
234 135
213 86
33 79
233 107
27 365
211 100
120 253
36 366
64 319
94 304
166 164
120 249
8 40
12 22
268 28
60 215
219 123
11 17
27 147
203 362
7 385
9 55
211 76
56 199
52 155
29 349
138 221
65 320
68 288
2 10
34 80
158 171
79 297
66 284
56 333
128 258
201 364
213 88
138 223
133 330
76 314
258 34
69 289
224 129
215 129
70 227
232 104
123 255
236 137
42 75
7 3
157 184
216 117
196 144
246 60
168 184
159 168
121 243
13 49
165 163
113 266
176 177
54 189
258 40
93 303
186 343
148 199
267 27
229 134
142 331
160 169
13 47
63 277
96 306
115 262
28 348
83 309
240 372
256 382
8 6
19 32
181 184
25 357
125 237
200 142
25 377
104 324
126 256
43 76
215 131
175 174
2 2
67 287
60 327
100 316
170 180
59 224
214 113
251 61
24 376
4 14
61 216
216 105
24 370
11 37
49 154
182 157
80 298
147 336
148 201
32 358
270 32
10 36
24 70
101 321
202 359
107 329
16 23
11 27
6 10
226 120
117 242
41 95
26 143
119 248
174 169
87 299
95 305
66 286
32 360
174 173
191 143
59 202
197 354
51 152
192 351
24 95
97 307
23 379
239 138
164 174
206 371
36 86
10 26
132 270
3 13
185 342
127 257
61 328
83 313
137 214
139 224
60 209
222 92
49 152
216 89
22 44
54 193
140 225
37 87
25 353
23 45
151 198
205 368
218 109
34 358
114 267
131 269
66 221
272 386
55 336
183 158
243 65
57 208
254 68
92 296
47 148
77 295
181 166
149 202
262 30
252 62
12 18
274 2
119 240
199 370
175 170
85 295
214 105
98 310
141 226
225 117
144 205
222 127
78 296
84 314
44 96
103 323
17 52
35 85
232 106
28 78
260 34
168 156
102 322
255 381
42 71
188 345
253 63
27 61
12 38
159 162
28 82
30 380
170 176
214 107
25 89
178 167
14 8
184 185
258 14
152 337
217 108
269 31
170 168
72 318
179 182
15 50
227 132
217 90
129 263
18 53
54 339
145 334
147 204
189 350
99 315
245 59
9 7
204 367
59 218
156 187
118 239
84 298
251 59
122 254
130 268
29 61
144 211
75 313
16 51
201 143
261 15
46 347
264 28
114 261
263 27
39 93
154 341
163 159
64 278
164 160
208 57
56 201
271 383
119 252
60 225
235 136
202 361
58 230
11 21
26 66
238 74
73 282
171 181
153 340
217 125
35 361
195 143
38 68
247 61
228 133
221 91
187 344
27 63
