1800
83 324
1125 1723
196 1016
1501 2314
574 681
773 2249
439 387
879 1410
313 779
907 1375
190 913
270 756
829 1446
519 868
1141 1698
1475 1128
1064 2142
1063 2130
1498 1064
205 1024
45 156
189 908
779 1216
31 334
32 261
134 116
4 2493
1177 1758
90 285
712 1108
1042 1662
293 795
385 951
1103 2100
103 286
1126 1728
1544 2470
733 1142
1086 2129
195 1037
345 798
23 51
184 2463
530 642
1581 250
102 285
1102 1682
1430 1254
1269 1944
157 116
243 471
1432 1250
1217 1854
707 1089
533 683
473 366
511 739
59 209
272 774
510 744
1305 1953
108 299
1076 2142
1560 2463
436 359
976 1540
788 2202
537 647
1398 1652
194 857
30 230
710 1098
819 1463
1517 1064
1398 1646
57 180
318 823
1541 340
58 208
1210 1768
1224 1789
1092 2131
137 103
1153 1688
1257 1898
157 114
81 334
380 919
955 1527
1046 1668
5 27
954 1526
1225 1818
43 154
128 54
1435 1279
532 656
109 300
1154 1697
1501 1069
191 354
640 2354
995 1535
1332 2019
965 1567
771 1200
30 176
206 1021
862 1396
393 961
131 57
432 442
1064 2156
201 560
1428 1244
950 1501
1239 1825
157 83
33 200
510 634
1562 2453
1544 2466
530 670
96 173
82 331
195 586
780 1614
913 1364
319 828
1262 2062
31 260
480 356
551 712
1036 1662
708 1122
1529 2337
1222 1841
1434 1278
1140 1713
1216 1857
26 140
965 1539
318 817
760 1138
861 1419
194 519
511 872
1223 1834
34 197
315 804
1223 1814
950 1530
1433 1261
339 810
507 864
732 1177
734 1179
531 637
1307 1998
292 757
508 579
196 600
131 62
60 210
404 942
1054 2176
706 2319
391 959
1015 1297
996 1526
133 123
1100 1680
116 299
245 486
33 194
978 1544
45 162
1434 1264
1239 1805
1597 148
645 2366
1424 1203
1047 2183
593 620
775 2237
894 1403
56 179
33 188
767 1126
877 1406
1122 1686
907 1348
790 2218
1553 2474
828 1393
1569 2441
327 818
643 2402
132 71
1146 1696
1078 2152
1569 2456
528 728
1543 346
251 480
1501 2308
766 1125
1191 1865
979 1545
297 783
727 1125
1306 1981
1307 1982
842 1354
509 737
1441 1257
884 1395
783 1645
1431 1237
282 765
782 2198
1110 2113
732 1141
714 1110
559 692
186 342
32 277
786 1620
1224 1791
533 717
191 358
1617 13
1335 2022
441 410
283 766
1175 1764
108 293
653 2384
1146 1692
194 917
1319 1954
510 615
950 1519
1551 2470
1424 1222
1041 1661
187 350
429 354
1260 1903
778 1219
973 1539
1140 1691
27 2485
772 2246
333 804
118 301
1140 1695
833 1369
1308 1987
1140 1715
210 588
635 2418
1618 14
545 661
791 1625
195 858
935 1571
1181 1766
834 1370
250 479
413 923
198 505
1304 1979
192 736
359 1009
531 681
698 2352
784 2200
557 690
1249 1778
989 1527
1314 1956
62 212
667 2388
1191 1897
1169 1684
617 555
767 2277
808 1307
1070 2142
1177 1754
24 148
1052 2180
192 547
1211 1769
631 2414
774 2266
158 84
1511 1066
782 1644
1041 1645
587 634
778 1215
194 458
727 2284
974 1540
437 360
1138 1711
1098 1674
1518 1065
28 248
782 1302
320 825
1177 1772
58 206
1044 1664
34 195
1498 2319
1197 2082
199 850
1458 1211
777 1214
466 356
362 1004
135 97
1529 1058
729 1190
197 512
783 2247
188 897
195 1015
786 1594
815 1306
33 262
4 51
1462 1201
830 1435
1430 1240
140 71
1222 1807
191 848
966 1564
335 806
949 1555
1089 2136
854 1354
783 2199
552 713
692 1059
714 1112
194 559
190 577
1449 1237
1125 1727
782 2196
781 1301
1609 42
195 564
791 2221
936 1495
641 2355
413 921
116 293
785 1619
8 20
711 1123
1224 1815
1123 1721
876 1405
76 181
939 1508
194 585
663 2380
1175 1752
249 478
472 365
933 1490
231 586
779 1293
664 2369
269 736
779 1613
25 53
368 992
113 300
1154 1703
1256 1873
555 688
196 567
1221 1832
779 1295
906 1347
159 85
784 1590
245 478
624 888
509 731
1209 1775
1424 1211
713 2290
821 1457
861 1447
654 2389
98 175
770 1197
453 360
4 32
363 987
1507 1067
31 328
1220 1849
411 927
3 5
410 918
507 578
188 553
1139 1712
1425 1206
151 84
789 2217
383 947
246 479
1542 2464
1120 1744
1263 1906
818 1346
1562 2459
1194 1890
1302 1903
484 371
1524 1059
789 2203
1222 1813
575 678
1313 1960
1329 1987
728 1126
529 635
886 1397
559 694
768 1127
912 1361
1259 1902
410 1009
1260 2068
574 671
1542 2441
748 1144
193 584
536 646
1080 2150
720 1108
1100 1674
1492 1091
827 1348
788 2200
938 1507
1200 1880
1195 1883
195 532
807 1331
589 617
209 587
1190 2079
110 301
1331 2018
196 535
249 486
185 2441
687 2351
206 1017
784 1586
772 1201
1270 1911
347 781
1622 4
31 282
1502 1078
19 15
190 555
82 321
1065 2143
860 1394
908 1361
1432 1256
1087 2140
530 636
1269 1906
1431 1247
664 2375
923 1332
96 153
818 1462
1502 1070
815 1475
865 1425
687 889
1193 1889
1218 1779
1606 39
245 498
1543 2442
690 2344
819 1465
61 211
512 746
908 1367
1260 2058
829 1394
536 644
1426 1278
130 75
780 1296
1177 2079
1196 2081
1334 2021
545 643
132 122
1126 1730
1472 1195
191 455
691 893
665 2376
713 1109
136 102
230 585
194 527
575 672
26 54
562 691
1052 2174
1224 1835
137 86
668 2373
948 1499
1176 1761
1034 1616
317 816
1551 2466
747 1143
1320 1968
318 833
607 890
1411 1293
787 1595
788 1596
1222 1809
1500 1076
738 1159
931 1488
185 2464
631 2422
627 2353
783 1585
690 1057
296 782
653 2388
160 88
1339 2024
190 899
189 352
731 1174
961 1503
781 1297
192 456
1219 1804
1137 1686
985 1525
835 1379
1307 1960
1281 1928
625 2432
1037 1663
1130 1723
1277 1914
533 721
281 762
657 2384
25 2489
508 613
642 2356
1319 1967
1321 1969
1269 1910
442 401
1019 1315
1112 2107
1501 2306
835 1373
784 2210
1562 2457
1220 1847
937 1506
14 16
47 250
237 471
996 1530
317 822
436 426
1042 2190
272 760
467 393
278 761
39 194
495 357
1215 1776
1393 1665
1097 1673
1137 1720
1426 1286
30 250
191 914
529 616
784 1487
893 1352
1102 2099
129 55
829 1350
8 32
940 1509
893 1394
1046 2172
1171 1752
730 1137
644 2358
1427 1233
518 871
1017 1313
44 155
238 472
1315 1994
5 2494
665 2386
31 276
483 370
774 1203
1025 1317
1220 1801
30 179
196 587
190 909
652 2383
304 780
1307 1986
961 1501
133 64
437 418
894 1401
195 530
924 1333
648 2360
1279 1916
312 757
1268 1909
2 4
131 121
786 2208
319 834
1024 1320
1427 1225
553 686
465 355
27 141
1176 1871
1329 1999
472 369
1046 1672
1577 250
1308 2003
934 1574
1190 1766
770 1199
191 578
1492 1101
1 3
183 275
1210 1776
1309 2000
428 353
434 426
172 80
1064 2131
540 648
1121 1685
700 2354
209 598
531 671
1217 1778
1277 1934
1503 1071
1 1
485 376
193 737
1219 1780
1587 240
192 557
768 1195
1191 2080
861 1395
977 1543
531 661
1191 1875
935 1492
508 865
467 364
140 63
196 853
442 399
246 499
691 2337
295 781
364 1000
189 554
644 2403
1311 2010
1432 1260
1035 1661
1204 1879
30 162
688 2362
1485 1124
932 1489
1524 2324
611 736
829 1434
1035 1659
244 472
868 1422
338 809
270 741
31 159
198 1026
1077 2149
734 1143
130 56
1336 2023
977 1549
885 1396
146 127
1284 1921
1220 1825
313 802
345 779
1104 1744
554 687
968 1558
318 819
1430 1236
1306 1967
136 85
192 1048
507 848
185 888
189 544
35 190
731 1138
694 1061
835 1438
710 1104
1064 2158
192 525
1552 2471
781 2225
1105 1685
1192 1876
1271 1940
191 900
987 1529
706 2303
1529 2327
414 934
1023 1325
223 1015
692 2332
1561 2441
1025 1315
1330 2017
382 944
1062 2129
551 684
1500 2313
1018 1326
778 1292
279 762
1542 341
518 867
244 477
3 9
313 798
271 759
117 300
361 983
950 1526
196 561
1430 1246
789 1599
360 919
27 151
1070 2156
1139 1688
191 735
107 292
1309 1988
15 17
1105 2120
782 1584
434 359
366 990
277 760
1168 1683
815 1331
965 1555
138 108
699 2353
382 976
949 1539
820 1338
773 1210
1111 2106
1607 40
1262 2060
298 784
711 1099
195 459
692 2328
820 1466
192 359
9 33
711 2294
1308 1991
1243 1804
781 2217
592 616
695 1064
82 283
1016 1312
736 1165
1243 1780
1328 1998
1281 1918
532 720
192 849
689 891
776 1213
899 1394
196 1024
468 358
1061 2128
587 615
646 2367
1573 281
326 817
1315 1992
562 697
781 1609
705 1061
483 359
509 614
783 1633
197 588
1308 1999
103 292
1448 1234
1122 1738
320 829
211 592
1275 1912
733 1178
193 457
1078 2150
816 1344
532 644
29 249
662 2383
1531 2329
386 952
1176 2078
367 991
1449 1235
4 36
28 240
1545 2467
948 1524
1353 1999
1191 1873
453 418
862 1430
187 896
412 928
732 1139
629 2353
768 2280
711 1091
1370 1902
388 970
893 1400
1397 1645
210 591
769 2273
1221 1806
1341 2026
250 487
1598 53
1224 1817
1130 1727
196 851
694 1063
1419 1210
1146 1698
1060 1672
938 1513
1192 2085
1473 1128
507 735
1331 2042
1517 1088
1429 1271
65 215
1321 1956
976 1542
781 2195
773 2247
712 1124
726 1124
808 1309
467 357
196 533
1530 2328
643 2357
1544 343
39 188
860 1434
510 871
145 126
34 189
1120 1684
1577 254
191 864
783 1617
431 356
688 890
1089 2132
642 2407
1262 1905
32 187
646 2362
104 289
1426 1224
386 970
1221 1812
97 174
624 341
1167 1682
1311 2008
1047 2173
271 757
243 467
196 598
183 281
390 954
1152 1687
441 406
1608 41
382 942
1062 2166
1440 1256
537 653
636 2419
6 16
384 950
1025 1321
134 67
197 461
775 2251
546 662
57 205
1045 1665
693 1060
936 1493
380 940
383 945
146 129
185 341
75 180
1283 1920
468 365
194 604
1423 1210
137 99
195 354
190 903
1338 2031
1569 2448
1500 2305
974 1542
145 124
160 86
205 1016
630 2413
837 1371
1359 1981
1283 1924
466 390
554 705
1282 1919
630 2354
835 1375
1552 2473
1220 1827
708 1104
1598 57
532 682
1112 2103
1399 1647
239 473
1476 1129
216 588
864 1424
645 2359
879 1408
45 158
715 2288
1170 1751
316 815
1034 1638
468 369
167 83
1065 2147
430 448
193 558
510 867
197 465
1261 2059
652 2367
81 328
188 891
533 657
430 446
1239 1827
197 1033
81 282
195 918
1314 1987
778 2230
110 295
807 1306
995 1502
712 1116
1103 2116
89 284
783 1589
1104 2119
1194 1886
6 24
692 2324
212 593
32 181
1419 2241
594 621
930 1487
441 398
381 941
334 809
558 697
668 2389
438 386
1051 2173
1015 1301
973 1555
1262 1909
1126 1724
442 407
30 275
1063 2167
193 609
997 1527
388 952
369 993
1256 1897
1155 1704
862 1420
249 498
91 310
364 988
532 646
1176 1765
1098 1680
83 322
270 737
1560 340
953 1514
774 2236
109 304
512 875
819 1347
59 223
1070 2131
713 2288
196 464
96 151
1123 1735
7 17
546 664
1605 50
828 1453
785 1593
793 2199
907 1360
658 2385
967 1557
909 1362
936 1499
1176 1753
186 889
850 1350
1070 2158
1314 1961
190 353
708 1098
1223 1788
63 213
486 377
195 605
588 616
784 1592
48 251
1304 1952
594 623
1314 1963
346 799
771 2261
829 1389
767 1194
1259 2067
1012 1302
832 1441
784 2208
1087 2130
1170 1749
236 466
267 460
1499 2304
1606 32
1305 1976
775 1212
792 1626
1189 1765
785 1629
504 352
132 63
338 805
1423 1202
715 1091
1400 1654
194 1014
188 907
1221 1782
539 647
413 929
442 411
949 1525
967 1561
334 805
579 672
1329 2016
1429 1235
777 1291
774 2254
785 1625
973 1567
325 816
1169 2095
1222 1833
26 150
920 1345
183 339
429 451
1541 2440
861 1449
1448 1244
1216 1777
44 161
1221 1796
1122 1720
664 2373
190 545
729 1136
469 370
1491 1098
137 90
875 1394
194 738
1261 1904
691 2327
272 772
381 920
595 624
484 375
689 2343
361 981
24 52
711 1095
1274 1939
791 1619
1543 2444
735 1168
32 283
519 872
30 232
294 780
281 764
1504 1080
250 495
5 15
1101 1677
26 238
652 2360
1499 1065
884 1405
774 1211
1431 1249
775 2255
277 772
728 1189
237 467
1498 1088
1066 2144
6 2497
532 638
1219 1846
433 437
1177 1766
136 94
30 259
740 1175
1471 1194
1541 2463
951 1502
391 955
199 467
1597 52
1104 1684
291 844
1220 1781
1111 2102
1406 1616
552 709
1262 1947
1145 1691
1088 2131
785 1484
46 163
1178 1755
1045 1671
1472 1127
784 1618
772 2262
305 791
653 2370
1473 1132
439 396
196 565
751 1149
1564 2449
631 2418
720 1116
481 357
589 630
876 1395
192 583
892 1393
363 985
893 1350
792 1620
1131 1724
877 1416
1561 2448
1332 2043
1221 1828
1429 1245
784 1580
199 506
556 689
392 956
791 2219
820 1456
808 1476
1124 1722
864 1422
876 1415
360 940
1328 1986
1320 1955
1610 43
1562 2449
454 361
192 915
1043 1663
365 989
863 1421
1035 1645
1617 50
1582 255
1104 2117
1268 1905
190 454
179 53
1223 1784
1156 1705
1192 1866
293 779
1323 1999
817 1345
653 2368
1500 1066
985 1555
1471 1126
440 405
467 391
1310 2005
783 1303
345 802
500 354
737 1158
817 1471
783 2207
710 1122
1071 2159
1431 1255
1141 1696
768 2278
712 2295
1434 1286
668 2369
1425 1204
428 454
1191 1767
1502 2309
643 2408
1378 1752
1103 1675
185 2435
1354 2000
82 335
1306 1954
1192 2081
951 1512
986 1526
27 55
773 2265
1420 1203
131 80
1501 1077
995 1500
1338 2023
196 1032
277 774
1411 1295
1492 1099
853 1353
818 1334
1209 1767
64 214
312 778
333 814
432 436
712 1100
987 1527
273 761
2 12
430 355
732 1175
772 2244
1305 1980
819 1337
860 1446
32 335
1222 1797
1231 1833
950 1511
187 890
199 508
626 2429
1168 2094
389 967
550 683
189 912
1428 1226
784 1304
1145 1689
558 691
710 1090
1113 2108
433 358
651 2359
1485 2295
198 533
251 482
1565 2450
27 173
8 18
251 488
1145 1695
1222 1787
31 157
512 636
194 529
109 294
134 65
949 1567
294 790
1001 1525
851 1351
782 1638
1138 1687
1399 1653
706 1088
1310 2007
437 429
786 1622
1419 1202
985 1539
384 948
138 87
1110 2101
1589 244
748 1146
1278 1915
304 790
314 780
1303 1904
830 1351
831 1352
27 153
1484 2294
25 145
29 229
360 980
583 642
1169 1748
126 283
1333 2044
1617 31
130 79
817 1333
3 13
139 105
1189 1871
1392 1662
144 123
1101 1681
834 1378
1190 1864
781 1615
947 1498
1016 1298
189 898
133 82
528 634
784 2202
28 170
1467 1196
994 1524
905 1346
194 853
1581 254
509 866
1101 1675
133 133
852 1352
819 1335
129 78
270 844
610 578
193 850
32 269
713 1117
646 2360
1016 1302
1034 1644
696 1065
995 1525
411 919
588 629
1434 1262
1220 1805
1140 1689
1543 2465
389 953
27 239
576 673
1192 1878
593 617
1455 1223
477 357
197 1029
482 358
511 741
906 1374
602 614
809 1477
1183 1768
528 615
184 340
2 8
193 526
913 1362
438 361
3 31
31 180
31 186
1340 2033
360 1010
780 2216
191 546
896 1401
1458 1222
450 361
1196 1890
1076 2131
25 149
1501 1067
5 2496
1048 1666
708 1090
192 579
1194 1880
1462 2244
1190 1872
785 1305
510 738
626 2352
198 466
1280 1917
625 2351
610 735
431 441
1364 1953
690 892
816 1332
1397 1659
509 580
319 824
193 856
1307 1955
784 1634
736 1157
688 2342
540 650
31 268
602 731
508 736
82 329
197 1025
711 1105
1306 1985
1437 1281
1491 1090
1041 1659
229 584
358 917
712 1092
238 468
261 472
1018 1314
974 1552
192 755
1309 2004
1289 1918
663 2384
412 920
1155 1698
835 1371
1599 58
83 314
1182 1767
1123 1739
83 284
583 636
512 873
188 344
269 755
663 2368
837 1373
632 2415
892 1349
1605 31
1208 1766
223 1037
1061 1673
576 675
651 2366
947 1492
783 1641
830 1437
481 384
1088 2135
513 739
734 1155
1177 1872
252 489
699 2357
1244 1805
810 1478
1399 1649
33 284
1484 1123
1190 2075
1605 13
994 1499
788 1598
28 154
31 340
688 2352
362 984
935 1498
190 1044
1576 249
1256 1875
30 339
1258 1899
84 315
750 1148
292 778
152 85
1053 2175
769 1196
843 1355
194 851
965 1525
291 756
693 2333
1195 1881
191 1047
198 513
949 1500
705 1063
706 1064
806 1305
831 1440
807 1475
104 287
491 359
1436 1280
1023 1313
1193 1879
664 2385
1194 1892
1223 1838
1222 1829
29 274
1191 1769
186 2436
1258 1901
191 556
552 685
937 1500
785 1639
739 1160
1024 1314
134 114
33 264
783 1639
314 803
1498 2303
414 930
774 2250
934 1491
662 2367
664 2395
1339 2032
132 81
1222 1783
136 98
3 50
315 814
772 2264
1486 2296
134 83
1017 1325
415 931
1109 2100
749 1147
1578 251
138 104
952 1513
404 944
1306 1973
1046 1666
1270 1939
107 286
28 174
835 1381
531 643
76 183
1314 1991
531 667
627 2426
1077 2143
207 1018
193 916
85 316
740 1177
832 1353
459 358
1340 2025
973 1525
90 309
773 2241
691 1058
510 728
831 1438
1425 1223
511 635
195 560
433 433
33 286
508 752
666 2387
735 1156
1425 1277
1543 342
1430 1228
440 397
1307 2051
511 745
553 704
432 357
1588 241
1336 2031
966 1556
439 420
1210 1860
960 1500
359 918
30 156
279 764
721 1117
1363 1952
194 571
1153 1696
191 524
986 1532
729 1127
29 175
820 1348
730 1128
828 1349
1276 1913
1189 2078
1333 2020
253 490
438 419
437 427
782 1616
1622 8
32 164
635 2414
1035 1639
29 155
1303 1951
196 460
1573 275
1313 1955
712 2287
1560 2440
184 2440
773 1202
691 2345
392 960
1274 1911
31 163
1429 1227
1072 2160
346 780
878 1407
735 1180
4 14
949 1510
711 1107
56 176
833 1354
30 281
930 1304
191 1045
1393 1663
271 742
465 446
187 343
1503 1079
188 351
1428 1234
135 84
1525 1060
1103 1683
625 889
1589 242
1174 1751
1174 1749
1561 2456
255 484
187 2437
1618 51
484 360
1020 1316
885 1406
1561 341
320 835
351 842
33 336
776 2268
321 826
1365 1954
173 81
184 276
36 191
247 500
1225 1786
26 2490
1623 5
1156 1699
343 840
980 1546
1200 2087
215 596
1254 1863
1106 1686
32 158
1400 1648
888 1399
918 1391
1570 2449
1408 2194
195 528
97 152
1081 2151
988 1530
1544 347
535 641
1570 2442
1084 2164
730 1191
1582 251
554 715
50 202
1432 1238
1621 2502
1620 16
865 1451
1396 2192
927 1474
845 1357
370 994
35 198
1006 1576
293 758
1297 1938
984 1554
1528 2326
1493 1102
1578 255
1028 1319
971 1563
1196 1884
812 1480
324 837
309 517
962 1504
1335 2046
534 640
1003 1538
1287 1926
506 1053
661 2392
471 395
1231 1821
1142 1697
1265 1908
18 26
1493 1100
195 572
526 881
1179 2081
872 1432
405 945
1225 1792
1014 1608
626 2433
692 894
492 360
393 957
1490 2300
316 805
1386 2127
897 1354
894 1353
693 2329
840 1377
588 635
71 221
931 1305
649 2361
954 1515
1583 256
79 227
321 830
488 379
5 7
1114 2105
182 147
1263 2063
1398 1660
1337 2032
178 144
219 574
84 285
791 2205
1520 1067
1433 1257
1162 1719
316 782
1502 2307
134 124
335 810
975 1541
1049 1667
865 1423
1614 47
547 663
371 995
1327 1978
560 693
1495 1103
1166 1747
712 1106
926 1335
1090 2133
139 70
501 355
996 1501
29 143
1415 2233
337 808
433 443
679 2400
278 775
722 1118
996 1536
763 1187
196 740
1412 1294
914 1365
34 201
841 1445
460 359
546 644
1296 1937
612 737
678 2399
695 2335
331 838
1321 2013
67 217
262 473
198 1034
363 1005
836 1380
92 311
584 643
699 1068
1027 1323
534 684
321 836
521 870
1574 276
193 902
1579 252
227 1039
572 719
1085 2165
1131 1728
836 1376
127 284
1549 348
791 1601
1071 2157
83 332
1142 1699
1347 2038
1318 1966
1431 1229
820 1336
1413 2229
1439 1253
1221 1850
124 313
473 370
197 536
782 1610
394 962
969 1559
105 288
51 203
603 732
1516 1087
1232 1834
786 1640
1226 1837
409 1008
785 1635
1073 2161
1615 48
830 1447
871 1429
1278 1935
1111 2114
1221 1848
1567 2452
235 611
273 775
785 2203
58 181
882 1413
365 1001
435 427
799 1605
777 2253
301 787
1464 2260
891 1452
520 873
736 1181
1225 1836
794 1622
732 1130
974 1556
1127 1725
46 157
898 1405
1192 1770
1449 1245
541 651
1443 1259
782 2226
689 2363
1488 2298
1308 1961
188 2438
1030 1329
177 139
150 112
1613 46
975 1543
716 1092
1616 49
1547 2469
361 1011
12 22
1465 2271
1026 1316
151 135
240 474
1244 1781
669 2374
31 177
434 438
739 1184
1224 1851
1218 1855
411 1010
632 2423
1257 1874
385 949
514 638
648 2369
1308 1956
1245 1806
553 710
35 196
340 811
292 845
192 911
792 2206
1267 2065
272 758
311 797
1293 1932
523 751
265 511
426 1042
1195 1893
195 739
339 806
438 430
375 999
1193 2082
1416 2234
1439 1267
1271 1908
1450 1236
476 373
955 1516
1043 2191
772 2282
1426 1207
709 1091
1192 1874
533 639
689 2353
1263 1948
387 971
189 345
707 2320
1123 1687
856 1356
1422 1205
775 1204
956 1517
190 893
220 541
653 2361
34 234
1105 1679
1031 1330
825 1342
780 1217
1005 1573
175 138
1171 1750
1394 1664
754 1152
633 2416
197 534
1376 2077
28 56
680 2401
873 1392
864 1398
252 481
1482 2286
902 1455
399 969
597 626
693 2347
1017 1303
1067 2145
1065 2169
32 341
141 107
954 1505
1493 1092
16 18
836 1374
535 723
626 890
616 882
474 367
928 1483
1316 1995
1175 1750
1199 1885
1164 1743
1574 282
1236 1824
1395 1667
1201 1881
879 1418
1348 2039
1129 1732
1431 1241
1509 1085
390 968
199 1027
146 125
254 491
1494 1093
797 1603
832 1439
1151 1702
1135 1734
193 548
1315 2012
974 1526
139 109
1369 2066
143 110
271 845
1544 2445
439 362
1184 1769
1350 2041
1173 1754
793 1627
877 1396
1602 61
158 115
5 11
219 597
273 773
1104 1676
790 2204
204 1031
1093 2132
49 160
239 469
1038 1664
414 924
714 2297
1407 1617
957 1529
548 666
193 360
206 570
564 699
1391 2189
174 137
273 744
241 475
438 428
489 380
569 708
1505 1073
792 2222
1435 1265
786 1221
1594 2487
222 1036
647 2363
31 251
707 1065
396 964
746 1170
1533 2331
1195 1891
1117 2112
1555 2476
839 1383
646 2405
1429 1208
1435 1263
284 767
776 1205
561 696
22 30
398 966
192 865
383 977
1009 1579
1185 1770
1026 1322
328 819
709 1105
1444 1268
196 606
247 480
214 595
1298 1943
1223 1830
972 1566
1294 1933
497 389
206 538
1207 1896
1343 2028
123 308
784 1640
361 920
1195 1771
1469 2275
968 1562
1504 1072
520 869
1212 1770
469 359
704 2365
623 887
761 1139
33 278
464 445
1545 2471
194 610
1508 1068
895 1404
260 502
389 971
762 1186
156 113
1420 1211
1211 1861
1071 2143
547 665
8 2499
861 1435
1036 1660
1322 1970
1223 1798
1172 1753
1020 1328
1163 1742
715 1111
821 1349
534 722
565 700
957 1518
529 729
1090 2137
28 2486
719 1097
1106 2121
694 2348
210 599
515 749
1104 2101
205 863
599 628
1457 1289
1366 1955
234 589
152 136
553 714
654 2362
290 777
69 219
458 432
139 101
53 172
1186 1771
1546 345
344 841
1263 2061
245 473
1389 2187
644 2409
808 1332
784 1646
199 906
956 1528
198 589
894 1395
135 66
889 1400
510 581
294 796
1048 2184
485 372
787 1643
199 514
508 849
771 1198
781 1218
34 285
909 1368
256 485
186 2465
543 655
1124 1736
719 1115
1262 2070
34 166
1545 344
941 1510
1593 2484
20 16
733 1176
1404 1658
714 2291
1217 1858
513 747
1446 1270
12 38
962 1502
769 1128
1198 2083
942 1511
4 6
1510 1075
1223 1842
468 394
1311 2002
1405 2193
6 2495
1282 1929
786 1626
329 820
1102 1676
84 325
1468 1197
1077 2132
443 402
1147 1693
135 115
1504 2311
715 1119
1318 1996
1403 1657
406 978
1452 1274
573 724
140 106
1372 2071
604 552
1301 1950
1433 1251
590 618
752 1150
966 1568
419 936
1263 1910
1342 2035
816 1307
951 1531
1474 1133
1270 1907
1547 2446
665 2396
836 1372
28 152
456 363
970 1560
145 73
478 358
1307 1968
737 1166
1114 2109
155 74
1403 1651
1521 2321
1525 2325
1032 1611
1229 1794
1308 2052
1238 1844
714 2289
858 1358
1195 1887
1036 1640
1062 1674
440 388
1562 2442
582 725
784 1642
1540 2439
1029 1324
256 493
198 1030
816 1476
780 1294
1141 1692
1083 2155
1536 2340
1345 2030
1400 1650
1224 1785
793 1621
1183 1760
1261 2069
695 1062
1048 2174
1230 1840
119 302
1515 1086
73 225
198 905
591 619
276 745
1544 2443
461 435
714 1102
779 1220
193 1049
1435 1287
319 820
636 2415
830 1390
958 1534
824 1469
784 2270
364 986
86 333
372 996
1507 1083
1058 2182
703 2361
1388 2186
785 2209
1385 2126
112 303
692 2338
38 199
1384 2125
1330 1988
1410 2228
857 1357
671 2392
1178 1767
400 972
741 1162
1554 2475
379 1007
1571 2462
1170 2096
655 2390
1503 2316
1546 2468
429 455
880 1411
1211 1777
1380 2091
1451 1239
382 921
632 2419
106 291
1214 1772
431 447
757 1171
677 2382
859 1359
765 1193
1007 1577
354 847
288 771
903 1460
534 718
1074 2162
1430 1209
838 1374
1518 1089
200 537
454 419
34 183
33 165
654 2371
1323 1971
1193 2086
742 1163
693 2325
87 318
1047 1667
1304 1905
963 1505
1159 1708
1438 1242
214 1023
779 2231
204 862
1566 2451
78 185
84 337
1037 1641
1595 2488
1324 2000
1315 1957
305 781
221 576
948 1493
1383 2098
1502 2315
1042 1646
1132 1725
1291 1930
1502 1068
714 1118
1309 1984
874 1433
713 1125
1433 1231
773 2263
1361 2054
1118 2115
1170 1685
1344 2029
34 263
91 286
1091 2138
789 2201
240 470
741 1178
1157 1706
112 297
628 2354
137 95
470 371
674 2379
713 1093
1503 2310
407 979
669 2370
681 2406
1371 1903
694 2334
645 2410
1381 2092
403 975
490 381
1603 2492
1119 2124
55 204
353 846
37 288
897 1402
1349 2040
950 1568
207 1022
1050 1670
1474 1197
1057 2179
790 1600
654 2369
728 2285
1047 1669
1343 2036
665 2370
863 1397
164 92
196 859
959 1522
621 885
1107 2122
83 330
275 763
1285 1922
1450 1238
1105 2118
348 801
1187 1774
622 886
435 360
914 1363
158 117
998 1528
775 2267
1497 2302
787 1621
577 676
198 861
1290 1919
797 2227
1158 1707
603 615
1017 1299
1065 2159
531 618
908 1376
47 164
1250 1779
449 416
1382 2093
586 727
654 2385
838 1372
197 568
233 588
866 1426
1331 1989
682 2411
1022 1318
1481 2283
40 195
111 302
1512 1067
1224 1799
1596 2491
148 131
695 2349
792 2220
993 1569
1474 1129
1233 1823
60 224
533 647
274 762
796 1602
758 1172
443 408
282 763
1272 1941
1552 2467
133 72
1128 1726
1240 1806
442 423
945 1520
1479 1134
479 374
258 612
659 2386
189 892
541 649
342 813
1379 1753
731 1192
199 1035
196 1038
818 1472
1550 349
1053 2181
197 1017
1527 1062
299 785
786 1588
1434 1252
139 88
638 2421
1624 2503
7 2498
1496 2301
1071 2132
683 2412
1096 2170
1141 1716
715 1103
6 28
199 534
614 1055
1270 1945
811 1479
656 2391
1284 1925
203 510
31 233
1600 59
447 414
804 1637
669 2390
1513 2317
709 1123
513 876
200 569
836 1439
37 266
219 540
248 481
749 1145
383 922
826 1343
939 1514
991 1531
194 549
790 1624
951 1527
953 1504
824 1341
1056 2178
1127 1729
1010 1582
1192 1898
785 2201
313 758
1224 1831
1311 1990
1091 2134
929 1486
1226 1819
287 770
1223 1810
295 791
1312 2009
1275 1940
952 1503
532 668
844 1356
87 326
786 1306
149 96
1326 1975
1548 2447
376 1002
513 874
430 452
498 424
346 803
384 946
1506 1074
1499 1089
1134 1733
13 2500
1358 2053
634 2417
196 919
809 1308
187 2443
1417 2235
1251 1856
206 1025
494 383
717 2292
195 854
1193 1867
1351 2048
49 252
11 35
966 1526
1373 2072
462 440
511 868
1487 1126
285 768
936 1572
427 1043
193 580
457 425
1264 1907
512 742
29 241
1240 1828
1401 1655
525 880
741 1176
1198 1894
195 550
743 1164
834 1443
17 19
1477 1130
919 1470
986 1556
1342 2027
35 167
29 57
611 579
733 1140
251 496
1432 1230
1427 1279
657 2372
209 1020
1590 245
1241 1803
511 729
686 2431
132 58
1178 1773
813 1481
1242 1845
97 154
10 34
908 1349
1292 1931
921 1346
435 439
250 499
228 608
619 883
286 769
115 306
114 301
1019 1327
192 901
1039 1665
57 177
848 1387
1157 1700
578 677
242 476
144 111
1341 2034
915 1366
200 507
1539 2434
1461 2243
289 776
487 378
571 716
530 617
1606 51
1508 1084
833 1442
509 753
1149 1700
598 627
951 1520
1559 2480
625 342
566 701
194 1050
334 815
105 290
383 943
1248 1853
1454 1276
1532 2330
1584 257
795 2223
937 1494
1466 2272
1047 1673
197 860
532 662
665 2374
568 703
987 1533
1556 2477
150 132
1487 2297
1463 1202
168 84
1478 1131
777 2257
814 1482
394 958
34 279
1315 1962
503 543
1316 1958
1075 2163
1357 2050
196 551
880 1409
86 317
77 182
46 159
1141 1714
725 1121
776 2252
48 165
532 672
1534 2332
315 781
618 556
870 1428
793 2259
471 372
1138 1721
773 2245
165 77
782 1298
1486 1125
319 818
153 86
514 748
171 120
585 726
1179 1756
184 282
255 492
104 293
715 1113
1095 2147
1147 1697
1299 1946
1439 1243
9 21
200 851
1590 243
198 462
847 1386
142 93
52 167
195 520
196 355
983 1551
1024 1326
423 1013
307 793
99 176
1224 1839
1295 1936
33 182
5 37
1237 1800
1591 246
362 1012
192 1046
141 72
660 2387
5 52
1563 2450
846 1385
822 1458
862 1450
1362 2055
1473 1196
785 1581
197 920
595 622
1427 1287
202 561
1324 1972
93 312
1065 2132
1585 258
684 2425
716 2289
1150 1701
199 463
1553 2472
266 516
1483 2293
1223 1808
740 1161
1088 2141
323 832
887 1398
785 1591
1147 1699
9 19
812 1311
225 602
1441 1285
493 382
1266 2064
664 2381
1337 2024
1425 1212
1586 2483
451 362
1004 1570
1252 1859
217 589
1069 2151
469 366
131 76
1557 2478
362 982
420 937
1463 2245
563 692
1420 2242
1325 2015
675 2397
542 652
191 904
1221 1802
169 118
580 673
418 926
1312 2011
208 1019
513 637
162 90
1447 1273
702 2356
1148 1694
163 91
1530 1059
964 1523
786 1485
59 207
1322 2014
111 296
4 10
414 922
693 895
263 503
341 812
95 236
736 1169
1519 1066
744 1185
700 2358
1121 1745
600 633
512 740
348 782
787 2209
1195 1869
1506 1082
1394 1666
100 177
1203 1888
917 1373
35 280
925 1334
505 353
448 415
1232 1822
1563 2458
785 1587
895 1402
1430 1272
977 1541
1352 2049
534 658
769 2281
788 2212
836 1382
770 1129
556 707
738 1183
415 935
1459 1212
1322 1957
1180 1757
196 531
639 2424
1599 54
1199 2084
200 1028
49 166
731 1129
356 522
80 228
1592 247
66 216
1563 2454
161 87
138 69
776 2238
950 1540
422 939
268 461
1193 1877
1432 1248
425 1041
800 2213
723 1119
200 509
244 468
33 342
197 741
1202 2089
904 1461
544 660
821 1339
988 1528
577 674
713 1101
594 618
271 738
735 1144
794 1628
605 733
1234 1795
154 87
224 1038
535 659
916 1372
1470 2276
1171 2097
1000 1534
38 193
1535 2339
672 2393
692 2346
197 601
721 1109
424 1040
709 1099
631 2355
999 1529
511 616
1225 1790
515 639
1146 1690
759 1173
32 160
1066 2148
140 89
452 417
978 1550
199 590
310 518
1438 1266
336 807
601 730
1375 2074
1002 1526
521 874
272 743
1065 2157
1161 1710
990 1528
1225 1816
538 648
441 431
805 1607
466 447
42 169
200 468
514 740
1259 1900
1310 2001
70 220
1196 1882
1505 1081
166 327
584 637
673 2394
361 941
117 294
796 2224
1165 1746
1288 1927
468 392
615 1056
88 319
138 100
482 385
1059 2185
1273 1942
421 938
1206 1895
890 1423
697 1066
181 237
94 235
138 91
1459 1223
122 307
515 743
13 23
1033 1612
1300 1949
1078 2144
1213 1771
417 933
401 973
538 654
1227 1820
110 305
1442 1288
1124 1740
1387 2171
32 329
645 2404
308 794
1421 1204
1108 2123
533 645
34 287
1013 1303
7 25
944 1519
377 1003
910 1363
417 925
1317 1965
800 1631
567 702
935 1575
191 910
355 521
1623 9
981 1547
416 932
783 2197
620 884
350 784
647 2361
280 763
575 682
246 487
822 1340
470 360
397 965
197 607
909 1377
782 2218
1144 1700
707 2304
1178 1873
1201 2088
753 1151
300 786
1489 2299
878 1417
257 494
54 273
72 222
647 2368
555 706
560 695
1192 1768
745 1167
1036 1646
1125 1741
446 404
1611 44
1323 1958
1240 1826
938 1501
108 287
637 2420
798 1604
306 792
785 1647
756 1154
302 788
84 323
1026 1318
770 2274
1607 33
373 997
1011 1583
28 142
83 336
443 400
121 304
974 1568
821 1467
211 589
34 265
1082 2154
101 178
1619 15
764 1188
2 2
809 1310
434 444
1568 2455
1523 2323
194 361
278 773
685 2428
537 645
197 852
666 2377
1412 1296
549 669
510 732
198 855
395 963
1526 1061
576 679
627 2430
590 631
609 734
1434 1232
135 117
77 184
922 1473
1316 1993
834 1355
147 128
1453 1275
1319 1997
967 1565
894 1351
1537 2341
855 1355
40 189
378 1006
1191 2076
1309 1992
1141 1690
41 168
1255 1870
943 1512
1440 1284
1414 2232
1580 253
322 821
1514 2318
823 1459
724 1120
232 587
1445 1269
1409 2215
197 562
1136 1737
829 1454
1306 1977
1040 1666
1538 2350
176 338
706 1062
35 161
596 625
1144 1718
1133 1726
1188 1763
1105 1745
1572 2481
218 539
374 998
1356 2002
226 603
900 1395
822 1468
37 192
869 1423
676 2398
499 450
33 270
1336 2047
1324 1959
252 483
867 1427
997 1531
1178 2080
1205 1880
1374 2073
911 1364
784 2248
820 1464
613 738
830 1395
218 573
881 1412
224 1016
198 563
68 218
517 878
786 1630
193 756
1606 14
463 1052
199 1051
314 799
982 1548
712 1096
444 413
1460 1290
50 253
1561 2464
862 1448
1042 1660
38 267
698 1067
1143 1717
197 566
1099 1681
213 594
714 1094
1179 1874
195 852
455 362
443 412
259 497
1235 1843
141 64
785 1488
322 827
737 1182
785 2211
303 789
405 943
777 2269
1509 2312
74 226
1418 2240
789 1597
1598 149
1079 2151
863 1431
1115 2110
1564 2461
946 1521
940 1497
34 337
774 2248
1612 45
1107 1687
883 1414
134 134
1226 1811
1390 2188
5 33
1558 2479
1575 2482
1079 2153
1522 2322
713 2296
280 765
190 346
563 698
434 434
264 504
1253 1862
135 68
34 271
1055 2177
38 289
402 974
1064 2168
26 146
1021 1317
1113 2104
187 2466
1315 1988
1194 1868
1377 2090
347 800
581 680
199 362
794 2200
803 2214
511 582
445 403
248 501
1442 1258
1360 1982
1346 2037
999 1504
1286 1923
966 1540
1271 1912
524 879
113 298
408 542
1018 1300
440 421
628 2427
996 1503
502 453
986 1540
591 632
1035 1617
937 1496
718 1114
650 2364
527 754
1570 2457
1178 1759
975 1553
1402 1656
431 449
777 2239
1116 2111
776 2256
201 469
120 303
170 119
1068 2146
192 355
1480 1135
1499 2320
1618 32
1604 2501
1439 1283
1307 1974
147 130
496 358
831 1436
1197 1891
1127 1731
755 1153
197 599
1601 60
1334 2045
570 711
802 1606
1315 1964
21 29
701 2355
1368 2057
670 2391
1008 1578
849 1388
992 1537
1094 2139
180 54
1154 1689
801 1632
608 891
950 1556
1563 2460
841 1384
200 515
700 2336
769 2279
322 831
31 231
220 575
901 1406
330 821
1247 1852
29 171
782 2258
1433 1239
667 2378
1310 1989
197 854
46 272
1102 1678
1355 2001
1426 1205
1330 2000
349 783
839 1444
516 877
441 422
1099 1675
1257 1876
444 409
559 698
1530 2338
774 2242
387 953
1177 1762
1246 1807
606 1054
786 1636
1221 1826
1228 1793
787 1623
161 89
357 523
475 368
1311 2006
1456 1224
1160 1709
186 2442
522 750
1367 2056
352 843
125 320
1308 1983
332 839
1438 1282
