586
879
897
757
1441
1759
638
706
121
843
999
522
213
472
188
1097
1210
41
205
984
238
282
326
1640
930
1519
976
1704
773
557
415
543
696
513
712
944
480
715
1138
893
824
795
1669
1509
43
465
134
1547
915
829
1244
603
269
906
172
357
1253
1459
220
512
965
1045
649
1605
1001
1271
117
1364
595
1087
1753
911
1585
118
626
222
1192
895
662
1405
1342
403
386
1743
993
396
748
934
537
810
912
410
953
1148
250
1539
1326
687
1052
973
1715
908
148
801
606
229
265
803
813
200
1031
144
1360
1177
1231
941
1470
814
153
1343
1295
256
640
1494
187
1198
1548
152
1752
111
1608
461
44
1049
926
1777
577
1199
1112
567
141
1686
1128
477
84
1149
1771
208
54
93
76
611
1353
280
82
267
1624
70
1219
56
1678
1335
620
100
1627
1662
313
431
1691
1340
123
686
1488
1442
689
1434
1115
424
880
1633
275
439
544
1070
1298
483
105
1331
1277
223
314
1037
1083
698
230
40
451
438
878
1139
1651
1703
505
38
339
592
857
1671
23
1454
718
763
1798
52
1794
1681
541
535
46
997
1305
216
873
500
132
826
478
833
86
723
1502
48
1683
1602
441
1672
1689
849
590
1174
1576
1341
1071
1092
516
50
817
1573
602
669
58
648
507
1121
889
660
1449
1748
950
910
1491
903
1495
411
1321
815
998
527
98
1
407
919
1171
1310
1162
598
683
947
414
845
1362
752
523
1737
946
770
1119
304
980
490
1283
862
896
381
473
978
831
1234
860
1476
758
99
550
1352
809
125
1349
1559
1773
1248
1205
1484
12
1032
1238
532
279
1717
573
1143
1281
425
884
166
251
1235
42
1749
1584
536
427
377
610
772
1166
1095
1724
370
1164
1189
514
1527
1354
1746
506
1530
283
520
1501
1137
413
356
822
369
1436
87
1642
928
423
1699
855
1242
1380
939
1142
1188
1363
380
1644
1110
574
1567
1202
1561
553
1789
55
1546
647
812
665
692
114
130
1046
741
272
1074
851
1620
1402
1261
1230
1194
932
1059
1510
1659
1204
566
1169
1606
702
1155
549
618
1648
967
482
1414
195
1391
575
1300
1517
1437
1610
305
1324
1381
1664
455
1649
1251
1002
1312
1747
434
1736
545
898
401
1266
1514
1427
691
1496
1132
1193
1462
572
1057
385
270
656
1674
614
933
1042
555
36
1336
323
351
341
775
1538
366
64
728
534
604
398
1452
859
391
198
1619
1793
475
1026
1268
1060
1687
1254
20
1663
681
563
754
962
1714
764
1583
119
1191
39
613
1303
1761
136
1035
676
422
646
853
1554
1009
1757
212
1680
666
344
1569
1373
568
552
284
1587
1505
1024
1212
629
1580
1287
189
156
261
1726
1172
1788
89
1507
1700
1055
852
34
1053
1019
1217
806
233
1348
264
1236
1780
1698
1542
877
1477
733
173
1745
151
872
1632
955
371
697
1738
554
271
780
900
1332
228
917
1787
771
176
1103
1249
68
1126
1291
1034
120
1740
167
247
582
88
406
1560
460
502
875
1165
19
1322
788
1178
495
457
589
5
1636
122
353
1625
1267
217
1423
1013
1604
1054
1579
66
1365
303
820
578
954
858
1723
1208
1258
94
1123
1176
429
290
1064
1622
96
796
1125
1739
991
561
539
1389
497
486
145
597
1358
856
404
418
359
581
1333
1101
794
317
1480
1223
797
1351
1431
74
753
1526
571
1297
881
1269
1284
1263
102
1038
948
1140
108
519
1255
8
171
1518
1090
970
1485
1615
1768
197
1086
1541
1239
1430
468
259
885
60
904
15
707
1372
1695
225
14
1180
888
499
1735
511
1116
1079
215
471
1497
107
150
1028
1293
115
469
24
338
1600
1088
463
1639
1007
301
1621
1763
1487
17
688
1478
224
1043
1415
1227
298
1553
1581
1018
245
1127
719
628
158
154
494
531
1571
1245
417
1346
373
1493
1320
625
1203
1350
30
1524
821
1784
529
1438
1562
1429
201
672
1760
622
1147
670
548
1385
1107
16
1345
657
929
1113
841
931
1186
244
27
1302
876
1048
37
1450
1117
1280
1152
1590
160
639
260
989
793
180
1731
703
1047
193
1440
184
174
484
1241
1599
1061
1712
1532
940
1549
194
807
467
617
186
1184
720
1399
1762
352
509
1366
827
1483
721
847
51
459
384
1232
447
1299
1314
1631
1709
128
530
899
668
67
97
1490
412
1036
408
1534
1781
1448
515
1609
1797
249
623
263
1106
1383
354
745
650
142
1568
402
474
909
1252
1460
363
584
1522
1656
199
1556
4
1355
1783
538
579
1136
709
1466
106
456
157
1279
1432
1634
1521
1419
1458
1572
1081
1779
83
680
300
1159
1004
704
866
1566
307
729
1635
1782
1215
1021
1182
1274
1614
789
485
239
565
25
1481
1646
1017
1457
1286
1409
181
1506
170
488
1195
1413
936
734
867
1702
1575
727
1270
1294
1282
1151
1677
1641
765
340
1498
1444
333
433
336
560
1531
493
1593
863
1570
362
61
446
1744
994
1529
137
791
78
45
428
1077
1525
311
868
1259
1073
756
957
658
285
1308
1728
1134
1445
1361
1775
252
1078
347
243
1408
1473
1401
1407
450
1660
1145
1114
129
1630
804
1652
1084
786
972
1722
476
747
1685
1211
1446
1603
1387
1150
1222
811
32
1629
253
374
1296
743
1285
850
1682
918
75
1461
72
1339
182
436
632
452
1729
179
1668
29
262
1014
1209
1578
1701
1108
1111
1183
392
161
749
1122
1096
1347
1707
1588
995
289
1201
1025
679
887
1273
714
1005
165
1376
979
1670
744
1240
1197
1694
593
1418
196
1732
818
635
1422
736
1613
1158
1218
1175
448
1679
596
124
1776
924
846
682
324
236
608
237
874
1262
1665
481
830
342
53
1582
838
214
1041
168
295
870
825
1612
1479
1319
7
103
1708
1410
927
722
869
907
633
1187
35
556
258
491
1065
1551
1474
1676
1327
886
619
1425
882
655
914
717
1105
1102
1675
1338
1785
1592
1062
454
664
226
990
131
343
1733
1673
677
674
1328
558
1421
1067
685
1741
329
1658
1301
925
1482
1552
297
393
1537
1594
1264
138
293
725
254
1006
178
73
1323
1221
607
1618
675
470
143
1225
1272
742
1540
1098
583
1489
1756
701
659
1395
1039
1563
969
966
1170
241
983
1289
861
1550
1089
1010
149
782
133
1397
1393
292
1403
1750
399
710
1558
420
510
1214
110
1601
958
234
388
1247
799
231
920
1626
1044
1375
1022
79
1765
426
321
661
6
982
901
1710
1503
891
776
974
346
905
308
268
266
695
781
1764
1008
805
1072
959
1100
1369
395
1643
281
1160
109
409
278
310
1233
951
1237
844
1133
684
883
1428
767
1475
732
612
1265
1611
605
218
711
1306
985
1516
394
219
1755
678
1528
654
759
1456
1500
69
949
569
1173
1058
503
91
865
1544
1033
975
127
367
1379
854
1469
1468
1167
1617
1304
1647
1565
1120
1465
3
104
823
299
1690
1742
653
778
988
1416
751
1015
808
576
1016
1716
922
1384
1790
945
971
139
735
894
1275
92
724
453
77
1751
1653
671
787
1767
705
1463
785
533
890
400
248
1766
1486
190
296
318
937
335
11
1417
1131
1066
140
651
892
146
1508
80
315
942
713
163
9
1076
1040
1317
1315
871
47
479
564
1124
768
1443
49
10
496
206
504
319
1307
1515
1329
372
1063
1597
766
952
1344
443
508
624
524
521
246
913
1577
746
1246
1196
644
1069
630
28
1229
462
779
540
802
956
1357
634
546
379
1706
832
382
294
1786
316
1696
273
902
435
1027
1727
287
1154
1118
739
1051
1146
526
1455
1666
322
699
169
792
183
1730
1718
416
325
444
599
334
365
1093
690
437
1256
33
1207
840
663
1224
848
221
1758
587
71
31
987
1082
1688
585
1645
693
192
328
387
1020
1511
1574
762
1439
345
580
1394
1330
1226
1697
440
364
1535
1213
445
562
1316
1392
1318
1791
621
645
1200
1003
1447
839
65
390
842
642
397
1564
828
389
570
730
203
1056
257
837
938
800
1398
1206
1725
588
750
761
492
126
306
1000
361
1216
1356
963
1400
1504
1711
760
1030
1586
1499
13
1243
935
112
542
1623
835
276
210
1011
864
242
1661
204
288
819
1288
135
977
1800
376
1607
518
1153
784
405
164
1667
1705
1595
162
836
1220
1426
21
616
921
1386
449
1412
116
1377
968
312
798
783
726
332
95
255
26
1325
637
834
159
755
641
1770
1388
774
1370
432
1451
1135
1250
277
916
652
551
996
1533
1596
1684
185
1368
348
309
1424
1638
1598
1181
1774
1309
1371
737
1453
286
1129
943
1085
961
1616
992
1796
790
1374
1075
547
350
627
430
358
1012
1099
202
90
1720
643
1260
1378
291
1156
458
1650
240
2
600
1754
421
1471
207
1190
62
591
1492
466
22
1543
1406
227
327
716
615
609
1713
18
525
1719
1799
1628
1094
487
498
1435
769
331
177
349
302
85
1721
738
1390
1472
1396
1276
1313
1520
594
960
1693
1404
1228
1337
1109
777
1168
155
464
383
1179
1778
59
1029
378
1080
274
1591
1657
1420
1068
694
1464
1411
528
191
1467
631
1130
1278
667
1161
113
63
1692
489
740
209
1557
1654
147
517
81
1792
320
1091
235
1292
501
1290
337
1157
1311
368
375
1772
419
923
1433
731
673
636
1536
1795
1185
175
1104
986
700
981
442
1334
1512
57
559
1023
211
1769
1589
232
1734
816
1545
1050
1523
1555
101
1163
330
1359
1367
1655
1257
601
1141
964
1513
1382
355
1144
708
360
1637
