6183
4242
8657
9362
4527
5869
325
9039
7120
582
420
3155
8353
551
4456
5726
7759
7553
5124
1655
8628
1493
3416
6346
1373
9814
4847
4842
1653
7831
9485
5033
1729
1767
1048
9105
9821
3364
2631
1381
5725
4356
6630
2844
8071
9262
5173
3652
4748
5167
2738
2819
4784
2300
399
516
2805
6062
5637
5171
2414
401
9223
4901
2624
7785
3009
1551
5107
2640
7765
982
8996
4131
8292
7629
3410
7200
4218
8728
6707
8273
5500
28
7081
798
8020
3699
3366
5613
62
2839
7050
2563
928
532
4651
4194
3069
2224
7522
5698
872
6801
6917
4138
5597
5442
289
6758
2174
1726
2899
4095
3317
6577
2752
2615
9787
6169
5125
5380
8284
9851
6516
5907
5153
6793
3279
1632
8896
1184
7892
1929
2462
7054
3548
8923
2062
8376
1174
794
5178
8191
6448
6018
5079
7053
1609
1285
4631
4733
2766
7605
9638
7537
8944
5023
9104
729
6926
9776
2638
1893
9128
7780
6488
4434
2323
7634
6462
9861
5205
6459
3562
7625
3228
5444
9873
7482
3758
2216
8321
55
5729
4148
9664
3654
3549
9321
3334
5601
9815
8379
9585
4393
6768
9890
2938
2955
2979
106
5285
7694
4568
4797
7182
8056
518
7562
4459
7185
1336
2757
6879
7062
7223
7036
6039
5793
3621
2176
3122
6877
2037
3883
9652
3617
1990
5988
3516
4509
2329
5695
7058
8364
1292
349
7367
6367
8921
3798
222
3356
2099
4983
6295
64
6019
1456
4678
3428
1308
7960
8668
6897
5218
3814
6513
6585
3321
3322
3313
2480
1390
6602
359
8232
6684
8019
4478
5448
2951
5318
2532
6430
8783
4051
44
8134
1948
8821
1005
8440
6974
8959
1011
8914
1772
9265
4058
1104
2022
567
7670
8409
4592
7290
520
1757
452
5635
8941
864
8264
5612
1094
145
8461
9637
643
4111
831
5188
2283
4856
4276
8290
572
9186
9607
7284
9716
2956
5041
4426
7428
2969
7005
9297
4389
6876
3171
8708
6992
5538
6614
7173
1165
2775
9916
9070
3064
8860
9819
3577
7035
202
3146
6044
8390
4497
3094
963
2663
9001
3642
367
499
5646
2546
9725
9232
7587
9842
79
2155
5080
847
4267
3497
8477
1038
4292
6443
1291
4835
2379
9462
5252
8871
3483
7551
4806
8295
4664
6708
2387
21
4722
5489
1257
6476
305
8009
894
3183
9650
6177
2086
7749
2279
5782
4447
3451
6211
1704
5741
5104
9310
2791
6563
1589
1773
1518
1959
7928
3010
7557
8849
5055
7903
9281
9385
5576
5428
717
1074
1225
3820
6110
2407
5627
4893
5527
2527
3566
8230
2959
4057
7249
6904
6639
130
6161
854
9973
4325
7441
6535
1453
8956
8798
3287
2788
3226
3682
5954
3840
2970
3493
7294
6285
789
7022
6104
5029
8758
728
1338
6325
8277
8757
1799
8094
8317
7844
8733
5959
7032
1862
8187
6152
6822
4143
8818
2550
4380
8972
4168
9271
1679
3717
8041
5808
9567
4000
6330
6728
8291
3459
1667
1519
7489
7799
8540
3358
8949
133
4858
2570
4734
7539
4819
7191
7157
970
7409
5927
6373
5639
2792
2163
2225
5384
2860
5416
5901
9594
7457
4724
8598
4516
5400
1592
313
6880
2235
9765
8535
3418
3240
446
1700
9868
9439
2171
5389
7089
1420
8549
915
3709
2909
3476
1526
5142
473
2201
2270
814
1134
3156
3453
8
5053
8952
1181
621
4769
2721
8655
9935
290
4799
6223
8731
1089
1086
2456
4598
3956
2908
3479
8918
5667
1075
9413
7208
9076
5485
7217
7450
6995
7261
1490
3199
1649
7488
8010
6089
7957
9302
8280
4179
700
1538
5143
4005
9651
5337
460
3411
7594
3260
2045
3638
779
244
3738
5922
3225
9419
4319
2610
1507
7766
5254
9024
7213
1374
2965
7323
9469
851
8966
1254
7618
5290
8803
3005
1101
8807
2481
1120
4660
5659
8402
3135
7664
4627
3104
1315
5407
826
1924
8251
7620
7512
7220
3522
6166
3444
8822
7947
6175
8601
4739
1345
8746
6781
1259
9365
8955
812
9840
907
7155
1808
9346
60
7746
7526
4638
9899
8165
782
8605
7932
3942
292
3332
6049
8777
5590
4699
4831
5623
8730
6799
3926
8301
4511
2807
2473
2286
6317
2449
2930
8855
623
32
8546
9166
6048
5875
4988
5704
8487
1699
639
9905
1822
1424
7332
6925
2642
4620
7534
426
9331
3066
7126
6155
5918
5040
4274
725
124
8795
7731
3676
9706
5398
892
3804
1715
8114
1479
5697
7210
8759
8133
1233
5701
8469
5353
7918
2607
4126
693
3835
8547
3906
9449
30
5149
5740
5305
5229
805
7858
4067
2278
7269
4175
8545
2530
8043
9812
4789
6411
9671
699
2582
277
4125
6597
1741
2542
2726
1517
5333
9016
354
7911
3839
4105
7092
6862
2668
676
6719
9632
3299
9553
1263
4771
5560
4212
321
4832
8714
7142
1961
5484
5651
5276
3215
2710
3392
3051
500
9023
2914
5781
7431
5951
1079
7703
4469
4622
9125
8307
7400
6076
9053
5450
2821
9597
4333
8470
8146
2152
8717
8006
1069
9745
2128
1052
4539
1923
3034
4602
5433
2149
8732
2349
6978
2653
1857
1078
2658
4829
4364
6796
893
1882
8977
605
4144
7935
8355
5146
1147
8121
7893
9008
5088
6404
6519
6168
2212
8401
4873
6075
1768
6311
7739
3900
4785
1782
5393
7521
246
2030
3223
2854
153
7989
6890
454
3931
7546
6266
5828
4608
7775
4580
8387
7738
7550
7270
8970
8069
8017
8174
3436
7810
6424
9910
39
418
6529
5586
3354
4289
3167
4765
1311
2222
2220
3499
3470
2153
9767
3464
9847
8463
4373
7108
5658
5858
1650
3221
6526
3263
2656
9919
9575
8715
1896
366
4498
7692
5555
4735
3209
4897
8085
3871
1281
4157
4807
585
1007
1322
4103
3429
1215
7267
63
8489
7944
1192
8645
2466
4935
1155
150
8690
7772
5423
411
2125
8074
3324
4714
7103
3978
5968
6025
3959
1114
3496
528
9769
4641
7690
6119
2134
8226
1353
4930
590
4332
7813
3599
6121
5431
9073
9394
2579
3243
5605
5018
3560
911
7528
328
1496
1776
7455
3067
7091
968
5817
1886
7985
9972
9307
1820
7398
213
7850
219
932
3668
8957
7356
1981
8249
2755
2596
5038
4844
843
5198
1779
6752
7437
6749
8695
6997
2580
141
1240
3393
6804
3407
2921
4502
3764
4452
1310
9470
3455
3917
6534
357
1718
1850
5471
2976
47
9127
3351
1330
7784
391
6026
228
7273
7827
450
7151
6278
6674
2551
4155
2206
1723
1674
644
1884
7915
6004
7899
6541
8675
1325
4114
1824
2041
5687
5292
7056
3101
3413
2000
4991
1866
6466
4910
4048
8025
4833
4924
4928
3731
6456
5897
7946
7930
2811
4579
7658
1137
1527
9184
9772
4316
7138
5261
2567
5340
267
8988
9155
3303
734
9156
2734
6723
9409
7370
7004
9018
889
6012
5784
2200
2514
7726
9434
5209
8256
6553
1796
4424
6555
2333
9282
2321
5070
6056
6589
3880
1348
9239
3727
1958
4954
8258
1219
8596
9072
7027
2629
9061
514
4499
506
5564
1148
8924
7496
9027
5287
662
3024
5388
9955
1439
1397
1965
233
1797
4742
477
772
1600
8036
9659
6819
1171
6500
4366
2804
7345
7796
8233
1375
2013
3603
4454
4758
2227
2520
1725
7872
6324
7415
6315
8512
6508
4240
5176
9620
5919
1070
486
6871
7532
5072
7732
7737
191
2765
9213
9757
1777
1664
6592
6765
9738
9295
8238
3450
2395
261
8444
223
5955
856
9869
5870
545
3144
2198
990
6907
9334
9902
8180
3914
206
3001
9803
9730
7611
626
4559
209
8261
2061
3851
6045
2855
3833
8507
1028
8799
9491
6840
4009
7845
2076
2618
8286
7981
7612
4290
6545
2573
9923
3734
7098
9692
7403
2924
2154
7805
4207
3589
3634
8794
2602
407
5511
7336
3501
9719
6231
6740
7616
6832
111
5
4440
1855
973
6853
4550
4225
8113
1152
4044
3254
8951
2558
504
2869
3816
9494
4320
871
9813
3655
934
1665
3811
9824
2077
8857
6644
4796
3766
1916
8617
2999
5177
2954
8811
7838
4201
7320
7554
8001
3960
5995
9036
9559
7922
5983
4554
4191
4197
1760
9143
7662
2025
2322
5083
9798
7094
4007
9574
4476
4362
5699
4250
5296
5396
6283
428
1115
3739
9174
2626
5465
6959
1293
2396
3592
4711
2315
8685
9726
1356
7304
417
3520
9276
2982
7921
4374
1813
8289
3307
7344
4063
9393
8089
7285
6193
7404
577
2263
15
6655
2247
9592
1788
5675
6015
9580
9196
6010
7165
1998
9075
9604
7695
6491
947
6505
4112
259
5989
840
8099
8080
8354
5357
7074
465
3147
1972
4646
5255
1169
50
862
135
245
2541
823
9479
1207
167
4861
2949
2523
8710
8515
5295
1404
3970
7808
475
9038
1391
1261
9255
9807
3057
5744
5159
563
4298
2105
4706
178
4790
4894
7170
2127
829
5655
4117
2018
6568
2047
386
8152
8991
4745
2063
6518
5620
7592
1844
279
1309
9947
550
5094
8026
3763
1839
9322
4055
9455
2433
2964
4462
8203
5436
9885
4920
6725
7354
5136
5839
7975
1861
7854
424
5890
887
9476
2790
1631
4876
9488
5024
3743
9687
3983
9523
1337
3723
6756
1347
9172
7278
4245
4490
2043
3786
5199
1013
5706
4473
9953
7066
1220
3838
5714
5455
1827
9412
1942
5303
6989
5805
9996
9080
4214
8368
4247
4553
746
8694
726
4417
7536
7434
573
3227
7889
768
5666
5086
5981
5516
2494
3219
1080
5923
2422
317
2994
343
1200
3494
1569
3830
7990
5645
4652
2113
5720
9188
4981
3775
4088
8699
4391
340
3762
248
7396
8557
5117
166
1009
2091
4451
2003
1371
5003
7652
4725
6627
5835
2318
4468
6009
4564
2164
3127
48
4342
2528
6085
6676
6754
8738
9837
8278
7628
8950
3078
5939
7378
7451
2845
5691
4705
8143
8815
1864
3012
2098
548
8127
2267
5525
6702
3269
5941
9948
5581
3531
4329
3033
7717
1960
9137
9952
5756
8228
7279
3912
5475
8014
6397
3190
3790
8524
4576
1232
6389
1575
637
9224
4483
1066
3658
371
7984
882
7246
4967
2711
2402
2625
3244
8834
4834
320
7809
1946
1952
7687
945
8052
1881
8999
4004
1754
2046
1359
546
5030
9860
874
2918
8492
2895
6783
5796
9350
5021
9631
2461
9623
7051
3627
2079
7234
2065
5799
2360
4344
6064
2669
7143
1287
3625
1949
7792
7224
7952
85
6248
2477
3976
650
4023
1443
2661
1126
8335
2139
1250
2338
3145
4383
7466
7192
6681
8511
3793
4249
6293
7795
3308
4013
1692
9361
4235
5728
1162
1492
6406
9609
5219
4956
4741
6792
7771
9525
1193
8316
6281
6216
4624
8930
6146
6616
1982
6980
9660
9182
6954
5568
7158
1363
7842
1029
9550
633
314
3539
2735
8913
6556
2195
3523
1673
9944
1085
5242
6778
7047
8521
8179
6296
1537
7312
3268
1696
114
3992
2778
1324
877
3532
4120
4407
9635
3834
2232
2717
1534
6375
7567
9603
7470
5993
5885
7779
4971
7334
5457
8116
9475
5073
2415
3584
3505
7943
7129
7991
7380
2132
3677
7067
9025
6486
2275
6160
2943
3430
2010
5095
646
5952
4513
2454
6873
7385
7123
1541
3274
3172
9519
8670
1564
1633
5936
4593
7684
6274
1900
697
7723
7711
1868
7227
3159
7481
7830
2231
8246
3124
6679
7302
1711
2538
439
4902
3937
4681
3376
9508
5797
8719
7009
6759
5406
4609
4677
2346
7970
4277
9427
5211
3360
7340
1892
4962
9783
1037
665
7260
3328
5025
4521
3728
5588
524
1513
59
6239
654
7015
3964
3899
7673
9194
5863
7843
6228
3463
3672
3767
3432
4257
5057
6501
9799
2295
6123
3694
6487
1550
607
2209
3597
7052
3554
146
3182
8905
9471
8385
6767
5563
7880
136
5672
7373
5488
7235
3962
41
9477
8868
4886
4262
3590
2812
4243
4995
9801
2824
6267
3408
8418
2428
529
822
8953
9934
1304
5221
4147
4439
1224
7368
8522
8525
432
2276
8268
7929
4898
9896
2282
7610
4772
5972
2064
8692
8412
121
2148
9744
8846
7834
5757
2641
7417
3514
7374
1646
4173
4506
2068
251
1618
1727
2392
195
2011
6520
5963
2566
8106
5747
207
5682
462
9986
7902
3813
7963
8994
3622
2108
9113
4181
6933
1652
1611
2006
2946
8687
3312
9642
5814
8915
757
6709
8688
4690
4432
5133
3911
9855
479
4675
3375
3452
5930
1446
9530
6468
8171
1996
2783
3794
7352
7747
7659
4395
9052
3170
555
489
3026
669
6979
7169
4464
6986
8471
4077
1202
7933
5498
9644
9501
3072
3210
8762
5596
1201
7817
2881
8488
6417
5078
8262
6112
5925
2493
6605
449
9958
2103
6279
8986
3485
1494
406
2450
7452
7565
1129
2188
6726
8661
1001
2892
9619
6666
1885
7014
7335
9839
9881
1410
9264
6916
1167
8531
7604
3648
6450
9924
6937
5731
1295
3574
5382
9548
8659
3874
533
4759
3291
1705
3640
6971
7654
9372
792
9289
6390
8075
4019
2810
2217
2447
5496
2327
2203
494
3990
3251
2500
3250
8559
3184
9993
7816
3791
5888
2141
9474
7132
4939
4607
8115
1914
3861
4291
5966
380
3757
4632
9779
6109
8536
9806
3399
9722
9731
9165
5092
6065
2893
1026
4625
1614
40
735
1747
9164
6894
7095
4695
4174
3704
9680
3619
8464
5185
3447
2471
7065
1471
2325
6975
5126
6945
1937
6851
3271
5761
713
1358
3318
5059
152
9962
4265
8410
9109
6316
2271
7859
5165
3541
9673
999
7355
3131
6041
8755
5723
4475
4133
4263
3284
414
9756
694
1871
3296
2767
9173
7535
6912
1878
1828
1012
5856
2313
5258
6379
1938
8438
3660
2131
5251
1746
2880
9758
4883
7113
104
9205
2144
6847
8147
2737
8697
8554
6944
9320
1918
1973
5996
3730
4404
6533
8662
2705
648
6683
9231
1343
1051
3998
1955
4993
9610
6750
6695
6573
7938
5279
8269
9051
6569
2972
8850
2983
319
3149
4156
8721
5834
9444
1818
8644
1624
9734
1213
6914
4596
2524
6739
2219
2863
8239
437
8122
6812
1510
8260
2695
1290
8906
8663
4544
7137
961
1765
7571
56
6831
5779
3568
5772
9518
8505
6127
5438
5415
6596
4491
1255
1185
4045
1672
5397
9399
5987
5819
4952
5617
7287
4715
4605
2501
311
941
5904
8669
7576
5135
5619
8208
6710
6687
6382
3333
3204
6626
9107
2259
1764
2205
5280
4884
8897
5090
9621
2808
1906
2814
5876
3441
9433
2763
5487
8282
2657
6889
9499
7588
3657
7730
23
1974
1321
3457
9841
3551
5181
224
4800
7493
2008
3373
1249
7272
9253
6512
9598
7219
3916
9907
8576
3783
3632
8526
5470
6987
1708
5179
4984
8641
3120
1545
9077
5868
5634
257
615
8614
2797
3162
4773
9990
5132
8330
1913
9668
9978
8007
2092
6939
2208
3623
5837
3671
6305
231
7900
4934
5902
1054
4465
6922
8178
3245
456
7778
2229
5012
1770
237
5118
8478
6788
6
1707
8415
5913
3152
5123
4326
6400
2784
5589
9775
3471
9867
4352
4443
8062
6604
5454
2785
5210
2399
800
1682
4752
5410
7622
4217
8018
1004
8259
1743
4536
7881
5215
4500
6803
6361
5764
3972
3720
6455
5288
1203
4556
9185
1823
6088
9464
8162
9258
4010
4480
881
1560
4526
9263
4667
5225
1398
9305
6662
1520
5631
4421
6895
4233
9233
6304
3944
8848
7579
5984
6848
8623
6463
7764
886
5931
7589
3150
9911
483
7372
9171
9639
1853
1118
3058
8283
4949
9401
5649
5713
6272
4455
2769
1557
937
1587
6724
5350
9256
5435
3527
5270
9390
5549
2376
377
9121
9381
1666
1243
1561
5719
8298
6648
6212
508
5269
1689
4398
6802
4461
3027
6142
7118
8325
2971
5241
7078
1481
3353
6386
5235
5156
2522
3511
1912
1036
1413
861
998
1098
3553
943
7286
4850
821
2838
8568
6557
1332
8370
6762
9200
6171
1108
8096
8969
6935
8345
8386
1027
8237
1977
6214
7865
1819
6883
301
5282
105
7144
5643
5851
4472
1276
7679
98
2963
3025
5060
7190
5069
3877
6090
5354
5187
9781
3979
2438
3711
1350
1887
6359
4955
2540
6194
8445
1352
4025
8707
5346
4546
9634
7314
8968
6766
107
7513
4976
3326
5934
419
7198
422
431
6050
4358
9933
8039
2993
9701
879
2939
128
6593
3415
2228
6934
9811
3341
885
1172
9147
4073
1130
2815
3639
7221
7524
4693
7386
6669
7484
6598
7895
9892
1684
1383
2697
4436
9283
199
7018
8652
1205
8716
7395
6384
3957
6167
918
6499
9641
7624
9908
8384
8040
8582
381
1093
8064
6416
733
2173
448
5905
7812
2967
7456
758
211
6544
2716
1803
3575
9116
5746
8532
7307
3765
7811
818
4582
9414
3266
9646
8194
8216
2385
264
4611
2482
8362
9170
6481
6905
3991
6581
8742
1368
3008
6601
2179
6428
8908
4814
2281
5158
7439
5685
2623
3285
2483
1122
5494
4065
122
7226
9845
7343
6988
100
3257
8013
8140
6190
6370
2181
8341
6951
3035
981
1189
2337
7976
2934
3636
2100
7721
8518
2388
8032
6451
4163
8893
7651
9700
4444
3863
5573
1229
8727
6682
3095
3572
3866
698
310
5268
4003
347
4334
3092
1785
9329
2760
3692
8212
680
201
586
1920
9649
1931
7548
1994
1467
1477
7407
891
9376
2872
4961
2053
5360
9435
8475
3148
6102
6966
9093
3105
917
8510
3663
5131
4324
9046
302
9997
9909
2584
539
8802
9695
6043
2605
4533
593
2957
6094
3524
5566
8565
5679
6623
8042
7477
4115
1314
1333
7871
4252
7967
4254
8168
4736
1465
7184
9859
9599
6586
9710
2251
3986
8468
9317
1370
9835
3504
5745
9410
1954
2299
1484
2479
6846
6911
95
1625
4420
8049
4830
1500
3217
5540
4416
2729
5935
4992
8331
556
4666
9136
1247
9235
4056
1769
2701
9041
8206
5466
7215
5832
9458
5207
7243
9244
7678
2759
9557
2622
3335
5306
8102
9577
788
5409
6409
7115
4302
1235
9354
8231
5139
2781
5155
1562
3068
3075
7495
5660
8126
9411
783
7315
5478
5449
3325
8155
7317
8961
7188
9448
1798
515
739
3208
1661
992
7337
2350
9587
5503
9153
8060
6380
1943
2465
2394
4630
597
3797
8748
169
6016
4551
5297
2935
78
182
4653
1327
682
994
7751
4743
4442
5801
7061
3211
7480
6538
2345
5932
1794
5688
7077
7358
8045
9217
5093
3377
5222
2682
7202
5316
4388
3664
7471
7499
4668
3019
630
4335
3650
42
997
3777
1989
1968
2746
2290
7085
7316
7011
848
5920
2334
4738
7566
5767
4360
4311
2475
2929
1058
5854
1742
4141
6098
7829
232
3936
4104
212
69
4519
770
3869
8414
6692
6157
4917
8079
7545
1351
5300
5497
4586
3905
3492
3062
5998
3372
828
5339
339
1469
9871
3038
4684
685
6960
7218
4203
5872
825
6594
9392
6631
4783
9229
4132
1821
1983
4793
4310
9473
3414
1542
4815
5150
6932
5271
6629
273
4534
4471
10
103
880
288
8200
3920
6595
7453
3488
6314
338
769
3747
6232
9512
6288
1015
2777
5244
1810
4109
4313
8983
5970
6617
4340
951
9328
2879
8904
8342
6163
8081
581
8175
4530
6693
6549
690
8796
5042
2850
9822
3586
8865
5842
9613
2210
6896
7598
8514
8561
1975
969
5460
109
9703
6377
3702
888
780
6438
2138
9535
8466
6345
3288
4923
6834
1035
711
8589
5334
4135
5917
8833
7569
8389
5047
7823
2284
6946
4445
7128
6647
6521
4658
9363
3729
5468
5957
4075
2754
9817
3665
7134
3085
2072
2643
8188
5344
383
1905
2192
4284
5026
2565
976
7770
8059
6910
1279
6055
7750
8830
6565
7007
3402
4314
688
2106
5162
755
9176
3134
9493
1449
4070
9160
384
402
3014
5299
6727
8195
138
4822
8722
6348
8011
3661
2094
9748
6717
9566
9420
2830
8029
1817
2526
9503
4922
6955
6415
3040
2691
6457
165
7763
7568
3799
3218
5311
909
2693
3302
5007
1419
4154
2049
8713
459
3345
3756
27
1678
2654
5750
2802
6741
8088
4859
8854
5836
8352
2014
6878
5240
1109
6671
1170
8782
24
8253
5476
1245
3048
5362
3940
678
2856
5015
6198
1183
3310
6998
7333
6857
8103
2569
6227
7743
6364
329
2733
4402
6321
4495
7941
4781
5976
9201
4716
9037
6713
4645
4224
2066
1458
6332
5636
7925
8314
3114
7882
3188
2849
7194
1211
2366
1355
616
2689
8201
2614
8627
7825
1795
3237
2900
9921
8138
8319
5973
5425
7295
6720
5979
1910
959
2386
1962
4046
260
1362
8619
1626
6399
2832
642
5447
4367
8737
908
3314
3153
7617
6761
8224
7626
2595
6685
9826
427
4717
6659
1003
799
730
6657
5301
9852
8202
9967
265
126
4392
3573
9081
8076
3994
8047
1297
895
3319
2730
2502
2585
5783
101
4022
9583
7111
684
8380
6972
1040
6407
4950
3047
7504
171
5958
3635
7245
5510
4968
8160
3754
3230
1872
849
6510
559
2581
1191
4101
7020
7199
3989
108
6918
2239
2745
5502
2165
5881
6170
2862
1346
4810
3439
7080
2121
8828
3255
687
1763
324
9035
8329
3480
1364
3157
4261
9537
9889
5101
4828
9969
5653
1658
6235
4618
8365
1116
6057
4438
4215
9906
2779
5201
1366
287
4944
2762
9268
6129
7432
3102
1539
2455
3331
1597
5381
878
7951
2406
4531
8420
316
1463
1925
5046
3750
8888
1105
8397
6826
2341
4755
6815
8654
1731
4283
2009
1030
4523
5961
5654
3289
7969
9900
1272
5992
180
271
5739
1466
5315
3096
9970
664
3576
8297
3440
6403
6069
9590
6881
695
3595
3475
9497
4415
5310
7099
7677
356
1221
7510
7789
5529
9344
4970
9428
2515
902
6338
5013
859
2472
6656
2903
478
4200
6225
4692
7426
596
31
2725
5582
1951
7288
6694
9903
470
3394
771
6084
5112
1306
8772
6202
3467
6517
8985
1454
208
6046
5980
1460
1671
8158
397
3543
2635
5048
4427
2751
4707
2503
4659
6859
4512
4712
1847
3003
5846
6111
4488
7599
6882
269
4795
1547
1737
7596
2630
815
8170
4259
344
9407
1815
2178
867
3558
4501
2707
9500
5708
8021
7136
5758
332
4682
3349
7644
5985
3605
1403
3363
9941
3424
5982
8573
4205
4868
6236
1753
4268
4809
5827
4140
3951
8689
6269
1501
116
2555
6024
1848
1719
9684
7740
6226
5419
4331
9820
9686
6861
8776
4767
4275
3502
2391
4782
1097
9337
8210
8044
9513
4036
1430
1687
3071
7837
9698
2534
3803
5378
3063
5816
8884
5686
950
5514
3737
4349
5137
8814
8403
7958
575
9131
1132
1690
5014
9357
342
2741
6277
7393
3685
8595
8826
8770
3202
7229
6257
7494
7822
6632
4162
4166
1536
8989
9547
408
3178
7926
2083
774
2750
2412
7538
3518
1023
4341
9510
4463
6791
2800
7006
6195
5770
1833
3350
1709
5825
1933
2075
727
4234
189
8753
9087
8190
7688
6737
1907
376
5736
4400
2878
2137
502
9304
8344
6863
8145
8839
1190
1843
4449
6148
2575
2962
7977
3419
1491
4018
3925
610
3283
5924
8677
2772
1138
2411
5138
2867
5879
8786
9490
9880
5186
3224
2859
2865
5129
3772
5548
6241
4674
4295
6496
5262
1256
7216
1050
8747
3112
4508
9628
8229
4688
6372
5680
3177
2312
6037
9718
756
5017
6816
3018
4729
4860
8867
3246
7956
2490
5477
3526
3517
3214
4825
3714
8447
4083
9021
3684
8506
8490
6870
4650
3207
3512
4535
3608
3742
8022
7464
5035
2196
1748
7248
7873
4824
61
3137
9570
9115
4938
2728
8523
6334
993
387
1921
7082
7560
9696
2085
8308
9655
1451
2647
1515
7656
1880
6363
9240
8093
6336
3192
6790
8372
8065
2256
9275
469
3996
4700
1863
5928
9241
8572
1825
3980
3841
1411
7519
4892
6138
1995
4903
6271
1814
7669
9753
3609
6108
6770
5298
4656
531
3231
2897
2719
9202
6923
1602
2265
3405
3924
5000
330
1963
4583
5864
4805
285
2363
4826
1283
4309
4996
3073
8984
2246
1732
7485
389
2786
7410
3915
5960
6437
6402
9148
1613
3886
647
5681
8028
1195
7178
8234
8827
6814
341
8640
8718
2583
3164
4746
7204
2789
6203
4837
3843
3690
9013
7861
920
9737
526
2667
7112
5364
2508
8544
2035
4709
1385
6942
3999
5084
1238
9794
2680
4542
7718
1888
6247
154
3967
196
2932
7461
5363
900
300
3329
2966
4410
4080
388
51
7088
8495
6420
5948
8408
1248
253
985
2484
4029
8245
5237
8954
9884
7189
5665
2709
2311
8585
7233
1433
510
1000
9004
5160
4470
2704
179
163
629
1402
4347
8869
7627
2544
80
7506
5949
8483
7973
1269
9929
4629
7454
2316
1889
6356
8024
8428
6855
4092
9968
6113
6114
5536
1529
7463
8502
4076
1065
1503
6200
8304
3982
8361
3417
5379
3646
7578
731
3391
3021
7057
2023
1387
6263
2770
9784
5265
2253
8031
9248
2916
9430
8227
7402
6445
6603
3808
1691
964
1409
5395
9478
7758
857
4852
8458
9406
7153
7214
7060
239
6150
8660
7503
8343
5102
6307
8586
1008
6845
5314
7591
216
2694
1648
2749
5052
7597
2827
8995
5358
991
1532
1210
6207
33
9793
5735
2896
9682
5640
2817
5900
5787
1580
7360
9238
5043
5479
7564
7101
558
8048
5304
9010
5811
6149
3282
1127
5903
6757
7949
974
3530
8626
671
1909
6130
8563
6242
6028
8443
3818
2348
1361
5413
9181
1039
1405
4385
8112
3050
7366
3123
1521
1654
5790
6440
5800
8083
2507
7325
6309
6083
3519
2168
5275
9778
3567
7647
9630
1643
4411
174
2410
6764
6320
8667
8926
4124
631
8497
8967
8739
3107
890
5206
3941
5847
1117
1417
4296
9450
4209
9605
1680
6297
6199
8556
9303
3614
9762
2261
1406
1455
9542
5062
3753
1302
2207
5889
5780
5505
2591
6087
6092
7733
7309
7748
7555
385
958
924
8097
1835
1619
4068
1834
5609
7479
3846
579
5990
8003
3179
7631
6729
2645
1755
8465
6807
1107
1511
9588
474
8323
1522
2418
2024
6906
4697
3039
9017
6716
9945
2531
791
4353
2940
7427
458
4431
9825
5061
1805
7682
159
2307
6412
3138
168
3943
5458
9591
9237
5921
1166
6900
5278
3633
4457
9463
3065
8936
6844
1090
2758
5883
9532
9345
7801
6319
4008
451
2320
1530
6495
2328
5483
1393
1307
5945
2989
2679
8184
5867
5034
939
7442
9389
9467
5535
8909
2054
3985
9992
7100
2436
5323
7607
7923
8481
2459
4189
7917
1608
8219
2073
398
8764
1018
358
6070
491
3988
4193
1846
2403
8349
3176
6858
2535
9417
5390
132
7462
8035
6357
8887
425
6369
7033
5965
6302
3503
636
1941
466
162
6073
8754
2081
7719
148
495
6782
7106
3901
8417
8981
1156
3544
6008
8087
4557
8889
3074
9284
9114
592
7839
8551
6256
1966
591
9145
978
9827
9653
2683
8247
2159
9766
7476
5050
4520
9596
7159
7665
2851
281
5044
8527
6789
9879
3379
7351
9792
4572
8992
3111
4169
8824
2981
8797
1369
7888
6667
9925
1548
574
5370
6772
3448
3876
7324
9712
1809
7896
9636
91
2793
7231
6836
8105
6558
640
4820
2421
6106
4753
2616
6429
6355
681
8257
560
493
9219
4888
7782
184
1703
8610
2826
913
9729
3342
7635
286
8326
3461
7197
2486
1305
7019
9849
6817
4384
2598
8838
6120
7030
6079
3406
9054
5611
6182
2720
1142
8092
8840
3136
8656
1891
4050
679
9290
2887
4237
4363
9422
8769
1535
6736
1464
5463
7705
312
3706
7916
4896
8429
5434
5831
296
7090
995
6137
936
3304
2700
8571
175
8638
7353
3443
2906
4196
412
4064
3624
2927
1124
2266
9740
7787
3795
3037
6661
5328
3770
6633
967
8159
5789
7364
5547
5755
4788
1720
5385
8917
123
3930
7163
7868
6262
2040
8222
4494
1657
1508
4633
1901
869
986
6162
7348
5822
4720
6246
722
6775
7704
4798
7821
6514
1590
1440
6590
8578
7117
8624
5855
9914
2731
94
4134
3787
4540
7509
3180
1288
3929
3845
3903
2644
1223
2736
9732
9492
9643
3115
6867
3644
7222
82
6410
8639
2382
8167
7339
9830
4642
2593
3267
701
5216
225
7529
4379
8109
1046
4273
5028
3262
4640
537
6270
9216
8008
9829
8181
337
9226
2070
5579
2464
1596
7549
7697
1858
4966
3197
7045
2632
538
193
8199
2116
5531
2813
4386
4899
2202
8000
5394
3032
5632
7418
326
4482
1638
5452
6965
9078
2028
8067
7663
4836
8934
5553
6609
3280
8494
6396
7570
7904
3398
6347
8279
3352
4351
9367
855
8263
3855
2298
1978
2248
7573
5773
6276
3368
1426
8395
2660
916
2621
9614
3309
3935
6398
4033
2437
1752
1334
480
7520
7803
2175
2021
7988
4548
7083
9026
7180
764
5128
9167
5491
5016
9864
7691
4487
1641
4514
3689
9273
3954
6864
1083
9541
372
6141
8820
2470
4493
2628
7140
4865
9611
393
7879
7572
7806
4974
5871
3735
5264
2574
8406
3884
8853
7266
6860
8513
9484
8123
5372
9894
9142
4278
1296
7391
2463
9421
4987
4977
6053
8680
4187
7303
1610
8651
172
3565
4839
1789
955
3369
2342
4524
7069
2288
8886
8090
5208
7707
9963
649
2513
5762
6436
7292
1388
4685
7298
142
1400
6467
3484
4371
6953
5727
6733
8621
1509
3355
9314
740
3454
5313
3213
7851
9178
5067
6140
9539
2655
2944
1226
9482
5647
1970
1246
9424
6675
9601
4904
5528
2287
4294
7724
8919
2112
1437
715
6523
5148
3958
5106
2453
6968
66
1523
1154
8606
1832
5443
6447
8541
609
2344
1136
3028
2519
6551
9770
3536
3238
1316
1932
8920
2097
476
5163
5037
9252
4941
2554
8613
4081
7523
2343
793
8130
1756
511
5910
6131
1344
4905
5190
1095
5105
8135
115
6990
8107
2780
3696
4994
1267
2268
2223
2373
7255
6537
7777
129
9340
1164
4139
9562
8457
5777
2058
5570
5291
6072
6560
7541
463
6154
4021
1713
541
4177
4754
6886
6217
4220
9964
6991
5259
7265
1480
3121
1395
8166
9506
8185
4821
9561
8236
1209
7955
2998
7964
73
5818
6994
4327
2665
390
6003
1956
1630
8110
9640
3339
1852
9466
6550
6172
3975
1318
5120
7031
738
6996
9384
1299
9326
4863
1930
8863
2151
2129
5693
2512
9135
6575
8218
5507
1144
186
9066
5019
9568
7131
2170
1629
5293
4552
3938
7097
7755
9335
35
4635
9527
6524
4001
4737
5051
4481
2417
2452
3433
632
9883
1514
9522
786
3272
4241
5031
6909
3887
6033
3631
5663
2264
7525
759
2331
333
719
5749
9279
6511
4926
3004
6021
3669
8726
3893
4244
3809
9144
3628
9521
9823
4034
3295
1599
7193
1836
5317
7558
8322
4573
2588
1475
6868
6795
1435
8287
5087
9339
8503
6531
1683
9083
5694
2491
3681
7465
3778
8108
8433
3087
2254
703
7241
6542
3482
5214
9323
8369
4453
3109
4757
6701
7876
569
1173
9378
6957
819
230
5074
3952
7430
9138
7423
762
7950
5141
395
5175
1701
4909
198
8339
2071
263
9999
2868
1357
5599
3732
4159
8539
7632
1751
9288
1014
2545
8895
6204
6697
1163
562
7361
8902
3387
5743
4213
1017
2673
9139
8070
3620
3181
9654
747
6405
2497
5630
5441
6536
7814
9865
8633
4933
2078
4813
5523
7593
7105
9752
1340
6970
3662
89
4921
164
3895
117
9564
7585
9936
7516
9739
9090
8459
8391
5239
2109
8922
9199
9608
1999
2646
8701
4581
278
2439
6107
3229
2525
1421
1582
6493
8137
9009
2409
4776
3338
58
2898
176
2931
5774
9095
7150
8766
3431
3659
7983
8912
618
4433
3891
1367
8302
5550
1041
742
4665
8990
9586
8885
6243
5967
6480
4248
9228
4710
6484
9100
9030
4547
3810
2012
11
2326
1577
2458
8804
9846
3870
5482
274
3718
2194
1572
6760
540
4760
5417
9243
4727
7283
7756
1150
1784
4116
1616
9267
9685
6718
6022
3143
3079
5785
6634
4704
6165
1915
9657
143
3686
3571
8101
4441
2457
1176
6952
7544
5974
919
364
5751
5544
8646
5615
7467
9215
1448
7275
2686
9974
7883
4885
9443
7084
2842
5604
5715
5618
4803
8508
7998
5272
7649
272
620
4929
3374
6145
3173
4195
9774
8800
2722
7212
7867
9222
9957
3740
732
4405
6460
282
1260
4394
5115
6961
3474
8648
2258
5626
667
5144
4946
4731
5608
6060
7689
1986
1644
6885
6482
6498
8932
9627
5283
8300
5064
5721
9383
5683
7729
4040
2659
4338
7433
1904
9168
8899
6354
6744
7326
5493
3301
802
2273
3701
3151
3892
3858
4053
6074
7786
8413
9209
2997
7507
1642
5524
827
93
1010
8875
4601
9049
2606
6362
9786
8441
9068
8604
6787
1084
9468
5066
1552
1811
6921
1022
5765
4986
5319
2441
4975
8054
2611
5324
1431
7937
5622
3678
9069
4375
6323
9665
3902
6014
3423
2561
6188
2339
1840
5537
3630
7581
8050
5056
84
7601
9159
4528
8599
471
1830
188
3489
6349
9922
6151
8647
9662
7919
9509
4345
5977
8789
3016
3939
1103
3878
4304
2771
5671
4060
7722
675
3000
7712
416
3888
7167
5718
4849
5022
6136
702
1750
70
7037
4989
7043
1042
5775
8538
9733
5281
485
8653
4998
743
6665
6678
6425
5114
6408
6640
2947
2199
8293
3700
1745
4612
2619
4180
5994
4446
2044
8550
2941
612
776
1349
925
2375
3948
7445
3277
6869
1997
6829
3206
7237
4121
173
4286
5802
1389
4130
1258
6874
7709
5147
3311
7135
3537
6077
4231
7160
9254
7250
1637
2510
4382
1096
4980
7171
3715
4232
2404
5642
720
1944
9358
8632
7561
7000
8593
6982
1831
5526
5803
834
760
8333
595
3297
5551
9565
5874
1270
5906
600
9120
4399
1567
9318
2413
9465
2537
8858
3525
8242
9858
1716
975
1414
4680
8745
7416
522
8394
6052
5451
2883
6800
7552
7685
9917
250
2688
5065
6391
884
2120
8642
1062
4418
8845
8431
6328
6839
6901
9983
6483
1816
3468
4266
705
9029
8377
8703
6507
3203
944
6427
6047
9720
6743
606
268
2676
283
6376
4089
9515
2474
2488
3042
9211
3860
5202
4669
3557
76
1121
6887
3327
1783
8686
5690
4661
4617
8241
6116
4985
1991
1436
8334
9891
1175
5439
9130
8631
736
5152
4811
3827
6078
6734
6715
2130
9031
7001
6294
6358
696
2684
220
2052
9327
7584
8808
7305
6643
2056
3673
9261
1758
876
2559
5638
5116
293
9763
6611
43
2393
17
5911
2608
5352
3904
7376
6034
3336
9441
9789
9453
1407
322
4448
9122
940
1100
6704
5877
4730
8591
3780
3961
7615
9437
1506
2498
8793
83
276
3161
6174
1445
9504
3169
2301
8649
6899
3359
3955
3053
2843
7924
2430
252
9950
7776
468
8637
6122
5504
6181
4
8197
6308
4165
6913
5005
3140
5001
1543
4170
2978
1399
3256
3616
3055
8037
1055
5326
6838
4623
1584
7258
8450
2048
8419
2543
801
1354
9387
3965
247
9151
9459
8976
6830
9218
7543
9094
2218
4973
960
3249
3361
2280
5896
509
5733
2992
8164
2445
6392
4129
6001
3781
5722
7826
4791
9011
3198
6489
1459
1476
8883
1525
9788
7363
5947
5331
9589
8046
846
7741
2380
7412
6652
7502
8587
838
9299
965
1234
1057
8460
7232
2818
5975
5063
3984
4176
9560
4238
4696
9816
2214
318
4927
4052
6721
3290
1300
2836
3045
2589
1151
9554
6395
3968
724
4577
8296
9177
2799
3378
1378
9207
7645
9742
4339
4151
9749
5884
9140
6368
3020
3100
1695
3119
613
2166
7953
3973
7793
7788
9998
1280
9057
3927
806
8100
8125
9782
6224
1228
9552
8161
6156
3890
604
2822
5676
3606
9626
4485
6331
8947
6291
8933
1323
4330
4613
9932
6434
6893
4964
1140
1159
6574
9709
3462
3054
1251
7517
4015
6300
6339
3007
5696
7041
2801
303
3044
3894
6624
7321
1988
37
6059
2244
4172
1800
2204
8975
4872
2866
7055
7914
5099
1412
4312
2384
8880
530
2571
6828
5386
3259
7039
3563
5492
4413
853
6473
5294
3247
5486
8723
5472
8068
3610
3380
9661
8359
6023
1841
9802
6036
181
8706
8399
5039
5426
3896
8832
5157
6086
8033
445
7187
5119
8553
8340
9092
6378
7133
2907
1736
4222
5011
6453
1897
6928
6454
7875
865
8734
8698
935
9810
9332
2356
6908
4355
2995
8117
4916
3752
4458
7966
6197
9647
9294
7671
9251
8892
8360
9123
8382
192
4422
7042
8061
6071
7079
304
4764
5197
5391
5557
5273
9266
1787
6333
4006
707
8077
7390
808
9721
6068
608
2774
1045
3564
7068
6394
4376
7121
5628
9
7940
7429
8560
5374
2708
9486
8812
9533
912
6654
8416
5266
4597
1724
9480
2115
5045
7894
3103
6187
1468
8575
6854
1382
7648
845
6252
1236
7347
125
996
2272
2901
9097
2211
4409
6222
7346
5716
9878
2467
953
9800
1483
2620
2405
3133
3175
6755
4578
6306
2004
7110
904
9746
8879
6245
583
9544
4587
6350
240
7945
2358
2234
7710
7954
6584
8220
3908
5418
5844
1917
6999
4099
2420
3165
3466
7458
1812
922
9524
9563
1457
4396
25
8426
8861
229
2419
8243
7025
7674
2193
4558
3086
4817
3769
5481
9373
36
6298
5110
2796
7026
6621
2397
7942
9773
4094
4510
2423
5534
2185
2936
4087
3340
9447
131
7406
9292
1087
5349
3409
6650
4604
3388
8328
6730
9212
3806
5174
8451
863
3487
813
4616
2698
1199
9672
1873
3698
8424
5833
20
1077
7207
413
2357
6186
5490
6588
7127
9496
8072
6600
4074
2118
1576
5624
5792
1688
3585
2425
3613
1686
9928
3708
1568
641
3130
5189
7745
1694
3641
2381
1544
9002
9408
1485
2249
5944
2031
4713
6653
6837
2042
5445
5130
3867
5556
6240
1059
6158
568
7322
8288
4059
9403
4851
5008
7264
7996
7413
137
9528
2002
4889
674
8192
8421
6469
8324
9208
5127
4369
954
3768
1123
2302
933
5032
9404
761
9514
3234
5734
1277
2245
3089
8244
2093
9863
2912
3849
1566
8711
7225
9272
6221
3041
139
8938
1071
5100
3842
1365
8148
4908
4297
1601
9754
785
8182
3688
5997
7175
7609
8978
6061
7179
334
2674
6810
3186
8455
1472
3478
2727
3760
9298
6748
4486
295
8819
5404
2324
9951
9050
8501
6492
2516
5587
5508
2715
795
4728
396
923
2586
9711
6940
3306
7388
3596
4002
5412
3854
3923
7122
3117
2122
9546
5446
410
9416
2147
8266
3346
5971
3580
9960
4999
4937
1710
3397
1241
1722
5004
2182
4721
3774
2020
8785
5584
7028
9656
5752
3081
9848
5289
4359
5559
8388
1502
4030
9791
9316
6210
7063
3270
4280
442
1499
1372
3801
7699
6842
9870
4308
6843
4747
3220
4890
4142
2001
3579
8371
5804
7760
2870
6532
5572
4317
5204
598
1473
7531
4686
9456
7071
3320
4350
9062
7240
1895
5336
1681
6902
1179
5085
4202
492
673
5838
8016
625
7405
4251
6773
658
2681
5098
3679
6341
1145
6249
1622
9602
6572
3546
9220
7613
1628
1146
8313
1781
2911
7666
1253
4136
6189
6192
718
3348
9352
9777
221
4043
5545
2991
8862
2919
7310
7668
1428
8683
3721
1621
5964
852
9743
8962
3974
6690
6449
8724
5368
8773
9571
1554
7931
706
1559
3600
7641
7815
9259
9180
9832
835
9818
4270
9520
497
2829
2135
1771
4301
946
472
8548
236
7994
1197
1663
7508
9761
2238
6794
3826
3710
3097
2080
751
9579
5795
8095
2255
7401
1634
4185
1394
6485
9074
2937
3316
2692
2102
1187
394
3882
1331
3235
1675
7583
7574
1685
215
927
4683
6159
2242
4093
9866
2499
4628
9714
7073
8650
7446
4644
931
9487
6872
8517
3932
7798
204
415
8058
2150
2434
4978
6578
6833
5277
297
1749
7734
2306
6571
3707
8877
7381
2442
9669
3200
5196
745
9915
9991
7256
6134
752
2662
8472
8775
3853
9360
5650
6220
368
9872
3716
9898
8486
3036
9930
4466
5355
9751
4569
4823
7349
1531
2190
3598
8141
7948
9452
9538
9099
3286
8935
7974
3344
6342
1859
8157
9396
9895
784
4787
3881
5710
4756
365
6117
1615
7311
5054
9994
6351
4867
2913
9854
197
2289
6559
899
2291
2371
1662
6619
3365
6118
3601
4911
4647
9190
3099
7623
3691
7408
6527
1875
5401
5807
9091
5766
1379
5020
2794
1060
6732
686
1935
6344
9060
7483
2782
8311
9760
6673
8084
8856
4011
8998
6327
9015
4137
2252
8366
5371
4078
5607
8693
4657
1558
203
8111
9912
8579
6265
7394
8012
1617
149
7438
3736
3187
535
9633
9325
938
4775
3995
3751
8552
5711
4940
5145
3084
839
9949
8700
5533
7420
2687
2547
8281
9691
4574
12
850
1418
9536
9850
4082
2603
370
400
7603
3265
820
6806
7086
8276
217
298
3509
7044
49
2864
4614
1528
6664
5742
7244
2560
8519
2988
4768
4838
6530
2362
7230
9724
3108
1487
4960
866
8864
6124
7468
6703
5677
9461
9157
7637
929
4102
5853
6777
8847
9874
9429
5824
4740
1936
9342
7997
5978
5495
2706
6823
9158
8891
3395
3695
553
7847
6096
9175
6973
9293
5519
7790
8252
3535
7411
5236
7577
4127
291
4518
525
1570
6504
5571
3046
4079
8393
6337
2067
1706
9675
1540
9971
7293
7195
930
576
306
6260
3864
4378
7912
2368
4322
9976
4253
4084
3528
3918
7804
4522
7646
1217
5325
1659
9098
2142
4943
6385
1427
7630
299
2922
7444
1392
1533
6419
7124
989
3910
7176
6706
2974
5732
4515
5250
5183
4866
956
8894
5469
8350
8756
5625
8901
8221
6340
9306
8925
3825
5309
3022
6371
3469
5916
2690
6180
6255
4562
331
663
3821
1068
9398
896
7424
1063
8053
2133
8346
4381
971
9780
3298
3666
7024
9063
9395
7301
6299
9529
3828
4414
1606
1262
7008
7753
6688
7038
8530
160
8240
5405
766
4236
3132
8153
4517
3141
5794
7563
4239
3949
587
9584
2383
9507
6301
3412
4845
7500
9531
3913
6827
2848
9897
9875
2026
2007
3070
4959
2184
1791
1141
4062
7049
8607
9014
3837
5583
1761
498
5614
2986
1867
1829
3847
5321
9347
6696
4915
8485
4279
1112
4848
2506
2187
8671
9702
5892
5578
4357
6576
547
557
1964
6747
3083
7608
7638
9755
3607
1759
2074
8618
2126
9341
2744
1168
1216
6433
6638
9595
6360
187
4042
9926
8910
185
3427
6426
1605
9454
6699
634
564
8215
2241
832
9771
2539
8474
8427
7259
1967
9723
6915
9042
6670
8709
3705
1067
3875
6063
1002
8452
7773
5937
9805
2742
8890
409
5513
1620
7114
5140
4615
2747
9901
8590
9440
787
1025
7130
868
4875
9984
8781
6509
2639
5709
2478
4719
2429
3547
6290
5629
8484
9085
3508
4804
4038
6185
1131
218
4346
4566
8151
1342
5480
4182
4061
309
7341
7271
5036
242
8960
5823
6058
8129
9856
6284
7818
8055
6435
1206
8183
9728
8882
8375
1328
8725
8842
5737
2529
5956
2226
5610
5253
8425
7667
3305
4744
4932
34
3822
962
9124
2332
6927
5678
9526
3154
2886
8566
6393
635
5769
7443
6153
3542
6735
6464
9102
353
350
4900
6774
2636
5673
708
2051
7306
7686
5387
5437
716
5592
3294
2400
4288
4549
1586
1212
4069
8533
6797
2699
1303
2157
453
2432
8120
8449
9481
8784
7820
8248
3043
6234
4216
9683
4763
4408
9195
1734
3513
9162
9152
5356
1953
5909
5121
2633
7979
5554
1898
4477
22
8467
2853
4108
9987
3969
3533
7715
2753
4271
2426
721
3425
2050
8225
6825
8788
455
3113
4654
2594
6230
5322
8432
6700
3403
9750
8491
9785
9606
6929
4171
6387
4370
6176
8270
4328
7897
5122
1504
1669
3587
5169
8843
4561
4537
5192
3088
1656
7076
2761
2309
6824
809
656
670
1442
2857
2809
6809
8214
9033
7308
1926
5422
8931
3515
5684
7807
3158
6442
7761
4538
2568
71
1153
7708
9134
8136
767
6051
1645
3713
6554
2852
4223
4726
8454
8250
9713
2446
2521
5668
659
2600
611
8498
1329
5776
3337
2942
2882
9836
205
4567
7141
7828
6798
2243
6660
4610
1693
5429
4655
7742
7590
5151
3733
6963
9838
9032
5082
9423
549
8927
1640
7856
1380
6318
6432
7147
3196
6677
352
4293
8294
1660
2088
5532
8946
5940
6903
7580
6564
3275
523
2768
5408
5926
1133
9311
1237
2977
5399
6977
6470
9163
7706
3434
6007
8005
8367
4348
3856
1623
9705
4037
1488
513
4047
7162
4841
19
4158
1106
2890
657
5705
2087
4953
9790
5367
3697
6401
9942
7422
9658
4639
9679
8729
7713
9019
2117
3637
5702
3390
8073
9578
3253
7329
3098
2915
2262
7392
1360
9270
5238
666
5077
3449
7864
8929
5462
3006
6275
9380
2831
8928
68
3759
3784
9505
8588
7939
3947
6711
1447
1928
2294
6583
151
6866
9426
461
4854
8702
5006
5097
3993
87
7511
8312
5172
5256
4874
858
7781
7277
7527
9438
2114
2961
5585
8163
5377
8091
3258
2562
3347
5986
9893
4210
2492
1208
2274
6646
9129
9543
3248
6388
7384
9192
2958
8622
3649
1408
4887
9708
8577
4035
8119
6865
434
5230
1874
7342
8209
7116
984
284
6811
2104
14
9988
3201
9931
1546
6948
8496
6082
8223
775
4606
4460
7886
6031
5908
8987
7174
7318
2945
1320
4199
4028
1739
5166
9353
6179
5440
9285
9483
8704
8347
8973
8971
5427
6101
6135
9843
4184
3049
4545
8658
2353
5852
2612
2496
5195
8516
6785
5515
3242
3815
7898
5421
8098
7382
3552
5376
2504
2649
942
7435
1275
578
763
9300
97
3422
9927
8940
5703
7901
6206
2319
2948
8306
5912
5320
4110
9887
9981
7846
2340
2136
1985
1838
1450
8609
4368
7397
4229
7832
4718
5943
5351
1268
4282
6139
5342
7268
8124
2143
4160
5541
4925
6566
1804
4792
3232
2968
1860
496
6343
1851
4206
2468
8841
4912
5232
4066
1987
3110
378
2564
3823
9374
6645
4372
8217
1423
177
5860
4919
8267
3922
3381
737
8630
8473
7281
2548
9071
6613
8583
2308
6229
2015
8620
9828
5365
5520
2820
1947
6474
7371
5861
4230
4090
2055
3832
1061
3315
3773
9146
3909
7857
6672
589
46
6287
5002
8611
8584
8870
9397
360
2917
9472
4437
8836
2984
1802
2172
2495
6093
3656
6461
294
9741
7643
9286
9291
5891
7369
3216
2536
1879
6027
6779
8356
4337
6196
4031
4951
7675
9191
53
2089
2511
7972
9704
2096
3023
8768
796
8791
6641
4072
6000
7497
270
9954
4228
6471
5670
6993
5220
5518
9386
2427
7920
7757
677
5539
4671
6103
9415
9699
4264
6786
817
3848
4673
2973
9629
266
8128
2518
3125
1135
8903
1594
910
4827
7107
9502
6133
4496
9313
2987
6413
691
3029
1976
6947
1583
3438
2119
6635
7614
9133
214
9084
7350
3163
4957
9154
1837
5464
4936
3755
4146
8629
1593
86
2285
7767
5866
488
3128
9918
1516
5562
7206
5899
6546
4864
5616
8381
3865
4412
3465
5312
3458
7650
1239
9676
423
9736
7683
9572
2925
8407
1919
6976
1971
5569
3724
3561
5730
8964
2398
8851
3442
9688
8778
5263
580
9315
3879
8500
4701
2444
2712
8057
1677
9111
1317
8142
4306
1470
6818
7029
1911
2587
5644
1076
9844
1845
3680
2980
9112
8665
7505
8066
9119
6095
4188
5474
9593
4106
5942
3090
7910
3362
241
4570
2825
744
7399
9446
7254
9296
9022
4123
5432
1635
1298
1416
4221
3934
1498
5010
8763
227
5574
5154
3385
9451
8939
8348
1020
1780
6201
9965
8479
2748
6208
7860
2592
3997
6032
2039
8740
8581
3667
7013
2377
594
4880
4779
7040
7109
4365
2435
7021
4584
3545
4318
1992
7209
3093
898
8392
5402
1979
6984
3800
4965
8373
619
5234
6771
3581
7262
7093
1319
1422
3160
628
8674
249
6178
542
6738
7186
6606
226
1636
6949
2237
1326
5575
6663
9795
3521
6128
9203
9096
404
6522
507
4100
3460
1571
7676
7172
6780
624
8580
5674
8405
2743
1775
13
1301
10000
5657
957
6418
6731
773
8310
4425
8038
6753
501
2675
3807
1274
8480
3687
1579
4091
2310
7319
6649
9400
3824
4354
6985
8309
81
9617
5600
4774
5467
8555
8634
8805
9556
1264
8810
8015
9187
6580
1438
3852
7070
7800
2557
5332
7736
4595
1735
3276
1524
2858
3222
3031
8813
790
8034
8400
9516
6849
2303
2336
5830
714
6105
6608
1396
2440
1899
8285
3555
7962
9330
1230
9989
4585
4489
9690
2873
6365
5499
77
3367
8592
6261
444
3486
5887
8600
4281
7885
5345
4428
8211
6244
1647
1883
8615
4591
3389
4560
8743
6326
5815
9648
9943
1940
5567
9391
4703
5873
6029
1489
7547
9555
7934
3748
3693
6722
8945
170
5347
3281
5247
3928
156
7863
4663
603
1927
9245
3193
4525
9959
7680
7289
90
5914
4096
6042
9888
6956
2664
4590
4808
6475
6126
438
7835
3481
369
5248
6543
7655
6233
7475
1312
3013
2361
3538
1143
7338
9913
6132
6005
8213
4879
6552
2990
824
7440
8760
1854
4269
6705
1043
6477
7853
7375
7253
1591
9108
67
57
2877
8831
65
4801
2533
6303
2904
833
1064
4208
3506
2714
5712
2389
8866
4766
9005
1110
8835
9977
6686
7802
4672
8735
2996
3829
3189
3629
6941
3578
6920
672
7514
7478
9681
5459
7515
7913
8198
4032
3556
5217
6742
9582
1021
754
2787
1980
4272
9333
6841
588
2678
6006
8357
1273
7239
5565
2033
8453
5595
3384
6525
2305
2650
3594
6173
3862
335
5233
8874
5071
1032
9242
3030
1902
3722
1790
363
4321
1793
7075
5180
4285
6054
5561
4190
6080
7251
8767
7518
6852
7498
5224
4227
5878
3371
72
7965
6213
2666
5366
1386
1721
6066
18
5969
9876
983
9006
5501
4794
4979
5862
2017
481
4085
9149
6081
875
1073
949
4563
315
7379
3889
9618
161
3981
2370
841
9809
8265
1053
4149
258
7540
8189
645
4307
3490
7196
9764
9214
804
5841
4336
134
5669
6981
5953
2424
6570
9141
5009
870
8396
2197
9402
1807
3446
1034
9693
2884
7487
8965
3445
6784
2871
8643
112
2236
652
430
9257
6540
7359
4204
2352
7448
4599
6712
5700
5962
2861
6478
3404
9796
2169
6366
4543
7299
4895
8327
8051
7064
6125
7621
1044
8597
5359
1939
512
45
3653
1651
9581
8974
2677
2553
9975
9225
7419
505
5509
9278
6503
9862
519
29
2084
837
3357
7474
2773
7672
4840
1119
807
2250
3477
5194
392
7908
327
6943
3293
1204
8958
3776
8625
6421
4505
7421
4014
3785
7542
570
3712
6209
7046
308
3116
9088
9545
7
9540
8448
5546
4027
5430
243
4694
6628
836
7700
4024
5812
7840
9336
3
3950
4150
6599
7472
5692
2834
3626
5652
1877
1444
3017
9309
4020
7961
4816
3382
5231
9405
6964
6567
6591
345
4555
6636
155
4430
5267
5058
6040
2369
4186
9625
3789
2146
9355
2888
256
113
3921
7797
6497
9260
7693
5648
1198
8741
7274
190
9369
7852
8691
3559
5661
4071
9055
8363
5227
7149
7783
554
2191
5096
7048
7501
7247
421
2347
4118
7096
4634
74
3897
8299
5543
6383
683
3977
8608
3987
4857
490
3792
7490
6381
3540
7072
7848
9308
457
8030
8318
1474
7291
8411
8872
280
1639
3674
1452
2189
1313
7183
7727
4178
4877
429
1714
8176
3645
979
9169
6930
1286
6884
4907
1969
521
7735
8002
503
544
127
3683
8943
6714
901
6143
1339
2183
6821
1111
4636
1478
5724
9425
7533
6776
6610
926
4183
9985
2019
1
2032
9678
3744
5424
7282
9694
2186
275
2894
6446
1099
8744
980
9287
9436
7701
1894
1712
254
4315
2401
1581
9047
1049
2314
3241
2828
905
3898
2910
5109
7257
5641
4429
4786
3615
2230
7300
1934
5168
6612
7102
2803
8682
8993
9007
1033
3400
8378
1563
2672
2162
3612
1461
5113
8774
5302
9230
1668
351
8898
830
6280
2847
2354
7447
8635
75
5530
403
5049
1766
816
9460
4246
5893
601
2950
1512
753
9498
8529
7003
2648
7992
6888
3278
4732
2221
4982
9961
2160
3779
660
5091
4691
1139
7728
1697
1698
3850
9161
5184
6898
668
1849
7855
5473
1289
3971
7774
6680
7330
1555
6506
1266
655
6651
712
88
5606
8720
8779
7436
2776
7936
1595
1957
362
4287
8562
1549
1486
5517
2036
1434
6237
5882
7238
6254
1024
7836
9064
2215
2060
3060
464
1922
9043
1425
9045
527
2975
5748
7714
6100
4474
7357
7331
6035
8963
8681
1553
5865
6875
6615
5898
5335
9615
9364
5329
4167
8398
4882
8792
9000
6924
4255
566
2953
4990
9573
2304
5786
3796
9048
4153
4649
5103
9622
7491
7125
5689
9442
4256
9445
2005
3643
3812
8750
4948
7602
8801
1578
5598
2167
7841
7866
8878
7606
3330
4198
2723
4397
3550
2
5343
8852
3873
8482
617
2027
9067
5134
565
3859
3126
9663
3831
2240
8422
9020
4467
2713
9735
3236
4676
2082
2739
8446
6259
2476
7328
5461
9956
3500
4161
4723
9312
7177
4529
4687
9234
5327
5249
8315
8844
8274
6763
7486
7414
9371
9882
4450
6414
3782
1401
16
5506
8423
4997
9103
9003
3741
4145
3745
9249
9624
8383
9388
5843
2920
1505
9853
118
4507
4761
8979
2572
8948
3174
235
9368
3239
96
3771
6353
2378
9366
9280
7878
6286
6769
2609
627
7794
7702
6238
2485
1733
7595
4626
8193
5991
2590
8204
723
9886
5788
2180
9938
7959
6658
7280
2034
4305
692
6020
6091
7236
5759
7211
9012
765
8537
6548
234
6282
2330
4589
5330
7696
7139
4812
336
6099
6205
2556
9370
8499
1717
6919
4387
436
3746
651
1702
8150
5760
5857
7119
2335
3591
2798
653
1740
7469
5411
7824
2627
9707
8023
3529
5245
1890
4039
7582
3604
2902
3647
158
6268
9079
7639
2158
8305
5246
3507
8666
8673
433
2451
9089
5845
5286
1730
7987
1607
6144
8320
6962
6856
3933
3963
3491
9670
5591
1728
8916
8787
1282
1670
5369
7762
2177
8493
7633
3788
777
3139
6067
8520
5341
2724
1091
6218
467
4708
9183
8154
3473
6352
8881
1574
741
9359
3868
140
1161
2431
2696
9457
5594
9612
9804
3593
1762
5754
5849
5662
4299
38
3091
7653
7492
8765
7377
4942
200
5738
7012
1612
382
5593
1182
7980
9937
9204
8169
7156
2355
9197
4963
4303
2577
8358
552
6502
7154
1180
8817
9904
2599
1082
5886
7228
9551
8761
3077
2111
5552
8942
4969
9939
9689
2487
7768
7556
2107
9558
119
8736
4662
157
9044
8104
4750
2489
9715
3194
2578
4343
7890
6490
4017
1604
9674
440
4637
584
8876
952
9747
1231
7791
2145
262
9106
5161
8434
4698
7023
7754
9056
9569
8574
9126
5392
4762
4107
4152
6030
5810
7744
7387
7906
517
9349
811
6422
810
8612
7575
3129
6562
1019
8543
5829
4211
6439
9086
3611
9247
7927
7986
8436
6625
9150
5850
4541
9082
2926
8542
8462
4435
988
4862
4802
9979
9808
977
2597
1102
3761
6813
903
2297
2372
3059
7982
1826
2460
7725
7870
1462
9797
3498
1294
4871
5200
5213
1603
6011
3570
3168
2732
7849
1092
3802
7887
7104
7460
5707
9250
3383
3273
8173
1585
99
8255
8816
1876
7600
7681
5717
4479
6891
3945
8177
3872
1744
8809
4621
4918
4913
3252
3844
5895
7161
4931
3323
2933
7993
7166
1556
7971
4300
361
1870
6936
5375
8790
3836
1214
7752
5403
5348
8837
1194
2685
3343
3919
7059
8132
374
8404
781
7327
8235
110
987
6452
6322
842
6938
5771
8780
3588
8676
8351
2069
2795
1869
7205
1177
1157
1482
487
6038
441
9179
6013
2277
9319
1252
2846
4226
9549
7034
5950
2891
9348
689
2576
3421
9534
8374
1125
1006
5182
3370
4778
9995
5308
948
8207
9667
9198
4575
7164
966
5999
2816
3396
4565
9677
1598
4054
748
4049
3292
5453
5089
4219
9379
8004
2823
2671
2617
2374
8476
7010
1178
8078
9324
7907
6219
7473
5212
2703
3885
2764
3261
7819
4702
4906
5170
8509
2718
7389
8337
4878
9206
2517
9666
3437
8806
9920
5778
2960
9351
9117
7720
2604
147
2670
5798
797
5068
2874
1227
9418
8749
3953
6431
7884
3602
1903
6528
6579
8272
7636
4846
6582
638
4016
6313
6472
5880
5361
6618
2876
2885
6547
1993
2365
8528
5257
8982
6458
2448
921
536
9210
8156
622
6423
9101
3233
602
3725
4945
4818
7999
8205
9966
8338
1495
8997
2059
4122
5633
1588
9495
4119
2923
9645
5894
8603
120
1429
4323
1265
3819
5806
6494
323
9034
375
255
6253
7559
8564
9834
5414
6335
194
3703
6289
5338
9431
405
9028
7640
6835
7296
2509
1676
3264
6312
2651
5840
3618
2161
8196
348
5656
8082
7769
7087
1218
5228
4423
2029
6637
1432
4258
7459
355
4603
4751
238
7619
3300
9301
54
2469
9059
3011
9857
1908
2552
8254
4855
1149
3426
92
3142
3195
5512
8937
9110
6191
710
8873
307
5813
8139
8456
8435
6115
6329
7995
4403
8437
5193
1950
2702
9236
4098
8271
6515
9118
5820
8636
4571
2359
1341
1335
5542
2292
3118
9382
8275
9189
6691
9717
8616
1186
210
5664
8558
8504
3749
4643
2390
9246
4679
9517
3675
1072
2637
5274
3670
4401
803
5284
7181
5164
3435
1242
8712
4594
9375
3456
4648
4361
5768
4958
7642
1384
8825
5203
5111
4041
6273
2213
8602
2140
661
914
443
8430
1031
4619
6374
6292
7002
1774
8907
2928
7661
1806
4588
2905
6967
3817
6850
8664
3212
1222
7242
5946
8186
4419
2549
6539
8672
5929
6622
102
3534
9768
534
8442
8149
5821
5915
5558
9277
6250
906
5809
561
8696
6805
2613
3015
8534
9600
4749
2317
2837
1627
4026
2101
2601
9940
1856
9511
3185
4377
7148
8569
9616
8172
2408
1047
1128
7877
7657
4891
8332
6607
447
3719
9040
4869
8829
8570
4113
4390
7152
7168
2443
2364
6258
9221
9759
7362
482
6689
6264
8439
6642
3510
6444
3651
7968
3583
2257
8567
6215
7869
8911
2740
6820
2057
9227
860
5223
972
4012
7383
144
704
9946
7425
6251
9432
4532
5420
8131
5075
6479
6017
3386
2260
7252
6465
8751
6808
1984
7201
4914
6931
2652
3106
5226
7716
2351
8900
183
9343
6983
1158
4689
9833
8144
3726
3569
1244
1415
5081
2835
844
7833
5522
6561
1376
5191
9356
4492
5383
2952
7586
9274
2156
2806
2889
6002
3205
2416
883
4192
5848
1088
2296
2123
3495
3966
9065
749
7698
6958
4406
2293
346
4770
1377
8771
6751
1801
484
2505
8980
4870
897
543
9982
9338
4164
7203
614
5373
2875
379
8679
3472
3857
2841
4843
7016
6698
1196
4128
7909
9132
5602
8678
8303
5456
709
9269
1738
4600
1081
1573
3061
8063
2095
5076
9377
7263
1565
6668
4086
6164
5603
5580
7276
1792
3076
5826
5243
873
7145
4503
4777
7862
4947
3805
6969
5027
8859
7365
9831
7660
2833
1016
6746
5763
435
5791
2634
8027
3080
7530
6147
9697
3002
3052
1945
5859
52
8752
3082
7313
6097
7978
9727
3420
2124
9980
3056
2367
2985
6441
5108
8823
9576
5938
373
6310
7146
4670
4504
1271
1441
3401
1113
5753
4881
7874
4972
1188
750
3946
599
5307
6745
7905
7449
5621
778
1056
1278
1865
4097
5260
8594
4484
5521
8705
2090
8086
1497
6892
6184
7017
571
8336
1284
7297
9193
1786
9058
6620
2233
2110
2756
26
1778
1842
2038
3166
6950
8118
7891
4260
1160
9489
5577
6587
9877
5933
4853
2016
3907
3582
3191
4780
8684
2269
2840
