100
999999675 999999675
999999658 999999658
999999659 999999659
999999642 999999642
999999634 999999634
999999647 999999647
999999618 999999618
999999695 999999695
999999697 999999697
999999628 999999628
999999649 999999649
999999620 999999620
999999655 999999655
999999656 999999656
999999671 999999671
999999625 999999625
999999680 999999680
999999602 999999602
999999665 999999665
999999662 999999662
999999699 999999699
999999663 999999663
999999700 999999700
999999644 999999644
999999651 999999651
999999653 999999653
999999669 999999669
999999633 999999633
999999689 999999689
999999670 999999670
999999632 999999632
999999674 999999674
999999652 999999652
999999677 999999677
999999603 999999603
999999635 999999635
999999696 999999696
999999668 999999668
999999690 999999690
999999640 999999640
999999672 999999672
999999691 999999691
999999637 999999637
999999683 999999683
999999614 999999614
999999698 999999698
999999661 999999661
999999611 999999611
999999660 999999660
999999604 999999604
999999666 999999666
999999624 999999624
999999619 999999619
999999636 999999636
999999607 999999607
999999615 999999615
999999654 999999654
999999627 999999627
999999679 999999679
999999631 999999631
999999688 999999688
999999684 999999684
999999682 999999682
999999681 999999681
999999610 999999610
999999641 999999641
999999622 999999622
999999664 999999664
999999612 999999612
999999626 999999626
999999692 999999692
999999685 999999685
999999678 999999678
999999638 999999638
999999650 999999650
999999648 999999648
999999617 999999617
999999609 999999609
999999601 999999601
999999608 999999608
999999673 999999673
999999643 999999643
999999694 999999694
999999687 999999687
999999676 999999676
999999623 999999623
999999616 999999616
999999693 999999693
999999686 999999686
999999630 999999630
999999646 999999646
999999605 999999605
999999657 999999657
999999606 999999606
999999667 999999667
999999639 999999639
999999621 999999621
999999613 999999613
999999629 999999629
999999645 999999645
999999887 999999832
999999909 999999865
999999889 999999835
999999947 999999922
999999915 999999874
999999921 999999883
999999979 999999970
999999937 999999907
999999991 999999988
999999917 999999877
999999835 999999754
999999815 999999724
999999823 999999736
999999839 999999760
999999843 999999766
999999945 999999919
999999967 999999952
999999877 999999817
999999881 999999823
999999873 999999811
999999831 999999748
999999895 999999844
999999837 999999757
999999893 999999841
999999919 999999880
999999957 999999937
999999867 999999802
999999827 999999742
999999805 999999709
999999981 999999973
999999825 999999739
999999879 999999820
999999897 999999847
999999939 999999910
999999977 999999967
999999861 999999793
999999891 999999838
999999911 999999868
999999933 999999901
999999869 999999805
999999851 999999778
999999793 999999691
999999903 999999856
999999821 999999733
999999975 999999964
999999885 999999829
999999965 999999949
999999795 999999694
999999929 999999895
999999841 999999763
999999931 999999898
999999859 999999790
999999943 999999916
999999797 999999697
999999963 999999946
999999865 999999799
999999969 999999955
999999913 999999871
999999863 999999796
999999905 999999859
999999971 999999958
999999907 999999862
999999853 999999781
999999833 999999751
999999959 999999940
999999801 999999703
999999829 999999745
999999817 999999727
999999951 999999928
999999855 999999784
999999845 999999769
999999811 999999718
999999941 999999913
999999875 999999814
999999813 999999721
999999849 999999775
999999857 999999787
999999925 999999889
999999949 999999925
999999923 999999886
999999847 999999772
999999983 999999976
999999803 999999706
999999961 999999943
999999883 999999826
999999927 999999892
999999809 999999715
999999899 999999850
999999955 999999934
999999901 999999853
999999989 999999985
999999953 999999931
999999987 999999982
999999819 999999730
999999807 999999712
999999985 999999979
999999871 999999808
999999799 999999700
999999973 999999961
999999935 999999904
