2282
417 1274 497941
673 1205 902037
2118 267 58853
2092 1399 701790
801 1447 526971
1493 663 847807
645 614 248430
110 690 720009
2093 1122 801396
1588 2009 90883
124 763 626070
1105 1195 667195
445 1695 747574
1382 1056 256160
1292 91 461855
1395 2207 245459
1521 32 243817
2133 1530 467264
1436 1263 153576
615 682 89388
2220 1682 167046
1603 1187 216655
1859 735 949831
916 73 989025
2205 1879 547645
1670 2028 886564
2237 656 964273
1951 1234 991334
468 1934 379745
1558 1129 223378
333 1650 826494
508 2081 160575
124 94 64869
813 1677 320827
1610 922 5451
862 1380 161131
1722 2215 325346
962 339 355537
1885 745 28373
2064 2002 606639
1730 1511 370340
219 1935 172562
2183 311 888194
1546 1289 440868
698 1035 868604
308 810 899653
2271 269 981468
2103 674 890374
175 1753 693775
1122 3 357849
1298 1326 36876
1468 1889 995926
358 1569 495527
1818 295 479598
460 1389 267218
97 1982 447627
433 969 505587
1924 2061 284791
133 1824 255292
1380 696 562185
1881 1968 166217
637 1943 223550
1772 1003 198805
1555 585 968117
1235 1913 488677
1890 1453 661481
2153 2101 303256
1071 81 655265
1512 1041 577111
2201 706 994150
1801 852 478579
568 832 962963
91 1108 106281
1001 1742 392492
1204 1086 475465
723 497 353745
168 1947 471959
310 1348 485014
1945 1887 179046
1468 1885 589780
2211 277 555914
1578 104 781743
929 809 236519
865 694 712453
951 1066 762064
2070 366 888944
1338 861 133767
1842 1465 6437
1115 1380 29793
1162 1887 248160
927 694 300982
234 1885 597726
117 1971 860852
396 1869 775528
1423 761 72546
1122 487 134604
1126 1041 629883
2057 358 576464
177 1117 61251
2039 1752 994122
1019 645 31507
1381 948 547548
855 1415 152150
917 521 590008
1202 1466 957294
225 1058 887322
1514 1244 694905
1878 290 67224
2175 892 327533
603 1881 610638
1365 2018 587733
678 276 451343
38 1458 569962
2019 1611 584766
56 140 213663
413 850 407957
1150 1537 920109
2085 1545 451897
1227 1036 437268
1256 750 691729
1840 272 51194
1702 1410 960704
1751 1254 781167
1345 1885 656627
1820 48 191678
1661 54 936015
1130 509 725373
500 1316 357892
854 217 317777
1038 1541 583784
798 1617 385479
1852 347 213798
1772 287 277323
175 1551 430287
336 1009 760977
1565 1941 332152
1456 827 212198
1031 50 411909
925 420 453245
904 2075 421289
661 1553 130667
1804 1390 777830
2142 1460 197281
2077 610 857983
1252 1869 649579
1026 228 777852
1033 747 866814
1302 426 962346
1991 1927 823514
250 288 310846
1935 1118 24233
981 1374 673761
570 819 736557
442 497 971015
1596 340 48099
573 1939 939695
2148 688 853791
757 1052 218995
1970 14 811079
1552 2253 742761
563 116 532520
1620 1604 595422
1717 1047 588170
1166 559 99514
1323 356 766954
2271 2226 300881
275 291 836368
39 1538 856164
1840 1227 823066
2016 1733 252397
1652 1125 702215
2060 1485 470572
1749 549 207201
829 1836 267424
296 1303 261635
1478 483 428751
1183 1350 38704
455 76 559373
1278 1843 692855
1931 1388 482058
347 550 659207
1826 257 172426
1797 256 319786
1489 1511 427629
1403 504 302
356 2225 377606
639 297 65215
1072 1186 750973
1738 1884 175842
642 208 540252
1402 337 531629
2102 355 323526
565 706 743562
2183 907 369109
239 109 3339
54 1906 720651
659 317 264046
2213 971 629343
2232 968 117706
110 828 54163
1027 2044 622145
2000 667 724356
1438 1919 153889
398 2277 276134
864 1724 609987
430 1526 835740
578 109 499960
2038 951 602802
1079 196 231334
468 903 45589
2149 931 675563
1725 1628 414707
1600 2090 946170
1653 1774 138445
1020 1980 120054
983 1157 616031
1642 1073 48641
418 181 924518
737 2072 206606
1497 769 376424
2216 584 651806
1340 1226 213778
925 484 902775
1329 1639 648727
1471 1656 688266
233 1093 219943
1756 2175 777542
63 1641 815151
781 1259 206225
341 2267 131062
985 1090 3823
622 1016 654206
799 1779 833578
708 1974 900825
175 1249 563624
301 212 599066
17 471 861502
797 1785 451522
481 439 711114
118 1839 849433
1621 784 273117
240 890 112599
78 257 740824
1239 2141 925390
1929 1666 440465
1480 1869 369949
1744 448 369435
1877 1066 518311
1397 49 126425
381 358 640810
314 206 890893
2219 2261 283188
1208 174 517485
1339 167 599118
1224 1167 357719
786 2113 670400
273 2007 640894
2044 459 144851
296 104 516268
757 379 662586
1977 833 524064
2183 1866 531802
1533 1171 700153
974 1199 20116
1969 356 211651
2270 473 810178
62 1654 421275
754 203 448759
1768 16 133415
1545 306 544559
2148 379 882388
2199 2171 926366
752 239 385188
986 1684 133556
662 463 929092
80 1949 324190
626 233 686842
1433 1168 586963
149 1021 124922
1820 447 758742
328 313 580257
191 22 225105
884 2162 516439
387 2062 54028
1134 1320 544714
2111 849 894240
964 958 736627
2136 865 11284
2238 208 432060
433 242 619170
10 1146 538676
514 2118 856143
177 653 798254
1727 1667 572416
1172 168 211668
1775 76 845689
1250 1074 436484
1643 1578 869156
915 1035 710394
2187 1615 917888
2192 150 787236
913 2253 86482
830 2215 406420
683 549 714988
709 1723 418889
2052 1109 49499
305 492 22072
175 416 680110
1611 1819 475689
470 634 678280
1045 876 923215
1488 1494 61241
343 170 468353
429 242 177232
1351 1251 595837
1941 737 990060
918 2032 464707
613 860 543375
103 2219 6676
138 2029 800585
716 96 587807
1357 741 515128
435 178 58798
924 589 34966
1140 1375 539198
159 2278 866015
1588 1948 97387
1141 1021 335223
595 647 366797
119 242 598088
766 1290 193679
2251 2135 29925
1182 365 107049
450 1527 415105
635 2009 791497
1017 238 291748
956 186 910013
697 794 600728
2202 1570 64398
1209 415 484669
464 1814 544188
1312 991 212406
725 772 676885
910 1832 688843
1273 2053 612381
861 1885 290557
1700 1783 522121
1976 34 244825
2216 1285 339401
1071 2030 131252
613 1530 243151
583 2257 481376
1302 732 937300
331 1980 813461
1640 283 522218
73 67 295376
109 986 969029
1128 1091 273151
984 1495 327346
1048 1444 186604
2221 42 975373
567 1066 493639
1611 1929 917617
1307 1681 459807
1624 317 565709
1805 894 799007
320 2181 807192
820 1301 908290
133 1418 147459
571 2246 43331
1158 484 180290
527 1747 330013
407 689 876872
522 1720 507343
1962 2205 156951
961 1147 999771
1867 2261 588823
2221 1575 677528
803 199 522076
783 766 846508
2221 1467 194732
674 755 142084
1854 528 193641
773 1281 834108
1563 1620 242984
1096 1493 609778
713 74 454231
2006 1352 999990
847 2153 609004
47 529 407364
1576 1426 613045
708 1135 36350
1728 584 749261
1875 199 899417
650 347 586540
455 49 895420
2007 602 716716
930 152 990652
562 1037 94588
963 1687 449595
880 1567 567699
997 2223 609368
1065 333 953704
1538 1387 792971
1723 294 705465
1176 782 728683
748 447 745300
618 1730 393895
480 908 488434
2127 764 78748
249 2126 861462
1272 1689 420818
1972 1147 839760
336 1515 538103
372 184 623098
2089 1886 287359
490 1942 357533
1952 1615 242357
1817 132 302996
1287 1293 376998
851 2090 892444
1469 87 591974
155 364 536070
815 989 672798
322 1475 850918
1899 1594 157665
285 265 778666
794 972 233896
1378 2134 439236
462 1308 982316
158 652 442994
1427 727 390627
375 968 376225
801 597 863448
1434 1843 86020
2263 304 628150
215 2002 177788
1128 1964 393672
1268 1966 242154
918 689 8473
239 1663 423013
1564 2262 729652
1577 1801 249491
32 690 531984
230 1185 4311
1984 2211 331631
938 557 821361
1890 172 346833
2214 1254 515978
1193 1766 798906
1791 1394 392717
1345 689 203850
1625 484 683950
801 157 668598
506 2008 492199
1206 1496 207565
1637 1553 881999
2028 1636 559802
324 1665 941511
1482 1679 807154
1493 545 884105
1039 249 931431
936 1370 498944
497 1129 413823
253 2134 893812
712 2216 386218
1227 1263 575802
100 1012 152262
1860 979 56114
1529 90 468748
804 1761 103297
2196 575 108016
2192 2221 960591
1525 1325 344374
1314 1310 220958
104 1896 163825
1615 274 749915
130 895 740753
2227 371 800750
225 96 548206
1195 566 567083
753 554 576865
1143 571 160477
1255 778 976704
1918 131 506456
2186 185 872316
1476 564 928780
439 763 657453
1886 1447 927692
443 1590 736831
1324 759 378578
1478 1592 592196
1800 1052 911772
1878 284 314184
263 1508 424978
768 507 376003
1004 1956 79788
110 1389 792562
1039 1351 28055
1266 629 595732
1223 2099 207947
2209 1530 735844
266 294 761563
344 2001 34477
1474 777 595144
572 1453 911284
1534 1798 168784
264 1979 566733
1996 1352 65351
1674 332 535746
91 949 856313
843 546 211727
1752 1175 453815
836 1820 534255
1874 2246 435215
1848 1212 449114
699 1442 24598
617 1276 564337
1155 515 468392
1941 1080 928714
113 1412 813066
1486 2134 740364
718 1759 439478
2201 2270 264992
2184 1828 643126
1246 2144 330242
830 1462 744729
2138 2066 358102
1366 1488 509222
573 1312 574050
666 2275 287603
894 2156 460913
761 2279 722388
1350 682 76747
1630 1157 176584
45 1830 745611
823 202 650236
402 1557 994359
2044 299 576900
966 768 664070
736 175 207993
1750 1124 17904
386 570 415192
237 600 859253
1992 1669 553929
836 633 610031
921 589 606585
997 1988 300752
1617 1772 323043
1969 92 67917
1385 35 974192
19 1087 361488
457 2141 850554
1815 1278 628817
1119 2114 951087
752 1491 809536
2145 89 732320
2261 452 600177
1116 1061 747238
1526 1663 468507
1240 1461 289551
2237 1932 213012
1762 32 260304
660 1535 516370
1482 1332 910220
67 767 662049
2219 1417 634810
1834 598 181991
458 1257 434477
662 218 98219
1102 2201 879242
572 1368 949434
1188 1841 230104
1322 257 133809
537 1354 23900
2025 165 843960
1269 952 944211
990 658 956668
1474 616 738416
1688 2118 589161
2092 437 240284
1450 152 213638
146 1947 160331
752 1388 23524
404 1448 189016
1634 2091 843793
169 1254 812877
1960 31 8112
865 377 706410
1993 903 912699
1257 596 879076
308 828 546119
409 84 75817
1042 1909 657411
1183 1864 437539
640 1421 135815
1516 852 807576
538 32 454363
1812 792 130081
517 193 83922
542 492 199625
275 2041 824771
248 763 919926
571 1277 946172
521 1536 450247
1560 1626 884940
587 1214 548307
1963 641 881568
1741 1117 644286
875 102 618331
947 1051 532190
28 1890 650280
121 1373 592973
1593 952 942322
2024 1125 627702
1947 1846 318545
607 1360 343174
1206 111 824588
1876 409 921169
2167 1171 859625
766 964 812626
693 1140 915871
1426 1951 254443
1434 2196 779996
1396 1065 956530
917 2210 95373
1143 2098 747153
804 826 752786
1389 616 791028
1865 2251 467206
734 329 939115
843 1487 445401
1700 2067 473443
944 222 492580
1721 1485 671694
1558 385 359501
2017 2280 160694
358 432 123085
2189 2154 393563
5 13 117836
1140 1033 163342
502 1071 865916
1236 2102 658956
179 459 631344
1595 979 318355
533 1327 559922
833 1184 56707
1950 1455 321800
505 702 640840
700 1655 194139
136 2105 989211
260 754 898735
803 984 797657
648 1954 711436
677 125 802076
1896 1963 107340
1328 136 868273
960 1134 815178
1432 1613 535453
977 1774 944767
1471 1215 410432
1909 1280 212729
264 958 701887
138 690 614150
1559 258 412634
1596 296 284517
515 1676 613552
1032 1645 398800
1832 585 886408
1713 529 846785
1605 1524 963165
14 718 616119
2166 671 231525
637 46 866997
703 1566 193264
1426 1567 381379
592 724 947806
347 82 843737
832 517 110037
103 2134 667569
1421 1690 2575
796 286 455028
86 367 165527
1363 1850 577532
289 1006 979860
324 1207 277730
1249 1030 752738
2125 1966 353541
977 741 789094
138 2121 900923
74 128 462156
1178 183 136628
287 2200 218662
733 886 913600
1463 2019 523341
291 890 800671
552 61 282750
1624 1460 923551
1541 1772 982881
906 830 346350
982 962 543042
1326 2021 179490
359 885 672902
1301 772 198819
2061 2026 226805
1129 760 868381
173 1839 532832
1540 247 418641
1987 669 332949
1135 1501 417764
123 1260 516966
1009 510 391075
372 316 382839
2256 536 360173
24 813 932549
946 1825 709279
1655 1309 237394
1300 816 740092
893 2183 474615
1426 1553 922421
1048 589 73637
365 2071 775588
1946 194 312958
821 376 112112
210 1201 734829
1165 1990 262724
1601 1562 662950
22 271 831763
1007 181 38910
1644 1191 715856
1455 2244 595354
114 1754 373979
364 1440 965459
358 1493 636020
308 2217 776558
426 1894 993725
78 299 534122
1270 972 140184
979 478 376415
54 1411 863469
1137 917 880219
773 436 391870
1129 1808 201515
1294 1376 291390
786 624 159150
791 1447 953959
1998 2271 58236
232 1994 446229
2176 829 393283
1877 1712 259620
2279 1 37989
692 2181 745751
824 886 953607
2242 1081 929719
1745 935 198337
1066 1586 426737
78 1216 4446
1725 963 43349
814 1704 130940
1872 1658 555679
2259 1491 24152
740 509 240963
626 545 605855
824 2022 746906
2190 109 419894
2183 829 601099
137 807 500082
1590 752 513680
2268 1633 957126
138 531 616483
2266 956 999022
1590 1771 942488
745 721 262869
73 736 113922
1820 1188 379919
1741 1276 899919
863 107 559610
474 1238 732971
626 628 993429
694 1233 199403
1785 784 658899
579 1065 339163
1254 2085 933782
782 668 795136
651 1581 982546
2269 967 635279
1727 877 462666
1122 311 867816
643 1773 462130
1184 1059 871137
2044 1507 357006
1787 1549 428241
864 1298 161096
1734 1138 892367
22 1820 927611
319 67 539723
2259 2164 568841
212 945 320531
2234 296 864939
242 1566 331864
1834 1247 315425
2071 612 460096
515 1894 350977
175 1196 538718
1634 338 52153
1625 1063 737521
2013 1364 264326
15 104 838208
1637 1330 589657
1072 1077 255107
1188 914 863404
1428 632 138110
1880 2008 906023
917 604 847196
110 603 57026
197 426 178226
2080 1481 530341
430 1513 558036
1021 313 675604
257 397 580721
108 915 261344
1405 496 123098
1122 485 119481
1919 1089 972822
1145 310 940287
386 812 602532
1766 1120 562677
1029 105 136605
1618 963 624660
1335 2116 83794
1065 1153 80480
1385 946 856604
1635 979 243569
2183 1969 384800
1982 609 971457
1799 2250 880314
310 1674 151594
1906 525 692360
1389 1547 904835
222 215 154220
771 621 827562
330 2070 245487
2140 1494 328952
756 337 369232
1229 1838 796433
1767 1770 596570
2263 1598 369279
736 1415 342283
185 560 508269
228 1764 453562
1128 2189 385561
1741 284 553171
1975 19 584772
1535 2112 131419
2206 273 724497
300 870 376123
475 944 421697
109 964 495536
622 201 178258
499 1318 45408
286 140 882886
188 836 980302
1306 496 546041
296 1370 141851
323 1943 954739
317 1673 415108
1740 876 812206
180 1187 127215
1515 1226 834631
2221 1232 666544
400 1442 438486
242 764 600055
439 211 694197
194 1359 406942
734 1288 974353
4 7 433009
206 2077 626215
685 620 662946
257 245 481423
71 562 592753
244 1092 40114
607 337 672544
1209 142 323870
734 1428 497040
2084 1798 146761
50 310 703850
867 1485 970446
482 504 61144
1070 1783 955632
1902 70 302077
808 1602 333093
285 540 514704
511 2082 762107
1592 1271 484477
1192 1459 624681
2104 1316 944322
1969 20 108955
941 2270 625525
1559 204 580975
112 458 988091
622 2178 118669
588 1058 990677
928 1894 404123
789 2023 331161
2234 374 738917
1508 1473 857054
958 2224 321245
1978 134 214839
905 1873 366171
1591 1188 123279
430 2000 670531
1937 1658 710840
635 1936 502872
77 699 286101
493 2250 792986
810 678 685746
820 677 863523
1107 1734 736867
1503 872 932027
43 812 167887
2058 184 332684
650 728 807628
1060 2085 395399
947 1411 288900
390 1039 850587
508 1789 179959
923 1508 529457
1558 770 218166
1823 2248 973033
332 2279 344141
1542 1671 473258
1835 1959 454959
408 1965 812764
2029 715 725949
2070 915 994030
2188 390 157707
1848 1542 458625
356 499 167895
1630 1853 194570
702 904 700921
557 1121 861208
1505 1756 231500
282 1865 175559
281 960 468455
413 2042 162443
1370 1006 160212
1630 935 582388
398 2273 767500
1958 164 770364
1789 1948 399010
1276 1514 343013
208 1200 543979
869 1356 84910
1943 2037 596405
1884 1064 462800
1413 42 643995
948 317 799308
275 1329 688272
387 109 782363
786 364 953951
1502 826 770576
1835 188 978760
1858 631 253689
1862 848 703212
337 2114 79360
1011 1029 69209
2043 2097 817418
1488 30 368247
67 27 316266
1220 1226 700035
531 1584 723360
1420 2095 117747
2278 49 238434
489 1117 148633
576 1228 889122
552 1537 156990
1617 389 405383
1457 748 508338
894 654 747409
1895 5 96389
1857 1652 141482
1442 1429 712858
331 2024 306898
624 1830 603759
23 2030 441062
106 220 293833
1500 324 520853
943 299 987573
136 1005 720905
2095 1417 502280
241 429 897245
356 1983 488415
293 220 464404
665 1813 720854
1231 1084 251872
1311 1850 261985
2282 573 598166
1569 846 219820
214 492 444064
1782 949 537929
1641 1668 344589
2057 900 88443
391 922 204345
1393 919 4517
90 247 176263
382 216 765286
1719 2134 879589
310 1269 287833
1717 1616 601515
1465 611 448765
184 1136 263783
654 226 451506
787 1470 338695
196 2035 691253
686 1973 212985
701 1810 43775
2227 2219 463278
1925 1963 339513
438 1301 202313
1731 1948 41876
1833 826 217988
1534 1918 644023
74 1044 180777
557 2078 538633
1273 551 730740
311 1780 238758
1553 141 840056
1266 1156 286559
512 1417 953887
1861 1001 597473
1035 300 331352
1705 1758 870075
935 350 720348
1151 1432 646473
1558 88 929475
204 1777 937047
299 1918 260410
1452 1931 998803
864 998 154856
2219 1171 498030
1239 1174 148403
2198 1496 852411
1285 368 280595
2079 2136 725539
1725 915 514658
2221 1362 574824
1706 2233 270417
1100 1455 68319
221 1916 685030
73 376 487352
883 1804 665306
1942 996 356490
361 1898 74124
182 1694 151142
2085 1947 150741
194 1170 856610
573 788 412488
715 569 773373
431 1027 801131
869 1274 416318
395 1133 378237
958 236 913988
1574 1571 193012
394 2033 514733
2010 433 777719
670 1362 640449
425 1336 404001
492 2222 1164
844 2211 596753
1787 1149 693612
528 161 433579
2058 887 662074
1891 2263 253866
1442 1544 128582
2213 120 805416
1920 1055 610332
21 1649 182042
1535 2193 462573
888 1479 862653
1744 673 761401
1054 491 713960
1972 2087 129853
1607 1662 667942
1184 540 343646
1522 1258 73860
378 2148 240380
1891 2196 558841
1679 1403 268566
1838 2149 682721
606 1362 137514
707 1846 738263
1611 1725 607700
488 1448 211359
189 792 495354
828 1503 918607
1745 885 174221
1219 1021 476510
2046 584 385111
1032 441 563162
1153 722 808934
1331 670 40944
1483 1753 785373
129 1026 392633
1986 1538 707771
1793 979 548566
1594 1582 199584
456 419 258501
554 15 800299
935 433 309885
1477 1597 503831
1719 858 580415
780 165 380806
356 1472 172953
1400 700 820723
1067 2195 802307
2138 1152 179610
885 85 199279
949 1716 711185
127 1272 502332
1362 533 84232
2253 873 205064
631 447 419460
476 1748 574051
2030 944 196856
248 1627 6832
622 234 52393
1323 1693 733562
1903 1771 900713
366 536 715220
1111 1849 289478
643 2179 662962
915 164 575591
1130 205 56957
2257 2056 52849
1461 972 101865
1672 1090 637712
632 1933 412558
1227 781 594404
775 291 484192
74 679 366244
189 1741 987040
40 755 866577
752 1735 102656
1237 1239 227009
478 409 583137
2175 1816 375891
819 1647 877457
1680 2107 674320
1900 1475 500804
573 1077 982093
736 1996 188732
1317 1659 923924
491 1544 487273
526 522 475967
2103 152 784542
1351 1416 292160
345 1152 880687
121 899 360085
1505 1245 339800
1553 434 239185
804 1096 104118
1128 268 783465
1529 639 620420
2085 1026 354076
1746 1632 249956
815 331 261662
326 2158 292332
17 2005 174174
802 1678 752812
353 1175 264159
1926 1420 126440
1082 479 529231
1283 711 837341
1528 2106 877036
537 1778 551554
1834 1625 933937
73 591 466018
1911 518 361888
1821 1432 879704
2279 734 311477
1287 1161 976845
1411 1459 754657
1922 2143 743431
1128 1594 953200
1004 769 859419
412 2117 946804
804 367 796241
2251 546 766571
1834 1990 527914
1581 287 421308
72 1620 192629
2237 2194 623155
1389 1834 691082
700 1123 87410
1046 5 664582
67 881 749899
1353 389 754417
898 919 531599
799 1316 848747
2237 356 856533
1143 1704 48962
1385 957 407199
2218 1015 932216
322 356 436271
2083 672 866887
1635 2026 815424
1897 976 191488
409 2013 637302
1062 1553 217478
410 571 288595
620 917 266318
1022 1772 51849
1651 2177 593824
1126 1522 293037
963 1134 118981
2009 313 32280
644 2089 395381
995 943 774807
855 1193 416255
2047 2171 177852
2265 725 279955
249 342 519837
790 2133 29147
1310 93 895811
1518 672 329982
1878 370 533474
354 1519 569132
1197 543 727825
2050 383 200519
1365 2243 263590
871 992 264489
2040 494 98296
2028 1082 979358
26 1406 156873
110 1224 402724
530 1754 605802
1122 1422 674932
475 2139 912267
682 2131 140232
2222 344 342149
773 1633 25642
604 1386 292531
2196 636 389596
1574 2252 914129
1102 2170 615449
440 2261 244200
893 1823 262510
1425 836 51186
1575 709 656538
1055 1948 949497
1568 321 778858
684 1394 791686
168 213 305755
1341 646 590410
759 1999 283552
1042 1407 334308
714 830 779771
324 840 55757
385 245 972157
1843 1763 545126
1213 1316 194507
1727 2183 2116
2120 625 406724
1718 168 367883
2257 95 311320
874 1013 965146
2106 2183 269339
1065 383 486657
2165 386 457039
1822 1371 889984
162 220 604171
2144 551 718984
1663 1019 963107
824 1554 832552
1438 2036 231649
877 392 179535
423 1424 483329
36 2129 708072
2226 1313 694525
1725 194 545850
1112 734 771717
275 109 368256
2133 1097 167440
1128 1563 487392
958 942 818286
988 925 854278
116 15 121468
805 1630 970440
2158 379 975986
1908 1086 865966
1237 32 639274
1753 1631 56848
656 954 94474
1017 677 527199
1589 99 25470
2148 535 461159
1987 561 708859
1200 1237 478258
229 465 2579
409 1066 593651
1787 1962 111916
1382 852 57746
1556 208 108529
664 1122 410954
2041 158 453184
1838 1847 642982
1163 151 233521
800 1764 547217
1050 1582 245401
2273 1125 997500
1203 148 672212
574 545 755014
1952 627 559313
1663 932 562415
319 1989 518746
556 1527 472678
470 822 290548
190 2038 281987
1293 2235 853102
2258 1555 250861
1114 1930 210057
2195 1427 73329
784 2007 799883
1425 937 940582
2063 176 423369
1623 462 755464
1904 672 734366
424 1177 181536
302 140 354449
623 613 297569
1823 809 828949
108 206 779147
717 409 515133
1855 1131 383802
1910 2131 235371
1675 1304 590833
37 1264 540731
1641 207 641820
1535 296 267951
655 847 474228
1608 1943 874412
2146 777 155833
169 1437 419030
2182 396 129642
1238 1049 843420
1365 1704 902090
75 2094 837011
2144 1289 242633
89 1769 697862
863 183 928593
1432 1654 953579
192 132 917625
1195 1755 117791
1913 1450 446580
2013 1471 959446
1454 1403 890013
2190 325 95393
136 1445 141454
1819 839 520749
1071 1944 413986
2054 1581 965378
2190 2063 697497
1291 659 790589
343 1957 498788
77 964 199315
1389 1938 60826
1428 520 315791
2130 594 221647
978 1778 879514
2272 1504 993293
1225 1969 183752
1737 275 54386
28 1333 614093
1185 1086 924144
1901 443 295702
905 1387 682780
286 2210 746712
551 1581 412319
726 793 671498
2263 1898 641890
853 2065 132480
306 1392 511728
38 528 570658
138 1305 621804
657 1575 677079
1177 1507 294482
1053 136 854890
427 782 197115
126 1362 180736
1587 877 335514
2279 843 197633
1923 1589 902292
109 287 553914
1831 480 910318
1784 1344 528710
1579 1868 159618
766 1100 355251
1006 1057 584103
1706 965 102447
447 21 826659
210 2208 492886
1073 828 492588
1729 1249 137187
791 1014 959478
189 454 744434
2065 891 544475
1901 1479 915068
422 499 949137
1111 2259 748712
612 558 536887
2241 507 67951
2263 1884 104779
1201 1742 108866
566 1372 97761
2199 719 444495
1684 687 241581
328 52 23460
1583 1221 174294
971 2233 258029
1612 2014 866833
553 2025 187560
144 1834 226431
798 630 975688
690 935 993201
599 306 297609
1222 89 328548
1157 1651 181833
1084 649 576670
79 533 182323
1602 1952 775848
1239 1443 21566
103 1745 700916
2229 692 876891
1508 1262 961429
989 1632 562971
1517 1407 641859
2158 1417 658255
616 1792 782417
1423 269 176942
1069 549 610087
791 2185 194172
785 1560 232865
214 726 353329
1367 866 134428
2063 2175 682232
551 662 631657
132 802 279510
600 1364 610851
611 1180 227481
1162 2275 312690
1362 963 951246
1953 188 175924
8 2190 72856
103 172 805653
1911 675 673718
287 215 679158
2212 1020 716267
197 375 254385
792 166 129812
1276 335 70103
1573 358 974566
1696 1654 247598
1316 1152 615149
2250 516 465366
92 1827 163438
1404 1897 198381
2092 2160 983174
1061 1081 859641
751 1417 22221
1536 1347 538801
1430 1705 733625
2068 1334 171800
2200 889 932761
1210 386 123283
1730 1066 560877
1685 2172 98570
2082 616 115907
975 352 408970
593 1885 152515
699 999 705000
803 986 400027
2019 1315 336124
1104 2175 435281
1774 257 509988
426 1260 313161
138 2035 625132
439 189 89808
2134 1341 631336
761 1401 439438
820 409 754715
1385 788 967637
1733 2029 859582
22 933 24085
2219 672 141744
2033 1040 77819
1177 970 615881
1421 1493 406521
251 1751 975105
792 2003 916807
32 2056 522995
1784 1517 593223
469 1341 792616
386 752 71082
2045 667 251532
1395 1117 735802
542 513 359997
475 835 740184
1110 1704 178265
1466 1911 97840
1154 22 657442
567 1691 536133
1491 2230 414026
607 1585 121827
1485 277 891605
1221 1606 832621
1688 2085 942721
1807 1285 408196
347 935 445862
1431 4 405756
1376 1503 885576
379 1703 965117
1141 2065 605286
1379 2109 303283
950 1019 589874
1952 4 514002
1128 103 719995
1367 247 179663
270 1214 465764
2222 262 397684
816 671 560730
223 1817 436720
1743 567 342731
287 773 750723
373 397 292995
1388 1461 492518
2223 1000 337339
189 985 739809
456 1579 534511
37 1707 568270
2014 1382 652142
2189 807 230144
275 787 201182
448 577 133654
2023 1254 530561
561 1548 468238
1839 1018 441570
1039 1225 856344
1996 917 692088
2164 312 699739
1410 572 849678
1098 152 47416
1625 1187 563826
1943 1146 322386
278 2008 527967
313 372 386623
1689 2133 504971
791 2236 354336
734 54 127606
1320 462 232686
2069 363 642573
454 516 99107
209 2157 873580
1970 1803 606348
915 301 53801
1972 1450 517185
1830 934 52644
315 831 316835
255 873 187561
2028 1328 32281
920 2002 8713
218 1464 532863
1374 1302 612841
1482 5 754052
110 399 820208
465 1141 558348
1371 260 612599
109 2276 725155
963 1752 40263
388 917 63992
2013 1077 223026
1664 2020 660917
964 2109 984342
1646 824 617835
1809 584 539997
2262 1698 322447
1217 1416 147253
1140 1871 960795
461 301 143766
1299 1717 706386
2228 488 162499
1345 647 801639
1010 17 439310
1994 223 926904
2228 1561 885612
2085 100 225231
527 1131 241756
1539 1023 492758
1856 1727 311895
1558 834 304473
1522 2162 436567
634 1845 559768
498 326 553074
21 556 947165
288 893 723918
153 906 140215
1241 271 879975
1827 1209 619075
1169 254 229347
1423 352 110547
1383 955 234121
1088 1801 65109
823 1117 472780
1094 875 91230
1159 1513 206847
2092 11 623894
1438 1564 816070
1297 1692 747567
239 2220 362038
393 1015 412937
1842 1026 537181
1377 652 909546
1361 1532 114179
1266 1128 555563
1037 69 413766
2143 181 712077
1321 1492 653403
279 2106 314811
2002 1828 523899
1790 2098 602941
1788 1815 554625
1402 795 139580
825 452 835700
296 1227 429433
1909 2279 84723
1683 2171 472539
1248 873 551551
912 763 387186
480 935 741058
779 533 421594
587 882 530947
962 901 816082
2184 51 283731
2269 704 76775
897 1361 209328
1003 2239 367035
871 2269 545140
1166 324 21499
856 2131 359651
1954 1279 907816
1415 1572 82773
1153 1859 678787
1141 2069 792421
956 32 154015
235 878 923081
2063 451 790466
691 1916 773928
984 200 332030
1616 993 968921
1883 949 643529
911 1748 45557
1783 1336 237832
1829 1816 30585
437 1423 825678
1615 1191 538189
1214 2166 338088
1275 1851 49737
1075 69 276753
997 1084 408625
2155 2183 734734
1476 1249 607967
1663 1448 288430
1778 1523 994556
2100 1623 936059
817 403 116416
932 869 638571
2274 2082 83184
1990 1844 313872
1981 1625 571
1538 1648 542898
1256 2205 851797
864 222 400014
65 1628 904443
2051 1876 126043
2033 308 936960
130 1213 771145
2025 1009 704021
720 301 596471
2200 818 734247
1108 2008 375222
2180 2083 88996
958 1361 143322
2173 1369 724270
1581 758 851767
1614 1572 276278
1299 2272 145007
143 1870 17656
372 2260 522213
729 1148 458680
1157 41 294191
1048 527 675866
1359 1710 295762
608 459 718598
1139 555 737260
142 1510 497316
152 1439 386099
200 1907 331730
580 1175 770583
1700 1352 7880
643 1575 63027
441 864 343589
820 768 126965
1801 868 546986
1492 1091 983897
1675 1771 249521
904 2071 396537
292 1299 241891
1343 516 130981
1686 774 899006
1493 2190 44052
1794 1444 178418
1609 1601 399836
1753 1293 895287
1885 215 809048
926 1477 551013
1107 1972 255633
1162 1103 288205
2278 1660 648216
1095 93 188637
1509 32 948208
1087 433 16998
1699 571 365580
1194 1382 776299
744 621 426114
255 1732 828716
1648 935 405205
940 2279 863280
743 388 440572
504 83 116318
283 1451 852143
917 1885 528130
1002 1684 217879
1319 1821 931053
547 2103 172466
1935 1917 556230
1391 1842 638808
1186 524 418676
2201 96 797214
1140 138 511583
1223 433 630954
1253 1118 182677
246 552 455712
1202 26 914817
360 1601 922304
453 1216 675410
1282 228 989240
1679 963 669739
1338 1680 990896
259 2226 138175
349 1757 348596
601 91 745384
486 1467 958469
216 1876 399580
695 1886 359967
2132 1355 772139
1349 509 128845
2124 964 121174
1265 780 662044
1078 892 816956
103 1982 717768
1751 2198 553385
553 692 753383
539 1473 432867
1329 1971 161083
749 1752 528518
1760 887 619712
616 1589 553512
501 649 521065
367 1930 813906
1622 216 638674
821 762 583450
231 1438 931043
2 1107 125766
1915 1139 376862
2052 277 564415
2034 1519 176620
160 1773 93978
334 591 6973
1915 2159 99080
59 724 22508
386 1956 238731
1522 228 494817
2023 1781 422380
1711 211 37439
412 2131 10358
409 215 626182
1435 1980 255859
357 1679 244446
2094 452 781235
1189 1663 761488
1202 1955 942005
1373 1068 420504
1338 1908 214896
1123 1714 15714
2020 1214 567980
2266 2116 893131
1620 2249 714989
1477 239 871128
817 310 839603
196 903 590257
414 390 298189
845 645 183632
1630 1369 47307
1490 1351 191466
604 879 590974
1001 2151 232537
1582 118 523318
1041 837 172690
1599 1410 182597
58 89 323188
396 12 602553
513 280 658918
287 337 658978
33 1128 543682
384 2176 24585
1388 1786 465164
1275 706 599926
1449 1184 964933
1053 1897 417175
1203 2165 539885
791 544 956170
1672 428 52702
17 299 219821
6 2109 244903
2183 221 638267
435 1474 627476
1616 1969 398887
1536 1296 63462
1152 243 337893
1419 1394 406890
1999 115 475925
474 2011 542193
1629 1934 740943
1914 2106 811734
1757 64 330268
239 2025 934750
528 1028 513103
1947 935 159273
896 1893 133023
1940 1232 537817
2060 859 60909
1985 844 825303
2221 93 414662
857 1487 640464
1641 1329 284654
324 1524 478198
2218 383 495690
1179 331 124129
503 1820 172146
1972 677 852705
1121 217 169019
1662 803 82633
71 1142 898776
162 2201 989662
2013 1153 711556
134 2088 200551
1471 742 466099
1778 2268 182947
987 768 902960
351 392 39273
919 2269 241136
2158 2143 761063
318 257 325349
1021 494 976210
1843 1498 574376
1027 1076 777927
2073 843 686514
582 2055 818827
1601 73 547230
1675 655 157807
2168 1247 662515
842 1346 63181
702 456 150770
2157 1157 659684
534 1718 10209
60 1168 750704
2012 1135 23659
1905 1563 484740
242 226 982343
2210 1279 147260
785 824 124894
2231 446 26541
1239 1928 946315
98 955 861663
1741 690 160332
2210 187 955350
620 838 258144
1201 2186 49196
356 1081 767065
1708 1628 511379
1169 2150 19145
908 1967 460343
1048 1081 909710
522 2259 297206
1659 1586 146708
1778 231 508003
1728 806 855750
881 327 247229
2233 1947 813555
221 1231 522176
1863 1956 768746
1081 1227 633475
2247 1280 51207
893 204 574471
1678 1043 369781
690 528 656952
227 1527 220930
322 107 337402
1640 1446 707693
1662 2263 340859
1585 831 212207
1921 2189 423170
959 1542 245219
1890 2110 575177
58 2195 679091
1962 1025 395912
468 44 442754
724 1454 325407
273 495 623236
947 1441 268665
2203 590 76098
1371 74 372504
1190 1249 894889
1160 1367 148899
704 2048 405444
726 1697 348868
1168 448 162872
171 177 558723
2104 1949 336995
32 1927 442453
1380 1574 409546
680 365 46753
472 1133 628096
1580 2065 528342
145 1563 312151
2024 1762 392841
494 252 819467
1255 1453 715020
1199 1563 439102
1918 548 845842
1345 2171 216547
962 1663 820987
1726 1937 953990
1776 163 685768
886 956 359523
2025 1814 702583
1182 224 505666
430 1824 45315
689 1201 675625
466 677 350833
759 852 284009
711 705 687450
677 154 426545
865 2031 741163
681 1388 805610
1703 874 818871
249 1657 479249
1260 786 690399
1339 784 173555
1130 2216 292881
74 1130 872103
402 2163 980007
812 1484 309216
57 105 22054
1964 1164 186576
1128 299 381281
113 2086 333392
58 341 126048
1334 1835 186484
401 2256 604138
1129 2076 211730
638 1601 204033
37 1605 213161
1679 739 448097
423 242 631050
620 1358 189309
87 992 231182
1366 58 918431
1508 1905 952313
2197 1188 92588
1175 1754 36117
980 291 278692
958 875 384689
1101 1600 96352
109 1947 869733
2231 76 92265
973 2020 166429
2143 994 579619
1081 1135 394900
333 405 257504
1082 896 132698
1153 1162 684519
101 222 48085
1113 1126 37767
1867 1837 991913
1069 1358 127997
1820 287 282470
586 1491 675675
1525 1590 650041
373 1286 711598
1517 348 584368
1724 799 944438
1529 1099 21374
1450 1257 165872
2115 289 189441
1029 215 49775
2049 1225 16945
2183 313 315691
103 2279 358341
1608 1553 251681
474 421 345166
1982 1529 597848
1838 1447 879186
2124 444 220200
1616 1243 169820
1841 449 108073
841 486 155133
1080 1976 252056
1981 2161 574549
1181 1081 572427
2128 1230 909944
1163 1329 141741
303 1682 153840
408 1444 179212
437 1337 861029
2080 616 393895
843 1339 540089
2152 1684 846362
2233 1640 243597
1716 2059 726819
1638 538 219940
700 198 747393
467 995 544092
705 1001 935070
1748 992 365244
2281 1175 312064
362 580 468929
710 2040 656114
1637 1519 685779
343 1750 293360
1568 726 369275
426 1543 858390
1772 1236 705341
1615 2009 706650
1499 971 200515
943 634 710796
958 1524 585039
1169 1409 595848
1687 1811 254332
452 1767 705336
1394 299 129642
1760 1810 899403
719 2245 873553
1570 2089 190904
1969 287 503836
920 309 732524
1346 826 4654
99 18 332935
1037 1199 884309
1905 1892 687681
1984 261 738010
1320 1261 626424
625 239 570609
812 939 389821
1083 1555 354040
1373 1414 761453
1014 1228 175261
2152 541 539976
2240 1496 812208
138 1654 456509
1201 517 515892
121 36 550155
96 2233 82325
2111 1667 907759
367 343 203082
2204 1202 579298
1709 869 546458
1841 2255 592472
1359 1520 215588
68 1067 113955
876 1909 829976
1941 104 743733
189 1121 752290
385 402 849580
1297 2265 311859
1208 1396 257861
729 32 297231
1942 91 718134
287 395 131331
74 189 219101
2183 1198 346272
2130 1716 886645
283 2108 53528
925 1862 997891
1663 2086 422549
469 1218 635630
437 58 847943
1969 364 691306
1939 2004 29293
1252 2126 614723
1694 459 97197
1658 1468 596053
1048 2169 190205
1122 255 68648
1915 1176 229303
619 1254 104289
1392 1765 832107
1736 989 458132
62 605 771329
70 300 983407
1955 1944 730274
1408 23 192860
99 1132 822899
307 1354 31473
1617 1912 187690
1363 1880 855191
1001 738 117508
2261 909 144032
1529 1024 824566
21 2191 25558
477 1125 51925
700 935 358876
798 406 259207
529 1741 623384
1539 1608 121316
676 1664 249229
346 2218 332604
616 1870 804095
634 455 55348
132 1741 739064
1818 204 461675
766 474 414142
1213 1250 943690
1383 1910 456529
386 256 582215
1966 843 470405
1044 1242 459785
411 1536 344516
1405 1526 310769
1679 77 607229
163 15 668267
2056 1211 514340
1762 1555 515997
55 287 650841
1913 2017 910514
1527 1085 628815
2015 645 986381
1868 66 295175
1850 1960 634186
1398 1525 109392
2074 1447 78967
935 380 919736
2215 902 532211
1836 582 927200
1105 519 79297
2162 811 828368
1196 532 873606
966 139 936476
1816 235 856116
1066 552 622123
532 1995 292216
398 1267 901272
1342 779 233577
902 1848 403594
1134 906 761310
730 1794 108944
1384 228 566520
1133 2122 225894
702 222 260185
1938 2088 758972
2279 2150 689872
386 317 907460
21 990 895907
1532 25 614680
309 731 434694
29 1227 592628
1531 487 401758
1739 509 101847
1969 244 845062
677 2119 132233
298 743 569036
2044 1430 117178
1578 1685 96896
1956 1105 548216
1144 1300 748264
1726 1686 548954
1796 206 781024
215 2254 550738
1173 110 858575
492 1111 682459
1296 2137 685572
469 1106 508841
1284 1935 372680
2134 1550 303136
1992 2273 27652
2044 621 454276
1141 833 163572
21 1506 858216
122 2213 469132
686 2204 717952
1127 1380 604394
1583 2199 342344
1962 1684 768237
1417 852 561233
2168 369 618158
1768 49 275625
24 2163 99741
1171 1701 952020
1442 1634 134746
147 1150 805329
2027 685 899406
1679 1715 720364
399 669 806309
2264 1208 323847
1355 649 830411
1230 1648 585792
1610 1787 851169
953 390 954785
1350 1870 742408
581 1800 87894
1795 1642 508523
1997 1961 303511
372 1757 165581
1962 1008 97300
1955 2147 694230
121 1096 661971
436 765 728484
2096 512 526673
1997 761 23722
1952 1935 808167
733 1295 518312
1888 1704 751020
886 195 428206
1588 694 564119
1681 1067 296387
78 665 461988
633 14 565666
1681 1197 822284
2174 35 849588
1619 834 564598
1695 905 335932
331 1390 231998
964 277 327816
830 2090 64249
2148 483 766190
992 915 590978
2183 1689 331047
32 448 857060
1576 1034 835856
311 776 662841
135 15 514877
2109 1802 500606
1196 801 220543
1135 523 667234
1908 827 644428
1320 9 773844
1147 156 493781
892 1882 925380
1380 1415 399787
1915 2269 277590
752 1670 341869
1553 99 416937
413 322 787293
1363 2070 445664
990 1806 160963
2009 2166 949676
2123 1078 814806
746 347 852603
725 2097 547235
1195 53 858875
2203 693 419230
571 1590 411159
2 3
12 1
1 1
2 4
1 4
4 2
1 0
0 0
3 5
10 1
4 5
18 3
9 10
8 5
4 7
12 1
4 2
0 3
1 3
3 0
8 5
12 2
4 10
2 5
6 1
5 3
5 7
1 5
1 1
0 0
1 2
5 5
2 4
2 2
7 1
11 1
9 2
3 2
4 5
7 3
4 2
0 1
1 2
2 3
6 12
1 2
1 4
2 1
2 1
0 0
5 2
16 2
2 6
5 1
7 1
4 1
4 2
2 2
14 7
0 1
2 3
5 1
4 1
3 1
10 3
7 0
1 3
1 4
14 1
6 4
3 2
1 1
2 4
0 1
0 0
1 6
4 1
2 1
18 0
4 4
1 3
1 0
13 0
5 0
13 5
2 2
3 1
1 5
13 3
4 5
0 3
6 2
1 2
2 2
5 5
0 3
3 1
0 0
1 2
2 5
4 3
2 4
1 2
1 3
2 0
1 1
1 1
3 4
7 2
0 9
3 1
3 17
5 7
2 3
0 1
34 2
1 5
1 1
0 0
5 0
2 3
4 3
1 9
4 1
0 1
1 0
1 3
7 1
3 7
3 3
7 1
1 2
8 0
1 5
1 1
10 3
3 5
3 2
3 2
12 3
6 2
2 3
6 3
0 9
1 5
0 3
1 1
0 0
4 0
2 8
3 6
4 2
1 6
7 0
0 0
3 3
1 6
0 0
5 0
4 1
8 1
1 1
5 2
1 1
0 0
3 13
6 6
8 2
0 4
0 2
15 14
1 2
5 2
1 7
2 5
3 1
5 2
3 0
0 1
1 5
6 1
6 1
1 6
8 2
6 1
2 3
0 1
0 3
1 0
0 0
2 6
1 2
9 1
0 0
5 3
9 3
5 2
7 2
10 0
3 2
0 2
2 8
4 1
14 2
14 1
4 1
7 8
3 2
0 1
1 5
2 1
8 1
1 1
2 3
5 2
3 1
1 5
4 0
2 3
1 4
2 0
14 0
1 1
1 10
1 0
8 0
7 1
1 3
4 4
1 3
1 1
3 3
3 3
3 2
10 1
11 1
5 5
8 5
8 2
1 3
1 3
5 2
5 1
3 14
12 1
4 3
1 0
1 0
0 2
3 1
2 2
0 6
2 11
0 3
1 3
1 1
12 1
5 1
4 2
1 1
6 2
4 0
6 1
3 0
3 2
4 11
11 6
1 3
0 6
0 10
1 2
0 0
2 2
6 0
5 1
1 2
4 1
5 1
0 2
10 5
11 10
2 1
3 1
7 2
4 5
1 2
3 2
2 2
1 1
2 3
9 2
1 2
0 4
14 0
1 2
8 2
0 1
5 6
3 6
3 2
3 3
11 0
4 4
0 3
2 1
3 0
0 4
2 1
2 1
4 2
8 2
6 0
8 2
2 2
12 3
2 1
3 4
5 5
4 1
4 5
6 0
1 3
5 4
1 1
1 1
3 2
2 1
6 2
1 0
1 3
3 3
0 18
6 3
3 9
7 3
8 1
5 0
6 4
3 1
0 2
2 2
8 0
14 2
2 1
5 0
7 3
5 22
1 5
6 1
0 1
5 4
2 0
5 0
1 4
5 5
10 2
1 1
4 1
3 3
9 1
6 2
2 1
8 2
4 3
1 2
3 2
3 1
11 0
1 2
5 10
3 1
2 0
0 1
16 3
1 3
8 2
6 4
1 2
1 7
1 1
0 2
0 3
8 1
4 3
3 7
1 4
3 1
1 0
3 5
1 1
2 3
4 1
17 0
3 1
8 1
6 5
4 1
5 2
12 5
1 1
5 1
0 9
3 5
1 3
0 7
7 5
0 8
9 2
0 5
7 1
7 0
9 2
1 1
1 1
2 1
0 1
15 7
17 10
5 1
2 12
0 2
1 7
2 0
9 8
0 0
2 6
1 3
0 2
11 0
8 1
7 1
2 4
0 13
2 0
0 0
0 6
0 1
13 0
5 7
0 1
3 4
1 2
1 0
3 2
1 1
2 6
0 1
3 1
0 1
0 2
3 1
6 1
1 0
1 0
8 3
0 0
1 0
1 0
8 4
1 1
2 0
12 2
18 1
1 3
2 4
1 2
2 4
1 1
0 4
0 0
2 1
4 3
3 1
4 9
0 1
2 9
7 3
2 20
0 6
4 3
8 3
5 2
1 3
2 4
1 1
1 1
1 1
1 4
0 0
1 1
6 4
1 2
0 3
3 0
5 5
4 2
1 3
1 3
1 1
0 1
4 3
3 2
1 1
14 1
2 1
5 0
1 7
2 3
1 1
8 1
12 1
5 3
0 3
0 1
1 2
0 2
0 1
3 0
0 2
1 5
9 1
1 6
1 7
2 1
1 4
2 5
4 1
11 1
0 0
10 5
0 4
1 2
0 7
2 6
12 4
3 3
5 1
4 1
6 0
0 6
15 1
5 3
1 5
12 0
1 0
12 8
6 1
4 0
0 9
1 13
1 2
11 3
1 1
2 3
8 8
8 2
2 2
1 0
1 4
15 8
27 0
1 21
1 1
3 6
2 3
1 12
2 2
0 4
1 0
1 0
15 0
14 1
1 1
2 1
3 0
1 8
3 0
3 0
3 0
4 1
1 8
9 0
6 2
2 0
11 4
2 3
0 14
5 5
5 5
4 1
3 2
11 4
2 1
2 0
7 2
1 5
1 1
1 0
2 8
6 1
1 6
16 1
3 1
2 2
1 1
4 3
1 2
2 15
3 13
3 0
4 1
7 1
0 11
6 5
3 10
15 4
6 8
3 1
1 3
2 1
2 0
10 4
1 2
1 4
2 1
2 2
7 1
2 2
3 1
3 5
7 0
9 1
6 4
1 1
2 5
15 2
2 8
2 5
2 0
9 2
1 1
1 1
1 0
1 3
7 5
2 2
2 2
0 2
3 7
1 4
2 0
1 2
8 2
3 2
6 4
3 0
4 0
1 3
1 3
1 1
5 1
2 1
1 0
3 10
7 3
3 4
1 1
0 5
21 0
0 4
3 0
2 6
12 4
3 7
3 3
7 4
3 1
1 12
1 1
4 0
10 1
3 1
5 4
6 3
1 0
1 1
2 2
0 0
3 7
4 1
3 2
2 1
3 3
2 4
1 2
1 2
1 7
0 1
5 0
4 2
1 5
8 6
3 5
2 0
1 0
1 8
2 1
2 5
7 1
3 4
2 4
19 7
3 1
5 5
3 3
11 4
1 1
9 0
2 1
2 2
3 3
2 15
2 1
13 3
5 1
2 1
0 2
1 4
2 2
1 1
6 6
9 9
0 7
6 5
6 1
5 0
10 1
2 7
8 5
1 4
11 14
4 2
0 7
3 2
10 5
6 2
1 3
1 11
4 3
1 6
2 5
0 1
3 0
7 3
0 0
4 2
0 2
3 3
5 3
1 8
4 0
0 7
4 2
9 1
1 2
5 0
0 3
2 8
1 2
2 6
1 4
0 1
1 2
7 5
3 4
3 2
1 3
13 4
3 0
5 2
1 2
2 6
5 6
1 5
2 7
7 1
6 1
2 0
1 3
2 1
10 5
7 1
9 12
3 0
1 1
1 2
0 0
4 4
17 1
1 1
4 2
7 1
1 6
1 2
6 1
3 0
3 5
7 0
0 3
10 2
2 1
6 11
1 3
1 1
2 3
3 1
13 3
13 2
0 2
4 9
3 2
1 3
1 4
2 6
3 1
3 1
1 7
0 4
3 5
1 10
4 2
11 1
23 2
6 1
3 2
1 10
5 1
4 8
8 4
8 0
0 0
3 0
1 0
4 2
6 3
1 3
1 5
1 3
1 1
3 1
1 1
2 0
10 1
4 3
1 5
1 8
1 5
14 0
3 0
3 3
2 2
10 5
1 9
0 0
1 3
5 0
6 1
3 4
1 2
0 8
2 1
4 5
6 1
8 2
1 1
4 3
7 11
5 6
1 5
2 0
1 3
1 4
8 5
7 2
2 0
1 6
0 5
8 2
5 3
5 3
9 1
0 0
1 1
1 0
4 2
4 2
0 5
5 2
5 1
2 6
10 5
10 8
13 0
10 1
7 5
0 4
4 1
6 2
2 4
0 2
4 5
3 2
4 8
8 1
2 1
2 3
8 5
5 0
4 5
0 2
5 3
3 1
0 2
2 0
1 1
5 2
0 1
10 3
2 6
2 0
4 9
1 5
12 1
3 2
1 3
2 4
2 8
5 2
1 1
6 0
1 16
5 3
0 21
3 17
0 2
3 1
9 1
3 3
2 3
2 7
13 1
7 1
6 10
1 0
0 0
5 5
6 1
1 0
1 6
2 4
5 0
2 3
0 1
1 2
1 8
2 4
4 0
2 2
1 0
0 0
4 0
2 4
1 2
12 4
1 4
5 2
1 0
1 8
4 2
6 1
1 5
8 13
7 3
6 1
3 0
0 8
4 0
3 0
3 2
2 1
7 2
1 5
2 0
2 4
3 1
12 8
2 5
6 6
2 5
1 2
4 1
1 0
1 4
6 1
1 3
3 1
0 0
1 1
1 3
2 2
1 5
2 1
0 2
16 3
2 0
1 6
9 2
6 4
3 2
13 4
1 2
3 1
2 5
6 4
3 0
6 3
0 2
4 10
4 5
4 6
11 3
2 2
6 1
2 3
1 1
1 0
7 0
15 1
4 2
2 8
4 3
0 2
3 9
11 3
1 6
2 2
3 0
0 3
1 3
2 4
9 1
5 2
1 0
3 4
1 0
5 5
1 2
13 2
1 6
8 5
1 3
4 4
1 6
1 0
1 0
1 5
1 2
1 1
5 0
7 17
2 4
0 0
0 8
1 1
6 0
3 2
2 1
2 1
2 1
0 8
8 2
5 1
1 1
6 4
2 2
10 1
1 0
4 0
3 1
3 0
0 1
7 5
1 0
0 1
12 6
7 2
6 3
2 1
1 7
3 2
1 0
4 4
1 3
0 2
10 3
3 6
2 3
3 2
2 12
2 1
2 2
16 3
3 4
5 0
4 3
2 4
1 7
0 2
6 6
8 2
0 2
0 3
1 1
13 1
2 7
4 3
1 0
2 9
1 1
5 1
1 2
4 6
7 3
2 1
5 1
4 12
1 2
1 4
0 1
4 3
6 1
8 8
4 8
3 3
0 5
6 0
1 2
6 4
3 9
2 1
2 0
1 1
2 4
1 2
1 5
1 3
8 16
1 1
3 3
11 2
1 2
2 2
0 6
1 2
2 1
3 0
11 0
1 2
2 2
1 1
4 1
1 2
0 0
4 1
6 4
7 1
10 4
8 3
10 5
1 0
5 0
0 1
5 2
9 3
2 0
1 1
2 1
0 3
10 1
0 1
1 0
2 5
5 1
14 4
3 2
3 1
0 3
10 0
0 2
4 1
3 6
1 6
9 3
11 19
9 0
25 3
2 8
2 2
3 2
2 0
2 1
0 2
1 0
6 1
1 2
4 2
10 1
1 3
6 1
1 0
2 2
6 4
5 1
0 3
7 1
1 3
1 1
5 2
10 0
0 4
0 4
2 1
2 9
1 5
4 1
10 4
1 3
1 4
0 3
1 2
4 4
6 14
3 13
4 5
6 3
14 1
3 1
3 4
4 13
7 6
8 1
8 8
7 0
4 5
2 3
7 1
1 1
3 4
2 0
3 2
13 1
0 13
3 1
4 0
7 3
1 4
5 1
20 3
9 0
4 1
6 8
7 2
3 3
5 3
8 2
2 1
1 1
2 4
2 8
2 2
11 7
9 0
8 1
0 4
6 1
2 0
1 5
1 10
4 0
3 1
0 1
2 1
1 1
3 1
2 4
3 0
1 2
2 3
11 1
2 2
1 1
5 0
12 1
2 2
1 1
2 5
2 2
2 4
1 2
5 5
3 4
1 5
1 3
5 6
1 1
2 0
1 0
3 10
1 6
5 0
1 1
1 3
1 0
1 2
9 0
1 1
3 2
1 3
5 2
2 0
4 10
2 7
2 7
12 3
0 3
1 3
8 5
1 3
2 5
3 1
1 7
5 5
9 2
1 0
5 0
0 7
2 4
5 0
2 4
1 4
1 9
3 3
0 1
4 6
1 1
0 0
8 5
0 14
8 0
2 2
2 1
1 5
1 3
9 1
3 2
3 8
5 0
0 2
4 0
0 1
4 2
1 4
3 1
1 1
5 7
3 0
2 4
4 3
0 0
0 3
2 1
7 1
2 2
3 1
3 4
1 1
1 1
0 4
1 0
5 3
4 1
4 10
0 0
7 1
2 1
2 3
20 0
1 1
5 11
2 2
17 2
1 3
1 2
2 4
7 1
9 6
0 5
4 1
2 10
3 3
6 2
4 10
0 0
0 2
3 5
3 4
4 4
3 15
7 0
2 8
6 2
3 1
6 4
2 5
2 4
2 0
8 1
13 2
4 11
1 0
9 1
13 4
6 10
1 5
5 0
7 0
16 3
1 0
14 3
8 1
3 2
0 3
1 4
4 10
3 0
0 4
1 1
0 7
7 1
10 4
2 2
6 0
3 2
7 4
3 3
6 0
7 2
8 2
2 6
2 0
2 3
2 8
2 3
5 6
6 1
11 1
4 3
1 1
9 5
2 8
1 2
8 3
0 2
1 1
2 3
2 0
0 2
1 1
7 3
4 2
0 2
5 3
9 8
11 0
2 1
1 3
1 3
3 4
0 9
1 6
7 1
1 2
2 2
3 5
4 6
4 5
2 2
0 5
2 1
3 5
8 0
4 6
3 1
2 8
8 6
7 3
3 3
1 2
1 1
3 2
1 9
11 4
2 2
6 4
3 6
4 3
2 1
5 4
1 4
2 2
5 2
4 4
1 0
2 9
2 3
10 0
4 2
6 2
3 1
1 1
4 1
3 3
1 2
1 10
4 1
5 3
4 0
4 2
2 1
0 0
3 5
18 0
4 3
7 3
1 2
2 7
3 2
1 11
2 4
3 0
1 2
0 1
1 1
2 1
1 1
6 2
5 2
2 1
2 3
1 1
1 2
1 3
0 2
10 17
1 0
1 1
1 5
0 1
7 6
7 7
1 6
0 0
1 8
2 3
3 6
1 5
4 6
0 1
3 5
0 1
1 1
0 1
4 1
4 13
1 2
1 0
6 1
1 4
3 7
4 2
1 8
4 3
2 0
14 10
11 1
4 5
5 1
1 3
3 9
2 7
1 0
6 3
1 3
1 1
2 2
0 1
2 1
3 6
1 3
2 3
12 1
3 0
4 1
1 5
0 3
9 4
1 11
5 0
5 2
3 3
2 3
0 1
6 1
1 0
6 3
1 6
3 3
3 1
2 4
1 1
0 1
3 2
0 2
1 1
0 10
13 3
3 5
3 1
3 2
5 1
1 1
9 1
1 1
2 1
1 0
3 4
1 4
1 2
1 1
8 4
3 0
2 2
3 0
1 0
9 1
0 1
5 16
1 6
0 4
2 11
4 1
2 4
1 3
4 3
2 2
2 1
3 9
10 9
1 0
2 3
6 6
0 2
4 2
2 1
2 2
2 0
12 9
2 0
1 4
3 1
7 2
14 1
2 5
4 10
3 0
5 5
3 0
6 2
7 15
3 4
0 3
1 2
10 1
5 5
5 0
1 2
0 0
3 1
4 5
5 2
1 4
0 4
2 0
5 1
1 0
0 4
0 1
1 2
2 0
13 4
2 1
2 5
17 1
14 1
1 1
0 1
2 0
1 2
1 2
1 2
8 1
1 8
6 1
4 6
5 4
2 5
0 2
2 5
3 8
3 1
4 1
14 0
5 1
0 1
2 1
14 1
6 2
2 4
3 1
1 1
3 2
2 5
1 1
3 1
0 14
2 1
5 1
2 1
1 4
1 2
1 5
14 2
6 1
4 0
8 1
2 5
7 1
3 1
8 0
1 1
1 5
3 3
4 1
3 2
3 1
10 2
2 9
8 7
0 2
1 0
11 19
1 2
5 6
3 2
15 1
11 5
7 0
6 1
1 2
1 2
3 4
5 1
2 1
1 0
3 0
2 0
1 2
4 4
1 2
7 1
1 1
0 1
20 0
0 1
1 6
0 0
1 0
2 4
0 5
1 9
4 2
3 0
2 7
0 2
2 1
1 6
16 0
1 2
3 1
1 1
2 0
0 3
2 1
1 2
9 10
2 1
2 3
3 12
1 6
0 3
1 4
2 1
2 5
5 7
0 1
2 3
1 0
7 2
1 2
1 2
1 2
0 3
1 1
1 7
2 1
4 6
5 0
4 4
2 2
1 1
2 0
2 1
8 4
11 1
3 0
2 3
1 1
2 7
3 1
7 3
0 1
1 1
2 2
1 1
7 1
1 2
13 0
14 3
2 5
0 2
2 1
3 5
2 7
2 2
15 3
1 3
0 3
1 0
1 2
3 4
3 12
7 0
0 1
3 0
0 2
16 1
5 1
1 0
5 2
0 5
2 3
11 3
1 0
2 5
0 7
1 3
4 1
4 5
4 2
0 2
4 0
1 2
2 11
3 15
1 0
6 6
7 2
4 1
0 1
6 7
3 3
1 3
2 7
17 2
6 3
7 2
14 1
4 5
4 3
0 12
4 3
1 1
5 1
1 0
3 0
2 0
6 2
0 3
4 10
6 1
1 1
3 5
2 4
0 3
6 3
10 9
0 0
3 8
1 6
2 0
0 0
1 8
1 3
4 2
0 0
8 1
14 6
15 6
2 0
1 16
15 1
1 3
0 6
1 1
5 11
1 7
8 1
1 1
0 0
3 1
10 2
0 1
0 1
1 1
2 8
12 5
0 0
1 2
4 3
2 4
3 3
2 2
4 5
13 1
2 4
1 2
4 3
1 0
1 0
2 1
21 0
3 7
4 0
4 0
0 4
2 7
1 2
4 7
3 1
5 1
1 4
2 2
5 0
1 1
1 0
0 1
14 2
3 4
10 4
5 9
3 2
3 2
1 1
1 0
1 2
1 3
13 3
1 1
1 1
0 1
0 6
1 1
3 7
2 1
7 3
3 2
0 7
5 4
7 3
0 1
2 2
1 1
4 2
1 1
1 0
4 2
29 9
0 1
0 7
3 4
4 5
0 2
1 1
6 2
10 0
0 0
6 0
2 6
2 9
1 1
0 3
6 6
4 1
6 1
5 4
2 6
3 5
1 12
9 1
3 3
2 1
1 4
1 4
3 1
0 6
1 2
6 9
3 3
0 1
2 5
1 0
2 4
3 5
7 5
0 1
16 1
6 5
8 0
1 7
2 2
6 4
2 7
1 6
1 0
2 2
2 0
1 2
0 6
2 1
3 5
2 0
2 0
2 0
5 5
0 1
0 4
1 1
14 7
11 1
15 4
15 6
6 3
2 1
0 2
9 2
10 3
1 4
5 12
0 1
1 1
2 4
2 3
0 3
3 1
3 0
1 1
0 5
13 3
4 2
0 6
1 5
10 3
1 3
2 1
3 4
2 1
11 5
2 4
3 5
12 7
0 8
3 3
1 0
6 1
2 0
1 8
2 3
0 1
9 3
1 3
0 1
0 2
4 0
3 6
9 5
1 2
8 1
2 5
10 3
1 2
4 2
10 7
11 0
1 7
3 3
4 2
5 1
1 2
0 2
0 1
7 1
7 3
6 1
8 2
0 5
0 8
5 0
1 2
8 3
7 3
1 3
0 5
5 4
4 10
4 3
2 4
2 2
2 1
2 4
4 1
2 10
7 6
16 2
9 3
1 4
1 2
11 1
5 5
0 2
2 0
0 1
3 3
6 1
2 4
4 3
4 0
8 2
7 0
4 7
4 0
6 1
1 1
3 7
1 4
4 3
2 0
4 0
1 3
0 1
2 3
0 9
4 2
2 2
8 3
12 2
1 11
10 1
1 6
1 1
4 6
4 1
6 1
2 2
2 3
6 0
4 2
5 5
4 11
1 6
3 1
1 2
4 0
1 9
1 4
3 2
2 3
3 7
1 0
8 5
5 1
1 2
4 7
0 2
2 6
5 2
2 8
1 0
1 6
1 2
1 4
0 1
2 4
0 3
1 13
0 0
10 4
4 2
1 6
6 0
2 4
2 0
9 1
2 0
9 0
3 2
4 1
2 3
9 2
14 1
7 5
9 7
10 0
6 4
2 1
6 4
2 1
1 1
10 3
0 3
6 0
0 1
6 1
3 4
2 4
1 3
0 14
3 1
3 2
0 1
3 5
1 0
15 0
1 3
18 5
1 0
4 1
3 4
3 1
2 2
1 0
14 0
2 0
