2500
1468 1357 69546
724 2390 483529
1206 570 104813
1252 2112 367302
25 865 928921
752 800 143693
1651 508 342382
1395 1228 743339
972 1350 707135
2005 421 879603
1743 2088 485366
1316 563 527044
855 1298 780886
177 1033 774909
1652 62 681001
67 2032 325816
1210 1554 506661
118 1717 932385
2057 1894 674086
1413 756 228442
1055 1471 162056
1405 1997 96019
1830 1433 16530
1556 1857 797257
584 2020 717579
1275 2429 768720
1704 454 421899
1209 784 888614
559 170 78599
461 1023 3571
1821 2498 512368
1234 735 246088
1359 2235 58548
1737 1002 614083
192 643 89605
2075 1378 896315
2035 26 911834
1916 1813 167305
2191 522 946789
2176 1908 695835
1876 1862 835145
1262 341 611541
295 869 357167
25 1814 52996
338 222 346813
1212 1700 681348
1315 994 475642
224 2082 873688
1150 2247 539276
273 1278 669068
1294 1084 681154
1438 663 470681
1503 1567 141656
33 554 27245
2071 2202 755168
2275 2132 783905
2042 254 974873
1198 1193 421507
284 2329 505902
2281 619 761072
1848 761 730683
177 2275 915345
2128 1537 839125
1779 1218 509202
11 912 460913
1418 869 953410
746 2403 198053
1482 2317 763254
1462 1301 572540
2083 451 468076
1973 1940 844675
1776 2164 356090
1682 1065 18055
1070 1105 240507
1545 304 675361
292 1657 377232
1790 2151 828658
818 2361 773982
968 1332 646181
2156 870 224654
81 1186 792472
783 2093 950496
1457 1367 52716
2479 862 460788
854 1778 270274
1983 2422 682066
205 239 627855
1150 205 272684
1262 113 174827
1650 2112 71952
86 1320 599237
1349 1586 20904
2300 1450 534621
1914 1801 218695
1225 1076 820831
2482 1122 419497
532 604 754681
1755 1585 506319
115 778 630500
2315 1295 484068
273 1657 666533
388 1097 725981
150 1329 892655
1731 308 768568
1843 1523 187958
325 676 659726
1573 2154 922275
1717 1760 971947
1215 2056 198879
86 316 832108
1353 1955 696085
1709 1455 78107
131 2252 64334
457 124 186984
1025 1570 261930
913 1138 291018
2386 1018 160743
1027 446 790229
2083 1167 20333
23 1104 892523
2456 343 392795
796 2135 234095
336 1810 580443
1787 1531 154471
747 98 141150
525 2384 893274
2499 2056 477413
501 2340 621566
2365 847 896514
402 1527 136368
405 2041 153523
1186 117 182468
2232 1792 399898
1944 665 913955
2212 465 310068
2108 718 9737
364 79 13939
2353 726 936794
2053 2327 751095
421 1597 291927
1532 2360 830798
1684 875 61378
1102 1864 979106
1382 475 119032
1239 651 597114
2225 1934 846226
1070 373 278778
2355 2419 423510
193 2135 817311
708 1671 807954
1270 1255 518220
1024 1221 961899
1756 1962 757116
1540 1143 185677
764 640 631074
1186 1281 765948
2061 1705 17570
1702 1824 243648
34 2445 75267
1470 2367 776126
979 1917 489908
2314 1366 184748
2167 385 19431
527 2059 545723
1728 267 83069
1819 932 221877
638 423 303580
2369 1057 154991
1990 1978 769634
2159 100 944617
790 1476 235059
1942 1743 142943
921 1527 742042
884 696 921453
1273 1727 292490
2081 2334 818001
11 361 604661
1927 659 212227
1820 1345 27784
1699 2135 315501
1359 288 668697
1623 1911 542056
1162 628 943286
2029 315 431764
432 346 666732
1644 493 289954
2056 2154 933508
1635 2124 776530
181 337 648232
1162 20 969096
1985 221 711170
1999 213 132345
46 543 655172
1022 2129 466416
813 421 632945
527 1680 30902
251 1456 452949
2003 389 603311
1129 2233 742734
2485 1162 68550
508 1572 496871
635 324 769646
1241 1658 10193
1089 2047 643254
798 760 630435
2272 1624 82240
761 894 811641
2058 2328 227601
41 1539 832183
2210 175 252501
1890 280 603637
1508 1950 796518
2162 362 703926
913 2075 774479
1474 1558 311779
454 2317 950317
646 1972 499966
2424 392 564208
673 299 291194
1056 1787 115095
1091 2251 213622
2037 1014 57602
671 1917 179146
1942 527 987833
934 102 731694
1510 134 710946
2492 1839 262422
2372 483 270158
1590 2062 408056
474 176 29184
135 1555 565628
1789 680 679922
194 2292 944242
2391 663 30511
1427 1942 74080
2254 1102 795697
1234 1380 238725
927 814 535655
519 1317 41754
858 1312 815958
1616 1085 837445
2324 1863 519754
1456 338 996144
1951 2160 997539
466 1344 453295
404 1420 907394
260 1540 853045
2270 611 448494
1390 1825 373428
1235 1256 611220
804 891 628028
85 2102 709850
1441 1983 228494
2256 1303 884021
504 1437 590463
845 1535 331257
2294 1834 832916
2394 786 357217
580 858 263940
1200 59 213736
1266 1416 919695
22 1221 834138
1335 2459 333228
2427 1962 497789
541 1560 10270
1678 332 678066
2187 517 861151
2132 313 68682
1941 1555 542612
2334 1874 415572
743 128 159847
1757 1981 779341
1051 1793 662423
1700 1551 819898
1321 1258 557314
38 2110 491792
1759 339 81257
960 2332 440019
1295 1834 221037
844 195 71476
1242 1819 775205
1663 2317 869919
564 2297 910781
2076 1853 65075
892 1159 610298
1974 1763 114674
1255 98 815281
342 1453 696516
327 2261 689977
2007 1035 124072
266 1333 763146
646 226 897032
1603 1898 641931
152 1363 829837
1307 1780 128194
226 57 669424
1041 1470 46141
884 209 848463
515 213 710599
458 1368 63804
31 148 287930
1942 1930 342950
2312 1271 279038
508 998 602457
1970 1155 996111
164 2354 591191
1725 967 166912
497 1772 228126
1910 220 890177
24 1125 493676
974 2345 896698
1396 1706 26033
1435 1716 307235
54 2081 674919
1208 2043 896934
1408 552 874424
1182 1425 375181
2119 2232 968666
56 290 452629
215 2388 277602
2046 2172 713734
192 1314 335110
2237 2392 499203
2087 1877 807832
2113 2204 95664
1938 531 473954
2267 2117 573692
2286 356 78992
2309 1272 316390
2347 2411 14894
203 2122 350998
2259 2212 838031
1705 2167 833275
2290 1682 708361
390 370 887111
1263 2500 813688
1970 1930 265472
1504 520 296991
2 435 719077
949 364 886909
448 909 285133
2438 257 290089
2128 2240 504523
2080 1527 357462
2238 549 684775
824 1773 718809
515 405 702041
773 486 275942
1932 225 475308
1697 2306 271749
1254 2043 192760
1764 2086 388449
859 1381 353888
1522 2246 543344
914 2363 519877
219 2037 991336
557 600 648042
65 2340 71713
509 2157 467098
1068 414 684868
1946 1416 856953
2090 305 591637
479 992 856849
938 173 516791
1126 1629 510355
770 2215 389829
774 381 90833
2208 821 583449
1279 2127 871368
1729 1007 948584
636 1275 372310
2149 2370 904615
1314 516 733091
81 1176 317169
910 999 144300
1738 636 278154
1540 1165 275872
873 210 14388
585 562 486738
476 491 427979
1787 172 434718
1919 667 998980
1275 229 515181
1561 279 348002
1762 605 691052
509 1467 211793
309 2158 457662
74 1312 765673
79 1964 38792
1073 1777 570229
1787 1691 77821
1123 1780 828525
1357 1772 582902
1159 2011 166203
400 404 518865
1191 793 636496
1074 1053 723597
506 342 102346
28 1633 363109
642 962 705108
1038 2341 392970
1997 1544 865709
488 668 209577
2218 2490 465199
1942 370 155718
28 1163 791974
162 706 316716
1832 482 642033
248 2154 170688
1359 739 389011
2337 335 889739
48 1104 784636
1839 1749 54492
255 710 519820
489 1692 229655
1645 1460 669422
1104 1983 259467
1093 2157 490047
2124 1010 168363
2285 1792 449354
258 2461 808025
1251 1964 105240
1497 409 579170
1286 810 142745
142 2414 839132
438 596 983303
161 271 121728
1140 224 570948
1799 2161 221125
1705 1503 550859
655 1 323995
296 2115 448699
1489 568 590457
2332 2074 663825
2254 614 720170
2151 1075 394392
745 3 544263
986 1413 30986
939 495 423230
184 1370 99177
254 852 378325
2477 2452 677378
98 197 439957
1481 1589 373249
1516 2068 801953
304 2099 61330
1074 2310 159704
2326 364 382403
1281 1446 186967
140 1186 114280
2145 1875 205797
1459 2170 191089
2122 424 214313
911 1802 828866
377 2265 32114
989 2312 765969
585 1877 507829
1482 497 219680
1692 1863 323021
2171 2308 771470
1700 375 707165
1276 2202 237065
476 517 406178
2317 975 713608
539 71 108376
745 700 353119
1039 795 897543
972 1180 975
2014 1520 254232
394 1074 849475
1893 2020 464718
190 1705 53346
269 325 229789
1668 811 147997
553 484 824101
728 763 775048
1828 2299 58374
1689 1930 387607
2063 1767 529310
837 2441 526190
444 1369 541855
2227 782 152115
1085 467 573868
2091 340 114206
279 563 681871
1437 1730 361551
589 116 748446
1602 757 911385
825 1548 889487
1281 756 560705
2271 420 635475
327 228 845266
237 2276 704786
2214 603 557246
1717 1177 84225
978 836 526392
540 1846 440753
964 1278 141831
2145 2399 642269
2154 704 663723
908 719 427194
2280 1674 13112
1534 2339 303412
1102 990 510496
621 1983 144082
757 574 423096
2314 1882 527269
204 2326 401932
2090 245 365116
1713 2013 676611
916 2079 267531
1139 2262 631570
1156 1354 504932
697 1891 298124
490 1217 255358
1600 29 662898
129 2380 986104
956 1091 219387
1681 97 745530
46 1063 169075
2119 70 632983
2418 1599 875906
2247 264 185423
2117 596 594425
2135 710 868414
2481 208 447740
2275 1681 670968
2041 1803 319361
682 1383 256174
893 1401 931119
611 333 804356
236 2137 551718
2168 1978 407427
612 688 920668
1753 2303 875322
1479 1356 464588
1099 1979 549364
1952 466 30717
934 372 141290
77 918 729651
1753 4 423896
1918 162 791264
821 1796 733231
1455 386 904791
2085 2403 603736
2110 2317 952713
2437 1426 747388
1009 512 870431
2117 1057 51607
2098 1819 848534
1909 2476 988371
1128 2337 98286
1202 1515 268887
2432 1047 942637
49 1844 869009
1628 1815 614477
1758 602 268136
611 2377 776038
496 1646 848027
2349 2140 108499
1640 1899 413875
2230 1521 738886
1802 919 438271
2086 232 390148
316 1877 348700
834 921 182675
1784 22 581283
1186 1898 564117
855 183 746929
486 837 561829
2130 2124 946969
908 2300 217944
1667 2069 595247
1787 2307 289732
2333 1568 40438
138 319 767690
731 2376 418747
1262 917 609456
2272 1469 189765
1550 1607 401469
1238 1669 591620
744 289 391180
2338 499 883643
940 2429 30458
1290 1893 331177
795 1153 606
1178 1767 238247
808 2412 779010
58 2199 744198
316 560 427782
563 640 657835
303 1588 829122
68 1447 273098
1881 2260 948346
289 1901 341398
837 141 257610
1365 1147 619519
2231 761 49364
169 1604 565872
1065 629 416635
1888 1284 764114
361 1441 211293
1885 1367 597655
2032 581 884395
2403 963 80110
1735 552 76576
922 1509 749153
2345 857 164024
350 1248 837623
34 1085 847969
1456 805 578583
842 463 313231
1964 1932 581653
1754 721 665128
420 1661 686695
2468 2323 300851
4 1491 192784
1845 2348 226307
1596 544 640408
2495 1721 327360
1796 1522 229999
750 446 101894
560 1984 889389
166 788 864753
1748 2306 559380
1930 879 96734
563 883 854817
1707 881 673924
925 483 107373
666 2179 796242
2089 2015 973270
696 1230 943790
2025 1225 415023
1333 1449 436280
90 1638 747953
1443 941 772093
727 2460 940908
2467 1706 245782
1410 2447 920930
976 2045 20647
1771 2255 2604
182 2216 598251
335 1961 771831
468 1242 657633
434 517 267749
1324 1920 333085
1446 710 795568
2213 1785 7870
957 334 967770
561 593 369443
58 313 862742
1577 777 366892
661 645 923283
915 1417 386807
1482 531 40686
313 2448 813533
866 8 397527
1125 895 307029
215 1580 993479
1071 952 708862
2440 971 308670
2062 1141 906132
1978 1052 934178
1259 1699 541182
1653 1654 887117
1099 2225 157950
1049 2177 206699
1787 377 95436
917 1439 434781
323 158 691985
2273 1633 725921
1608 371 197164
164 1228 477048
2028 635 107795
25 1231 525084
1863 1391 236028
651 1386 660879
283 2115 73113
1117 1161 507796
2492 1379 290034
1104 364 433577
1170 119 396810
1933 2293 801617
473 1262 511949
2485 2123 859319
1279 2206 799078
1398 1734 261748
2381 1261 378253
1983 890 362383
1183 189 700284
59 2341 412728
2465 1594 464475
988 1368 363936
11 654 433701
1197 806 532739
1841 1236 119329
1373 2359 33968
1461 940 228364
2267 487 997676
2260 1054 842678
1518 169 274756
2218 1821 297554
1195 2023 344496
1861 1954 934018
1714 1335 867130
1319 351 992844
358 1808 431816
1325 352 616025
821 513 205154
185 1621 341526
446 2125 435918
160 446 723560
1286 416 241503
546 380 176121
207 2282 208
1974 886 938512
466 972 281564
1181 878 772638
2342 472 252947
317 1834 213558
1387 1188 22696
1249 325 349400
1485 863 605384
1661 415 965277
1505 1310 992824
1757 326 672406
1313 2352 165718
1811 341 273938
1387 1990 649457
1602 2455 870009
2096 102 775977
1174 2466 105032
1873 564 114425
598 30 392718
1380 1429 227945
827 1136 231153
2365 1098 615561
604 1186 850672
865 1712 47270
1023 470 230872
1603 694 849166
1155 1493 545182
2137 2241 227845
934 121 879742
1175 1372 983065
384 1222 371834
204 2459 6831
875 908 974507
1050 1500 833350
1447 2339 84187
1872 1631 758117
2336 1555 42960
1941 1205 21781
1525 2138 64874
286 517 684527
2048 496 360248
1693 1536 896511
2275 1150 648858
1249 1981 537193
161 862 971099
2312 2389 503848
1541 534 810629
557 1355 393916
1336 668 130179
545 1043 397384
1028 521 383264
803 2355 912983
848 1779 456401
1174 179 571105
1297 1583 612245
1103 2326 644587
827 2482 804994
820 1640 243973
1313 1797 981099
1942 152 682213
707 2188 511307
789 76 450888
1812 1339 730115
1479 722 31979
1127 1536 84678
451 1734 580854
775 1940 105182
1698 2311 57813
2047 223 197653
1536 787 177365
2244 1503 149712
421 430 972867
2205 1443 821651
1935 1974 530994
2406 951 605045
1109 2200 765880
1000 207 767064
767 1622 457030
1167 1818 654525
178 2426 143747
1433 1462 697651
2416 148 301314
2000 809 767829
79 192 729037
668 1833 35804
1336 159 723249
1026 27 862825
1471 699 802898
1897 2448 59183
1788 1373 896975
1975 127 834801
799 500 220250
1299 1608 742286
2189 713 939004
1169 1303 18281
1228 757 24879
509 1896 449629
2153 285 716402
1857 2345 781596
1149 847 979980
633 2189 652523
2284 908 921580
594 1799 656644
774 345 104277
1017 960 181609
396 1939 651679
1349 1977 965259
1202 1130 662598
220 615 560974
1568 2245 51717
2324 618 667953
1305 1237 605661
1083 2446 274026
371 2398 331092
1910 715 8911
2396 1498 727159
1533 2275 315701
644 410 685602
838 289 898082
1992 1330 485669
356 1569 52430
1931 1142 115705
1642 2383 58492
1791 2421 930073
84 1440 289177
263 962 701780
1254 2474 379276
867 1212 910932
321 1245 276743
414 447 331399
1927 1869 973787
1988 849 709436
217 2024 597132
360 1831 398570
2306 155 64548
1292 494 46244
936 1116 923266
2407 2249 923857
800 140 668651
1953 2485 407922
1823 214 131669
1154 1773 224334
1436 1543 231514
1338 466 164831
583 1451 885893
624 779 648383
1465 1366 933148
1031 2134 62641
1838 357 852168
171 543 30920
341 1513 672301
901 1676 939252
870 1437 99684
169 60 656233
436 762 429443
1394 1380 637448
2399 1505 385644
923 2169 640586
2486 1849 346338
1381 1444 923070
1807 544 633988
1598 1310 445884
1677 2311 709119
156 405 188188
245 1889 944555
727 334 47838
1310 2389 296928
1285 2448 863323
2322 2068 626851
46 1219 864239
2216 1375 741904
2273 1078 200
1369 1788 888748
813 1512 720334
213 2034 407051
2256 2318 733453
107 1222 389496
2014 2212 715221
508 2149 117764
1610 331 748459
897 1357 30367
1589 590 385593
1311 2007 83195
2164 2014 841721
616 1140 104383
123 411 513943
627 921 22725
102 2475 521610
1752 1829 835839
2029 781 998865
1118 1575 396209
266 66 578504
1966 1082 828865
2044 1633 4461
658 1358 790531
248 1385 192259
1663 2332 683765
2405 332 726260
751 988 967054
2317 2202 648867
760 329 506909
1234 497 277280
1232 348 183454
103 1329 795379
2334 1091 701501
364 1898 888692
30 406 434036
884 502 205801
2221 2286 558257
2 1388 579545
2006 1691 95626
2132 1148 981990
2056 1081 505279
236 2268 462747
1821 557 972062
1992 1193 224343
1433 592 635494
2297 612 303995
289 1039 571139
574 613 351133
972 1279 18116
1790 1409 996312
771 1364 853156
2348 2481 996994
2242 2260 415351
442 1476 165794
405 522 22260
921 273 489033
982 1111 282061
1088 2297 598690
2348 2288 408099
2008 145 796383
659 2072 882769
1789 1394 530174
675 982 853608
970 2423 477246
1850 505 479005
1719 624 651908
278 1694 813612
331 315 334544
63 1549 567749
56 1590 510498
2347 641 309076
253 1411 967962
823 2106 203068
1210 1465 131696
1996 93 688847
1691 1496 950981
1487 1665 714259
21 1553 852172
1921 2202 530517
2291 548 869268
1241 1210 767133
1368 2087 699725
966 1291 771933
1120 1377 443614
1358 1101 289182
2084 2159 988876
1393 713 975960
113 204 665537
393 969 96286
1595 2495 622827
1337 1860 1449
2283 1041 542593
2134 2117 260107
1878 2142 336113
907 1994 831776
2205 2183 225129
229 2152 434851
1231 1779 982317
1057 767 642104
871 429 771344
907 1231 787989
2446 2201 324253
1267 25 380185
1462 475 218021
1264 696 586110
1077 451 753268
1960 987 369285
934 1603 814526
846 1624 579967
644 2003 912991
1144 2124 867990
1859 1562 695655
1456 1332 921949
658 2247 474688
2379 691 451462
1243 720 644224
2373 2202 316532
1340 366 337947
971 1412 855353
1158 233 73329
1796 1434 307410
24 1416 270730
1072 56 804501
1446 295 838650
2081 1492 391835
2030 1830 697785
2060 1718 182165
304 1107 709828
1647 1949 527735
1403 138 667525
433 1565 661971
1778 83 629661
1673 1684 411697
2225 967 576918
2022 292 626677
318 625 980108
400 1254 213095
1477 308 583591
249 2480 220792
738 1454 329355
1629 497 977043
1483 2296 670541
1232 732 280920
1823 1897 91719
991 1057 932427
491 187 434585
631 802 325383
1784 1804 469450
2006 914 494336
582 2410 410902
971 1104 172128
2350 1686 300618
143 774 385183
334 1703 102444
497 1243 619726
2039 2200 804089
1717 1262 515047
508 1183 728045
2329 1681 337751
1303 528 348337
1949 367 226809
1929 829 573300
1724 1054 486266
768 66 596642
295 1466 580118
1256 1932 53733
1214 2343 964075
1785 1344 271293
1424 177 859859
403 936 386839
1545 1362 277598
2304 2281 121694
473 1996 920618
402 398 216186
899 1707 150268
1313 1257 160568
2001 308 46572
1585 2154 13042
1156 2185 234816
2146 2335 901647
697 1122 934453
2135 884 914604
473 2223 689289
2148 2244 121971
14 1056 536847
900 335 945444
1584 117 917696
1474 811 393168
1216 489 196953
1103 1228 845788
1241 595 674664
2314 12 611636
1042 483 470469
1038 1970 891440
1838 1392 625748
2154 926 70428
287 2041 367295
1207 1147 302210
511 1156 179870
2148 789 512685
1709 1140 322222
551 356 151642
653 492 698417
2411 273 303696
2131 2368 641622
63 1499 62680
703 1004 76765
1156 1807 536529
1399 944 329481
904 1096 942290
1369 1956 326985
1909 1003 630198
2313 1491 851565
257 2269 461900
2045 651 741452
22 2013 436997
1079 75 630992
1020 1359 776984
2497 73 468675
250 583 408016
1162 982 833484
470 1610 661315
887 1726 862004
2154 2197 218851
1236 668 575598
2134 122 585957
729 807 122361
1910 2451 237876
911 2054 973263
1563 1455 535366
1983 2323 116632
710 704 671111
308 1210 475874
1262 1542 218096
1559 876 220251
883 1990 49131
1019 1310 792131
566 149 722897
884 145 628613
1436 1695 58957
976 1794 566538
2325 1967 777372
1322 401 404505
275 639 430646
1193 1528 550892
2359 1087 860622
341 545 711843
1595 1992 262598
632 1874 933206
1374 1479 604159
2344 246 88120
2292 1122 129695
2191 462 556474
136 1847 587506
1378 1408 353809
263 785 764169
1335 1032 145792
146 1039 285066
379 2464 713604
2487 2410 796834
2393 453 696839
849 2420 371124
2079 114 264692
913 2198 362534
1196 735 420365
1583 1465 195601
1241 736 659648
1054 87 312251
2371 1005 25206
339 1902 681194
1887 2486 281121
1769 244 736402
799 176 891857
2439 2485 253611
298 2230 24915
328 1028 125861
1170 1394 63083
2125 1432 721974
715 1719 434680
532 687 638296
1676 53 696052
839 1278 336866
1817 246 829633
116 1057 710530
1515 421 61233
2102 650 402989
125 820 860285
639 1202 278170
174 1766 681913
1511 1646 806439
2491 1904 324405
2398 124 676000
1318 2395 661857
1111 2346 828891
1187 693 902440
330 1366 889403
40 1095 723592
1308 568 480297
2457 830 316508
100 1905 946356
2086 2251 630055
2116 163 271000
2012 1971 989265
1359 754 97967
1334 2075 997242
1826 1403 739712
2250 737 840413
129 4 670992
439 1786 475932
2057 1384 37236
1969 1053 601815
2402 721 2395
1113 669 290982
1986 1288 395790
1471 1864 312618
1060 1361 816251
66 668 334539
1632 1964 193446
811 1699 899242
732 252 936992
2228 893 963461
1206 1939 698070
2075 186 92671
1109 1396 77791
679 16 937875
1751 1759 404872
2482 1550 954157
1910 987 401317
2278 1852 496716
2417 1290 531629
757 1463 915450
869 1526 162805
272 860 52451
609 2337 875447
510 2386 703779
2009 1529 974033
2449 812 408459
942 1649 205583
1724 1547 452164
2369 1428 463622
1203 257 656337
2361 2287 770942
1781 538 739709
559 1368 481335
181 198 276617
973 1104 146716
2232 2311 107955
2484 921 406441
1703 2389 187872
1408 825 884447
1070 2257 313972
797 1783 393365
984 1871 834993
112 1516 288438
1590 1807 741482
877 980 661203
1586 943 472945
712 126 807684
1602 2195 431496
481 121 684178
1810 2340 528492
1383 2394 597866
349 2236 432994
538 591 427207
89 1202 461733
1041 1486 975824
211 904 386215
1930 424 57366
1947 2418 351784
393 1206 480398
2395 2422 523487
774 1587 482579
1579 1050 887102
975 1662 822486
1856 1872 807338
2194 2230 545226
995 2416 794883
1588 1013 210208
3 508 639169
1388 115 473326
2162 1124 620590
2248 2160 849175
1778 1167 975591
2332 1250 116578
421 887 312417
412 2238 346298
683 2065 740194
649 1991 189070
1383 1704 828943
2024 725 585878
1553 2179 861289
1953 1761 437176
2114 884 199976
2047 1840 958382
1247 1675 33494
1543 534 674862
313 464 156304
864 1636 581962
2202 1926 105451
1836 1190 273779
295 320 715455
997 1194 125111
2405 1086 189207
544 2105 462495
1103 1232 576554
93 1283 389489
849 1917 254388
1064 663 821511
2150 290 556043
2021 175 121868
762 424 773790
2148 915 14041
1812 1963 172914
2063 1650 483183
1532 399 486282
1971 1341 889227
2101 109 619514
113 2263 463172
1876 1331 151109
1834 2113 604691
1470 441 58414
2317 2457 573168
1272 423 40760
741 885 516882
2373 1488 122123
127 515 591976
1146 2159 405676
1879 1667 124417
2036 873 546311
2027 2173 352887
343 2203 114681
1193 1437 952092
1304 898 640766
2209 2019 955106
1962 39 560646
277 1988 908336
266 2404 629207
984 363 828709
696 538 949942
1452 1703 841380
698 1060 184246
1919 1858 232309
2369 2391 767629
1941 85 911673
2354 94 503838
1183 2316 264463
1230 2000 760508
460 1100 541486
647 1874 355688
131 106 548043
1995 928 902849
19 2163 841809
320 1152 549306
1965 644 501486
2035 2192 372178
753 314 636064
1998 325 812046
1813 164 180722
1890 1220 428208
133 80 520858
675 2433 688374
2302 1696 553148
549 2353 145109
799 1617 240108
2463 1366 702610
1728 2344 145986
1807 17 181748
656 1425 450864
291 1857 292965
2275 875 863938
1773 1933 643378
599 526 986810
2354 1928 226026
250 7 836552
2113 567 538983
1317 2067 606720
1195 501 184614
154 1942 856342
1274 559 589376
1560 293 492439
2217 1628 23548
861 583 347017
541 61 402368
959 1394 637538
131 11 246788
32 2013 47249
1210 1471 766437
648 1909 80083
248 791 998400
580 1706 133692
1646 2388 993935
1313 414 924441
1527 836 550179
72 84 355784
1543 1805 144878
1016 1828 49511
2044 1173 345098
1710 405 798986
1244 1866 282263
477 1940 199029
826 1860 80627
1555 1132 456419
955 156 318605
1227 1837 209191
1172 524 357216
450 759 846259
1709 1508 417611
473 1106 923517
581 1509 556377
1323 342 550172
757 2229 35108
804 2217 893649
1189 2234 335563
2409 1709 380353
2344 376 166117
2107 1532 193744
735 2243 110564
1906 1229 987449
276 1562 26561
1234 1364 339588
1107 13 884606
2066 1483 255569
1275 1137 259335
10 1626 18061
456 2133 322802
1527 1829 570384
194 2429 127190
227 2329 84176
2395 1751 15049
2126 862 201432
2382 1491 448196
2121 2015 515865
1371 2009 415326
1989 1653 4143
1552 537 922255
840 548 143329
1078 1775 82966
517 1131 335268
1346 862 820576
964 607 801014
346 626 709968
637 1471 194468
281 693 272864
927 133 872450
1139 977 622130
1186 2449 933234
1058 128 837515
1611 949 947515
191 1385 166144
2470 1983 938177
2348 1863 426849
1423 1395 292874
1605 552 981107
1646 280 705111
2144 657 838633
937 1239 567491
1774 1756 177791
254 294 972938
1910 2109 452755
1594 1448 371376
1980 2486 704672
451 1129 288055
1639 474 545899
1613 2117 630435
2470 889 539204
1922 1866 67174
2251 950 782998
2240 2026 642298
582 603 996544
1144 1364 784668
2343 965 591720
62 311 712705
1761 1506 299947
1871 346 792766
2106 841 907589
111 2196 425076
917 2193 24601
930 777 493759
262 118 322953
168 1581 113401
346 276 894448
1732 172 80546
1094 106 358109
168 342 446038
1472 685 549472
320 679 317498
1862 1578 210553
322 285 163006
1666 19 776719
557 659 278562
1433 531 286260
2115 1519 122058
306 2159 591164
1557 640 342398
2201 1473 47170
1006 1041 737433
1118 489 748845
1009 916 165267
1559 354 676178
105 283 253402
1867 743 427282
1070 1149 565992
313 944 184682
814 1086 589520
23 790 12385
320 851 498861
928 903 251274
2095 1388 165412
327 503 924685
1648 1787 669962
1913 41 844065
1952 1692 539036
533 1012 980942
1847 1447 127509
1549 2046 452828
1603 2260 65986
437 378 292993
2309 1799 385870
711 876 414112
579 57 440189
823 395 276082
440 1056 908029
148 375 990166
397 1912 499554
1456 501 524737
1597 1612 996990
890 151 735361
1684 660 272729
1266 472 830078
1296 20 405865
378 178 601795
263 1047 568415
368 2325 185865
610 238 483116
2295 2382 57943
1583 657 6051
1175 2174 137763
716 415 379072
1741 1102 699222
1568 497 837960
2018 234 35372
951 1478 341823
2004 158 627382
120 514 99889
1237 617 23638
718 2449 437834
2063 536 101249
418 2020 321549
731 774 363476
924 2211 25746
748 1716 927551
1884 748 481730
1655 2224 416639
1169 1516 337130
36 612 123060
2122 1945 968385
563 705 450503
1136 1854 726494
640 1184 486106
765 2268 886170
117 855 619728
999 1982 60410
383 929 846414
400 1705 566024
2087 868 232235
1626 87 112631
1920 1293 162431
2227 79 295872
2345 304 978056
1742 1976 206190
1057 161 449116
1555 966 265321
1668 1842 802888
79 1481 893225
2154 2014 965355
1511 92 647404
1196 1746 187590
1592 142 242071
2374 2428 108478
298 452 112847
55 2175 712456
1386 1507 58458
471 176 694252
744 2292 570602
534 1736 886341
985 879 590179
2410 2403 866804
942 704 94211
274 392 83721
1226 235 68974
659 2443 851932
177 103 983192
1185 962 546610
15 1038 282803
247 367 406294
1727 2232 692551
2125 337 189043
1514 561 231249
2301 1157 103112
421 946 666991
2057 1392 499445
997 443 866743
1762 413 782927
391 1598 828035
148 2401 32211
138 659 559319
1931 2234 686816
542 1275 277657
1166 1393 850193
2009 1801 140566
439 2480 773537
2435 89 137873
505 2227 490417
282 677 501283
332 2344 139862
2317 148 391708
2334 2344 466133
961 1529 947725
499 1765 272867
1260 256 472396
153 1084 499647
844 1785 470591
572 629 883284
1011 51 773527
2340 843 977090
2454 1753 545701
766 298 687383
2020 864 981413
1060 2266 424670
1603 2036 72305
728 254 35893
1616 2117 929166
164 362 124973
842 2326 867253
35 2382 414122
411 489 669296
1637 248 711608
1913 1766 202794
2025 3 637989
1847 1942 318428
2036 1933 165255
358 1086 415360
1692 668 471426
1024 1593 347004
1414 2357 284597
1070 1209 417647
931 1477 399736
1647 47 210870
1780 111 195817
571 2482 217185
1501 2300 499346
2277 1334 675961
415 1594 741936
104 2068 813562
2365 1768 268734
677 254 923272
1858 2317 793937
777 1502 629407
15 1028 678594
1348 1606 875728
498 1462 477634
1638 493 866550
235 706 269752
2151 1458 315134
1515 490 331140
1689 242 928835
1513 417 958479
543 1224 387637
370 1895 357005
1609 494 908291
2115 427 753643
356 2472 153017
710 201 890598
494 1457 605783
426 813 60724
537 2478 387521
320 2155 612252
1771 1211 266168
371 911 36727
1140 1963 832305
2391 2371 703665
9 2443 907331
1703 1806 570641
100 2375 985264
2135 1030 273831
883 1968 196646
1651 661 58263
2067 1054 445457
2216 1395 558123
1206 1533 547351
601 828 612605
2275 1290 927247
2167 1134 454762
1591 1360 190604
1898 2226 391607
934 1247 333243
1566 335 443661
1591 2149 617985
2064 1199 162673
1472 365 768806
169 1302 368000
1446 1388 222619
1067 1905 846007
230 2495 456553
559 2078 610197
2133 1711 583845
1461 1959 402970
1836 489 126879
1671 331 28031
1402 486 961852
202 2302 143448
1044 721 976537
2011 6 559210
1851 2219 30373
807 627 478258
725 1430 842557
1822 704 878051
1370 944 744670
2057 212 299619
1884 1105 857981
883 625 263493
740 2467 988701
2477 1169 598337
501 710 55118
1943 1509 37298
382 186 474502
2064 1530 266437
2321 564 674587
2026 1378 18242
1761 167 599163
893 2497 621173
243 1634 38098
240 2448 285738
1335 783 997723
449 1038 977463
413 1898 821975
25 2494 843266
2391 1720 415501
2489 81 600562
2364 1038 642807
573 1245 48617
1490 1392 671368
1415 172 546557
83 50 626213
1846 894 258690
1512 2215 38162
1866 1057 767286
1057 367 664009
522 1278 301133
886 2190 859056
692 424 922222
1910 522 390536
1967 2351 166779
2099 1049 650511
903 4 431780
314 2332 37259
1859 1656 677079
1863 1306 695595
2063 2434 493918
948 1181 261838
2356 663 444475
569 843 350485
2162 2065 419761
1436 1948 81947
1407 207 195620
110 875 360965
1777 1219 288822
644 1231 7517
301 1533 650190
2480 285 764494
2492 1687 883451
1479 502 674592
1546 100 419242
161 2165 920632
1041 1253 560487
1421 159 400719
866 1515 619197
2031 1620 901095
417 1747 826280
2133 1517 473034
2076 490 262091
445 429 367360
1853 831 451842
1322 944 823488
1104 1536 294559
2425 2328 153564
2052 1168 112106
2092 1235 775355
2480 2027 687532
663 2170 27502
219 2192 924350
2377 2132 963698
1940 1801 707562
469 1640 72366
2146 1048 459313
1860 1699 144724
140 1269 230061
1723 1091 577999
1828 1763 669055
686 955 943760
1287 2109 432865
665 1434 342394
1800 1882 38016
871 408 365531
1446 2160 96213
1426 652 151151
2400 349 184807
1432 2064 453254
1512 2230 114011
388 1847 488701
524 1128 402984
823 501 587425
2037 1472 186638
2015 801 583504
1231 1690 697691
565 1510 837379
872 954 594599
599 2083 916385
882 485 181823
1361 265 81315
1287 52 479212
2378 414 349559
2381 1880 716812
1824 278 280322
1690 325 162835
1245 179 504347
268 1327 100347
421 2135 680433
308 211 475014
515 2044 923815
2377 1758 727497
938 530 607533
136 1711 472698
2331 743 133429
599 2147 677608
1443 302 971329
2234 1657 354706
2256 218 521305
1898 2146 305226
1299 369 689889
17 1619 566652
139 263 358745
874 273 838132
1176 1319 212086
2004 325 914846
989 480 682695
1475 2236 19520
1782 2000 466450
643 360 905572
1464 515 159935
42 2372 89651
189 419 800595
1060 1779 641896
2055 1349 151127
265 860 350676
1151 1029 794575
546 811 464416
2090 1122 965622
2116 2135 577006
901 1859 139575
2040 558 202956
4 1408 770490
1197 310 537744
2362 747 105974
1733 719 797589
973 1798 688891
936 1516 632017
2139 172 668551
1446 1930 953652
953 2081 9105
58 933 770990
954 894 473417
2298 176 184081
87 2279 757360
1122 1532 62263
1036 243 34234
1997 715 487447
149 420 325012
1347 1582 724016
2038 2126 772678
261 2332 26935
1390 2209 239950
1516 634 252398
1140 161 490621
1924 2392 603589
2495 1008 864422
1855 1702 860261
2063 1549 356996
2025 531 738847
2052 1297 270778
33 1272 951881
476 2334 255098
2181 407 533520
1709 1414 463456
2478 547 56919
646 1074 295318
332 1665 626220
343 2094 887321
692 947 703750
1246 1537 126716
2330 1646 197289
583 508 800765
1585 1846 488485
813 107 89785
1536 952 52548
1799 25 116792
270 1454 914742
1977 1054 210423
2385 1838 228708
64 1691 397597
84 772 193854
691 45 371218
1495 2257 983769
1204 1786 957457
1970 1674 497244
1380 236 991129
2176 405 169153
405 1300 992117
2354 1147 101540
1140 898 854118
2268 2104 791464
2255 2313 33183
173 1619 557551
1074 1915 962914
280 1590 736903
354 1744 630529
84 2119 996201
1227 1144 893658
1719 1040 819960
2496 1324 898123
308 343 463970
732 1670 900868
1536 2111 705574
689 1881 674355
2028 1135 902057
569 1643 738382
2018 210 389914
1404 2461 402280
801 2081 636770
951 595 266722
1113 1803 131620
2407 1932 422303
2302 2255 72376
2381 2407 225482
706 300 6411
236 514 505265
1281 2334 286590
2186 1104 564311
2063 2090 806263
2413 2229 949509
557 1667 971077
308 2334 742044
2419 2125 967674
220 2002 741256
102 1494 202961
424 994 700886
482 1900 766810
606 2246 957394
582 1722 393037
2167 2350 478485
319 1793 844791
2040 1326 521086
1481 1538 138452
142 259 721304
2136 1485 818407
1760 307 842380
1402 881 309191
355 1420 455478
684 972 127790
1467 1868 433114
2101 2282 291426
96 1348 619385
108 543 568893
527 459 727567
430 1046 273889
1224 2422 617018
2017 37 963602
798 2012 753770
1182 2184 549883
1066 884 8266
1750 113 157827
237 571 752464
662 2328 169551
1524 1387 930461
1396 204 79957
2136 1265 559047
1255 545 928843
1324 2262 352523
682 2180 448791
1970 368 549964
730 1684 687614
776 1443 560025
981 811 557868
935 342 107471
1192 739 281644
2269 673 599788
714 905 644572
883 1092 962100
45 1391 958828
2366 1150 341996
144 164 110848
2236 1792 970886
570 1937 917783
82 2113 156265
635 304 211171
479 1045 409357
942 1018 640914
2225 1347 654121
1484 2125 697546
1516 354 306670
1851 982 576103
1864 695 547664
576 1102 941639
1406 1678 109308
1175 2134 339884
1878 476 637181
588 1623 598193
527 2040 167895
1158 1664 140937
1147 1240 444507
1414 1263 934665
55 136 905354
1971 44 916142
2415 2282 413720
1536 2209 660864
1664 884 39085
462 555 67140
1182 2247 171900
2492 710 559002
387 2359 861976
2186 1001 939551
2072 1672 846419
2383 1998 103094
2462 622 33271
945 44 143688
2127 185 479842
2107 2483 668757
791 2097 827442
1034 2138 380377
1814 1883 307116
1683 2308 304997
199 1807 323222
814 755 213717
1445 2070 503390
2472 1620 582979
1229 2171 661790
507 563 404095
176 1510 793192
1953 1569 397252
2207 91 920945
710 1340 163346
2396 334 232079
707 1550 734447
2497 595 406763
774 1210 128265
2181 788 890182
577 2072 698308
880 1879 107567
1590 710 259304
2334 1408 505352
1953 1628 165583
503 1641 100196
1095 1569 364001
81 453 433102
534 1562 719050
1267 819 197557
973 37 188997
415 263 254683
355 769 940921
611 2141 959125
1112 2201 778589
2392 1031 519436
494 538 784850
1892 1935 744451
1647 1069 326973
7 1268 2290
1970 29 635961
2192 1533 306597
1562 1327 279566
2182 1347 112330
1225 2151 862174
970 2116 61705
2166 293 85006
1034 1033 856765
1971 1790 960983
224 1393 520906
1513 62 650829
353 180 776638
2161 999 245303
30 916 528351
2109 631 795451
926 1844 290518
939 1991 697821
1613 1795 287220
1305 2004 333974
2014 1229 211325
709 1621 295022
907 27 479009
1519 1699 697053
2134 821 264349
352 1033 12568
849 693 766181
482 1210 447418
422 723 706159
1038 91 828733
1104 486 453661
273 2058 356967
777 424 167508
2442 559 387815
563 1801 178249
2220 972 231202
2273 932 30954
757 1002 839932
2264 101 564914
1223 498 55261
1766 501 46707
1535 2352 659226
1202 1021 443116
2010 55 561812
814 918 486855
146 1630 229991
1699 1037 16526
885 220 565485
1260 2135 360440
1701 1504 784255
2337 1430 28428
2264 152 949866
923 856 304422
1482 1588 723898
706 1876 760967
526 1907 449535
1018 997 635023
1258 1858 664378
1011 1829 410573
2143 2028 450928
1538 792 362304
2045 1788 509146
2118 583 597266
1532 993 652974
605 1485 726985
608 2013 120654
2492 100 523390
817 1866 819290
1957 1634 515508
354 6 792387
758 154 912646
1512 835 768954
882 82 748122
189 525 406691
2422 2402 327218
916 588 86341
1564 750 446570
1849 2132 862235
180 2032 712381
263 340 47124
1277 2231 100590
507 1 1539
1641 1569 511457
1523 952 146176
79 2179 985777
138 2033 116702
2232 2117 461396
575 121 429192
1059 96 769034
333 958 685583
1309 1975 238311
2422 478 751149
221 2453 747099
1444 1795 909245
2471 538 778122
1408 652 643346
535 2382 705438
2422 1171 680069
1341 587 151079
1548 200 480995
171 1160 860273
1708 869 692822
630 933 397718
2458 362 88157
563 1122 897433
1745 701 72997
1713 1352 737964
2408 1393 852572
2418 815 28523
425 253 949476
2327 2199 71649
18 759 173680
1165 2354 197494
1336 2488 918496
1552 2334 99818
312 1464 658498
2431 1437 6451
137 2380 615143
2235 1660 866329
43 2305 426498
2292 2050 441280
623 1050 104268
888 1099 550332
1611 1041 501587
2266 1389 571900
290 1351 843158
493 407 629625
588 1641 93061
1162 241 103580
921 1618 201419
2464 1089 520090
2120 2034 805149
1262 550 876390
47 2358 26229
2241 1627 615330
1894 996 691861
1720 1718 663011
712 1232 9527
1941 1122 379405
672 319 785434
1079 1516 828148
1281 2482 984311
231 2429 817689
136 533 239881
1740 1208 457524
1391 1936 568390
780 422 546128
1414 2225 928792
2061 1861 661085
950 1289 669044
870 2387 670292
2390 1463 317674
1206 1688 103162
980 364 232131
1121 1529 303337
1347 2250 914021
1661 1503 441193
652 1169 438538
503 1117 135082
1769 355 268323
1486 1974 433455
1311 1327 64591
479 834 814845
1953 1119 120005
142 774 367659
1886 899 489634
1101 1343 924176
1699 1816 959364
1031 1783 81456
2473 1587 733083
757 2337 159212
1873 95 91381
822 2142 490186
793 1359 902162
1347 1164 562373
427 2450 36312
733 1156 214945
83 2428 100546
2068 1923 393826
2227 2073 824147
1742 2253 138179
2229 1645 150833
541 1195 267931
132 2067 565149
1314 902 905421
1820 2141 424237
1987 2011 971939
2325 88 449371
2210 2220 125312
2049 1990 62284
1128 2349 889045
1176 2274 99754
470 297 281379
1213 663 700913
1856 2090 489934
1282 385 552620
176 1416 550679
222 1903 538743
534 367 825762
1679 1342 222098
1225 2253 402106
2128 1025 610828
2289 2469 225716
582 632 207462
2232 1151 447557
285 1057 558134
869 1876 218198
1729 1336 375445
1865 916 100387
834 808 728067
928 43 517367
1033 561 189650
1238 2259 771471
1278 1140 812194
853 548 172458
169 668 506581
1042 147 864008
2057 1993 663895
989 518 625728
130 1322 486327
1547 1601 186014
983 280 496941
2042 1484 573314
1197 529 535448
1422 10 358070
1407 1888 566614
1927 670 14183
2067 1958 318072
2083 586 542065
1205 1167 32086
2444 200 480813
2421 919 560587
1291 1431 704840
1962 428 875080
816 1035 190999
849 1100 817894
1690 2301 811496
2239 136 459910
157 333 705768
1410 486 166924
295 1899 280502
2399 896 752818
2045 1186 227669
1874 128 772092
747 1685 716243
1114 2118 61809
188 1539 502261
1149 470 355200
971 2491 784265
2345 1133 183272
2319 1145 409147
111 2345 608431
1145 2157 739253
1779 939 112120
2090 337 289731
2051 881 147412
69 2067 706642
2493 344 628981
289 2368 54442
481 1659 959176
140 425 213170
664 2205 452801
796 1925 450669
1210 1288 92953
674 61 752885
221 1801 352338
1552 1966 593124
1445 620 745500
1273 1715 179713
1930 2389 673064
1042 1767 449148
2063 1653 315863
434 2269 471368
1050 873 147706
1526 2222 558828
2469 545 422416
578 1358 660699
473 1328 174351
1616 1969 642252
1473 2422 387993
2025 2338 27722
1175 828 748523
1559 2103 689657
829 2041 616029
1682 1080 866300
2090 1648 378928
742 399 522139
2392 1870 262133
2002 431 189941
2361 715 107315
309 1394 111433
313 168 701895
1702 361 51592
421 1953 316137
1408 1909 789602
359 362 287416
381 1835 512959
1703 1061 942058
1376 1523 514137
67 2340 72246
785 832 178158
1370 350 140846
1036 697 519046
1050 717 717442
1666 180 34985
1281 1065 89094
1955 1990 163661
1945 749 97736
2077 1497 668833
1454 1541 176915
343 1024 969041
1214 2316 966938
223 1408 396164
2057 1497 181443
917 619 400439
2059 455 262452
1615 1057 115362
2397 799 543944
476 559 344865
71 984 610829
1397 887 70882
161 1108 605856
1015 1748 412274
1569 2345 614673
1912 2212 614575
1181 1091 706381
883 1139 249874
2365 1286 115829
1510 2418 193435
1484 2113 22549
1059 971 335473
2108 1770 788356
556 693 129665
136 1624 52767
1151 2100 491753
1233 501 749802
2224 448 699420
1443 1236 576008
1445 1836 195842
523 871 88954
575 1745 76037
2207 678 951985
1091 2317 609848
905 497 581065
165 336 239306
102 610 484854
1472 1504 33075
1952 1140 972168
509 2429 569508
2278 1378 906436
1241 1308 283665
1483 1834 945506
1442 2132 2483
612 2234 465541
261 703 680768
459 196 439238
1119 2320 563227
883 78 466244
1090 604 133570
1687 1809 908327
756 1400 778025
1543 806 977274
2178 693 106961
91 1404 361245
2045 1503 364450
679 450 101043
1150 911 328262
325 356 793358
1280 1757 455296
1234 1342 264396
484 1227 56587
264 690 850511
833 1773 107651
1898 1174 884864
2224 2160 824106
5 1674 929907
430 331 466513
1038 1497 621422
1115 1804 707948
407 2364 629282
1100 1120 630398
285 734 697908
216 662 661969
422 757 957884
696 2211 460354
383 1690 295360
722 1179 211428
176 2359 372699
608 1574 231338
374 1286 882179
1359 1692 819321
622 1629 381644
2184 1614 102595
1941 1022 86884
744 1110 315755
654 1201 47689
1529 1062 834800
548 2215 448
26 681 144481
1099 702 191800
1938 433 824059
1332 1576 958672
1532 39 11506
821 2306 326806
653 1766 626634
704 2415 649137
1480 918 161293
1416 429 381896
476 549 4973
906 1020 762840
770 794 864533
557 1569 31022
1096 2436 791805
2216 1100 295767
1827 2151 18893
2275 1057 655998
2298 2430 674570
1919 2258 841607
678 1739 122920
1294 1366 305698
639 378 549843
1237 206 609430
392 678 62059
99 519 850255
627 347 105175
774 447 280994
923 1699 719950
850 255 348517
1419 980 822389
597 2073 305017
387 920 11341
1571 177 78890
2016 1674 689651
1446 1140 795170
345 1193 27339
1625 2390 362619
344 2037 12533
0 0
0 0
0 0
0 0
0 0
0 0
0 0
0 0
0 0
0 0
0 0
0 0
0 0
0 0
0 0
0 0
0 0
0 0
0 0
0 0
0 0
0 0
0 0
0 0
0 0
0 0
0 0
0 0
0 0
0 0
0 0
0 0
0 0
0 0
0 0
1 0
0 0
0 0
0 0
0 0
0 0
0 0
1 0
0 0
0 0
0 0
0 0
0 0
0 0
0 0
1 0
0 0
0 0
0 0
0 0
0 0
0 0
0 0
1 0
0 0
0 0
0 0
0 0
0 0
1 0
0 0
0 0
0 0
0 0
0 0
0 0
0 0
0 0
0 0
0 0
0 0
0 0
0 0
0 0
0 0
0 0
0 0
0 0
0 0
0 0
0 0
1 0
0 0
0 0
0 0
0 0
0 0
0 0
0 0
0 0
0 0
0 0
0 0
0 0
0 0
0 0
0 0
0 0
0 0
0 0
0 0
0 0
0 0
0 0
0 0
0 0
0 0
0 0
0 0
0 0
0 0
0 0
0 0
0 0
0 0
0 0
1 0
0 0
0 0
0 0
0 0
0 0
0 0
0 0
0 0
0 0
0 0
0 0
0 0
0 0
0 0
1 0
0 0
0 0
0 0
0 0
0 0
0 0
0 0
0 0
0 0
0 0
0 0
0 0
0 0
0 0
1 0
0 0
0 0
0 0
0 0
0 0
0 0
0 0
0 0
0 0
0 0
0 0
0 0
0 0
0 0
0 0
0 0
0 0
0 0
0 0
0 0
0 0
0 0
0 0
0 0
0 0
0 0
0 0
0 0
0 0
1 0
0 0
0 0
0 0
0 0
0 0
0 0
0 0
0 0
0 0
0 0
0 0
0 0
0 0
0 0
0 0
0 0
0 0
0 0
0 0
0 0
0 0
0 0
0 0
0 0
0 0
0 0
0 0
0 0
0 0
0 0
0 0
0 0
0 0
0 0
0 0
0 0
0 0
0 0
0 0
0 0
0 0
0 0
0 0
1 0
0 0
0 0
0 0
0 0
0 0
0 0
0 0
0 0
0 0
0 0
0 0
0 0
0 0
0 0
0 0
0 0
0 0
0 0
1 0
0 0
0 0
0 0
0 0
1 0
0 0
0 0
0 0
0 0
0 0
0 0
0 0
0 0
0 0
0 0
0 0
0 0
0 0
0 0
0 0
0 0
0 0
0 0
0 0
0 0
0 0
0 0
0 0
0 0
0 0
1 0
0 0
0 0
0 0
0 0
0 0
0 0
0 0
0 0
0 0
0 0
0 0
0 0
0 0
0 0
0 0
0 0
0 0
0 0
0 0
0 0
0 0
0 0
0 0
0 0
0 0
0 0
1 0
0 0
0 0
0 0
0 0
0 0
0 0
0 0
0 0
0 0
0 0
0 0
0 0
0 0
0 0
0 0
0 0
0 0
0 0
0 0
0 0
0 0
0 0
0 0
0 0
0 0
0 0
0 0
0 0
0 0
0 0
0 0
0 0
0 0
0 0
0 0
0 0
0 0
0 0
0 0
0 0
0 0
0 0
0 0
0 0
0 0
0 0
0 0
0 0
0 0
0 0
0 0
0 0
1 0
0 0
0 0
0 0
0 0
0 0
0 0
0 0
0 0
0 0
0 0
0 0
0 0
0 0
0 0
0 0
0 0
0 0
1 0
0 0
0 0
0 0
0 0
0 0
0 0
0 0
0 0
0 0
0 0
0 0
0 0
0 0
0 0
0 0
0 0
0 0
0 0
0 0
0 0
0 0
0 0
0 0
0 0
0 0
0 0
0 0
0 0
0 0
0 0
0 0
0 0
0 0
0 0
0 0
0 0
0 0
1 0
0 0
0 0
0 0
0 0
0 0
0 0
0 0
0 0
0 0
0 0
1 0
0 0
0 0
0 0
0 0
0 0
0 0
0 0
0 0
0 0
0 0
0 0
0 0
0 0
0 0
0 0
0 0
0 0
0 0
1 0
0 0
0 0
0 0
0 0
0 0
0 0
0 0
0 0
0 0
0 0
0 0
0 0
0 0
0 0
0 0
0 0
0 0
1 0
0 0
0 0
0 0
0 0
0 0
0 0
0 0
0 0
0 0
0 0
0 0
0 0
0 0
0 0
0 0
0 0
0 0
0 0
0 0
0 0
0 0
0 0
0 0
0 0
0 0
0 0
0 0
0 0
0 0
0 0
0 0
0 0
1 0
0 0
0 0
0 0
0 0
0 0
0 0
0 0
0 0
0 0
0 0
0 0
0 0
0 0
0 0
0 0
0 0
0 0
0 0
0 0
0 0
0 0
0 0
0 0
0 0
0 0
0 0
0 0
0 0
0 0
0 0
0 0
0 0
0 0
0 0
0 0
0 0
0 0
0 0
0 0
0 0
0 0
0 0
0 0
0 0
0 0
1 0
0 0
0 0
1 0
0 0
0 0
0 0
0 0
0 0
0 0
0 0
0 0
0 0
1 0
0 0
0 0
0 0
0 0
0 0
0 0
0 0
0 0
0 0
1 0
0 0
1 0
0 0
0 0
0 0
0 0
0 0
0 0
0 0
0 0
0 0
0 0
0 0
0 0
0 0
0 0
0 0
0 0
0 0
0 0
1 0
0 0
0 0
0 0
0 0
0 0
0 0
0 0
0 0
0 0
0 0
1 0
0 0
0 0
0 0
0 0
0 0
0 0
0 0
0 0
0 0
0 0
0 0
0 0
0 0
0 0
0 0
0 0
0 0
0 0
0 0
0 0
0 0
0 0
0 0
0 0
0 0
0 0
0 0
0 0
0 0
0 0
0 0
0 0
0 0
0 0
0 0
0 0
0 0
0 0
0 0
0 0
0 0
0 0
0 0
0 0
0 0
0 0
1 0
0 0
0 0
0 0
1 0
0 0
0 0
0 0
0 0
0 0
0 0
0 0
0 0
0 0
0 0
0 0
0 0
0 0
0 0
0 0
0 0
1 0
0 0
0 0
0 0
0 0
0 0
0 0
0 0
0 0
0 0
0 0
0 0
0 0
0 0
0 0
0 0
0 0
0 0
0 0
0 0
0 0
0 0
0 0
0 0
0 0
0 0
0 0
0 0
0 0
0 0
0 0
0 0
0 0
0 0
0 0
0 0
0 0
1 0
0 0
0 0
0 0
0 0
0 0
0 0
0 0
0 0
0 0
1 0
0 0
0 0
0 0
0 0
0 0
0 0
0 0
0 0
0 0
0 0
0 0
0 0
0 0
0 0
1 0
0 0
0 0
0 0
0 0
0 0
0 0
0 0
0 0
0 0
0 0
0 0
0 0
0 0
0 0
0 0
0 0
0 0
0 0
0 0
0 0
0 0
0 0
0 0
0 0
0 0
0 0
0 0
0 0
0 0
0 0
0 0
0 0
0 0
0 0
0 0
0 0
0 0
0 0
0 0
0 0
1 0
1 0
0 0
0 0
0 0
0 0
0 0
0 0
0 0
0 0
0 0
0 0
0 0
0 0
0 0
0 0
0 0
0 0
0 0
0 0
0 0
0 0
0 0
0 0
0 0
0 0
0 0
0 0
0 0
0 0
0 0
0 0
0 0
0 0
0 0
0 0
0 0
0 0
0 0
0 0
0 0
0 0
1 0
0 0
0 0
0 0
1 0
0 0
0 0
0 0
0 0
0 0
0 0
0 0
0 0
0 0
0 0
0 0
0 0
0 0
0 0
0 0
0 0
0 0
0 0
0 0
0 0
0 0
0 0
0 0
0 0
0 0
0 0
0 0
0 0
0 0
0 0
0 0
0 0
0 0
0 0
0 0
0 0
0 0
0 0
0 0
0 0
0 0
0 0
0 0
0 0
0 0
0 0
0 0
0 0
0 0
0 0
0 0
0 0
0 0
0 0
0 0
0 0
0 0
0 0
0 0
0 0
0 0
0 0
0 0
0 0
0 0
0 0
0 0
0 0
0 0
0 0
0 0
0 0
0 0
0 0
0 0
0 0
0 0
0 0
0 0
0 0
0 0
0 0
0 0
0 0
0 0
0 0
0 0
0 0
0 0
0 0
0 0
0 0
0 0
0 0
1 0
0 0
0 0
0 0
0 0
0 0
0 0
0 0
0 0
0 0
0 0
0 0
0 0
0 0
0 0
0 0
1 0
0 0
0 0
0 0
0 0
0 0
0 0
1 0
0 0
0 0
0 0
0 0
0 0
0 0
0 0
0 0
0 0
0 0
0 0
0 0
0 0
0 0
0 0
0 0
0 0
1 0
0 0
1 0
1 0
0 0
0 0
0 0
0 0
0 0
0 0
0 0
0 0
0 0
0 0
0 0
0 0
0 0
0 0
0 0
0 0
0 0
0 0
0 0
0 0
0 0
0 0
0 0
0 0
0 0
0 0
0 0
0 0
0 0
0 0
0 0
0 0
0 0
0 0
0 0
0 0
0 0
0 0
0 0
0 0
0 0
0 0
0 0
0 0
0 0
0 0
0 0
0 0
0 0
0 0
0 0
0 0
0 0
0 0
0 0
0 0
0 0
0 0
0 0
0 0
0 0
0 0
0 0
0 0
0 0
0 0
0 0
0 1
0 0
0 0
0 0
0 0
0 0
0 0
0 0
0 0
0 0
0 0
0 0
0 0
0 0
0 0
0 0
0 0
0 0
0 0
0 0
0 0
0 0
0 0
0 0
0 0
0 0
0 0
0 0
0 0
0 0
0 0
0 0
0 0
0 0
0 0
0 0
0 0
0 0
0 0
0 0
0 0
0 0
0 0
0 0
0 0
0 0
0 0
0 0
0 0
0 0
0 0
0 0
0 0
0 0
0 0
0 0
0 0
0 0
0 0
0 0
0 0
0 0
0 0
0 0
0 0
0 0
0 0
0 0
0 0
0 0
0 0
0 0
0 0
0 0
1 0
0 0
0 0
1 0
0 0
0 0
0 0
0 0
0 0
0 0
0 0
0 0
0 0
0 0
0 0
0 0
0 0
0 0
0 0
0 0
0 0
0 0
0 0
0 0
0 0
0 0
0 0
0 0
0 0
0 0
0 0
0 0
0 0
0 0
0 0
0 0
0 0
0 0
0 0
1 0
0 0
0 0
0 0
0 0
0 0
0 0
0 0
0 0
0 0
0 0
0 0
0 0
0 0
0 0
0 0
0 0
0 0
0 0
0 0
0 0
0 0
0 0
0 0
0 0
0 0
0 0
0 0
0 0
1 0
0 0
0 0
0 0
0 0
0 0
0 0
0 0
0 0
0 0
0 0
0 0
0 0
0 0
0 0
0 0
0 0
0 0
0 0
0 0
0 0
0 0
0 0
0 0
0 0
0 0
0 0
0 0
0 0
0 0
0 0
0 0
0 0
0 0
0 0
0 0
0 0
0 0
0 0
0 0
0 0
0 0
0 0
0 0
0 0
0 0
0 0
0 0
0 0
0 0
0 0
0 0
0 0
0 0
0 0
0 0
0 0
0 0
0 0
0 0
0 0
0 0
0 0
0 0
0 0
0 0
0 0
0 0
0 0
0 0
0 0
0 0
0 0
0 0
0 0
0 0
0 0
0 0
0 0
0 0
0 0
0 0
0 0
0 0
0 0
0 0
0 0
0 0
0 0
0 0
0 0
0 0
0 0
0 0
0 0
0 0
0 0
0 0
0 0
0 0
0 0
0 0
0 0
0 0
0 0
0 0
0 0
0 0
0 0
0 0
0 0
0 0
0 0
0 0
0 0
0 0
0 0
0 0
0 0
0 0
0 0
0 0
0 0
1 0
0 0
0 0
0 0
0 0
0 0
0 0
0 0
0 0
0 0
0 0
0 0
0 0
0 0
0 0
0 0
0 0
0 0
0 0
0 0
0 0
0 0
0 0
0 0
0 0
0 0
0 0
0 0
0 0
0 0
0 0
0 0
0 0
0 0
0 0
0 0
0 0
0 0
1 0
0 0
0 0
0 0
0 0
0 0
0 0
0 0
0 0
0 0
0 0
0 0
0 0
0 0
0 0
0 0
0 0
0 0
0 0
0 0
0 0
0 0
0 0
0 0
0 0
0 0
1 0
0 0
0 0
0 0
0 0
1 0
0 0
0 0
0 0
0 0
0 0
0 0
0 0
0 0
0 0
0 0
0 0
0 0
0 0
0 0
1 0
0 0
0 0
0 0
0 0
0 0
0 0
0 0
0 0
0 0
0 0
0 0
0 0
0 0
0 0
0 0
0 0
0 0
0 0
0 0
0 0
0 0
0 0
0 0
0 0
0 0
0 0
0 0
0 0
0 0
0 0
0 0
0 0
0 0
0 0
0 0
0 0
0 0
0 0
0 0
0 0
0 0
0 0
0 0
0 0
0 0
0 0
1 0
0 0
0 0
0 0
0 0
0 0
0 0
0 0
0 0
0 0
0 0
0 0
0 0
0 0
0 0
0 0
0 0
0 0
0 0
0 0
0 0
0 0
0 0
0 0
0 0
0 0
0 0
0 0
0 0
0 0
0 0
0 0
0 0
0 0
0 0
0 0
0 0
0 0
0 0
0 0
0 0
0 0
0 0
0 0
0 0
0 0
0 0
0 0
0 0
0 0
0 0
0 0
0 0
0 0
0 0
0 0
0 0
0 0
0 0
0 0
0 0
0 0
0 0
1 0
0 0
0 0
0 0
0 0
0 0
0 0
0 0
0 0
0 0
0 0
0 0
0 0
0 0
0 0
0 0
0 0
0 0
0 0
0 0
0 0
0 0
0 0
0 0
0 0
0 0
0 0
0 0
0 0
0 0
0 0
0 0
0 0
0 0
0 0
0 0
0 0
0 0
1 0
0 0
0 0
0 0
0 0
0 0
0 0
0 0
0 0
0 0
0 0
0 0
0 0
0 0
0 0
0 0
0 0
0 0
1 0
0 0
0 0
0 0
0 0
0 0
0 0
0 0
0 0
0 0
0 0
0 0
0 0
0 0
0 0
0 0
0 0
0 0
0 0
0 0
0 0
0 0
0 0
0 0
0 0
0 0
0 0
0 0
0 0
0 0
0 0
0 0
0 0
0 0
0 0
0 0
0 0
0 0
0 0
0 0
0 0
0 0
0 0
0 0
0 0
0 0
0 0
0 0
0 0
0 0
0 0
0 0
0 0
0 0
0 0
0 0
0 0
0 0
0 0
0 0
0 0
0 0
0 0
0 0
0 0
0 0
0 0
0 0
0 0
0 0
0 0
0 0
0 0
0 0
0 0
0 0
0 0
0 0
1 0
0 0
0 0
0 0
0 0
0 0
0 0
0 0
0 0
0 0
0 0
0 0
0 0
0 0
0 0
0 0
0 0
0 0
0 0
0 0
1 0
0 0
0 0
0 0
0 0
0 0
0 0
0 0
0 0
0 0
0 0
0 0
0 0
0 0
0 0
0 0
0 0
0 0
0 0
0 0
1 0
0 0
0 0
0 0
0 0
0 0
0 0
0 0
0 0
0 0
0 0
0 0
0 0
0 0
0 0
0 0
0 0
0 0
0 0
0 0
0 0
0 0
0 0
0 0
0 0
0 0
0 0
0 0
0 0
0 0
1 0
0 0
0 0
0 0
1 0
0 0
0 0
0 0
0 0
0 0
0 0
0 0
0 0
0 0
0 0
0 0
0 0
0 0
0 0
0 0
0 0
1 0
0 0
0 0
0 0
0 0
0 0
0 0
0 0
0 0
0 0
0 0
0 0
0 0
1 0
0 0
0 0
0 0
0 0
0 0
0 0
0 0
0 0
0 0
0 0
0 0
0 0
0 0
0 0
0 0
0 0
1 0
0 0
0 0
0 0
0 0
0 0
0 0
0 0
0 0
0 0
0 0
0 0
0 0
0 0
0 0
0 0
0 0
0 0
0 0
0 0
0 0
0 0
1 0
0 0
0 0
1 0
0 0
0 0
0 0
0 0
0 0
0 0
0 0
0 0
0 0
0 0
0 0
0 0
0 0
0 0
0 0
0 0
0 0
0 0
0 0
0 0
1 0
0 0
0 0
0 0
0 0
0 0
0 0
0 0
0 0
0 0
0 0
0 0
0 0
0 0
0 0
0 0
0 0
0 0
0 0
0 0
0 0
1 0
0 0
0 0
0 0
0 0
0 0
0 0
0 0
0 0
0 0
0 1
0 0
0 0
0 0
0 0
0 0
1 0
0 0
0 0
0 0
0 0
0 0
0 0
0 0
0 0
0 0
0 0
0 0
0 0
0 0
0 0
0 0
0 0
0 0
0 0
0 0
0 0
0 0
0 0
0 0
0 0
0 0
0 0
0 0
0 0
0 0
0 0
0 0
0 0
0 0
0 0
0 0
0 0
0 0
0 0
0 0
1 0
0 0
0 0
0 0
0 0
0 0
0 0
0 0
1 0
0 0
0 0
0 0
0 0
0 0
0 0
0 0
0 0
0 0
0 0
0 0
0 0
0 0
0 0
0 0
0 0
0 0
0 0
0 0
0 0
0 0
0 0
0 0
0 0
0 0
1 0
0 0
0 0
0 0
0 0
0 0
0 0
0 0
1 0
0 0
1 0
0 0
0 0
0 0
0 0
0 0
0 0
0 0
0 0
0 0
0 0
0 0
0 0
0 0
0 0
0 0
0 0
0 0
0 0
0 0
0 0
0 0
0 0
0 0
0 0
0 0
0 0
0 0
0 0
0 0
0 0
0 0
0 0
0 0
0 0
0 0
0 0
0 0
0 0
0 0
0 0
0 0
1 0
0 0
0 0
0 0
0 0
0 0
0 0
0 0
0 0
0 0
0 0
1 0
0 0
0 0
0 0
0 0
0 0
0 0
0 0
0 0
0 0
0 0
0 0
0 0
0 0
0 0
0 0
0 0
0 0
0 0
1 0
0 0
0 0
0 0
0 0
0 0
0 0
0 0
0 0
0 0
0 0
0 0
0 0
0 0
0 0
0 0
0 0
0 0
0 0
0 0
0 0
0 0
0 0
0 0
0 0
0 0
0 0
0 0
0 0
0 0
0 0
0 0
0 0
0 0
1 0
0 0
0 0
0 0
0 0
0 0
0 0
0 0
0 0
0 0
0 0
0 0
0 0
0 0
0 0
0 0
0 0
0 0
0 0
0 0
0 0
0 0
0 0
0 0
0 0
0 0
0 0
0 0
0 0
0 0
0 0
0 0
0 0
0 0
0 0
0 0
1 0
0 0
0 0
0 0
0 0
0 0
0 0
0 0
0 0
0 0
0 0
0 0
0 0
0 0
0 0
0 0
0 0
0 0
0 0
0 0
0 0
0 0
0 0
0 0
0 0
1 0
0 0
0 0
0 0
0 0
0 0
0 0
0 0
0 0
0 0
0 0
0 0
0 0
0 0
0 0
0 0
0 0
0 0
0 0
0 0
0 0
0 0
0 0
0 0
0 0
0 0
0 0
0 0
0 0
1 0
0 0
0 0
0 0
0 0
0 0
0 0
0 0
0 0
0 0
0 0
0 0
0 0
0 0
0 0
0 0
0 0
0 0
0 0
0 0
0 0
0 0
0 0
0 0
0 0
1 0
0 0
0 0
0 0
0 0
0 0
0 0
0 0
0 0
0 0
0 0
0 0
0 0
0 0
0 0
0 0
0 0
0 0
0 0
0 0
0 0
0 0
0 0
0 0
0 0
0 0
0 0
0 0
0 0
0 0
0 0
0 0
0 0
0 0
0 0
0 0
0 0
0 0
0 0
0 0
0 0
0 0
0 0
0 0
0 0
0 0
0 0
0 0
0 0
0 0
0 0
0 0
0 0
0 0
0 0
0 0
0 0
0 0
0 0
0 0
0 0
0 0
0 0
0 0
0 0
0 0
0 0
0 0
0 0
0 0
0 0
0 0
0 0
0 0
0 0
1 0
0 0
0 0
1 0
1 0
0 0
0 0
0 0
0 0
0 0
0 0
0 0
0 0
0 0
0 0
0 0
0 0
0 0
0 0
0 0
0 0
0 0
0 0
0 0
0 0
0 0
0 0
0 0
0 0
0 0
0 0
0 0
0 0
0 0
0 0
1 0
0 0
0 0
0 0
0 0
0 0
0 0
0 0
0 0
0 0
0 0
0 0
0 0
0 0
0 0
0 0
0 0
0 0
0 0
0 0
0 0
0 0
0 0
0 0
0 0
0 0
0 0
0 0
0 0
0 0
0 0
0 0
0 0
0 0
0 0
0 0
0 0
0 0
0 0
0 0
0 0
0 0
0 0
0 0
0 0
0 0
0 0
0 0
0 0
0 0
0 0
0 0
0 0
0 0
0 0
0 0
0 0
0 0
0 0
0 0
0 0
0 0
0 0
0 0
1 0
0 0
0 0
0 0
0 0
0 0
1 0
0 0
0 0
0 0
0 0
0 0
0 0
0 0
1 0
0 0
0 0
0 0
1 0
0 0
0 0
0 0
0 0
0 0
0 0
0 0
0 0
0 0
0 0
0 0
0 0
0 0
0 0
0 0
0 0
0 0
0 0
0 0
0 0
0 0
0 0
0 0
0 0
0 0
1 0
0 0
0 0
0 0
0 0
0 0
0 0
0 0
0 0
0 0
0 0
0 0
0 0
0 0
0 0
0 0
0 0
1 0
0 0
0 0
0 0
0 0
1 0
0 0
0 0
0 0
0 0
0 0
0 0
0 0
0 0
0 0
0 0
0 0
0 0
0 0
0 0
0 0
0 0
0 0
0 0
0 0
0 0
0 0
0 0
0 0
0 0
0 0
0 0
0 0
0 0
0 0
0 0
0 0
0 0
0 0
0 0
0 0
0 0
0 0
0 0
0 0
0 0
0 0
0 0
0 0
0 0
0 0
0 0
0 0
0 0
0 0
0 0
0 0
1 0
0 0
1 0
0 0
0 0
0 0
0 0
0 0
0 0
0 0
0 0
0 0
0 0
0 0
0 0
0 0
0 0
0 0
0 0
0 0
0 0
0 0
0 0
0 0
0 0
0 0
0 0
0 0
0 0
0 0
0 0
1 0
0 0
0 0
0 0
0 0
0 0
0 0
0 0
0 0
0 0
0 0
0 0
0 0
0 0
0 0
0 0
0 0
0 0
0 0
0 0
0 0
0 0
0 0
0 0
0 0
0 0
0 0
1 0
0 0
0 0
0 0
0 0
0 0
0 0
0 0
0 1
0 0
0 0
0 0
0 0
0 0
0 0
0 0
0 0
0 0
0 0
1 0
0 0
0 0
0 0
0 0
0 0
0 0
0 0
0 0
0 0
0 0
0 0
