680
220 21 550690
561 276 230508
213 597 896542
341 308 756138
97 128 381343
63 90 112585
135 451 277195
668 612 889049
604 399 445823
135 468 964576
337 139 491988
76 247 403907
400 391 187281
157 443 974752
635 111 19124
380 663 539909
234 32 196897
555 501 824291
145 129 289974
206 33 164041
22 441 278930
279 152 387413
171 516 581739
382 319 610279
462 562 960054
485 608 352991
396 2 236198
210 234 207348
449 59 535637
324 412 847110
128 9 922932
409 210 517558
295 626 602714
61 479 868306
285 411 541096
81 121 532181
42 643 323874
304 7 311349
172 510 146841
346 243 858381
42 50 297964
466 301 881087
269 345 448678
317 652 705165
576 604 620095
52 360 830538
304 117 335302
186 446 518649
454 54 347885
445 273 682482
457 197 717790
623 397 883519
525 302 306523
308 209 667488
472 502 175268
571 412 576554
578 468 526352
541 566 459379
121 487 695684
297 361 346937
2 162 419577
295 588 957776
646 393 65688
407 156 336032
390 66 562500
523 64 425488
496 643 24521
564 325 740732
245 105 396085
521 88 377618
626 520 29564
91 312 442601
559 77 983776
3 256 981502
501 109 789356
1 558 119754
534 299 935575
296 174 262753
631 435 777762
411 255 788301
476 160 550191
588 349 368155
456 401 972334
94 667 450810
35 596 309289
468 400 159159
88 533 103825
580 652 406428
422 509 960635
454 153 656226
541 218 632921
182 225 969683
605 197 82117
446 555 61757
622 457 230042
332 556 858609
35 23 488688
296 395 135169
94 118 278333
588 498 615207
199 75 807371
48 257 469494
382 181 276081
267 173 301814
191 318 966302
504 585 587784
81 344 505652
280 255 788629
615 252 418295
203 175 375602
305 395 499030
358 660 975638
488 407 274353
192 279 970631
363 460 626501
431 620 240513
120 298 444907
648 194 55290
26 494 534250
224 524 389688
487 261 930440
117 478 209481
404 569 652340
605 557 312142
406 154 517579
203 475 916072
91 281 483559
25 362 560570
495 221 868131
25 384 100747
468 10 449622
214 94 642161
652 434 200353
165 289 774623
115 142 271021
33 211 692215
427 227 239989
246 130 972921
205 443 102329
656 506 975333
583 555 701030
371 493 263095
71 275 656482
396 391 218813
437 10 889949
179 118 953809
417 94 662662
467 618 504151
279 180 825167
115 158 743631
563 285 53607
442 378 194639
253 104 804010
32 581 911632
307 129 276370
507 579 243106
35 163 668249
118 297 93774
509 278 535233
415 411 524791
87 300 852492
638 265 666661
448 519 790376
561 121 634433
653 44 504834
230 121 480592
11 106 927037
377 185 877588
121 678 455406
239 70 260459
295 298 945676
275 1 857809
489 626 677694
204 473 346660
200 488 885213
549 505 213371
94 458 688939
286 400 160094
592 356 748719
394 443 25271
376 558 270364
671 463 571816
585 243 132912
638 570 251024
9 85 107732
429 91 138404
647 34 818925
99 276 20951
72 411 260919
359 125 62310
500 550 108568
196 467 99766
47 544 682905
462 272 880282
542 432 214658
60 391 387964
343 365 110558
655 549 571616
647 143 184491
472 442 607455
53 326 462994
536 567 610144
286 323 763573
55 563 91534
255 290 455852
642 448 507739
675 442 501747
149 302 83787
461 423 776652
515 28 735520
125 20 998696
211 110 633903
370 443 359568
651 109 10122
221 51 82411
673 619 737020
311 217 323234
379 646 514958
626 123 104643
363 302 422277
420 583 417872
497 524 698780
432 220 458225
279 317 763588
644 88 829986
659 484 292788
341 627 721651
636 84 601490
218 297 76612
609 536 550043
218 308 397873
462 507 335171
95 537 345840
617 146 266286
45 330 114249
117 530 795122
415 606 597300
644 475 707935
112 387 566452
547 397 149436
534 611 975479
633 375 42586
293 440 264848
210 69 623216
629 195 692976
539 435 417804
250 99 106796
595 417 984209
340 408 902742
291 87 74168
454 215 968367
459 497 642605
116 56 329193
226 118 474269
166 115 968683
52 434 267569
18 486 560730
89 88 144512
273 67 659660
117 527 602928
569 282 920038
583 573 932809
235 404 243044
490 328 664954
38 94 981646
50 388 936559
467 454 315953
630 396 833608
353 336 113696
216 62 770225
484 121 104452
650 329 855656
644 574 108686
582 338 924023
117 121 60380
182 613 910025
30 474 213687
623 497 661312
511 368 687859
517 263 170031
185 647 612289
443 32 491806
75 129 225345
601 470 540475
631 184 405119
304 614 833221
296 674 388136
111 629 293423
568 504 755414
485 190 258306
62 491 330984
120 212 143350
103 22 847065
67 180 114148
68 355 409451
52 27 331673
351 415 437571
431 345 167513
429 237 747786
150 72 352588
347 476 594247
52 271 583347
639 576 259889
584 539 176095
6 540 902535
220 173 726938
128 620 308950
30 64 693867
56 272 183355
433 240 458393
123 560 323647
537 151 489226
132 341 899375
426 127 372494
403 667 779515
598 142 751738
572 52 201800
223 1 729432
173 662 117238
244 430 264032
279 283 779427
169 342 850531
516 286 15521
447 127 595247
663 176 203599
338 483 621545
386 451 232704
295 148 3134
54 124 592379
299 161 299821
400 313 364720
476 96 39496
407 626 702433
636 503 598023
106 284 669747
548 266 593823
636 388 304547
658 647 81146
621 575 897238
117 366 168826
508 127 125968
51 339 491912
239 390 674854
640 423 615880
323 268 821818
461 647 431414
313 57 602966
17 400 226143
590 677 977905
106 330 665305
625 511 324142
46 425 407965
373 207 97954
480 55 458442
119 468 832541
590 632 389019
540 460 708133
86 437 201871
17 33 894135
45 567 871232
546 143 244194
470 19 869305
597 608 467383
161 406 73289
177 262 993781
83 253 448059
287 569 697973
105 33 521135
554 168 732786
508 589 373553
130 644 594145
608 65 519774
326 121 915385
203 669 942303
671 441 454828
260 88 918490
529 66 531428
355 415 403027
463 325 142041
230 553 57472
482 484 528392
220 117 223826
105 634 636134
558 541 178844
348 340 107943
558 477 875256
122 111 35173
615 475 140399
46 591 585811
297 58 973037
147 122 150087
44 327 461481
132 374 196393
625 133 100528
380 111 855911
369 623 679884
469 679 802064
152 13 747616
641 85 853592
396 603 319430
383 536 329419
468 254 784125
44 148 675803
286 444 100958
262 419 563450
526 279 296123
448 25 715946
248 455 495035
138 388 519542
94 228 413580
78 468 88664
655 350 25623
252 294 53771
447 33 266430
222 82 833024
674 82 977525
355 375 289700
363 387 514364
549 32 934239
636 61 847443
118 303 939227
345 165 346051
134 62 752110
394 554 913248
340 320 763212
72 8 537606
499 314 537389
381 463 876837
491 236 44030
462 41 272727
295 502 908476
26 17 448666
183 199 728274
427 193 530402
431 402 421514
138 441 994335
187 676 2239
491 439 304
81 658 499156
3 295 803375
315 282 926986
497 323 877624
356 615 879778
36 581 861077
433 676 719160
559 47 758470
548 92 218404
277 67 965228
555 646 527141
522 218 202899
152 545 234863
582 148 66571
146 135 915520
242 606 480809
637 381 667812
639 367 352813
626 430 167573
427 291 100359
670 273 480847
105 446 658854
604 672 284799
335 481 888639
397 587 108183
619 466 289896
118 76 827482
535 679 466340
49 560 495722
384 319 81564
161 333 654900
460 32 990085
472 511 464634
265 654 522861
391 677 819038
199 295 502953
324 186 797814
414 226 33019
295 155 277894
173 335 323960
221 422 187567
319 680 608466
164 565 203903
664 418 293345
297 33 254400
650 620 898308
490 371 841744
178 203 375978
640 12 159035
220 569 952642
134 135 184845
646 440 670808
121 543 726505
359 31 597651
380 233 865014
296 28 172428
197 32 633409
332 167 907274
170 100 509070
137 234 342574
658 51 435927
100 45 366163
210 121 283594
229 426 982302
417 594 94320
322 413 352465
539 676 741099
512 462 747465
334 448 178781
534 258 544038
331 487 852162
590 599 288298
126 590 695457
528 543 962399
552 431 613712
114 271 377744
621 526 134377
358 132 550233
29 228 270223
612 6 581825
372 517 531493
179 310 789398
295 470 755510
615 436 958679
639 24 639899
424 61 697924
297 606 139591
5 575 56038
156 208 839342
413 33 447914
467 98 402623
105 18 285099
470 314 669426
465 376 960597
28 608 408270
565 451 326591
309 598 774809
648 33 435526
583 665 981254
552 352 731000
570 113 342660
280 373 257289
36 551 416676
303 48 295834
105 111 415925
293 79 502878
628 569 899521
179 337 2446
626 141 415327
666 423 895175
91 492 844521
111 131 545201
17 169 267664
398 39 195030
115 64 227565
579 217 177094
215 471 735286
148 142 525085
90 388 513391
531 327 326497
353 538 425104
32 47 536230
249 476 683534
107 388 800354
50 189 62530
51 251 863712
535 20 431769
465 288 798898
57 416 969617
144 465 922961
45 33 515185
332 239 239783
516 392 855286
243 169 26597
143 343 763275
295 136 661650
340 526 955164
349 593 740494
661 616 66580
451 227 949059
102 586 465282
17 384 378567
384 401 467247
302 316 684907
14 512 523137
608 582 766749
15 653 58647
418 650 635272
372 576 273361
159 150 556589
264 144 701875
277 354 65286
333 405 471172
111 266 989842
32 602 359799
295 600 650081
558 262 553245
514 468 108436
40 618 97438
216 649 811745
272 476 15690
212 231 289023
17 650 864892
265 210 44743
105 390 926203
661 577 656946
475 272 38150
438 411 505158
57 80 80830
582 317 625487
45 385 571552
532 455 660633
389 425 203171
43 179 336943
69 357 398209
148 161 528752
613 171 784584
467 179 269727
330 537 125235
28 645 100094
169 20 205232
507 607 465154
657 567 469710
540 550 323918
619 125 648680
232 304 644491
172 541 522794
552 410 850712
102 515 401233
233 661 746370
180 188 860968
259 658 476390
453 205 488459
2 676 634519
513 670 685187
117 295 871539
576 88 533899
64 59 757935
66 219 573241
44 16 769847
295 400 465416
2 398 211592
140 203 837923
253 28 295949
644 468 726780
371 558 461367
33 388 768820
558 428 52158
93 617 864853
279 73 929895
35 44 24094
74 213 150238
123 108 374079
292 438 992768
213 274 972759
266 306 765669
591 549 33747
469 101 886415
72 464 717128
413 241 977826
37 588 291778
202 106 266734
364 552 114188
258 624 988146
450 387 433092
255 452 822148
270 432 275844
472 4 413484
476 198 676413
410 610 494783
502 91 680331
451 238 699509
644 336 36464
626 455 62224
518 390 710933
204 608 838435
201 656 466711
656 220 676323
656 321 90257
421 20 42000
386 318 446227
0 0
0 1
1 0
1 0
0 0
0 0
0 0
0 0
0 0
0 0
0 0
0 0
1 0
0 0
0 0
0 0
0 0
0 0
0 0
0 0
0 1
0 0
1 0
0 0
1 0
0 0
0 0
1 0
0 0
1 1
0 0
0 0
0 0
0 0
0 0
0 0
0 1
0 1
0 0
0 0
0 0
0 0
0 1
0 0
1 0
0 0
0 0
0 0
0 0
1 0
0 0
0 0
0 0
1 0
0 0
0 0
0 0
0 0
0 0
0 0
0 0
0 0
1 0
0 0
0 0
0 0
1 0
1 0
1 0
0 0
0 0
1 1
1 0
0 0
0 0
0 0
1 0
0 0
0 0
1 0
0 0
0 0
0 0
0 0
0 0
0 0
0 0
0 1
0 0
0 0
0 0
0 0
0 0
0 0
0 1
0 0
0 0
0 0
0 0
0 0
0 0
1 0
0 0
0 0
0 0
0 0
0 0
0 0
0 0
0 0
0 0
0 0
0 0
0 0
1 0
1 0
0 0
0 0
0 1
0 1
0 0
0 0
0 1
0 0
0 1
0 0
0 0
0 0
0 0
0 0
1 0
0 0
0 0
0 1
0 1
0 0
0 0
0 0
1 0
0 0
0 0
1 1
0 0
0 0
0 0
0 0
0 0
0 0
0 1
0 0
0 0
0 0
0 1
1 0
0 0
0 0
0 0
0 0
0 0
0 0
1 0
0 0
0 0
0 0
0 1
0 0
0 0
0 1
0 0
0 0
0 0
1 0
0 0
1 0
0 1
0 0
0 0
0 0
0 0
0 0
0 0
0 0
0 0
0 0
0 0
0 0
0 0
1 0
0 1
0 0
0 0
1 0
1 1
0 0
0 1
0 0
0 0
0 0
0 0
0 1
0 0
0 0
0 0
1 0
1 1
0 0
0 0
0 0
0 0
0 0
0 0
0 1
0 0
0 0
0 0
0 0
0 0
0 0
1 0
0 0
0 0
0 0
0 0
0 1
0 0
0 0
0 0
0 0
0 0
0 0
0 0
0 0
0 0
0 0
0 0
0 0
0 0
0 0
0 0
0 0
1 0
0 0
0 0
0 0
0 0
0 0
0 0
1 1
0 0
0 0
0 1
0 0
0 0
0 0
0 0
0 0
0 0
0 0
0 0
1 0
0 0
1 0
1 0
0 0
0 0
0 0
0 0
1 0
0 0
1 0
0 0
1 0
0 0
0 1
0 0
0 0
0 0
0 0
0 0
0 0
0 0
0 0
0 0
0 0
0 0
0 0
1 0
0 0
0 1
1 0
0 0
0 0
0 0
0 0
0 0
1 0
0 0
0 0
0 0
0 0
0 0
0 0
0 0
0 1
0 0
1 0
0 0
0 0
0 0
0 0
0 1
0 0
0 0
0 0
0 0
0 0
0 0
0 1
1 1
0 0
0 0
0 0
0 0
0 0
0 0
0 0
0 0
0 0
0 0
0 0
0 0
0 0
0 0
0 0
0 0
0 0
1 0
0 0
0 0
0 0
0 0
0 0
0 1
0 0
0 0
0 0
1 0
0 0
0 1
1 0
1 0
0 0
0 1
0 0
0 0
0 0
0 0
0 0
0 0
0 0
0 0
1 0
0 0
0 0
0 0
0 0
0 1
0 1
1 0
0 0
0 0
0 0
0 0
0 0
0 0
0 0
0 0
1 0
0 0
0 1
0 0
0 1
0 0
0 0
0 0
0 0
0 0
0 0
0 0
0 0
1 0
0 0
0 0
0 1
0 0
0 0
0 0
0 0
0 0
0 0
0 0
1 1
0 0
0 0
0 1
0 0
0 0
0 0
0 0
0 0
0 0
0 0
0 0
0 0
0 0
0 0
0 0
0 0
0 1
0 0
0 0
0 0
0 0
0 0
0 0
1 0
0 1
0 1
0 0
0 0
0 1
0 0
0 0
0 0
1 0
0 0
0 0
0 1
0 0
0 0
0 0
1 0
0 0
0 0
1 0
0 1
0 0
0 0
0 0
0 0
0 0
0 0
0 0
0 0
0 0
0 0
0 0
0 0
0 0
0 0
1 0
0 0
0 0
1 0
1 0
0 0
0 1
0 1
0 0
0 0
0 0
0 0
0 0
0 0
0 0
0 0
0 0
0 0
0 0
1 0
0 0
1 0
0 0
0 0
0 0
0 0
0 0
0 0
0 0
0 0
0 0
0 0
0 0
0 0
1 0
0 0
0 0
0 0
0 0
0 0
0 0
0 0
0 0
0 0
1 0
0 0
0 0
0 0
0 0
0 0
0 0
0 0
1 0
0 0
0 0
0 0
0 0
0 0
0 0
0 0
0 0
0 0
0 0
0 0
0 0
0 0
0 0
0 0
0 1
0 0
0 0
0 0
0 0
0 0
1 0
0 0
0 0
0 0
0 0
1 0
0 0
1 0
0 0
0 0
1 0
0 0
0 0
0 0
0 0
0 0
0 0
0 0
1 0
1 0
0 1
0 0
0 0
0 1
0 0
0 0
1 0
0 0
0 0
1 0
0 0
0 1
1 0
0 0
0 0
0 0
0 0
0 0
0 0
0 0
0 0
0 0
0 0
0 0
0 0
0 0
0 0
0 0
0 0
0 0
0 0
0 0
0 0
0 0
0 0
0 0
0 0
0 0
0 0
0 0
0 0
0 0
1 0
0 0
0 0
1 0
0 0
0 0
0 0
0 0
0 0
0 0
0 0
0 0
0 0
0 1
0 0
0 0
0 0
1 0
0 0
0 0
0 0
0 0
0 0
0 0
0 0
0 0
0 0
1 0
0 0
0 0
0 0
0 0
0 0
0 0
0 0
0 0
0 0
0 0
0 0
1 0
0 0
0 0
0 0
0 0
0 0
0 1
0 0
0 0
0 1
0 0
0 0
0 0
0 0
0 0
0 0
0 0
0 0
1 0
0 0
0 1
0 0
0 0
0 0
0 1
0 0
0 0
0 0
0 0
0 0
0 0
0 0
0 0
0 0
0 0
1 0
0 0
1 0
0 0
0 1
0 1
1 0
1 0
0 0
0 0
