1000
930 370 374067
907 467 834490
113 381 671197
677 167 96930
246 460 832621
653 880 303046
351 163 945469
44 942 963840
668 281 11045
144 759 301971
21 506 680399
104 184 128097
410 392 580959
596 716 181054
626 84 897210
977 125 276005
909 770 719624
242 281 991801
540 3 115567
600 434 957710
453 118 62599
812 817 240712
195 760 482896
942 94 761048
695 509 382102
798 942 952964
436 85 643953
139 523 805534
237 239 89381
619 910 673048
555 678 940908
151 387 774217
462 195 575897
316 743 567703
193 800 371100
506 738 672354
304 956 335222
178 962 958116
279 989 666671
712 795 828409
771 399 298532
983 134 143977
137 704 862431
379 907 200099
968 265 452449
299 890 454752
793 661 338549
658 467 86591
820 653 994986
135 325 638612
564 204 212408
123 479 832486
748 736 256734
502 828 882097
873 7 26116
75 147 488529
370 865 8229
904 725 783483
169 652 98366
738 603 855174
771 18 373078
518 399 976874
270 704 55246
897 787 142422
309 986 234108
684 458 449019
664 206 91999
884 431 543199
957 885 72104
952 990 788488
334 998 168505
484 337 939218
975 642 425872
731 9 80096
943 142 222632
752 996 591404
295 221 761547
541 903 307334
14 269 664445
295 559 383374
537 963 747140
495 267 377771
749 913 630247
342 313 220574
130 374 862616
911 409 833273
937 340 802429
528 991 724205
773 198 11541
854 444 268889
630 427 255921
765 927 862584
634 505 977625
942 754 350610
546 86 652375
878 155 56972
705 354 599078
548 324 755004
887 723 872063
4 164 964378
473 840 500990
771 527 282150
329 554 602843
278 38 48069
728 40 810653
950 969 881258
556 67 726305
412 343 116744
904 180 430109
15 130 345997
321 779 234040
752 501 481997
745 706 354062
285 186 95145
680 58 245281
520 129 477154
149 836 406227
6 59 566039
437 17 765656
11 437 623451
554 612 480121
422 958 675585
307 857 764900
392 863 426706
350 287 776034
759 215 793843
59 958 208374
906 599 875894
373 926 545543
668 102 821263
490 694 579616
386 100 537093
729 762 574070
843 215 994911
8 877 749943
274 613 465089
149 675 155773
919 178 952839
553 947 449353
64 161 632032
208 779 668598
95 664 268163
837 615 218065
268 661 472110
493 686 664150
782 769 70782
335 207 108140
558 621 745960
515 262 743710
368 255 54638
750 885 391935
295 488 272770
170 843 176751
763 945 501084
804 360 121504
67 703 884193
848 581 591693
551 30 699775
728 446 329114
6 179 606067
322 121 981609
120 211 753381
890 337 317427
631 941 288309
563 970 756561
923 591 103843
251 597 862672
254 332 728907
397 36 602219
738 823 698229
453 666 912160
968 699 546526
243 207 251127
67 748 346312
872 792 450889
461 29 606207
457 627 661931
215 578 522244
269 267 375278
956 526 73196
849 980 669851
979 306 313038
929 437 553649
908 841 88296
592 698 304637
56 522 428645
145 224 885296
511 121 237000
424 842 254174
219 414 265717
719 609 568393
233 930 653910
623 743 747862
370 941 242383
235 265 19410
776 212 771330
981 851 8967
351 252 738133
59 539 642662
376 402 267538
885 430 645655
405 539 680445
789 551 187703
154 855 700075
482 757 17107
565 383 179642
59 531 354067
626 987 848526
421 180 42409
660 134 257771
503 557 406486
365 226 783781
545 613 146170
920 487 10771
366 53 381045
205 741 252480
214 915 974489
305 280 590353
665 992 366720
929 381 636771
452 690 805274
530 976 485677
566 243 682668
61 936 293972
935 341 425109
389 403 819597
334 627 613546
759 66 279750
532 150 641641
429 745 581250
823 913 568827
458 822 82088
565 273 283005
111 491 738209
592 739 511922
781 460 549902
871 997 224096
456 636 992887
195 801 402483
174 752 148190
919 784 354952
433 4 691889
782 643 571162
319 671 760915
425 40 294861
492 58 268191
135 76 208597
126 969 439705
991 158 55421
655 632 174029
402 223 585597
619 22 884537
333 586 308564
353 531 232806
652 823 164281
351 416 54990
83 13 865132
965 155 36784
449 175 267572
990 375 198150
685 206 172566
708 399 942471
571 6 332969
203 136 905467
325 220 76440
893 832 472083
182 963 836129
651 657 504431
718 575 234042
634 749 372091
675 355 150934
320 762 466610
723 449 723013
207 984 485061
167 215 333796
468 516 553016
616 803 665902
693 555 403875
243 629 394012
906 201 903611
263 3 421539
90 927 681543
722 637 248664
363 823 435064
853 590 955913
637 798 913731
929 921 266937
501 493 639263
466 839 916438
671 214 980533
588 241 840238
732 547 272945
105 73 61737
967 702 21361
472 6 18863
455 969 958903
411 281 817016
961 641 730773
184 889 342771
960 768 64736
59 58 489341
438 265 921881
269 717 391510
844 924 262577
59 215 234523
269 176 74531
812 56 809360
570 666 97250
24 75 540646
260 93 843196
638 826 559934
956 503 32614
769 753 958895
383 851 475332
839 662 961925
488 544 633052
334 264 67588
464 280 240245
129 933 665131
335 893 283396
597 209 262282
782 91 974412
59 894 221754
883 621 459089
941 217 706624
867 573 354611
820 968 137085
1000 872 192561
51 43 183313
330 666 430348
588 426 757014
963 401 629205
977 8 651035
842 672 316403
986 474 372270
557 363 215818
525 681 474076
133 886 738895
305 327 294594
65 813 974580
441 183 16618
676 820 300477
374 393 749118
143 946 766034
357 490 709985
5 944 110371
489 392 776132
866 27 807952
782 781 125376
785 597 259682
539 678 756855
492 97 164899
936 133 698432
592 146 443111
760 906 618128
786 283 26946
956 103 295936
356 214 304799
283 181 853163
427 588 10186
5 127 299917
777 677 546498
387 894 376483
678 766 535917
579 998 511506
791 322 32206
152 141 303801
445 446 15642
382 336 133600
776 645 511608
872 3 909146
174 227 902824
774 336 382327
285 923 282837
652 283 827510
412 480 314988
673 352 929930
970 683 236177
494 364 248637
38 36 840973
866 472 84042
819 134 544854
98 801 102985
609 990 906425
917 468 535599
403 60 504663
649 310 472937
729 640 682529
223 394 164164
918 211 123456
653 756 774740
529 70 635450
241 576 332632
256 289 527433
74 668 160070
153 463 374114
247 955 274287
763 522 148305
766 543 995813
842 848 646559
428 810 505465
380 967 492508
115 374 591411
940 12 382720
117 250 173105
34 190 263598
277 467 977322
184 408 652513
314 166 287024
364 31 440276
920 598 97405
889 911 207556
572 529 249707
398 941 781666
105 967 959644
601 624 776931
664 499 612149
524 678 476214
858 473 477177
67 339 991837
727 245 397812
600 712 598125
422 878 187185
327 46 234141
685 841 979637
20 67 437653
991 383 488805
266 535 965084
134 916 33771
577 939 500382
836 444 724029
314 752 491227
185 654 579453
52 89 572440
458 976 859076
750 483 223263
653 741 336063
399 936 664723
483 860 621080
889 689 513807
23 488 573279
997 627 194109
439 549 629371
685 415 316945
372 121 454997
956 346 689260
981 758 610990
331 693 31554
493 309 664277
722 721 763424
521 703 684621
332 685 296591
749 744 357128
901 19 60282
294 287 860176
107 602 95275
808 926 41899
619 561 528240
395 782 481279
536 362 850763
258 904 695214
910 167 115300
378 573 236859
567 564 12998
162 292 783550
149 834 424486
610 66 312162
321 424 521557
810 153 198741
187 62 647496
652 534 188629
551 658 525073
244 470 548504
787 134 418149
181 838 414847
236 616 482410
229 338 841636
267 508 932616
633 399 777266
820 489 495980
211 764 754737
866 25 545336
4 658 674245
485 583 252538
607 742 681433
347 713 964604
498 624 675506
385 138 100589
948 945 59339
873 845 770144
520 79 336703
502 525 100597
856 984 366613
661 305 289535
635 888 11528
465 886 737396
876 227 222330
172 294 865865
923 945 382327
361 586 285910
605 309 534787
398 16 933821
538 377 256540
453 613 950654
87 75 102201
265 641 790063
485 400 489701
167 71 649944
649 188 956575
37 984 32895
820 59 241343
891 573 250718
618 833 85725
54 677 392950
142 619 751336
260 770 48163
992 197 445724
473 26 496415
493 593 49095
41 105 534493
121 482 684216
15 688 106549
443 527 731565
269 588 62932
676 108 728673
701 744 172593
385 514 898820
328 671 982742
597 588 56243
134 667 968947
295 836 570902
409 608 610053
512 987 515443
882 191 235239
765 895 586238
87 640 232183
687 391 610637
633 538 477072
396 849 127926
677 723 63044
594 610 668533
418 730 375668
870 438 175297
32 115 68247
881 941 734100
157 437 555470
785 347 87006
192 412 837977
974 96 788340
297 598 199689
410 512 842946
218 782 161381
351 873 803306
925 941 828488
651 781 694806
119 199 820533
647 439 127167
671 237 447041
752 491 554610
924 571 50354
388 938 585185
116 751 110062
194 583 771344
682 309 307342
810 364 537605
529 318 450611
162 308 971606
651 519 866837
128 57 766794
496 889 222494
584 434 103206
771 462 341289
809 570 755579
63 472 49187
165 262 819969
222 652 631600
230 141 738067
472 8 626398
800 751 722403
224 843 101797
439 460 473474
313 697 673261
348 440 680750
933 692 736341
169 475 268124
758 733 425494
553 477 34565
473 225 118053
18 668 71464
38 879 133034
345 632 815835
363 710 845640
678 80 55350
643 276 579662
259 82 922128
466 518 70462
351 34 750217
179 247 357031
827 236 316523
469 635 911212
471 821 84910
100 424 955976
560 959 619840
694 820 942320
41 580 790323
28 600 615438
116 99 872689
364 300 160057
724 162 933113
50 86 738493
247 815 937528
265 286 767193
249 983 69029
140 96 151413
214 431 250299
55 540 970197
788 583 915681
849 861 971033
740 401 549256
279 551 259526
288 392 505056
97 367 945734
230 712 336039
767 784 338486
899 243 878211
527 6 640744
476 109 885932
790 173 536185
315 723 81215
52 533 856863
933 851 782925
283 772 183072
206 171 785935
88 823 266829
669 498 100159
413 811 191119
707 36 917669
638 658 15662
439 658 791697
364 541 39210
933 90 947476
32 914 1997
585 943 120593
223 124 821071
13 420 258482
305 589 49672
904 195 537696
181 569 772714
612 380 935903
846 728 175171
475 92 82248
981 574 673979
470 910 52196
116 167 769974
298 953 76490
833 640 30150
62 317 5488
500 993 406428
728 211 603031
395 275 844239
868 932 421783
184 59 935621
216 590 643004
388 689 799459
432 281 264228
247 284 131319
349 709 889973
859 523 379094
12 169 527640
442 663 302411
12 406 958250
909 720 660797
607 269 397410
62 173 122521
831 702 294723
820 361 894655
468 761 377020
493 847 708687
778 531 571313
512 337 631633
407 559 515478
800 926 698366
366 214 600951
237 49 863970
535 411 742877
624 502 249070
128 824 15292
379 639 697568
679 66 977091
797 211 445845
520 447 303199
949 899 537373
690 475 203478
942 611 732945
934 971 270556
656 187 126681
386 250 643880
33 387 707834
480 451 418856
667 959 889772
527 604 254535
210 350 895563
110 920 565060
471 758 715231
479 426 929569
2 897 363018
184 970 17927
530 295 429337
510 430 179153
472 532 28898
614 343 559562
358 549 268444
131 335 496976
189 780 480976
653 617 580784
375 371 110267
162 176 542292
75 583 621495
910 784 115310
888 149 682204
726 248 14153
843 477 793997
866 774 978315
784 294 286186
631 229 418318
797 735 639878
744 567 470661
438 898 697672
805 302 917301
453 768 432522
587 639 65746
318 138 333401
819 862 64969
312 501 231740
458 775 324325
405 352 741509
69 964 991868
497 892 403259
362 864 275190
726 821 160352
241 623 520879
314 293 671385
401 737 741253
915 253 991878
991 324 64055
456 260 156637
436 762 483539
842 609 254189
622 983 993988
945 120 761490
502 18 432574
231 711 689492
59 664 38502
687 956 427326
515 806 298546
983 323 523549
837 718 420609
255 158 327314
951 423 80342
462 305 336766
546 530 776293
132 473 790548
963 874 16142
755 38 841043
189 322 47015
404 8 844793
42 759 621881
334 342 420381
973 452 659738
340 24 490425
399 9 468087
551 650 294058
352 922 725258
181 223 83260
228 234 973265
467 625 466347
403 689 429778
859 823 42093
597 666 334333
23 344 972400
332 796 2018
775 161 377286
711 374 384181
869 493 800631
984 911 678076
459 10 518553
72 941 821380
497 752 583912
588 994 950333
752 461 384940
897 384 119899
106 486 705858
818 335 657235
896 682 28299
648 971 147436
359 379 889265
27 912 334242
412 176 289702
954 609 96920
321 219 278692
463 45 414091
454 692 470212
437 820 609853
424 67 814811
968 200 753998
301 861 516486
119 557 600091
392 864 456276
640 951 2997
112 823 765243
228 741 1623
806 905 332589
27 507 437408
419 784 570638
616 306 261678
652 62 342025
399 43 162924
177 174 427590
380 999 382711
840 588 365665
882 917 991205
457 489 526955
996 214 653549
481 704 364971
937 504 467803
121 240 839680
695 6 301071
811 36 321642
914 665 343614
283 804 272805
129 696 774312
160 983 797411
933 792 943417
413 202 226363
169 632 500104
236 794 979186
589 568 506881
546 1 115307
781 996 5722
134 71 333325
501 311 126842
526 78 975654
968 13 377976
466 902 166391
571 121 222277
167 842 843232
441 467 86728
704 176 450175
58 588 381994
217 716 388975
900 854 301268
430 262 889758
233 417 874301
203 179 484929
128 897 1693
747 236 386250
222 38 23962
828 257 72799
512 28 175549
549 807 639878
932 144 227439
38 82 394413
848 674 640102
283 550 377015
995 457 553828
592 917 420545
778 245 650501
307 62 179595
856 196 831717
562 649 437527
459 777 515481
825 170 994648
296 465 185679
351 206 974082
132 861 339338
215 853 275404
272 135 613419
685 978 429998
279 552 547107
198 166 791968
282 5 89353
558 983 956029
995 691 522813
692 830 781006
99 390 832850
47 279 220642
967 534 558659
583 48 920475
959 478 799086
502 486 138268
771 941 24867
387 933 737903
77 395 599839
39 916 408158
816 684 491264
899 369 247879
120 842 412636
135 659 353172
302 387 372234
571 855 322680
320 714 385412
946 867 586117
85 81 758610
653 810 721111
969 910 917499
65 751 728822
718 969 273049
931 893 97003
866 290 150976
326 363 536184
890 122 221636
583 303 255558
602 783 504321
133 730 602422
628 142 259258
685 156 114341
977 374 984774
268 928 621443
289 586 239751
592 437 333783
261 609 718283
232 87 132319
176 101 45680
983 185 380570
243 644 767184
316 814 871597
779 238 217167
794 619 655793
168 505 252234
620 836 630745
131 159 699666
90 953 705216
450 173 478245
829 919 944175
705 335 185563
335 942 907949
734 288 340560
59 439 895176
953 700 302291
405 920 99245
993 531 225202
389 975 90996
874 314 130698
68 879 680207
442 100 5001
135 771 927126
89 518 88740
877 648 905457
91 517 475351
617 147 317684
843 649 643939
988 972 564758
383 985 782250
448 252 403441
212 856 284734
972 2 670365
782 213 506230
670 276 468655
974 111 508147
121 348 52563
634 875 492516
602 583 250516
148 915 644733
362 606 180944
968 706 38307
864 582 297347
534 6 724258
861 547 215800
934 114 354742
69 294 107398
207 349 154629
746 661 665762
277 435 55473
850 657 330490
671 127 799628
901 488 109469
513 813 395443
636 364 389751
489 430 65012
715 298 676609
58 573 585672
488 247 334620
28 109 352412
815 271 849139
348 226 686010
802 667 379331
588 291 250649
35 152 50553
138 966 695859
835 753 902443
337 646 796797
759 982 303982
609 577 404598
341 308 748766
799 682 297129
572 116 89280
542 539 915681
631 852 709080
595 6 490669
0 1
0 0
0 0
0 0
0 0
0 1
0 0
0 0
0 0
0 0
0 0
0 0
0 1
0 1
0 0
0 0
0 0
0 0
10 0
0 0
0 0
0 0
0 1
0 0
0 0
0 0
0 0
0 0
0 0
10 0
0 0
0 0
0 0
0 0
0 1
0 0
0 0
0 0
0 0
0 0
0 0
0 0
0 2
0 0
0 0
0 0
0 0
10 0
0 0
0 0
0 1
0 0
0 0
0 0
0 0
10 0
0 0
0 0
0 1
0 0
0 0
0 0
0 0
0 0
0 0
0 1
10 0
0 0
0 0
0 0
0 0
0 1
0 0
0 0
0 0
0 0
0 0
0 0
0 0
0 0
0 0
0 0
0 0
0 1
0 2
0 0
0 0
0 0
0 0
0 0
0 0
0 0
0 0
0 0
0 0
0 0
0 0
0 0
0 0
0 0
0 1
0 1
0 0
0 0
20 0
0 0
0 0
0 0
0 0
0 0
0 0
0 0
0 0
0 0
0 0
0 0
0 0
0 0
0 0
0 0
0 0
0 0
0 0
0 0
0 0
0 0
0 1
0 0
0 0
0 0
0 0
0 0
0 1
0 0
0 0
0 0
0 0
0 1
0 0
0 0
0 2
0 1
0 1
0 0
0 0
0 1
0 0
0 1
0 0
0 0
0 0
0 0
0 1
0 0
0 1
0 0
0 0
0 1
0 0
0 0
0 0
0 1
0 0
0 0
0 0
0 0
0 0
0 0
0 0
0 1
0 0
0 1
10 0
0 1
0 0
0 1
0 0
0 0
0 0
0 1
0 0
0 0
0 0
0 0
0 1
0 0
0 0
0 1
0 0
0 0
0 0
0 0
0 0
0 1
0 0
0 1
0 0
0 0
0 0
0 0
0 0
0 1
0 0
0 1
0 0
0 0
0 0
0 0
0 0
0 0
0 0
0 0
0 0
0 0
0 0
0 0
0 0
10 0
0 1
0 1
0 0
0 0
0 0
0 0
0 0
0 0
0 1
0 0
0 0
0 0
0 0
0 0
0 0
0 0
0 0
0 0
0 0
0 0
0 0
0 2
0 0
0 2
0 0
0 0
0 0
0 0
0 0
0 1
0 0
0 0
0 0
0 0
0 0
0 0
0 0
0 0
0 0
0 0
0 0
0 0
0 0
0 0
0 1
0 1
0 0
0 0
0 0
0 0
0 0
0 0
0 0
0 0
0 0
0 0
0 0
0 0
0 0
0 0
10 0
0 0
10 0
0 0
0 0
0 1
0 0
0 0
0 0
0 0
0 0
0 0
0 0
0 0
0 0
0 0
0 1
0 0
0 0
0 0
0 0
0 0
0 0
0 0
0 0
0 1
0 0
0 0
0 0
0 0
0 1
0 0
0 0
0 0
0 0
0 0
0 0
0 0
0 1
0 0
0 1
0 0
0 0
0 0
0 0
0 0
0 1
0 1
0 1
0 0
0 1
0 0
0 0
0 0
0 1
0 0
0 0
0 0
0 0
0 0
0 0
0 0
0 0
0 0
0 1
0 0
0 0
0 0
0 0
0 1
0 0
0 0
0 0
0 1
0 0
0 0
0 0
0 1
0 0
0 0
0 0
0 0
0 0
0 1
0 1
0 0
0 1
0 0
0 0
0 0
0 0
0 0
0 0
10 0
0 0
0 0
0 0
0 0
0 1
0 1
0 0
0 0
0 0
0 0
0 0
0 0
0 0
0 0
0 0
0 0
0 0
0 0
0 0
0 0
0 0
0 0
0 0
0 0
0 0
0 0
0 1
0 0
0 0
0 0
0 0
0 0
0 0
0 0
0 0
0 1
0 0
0 2
0 0
0 1
0 0
0 0
0 0
0 0
0 2
0 0
0 0
0 0
0 0
0 0
0 0
0 0
0 1
0 0
0 0
0 0
0 0
0 0
0 0
0 0
0 1
0 0
0 0
0 0
0 1
0 0
0 0
0 1
0 1
0 0
0 0
0 1
0 0
0 0
0 0
0 1
0 0
0 0
0 1
0 0
0 0
0 0
0 0
0 1
0 0
0 2
0 0
0 0
0 0
0 0
0 0
0 1
10 1
0 0
0 0
0 0
0 0
1 0
0 1
0 0
0 0
0 0
0 0
0 1
0 0
0 0
0 1
0 1
0 1
0 0
10 0
0 0
0 0
0 0
0 0
0 0
0 0
0 0
0 1
0 1
0 0
0 0
0 0
0 0
0 0
0 0
0 0
0 0
0 0
0 0
0 0
0 0
0 0
0 0
0 0
0 0
0 0
0 0
0 0
0 0
0 0
0 0
0 0
0 0
0 0
0 0
0 1
0 0
0 0
0 0
0 0
0 0
0 0
0 0
0 0
0 0
0 0
0 0
0 1
0 0
0 0
0 0
0 0
0 0
0 0
0 0
0 0
0 0
0 0
0 2
0 0
0 1
0 0
10 0
0 0
0 0
0 1
0 1
0 0
0 0
0 0
0 0
0 0
0 1
0 0
0 0
0 0
0 0
0 0
0 0
0 0
0 0
0 0
0 0
0 0
0 0
0 0
0 0
0 0
0 0
0 0
0 0
0 0
0 0
10 0
0 0
0 0
0 0
10 0
0 0
0 0
0 0
0 0
0 0
0 0
0 0
0 0
0 0
0 0
0 0
0 0
0 0
0 1
0 0
0 0
0 0
0 0
0 0
0 0
0 0
0 0
0 0
0 0
0 1
0 0
0 0
0 0
0 0
10 0
0 0
0 0
0 0
0 0
0 0
0 0
0 2
0 0
0 0
0 0
0 0
0 0
0 0
0 0
0 0
0 1
0 0
0 0
0 0
0 0
0 0
0 0
0 0
0 0
0 0
0 0
0 0
0 0
0 0
0 0
0 0
0 0
0 0
0 0
0 0
0 0
0 0
0 0
0 0
0 0
0 0
0 2
0 0
0 0
0 0
0 0
0 1
0 0
0 0
0 0
0 0
0 0
0 0
0 1
0 0
0 0
0 0
10 0
0 1
0 0
0 0
0 0
0 0
0 1
0 0
0 1
0 0
0 0
0 0
0 0
0 0
0 1
0 0
0 1
0 0
0 0
0 1
0 0
0 1
0 0
0 0
0 0
0 0
0 0
0 0
0 0
0 0
0 0
0 1
0 0
0 0
0 0
0 0
0 1
0 0
0 0
0 0
0 0
0 0
0 1
0 0
0 0
0 0
0 0
0 0
0 2
0 1
0 0
0 1
0 0
10 0
0 0
0 0
0 0
0 0
0 0
0 0
0 0
0 0
0 0
0 0
0 0
0 0
0 0
0 0
0 1
0 0
0 0
0 2
0 0
0 0
0 0
0 0
0 0
0 0
0 0
0 0
0 0
0 1
0 0
0 0
0 0
0 0
0 1
0 1
0 1
0 0
0 0
0 1
0 0
0 1
0 0
0 0
0 0
0 0
0 0
0 0
0 0
0 1
0 0
0 0
0 0
0 0
0 0
0 1
0 0
0 0
0 0
0 1
0 1
0 0
0 1
0 0
0 0
0 0
0 0
0 1
0 1
0 0
0 0
0 0
0 0
0 0
0 0
0 0
0 1
0 0
0 0
0 0
0 0
0 0
0 0
0 0
0 1
0 1
0 0
0 1
0 0
0 0
0 0
0 0
0 1
0 0
0 0
0 0
0 1
0 0
0 0
0 1
0 0
0 0
0 0
0 0
0 1
0 0
0 0
0 0
0 0
0 0
0 0
0 0
0 0
0 0
0 0
0 0
0 0
0 0
10 0
0 0
0 2
0 0
0 0
0 0
0 0
0 0
0 0
0 1
0 0
0 0
0 0
0 0
0 0
0 0
0 0
0 0
0 0
0 0
0 0
0 0
0 0
0 0
0 0
0 0
0 0
0 1
0 0
0 0
0 0
0 0
0 0
0 0
0 0
0 0
0 0
0 0
0 0
10 0
0 0
0 0
0 0
0 0
0 0
0 0
0 0
0 0
0 0
0 2
0 0
0 1
0 0
0 0
0 1
0 0
0 0
0 0
0 0
0 1
0 0
0 0
0 0
0 1
0 1
0 0
0 0
0 0
0 0
0 0
0 1
0 0
0 0
0 0
0 0
0 0
0 0
0 1
0 0
0 1
0 0
0 1
0 0
0 0
0 1
10 0
0 0
0 2
0 0
0 0
0 0
0 0
0 0
0 0
0 0
0 1
0 0
0 0
0 0
0 0
0 0
0 0
0 0
0 0
0 0
0 0
0 0
0 0
0 0
10 0
0 0
0 1
0 0
0 0
0 0
0 0
0 0
0 1
0 0
0 0
0 1
0 0
0 0
0 1
0 0
0 0
0 0
0 2
0 1
0 0
0 1
0 1
0 1
0 0
0 0
0 0
0 0
0 0
0 1
0 2
0 0
0 0
0 0
0 0
0 0
0 0
0 0
0 0
0 0
0 0
0 0
0 0
0 0
0 1
0 0
0 2
0 0
0 1
0 1
0 0
0 0
0 0
