2500
99 91 514409
382 364 898691
1639 1730 694426
1403 123 701055
2089 456 668171
2438 2017 236326
1393 2085 666876
1863 827 183859
764 822 770167
470 2094 341331
1061 2241 123190
1440 672 531902
1865 1481 290612
1095 719 39199
1805 547 855569
1286 1852 582041
160 2242 400119
2136 2075 605979
860 1254 263174
1871 2067 206182
827 1398 265283
2473 457 319383
144 677 752483
769 1314 803475
2251 495 158473
61 391 615148
1497 1183 946351
1713 419 886105
2436 1230 772735
2225 197 56875
1873 900 578276
24 654 932419
3 2110 325846
1276 1999 823584
643 1438 413970
1399 1671 691131
450 974 258836
2072 793 706522
2243 2324 119751
657 108 936061
1890 106 64138
2006 1705 844366
37 859 897318
1433 1569 211324
995 1373 322987
648 2006 761541
1348 749 641365
2271 1338 924442
1973 1717 65955
1754 659 210062
924 168 263026
140 1240 227663
2163 2085 879581
1390 2374 527998
467 1074 481554
1503 1925 317194
2159 1179 611408
1838 2145 198295
1871 965 931835
250 2222 88571
1803 888 696951
92 74 864201
2068 1040 786141
1487 28 621388
2413 473 41441
1323 1122 356759
1957 196 842242
1194 1185 895551
1341 1217 262103
321 108 373773
2397 671 326765
1932 20 125515
1452 2472 921610
1294 1888 642628
1440 650 953407
2118 395 418405
1025 981 264992
2258 1917 380446
599 665 402868
1004 262 726646
888 874 24213
1695 1883 140489
7 2495 520722
1214 1529 636662
622 2055 619314
2381 154 59679
1641 1155 43671
914 103 399999
1258 1798 922746
2253 1364 823362
1334 2349 84148
1792 1250 835155
1726 2417 789166
2357 2070 244330
796 2359 17279
539 1731 548082
509 1090 756905
2020 2415 24618
2221 928 209534
1638 436 333217
1165 1940 437839
1559 1991 515894
1421 2309 350600
1201 1652 789102
2320 1929 900881
504 1456 43296
2223 2018 717386
701 1983 253923
1587 1821 537730
1299 1057 780975
887 1379 487549
1858 567 612438
264 770 925674
388 315 507765
284 385 611757
2233 1907 496490
1934 1342 750410
52 2272 661733
2048 2419 846617
876 2399 578245
1318 1443 304405
2196 1234 949322
1688 332 61911
2144 1376 362845
2075 267 807895
1328 2452 505955
782 1790 104103
588 1675 45924
509 1761 286608
2201 1651 169972
31 920 527417
2269 1151 790122
2018 591 128704
704 35 558894
701 2184 525254
212 1584 870428
1277 2226 998799
2200 1868 13761
1524 1355 915824
1645 295 551064
2301 2302 140631
138 792 335237
165 2013 290738
203 655 579693
413 365 980747
2124 1309 398236
2149 989 112343
823 2459 862517
218 768 722491
1566 1192 113133
1128 2229 647453
1646 1291 404073
756 1406 433659
1552 88 952081
1879 1207 701643
906 1833 220788
9 464 179081
541 456 401824
1292 1649 134973
1547 217 862247
1276 1920 399733
2392 577 28027
419 1884 536923
996 718 915863
1345 189 301851
2240 1366 779240
2183 866 274447
2401 22 587716
141 1023 931399
1830 1174 896192
1922 1968 345201
1896 2163 758015
1950 400 312434
788 147 926046
405 558 102913
2137 1781 905730
2220 2421 981792
419 890 918045
902 1295 54077
2192 1826 730360
889 701 542532
2071 1708 851515
701 2470 68517
171 650 893372
1647 949 544552
575 464 772239
425 1753 767644
333 1930 319917
458 903 744252
487 1818 633563
2456 26 209836
1076 1745 304264
1324 2138 808612
431 127 665318
1576 548 740937
949 2000 57765
1665 857 524061
1643 2041 732287
315 1088 70260
578 892 429058
888 1121 599319
1465 544 815946
2349 2390 940264
2105 31 16320
807 179 234565
318 1416 657003
1679 1502 473336
1674 2117 513664
1046 178 527954
2036 1628 133671
2234 68 73515
330 1080 76636
1186 1666 103587
1484 1329 795664
935 1912 535602
780 381 647060
2164 683 428932
40 181 530361
331 220 600815
1546 2427 868510
915 450 914178
1288 277 6717
1918 148 421331
2129 890 234242
1212 428 516643
766 2011 22848
525 2117 213624
561 2163 346813
2372 1298 111677
1685 597 888958
520 1138 799113
1351 196 1794
1368 2164 15476
1763 1833 166300
432 2032 164169
2424 2355 994353
2292 1631 887452
2213 1751 976168
1838 1615 962821
1842 35 49937
2206 933 405169
1795 1635 597643
1545 1301 147229
2164 2480 364532
1366 859 258415
1734 1483 328998
1366 1113 219369
248 669 367847
2393 240 281812
2023 2086 312800
761 1573 80476
288 215 371567
921 1848 837848
635 294 184586
100 2303 519547
460 2429 329309
471 560 931565
2280 1893 312691
1187 244 889440
1573 369 255887
1407 1509 314989
493 1902 270897
1226 1719 336536
1299 2270 81080
2403 2035 992837
356 939 276220
936 245 184917
2285 1040 842968
688 1048 45684
365 277 896997
2199 306 937165
360 2045 4801
1393 636 936971
1231 1944 893841
1257 1340 344069
1949 2277 997172
823 1221 952976
1687 16 985
638 82 235861
1607 1028 320778
1257 2399 775119
797 1788 315492
1110 873 924902
1861 2095 784349
992 1637 302566
780 577 594791
861 395 746537
368 192 228781
589 920 789875
1265 2182 230903
721 1162 591400
161 549 759580
542 2325 676370
2265 1284 459493
2183 2015 982771
1779 1618 855607
580 49 775767
2251 146 611447
2410 285 995407
1073 709 70136
2113 2179 596221
304 254 190774
930 1707 861602
277 806 89118
2327 2037 768935
1879 605 911553
1615 2402 333301
1118 2448 619473
1047 943 59079
1942 2370 435307
168 1372 588569
1095 1848 303269
1929 620 923320
1012 1999 474525
2389 1331 278564
537 221 862589
886 1350 963568
1161 1019 852148
2143 1635 777002
364 905 517147
666 592 380698
479 1826 886940
1019 1045 689117
460 750 744213
2303 609 208718
2056 1646 150272
1740 209 848017
1969 1258 273222
300 59 47456
1284 776 181128
319 571 838944
2245 821 978390
988 1882 523875
670 1653 939085
2090 2378 618529
691 1965 830172
893 619 834432
1600 982 507766
264 158 441244
413 223 160447
992 1155 701993
2216 1808 650001
2193 1030 994826
2457 174 771048
395 1724 892858
1474 1047 78207
409 1439 890350
1659 369 337472
2030 2424 457584
808 728 31615
2188 248 955810
1649 882 964787
1832 2129 920456
1706 2388 623149
852 96 396373
1452 2376 705187
444 952 676200
1827 406 403857
2300 1460 775048
1628 641 144675
1459 1916 906830
844 39 564567
938 2201 843914
1062 630 766113
2450 1158 118061
424 68 147519
2319 313 635048
881 336 61745
346 1891 303443
2431 1928 946262
1973 1924 118781
2492 63 815224
554 1438 52683
857 580 317225
457 28 434556
545 804 304340
2201 1701 174116
1848 801 536125
1365 382 11372
1513 1696 839052
1667 2217 41688
1247 2447 494177
2225 2434 12906
2374 68 635594
22 991 933515
753 1227 746137
1533 1989 877158
2034 2156 631556
84 2143 392465
1902 2373 431264
118 150 217519
311 2258 321235
1871 1579 770098
1983 525 446517
317 2418 446888
783 491 830760
365 242 810469
1798 1549 359895
1960 1542 843858
2328 1788 548909
682 2069 965919
644 514 880048
1745 1471 271766
354 1295 713779
364 1973 963390
2258 1522 450012
431 95 490812
1433 1725 122405
2185 1148 152765
617 2347 262715
914 329 139730
1889 422 261197
1757 1187 425924
599 326 139986
641 1187 813647
2006 1119 279789
1613 307 578509
1301 370 877001
264 85 43187
1840 1993 504832
1065 1807 806740
1848 1156 11448
528 601 462661
1313 1216 526386
1659 981 855169
524 1348 324883
647 275 932227
2441 1877 127503
500 1378 993916
2122 979 300171
982 1864 660356
976 1653 330318
1058 2423 490245
581 2117 691166
1755 2049 125262
1874 524 284172
1392 92 697657
245 571 543223
744 2028 269561
866 1357 512830
168 712 254116
1570 1225 642428
1922 2086 641451
2234 2287 640275
2482 322 229746
792 209 216595
2258 220 595594
2281 1556 892731
147 648 462831
2449 1215 697901
2180 1494 992359
1063 1845 724181
320 2306 884612
1096 1249 848377
1285 245 918679
2235 2355 328050
47 486 100797
1258 43 541220
2098 654 713017
1544 1883 963349
987 567 400386
1914 1001 473
1439 265 34167
909 1507 532679
2269 1744 402414
2372 308 866680
2477 1507 17240
827 585 982030
633 1632 983631
2340 1824 942728
2006 1684 984071
1315 1023 587247
2136 2239 593434
376 315 752069
2084 2340 220632
2124 1592 228053
2099 1691 15629
543 2133 185208
1257 123 330791
1525 1060 115571
2089 1845 335305
699 46 829980
1063 1490 841929
1026 953 135963
628 101 821476
1813 2413 500613
611 1807 721821
1690 425 333386
104 864 948281
1124 2432 2149
2197 39 252082
387 120 747520
1569 1050 846051
1273 671 61243
1767 1718 68440
1645 1603 981341
203 2217 211675
951 2473 686282
2175 1778 880219
2125 483 251676
587 2480 758654
1949 1766 241300
2086 1936 686767
2499 289 571786
1558 557 370716
1105 22 929734
1463 123 203881
2335 895 295181
2230 564 289255
811 426 926256
1011 770 667644
261 1358 336317
298 2267 42737
351 1529 788588
652 36 510769
1451 2419 248092
1027 593 914082
1095 2425 710179
2120 1195 798531
400 1132 941344
1937 283 551043
1495 2338 707783
1145 1822 216660
1680 320 934262
1681 1483 783611
18 2066 336379
1799 1555 18721
234 1782 508972
2435 1733 329322
1187 599 30507
394 11 171370
1099 1415 503775
43 1637 316943
998 816 707693
480 161 115627
1651 1123 549634
1563 984 565517
27 1109 742822
2013 512 119672
1322 791 172925
2025 2151 533042
2162 2140 832875
493 56 844951
1614 89 89381
1149 882 613375
2434 87 505836
2344 1191 590639
1561 1452 138865
1960 2001 695174
349 248 549271
1937 2244 952427
1659 479 938187
1250 22 860649
410 1326 730822
79 588 209434
276 2208 967258
371 121 342926
1847 2297 781129
316 1863 20094
2311 211 649905
1507 2391 277447
330 1800 487405
1557 2373 554348
2038 580 57613
1512 996 480946
2219 1879 345175
354 446 59051
580 2239 136357
333 2421 351950
1062 1163 8432
1175 2453 153046
609 1540 770448
1737 832 328550
857 426 320740
1204 1753 473606
1591 1337 44084
1625 1830 664560
1385 987 195943
861 911 52586
67 2275 531466
1876 567 65803
108 523 649251
1740 313 599463
1599 106 114219
146 1165 828978
2321 971 280214
798 1708 508528
1321 1081 347679
863 565 256248
1776 653 738051
123 244 350240
1588 1929 296142
1759 202 312051
206 88 730227
525 2415 934400
1508 2430 965687
1770 1786 328538
572 1580 637082
2260 1843 968757
93 1654 485955
901 2 262460
708 791 848912
325 720 66344
2325 649 24888
684 1148 690110
166 1160 587092
1341 1828 920563
1030 265 116346
1876 2276 447503
1954 2199 263522
301 692 506781
2291 615 656039
210 295 641423
1264 1988 823494
2349 1065 615388
1535 2147 983816
658 1416 605256
59 828 327343
2284 749 699224
705 52 865986
441 1739 694431
1129 1342 503874
83 2443 194405
1000 178 993660
123 863 262032
1939 453 436032
927 1612 267398
1549 732 321963
7 2242 896856
496 1601 387438
295 1885 795977
1573 1875 112018
1894 2213 670590
952 1078 251075
668 460 480814
2384 516 430616
1867 1810 103003
1152 1311 152694
626 1167 450271
2105 1421 246821
1064 1082 358914
1579 142 600948
1460 2402 88445
80 2059 808069
1338 2383 901272
743 951 281093
419 1103 584608
189 538 283101
1247 589 231053
415 980 632612
532 1027 736744
348 1966 208759
690 1859 213008
168 558 841388
2358 404 774045
192 1952 298686
2200 356 297361
877 1202 61559
185 435 278040
1361 2102 927196
226 1288 55755
480 51 166650
607 613 371896
1240 136 973194
774 1985 204522
1094 1342 464423
107 1173 983412
583 566 442955
2234 1213 637853
120 1251 790072
1092 1025 692601
1980 1102 515097
509 2335 372129
1946 2244 804756
266 1128 395342
1048 1653 962503
1112 1706 486805
258 1318 16296
1207 1909 216657
1079 1486 288454
503 132 708170
1953 1651 802152
1543 1491 303934
1660 401 273605
1903 1622 377806
2486 1464 976500
2187 959 96725
1262 2082 287365
1234 1902 914069
411 632 871390
1982 188 7210
1515 1439 271358
33 982 344523
896 1763 171096
50 1216 314432
1422 1255 7552
1786 2021 13046
2165 960 420333
2336 763 370666
2120 2398 762280
1303 2422 848870
2238 2164 133665
2462 1773 348746
1024 2350 52128
1571 1386 888278
145 2473 183056
448 1215 751768
1421 2062 373712
2194 344 626465
862 247 750191
1965 1190 925542
1035 1796 15382
189 1028 312392
644 2065 279245
97 1000 854565
134 1872 838069
934 1880 488224
1533 1902 715808
1689 1208 410509
1886 2026 908490
1243 225 119878
2430 1585 402126
695 1753 474241
433 463 566045
2056 1349 995908
2141 2184 38048
1348 2248 997143
1491 198 859516
1208 2162 836430
426 419 922853
381 1593 971676
401 707 610055
134 1238 910558
88 578 493500
1525 942 916651
315 433 908847
2411 17 866275
2026 1568 161387
1082 53 199693
2490 2402 674208
678 1520 49530
110 1082 230118
464 1710 404420
2057 571 797218
1021 162 733033
310 2041 774093
340 2044 544219
781 2278 747319
1783 1041 265887
276 185 220868
306 1983 823630
2255 1823 419890
393 76 768649
1799 914 102051
1306 2253 366232
68 934 44886
1117 2123 145812
2201 2191 843209
227 931 343370
67 2383 108643
831 1697 381628
747 1166 290912
2117 1185 655463
285 1085 238033
615 1085 671508
66 555 238834
2296 293 436077
529 1627 798158
880 1128 262893
1907 2063 292503
220 91 382872
225 1405 83103
836 670 748132
2360 1491 648838
1065 1475 232809
1957 972 558967
208 1818 66368
2150 1434 956688
2380 1099 985581
534 1933 212333
109 648 907757
505 1951 815770
1222 553 634090
176 1158 406438
1752 1065 906286
1424 1171 771695
961 2031 967295
1867 2168 24734
55 365 437748
299 533 989508
2145 2323 912168
447 2284 810838
740 121 554544
2435 1283 652955
1067 1485 988215
1197 2227 256442
896 83 189198
2316 1159 660794
1872 2283 760411
222 1530 678665
1962 1136 789876
714 687 518422
2000 1791 928648
112 2104 29939
387 631 51220
1298 1503 274307
1431 2204 807873
1531 2336 98644
1921 1923 350698
2436 418 227682
2124 294 292027
286 857 656982
802 1470 453698
62 1279 342319
1939 996 248267
517 1764 264328
57 1159 794324
1232 1438 300823
1874 2375 281553
38 1968 548506
8 1880 227942
70 2123 641564
2289 2457 11519
914 1026 816442
934 1676 110414
1454 504 865017
644 1115 843789
187 999 167140
1720 2063 247178
1971 1919 17308
2020 1947 984678
273 572 898589
120 1920 654563
251 748 809416
605 2167 283141
2298 1871 536063
764 452 674093
61 1462 885286
2249 1631 556537
1164 1837 884238
2001 2212 729753
1065 1747 848153
2255 2002 674281
2384 2449 645867
2108 1457 425924
1641 1347 275909
1657 1848 251228
2082 1919 220688
604 1347 320390
1261 705 969503
361 782 510067
1052 662 768198
407 2272 699747
1873 1286 84588
1499 1466 700173
163 625 253241
2473 1096 559972
306 2467 242610
1631 2057 636406
320 1101 899796
1373 2465 362904
1830 629 400732
1423 75 368635
684 156 381429
224 2211 231763
1627 2227 812935
643 2202 974815
1443 1892 630481
1556 2428 527495
764 251 834282
666 2480 687685
1429 1788 190565
1604 1961 397549
914 496 270207
54 465 51815
1063 1201 153808
1144 2077 609304
218 837 377455
900 373 236311
486 594 458683
1053 1971 215536
1613 123 857105
437 1701 931905
1965 951 967707
874 1774 977370
1682 1430 92669
494 339 873546
449 650 984295
1758 753 800289
1410 447 950424
133 1065 468158
943 1257 518676
2347 954 741119
966 2473 585771
57 1445 894890
1714 1463 824770
2258 965 211922
863 1506 879481
730 2021 547392
1003 955 615738
1525 578 624072
2488 1006 386816
1978 301 79788
1332 234 237433
1128 535 273169
825 1854 868425
1465 2381 885827
697 2217 681432
1831 1690 408714
810 2155 825841
1756 577 597159
468 149 670210
1848 1004 173944
52 2251 689299
2057 1535 734004
2319 1335 775409
756 571 389863
1644 2397 947885
311 1820 654092
114 1594 579163
1625 982 282435
2001 1301 482218
2115 780 738297
2475 2041 243952
534 1200 609039
371 1555 341041
1105 798 986380
1463 2421 902629
2302 305 643252
1282 394 768508
2008 2305 240868
123 166 77301
1564 1841 522328
1990 1010 723550
648 1867 987654
1696 2119 934804
2365 2324 376458
1274 2000 90992
1970 793 371054
1082 1104 806696
252 139 592376
64 344 828880
1981 1179 804872
1111 536 599202
98 819 321338
1948 206 597684
1069 1814 193405
1312 869 18940
1404 1897 933938
424 1745 239704
660 1768 400774
995 1455 99562
1092 1120 344155
384 1218 116156
1812 1920 244832
2247 951 874390
865 1443 746673
1271 1250 883420
687 1716 848431
183 2329 219908
1364 550 897399
359 522 329816
2157 2191 778841
583 1701 524266
196 2365 503440
884 204 328343
766 2343 303222
424 539 820303
1752 2246 79942
675 2035 664554
1907 244 354899
1526 1400 93261
857 2258 695652
1408 1600 649832
2177 2103 671176
1600 1003 493862
1233 1999 240081
301 1509 963526
2422 746 876420
1437 1667 500990
1649 2429 421085
1841 1952 79311
556 2477 104238
948 567 319700
204 383 709262
724 2470 685203
1064 586 24890
123 2499 677076
571 883 460910
965 421 21337
533 951 532596
1582 1036 763563
211 983 941782
1703 1163 8632
1759 30 820555
286 2183 694932
460 1219 168708
1813 533 911084
341 452 418544
1135 211 375948
2111 1073 871809
1738 2224 303848
764 1929 155510
66 1665 550172
1446 1760 323711
1869 2001 591191
2473 2138 959786
1479 695 837620
1111 2364 646487
1259 1781 298913
2385 429 797061
2406 2141 485578
1255 1662 590843
339 1550 171540
171 845 101009
2029 387 385624
2130 1135 915182
1876 1587 939376
1805 319 575416
738 546 879484
1675 1835 146460
2485 1256 666125
1627 286 412375
1637 1784 38300
1971 1452 830564
1690 1223 208683
708 1825 140850
1699 1671 572758
1880 1470 858993
1067 925 694392
525 186 663010
1315 1617 76285
2251 671 865879
1486 20 720650
1572 1384 399906
1509 2040 369570
1124 691 741114
2454 418 484884
757 2331 870872
821 2128 255958
480 2473 152665
169 1706 913885
582 2190 393272
1900 1709 560274
1506 2488 950638
2336 933 684190
397 1867 308851
2211 859 561177
1302 150 996182
2335 1929 507591
1179 1803 427119
828 1524 322649
652 2127 144002
831 259 558524
1178 2420 122121
2232 2323 491146
1199 1926 731293
1375 480 662717
1521 1616 88388
218 2090 765582
998 2070 944761
247 689 895852
4 932 642163
656 95 529456
1528 408 977413
1861 67 313623
1252 1143 474167
1266 270 747225
2011 1248 799074
1203 879 926966
1070 963 277255
1984 2156 994418
1596 2022 493556
152 430 603039
1481 1483 428760
207 887 332989
1246 827 469422
2476 1458 172492
1765 1479 59585
1084 809 157970
623 2123 374467
862 693 696159
2013 1876 249183
151 1250 816313
940 1606 16537
1210 2053 982843
1833 252 928172
18 1499 850560
2043 2191 389756
2064 2227 214134
1942 1789 648507
1140 385 76992
2334 535 480875
2254 518 287510
207 1266 134729
290 1058 350737
1719 830 124111
412 1096 171519
1293 2160 189709
460 1503 5971
1708 1258 632429
1558 1728 128212
420 2067 938311
1566 1318 485832
476 952 331333
2403 380 577200
1221 1404 541371
1286 2369 594504
2265 269 566502
251 1263 910546
146 1719 799905
1698 1921 890382
224 2162 572337
257 1803 576067
1369 1466 245794
450 45 268456
95 2073 335025
401 1785 550119
2468 411 526582
59 1648 581599
2053 54 789743
894 648 599930
1920 2204 999069
2144 518 619625
395 1556 678636
560 1555 328764
1325 1853 750827
1323 1714 660352
1855 2451 816399
411 1719 16837
327 333 852099
2190 219 599745
1228 1154 895420
1551 1439 151427
828 633 658441
1538 986 836156
541 613 222372
2102 1034 178611
2487 2336 656580
2256 645 75703
2016 123 291724
2053 667 45866
2113 469 445837
2 2308 223247
68 985 909805
1826 485 259431
1747 1620 539418
729 2199 460216
584 278 286905
1895 864 57996
2205 2181 916811
680 13 875152
1436 753 527382
2357 525 100667
1089 2057 209638
1818 621 118857
1773 72 291325
1018 1891 643528
862 1093 611323
27 2088 362688
1980 2450 641528
1522 1800 411627
2275 58 854458
1754 757 306792
1529 633 265921
1281 1028 920710
360 1228 603311
1623 249 21085
1941 374 998123
1807 951 749880
2282 2252 601076
2172 2090 789975
1540 440 583764
717 616 838213
813 1108 654289
798 378 790186
2330 1173 880278
2122 1797 487873
1299 2221 766211
1334 1768 988346
1753 105 921802
69 773 110881
1639 1918 822045
1794 473 97618
786 636 707588
30 1021 826569
2055 1926 826673
1583 1016 717246
2293 990 906003
1254 1803 875811
1661 1959 78742
1573 442 167529
434 2465 682498
614 12 591572
57 1469 632068
2487 2236 116187
2052 754 990465
1513 1804 618077
2448 2499 461966
1210 31 416615
2257 706 615393
1934 1708 663321
334 873 666076
1548 511 113228
1499 295 9165
1170 2225 836983
1379 823 437856
2113 1605 839570
785 744 438235
916 1016 443912
1706 238 899162
275 1223 988389
1848 985 141443
833 1694 879401
2203 1841 68261
1117 1693 754342
1724 2019 850307
2222 957 47125
690 1528 398669
2478 687 724015
486 322 609436
149 2440 63992
1690 993 18113
726 2470 507657
34 956 777531
841 430 266593
1447 1925 205716
899 2381 943142
2353 2436 622972
1224 2269 882164
1967 1062 954308
298 2373 940714
2253 952 715083
2213 1308 779996
981 927 577219
2086 2207 66115
834 107 468175
823 717 617869
2242 1762 758920
899 1321 555069
1222 1481 272647
372 1989 357765
921 46 759896
1733 795 840475
2257 2110 889054
1880 414 560442
2272 155 279066
435 106 577875
2174 636 346633
867 563 165648
994 973 631783
667 1801 200561
907 2101 731993
1085 200 565597
669 765 873755
410 1637 114701
2494 1066 387905
1308 244 374685
2189 2333 392903
131 171 204734
217 1898 233994
1418 2327 64331
1409 1713 268850
1410 2460 503547
1443 1848 684540
2136 2112 101453
244 1950 882423
331 1562 765949
1713 833 534528
2154 1298 187004
194 2396 161646
861 2189 693154
494 444 72136
1850 51 714829
2357 1528 932850
1082 2163 232427
40 1708 502364
1926 1420 129642
969 1300 118415
1245 2339 476658
168 696 115418
1920 1583 712186
1268 117 236463
329 759 678129
2096 1254 992051
1712 310 313826
1763 973 518467
199 209 11583
2088 1959 842089
155 1802 992892
1289 1950 233442
704 1279 345908
1499 1642 49982
745 2474 42894
499 1293 466250
1433 82 760079
874 1037 166301
1784 1415 966430
240 1484 882154
122 857 514603
2366 1637 296547
236 814 520290
162 111 112946
230 424 797620
2105 1511 741326
985 827 681068
2033 1206 450915
2113 1844 705503
16 365 980135
2364 843 166781
1180 912 709724
707 1268 449816
295 1379 594406
94 564 952454
1439 619 588835
625 1618 752233
1708 1887 388102
2064 1412 414925
115 1741 938957
2044 1461 657723
25 447 307372
763 1482 606297
1625 1279 910550
1370 609 284327
1812 527 565473
774 1573 657459
754 908 72538
825 2345 867841
2279 2058 709458
426 244 106614
1383 127 223672
1638 1436 630597
1803 1441 812687
2116 1061 121887
2027 2044 56033
1244 1557 512857
29 1977 22898
1017 2257 172025
1067 236 47469
658 1427 706147
1428 1631 35233
888 1277 882207
932 140 4019
2151 886 854440
2067 800 547206
1732 2360 276751
352 678 415907
1811 734 911620
694 1255 94421
1959 518 604504
1525 1650 139569
201 1849 77225
2099 2162 926555
2059 1334 148066
2420 2311 752355
1077 1163 715378
1130 2361 458185
1876 2132 123393
189 396 562786
572 2171 880819
479 600 851979
645 1354 627972
2305 1255 897225
2170 39 341763
2356 1059 588812
703 1075 25394
2142 1424 317380
243 608 194248
1310 1270 125160
479 1354 904341
537 1235 278309
1187 2009 566611
561 1454 448926
914 2195 804815
2290 1814 203560
1846 391 986599
560 2093 713256
2302 2200 548143
1172 309 360570
500 1920 799083
1288 2277 189525
944 1780 112063
1246 990 169407
1151 862 256972
1336 282 515340
2483 27 600687
1721 2201 654005
1475 1173 434014
2492 2461 609650
98 605 711515
263 494 915764
583 1002 255042
1590 2286 886951
277 2473 899962
2408 1221 6411
1706 2289 877638
45 1329 812066
1332 183 32520
213 2137 804240
1584 185 763879
425 1883 597443
1308 1937 862816
1596 1495 518284
301 1081 370637
162 2190 705706
1140 2439 901856
1301 2296 769368
1048 102 311547
873 2295 788330
973 125 923006
48 782 186767
1902 2231 325348
462 1649 721703
563 294 37289
1827 2351 439306
1827 1387 731002
711 1825 46331
2087 1468 657102
272 159 905025
667 1327 172756
775 491 741541
1482 2474 406902
1229 941 149964
2394 1123 138265
379 1494 675394
2433 1464 783284
59 2166 931396
41 132 387585
2469 529 245150
1654 186 693742
384 60 303139
510 569 578297
637 1271 319145
937 685 188443
302 1285 935352
739 39 494652
1189 345 282144
1096 720 549352
48 1510 247010
295 952 617502
68 1763 613187
472 658 901256
623 1399 106169
120 2103 467780
1359 1008 481114
856 209 247020
1143 2107 558776
677 543 154086
1439 1241 521226
450 2018 549604
2258 2260 849211
687 1748 566093
1504 1870 748385
463 1854 478129
551 1829 125201
1809 2026 93252
817 506 982530
2066 1402 28575
646 609 845621
2138 1488 974012
969 839 348525
209 985 134312
767 1418 19004
1613 338 223327
933 623 642578
2400 1230 5455
2410 2074 329450
1305 631 268424
129 1659 308944
965 1943 59481
2266 1893 499622
1277 2150 19127
1153 2472 278851
1876 1032 710318
1159 2466 847812
1560 610 935053
2076 303 765128
184 1942 662822
763 2305 426327
1972 1413 184186
2263 740 232048
1401 641 242609
1563 2213 821867
2190 489 506750
885 682 329578
569 216 311588
492 900 5092
1637 2034 381443
186 873 331359
1912 244 119936
2335 1614 401662
2201 1979 477194
389 251 221099
2276 279 190834
877 342 65347
2131 2246 968723
314 2183 515658
228 2415 292147
1880 612 862471
317 1048 769210
614 219 641463
205 1168 243355
218 2042 238387
1651 531 731274
760 1740 487212
2126 311 335811
678 1555 294718
758 1285 417418
1611 341 117160
2089 455 266169
507 1316 153947
74 2431 827839
2251 1959 111112
1963 1103 152931
1812 423 838356
709 1037 466324
1187 1046 881503
2252 249 984330
573 1359 590914
2437 1883 252120
135 784 339071
1501 906 486115
425 651 134573
1360 444 73028
574 1653 235598
1247 377 264502
1940 1595 441204
2371 1236 204981
1912 779 723669
747 1110 367802
386 439 129443
530 2341 567731
1941 1807 267882
722 2147 855572
2122 970 323802
663 1568 726604
1367 2244 744194
1788 1700 960813
1321 2051 243129
1803 244 273853
617 475 421092
390 1102 456039
755 1381 51834
1258 2094 257088
1044 1244 795328
632 897 9168
1722 160 655574
2213 2417 724443
297 1239 145046
520 387 90544
1321 1941 804691
1178 2077 389559
2317 2047 162340
2125 2252 786424
828 2184 892978
1629 1573 756209
1677 978 28264
2444 2199 471807
185 292 359548
125 1534 42512
2356 2169 135203
1373 1368 305605
1348 50 218470
1558 253 468034
1587 2368 804486
1297 1752 708946
519 2040 181936
2408 393 320154
985 912 141160
2364 1695 822876
1769 1619 303192
1764 1760 241375
1565 675 758488
703 1336 271269
602 2410 115110
2489 1137 237277
1730 1009 833605
788 324 95125
1783 877 313962
701 52 712195
952 1381 273505
21 1453 383558
997 552 309916
2101 2217 426032
571 2050 894694
891 861 227399
1655 1653 400741
1159 1719 440775
22 2153 645514
1198 2344 315331
2069 1640 750896
1043 1443 433210
2410 701 555973
2184 639 562148
1495 1663 217955
1051 953 264418
144 2387 169559
1500 2002 217469
2485 854 246518
2322 1763 855785
1901 1013 215339
848 1366 782994
2087 451 665969
1437 1055 90990
1146 644 273986
2490 2493 416812
781 1141 45200
572 671 596019
479 1728 853244
1301 782 518807
1994 801 365701
1267 2170 891694
526 301 887400
488 720 436509
1107 67 98178
131 2348 754624
818 2500 52547
2044 214 783521
1356 267 422197
2134 1351 370464
2439 1308 382759
1391 1621 495011
1773 1590 992068
2220 5 647473
1276 2404 968839
474 1982 851746
968 1149 855643
589 1959 857116
283 86 440236
821 1557 106318
406 1548 168736
1771 1167 124998
1543 771 778218
752 743 767950
81 594 238238
1708 2225 247947
383 1537 118561
1972 6 402909
2017 1540 543222
184 1086 626422
1204 1384 193402
670 2273 745793
707 1516 197908
399 642 731625
22 772 659453
1797 358 371928
279 1988 96198
133 1067 336357
857 140 233198
1438 2214 453503
988 55 206340
922 2153 15816
1881 2439 744544
1100 1363 522962
464 2239 320317
1448 195 144892
2187 281 537171
1519 746 566103
1653 491 484225
1107 467 519038
2049 2484 852338
1637 945 427006
73 1590 977595
751 788 170461
2294 2008 767755
846 28 577590
1486 189 406158
328 429 640734
297 1251 28924
2449 145 253564
1535 1906 456393
2213 2462 342322
1096 1157 885643
1 443 590283
112 2001 21536
1704 383 235340
1387 419 56323
1272 1531 798881
1986 1900 371903
1499 1024 564975
1480 920 106835
1898 2491 430591
96 186 173323
2467 741 209979
2316 130 949226
64 2332 184870
1098 2083 141626
1097 248 201059
1605 1876 848273
135 2496 930616
1260 1465 859853
826 480 674015
961 524 822014
444 2276 58946
577 1319 283409
2342 1879 574808
2233 2427 702817
2039 2170 811006
214 599 89580
119 146 299887
507 981 65556
2371 982 670892
1660 723 755382
1250 1433 480882
2164 634 314957
1976 171 732483
1475 703 960616
1068 1116 836603
169 1021 850094
2253 721 67356
1807 2362 647692
624 868 608929
2276 2386 987431
1308 1116 404174
1845 2379 378700
450 2080 741756
1716 2237 840019
463 733 32939
557 2313 302083
2499 2155 570160
1070 1160 354850
402 1186 576305
1872 2007 45143
32 1438 162551
2479 1389 954832
1301 52 763510
2014 1216 475929
1848 1673 578843
985 1089 938160
1731 2218 23768
2222 1393 635296
342 1771 738690
1029 2163 541018
2426 2367 674155
2000 2435 595849
90 2074 567956
1752 2396 173013
2021 1257 381446
482 2068 926131
1227 2316 168973
528 2163 976811
2277 853 470250
2100 444 14897
2307 2096 790322
698 1082 917194
1022 34 216247
1507 1302 744089
1056 348 628689
789 979 528190
426 52 629138
2463 2153 951090
1342 2492 903894
1885 1517 401124
777 2447 362602
513 770 548146
1489 639 445634
1368 1175 767584
1958 2060 233706
2299 1741 462926
1428 1106 348998
1311 1666 588250
1987 2163 776032
1855 1684 151683
2201 940 299254
700 2008 105971
917 417 800526
148 1555 286087
78 833 820742
1377 1598 714307
116 1231 40842
195 1141 660640
2447 1449 385765
2228 985 369869
1873 362 452718
232 246 917455
2387 1904 294577
2471 1567 890137
608 740 246237
67 832 39122
2173 1361 908144
65 832 73119
19 2100 761498
1735 1315 139896
222 980 732832
52 591 309344
770 153 834097
1505 2109 867736
2373 1049 858765
1602 1924 439150
1598 171 798588
1815 835 752570
128 1022 744645
2041 2102 734610
1128 1942 384831
460 2058 967666
509 1125 352688
1039 679 199772
1635 799 161711
1698 598 101852
857 1974 711763
1245 2194 162539
1765 180 469480
743 2178 165229
2186 1409 704634
1320 1271 721838
1033 1235 106229
957 296 122847
2053 399 12337
295 997 602456
1258 1353 788132
2097 1529 441316
1860 2213 234733
932 2405 647475
2301 419 660267
1680 1318 396992
1539 2108 312082
1677 1493 296810
384 1473 346881
2019 2445 876554
1981 2433 593801
1183 426 219499
1883 1007 620493
930 2314 169437
1934 923 145063
2078 1867 424256
2246 1134 812416
2352 1306 459027
2158 300 611861
1903 1386 850086
1727 2190 15538
1610 2428 293566
1579 680 127548
1965 1019 822035
1934 2276 265395
438 2163 737721
1078 1938 333520
146 1998 329631
2039 1975 516223
631 2310 868383
656 1279 92779
1559 1065 71135
190 811 976424
403 344 676036
209 1527 358049
1083 444 954533
1808 1683 948347
572 2176 38611
1181 2441 350777
2268 617 935584
2358 201 990136
123 662 663123
1531 355 506634
2148 509 713029
187 918 296188
1276 478 691858
1221 1295 83066
2213 2387 450216
1819 1717 531682
1577 1824 165639
320 246 80857
67 1778 881355
548 1155 494463
2396 2264 547171
1418 1875 111293
605 2041 635337
135 1901 117397
1330 2123 460533
833 429 537383
962 1895 404213
2217 2276 371961
1265 1963 352545
215 857 421793
886 1903 400574
455 1442 552169
1993 2344 52356
149 1295 129052
1973 323 565460
1764 1680 475382
1163 1359 799840
1993 2215 653971
726 1177 818878
2374 551 348346
1972 159 569780
1087 1098 775720
158 2407 252064
975 1368 447546
609 1065 13690
1298 1500 629925
1627 1033 962714
491 1296 656754
1996 470 764108
2110 494 102444
135 622 407154
280 394 479595
2150 216 352046
2332 502 791605
1123 1114 396257
880 1997 60312
255 879 909820
2469 1862 61789
1701 591 261927
2123 1462 624960
1038 42 137951
837 764 446214
1625 1983 444376
252 2315 940526
147 2354 213734
863 2 758743
229 1355 418257
157 1426 589005
140 1951 20236
1575 1121 334672
2190 725 24494
661 2483 337266
1001 1778 708030
172 2372 917003
986 874 11036
500 1133 842114
1411 1387 568886
605 1972 130791
257 1908 823782
2343 1425 665650
1435 962 177288
2372 1061 59744
1520 824 749428
1424 545 253907
774 1675 673750
1076 26 144629
2487 2321 461099
1502 1838 66153
350 346 333810
1619 746 844422
25 610 346156
2012 1972 16831
1304 1904 739211
1477 827 934965
712 2198 146295
2276 1503 912175
515 530 492926
360 1729 403072
363 1680 328359
1990 126 373590
589 366 13064
809 256 750333
163 800 740989
52 654 868833
394 966 507866
1715 1626 358997
459 425 131839
1763 1883 153549
312 1518 437
379 61 426480
903 2415 401117
1752 686 524741
1182 1918 971038
357 1969 400315
1198 1532 655976
1654 143 44808
1473 2099 801006
1546 2010 935046
2023 167 742946
1332 794 315199
1156 1616 354375
1193 687 81968
818 2026 652137
867 818 593335
2024 1822 828741
1228 2206 230624
1253 1088 902588
31 2135 980744
1280 2474 406369
818 1763 945667
1969 1836 435851
2138 1715 495943
909 1915 248288
1867 68 831805
2113 1775 201982
710 1137 839428
803 1949 907368
1317 162 611754
550 2359 219955
209 1777 821537
1423 2086 38125
1843 1541 395445
1015 1285 979791
2033 1364 563950
944 2480 522190
716 900 844454
643 491 619841
1507 1873 395770
1746 1043 536640
271 905 806766
1971 1808 310031
731 1314 677672
1961 1630 951937
1352 1298 377054
441 905 458010
1181 1926 42878
481 387 514167
2431 621 611473
1658 660 862282
344 1462 919226
22 1933 726462
2414 320 512877
201 193 70348
1625 475 123446
840 535 93107
1763 244 481731
365 2355 464230
1409 497 199711
605 1772 490422
2495 1634 870380
132 2475 985357
1439 1468 801080
1169 1375 647505
1450 54 325163
2234 108 688473
7 2400 494880
297 2318 474607
2191 793 716619
2021 1698 610225
1211 2067 10749
1217 64 726537
2464 707 567331
1187 1363 946741
498 478 147941
1168 45 21508
1209 2084 776483
1672 1910 791936
1029 2086 479664
71 183 638558
1880 1259 535348
583 343 203542
247 1702 229803
1750 1600 990304
2442 2449 459269
1935 1312 998512
1935 736 450592
375 2068 836683
2262 1896 810216
842 2384 339655
313 439 89167
748 179 274654
1567 409 349413
1017 1536 390345
910 1002 787260
2306 908 598220
2412 605 799606
166 579 863901
1820 838 1772
2032 475 183760
703 2259 653017
499 382 263784
930 1549 163735
2217 2121 582138
847 2183 681345
837 1242 234559
2497 2324 591413
2258 1682 967243
2122 878 469015
1899 763 184089
1343 873 564854
1424 444 51651
2149 654 923069
1696 965 333456
1949 1597 961137
1071 1958 696006
1395 1156 52039
1815 849 833897
1744 2250 286456
105 2046 39043
926 44 599130
596 1048 415583
2053 1472 632492
1198 524 176146
2092 1736 829721
2473 1021 153568
168 1128 923729
1563 1410 517001
623 1175 95697
1935 156 835417
2312 566 158668
2265 2452 469578
1397 1424 595587
2200 2481 716223
1403 1380 470710
291 825 934821
2003 1464 554846
2436 1515 934854
640 1973 420111
2192 1038 770725
926 122 450193
614 1027 235219
1856 2100 780770
2363 1841 697725
1519 2439 986470
748 188 296053
1505 1696 604847
1608 353 367528
1475 1570 878711
1020 794 484089
2132 1371 585440
1139 2044 382044
364 387 796961
808 1703 464323
1916 1127 673808
541 173 740584
748 627 474233
965 454 919803
1237 2294 271581
2464 618 512208
1254 1589 904378
1799 2498 335329
1344 1032 658000
1886 309 203566
1670 387 719345
2084 764 81106
135 929 162192
2382 1044 151369
425 1036 510156
2455 1070 847065
380 1934 125392
1806 543 723373
1492 2247 741218
2170 2060 410075
1396 189 425197
886 1358 507497
1841 620 456703
10 1870 776250
1826 2114 638133
726 1059 949036
1 606 351578
1937 1163 909915
1478 1953 334635
1951 1992 409494
2187 1465 379421
37 1742 418654
285 1419 189290
286 685 957235
1635 903 952509
914 1005 61711
1048 1150 436567
517 2146 693894
164 1847 174487
1835 1031 641068
562 1091 305051
2424 1496 89923
2067 445 947318
707 762 853080
290 2446 563026
1128 1315 456473
1822 2118 635614
484 2417 770928
911 827 31470
178 1793 758895
576 2233 281788
1853 36 135604
920 433 187034
1568 227 222503
2367 187 121839
23 2296 735091
1147 1195 853302
409 941 490862
880 1678 749043
564 2374 421796
301 67 287886
2244 359 65659
776 1633 558369
1286 1664 777596
59 1087 198396
2035 1767 507640
1113 1333 537713
2018 650 233430
1659 1389 655914
2108 1028 669466
958 2438 840141
881 1555 788579
2092 2374 794569
414 913 239796
2005 2037 459990
743 416 184485
681 1423 207008
39 244 327982
2358 2089 756194
1950 872 394380
1593 1136 655702
2167 1275 647850
2242 1604 460536
1502 241 365193
255 95 615293
533 1971 465046
1612 177 521977
764 1308 852133
1352 841 859804
1432 367 771233
701 1476 434238
2108 1078 799894
849 1749 471418
1290 1994 899406
1957 1467 127121
682 951 335785
931 1382 263958
1872 1401 108347
2209 1140 560392
1927 2335 353289
1269 1128 301250
1578 1662 290538
826 170 828758
1797 2416 588081
829 457 12403
466 2184 385580
178 1205 269401
817 1399 463098
1309 1723 761480
1444 885 468674
702 1357 640513
2061 1033 746089
1412 946 18841
2297 12 100913
687 1432 238328
1220 1848 76349
2063 2049 411555
1648 1815 178191
715 377 432253
477 507 537455
2317 1913 708465
2081 985 346645
752 290 843563
1581 677 6550
1514 2046 233644
603 1277 387767
2217 2161 171758
192 742 1736
1298 731 485816
1582 1866 891020
1391 252 682971
533 900 465998
2054 183 306602
34 110 366902
1609 1190 474556
1345 977 855886
2481 461 148202
546 1751 111562
1818 312 21536
2325 1279 99024
985 1432 350585
456 2047 41985
381 1513 222471
1067 1596 329032
1175 671 465438
335 986 95610
572 2041 918944
61 2346 158297
589 1553 747348
1516 2372 661442
1574 1611 620270
863 570 621327
1486 490 42233
1764 1677 402273
563 969 370634
1586 2353 178869
2136 1108 623845
874 653 623896
2276 244 43889
424 2076 943942
1165 1014 51438
1939 624 770943
2016 137 570648
1409 472 715752
695 1585 579428
1086 1523 277965
120 1934 44239
15 797 800136
1281 191 918670
1318 1851 186987
1065 857 659958
744 1976 624688
889 2458 517315
222 1426 571810
287 1509 690073
974 113 523624
1093 337 153361
1659 952 411804
2287 1834 912585
812 1336 992194
2299 1627 429135
1637 815 172476
460 1222 549908
96 249 18091
923 1 734007
427 1032 892711
383 1095 912324
1837 1393 159703
2487 346 615544
568 935 808770
1453 1053 680266
2367 2421 563978
2165 2138 803461
540 650 125610
123 2373 858909
590 2239 90385
1504 395 569617
1126 1546 678657
1669 1231 977462
1916 1277 571974
1608 1902 890039
727 1207 413337
1648 1591 139811
2476 2067 995509
128 1287 591597
347 185 61825
1853 585 609451
1931 218 454669
116 1251 679888
1636 441 377890
780 2328 872332
2122 1498 1858
264 1902 415609
1806 2139 155479
808 2409 942569
2265 1807 517297
1423 1307 501542
1839 1265 120083
648 2068 110878
1270 1165 172307
1966 870 277308
185 231 980465
2274 2328 816750
787 1848 734773
1054 1628 686314
1817 1904 265140
2448 1990 322425
146 809 446568
49 898 594805
1592 904 734658
1816 678 967490
2247 2411 432750
1087 1102 175145
217 631 680141
1254 156 132739
422 680 421140
886 1184 497672
1956 1468 435392
521 365 797750
1143 2044 44987
2004 1760 31943
1743 1645 769098
1566 2091 788354
2152 678 985699
1952 1362 804820
2022 1688 633083
453 571 955215
713 1358 953618
1549 260 885287
409 951 243251
2050 673 582834
1345 392 266966
933 114 5737
1922 871 228427
2033 2048 676922
580 342 553345
912 855 168489
501 1054 372041
274 2480 353673
990 1857 167030
354 1656 406506
1827 595 575436
1807 101 198728
1445 778 613012
1686 1631 952749
2210 951 517678
1926 1179 636823
1888 933 449979
2361 859 911058
1021 757 60907
737 1896 412718
2065 2439 968419
1443 773 473548
1668 201 481796
2485 22 728320
1854 1188 295896
1142 911 860199
1911 1085 640349
237 2110 135142
1331 31 759915
1966 1670 809843
2395 576 100126
2056 1680 984874
790 1888 886670
2304 890 350030
923 2420 15512
2431 1463 19219
1526 392 593952
2288 249 415642
707 805 768489
1945 1548 397781
2301 1339 598468
677 1977 409737
559 1010 25307
233 2026 549765
2275 858 602860
1615 793 444858
2120 2154 407361
322 209 904913
1692 81 524513
45 1042 956831
1072 201 786298
175 726 804837
2051 917 754641
1711 146 342732
286 674 424183
2089 863 432611
2476 124 972597
1137 997 70523
735 1994 277773
542 2181 829317
1878 978 957498
699 14 298032
383 1299 226128
254 726 595046
1908 676 77504
861 664 458407
1740 183 779631
112 831 575514
2093 2085 858717
508 2495 198621
2318 1346 544977
1756 919 142953
550 1066 805032
832 1796 341602
850 2254 108251
2383 1685 84445
255 2261 811610
1215 1069 273544
1625 2416 884891
247 1021 462942
258 1787 126369
2001 791 888735
248 2306 635217
1176 45 964683
875 1096 737662
1486 530 199998
2099 1848 707284
1388 439 152581
31 2280 970489
962 268 539138
1128 387 867819
1374 1108 869520
1622 2079 214695
1277 402 127237
1811 1281 681235
1141 950 846220
562 1433 692136
2000 450 824495
2326 2212 626465
1995 2396 350149
820 1474 702491
1955 2148 804893
947 1289 219798
195 1760 742323
2355 1900 238833
1405 1696 680200
239 233 521815
2085 1278 16226
2298 428 249258
1297 1039 141395
851 1591 853879
578 2001 577943
1653 383 847229
719 2337 600122
1635 1624 420265
774 713 347691
1363 964 817414
77 1711 808880
707 1554 251464
528 1189 628963
250 278 791255
222 562 363600
216 2343 691371
2106 1418 220331
1953 235 87931
2126 1196 80768
2307 1414 722100
919 2377 671824
182 1238 688060
1848 2163 893076
1131 1746 336787
2272 1417 428981
2013 1584 833525
1895 1807 892107
116 2224 489332
1543 1736 280404
168 1905 113715
2190 1394 472592
2448 398 127479
1910 171 263801
801 1964 210902
967 843 233208
875 1351 70010
57 0
0 0
0 0
0 0
0 994
3552 0
0 0
0 1453
1207 0
0 0
0 125
39 0
0 860
0 0
0 0
307 0
0 0
4856 0
0 23
0 912
0 0
0 0
0 72
0 1809
0 94
0 0
0 109
0 0
0 0
0 1318
0 0
6784 0
0 0
0 0
0 332
0 0
0 204
0 141
0 0
0 346
2139 0
0 1120
0 0
0 140
0 0
0 625
0 0
1045 0
1301 0
0 226
0 257
0 0
0 146
0 0
0 1553
0 0
0 0
5456 0
0 0
0 0
818 0
0 0
746 0
0 1320
0 141
0 568
0 0
4812 0
0 481
0 82
0 0
0 0
0 406
0 0
0 631
0 0
0 247
0 0
429 0
0 0
0 0
144 0
0 0
0 61
4937 0
0 755
0 0
1611 0
0 1268
0 0
0 0
2032 0
3057 0
0 95
0 0
0 0
0 0
803 0
0 0
0 0
0 0
0 0
1438 0
0 0
0 0
0 0
0 463
0 0
0 0
1529 0
0 0
0 1369
0 26
538 0
0 756
0 0
0 254
0 125
0 0
0 651
0 0
2413 0
0 37
0 0
4347 0
4651 0
0 179
515 0
0 314
0 1354
0 159
0 0
0 75
2396 0
0 0
0 345
6075 0
0 0
0 0
251 0
0 0
0 379
0 0
0 0
0 724
1870 0
0 212
0 1675
0 0
725 0
0 348
1023 0
0 52
0 711
0 0
0 188
0 711
724 0
0 0
0 0
0 0
0 0
12162 0
0 0
0 0
0 951
0 0
0 51
0 1126
0 241
0 682
0 95
0 229
0 0
0 0
0 206
0 0
0 0
0 0
2318 0
0 0
0 0
0 0
0 1392
0 1
0 0
0 0
0 0
0 0
0 0
0 509
0 0
2936 0
3348 0
0 0
0 393
0 0
0 1137
0 0
0 0
0 0
0 236
0 61
0 1643
0 332
0 723
0 0
373 0
0 0
0 342
747 0
0 31
0 0
0 0
0 0
0 21
0 0
0 100
0 532
0 157
0 0
0 0
0 29
0 0
0 280
0 0
0 0
4912 0
0 0
0 0
0 142
0 0
0 0
0 1601
0 0
0 836
0 704
0 0
474 0
97 0
0 124
0 0
0 0
0 0
0 0
0 296
0 0
0 0
1455 0
0 81
0 0
0 0
0 0
0 0
5915 0
4710 0
0 0
2199 0
623 0
795 0
1844 0
2636 0
0 202
0 0
0 20
0 0
0 659
0 0
0 62
0 0
0 0
0 0
0 75
0 0
0 0
0 244
4029 0
0 0
332 0
0 0
378 0
0 0
0 562
0 467
0 0
0 0
0 0
0 0
0 2658
0 0
0 274
0 293
0 0
0 118
1252 0
0 0
0 0
0 0
0 744
0 109
918 0
0 0
0 0
0 374
0 1042
0 0
0 0
917 0
0 0
0 0
0 0
0 0
0 0
3419 0
0 0
0 0
0 0
0 21
449 0
0 0
554 0
0 60
0 0
1061 0
0 0
0 370
824 0
0 307
0 880
0 0
0 0
0 271
585 0
1152 0
0 0
5002 0
0 0
5667 0
0 0
0 0
0 172
0 0
0 0
2275 0
0 589
3168 0
0 11
0 11
4083 0
0 0
0 234
0 0
0 0
0 0
0 337
0 1300
1064 0
0 0
1512 0
0 0
3374 0
0 404
0 0
0 0
0 174
1234 0
0 0
0 0
0 0
162 0
4067 0
0 0
0 0
634 0
0 0
0 1037
0 0
0 71
0 0
0 0
0 533
0 0
0 0
0 0
0 376
0 0
0 0
0 0
0 998
0 0
0 0
0 0
0 1063
6889 0
0 0
0 760
0 255
2037 0
907 0
0 102
0 0
0 55
0 0
0 53
0 0
0 185
0 0
1642 0
2165 0
1094 0
2458 0
0 21
0 296
0 0
0 0
0 0
0 0
0 0
0 492
0 225
0 1117
563 0
949 0
0 113
0 20
0 65
0 2105
0 0
1928 0
0 1127
2248 0
0 0
0 0
30 0
3176 0
0 171
0 0
0 0
0 0
0 0
0 128
0 0
0 274
0 964
0 0
0 0
0 125
0 101
0 0
0 0
0 0
0 0
0 620
0 672
3751 0
0 0
0 127
0 0
0 0
838 0
0 0
0 0
0 742
0 0
0 266
0 0
0 164
7 0
0 0
3627 0
0 0
6060 0
0 0
0 0
0 766
0 0
430 0
0 0
0 864
0 0
1947 0
0 0
0 2006
0 0
224 0
0 0
0 493
3390 0
0 0
725 0
0 237
0 40
0 0
0 400
0 59
0 0
0 0
3237 0
1814 0
0 0
0 995
0 101
0 504
0 0
0 0
0 32
0 63
0 0
0 22
0 0
0 5
3232 0
0 138
0 220
0 529
0 309
0 0
497 0
0 0
2000 0
3152 0
0 0
0 0
66 0
0 0
0 0
0 0
2238 0
0 0
0 727
0 0
0 234
0 0
2355 0
0 0
0 0
0 0
0 1485
0 0
0 0
0 0
0 0
900 0
398 0
0 0
0 1545
0 43
2312 0
0 34
0 0
0 0
1731 0
0 0
0 210
0 252
0 0
0 0
0 189
0 1282
0 0
1946 0
0 0
1066 0
0 0
0 1277
292 0
2494 0
0 0
0 83
2974 0
0 0
0 0
0 0
0 0
0 0
0 136
1057 0
0 0
2662 0
0 0
0 520
0 348
770 0
0 0
0 705
0 0
0 290
0 144
1321 0
0 0
1146 0
0 0
0 767
0 0
0 343
2635 0
2593 0
0 0
0 646
0 0
0 0
0 0
1983 0
0 265
0 875
0 0
0 0
5901 0
0 0
898 0
0 0
0 0
0 241
0 0
0 0
0 0
712 0
0 62
0 0
0 0
0 1715
784 0
0 570
0 0
0 0
0 647
0 0
0 0
0 1000
0 0
0 62
0 200
0 0
0 431
0 308
0 0
0 0
0 919
276 0
0 146
6222 0
0 0
0 0
0 0
0 0
0 0
0 0
2815 0
0 134
0 0
0 0
0 0
0 0
3583 0
0 0
0 149
7780 0
0 0
0 0
0 0
0 1432
909 0
0 262
0 85
0 0
0 0
0 0
0 0
2039 0
0 951
0 555
2950 0
1616 0
0 0
0 0
338 0
0 0
0 0
0 283
0 485
1097 0
0 0
0 806
0 477
0 0
672 0
0 397
0 0
0 0
0 0
0 0
0 0
0 0
426 0
0 0
2499 0
0 755
0 0
1889 0
0 67
2872 0
2154 0
0 0
0 1921
603 0
0 0
3447 0
0 195
0 0
2012 0
2354 0
0 1330
2465 0
0 0
0 386
0 355
0 53
1501 0
0 0
2104 0
0 164
0 0
0 0
0 0
0 322
0 361
0 0
0 310
0 214
24 0
0 357
0 0
0 0
0 0
0 0
0 680
0 0
0 451
0 162
0 445
438 0
0 0
0 0
0 0
0 0
2621 0
0 0
0 249
11929 0
0 0
0 0
0 371
2202 0
0 1019
1347 0
59 0
0 130
0 1751
0 0
0 318
0 0
0 0
0 0
0 0
0 302
0 630
0 0
0 0
0 0
0 0
3547 0
0 1114
0 0
0 0
0 0
0 294
0 0
0 0
0 811
1224 0
0 86
0 1330
0 0
1110 0
1548 0
0 0
3701 0
0 0
0 0
0 0
0 0
0 0
0 0
0 150
0 0
0 0
0 0
0 925
289 0
874 0
0 255
0 294
0 380
0 0
0 218
0 0
0 654
0 2711
0 0
0 398
1026 0
0 131
0 0
0 0
0 0
0 202
0 0
0 0
1541 0
0 872
0 0
0 145
0 1399
0 0
4986 0
0 0
0 381
0 0
0 18
1345 0
0 0
0 0
1619 0
0 0
0 1764
0 0
0 30
0 0
0 0
0 0
0 173
0 48
0 0
680 0
0 0
4475 0
616 0
0 0
2 0
0 0
0 0
0 0
0 0
0 2038
0 613
0 705
1110 0
0 0
0 0
2046 0
255 0
0 0
212 0
0 742
0 0
966 0
0 0
0 0
0 4
0 6
0 106
0 13
0 0
0 0
0 0
1469 0
0 0
0 0
0 0
0 0
0 0
0 0
0 574
0 0
0 0
0 0
214 0
0 0
0 0
0 39
3378 0
0 0
0 0
0 240
0 0
0 385
3482 0
0 0
600 0
0 0
0 0
0 498
0 0
0 0
380 0
123 0
0 0
0 0
0 0
0 0
2205 0
0 247
0 0
0 0
0 2044
0 996
0 312
0 0
114 0
0 0
0 727
0 0
0 114
0 0
0 0
0 0
439 0
0 613
0 2
0 32
0 0
0 0
0 0
0 0
0 0
0 654
0 0
0 0
0 0
0 65
0 0
0 0
0 138
5617 0
0 0
0 0
0 1585
0 0
0 0
0 664
31 0
0 0
0 833
500 0
0 436
0 0
0 0
3355 0
4625 0
0 0
67 0
0 186
0 124
0 0
0 400
10 0
0 0
0 0
1815 0
1236 0
0 0
0 0
0 0
0 0
8070 0
0 529
0 0
3035 0
789 0
0 100
0 0
0 0
0 0
0 64
0 21
0 736
0 0
0 275
0 0
0 0
0 0
0 0
0 0
297 0
0 0
0 0
4633 0
0 0
0 0
0 0
0 0
0 601
0 0
0 0
0 953
0 748
1312 0
0 466
0 0
0 0
0 0
0 0
0 0
555 0
1542 0
0 445
782 0
0 231
0 0
0 479
1327 0
0 0
0 398
0 402
0 246
0 37
0 0
668 0
685 0
2357 0
0 0
3655 0
898 0
1116 0
0 0
0 0
3039 0
1097 0
0 104
0 482
0 1546
0 0
0 0
0 0
0 0
0 0
0 371
3300 0
0 0
0 0
0 0
0 44
0 1801
0 330
0 206
0 0
0 0
109 0
0 0
0 91
1506 0
0 0
0 259
0 0
0 0
0 103
0 0
0 0
8015 0
0 0
0 0
0 367
0 471
0 149
0 1367
0 0
0 154
0 1106
0 0
3612 0
0 394
0 0
655 0
0 0
0 0
0 0
0 0
0 448
0 0
294 0
2418 0
0 0
0 0
3158 0
0 0
0 0
0 139
0 0
2153 0
0 444
904 0
0 128
0 0
0 0
218 0
0 0
0 0
0 0
0 64
7589 0
0 509
0 447
0 0
0 0
0 0
918 0
0 0
2524 0
0 0
0 412
0 0
2226 0
0 482
0 0
0 0
0 0
0 425
2504 0
69 0
0 0
398 0
0 0
0 0
0 0
0 460
0 0
5366 0
0 417
0 0
0 0
2900 0
0 0
0 0
0 0
518 0
0 0
0 0
0 892
0 471
0 0
2409 0
0 0
0 0
0 526
0 0
0 0
0 0
0 0
210 0
0 143
0 0
0 0
0 0
0 0
0 0
0 0
0 0
0 0
0 0
0 0
0 66
0 0
0 1107
0 0
0 537
0 121
0 0
0 0
0 87
0 0
4764 0
0 0
0 817
0 1581
0 194
5385 0
0 114
0 0
0 0
0 0
0 0
0 752
48 0
0 676
0 0
0 0
0 0
0 0
0 0
0 0
0 22
245 0
0 0
698 0
257 0
0 212
0 0
978 0
1714 0
0 0
0 0
310 0
0 439
0 97
0 0
0 0
0 112
0 739
0 0
0 0
0 0
0 0
6572 0
0 0
0 0
77 0
0 509
0 0
0 0
0 0
0 604
0 0
0 0
1128 0
0 0
0 0
0 890
0 531
0 0
0 0
0 1678
0 158
0 0
0 531
0 0
0 10
0 228
0 0
0 0
0 258
0 2489
0 0
0 0
2352 0
0 590
0 0
0 0
0 0
0 0
0 0
0 0
0 0
0 150
0 0
0 240
0 0
0 0
167 0
0 0
0 320
0 0
742 0
0 47
358 0
0 0
0 0
0 0
0 0
479 0
0 0
0 0
0 0
0 0
0 0
0 0
1089 0
0 134
0 0
0 1501
0 12
2564 0
0 0
0 0
0 0
0 2387
0 0
0 0
4051 0
0 122
1803 0
0 0
2491 0
3192 0
0 0
0 0
0 0
0 670
0 0
0 0
4364 0
0 1383
0 0
0 683
0 167
0 0
0 0
0 135
0 0
0 991
1495 0
0 0
2113 0
0 1124
0 0
0 0
0 0
4872 0
0 0
696 0
0 0
0 2576
0 569
0 0
0 0
3378 0
6255 0
0 0
0 0
0 0
0 0
0 0
859 0
0 195
0 136
0 0
0 1520
0 1169
0 0
4349 0
0 0
0 0
0 0
11 0
0 209
930 0
0 0
0 0
0 0
2126 0
0 0
0 0
0 0
0 307
0 0
0 0
0 135
0 0
0 0
0 306
0 0
0 0
0 210
0 0
0 0
2418 0
0 0
0 0
0 0
0 0
0 0
0 0
0 0
3501 0
817 0
2997 0
365 0
0 956
0 0
0 0
2422 0
0 0
0 0
0 118
0 0
0 1154
0 1391
0 0
1383 0
0 249
0 1691
0 0
1352 0
0 0
0 380
228 0
167 0
0 0
0 527
2052 0
0 973
0 0
0 0
3575 0
0 0
0 0
0 0
0 0
0 0
58 0
0 777
0 0
0 88
0 5
0 1240
0 907
3784 0
0 630
0 0
0 0
0 0
0 0
0 197
0 0
0 53
0 0
0 96
0 0
0 0
679 0
0 0
0 0
0 999
0 0
0 1033
0 0
0 0
0 0
0 806
0 0
0 0
410 0
0 33
0 156
0 304
0 593
0 0
0 252
2760 0
1486 0
0 0
0 0
1410 0
0 0
0 163
97 0
0 0
0 0
2204 0
0 0
0 0
0 0
0 574
0 0
0 251
3025 0
0 0
4400 0
0 94
0 182
0 0
0 0
2318 0
0 0
0 0
0 0
0 0
0 517
0 522
0 0
0 0
337 0
1289 0
0 1065
0 0
0 164
0 1082
0 0
5764 0
5732 0
1629 0
0 0
0 357
0 38
0 0
5842 0
0 0
0 539
0 0
0 114
1597 0
0 927
0 337
0 0
0 0
0 510
822 0
0 0
0 157
0 0
0 617
0 0
0 0
0 0
411 0
0 0
0 0
0 684
0 0
0 0
0 0
0 0
0 0
0 0
0 0
0 0
1636 0
0 0
0 0
0 0
0 0
0 3
1508 0
0 0
191 0
0 712
0 0
0 0
0 0
0 0
0 0
470 0
0 4
0 92
0 696
0 727
0 859
0 0
0 292
0 0
0 1351
0 0
0 0
0 969
0 0
0 902
0 0
16 0
0 0
0 0
0 0
0 219
0 0
0 303
0 0
0 1252
0 0
0 261
0 771
0 381
0 129
0 0
783 0
0 163
1489 0
0 0
0 136
0 0
0 208
0 0
0 0
0 0
0 0
0 27
577 0
0 0
0 3910
118 0
0 0
1802 0
0 0
541 0
0 0
0 0
0 0
0 0
0 0
0 627
0 309
0 0
920 0
0 0
0 0
0 0
0 0
0 0
0 0
0 766
0 0
0 0
0 1139
0 0
0 0
0 0
0 2
0 629
0 0
0 115
2811 0
1679 0
0 0
0 0
0 351
0 477
0 638
4318 0
0 100
0 0
0 0
0 0
0 1045
0 0
109 0
3830 0
4038 0
0 0
0 745
0 97
874 0
3212 0
0 495
0 577
0 653
2527 0
868 0
0 0
604 0
0 561
0 111
931 0
0 0
0 0
0 0
0 0
0 449
1152 0
6087 0
0 3
0 0
0 0
0 0
0 0
0 0
0 0
1811 0
0 0
0 0
220 0
1496 0
0 16
0 0
0 0
5808 0
0 0
0 0
0 939
0 304
0 0
0 0
0 0
0 391
0 24
0 0
0 187
0 39
0 0
0 0
126 0
5177 0
0 993
0 1034
0 238
0 277
268 0
3510 0
0 548
0 271
0 0
0 290
0 0
0 506
367 0
0 0
0 785
0 126
1688 0
0 0
0 0
0 0
0 830
0 0
0 367
0 815
0 0
0 78
0 482
0 0
0 511
203 0
0 480
712 0
2147 0
0 342
0 0
0 0
0 0
0 0
0 1565
1814 0
0 0
0 0
0 0
4377 0
0 0
0 0
0 588
765 0
0 73
0 0
0 0
0 0
0 505
0 741
0 25
0 155
0 0
0 0
0 338
0 552
0 118
1559 0
0 0
0 0
0 0
0 164
0 92
0 0
0 291
524 0
0 0
0 0
1525 0
0 0
1494 0
857 0
1012 0
0 1596
0 0
0 1693
0 0
0 0
0 25
0 0
0 0
0 0
333 0
0 0
0 223
233 0
4819 0
0 0
0 49
0 0
0 696
0 0
0 412
0 0
0 24
0 273
0 0
0 0
0 10
2874 0
0 0
0 401
386 0
0 0
0 177
0 180
0 0
0 0
0 0
0 0
0 0
0 0
0 0
0 834
0 0
0 0
144 0
979 0
0 0
0 0
0 558
0 0
0 0
0 0
0 0
0 0
0 402
0 0
0 0
0 1149
0 204
0 0
1345 0
0 0
0 0
0 0
1856 0
2389 0
0 2619
5426 0
0 572
0 0
0 0
0 224
0 0
907 0
710 0
0 1284
0 0
521 0
0 0
0 368
0 1191
0 0
0 78
0 0
0 0
0 0
0 0
0 0
1696 0
3111 0
1142 0
0 0
2274 0
0 0
0 1447
0 293
0 0
0 274
0 137
2123 0
364 0
0 81
0 73
0 0
0 0
0 1002
356 0
0 0
0 99
0 356
0 1954
0 0
3181 0
1001 0
0 555
0 554
0 0
0 685
0 0
104 0
0 356
0 40
0 0
0 1826
0 1166
0 0
0 89
6055 0
0 113
0 111
0 253
2178 0
0 350
0 143
0 0
0 0
0 1005
0 297
0 0
0 0
0 176
0 0
1832 0
0 0
0 590
2038 0
0 0
0 0
292 0
165 0
0 453
0 0
0 1132
7704 0
0 40
0 370
178 0
0 0
0 237
3199 0
0 1159
0 208
0 0
155 0
0 0
0 23
0 1065
0 360
0 0
0 1159
543 0
28 0
445 0
0 0
0 0
0 0
0 479
310 0
0 0
0 1095
0 776
0 273
0 0
0 140
0 103
0 0
0 120
207 0
0 0
0 0
0 174
0 0
0 0
0 0
0 0
988 0
0 0
0 0
0 131
0 0
0 165
0 688
2954 0
2147 0
0 0
628 0
0 0
1164 0
0 0
0 0
0 506
258 0
0 0
0 0
0 0
0 0
0 437
0 1142
0 0
0 631
0 870
0 277
0 0
0 0
0 0
0 0
0 0
0 357
0 0
0 1262
0 1135
0 426
0 0
0 452
0 4
0 1076
0 0
0 698
0 409
0 0
0 225
3357 0
0 0
0 90
0 0
0 0
0 0
0 0
0 0
0 798
0 15
368 0
293 0
0 0
0 0
0 0
0 0
0 0
0 19
0 0
2935 0
0 0
0 0
2642 0
0 0
0 393
0 0
0 0
0 0
0 0
0 0
0 210
0 0
0 0
0 0
0 768
0 522
0 599
0 0
673 0
0 0
0 0
0 23
0 337
0 0
0 0
1856 0
839 0
0 0
0 0
739 0
0 0
0 0
0 645
0 663
0 555
0 0
0 0
0 165
0 0
0 486
0 0
0 0
0 0
0 0
0 724
0 0
0 0
0 0
0 0
0 0
997 0
0 0
0 0
7966 0
0 0
0 121
0 0
0 142
0 719
0 0
0 0
0 0
0 279
0 746
0 0
0 55
0 0
0 0
16 0
0 0
0 0
0 0
0 36
1108 0
0 3232
5300 0
0 0
0 0
0 155
0 0
0 0
0 0
56 0
0 862
0 0
0 0
0 0
1876 0
0 0
1695 0
0 0
3110 0
0 0
0 346
0 0
0 0
0 0
0 0
0 0
158 0
313 0
0 0
2310 0
0 0
0 0
0 0
0 0
0 916
0 0
0 0
1266 0
0 0
0 0
412 0
992 0
0 0
0 0
0 59
0 505
12239 0
0 0
231 0
0 0
0 0
0 1189
0 0
0 10
0 0
0 556
0 732
0 0
0 0
2383 0
1405 0
0 0
229 0
0 525
0 0
0 0
0 0
999 0
0 0
0 0
0 0
0 0
0 0
0 509
8357 0
0 0
0 64
0 0
0 0
0 0
0 0
2179 0
0 17
0 0
0 534
2179 0
163 0
0 0
0 0
4755 0
1583 0
0 0
1576 0
0 12
0 0
0 0
834 0
0 0
0 1637
0 327
0 0
0 0
0 0
1359 0
0 0
0 0
0 0
0 1337
0 0
2291 0
0 0
0 0
4258 0
0 0
0 0
0 220
0 99
0 0
2737 0
0 0
0 0
0 0
0 181
0 8
0 0
4077 0
366 0
621 0
0 125
0 0
1885 0
0 0
0 432
487 0
0 455
3767 0
0 0
0 539
3255 0
0 49
0 0
0 0
0 1352
0 326
0 0
0 0
0 1217
0 0
0 280
0 0
0 0
11 0
0 0
0 98
334 0
0 164
0 0
0 618
0 0
0 768
0 0
0 0
0 641
889 0
0 0
0 0
0 241
0 508
3811 0
469 0
0 0
0 0
0 631
0 0
5169 0
0 124
0 600
3696 0
0 0
852 0
0 481
0 0
4822 0
1188 0
0 0
0 0
671 0
0 1154
0 0
0 0
0 0
0 0
0 0
0 0
153 0
64 0
0 0
2958 0
0 0
0 0
0 1184
0 0
0 0
0 1430
0 330
0 0
434 0
0 497
0 0
0 148
0 0
0 0
0 476
0 0
0 224
0 0
0 398
0 0
1428 0
2509 0
0 0
0 0
0 0
0 636
0 0
0 80
0 230
0 0
0 0
0 613
0 0
0 676
0 0
0 204
0 0
0 589
0 721
1511 0
0 0
0 0
0 626
0 60
0 0
0 0
0 0
17 0
486 0
0 907
0 0
1006 0
5742 0
1845 0
1499 0
0 0
2306 0
337 0
779 0
0 0
0 0
0 0
0 645
2850 0
0 387
0 133
0 0
0 349
2148 0
0 0
0 117
3462 0
0 1388
0 128
0 204
0 0
0 0
0 0
0 0
653 0
0 0
0 0
0 0
0 0
0 0
0 374
0 0
700 0
0 0
0 0
0 0
0 338
0 0
0 0
0 71
2904 0
3509 0
2687 0
0 15
0 0
2168 0
0 544
0 0
0 37
544 0
348 0
0 0
2783 0
0 281
0 0
0 0
3128 0
0 0
0 0
0 0
0 0
0 397
313 0
1670 0
0 616
3 0
0 336
1164 0
0 213
0 0
0 1
162 0
0 0
0 0
0 0
0 1524
0 0
0 3
0 0
0 2
0 6
0 0
4284 0
0 0
0 0
0 0
0 0
2012 0
0 0
0 0
761 0
0 90
2671 0
0 759
612 0
0 66
0 0
0 814
0 0
279 0
0 0
0 30
0 338
0 0
0 153
0 81
0 0
0 0
0 0
0 0
7514 0
0 0
0 0
738 0
2642 0
0 282
0 204
0 0
0 648
0 0
0 414
0 0
0 58
0 0
0 485
0 0
0 152
0 136
0 1671
3985 0
0 1218
0 1242
0 18
0 0
0 504
1853 0
0 0
0 0
0 1080
