389
169 205 257155
297 62 494645
257 211 374741
380 262 511191
340 215 794649
148 363 327046
75 265 87256
10 312 15296
56 177 301129
167 200 362755
370 311 179537
27 290 47031
248 150 687932
118 148 728834
271 120 360406
334 117 905994
21 281 649271
345 331 915929
170 271 465309
131 352 746644
382 90 715140
280 133 529444
74 265 24846
341 343 570668
70 354 152532
345 244 448337
69 292 428738
74 87 875279
314 222 689603
257 13 127747
150 342 631582
192 72 631991
268 262 248384
316 6 50386
222 1 674012
173 125 249177
296 135 33836
280 274 775914
385 197 375479
93 257 784283
26 128 379849
90 225 849198
387 58 507242
320 202 217089
282 52 615623
9 379 304434
328 101 650257
60 251 182803
161 309 612338
40 244 502111
114 166 141343
13 89 345140
71 253 410877
88 63 729730
70 343 352336
242 295 957211
174 144 79071
208 308 478304
153 208 611709
303 323 776157
176 84 250510
80 146 348733
160 278 276862
318 229 184067
134 249 668416
350 110 923591
278 389 318605
81 356 402829
77 194 998197
28 136 804008
139 128 789205
329 186 151673
242 344 654113
350 217 900866
71 296 747113
147 292 5577
139 127 746058
213 155 693680
31 101 372033
101 36 419704
90 138 782704
365 292 362662
159 215 353619
153 302 589011
187 63 168860
95 149 478540
284 76 753722
231 322 646214
208 219 625495
174 164 422688
132 343 228796
354 332 181992
147 49 178633
244 353 136303
374 359 471671
99 235 531717
15 4 918367
192 236 801296
231 387 511230
232 301 964661
142 301 795275
16 322 316452
59 23 224527
222 335 588287
106 338 136642
188 335 386810
127 114 50375
15 24 423882
348 160 684511
252 346 495269
185 101 969988
299 357 875722
291 197 677710
44 273 528194
270 40 198000
335 139 283991
139 129 572987
17 238 660325
135 66 496928
202 252 645004
374 230 371274
210 254 443940
325 54 324825
153 109 62470
53 210 39785
143 75 662826
200 196 755644
317 252 60676
350 262 89410
183 123 177806
203 58 698818
248 208 125757
367 171 520017
97 9 962102
178 235 116047
335 70 525970
347 50 854508
194 260 840955
77 84 343346
374 22 59203
6 311 776529
351 140 294774
33 148 489255
51 121 769341
355 11 127636
53 274 987834
237 106 695174
31 316 638633
161 293 939125
310 146 418412
157 121 998212
272 278 728720
308 197 64537
77 10 728393
120 161 59456
170 47 772555
282 245 572977
292 129 490236
353 37 56498
226 347 716341
9 34 301590
221 164 121394
175 254 610306
45 57 892669
222 340 50491
35 294 285218
154 128 668305
156 286 642438
383 165 173364
298 56 341523
300 200 450306
30 210 183823
319 260 729
97 92 976491
361 292 637358
369 204 756398
208 192 853802
358 309 385267
67 316 532192
90 267 658733
86 287 495719
28 195 137093
116 34 887517
297 261 191801
3 349 20707
13 84 893951
239 302 557098
3 337 474309
324 229 763500
357 248 270168
161 39 827368
139 355 29384
48 206 745783
259 308 57213
205 282 229900
82 31 906221
307 335 822809
50 41 219759
162 205 588739
73 363 799846
342 388 828156
289 338 490834
371 181 168041
79 339 818420
250 205 523822
340 275 643217
376 31 203040
99 95 257311
210 214 231423
199 33 151872
9 2 726890
102 340 364939
252 104 497732
323 340 669185
376 196 294957
184 379 55240
119 272 870286
18 46 665508
163 241 191632
244 364 256838
12 387 889721
340 256 851
7 172 623369
40 44 329437
88 371 234516
161 86 391089
384 156 427936
98 117 651730
29 156 774672
178 361 423070
115 197 956871
112 146 999021
340 277 885431
223 43 945785
26 202 526983
349 265 416128
29 14 16274
194 212 853020
367 34 88425
230 64 32499
288 303 476952
19 373 306796
234 210 529333
305 247 503437
26 216 11775
49 105 41423
10 146 616203
55 304 957755
360 116 819463
74 204 499727
262 309 841703
335 243 576
290 246 406463
68 303 252163
313 44 421469
36 263 826351
141 303 29875
278 219 119695
126 248 604666
112 255 851909
97 201 916992
5 156 443548
96 305 199688
127 182 558018
368 34 873815
345 100 481510
191 56 573243
351 158 222930
171 221 840093
63 323 492536
333 45 226712
41 140 443411
230 125 611120
377 136 576031
190 289 130288
79 290 349877
81 20 785381
125 330 207979
381 265 749137
31 8 959326
254 148 164597
7 139 123226
336 168 303350
139 347 95847
84 179 764432
32 276 500369
298 326 464275
140 297 830003
249 248 962077
264 225 405998
349 180 881648
6 258 173805
54 338 413054
78 2 398601
193 162 597100
82 135 879634
70 205 332752
309 301 990046
9 103 940210
227 50 464202
6 70 725499
306 204 784036
165 124 521813
18 183 164171
45 25 304860
231 128 446819
21 63 710871
38 289 125635
211 56 569921
354 290 961917
94 59 195244
357 189 466869
131 129 69566
375 325 152404
278 224 206922
304 323 82586
130 210 105024
367 238 665852
335 262 9375
266 76 216682
374 75 326762
84 42 389971
342 151 907744
124 51 839607
269 178 618319
222 9 463062
150 378 307657
205 372 927108
206 136 862964
303 61 686695
251 30 44177
94 240 467887
269 315 153725
219 338 568291
262 305 647628
65 148 635706
91 28 416941
84 136 878438
270 207 452790
329 230 622941
98 311 631963
107 188 248637
350 111 452219
228 353 131963
154 209 106345
49 145 644592
347 210 430495
50 35 125506
76 122 118623
45 128 672850
32 127 335193
354 318 232291
120 266 999377
152 137 725560
327 25 216742
192 283 989396
362 110 529834
205 220 881402
81 244 284499
155 138 869207
233 385 273634
230 124 326297
152 343 307893
4 61 339826
74 19 559698
279 351 734203
335 150 218121
196 386 556045
198 388 724128
218 127 380916
43 224 926425
74 366 240441
244 277 860192
219 163 940777
10 23 552643
99 113 349868
336 127 553551
83 11 87703
309 75 97375
194 225 666338
242 182 313245
183 256 931745
85 63 312756
266 108 970707
285 371 607419
356 29 899712
321 267 150733
139 225 583445
2758 158
487 35
1075 221
464 2
195 231
2621 396
2404 295
1949 273
883 349
269 330
413 7
1201 241
48 15
286 55
1152 504
384 515
47 142
12 5
1499 1
3236 6
621 42
2552 14
266 11
419 119
394 198
55 266
37 161
766 132
108 849
1724 417
2766 122
102 77
47 208
463 77
165 373
2215 12
345 75
604 325
379 69
866 393
468 11
342 368
671 8
135 91
3375 645
859 265
60 416
180 219
2202 12
838 74
68 402
172 193
40 121
145 15
1030 33
2015 120
2172 226
150 181
392 140
578 18
284 168
1374 151
305 524
220 74
947 106
827 355
2801 14
639 54
698 176
368 290
198 255
836 28
855 202
515 40
1347 275
401 144
5 594
40 80
2095 114
498 544
1411 97
72 99
71 8
1562 129
502 78
677 196
2030 55
311 24
293 598
133 148
44 185
1028 392
1443 149
968 10
133 66
1587 217
544 85
481 43
224 96
949 67
45 58
135 201
1173 351
729 309
764 279
599 216
1680 61
127 125
204 135
292 481
143 46
497 31
2060 246
205 30
110 73
81 7
2134 243
602 261
1775 4
319 306
168 22
936 164
492 102
312 15
751 520
300 47
1824 176
66 46
1751 126
1648 42
1250 15
113 55
130 33
1152 8
2944 240
619 267
217 390
728 43
3705 188
6 170
582 97
551 277
61 927
1613 84
364 240
887 380
3360 211
58 50
3354 34
7 134
2323 8
1271 480
862 202
40 20
117 167
59 283
24 59
742 11
40 16
1078 2
229 66
2118 195
1665 105
928 181
78 197
2274 129
395 34
1011 253
1121 244
85 117
494 52
61 282
356 234
93 115
92 113
211 100
712 27
2242 207
1520 119
561 295
130 125
301 159
2389 6
103 176
2337 3
2138 322
363 70
2484 15
997 33
544 138
1589 406
38 106
619 54
125 48
756 30
52 43
144 18
998 240
167 36
317 149
1707 6
18 290
7 121
514 23
538 503
701 48
102 348
1144 29
15 105
813 17
37 48
1048 52
358 212
113 126
688 146
1945 124
180 52
858 107
657 315
516 276
416 109
163 6
374 343
104 70
2208 106
676 239
515 219
1987 241
44 9
841 22
13 726
1290 42
242 36
1736 228
1275 399
152 187
459 374
110 126
650 48
1241 82
158 62
811 366
860 605
39 34
358 43
257 86
1 19
879 44
1353 244
2694 105
435 914
662 60
2952 430
1544 62
30 215
325 117
372 122
759 56
573 77
291 258
164 302
1273 61
114 52
488 19
563 76
2 245
410 265
459 229
743 70
5145 33
458 14
1578 607
681 134
302 33
979 342
266 38
171 42
121 293
514 238
140 202
683 317
473 132
1073 449
1091 30
588 210
180 245
17 211
613 89
40 113
894 132
2473 586
413 387
699 659
96 90
176 14
320 69
12 63
112 204
333 280
172 62
648 136
82 168
1516 183
1744 352
218 162
564 215
1160 316
46 55
126 234
541 70
172 192
321 19
1968 42
759 51
370 132
260 215
239 141
67 10
1682 53
1255 248
369 16
178 39
125 151
710 122
760 24
297 17
1387 153
1437 207
46 113
472 338
533 76
39 72
190 186
266 245
646 51
651 20
439 18
224 375
958 123
241 157
604 337
476 317
1831 63
1458 360
654 123
444 532
65 135
4010 94
3907 83
1293 174
241 371
2113 231
68 31
684 545
515 25
365 159
32 44
1510 1
156 162
550 310
1678 315
1400 202
2169 42
1681 208
589 337
757 125
823 9
2087 60
4 264
1647 375
193 59
598 54
1445 52
3065 241
416 196
1234 40
1782 58
1739 18
432 8
1352 13
1186 12
68 71
532 12
2349 238
37 132
2261 89
501 187
1717 39
559 270
