202
87 95 261598
91 24 551173
104 162 359251
21 147 959884
91 62 26380
177 79 685351
187 34 928441
188 200 337595
128 158 354029
128 70 36262
156 178 262944
42 99 821115
136 196 970685
159 100 360389
17 194 85847
10 107 342932
149 154 872449
198 194 928127
30 85 583434
73 115 349835
188 202 839254
131 33 685054
86 167 498564
68 22 546631
10 98 67440
82 191 355946
111 11 370165
117 164 777982
192 191 703342
88 173 432000
161 16 958244
106 159 404906
54 77 775843
199 1 204527
182 125 774694
116 43 37358
63 151 658417
94 40 664258
188 111 329473
7 195 887027
30 200 133106
178 202 719380
130 76 929862
148 185 867371
39 176 904772
117 184 913200
179 18 89804
37 140 117571
10 63 51085
202 82 117987
51 63 375378
161 60 265844
159 72 677849
161 21 782777
153 152 172140
174 136 31653
64 186 474602
171 12 211885
147 194 908679
172 72 952255
182 38 599241
175 63 390418
81 26 784461
191 99 525494
114 132 626988
197 2 585684
27 80 31272
33 68 646195
93 182 557030
35 33 452687
138 93 536505
45 190 215992
110 182 234452
1 51 317678
180 71 597626
160 147 977054
38 3 598767
27 29 486325
126 184 651268
57 161 488571
95 170 303977
182 52 282412
82 130 205706
55 20 713222
115 191 151985
143 135 219940
167 136 791056
85 43 8117
122 99 471522
153 72 525027
113 68 81500
194 32 41008
109 16 822392
154 42 350309
23 14 833565
36 29 354
113 165 186856
146 127 956193
188 150 541810
3 95 868587
66 49 223991
146 108 70368
136 117 546419
200 19 436455
95 90 705483
141 155 404290
47 130 581103
112 63 965703
104 82 176492
74 144 597711
97 114 720217
140 41 294137
110 28 709287
92 130 340804
133 11 518652
191 63 824667
147 169 616847
120 67 597622
57 135 175146
77 56 765624
118 29 393162
179 109 100364
63 125 604271
53 64 282530
126 34 725711
5 64 652081
15 80 424954
161 123 178362
57 83 513975
48 195 72579
22 173 787023
163 178 206442
39 46 466995
197 30 861409
159 63 671485
27 108 633535
48 108 815359
139 93 760316
181 150 998059
105 44 311397
111 20 817092
65 134 342614
61 45 308375
119 160 870757
185 5 54724
29 201 439777
102 143 406443
117 82 847329
84 145 570882
7 66 337084
95 94 101362
128 149 738606
141 126 595436
184 13 345563
125 166 324509
105 162 330173
72 25 321650
157 42 372530
200 45 495269
200 113 236019
184 21 150375
75 121 629075
7 50 666250
101 149 175376
9 67 88986
137 74 113632
145 114 521084
183 146 675504
124 144 841866
8 171 26410
103 183 827262
108 4 404337
142 27 902384
115 59 770940
117 56 888822
153 78 646937
129 190 668626
31 168 89906
184 75 781406
96 184 239180
134 63 766800
69 54 697006
177 10 325538
80 168 563444
137 33 99568
23 184 823852
37 135 798080
193 157 807500
191 9 321116
147 89 962191
84 72 319801
189 24 193223
162 48 362342
176 6 245377
63 91 794543
146 64 114515
98 12 290119
202 176 695527
180 177 43404
66 81 66372
170 58 987943
12 47
11 63
38 41
17 55
96 4
47 22
62 160
44 27
97 111
23 95
42 12
19 18
16 2
109 3
38 15
55 2
1 19
19 50
67 86
114 7
53 19
6 13
29 6
112 1
86 27
0 4
40 11
35 104
30 71
46 65
19 6
10 91
44 11
14 39
32 23
17 83
29 32
61 2
76 51
12 22
72 19
15 21
12 65
2 30
16 10
24 30
1 36
139 12
91 7
89 64
33 55
52 44
13 34
42 8
0 26
171 12
10 31
13 60
69 20
33 22
190 33
23 29
8 7
37 26
25 11
9 21
2 42
16 29
9 20
26 28
12 7
16 25
10 89
101 2
48 25
55 56
6 16
14 15
55 54
10 12
58 41
48 226
18 23
16 17
13 7
78 19
35 46
6 5
3 53
38 16
7 41
81 6
1 26
6 11
45 12
11 75
3 67
8 121
29 12
39 58
7 38
27 69
52 12
37 2
8 31
22 65
133 17
3 17
90 1
75 23
47 38
6 38
1 36
9 24
9 25
42 19
6 3
41 65
26 32
8 76
14 18
92 39
74 14
2 25
27 50
35 10
48 7
14 75
89 13
4 1
8 123
42 71
18 10
2 24
21 112
16 186
8 35
9 6
8 50
55 13
44 6
56 3
118 9
12 43
69 7
32 180
8 20
36 49
75 45
68 18
108 3
25 31
26 2
23 64
2 79
8 24
96 14
209 29
22 14
87 5
13 31
22 47
2 91
83 41
23 30
1 9
4 14
19 57
41 31
20 19
12 44
57 4
5 23
88 24
44 19
44 46
99 11
152 38
144 6
21 4
54 27
58 27
13 27
4 67
60 1
0 10
20 15
5 1
20 26
32 27
1 6
171 5
4 154
59 9
59 8
5 14
9 21
16 19
45 3
64 125
64 78
2 16
