93
102 101
101 97
100 97
99 97
98 97
96 97
95 97
94 97
93 97
92 97
91 97
90 97
97 62
89 62
88 62
87 62
86 62
85 62
62 57
84 57
83 57
82 57
81 57
80 57
79 57
78 57
77 57
76 57
57 42
75 42
74 42
73 42
72 42
71 42
70 42
69 42
68 42
67 42
66 42
65 42
42 30
64 30
63 30
61 30
60 30
59 30
58 30
56 30
55 30
54 30
53 30
52 30
30 25
51 25
50 25
49 25
48 25
47 25
46 25
45 25
44 25
43 25
41 25
40 25
25 22
39 22
38 22
37 22
36 22
35 22
34 22
33 22
32 22
31 22
22 6
29 6
28 6
27 6
26 6
24 6
23 6
21 6
20 6
19 6
18 6
17 6
6 2
16 2
15 2
14 2
13 2
12 2
11 2
10 2
9 2
8 2
7 2
2 0
5 0
4 0
3 0
0 1
