102 1012
36 96
17 46
22 83
33 99
41 61
78 93
3 5
34 92
31 83
31 78
16 52
0 46
37 64
16 52
50 85
54 75
35 76
0 48
50 65
11 99
46 57
91 92
7 31
21 54
31 35
18 38
52 81
69 95
8 67
11 39
69 76
3 36
36 41
0 86
44 66
67 70
18 75
53 101
1 43
13 88
6 39
11 59
3 78
48 57
34 95
60 62
12 101
26 66
22 52
34 85
29 51
11 54
35 98
26 81
13 19
40 52
40 61
54 97
64 92
0 16
38 68
17 41
11 12
79 92
44 75
39 41
24 88
35 56
38 44
6 88
16 98
40 101
7 94
35 53
5 92
10 96
23 67
0 61
35 46
39 43
60 69
65 99
43 67
3 15
20 96
51 68
36 54
35 49
5 50
1 93
61 84
5 85
15 88
47 79
28 67
36 54
96 98
12 58
30 59
43 51
63 77
16 27
71 94
21 100
51 59
36 89
77 94
48 49
3 93
13 24
53 58
8 95
39 75
19 73
0 35
70 94
2 48
83 92
70 80
32 40
5 64
85 99
31 95
1 74
8 17
53 58
14 99
79 99
18 36
50 87
52 70
3 65
1 79
40 47
27 84
14 89
49 72
10 36
8 75
42 90
66 76
0 93
61 91
12 25
59 85
29 84
0 91
11 29
79 89
45 90
55 80
9 39
35 52
30 70
31 101
3 40
28 69
59 80
17 59
22 55
25 94
11 15
41 73
76 94
60 77
36 66
61 96
14 76
20 95
73 85
54 92
71 79
36 76
60 87
56 85
10 68
36 72
85 87
5 44
93 99
3 60
21 82
19 50
41 88
5 97
51 66
33 53
70 75
35 45
10 83
29 68
10 33
46 77
3 29
3 12
3 86
17 90
31 64
19 76
7 83
10 40
27 52
36 50
8 16
33 66
13 66
7 67
51 72
17 32
32 77
34 58
42 84
8 13
59 86
9 10
53 57
52 85
81 89
12 62
79 83
68 76
52 77
18 98
46 101
61 101
50 68
20 29
3 72
4 24
63 79
69 71
53 71
7 86
55 90
1 34
18 35
55 90
2 17
16 26
33 54
37 90
76 86
67 77
41 68
81 84
32 86
27 79
50 85
47 85
13 27
7 64
94 96
3 15
13 27
28 101
40 60
37 38
43 65
16 78
0 97
3 29
51 75
80 81
43 90
7 84
29 53
29 68
55 84
12 21
12 28
48 49
3 8
21 23
53 97
40 55
16 45
68 90
71 99
88 97
3 77
89 100
32 47
19 66
44 69
6 37
38 61
3 85
69 91
92 99
84 86
57 75
18 92
8 69
71 93
74 98
17 77
29 87
32 48
5 29
27 80
27 55
4 64
14 64
20 30
5 50
15 16
40 93
0 85
81 91
33 89
4 85
33 88
16 67
19 77
14 37
16 82
24 96
32 39
58 95
48 49
16 52
10 21
21 35
0 3
11 81
24 78
14 69
5 27
71 83
2 94
72 89
46 83
45 69
74 83
67 77
25 80
73 80
14 42
73 75
21 80
72 97
62 82
29 38
26 86
58 64
26 84
44 66
51 83
54 87
47 60
8 57
6 67
72 82
65 68
33 63
12 66
52 93
78 96
87 91
58 82
57 59
42 82
54 60
91 92
20 46
9 15
8 74
35 70
60 74
8 99
86 97
38 96
36 100
26 43
20 55
59 95
83 94
28 45
13 56
20 44
0 36
24 70
12 13
14 73
79 82
38 49
29 84
32 95
9 54
11 69
28 75
68 81
42 98
28 56
48 78
48 63
63 98
40 50
28 52
5 55
58 81
15 83
13 16
58 77
46 71
14 34
2 30
40 54
25 51
56 87
27 34
53 54
32 44
53 94
40 70
7 21
6 9
19 25
43 99
28 83
69 96
8 63
24 52
41 43
8 46
79 82
29 40
87 92
11 40
8 61
25 61
10 17
41 68
4 79
12 49
11 91
24 84
36 97
16 100
6 30
95 101
7 96
26 66
13 50
18 54
3 25
60 86
11 23
31 97
3 11
75 99
41 76
5 82
56 84
63 84
21 33
16 56
51 92
28 95
64 74
30 66
50 66
19 43
59 93
4 53
46 59
43 86
19 38
24 88
9 28
28 40
9 49
28 43
15 33
16 39
59 99
14 73
36 94
19 63
8 36
18 80
32 60
43 45
9 91
40 72
23 30
48 90
59 85
18 80
58 85
9 70
41 64
33 92
83 86
9 80
65 86
83 101
27 94
5 91
27 41
15 83
4 81
7 74
56 84
17 23
2 37
11 88
49 80
44 61
45 49
42 66
2 75
68 78
44 61
15 53
27 100
7 37
47 52
13 20
36 93
13 42
39 69
20 95
62 100
19 87
17 52
53 89
72 77
16 88
17 32
12 34
1 74
14 40
60 98
57 80
59 61
0 93
15 91
23 64
16 92
49 50
40 50
64 81
11 21
80 100
22 44
24 25
42 51
0 69
19 90
26 27
34 49
31 82
93 95
90 100
52 100
33 44
30 89
51 55
35 101
37 67
22 101
11 65
53 81
35 71
10 11
4 50
35 78
21 48
23 70
43 53
22 69
0 90
59 88
55 100
11 25
28 79
5 40
42 64
81 101
33 39
15 47
34 56
39 80
15 46
28 45
18 87
19 38
37 59
0 95
16 85
71 89
11 73
74 75
53 58
5 89
13 91
27 60
71 77
12 54
89 96
4 22
83 98
36 89
17 99
46 56
10 100
38 39
28 51
51 76
55 59
1 49
42 77
39 45
3 28
40 83
7 71
82 91
29 62
29 96
48 49
37 77
48 54
35 40
31 64
3 60
47 50
35 37
73 94
0 83
39 48
26 98
39 66
86 92
47 61
9 90
37 61
61 95
51 71
3 91
27 96
29 75
87 90
52 80
12 95
61 63
4 5
18 75
75 89
69 83
67 96
54 71
40 101
12 63
31 33
8 96
42 47
46 77
16 55
26 98
30 51
36 88
22 99
68 74
39 74
82 95
1 78
41 46
6 67
47 84
19 46
23 90
46 95
1 16
78 86
91 93
77 92
90 92
54 58
4 86
45 73
14 52
35 67
20 66
31 58
26 83
85 101
96 99
75 87
38 54
34 91
8 13
78 92
19 69
52 62
71 74
1 99
26 61
16 55
25 75
54 84
23 61
1 5
60 91
21 47
23 65
6 68
49 85
47 95
23 84
20 89
46 66
18 98
16 72
18 81
29 54
6 8
9 55
26 72
10 63
28 76
10 55
7 87
14 99
47 66
0 12
52 98
44 68
58 88
32 101
14 61
22 99
51 64
51 83
33 83
21 66
45 57
45 99
60 98
24 88
40 51
67 70
8 81
9 25
40 101
26 81
10 52
36 90
43 87
2 45
58 61
8 67
58 64
7 95
77 86
34 80
9 77
40 67
50 83
42 80
67 91
40 89
49 85
47 69
38 95
24 101
25 70
14 37
19 43
36 43
45 86
67 92
30 47
47 82
24 40
27 57
13 53
65 91
10 43
2 35
3 10
40 81
18 87
59 76
5 29
63 91
1 94
85 99
59 64
13 57
1 13
59 66
57 90
3 27
7 82
65 76
27 55
2 52
85 91
23 61
34 52
61 92
1 8
15 95
0 83
20 58
46 79
59 89
34 50
10 51
45 97
23 39
20 31
52 82
47 94
67 76
2 19
6 81
65 83
30 68
48 50
20 44
90 99
73 101
70 82
49 79
45 100
15 38
27 58
56 82
65 85
30 70
5 47
13 70
19 68
8 32
26 83
23 39
84 98
3 16
17 63
7 91
66 79
36 87
24 76
10 28
22 94
35 66
35 67
52 91
77 82
3 82
39 79
3 26
51 93
45 52
20 83
79 96
17 92
4 73
45 100
25 51
79 90
35 98
29 45
10 47
35 61
1 28
48 94
9 67
44 74
37 73
21 96
30 41
55 78
29 60
21 26
4 8
0 40
91 101
24 86
3 10
8 76
13 73
2 69
46 85
60 85
50 84
61 69
6 47
37 70
23 27
72 77
29 86
13 77
3 56
48 88
10 101
51 65
21 23
31 98
38 83
19 34
7 97
27 93
27 75
28 96
4 98
16 26
47 89
19 90
82 85
36 85
16 21
43 95
66 68
3 24
90 95
3 38
5 9
55 76
44 95
40 87
6 50
0 101
19 35
59 77
24 78
12 79
55 91
7 66
7 38
8 53
32 71
22 86
14 15
4 6
1 79
61 62
13 69
19 26
28 56
74 97
20 81
63 77
4 74
20 101
93 101
34 78
26 88
14 67
21 65
34 60
71 85
8 52
60 96
72 85
37 67
33 50
0 19
38 90
54 94
35 75
11 18
42 43
0 41
23 91
15 91
41 45
16 47
21 74
27 64
33 36
2 72
15 27
14 52
12 59
8 52
5 79
33 46
40 70
63 68
51 95
34 66
63 100
49 70
43 82
85 86
27 99
38 84
13 51
35 73
1 46
10 58
0 90
27 81
46 47
8 67
0 38
7 96
75 94
43 94
56 76
15 41
51 88
33 67
20 65
28 87
3 55
16 91
21 95
34 68
