8527
9994 9993
9993 9987
9992 9987
9991 9987
9990 9987
9989 9987
9988 9987
9986 9987
9987 9982
9985 9982
9984 9982
9983 9982
9981 9982
9980 9982
9982 9975
9979 9975
9978 9975
9977 9975
9976 9975
9974 9975
9973 9975
9975 9941
9972 9941
9971 9941
9970 9941
9969 9941
9968 9941
9941 9935
9967 9935
9966 9935
9965 9935
9964 9935
9963 9935
9935 9931
9962 9931
9961 9931
9960 9931
9959 9931
9958 9931
9957 9931
9931 9926
9956 9926
9955 9926
9954 9926
9953 9926
9952 9926
9951 9926
9926 9911
9950 9911
9949 9911
9948 9911
9911 9908
9947 9908
9946 9908
9945 9908
9944 9908
9908 9874
9943 9874
9942 9874
9940 9874
9939 9874
9938 9874
9874 9869
9937 9869
9936 9869
9934 9869
9933 9869
9932 9869
9869 9866
9930 9866
9929 9866
9928 9866
9927 9866
9925 9866
9924 9866
9866 9862
9923 9862
9922 9862
9921 9862
9920 9862
9919 9862
9918 9862
9862 9850
9917 9850
9916 9850
9915 9850
9850 9828
9914 9828
9913 9828
9912 9828
9910 9828
9828 9820
9909 9820
9907 9820
9906 9820
9905 9820
9820 9789
9904 9789
9903 9789
9902 9789
9901 9789
9900 9789
9789 9783
9899 9783
9898 9783
9897 9783
9896 9783
9895 9783
9894 9783
9783 9782
9893 9782
9892 9782
9891 9782
9890 9782
9889 9782
9888 9782
9782 9774
9887 9774
9886 9774
9885 9774
9884 9774
9883 9774
9882 9774
9774 9771
9881 9771
9880 9771
9879 9771
9878 9771
9877 9771
9876 9771
9771 9770
9875 9770
9873 9770
9872 9770
9871 9770
9870 9770
9770 9768
9868 9768
9867 9768
9865 9768
9864 9768
9863 9768
9861 9768
9768 9760
9860 9760
9859 9760
9858 9760
9857 9760
9856 9760
9760 9751
9855 9751
9854 9751
9853 9751
9852 9751
9851 9751
9849 9751
9751 9748
9848 9748
9847 9748
9846 9748
9845 9748
9844 9748
9843 9748
9748 9747
9842 9747
9841 9747
9840 9747
9839 9747
9838 9747
9747 9741
9837 9741
9836 9741
9835 9741
9834 9741
9833 9741
9832 9741
9741 9732
9831 9732
9830 9732
9829 9732
9827 9732
9826 9732
9825 9732
9732 9695
9824 9695
9823 9695
9822 9695
9821 9695
9819 9695
9695 9694
9818 9694
9817 9694
9816 9694
9815 9694
9814 9694
9813 9694
9694 9693
9812 9693
9811 9693
9810 9693
9809 9693
9693 9681
9808 9681
9807 9681
9806 9681
9805 9681
9804 9681
9681 9679
9803 9679
9802 9679
9801 9679
9800 9679
9679 9658
9799 9658
9798 9658
9797 9658
9796 9658
9658 9657
9795 9657
9794 9657
9793 9657
9792 9657
9791 9657
9790 9657
9657 9653
9788 9653
9787 9653
9786 9653
9785 9653
9784 9653
9653 9644
9781 9644
9780 9644
9779 9644
9644 9642
9778 9642
9777 9642
9776 9642
9775 9642
9642 9637
9773 9637
9772 9637
9769 9637
9767 9637
9766 9637
9765 9637
9637 9616
9764 9616
9763 9616
9762 9616
9761 9616
9759 9616
9758 9616
9616 9612
9757 9612
9756 9612
9755 9612
9754 9612
9753 9612
9752 9612
9612 9598
9750 9598
9749 9598
9746 9598
9745 9598
9744 9598
9598 9580
9743 9580
9742 9580
9740 9580
9739 9580
9738 9580
9580 9563
9737 9563
9736 9563
9735 9563
9734 9563
9733 9563
9563 9552
9731 9552
9730 9552
9729 9552
9728 9552
9727 9552
9726 9552
9552 9549
9725 9549
9724 9549
9723 9549
9722 9549
9721 9549
9720 9549
9549 9546
9719 9546
9718 9546
9717 9546
9716 9546
9715 9546
9714 9546
9546 9542
9713 9542
9712 9542
9711 9542
9542 9529
9710 9529
9709 9529
9708 9529
9707 9529
9706 9529
9705 9529
9529 9525
9704 9525
9703 9525
9702 9525
9701 9525
9700 9525
9525 9518
9699 9518
9698 9518
9697 9518
9696 9518
9692 9518
9518 9516
9691 9516
9690 9516
9689 9516
9688 9516
9687 9516
9686 9516
9516 9510
9685 9510
9684 9510
9683 9510
9682 9510
9680 9510
9678 9510
9510 9508
9677 9508
9676 9508
9675 9508
9674 9508
9673 9508
9672 9508
9508 9507
9671 9507
9670 9507
9669 9507
9507 9475
9668 9475
9667 9475
9666 9475
9665 9475
9664 9475
9663 9475
9475 9467
9662 9467
9661 9467
9660 9467
9659 9467
9656 9467
9467 9431
9655 9431
9654 9431
9652 9431
9651 9431
9650 9431
9431 9427
9649 9427
9648 9427
9647 9427
9646 9427
9645 9427
9427 9413
9643 9413
9641 9413
9640 9413
9639 9413
9638 9413
9636 9413
9413 9409
9635 9409
9634 9409
9633 9409
9632 9409
9631 9409
9409 9401
9630 9401
9629 9401
9628 9401
9627 9401
9401 9397
9626 9397
9625 9397
9624 9397
9623 9397
9622 9397
9621 9397
9397 9384
9620 9384
9619 9384
9618 9384
9617 9384
9615 9384
9384 9379
9614 9379
9613 9379
9611 9379
9610 9379
9609 9379
9379 9374
9608 9374
9607 9374
9606 9374
9374 9369
9605 9369
9604 9369
9603 9369
9602 9369
9601 9369
9600 9369
9369 9352
9599 9352
9597 9352
9596 9352
9595 9352
9594 9352
9352 9341
9593 9341
9592 9341
9591 9341
9590 9341
9589 9341
9588 9341
9341 9338
9587 9338
9586 9338
9585 9338
9338 9283
9584 9283
9583 9283
9582 9283
9581 9283
9579 9283
9283 9282
9578 9282
9577 9282
9576 9282
9575 9282
9574 9282
9282 9277
9573 9277
9572 9277
9571 9277
9570 9277
9569 9277
9568 9277
9277 9275
9567 9275
9566 9275
9275 9267
9565 9267
9564 9267
9562 9267
9561 9267
9560 9267
9267 9264
9559 9264
9558 9264
9557 9264
9264 9251
9556 9251
9555 9251
9554 9251
9553 9251
9551 9251
9550 9251
9251 9206
9548 9206
9547 9206
9206 9203
9545 9203
9544 9203
9543 9203
9541 9203
9540 9203
9539 9203
9203 9199
9538 9199
9537 9199
9536 9199
9199 9174
9535 9174
9534 9174
9533 9174
9532 9174
9531 9174
9174 9173
9530 9173
9528 9173
9527 9173
9526 9173
9524 9173
9523 9173
9173 9117
9522 9117
9521 9117
9520 9117
9519 9117
9517 9117
9515 9117
9117 9116
9514 9116
9513 9116
9512 9116
9511 9116
9509 9116
9506 9116
9116 9115
9505 9115
9504 9115
9503 9115
9115 9103
9502 9103
9501 9103
9500 9103
9103 9095
9499 9095
9498 9095
9497 9095
9496 9095
9495 9095
9494 9095
9095 9070
9493 9070
9492 9070
9491 9070
9490 9070
9489 9070
9070 9039
9488 9039
9487 9039
9486 9039
9485 9039
9484 9039
9483 9039
9039 9012
9482 9012
9481 9012
9480 9012
9479 9012
9478 9012
9477 9012
9012 8990
9476 8990
9474 8990
9473 8990
9472 8990
9471 8990
9470 8990
8990 8970
9469 8970
9468 8970
9466 8970
9465 8970
9464 8970
8970 8953
9463 8953
9462 8953
9461 8953
9460 8953
9459 8953
8953 8951
9458 8951
9457 8951
8951 8943
9456 8943
9455 8943
9454 8943
9453 8943
9452 8943
9451 8943
8943 8929
9450 8929
9449 8929
9448 8929
9447 8929
8929 8926
9446 8926
9445 8926
9444 8926
9443 8926
9442 8926
8926 8923
9441 8923
9440 8923
9439 8923
9438 8923
9437 8923
9436 8923
8923 8916
9435 8916
9434 8916
9433 8916
9432 8916
9430 8916
8916 8910
9429 8910
9428 8910
9426 8910
9425 8910
9424 8910
9423 8910
8910 8909
9422 8909
9421 8909
9420 8909
9419 8909
9418 8909
8909 8901
9417 8901
9416 8901
9415 8901
9414 8901
9412 8901
8901 8897
9411 8897
9410 8897
9408 8897
9407 8897
8897 8896
9406 8896
9405 8896
9404 8896
9403 8896
9402 8896
9400 8896
8896 8885
9399 8885
9398 8885
9396 8885
9395 8885
9394 8885
9393 8885
8885 8849
9392 8849
9391 8849
9390 8849
9389 8849
8849 8839
9388 8839
9387 8839
9386 8839
9385 8839
9383 8839
8839 8837
9382 8837
9381 8837
9380 8837
9378 8837
9377 8837
9376 8837
8837 8834
9375 8834
8834 8807
9373 8807
9372 8807
9371 8807
9370 8807
9368 8807
9367 8807
8807 8781
9366 8781
9365 8781
9364 8781
9363 8781
9362 8781
8781 8775
9361 8775
9360 8775
9359 8775
9358 8775
9357 8775
8775 8774
9356 8774
9355 8774
9354 8774
9353 8774
9351 8774
9350 8774
8774 8771
9349 8771
9348 8771
9347 8771
9346 8771
9345 8771
9344 8771
8771 8770
9343 8770
9342 8770
9340 8770
9339 8770
9337 8770
8770 8767
9336 8767
9335 8767
9334 8767
9333 8767
9332 8767
9331 8767
8767 8749
9330 8749
9329 8749
9328 8749
9327 8749
9326 8749
8749 8743
9325 8743
9324 8743
9323 8743
9322 8743
9321 8743
9320 8743
8743 8740
9319 8740
9318 8740
9317 8740
9316 8740
9315 8740
8740 8722
9314 8722
9313 8722
9312 8722
9311 8722
9310 8722
8722 8696
9309 8696
9308 8696
9307 8696
9306 8696
8696 8689
9305 8689
9304 8689
9303 8689
9302 8689
9301 8689
8689 8680
9300 8680
9299 8680
9298 8680
9297 8680
8680 8676
9296 8676
9295 8676
9294 8676
9293 8676
9292 8676
9291 8676
8676 8662
9290 8662
9289 8662
9288 8662
9287 8662
9286 8662
9285 8662
9284 8662
8662 8648
9281 8648
9280 8648
9279 8648
9278 8648
9276 8648
9274 8648
8648 8645
9273 8645
9272 8645
9271 8645
9270 8645
9269 8645
9268 8645
9266 8645
8645 8639
9265 8639
9263 8639
9262 8639
9261 8639
9260 8639
9259 8639
8639 8638
9258 8638
9257 8638
9256 8638
9255 8638
8638 8637
9254 8637
9253 8637
9252 8637
9250 8637
9249 8637
9248 8637
8637 8633
9247 8633
9246 8633
9245 8633
8633 8615
9244 8615
9243 8615
9242 8615
9241 8615
9240 8615
9239 8615
8615 8601
9238 8601
9237 8601
9236 8601
9235 8601
9234 8601
9233 8601
8601 8599
9232 8599
9231 8599
9230 8599
9229 8599
9228 8599
9227 8599
9226 8599
8599 8597
9225 8597
9224 8597
9223 8597
9222 8597
9221 8597
8597 8593
9220 8593
9219 8593
9218 8593
9217 8593
9216 8593
9215 8593
8593 8590
9214 8590
9213 8590
9212 8590
9211 8590
9210 8590
8590 8589
9209 8589
9208 8589
9207 8589
9205 8589
9204 8589
8589 8584
9202 8584
9201 8584
9200 8584
9198 8584
9197 8584
9196 8584
9195 8584
8584 8581
9194 8581
9193 8581
9192 8581
9191 8581
9190 8581
9189 8581
9188 8581
8581 8579
9187 8579
9186 8579
9185 8579
8579 8560
9184 8560
9183 8560
9182 8560
9181 8560
9180 8560
9179 8560
8560 8552
9178 8552
9177 8552
9176 8552
9175 8552
9172 8552
9171 8552
8552 8543
9170 8543
9169 8543
9168 8543
9167 8543
9166 8543
9165 8543
9164 8543
8543 8534
9163 8534
9162 8534
9161 8534
9160 8534
9159 8534
9158 8534
9157 8534
8534 8533
9156 8533
9155 8533
9154 8533
9153 8533
9152 8533
9151 8533
8533 8529
9150 8529
9149 8529
9148 8529
9147 8529
8529 8520
9146 8520
9145 8520
9144 8520
9143 8520
9142 8520
9141 8520
9140 8520
8520 8517
9139 8517
9138 8517
9137 8517
9136 8517
9135 8517
9134 8517
9133 8517
8517 8516
9132 8516
9131 8516
9130 8516
9129 8516
9128 8516
9127 8516
9126 8516
8516 8513
9125 8513
9124 8513
9123 8513
9122 8513
9121 8513
8513 8492
9120 8492
9119 8492
9118 8492
9114 8492
9113 8492
9112 8492
8492 8490
9111 8490
9110 8490
9109 8490
9108 8490
9107 8490
9106 8490
9105 8490
8490 8480
9104 8480
9102 8480
9101 8480
9100 8480
9099 8480
8480 8479
9098 8479
9097 8479
9096 8479
9094 8479
9093 8479
9092 8479
8479 8477
9091 8477
9090 8477
9089 8477
9088 8477
8477 8472
9087 8472
9086 8472
9085 8472
9084 8472
8472 8471
9083 8471
9082 8471
9081 8471
8471 8468
9080 8468
9079 8468
9078 8468
9077 8468
9076 8468
9075 8468
9074 8468
8468 8462
9073 8462
9072 8462
9071 8462
9069 8462
9068 8462
9067 8462
9066 8462
8462 8459
9065 8459
9064 8459
9063 8459
9062 8459
9061 8459
8459 8457
9060 8457
9059 8457
9058 8457
9057 8457
9056 8457
8457 8448
9055 8448
9054 8448
9053 8448
9052 8448
9051 8448
8448 8438
9050 8438
9049 8438
9048 8438
9047 8438
9046 8438
9045 8438
8438 8437
9044 8437
9043 8437
9042 8437
9041 8437
9040 8437
9038 8437
8437 8419
9037 8419
9036 8419
9035 8419
9034 8419
9033 8419
8419 8417
9032 8417
9031 8417
9030 8417
9029 8417
8417 8409
9028 8409
9027 8409
9026 8409
9025 8409
9024 8409
9023 8409
8409 8402
9022 8402
9021 8402
8402 8400
9020 8400
9019 8400
9018 8400
9017 8400
9016 8400
9015 8400
8400 8395
9014 8395
9013 8395
9011 8395
9010 8395
9009 8395
9008 8395
9007 8395
8395 8391
9006 8391
9005 8391
9004 8391
9003 8391
9002 8391
9001 8391
8391 8372
9000 8372
8999 8372
8998 8372
8997 8372
8996 8372
8995 8372
8372 8364
8994 8364
8993 8364
8992 8364
8991 8364
8989 8364
8988 8364
8987 8364
8364 8357
8986 8357
8985 8357
8984 8357
8983 8357
8982 8357
8981 8357
8980 8357
8357 8356
8979 8356
8978 8356
8977 8356
8976 8356
8975 8356
8974 8356
8356 8354
8973 8354
8972 8354
8971 8354
8969 8354
8968 8354
8967 8354
8966 8354
8354 8353
8965 8353
8964 8353
8963 8353
8962 8353
8961 8353
8960 8353
8959 8353
8353 8349
8958 8349
8957 8349
8956 8349
8955 8349
8954 8349
8952 8349
8950 8349
8349 8337
8949 8337
8948 8337
8947 8337
8946 8337
8945 8337
8944 8337
8337 8327
8942 8327
8941 8327
8940 8327
8939 8327
8938 8327
8937 8327
8936 8327
8327 8322
8935 8322
8934 8322
8933 8322
8932 8322
8931 8322
8930 8322
8322 8275
8928 8275
8927 8275
8925 8275
8924 8275
8922 8275
8921 8275
8920 8275
8275 8273
8919 8273
8918 8273
8917 8273
8915 8273
8273 8271
8914 8271
8913 8271
8912 8271
8911 8271
8908 8271
8907 8271
8906 8271
8271 8268
8905 8268
8904 8268
8903 8268
8902 8268
8900 8268
8268 8253
8899 8253
8898 8253
8895 8253
8894 8253
8893 8253
8253 8251
8892 8251
8891 8251
8890 8251
8889 8251
8888 8251
8887 8251
8886 8251
8251 8234
8884 8234
8883 8234
8882 8234
8881 8234
8880 8234
8879 8234
8234 8232
8878 8232
8877 8232
8876 8232
8875 8232
8874 8232
8232 8227
8873 8227
8872 8227
8871 8227
8870 8227
8869 8227
8868 8227
8867 8227
8227 8223
8866 8223
8865 8223
8864 8223
8863 8223
8862 8223
8223 8200
8861 8200
8860 8200
8859 8200
8858 8200
8200 8196
8857 8196
8856 8196
8855 8196
8854 8196
8853 8196
8852 8196
8196 8189
8851 8189
8850 8189
8848 8189
8847 8189
8846 8189
8845 8189
8844 8189
8189 8182
8843 8182
8842 8182
8841 8182
8840 8182
8838 8182
8836 8182
8835 8182
8182 8180
8833 8180
8832 8180
8831 8180
8830 8180
8829 8180
8828 8180
8180 8179
8827 8179
8826 8179
8825 8179
8179 8178
8824 8178
8823 8178
8822 8178
8821 8178
8820 8178
8819 8178
8818 8178
8178 8176
8817 8176
8816 8176
8815 8176
8814 8176
8813 8176
8812 8176
8811 8176
8176 8173
8810 8173
8809 8173
8808 8173
8173 8171
8806 8171
8805 8171
8804 8171
8803 8171
8802 8171
8801 8171
8800 8171
8171 8168
8799 8168
8798 8168
8797 8168
8796 8168
8795 8168
8794 8168
8793 8168
8168 8166
8792 8166
8791 8166
8790 8166
8789 8166
8166 8158
8788 8158
8787 8158
8786 8158
8785 8158
8784 8158
8783 8158
8782 8158
8158 8148
8780 8148
8779 8148
8778 8148
8777 8148
8776 8148
8148 8146
8773 8146
8772 8146
8769 8146
8768 8146
8766 8146
8765 8146
8764 8146
8146 8144
8763 8144
8762 8144
8761 8144
8760 8144
8759 8144
8758 8144
8757 8144
8144 8142
8756 8142
8755 8142
8754 8142
8753 8142
8752 8142
8751 8142
8142 8133
8750 8133
8748 8133
8747 8133
8746 8133
8745 8133
8133 8126
8744 8126
8742 8126
8741 8126
8739 8126
8738 8126
8737 8126
8126 8119
8736 8119
8735 8119
8734 8119
8733 8119
8732 8119
8731 8119
8119 8096
8730 8096
8729 8096
8728 8096
8727 8096
8726 8096
8096 8088
8725 8088
8724 8088
8723 8088
8721 8088
8720 8088
8719 8088
8718 8088
8088 8087
8717 8087
8716 8087
8715 8087
8714 8087
8713 8087
8712 8087
8711 8087
8087 8080
8710 8080
8709 8080
8708 8080
8707 8080
8706 8080
8705 8080
8704 8080
8080 8075
8703 8075
8702 8075
8701 8075
8700 8075
8699 8075
8698 8075
8697 8075
8075 8068
8695 8068
8694 8068
8693 8068
8692 8068
8068 8065
8691 8065
8690 8065
8688 8065
8687 8065
8065 8062
8686 8062
8685 8062
8684 8062
8683 8062
8682 8062
8681 8062
8679 8062
8062 8060
8678 8060
8677 8060
8675 8060
8674 8060
8673 8060
8060 8053
8672 8053
8671 8053
8670 8053
8669 8053
8668 8053
8667 8053
8666 8053
8053 8045
8665 8045
8664 8045
8663 8045
8661 8045
8660 8045
8659 8045
8658 8045
8045 8044
8657 8044
8656 8044
8655 8044
8654 8044
8044 8018
8653 8018
8652 8018
8651 8018
8650 8018
8649 8018
8647 8018
8646 8018
8018 8012
8644 8012
8643 8012
8642 8012
8641 8012
8640 8012
8636 8012
8635 8012
8012 8010
8634 8010
8632 8010
8631 8010
8630 8010
8629 8010
8628 8010
8627 8010
8010 8008
8626 8008
8625 8008
8624 8008
8623 8008
8622 8008
8621 8008
8008 7985
8620 7985
8619 7985
8618 7985
8617 7985
8616 7985
7985 7978
8614 7978
8613 7978
8612 7978
8611 7978
8610 7978
8609 7978
7978 7977
8608 7977
8607 7977
8606 7977
8605 7977
8604 7977
8603 7977
8602 7977
7977 7974
8600 7974
8598 7974
8596 7974
8595 7974
8594 7974
7974 7966
8592 7966
8591 7966
8588 7966
8587 7966
8586 7966
8585 7966
8583 7966
7966 7964
8582 7964
8580 7964
8578 7964
8577 7964
7964 7962
8576 7962
8575 7962
8574 7962
8573 7962
8572 7962
8571 7962
7962 7948
8570 7948
8569 7948
8568 7948
8567 7948
8566 7948
8565 7948
8564 7948
7948 7945
8563 7945
8562 7945
8561 7945
8559 7945
7945 7943
8558 7943
8557 7943
8556 7943
8555 7943
7943 7936
8554 7936
8553 7936
8551 7936
8550 7936
8549 7936
7936 7935
8548 7935
8547 7935
8546 7935
8545 7935
8544 7935
8542 7935
7935 7934
8541 7934
8540 7934
8539 7934
8538 7934
8537 7934
8536 7934
8535 7934
7934 7927
8532 7927
8531 7927
8530 7927
8528 7927
8527 7927
7927 7926
8526 7926
8525 7926
8524 7926
8523 7926
8522 7926
7926 7919
8521 7919
8519 7919
8518 7919
8515 7919
8514 7919
8512 7919
7919 7906
8511 7906
8510 7906
8509 7906
8508 7906
8507 7906
8506 7906
8505 7906
7906 7905
8504 7905
8503 7905
8502 7905
8501 7905
8500 7905
7905 7904
8499 7904
8498 7904
8497 7904
7904 7903
8496 7903
8495 7903
8494 7903
8493 7903
8491 7903
8489 7903
8488 7903
7903 7881
8487 7881
8486 7881
8485 7881
8484 7881
8483 7881
8482 7881
7881 7879
8481 7879
8478 7879
8476 7879
8475 7879
8474 7879
8473 7879
8470 7879
7879 7877
8469 7877
8467 7877
8466 7877
8465 7877
8464 7877
8463 7877
8461 7877
7877 7875
8460 7875
8458 7875
8456 7875
8455 7875
8454 7875
8453 7875
7875 7873
8452 7873
8451 7873
8450 7873
8449 7873
8447 7873
8446 7873
8445 7873
7873 7866
8444 7866
8443 7866
8442 7866
8441 7866
8440 7866
8439 7866
8436 7866
7866 7863
8435 7863
8434 7863
8433 7863
8432 7863
8431 7863
8430 7863
8429 7863
7863 7852
8428 7852
8427 7852
8426 7852
8425 7852
8424 7852
8423 7852
7852 7850
8422 7850
8421 7850
8420 7850
8418 7850
8416 7850
8415 7850
7850 7845
8414 7845
8413 7845
8412 7845
8411 7845
8410 7845
8408 7845
8407 7845
7845 7843
8406 7843
8405 7843
8404 7843
8403 7843
8401 7843
8399 7843
8398 7843
7843 7838
8397 7838
8396 7838
8394 7838
8393 7838
8392 7838
8390 7838
8389 7838
7838 7831
8388 7831
8387 7831
8386 7831
8385 7831
8384 7831
8383 7831
8382 7831
7831 7828
8381 7828
8380 7828
8379 7828
8378 7828
8377 7828
8376 7828
7828 7824
8375 7824
8374 7824
8373 7824
8371 7824
7824 7817
8370 7817
8369 7817
8368 7817
8367 7817
8366 7817
8365 7817
7817 7814
8363 7814
8362 7814
8361 7814
8360 7814
8359 7814
8358 7814
8355 7814
7814 7806
8352 7806
8351 7806
8350 7806
8348 7806
8347 7806
8346 7806
7806 7798
8345 7798
8344 7798
8343 7798
8342 7798
7798 7773
8341 7773
8340 7773
8339 7773
8338 7773
7773 7769
8336 7769
8335 7769
8334 7769
8333 7769
8332 7769
8331 7769
8330 7769
7769 7764
8329 7764
8328 7764
8326 7764
8325 7764
8324 7764
7764 7757
8323 7757
8321 7757
8320 7757
8319 7757
8318 7757
7757 7756
8317 7756
7756 7748
8316 7748
8315 7748
8314 7748
8313 7748
8312 7748
7748 7736
8311 7736
8310 7736
8309 7736
8308 7736
8307 7736
8306 7736
8305 7736
7736 7734
8304 7734
8303 7734
8302 7734
8301 7734
8300 7734
8299 7734
7734 7733
8298 7733
8297 7733
8296 7733
8295 7733
8294 7733
8293 7733
7733 7727
8292 7727
8291 7727
8290 7727
8289 7727
8288 7727
8287 7727
8286 7727
7727 7710
8285 7710
8284 7710
8283 7710
8282 7710
8281 7710
8280 7710
7710 7707
8279 7707
8278 7707
8277 7707
8276 7707
8274 7707
8272 7707
7707 7696
8270 7696
8269 7696
8267 7696
8266 7696
8265 7696
8264 7696
8263 7696
7696 7669
8262 7669
8261 7669
8260 7669
8259 7669
8258 7669
8257 7669
8256 7669
7669 7660
8255 7660
8254 7660
8252 7660
8250 7660
7660 7658
8249 7658
8248 7658
8247 7658
8246 7658
8245 7658
7658 7648
8244 7648
8243 7648
8242 7648
8241 7648
8240 7648
7648 7646
8239 7646
8238 7646
8237 7646
8236 7646
8235 7646
8233 7646
7646 7644
8231 7644
8230 7644
8229 7644
8228 7644
8226 7644
7644 7642
8225 7642
8224 7642
8222 7642
8221 7642
8220 7642
8219 7642
7642 7637
8218 7637
8217 7637
8216 7637
8215 7637
8214 7637
8213 7637
7637 7636
8212 7636
8211 7636
8210 7636
8209 7636
8208 7636
8207 7636
8206 7636
7636 7635
8205 7635
8204 7635
8203 7635
8202 7635
8201 7635
8199 7635
8198 7635
7635 7614
8197 7614
8195 7614
8194 7614
8193 7614
8192 7614
8191 7614
8190 7614
7614 7605
8188 7605
8187 7605
8186 7605
8185 7605
8184 7605
8183 7605
8181 7605
7605 7598
8177 7598
8175 7598
8174 7598
8172 7598
8170 7598
7598 7588
8169 7588
8167 7588
8165 7588
8164 7588
8163 7588
8162 7588
7588 7568
8161 7568
8160 7568
8159 7568
8157 7568
8156 7568
8155 7568
8154 7568
7568 7565
8153 7565
8152 7565
8151 7565
8150 7565
8149 7565
8147 7565
8145 7565
7565 7562
8143 7562
8141 7562
8140 7562
8139 7562
8138 7562
8137 7562
8136 7562
7562 7552
8135 7552
8134 7552
8132 7552
8131 7552
8130 7552
8129 7552
7552 7547
8128 7547
8127 7547
8125 7547
8124 7547
8123 7547
8122 7547
8121 7547
7547 7540
8120 7540
8118 7540
8117 7540
8116 7540
8115 7540
8114 7540
8113 7540
7540 7538
8112 7538
8111 7538
8110 7538
8109 7538
8108 7538
7538 7536
8107 7536
8106 7536
8105 7536
8104 7536
8103 7536
8102 7536
8101 7536
7536 7530
8100 7530
8099 7530
8098 7530
8097 7530
8095 7530
8094 7530
7530 7522
8093 7522
8092 7522
8091 7522
8090 7522
8089 7522
8086 7522
8085 7522
7522 7517
8084 7517
8083 7517
8082 7517
8081 7517
8079 7517
8078 7517
7517 7510
8077 7510
8076 7510
8074 7510
8073 7510
8072 7510
7510 7504
8071 7504
8070 7504
8069 7504
8067 7504
7504 7503
8066 7503
8064 7503
8063 7503
8061 7503
7503 7501
8059 7501
8058 7501
8057 7501
8056 7501
8055 7501
8054 7501
7501 7499
8052 7499
8051 7499
8050 7499
8049 7499
8048 7499
8047 7499
7499 7498
8046 7498
8043 7498
8042 7498
8041 7498
8040 7498
8039 7498
8038 7498
7498 7497
8037 7497
8036 7497
8035 7497
8034 7497
8033 7497
7497 7496
8032 7496
8031 7496
8030 7496
8029 7496
8028 7496
7496 7481
8027 7481
8026 7481
8025 7481
8024 7481
8023 7481
8022 7481
8021 7481
7481 7472
8020 7472
8019 7472
8017 7472
8016 7472
8015 7472
8014 7472
8013 7472
7472 7447
8011 7447
8009 7447
8007 7447
8006 7447
7447 7446
8005 7446
8004 7446
8003 7446
8002 7446
8001 7446
8000 7446
7446 7437
7999 7437
7998 7437
7997 7437
7996 7437
7995 7437
7994 7437
7437 7436
7993 7436
7436 7434
7992 7434
7991 7434
7990 7434
7989 7434
7988 7434
7434 7429
7987 7429
7986 7429
7984 7429
7983 7429
7429 7421
7982 7421
7981 7421
7980 7421
7979 7421
7421 7420
7976 7420
7975 7420
7973 7420
7972 7420
7971 7420
7420 7411
7970 7411
7969 7411
7968 7411
7967 7411
7965 7411
7963 7411
7961 7411
7411 7409
7960 7409
7959 7409
7958 7409
7957 7409
7956 7409
7955 7409
7954 7409
7409 7408
7953 7408
7952 7408
7951 7408
7950 7408
7949 7408
7947 7408
7408 7396
7946 7396
7944 7396
7942 7396
7941 7396
7940 7396
7396 7395
7939 7395
7938 7395
7937 7395
7933 7395
7932 7395
7931 7395
7395 7385
7930 7385
7929 7385
7928 7385
7925 7385
7385 7372
7924 7372
7923 7372
7922 7372
7921 7372
7920 7372
7918 7372
7917 7372
7372 7371
7916 7371
7915 7371
7914 7371
7913 7371
7371 7360
7912 7360
7911 7360
7910 7360
7909 7360
7908 7360
7907 7360
7902 7360
7360 7357
7901 7357
7900 7357
7899 7357
7898 7357
7897 7357
7896 7357
7895 7357
7357 7354
7894 7354
7893 7354
7892 7354
7891 7354
7890 7354
7889 7354
7888 7354
7354 7348
7887 7348
7886 7348
7885 7348
7884 7348
7883 7348
7348 7342
7882 7342
7880 7342
7878 7342
7876 7342
7874 7342
7872 7342
7871 7342
7342 7327
7870 7327
7869 7327
7868 7327
7867 7327
7865 7327
7864 7327
7862 7327
7327 7326
7861 7326
7860 7326
7859 7326
7858 7326
7857 7326
7856 7326
7855 7326
7326 7317
7854 7317
7853 7317
7851 7317
7849 7317
7848 7317
7847 7317
7846 7317
7317 7313
7844 7313
7842 7313
7841 7313
7840 7313
7839 7313
7837 7313
7836 7313
7313 7310
7835 7310
7834 7310
7833 7310
7832 7310
7830 7310
7829 7310
7310 7297
7827 7297
7826 7297
7825 7297
7823 7297
7822 7297
7297 7287
7821 7287
7820 7287
7819 7287
7818 7287
7816 7287
7815 7287
7287 7281
7813 7281
7812 7281
7811 7281
7810 7281
7809 7281
7808 7281
7281 7271
7807 7271
7805 7271
7804 7271
7803 7271
7802 7271
7801 7271
7800 7271
7271 7270
7799 7270
7797 7270
7796 7270
7795 7270
7794 7270
7793 7270
7792 7270
7270 7268
7791 7268
7790 7268
7789 7268
7788 7268
7787 7268
7786 7268
7785 7268
7268 7257
7784 7257
7783 7257
7782 7257
7781 7257
7780 7257
7779 7257
7257 7254
7778 7254
7777 7254
7776 7254
7775 7254
7774 7254
7254 7238
7772 7238
7771 7238
7770 7238
7768 7238
7767 7238
7238 7233
7766 7233
7765 7233
7763 7233
7762 7233
7761 7233
7760 7233
7759 7233
7233 7231
7758 7231
7755 7231
7754 7231
7753 7231
7752 7231
7231 7230
7751 7230
7750 7230
7749 7230
7747 7230
7230 7226
7746 7226
7745 7226
7744 7226
7743 7226
7742 7226
7226 7221
7741 7221
7740 7221
7739 7221
7738 7221
7737 7221
7735 7221
7221 7219
7732 7219
7731 7219
7730 7219
7729 7219
7728 7219
7726 7219
7725 7219
7219 7210
7724 7210
7723 7210
7722 7210
7721 7210
7210 7201
7720 7201
7719 7201
7718 7201
7717 7201
7716 7201
7715 7201
7714 7201
7201 7200
7713 7200
7712 7200
7711 7200
7709 7200
7200 7199
7708 7199
7706 7199
7705 7199
7704 7199
7703 7199
7702 7199
7199 7187
7701 7187
7700 7187
7699 7187
7698 7187
7697 7187
7695 7187
7187 7185
7694 7185
7693 7185
7692 7185
7691 7185
7690 7185
7689 7185
7688 7185
7185 7184
7687 7184
7686 7184
7685 7184
7684 7184
7683 7184
7682 7184
7681 7184
7184 7168
7680 7168
7679 7168
7678 7168
7677 7168
7676 7168
7675 7168
7674 7168
7168 7167
7673 7167
7672 7167
7671 7167
7670 7167
7668 7167
7667 7167
7167 7163
7666 7163
7665 7163
7664 7163
7663 7163
7662 7163
7661 7163
7659 7163
7163 7162
7657 7162
7656 7162
7655 7162
7654 7162
7653 7162
7652 7162
7162 7161
7651 7161
7650 7161
7649 7161
7647 7161
7645 7161
7643 7161
7641 7161
7161 7157
7640 7157
7639 7157
7638 7157
7634 7157
7633 7157
7632 7157
7631 7157
7157 7155
7630 7155
7629 7155
7628 7155
7627 7155
7155 7148
7626 7148
7625 7148
7624 7148
7623 7148
7622 7148
7621 7148
7620 7148
7148 7142
7619 7142
7618 7142
7617 7142
7616 7142
7142 7134
7615 7134
7613 7134
7134 7112
7612 7112
7611 7112
7610 7112
7609 7112
7608 7112
7607 7112
7112 7110
7606 7110
7604 7110
7603 7110
7602 7110
7601 7110
7600 7110
7599 7110
7110 7103
7597 7103
7596 7103
7595 7103
7594 7103
7593 7103
7103 7092
7592 7092
7591 7092
7590 7092
7589 7092
7587 7092
7586 7092
7585 7092
7092 7081
7584 7081
7583 7081
7582 7081
7581 7081
7580 7081
7579 7081
7578 7081
7081 7079
7577 7079
7576 7079
7575 7079
7574 7079
7573 7079
7079 7070
7572 7070
7571 7070
7570 7070
7569 7070
7567 7070
7566 7070
7070 7065
7564 7065
7563 7065
7561 7065
7560 7065
7559 7065
7558 7065
7065 7057
7557 7057
7556 7057
7555 7057
7554 7057
7553 7057
7551 7057
7550 7057
7057 7045
7549 7045
7548 7045
7546 7045
7545 7045
7544 7045
7543 7045
7542 7045
7045 7031
7541 7031
7539 7031
7537 7031
7535 7031
7534 7031
7533 7031
7031 7027
7532 7027
7531 7027
7529 7027
7528 7027
7527 7027
7526 7027
7027 7024
7525 7024
7524 7024
7523 7024
7521 7024
7520 7024
7519 7024
7024 7019
7518 7019
7516 7019
7515 7019
7514 7019
7513 7019
7512 7019
7511 7019
7019 7014
7509 7014
7508 7014
7507 7014
7506 7014
7505 7014
7502 7014
7500 7014
7014 7001
7495 7001
7494 7001
7493 7001
7492 7001
7491 7001
7490 7001
7489 7001
7001 6992
7488 6992
7487 6992
7486 6992
7485 6992
7484 6992
6992 6982
7483 6982
7482 6982
7480 6982
7479 6982
7478 6982
6982 6977
7477 6977
7476 6977
7475 6977
7474 6977
7473 6977
7471 6977
7470 6977
6977 6974
7469 6974
7468 6974
7467 6974
7466 6974
7465 6974
7464 6974
6974 6971
7463 6971
7462 6971
7461 6971
7460 6971
7459 6971
6971 6970
7458 6970
7457 6970
7456 6970
7455 6970
7454 6970
6970 6968
7453 6968
7452 6968
7451 6968
7450 6968
7449 6968
7448 6968
7445 6968
6968 6959
7444 6959
7443 6959
7442 6959
7441 6959
7440 6959
7439 6959
6959 6957
7438 6957
7435 6957
7433 6957
7432 6957
7431 6957
7430 6957
7428 6957
6957 6945
7427 6945
7426 6945
7425 6945
7424 6945
7423 6945
7422 6945
6945 6942
7419 6942
7418 6942
7417 6942
7416 6942
7415 6942
7414 6942
7413 6942
6942 6931
7412 6931
7410 6931
7407 6931
7406 6931
7405 6931
7404 6931
7403 6931
6931 6929
7402 6929
7401 6929
7400 6929
7399 6929
7398 6929
7397 6929
6929 6918
7394 6918
7393 6918
7392 6918
7391 6918
6918 6898
7390 6898
7389 6898
7388 6898
7387 6898
7386 6898
7384 6898
7383 6898
6898 6897
7382 6897
7381 6897
7380 6897
7379 6897
7378 6897
7377 6897
6897 6891
7376 6891
7375 6891
7374 6891
7373 6891
7370 6891
7369 6891
6891 6885
7368 6885
7367 6885
7366 6885
7365 6885
7364 6885
6885 6884
7363 6884
7362 6884
7361 6884
7359 6884
7358 6884
6884 6874
7356 6874
7355 6874
7353 6874
7352 6874
7351 6874
7350 6874
7349 6874
6874 6870
7347 6870
7346 6870
7345 6870
7344 6870
7343 6870
7341 6870
7340 6870
6870 6861
7339 6861
7338 6861
7337 6861
7336 6861
7335 6861
7334 6861
7333 6861
6861 6854
7332 6854
7331 6854
7330 6854
7329 6854
7328 6854
7325 6854
7324 6854
6854 6851
7323 6851
7322 6851
7321 6851
7320 6851
7319 6851
7318 6851
6851 6850
7316 6850
7315 6850
7314 6850
7312 6850
7311 6850
7309 6850
7308 6850
6850 6842
7307 6842
7306 6842
7305 6842
7304 6842
7303 6842
7302 6842
7301 6842
6842 6837
7300 6837
7299 6837
7298 6837
7296 6837
7295 6837
6837 6836
7294 6836
7293 6836
7292 6836
7291 6836
7290 6836
7289 6836
6836 6818
7288 6818
7286 6818
7285 6818
7284 6818
7283 6818
7282 6818
7280 6818
6818 6809
7279 6809
7278 6809
7277 6809
7276 6809
7275 6809
6809 6791
7274 6791
7273 6791
7272 6791
7269 6791
6791 6776
7267 6776
7266 6776
7265 6776
7264 6776
7263 6776
7262 6776
7261 6776
6776 6775
7260 6775
7259 6775
7258 6775
7256 6775
7255 6775
7253 6775
7252 6775
6775 6770
7251 6770
7250 6770
7249 6770
7248 6770
7247 6770
7246 6770
6770 6757
7245 6757
7244 6757
7243 6757
7242 6757
7241 6757
7240 6757
6757 6756
7239 6756
7237 6756
7236 6756
7235 6756
7234 6756
7232 6756
7229 6756
6756 6752
7228 6752
7227 6752
7225 6752
7224 6752
7223 6752
7222 6752
7220 6752
6752 6750
7218 6750
7217 6750
7216 6750
7215 6750
7214 6750
7213 6750
7212 6750
6750 6725
7211 6725
7209 6725
7208 6725
7207 6725
7206 6725
7205 6725
7204 6725
6725 6723
7203 6723
7202 6723
7198 6723
7197 6723
7196 6723
7195 6723
7194 6723
6723 6722
7193 6722
7192 6722
7191 6722
7190 6722
7189 6722
7188 6722
7186 6722
6722 6717
7183 6717
7182 6717
7181 6717
7180 6717
7179 6717
7178 6717
7177 6717
6717 6710
7176 6710
7175 6710
7174 6710
7173 6710
7172 6710
7171 6710
7170 6710
6710 6707
7169 6707
7166 6707
7165 6707
7164 6707
7160 6707
7159 6707
6707 6702
7158 6702
7156 6702
7154 6702
7153 6702
7152 6702
7151 6702
6702 6700
7150 6700
7149 6700
7147 6700
7146 6700
7145 6700
7144 6700
6700 6699
7143 6699
7141 6699
7140 6699
7139 6699
7138 6699
7137 6699
6699 6697
7136 6697
7135 6697
7133 6697
7132 6697
7131 6697
7130 6697
7129 6697
6697 6691
7128 6691
7127 6691
7126 6691
7125 6691
7124 6691
7123 6691
6691 6688
7122 6688
7121 6688
7120 6688
7119 6688
7118 6688
6688 6680
7117 6680
7116 6680
7115 6680
7114 6680
7113 6680
7111 6680
7109 6680
6680 6666
7108 6666
7107 6666
7106 6666
7105 6666
7104 6666
7102 6666
6666 6662
7101 6662
7100 6662
7099 6662
7098 6662
7097 6662
6662 6657
7096 6657
7095 6657
7094 6657
7093 6657
7091 6657
7090 6657
7089 6657
6657 6655
7088 6655
7087 6655
7086 6655
7085 6655
7084 6655
7083 6655
6655 6645
7082 6645
7080 6645
7078 6645
7077 6645
7076 6645
7075 6645
7074 6645
6645 6642
7073 6642
7072 6642
7071 6642
7069 6642
7068 6642
7067 6642
6642 6637
7066 6637
7064 6637
7063 6637
7062 6637
7061 6637
7060 6637
6637 6621
7059 6621
7058 6621
7056 6621
7055 6621
7054 6621
7053 6621
7052 6621
6621 6616
7051 6616
7050 6616
7049 6616
7048 6616
7047 6616
7046 6616
6616 6600
7044 6600
7043 6600
7042 6600
7041 6600
7040 6600
7039 6600
7038 6600
6600 6596
7037 6596
7036 6596
7035 6596
7034 6596
7033 6596
7032 6596
7030 6596
6596 6580
7029 6580
7028 6580
7026 6580
7025 6580
7023 6580
7022 6580
7021 6580
6580 6574
7020 6574
7018 6574
7017 6574
7016 6574
7015 6574
7013 6574
7012 6574
6574 6571
7011 6571
7010 6571
7009 6571
7008 6571
7007 6571
7006 6571
7005 6571
6571 6567
7004 6567
7003 6567
7002 6567
7000 6567
6567 6559
6999 6559
6998 6559
6997 6559
6996 6559
6995 6559
6559 6558
6994 6558
6993 6558
6991 6558
6558 6556
6990 6556
6989 6556
6988 6556
6987 6556
6986 6556
6985 6556
6984 6556
6556 6549
6983 6549
6981 6549
6980 6549
6979 6549
6978 6549
6976 6549
6549 6545
6975 6545
6973 6545
6972 6545
6969 6545
6967 6545
6966 6545
6965 6545
6545 6543
6964 6543
6963 6543
6962 6543
6543 6533
6961 6533
6960 6533
6958 6533
6956 6533
6955 6533
6533 6531
6954 6531
6953 6531
6952 6531
6951 6531
6950 6531
6531 6525
6949 6525
6948 6525
6947 6525
6946 6525
6525 6521
6944 6521
6943 6521
6941 6521
6940 6521
6939 6521
6938 6521
6521 6510
6937 6510
6936 6510
6935 6510
6934 6510
6933 6510
6510 6503
6932 6503
6930 6503
6928 6503
6927 6503
6926 6503
6925 6503
6503 6501
6924 6501
6923 6501
6922 6501
6921 6501
6920 6501
6501 6499
6919 6499
6917 6499
6916 6499
6915 6499
6914 6499
6499 6497
6913 6497
6912 6497
6911 6497
6910 6497
6909 6497
6908 6497
6907 6497
6497 6482
6906 6482
6905 6482
6904 6482
6903 6482
6902 6482
6901 6482
6900 6482
6482 6468
6899 6468
6896 6468
6895 6468
6468 6466
6894 6466
6893 6466
6892 6466
6466 6464
6890 6464
6889 6464
6888 6464
6887 6464
6886 6464
6883 6464
6882 6464
6464 6454
6881 6454
6880 6454
6879 6454
6878 6454
6454 6453
6877 6453
6876 6453
6875 6453
6873 6453
6872 6453
6871 6453
6453 6452
6869 6452
6868 6452
6867 6452
6866 6452
6452 6444
6865 6444
6864 6444
6863 6444
6862 6444
6860 6444
6859 6444
6858 6444
6444 6442
6857 6442
6856 6442
6855 6442
6853 6442
6852 6442
6849 6442
6442 6438
6848 6438
6847 6438
6846 6438
6845 6438
6844 6438
6843 6438
6841 6438
6438 6419
6840 6419
6839 6419
6838 6419
6835 6419
6834 6419
6833 6419
6419 6417
6832 6417
6831 6417
6830 6417
6829 6417
6417 6410
6828 6410
6827 6410
6826 6410
6825 6410
6824 6410
6823 6410
6410 6397
6822 6397
6821 6397
6820 6397
6819 6397
6817 6397
6816 6397
6397 6394
6815 6394
6814 6394
6813 6394
6812 6394
6811 6394
6394 6392
6810 6392
6808 6392
6807 6392
6806 6392
6805 6392
6804 6392
6803 6392
6392 6387
6802 6387
6801 6387
6800 6387
6799 6387
6798 6387
6797 6387
6387 6380
6796 6380
6795 6380
6794 6380
6793 6380
6792 6380
6790 6380
6380 6365
6789 6365
6788 6365
6787 6365
6786 6365
6365 6364
6785 6364
6784 6364
6783 6364
6782 6364
6781 6364
6780 6364
6779 6364
6364 6362
6778 6362
6777 6362
6774 6362
6773 6362
6772 6362
6771 6362
6769 6362
6362 6361
6768 6361
6767 6361
6766 6361
6765 6361
6764 6361
6763 6361
6361 6358
6762 6358
6761 6358
6760 6358
6759 6358
6758 6358
6358 6356
6755 6356
6754 6356
6753 6356
6751 6356
6356 6355
6749 6355
6748 6355
6747 6355
6746 6355
6745 6355
6744 6355
6355 6348
6743 6348
6742 6348
6741 6348
6740 6348
6739 6348
6348 6342
6738 6342
6737 6342
6736 6342
6735 6342
6734 6342
6733 6342
6732 6342
6342 6340
6731 6340
6730 6340
6729 6340
6728 6340
6727 6340
6726 6340
6724 6340
6340 6336
6721 6336
6720 6336
6719 6336
6718 6336
6716 6336
6336 6335
6715 6335
6714 6335
6713 6335
6712 6335
6711 6335
6709 6335
6708 6335
6335 6326
6706 6326
6705 6326
6704 6326
6703 6326
6701 6326
6698 6326
6696 6326
6326 6325
6695 6325
6694 6325
6693 6325
6692 6325
6690 6325
6689 6325
6687 6325
6325 6319
6686 6319
6685 6319
6684 6319
6683 6319
6682 6319
6681 6319
6679 6319
6319 6317
6678 6317
6677 6317
6676 6317
6675 6317
6674 6317
6673 6317
6672 6317
6317 6315
6671 6315
6670 6315
6669 6315
6668 6315
6667 6315
6315 6306
6665 6306
6664 6306
6663 6306
6661 6306
6660 6306
6306 6298
6659 6298
6658 6298
6656 6298
6654 6298
6298 6290
6653 6290
6652 6290
6651 6290
6650 6290
6649 6290
6648 6290
6647 6290
6290 6288
6646 6288
6644 6288
6643 6288
6641 6288
6640 6288
6639 6288
6638 6288
6288 6273
6636 6273
6635 6273
6634 6273
6633 6273
6632 6273
6273 6266
6631 6266
6630 6266
6629 6266
6628 6266
6627 6266
6626 6266
6625 6266
6266 6265
6624 6265
6623 6265
6622 6265
6620 6265
6619 6265
6618 6265
6617 6265
6265 6263
6615 6263
6614 6263
6613 6263
6612 6263
6611 6263
6263 6256
6610 6256
6609 6256
6608 6256
6607 6256
6256 6251
6606 6251
6605 6251
6604 6251
6603 6251
6602 6251
6601 6251
6251 6237
6599 6237
6598 6237
6597 6237
6595 6237
6594 6237
6593 6237
6237 6219
6592 6219
6591 6219
6590 6219
6589 6219
6219 6217
6588 6217
6587 6217
6586 6217
6585 6217
6584 6217
6583 6217
6217 6214
6582 6214
6581 6214
6579 6214
6578 6214
6577 6214
6576 6214
6575 6214
6214 6209
6573 6209
6572 6209
6570 6209
6569 6209
6209 6204
6568 6204
6566 6204
6565 6204
6564 6204
6563 6204
6562 6204
6561 6204
6204 6192
6560 6192
6557 6192
6555 6192
6554 6192
6553 6192
6192 6186
6552 6186
6551 6186
6550 6186
6548 6186
6547 6186
6546 6186
6544 6186
6186 6184
6542 6184
6541 6184
6540 6184
6539 6184
6184 6183
6538 6183
6537 6183
6536 6183
6535 6183
6534 6183
6183 6171
6532 6171
6530 6171
6529 6171
6528 6171
6527 6171
6526 6171
6171 6160
6524 6160
6523 6160
6522 6160
6520 6160
6519 6160
6518 6160
6517 6160
6160 6159
6516 6159
6515 6159
6514 6159
6159 6154
6513 6154
6512 6154
6511 6154
6509 6154
6508 6154
6507 6154
6154 6147
6506 6147
6505 6147
6504 6147
6502 6147
6147 6142
6500 6142
6498 6142
6496 6142
6495 6142
6494 6142
6493 6142
6142 6139
6492 6139
6491 6139
6490 6139
6489 6139
6139 6136
6488 6136
6487 6136
6486 6136
6485 6136
6484 6136
6483 6136
6136 6131
6481 6131
6480 6131
6479 6131
6478 6131
6477 6131
6476 6131
6475 6131
6131 6129
6474 6129
6473 6129
6472 6129
6471 6129
6470 6129
6469 6129
6467 6129
6129 6122
6465 6122
6463 6122
6462 6122
6461 6122
6460 6122
6459 6122
6458 6122
6122 6115
6457 6115
6456 6115
6455 6115
6451 6115
6450 6115
6115 6111
6449 6111
6448 6111
6447 6111
6446 6111
6111 6094
6445 6094
6443 6094
6441 6094
6440 6094
6439 6094
6094 6092
6437 6092
6436 6092
6435 6092
6434 6092
6433 6092
6092 6091
6432 6091
6431 6091
6430 6091
6429 6091
6428 6091
6427 6091
6426 6091
6091 6087
6425 6087
6424 6087
6423 6087
6422 6087
6421 6087
6420 6087
6087 6086
6418 6086
6416 6086
6415 6086
6414 6086
6413 6086
6412 6086
6086 6084
6411 6084
6409 6084
6408 6084
6407 6084
6406 6084
6405 6084
6404 6084
6084 6083
6403 6083
6402 6083
6401 6083
6400 6083
6399 6083
6398 6083
6396 6083
6083 6079
6395 6079
6393 6079
6391 6079
6390 6079
6389 6079
6388 6079
6079 6071
6386 6071
6385 6071
6384 6071
6383 6071
6382 6071
6381 6071
6071 6068
6379 6068
6378 6068
6377 6068
6376 6068
6375 6068
6374 6068
6373 6068
6068 6064
6372 6064
6371 6064
6370 6064
6369 6064
6368 6064
6367 6064
6064 6052
6366 6052
6363 6052
6360 6052
6359 6052
6357 6052
6354 6052
6353 6052
6052 6050
6352 6050
6351 6050
6350 6050
6349 6050
6347 6050
6346 6050
6345 6050
6050 6045
6344 6045
6343 6045
6341 6045
6339 6045
6338 6045
6337 6045
6334 6045
6045 6014
6333 6014
6332 6014
6331 6014
6330 6014
6014 6006
6329 6006
6328 6006
6327 6006
6324 6006
6323 6006
6322 6006
6321 6006
6006 6005
6320 6005
6318 6005
6316 6005
6314 6005
6313 6005
6312 6005
6005 6001
6311 6001
6310 6001
6309 6001
6001 5996
6308 5996
6307 5996
6305 5996
6304 5996
6303 5996
6302 5996
5996 5994
6301 5994
6300 5994
6299 5994
6297 5994
6296 5994
5994 5992
6295 5992
6294 5992
6293 5992
6292 5992
6291 5992
6289 5992
6287 5992
5992 5982
6286 5982
6285 5982
6284 5982
6283 5982
6282 5982
5982 5980
6281 5980
6280 5980
6279 5980
6278 5980
6277 5980
6276 5980
6275 5980
5980 5967
6274 5967
6272 5967
6271 5967
6270 5967
6269 5967
6268 5967
5967 5954
6267 5954
6264 5954
6262 5954
6261 5954
5954 5935
6260 5935
6259 5935
6258 5935
6257 5935
6255 5935
6254 5935
6253 5935
5935 5934
6252 5934
6250 5934
6249 5934
6248 5934
6247 5934
6246 5934
6245 5934
5934 5928
6244 5928
6243 5928
6242 5928
6241 5928
6240 5928
6239 5928
5928 5925
6238 5925
6236 5925
6235 5925
6234 5925
6233 5925
6232 5925
6231 5925
5925 5910
6230 5910
6229 5910
6228 5910
6227 5910
6226 5910
6225 5910
5910 5895
6224 5895
6223 5895
6222 5895
6221 5895
6220 5895
6218 5895
6216 5895
5895 5886
6215 5886
6213 5886
6212 5886
6211 5886
6210 5886
6208 5886
6207 5886
5886 5882
6206 5882
6205 5882
6203 5882
6202 5882
6201 5882
6200 5882
6199 5882
5882 5861
6198 5861
6197 5861
6196 5861
6195 5861
6194 5861
6193 5861
5861 5857
6191 5857
6190 5857
6189 5857
6188 5857
6187 5857
6185 5857
6182 5857
5857 5851
6181 5851
6180 5851
6179 5851
6178 5851
6177 5851
6176 5851
5851 5849
6175 5849
6174 5849
6173 5849
6172 5849
6170 5849
6169 5849
6168 5849
5849 5846
6167 5846
6166 5846
6165 5846
6164 5846
6163 5846
6162 5846
6161 5846
5846 5836
6158 5836
6157 5836
6156 5836
6155 5836
6153 5836
6152 5836
5836 5827
6151 5827
6150 5827
6149 5827
6148 5827
5827 5825
6146 5825
6145 5825
6144 5825
6143 5825
5825 5815
6141 5815
6140 5815
6138 5815
6137 5815
6135 5815
6134 5815
6133 5815
5815 5808
6132 5808
6130 5808
6128 5808
6127 5808
6126 5808
6125 5808
5808 5807
6124 5807
6123 5807
6121 5807
6120 5807
6119 5807
6118 5807
6117 5807
5807 5791
6116 5791
6114 5791
6113 5791
6112 5791
6110 5791
6109 5791
6108 5791
5791 5789
6107 5789
6106 5789
6105 5789
6104 5789
6103 5789
5789 5785
6102 5785
6101 5785
6100 5785
6099 5785
6098 5785
6097 5785
6096 5785
5785 5784
6095 5784
6093 5784
6090 5784
6089 5784
6088 5784
6085 5784
5784 5783
6082 5783
6081 5783
6080 5783
6078 5783
6077 5783
6076 5783
6075 5783
5783 5778
6074 5778
6073 5778
6072 5778
6070 5778
6069 5778
6067 5778
6066 5778
5778 5773
6065 5773
6063 5773
6062 5773
6061 5773
6060 5773
6059 5773
5773 5769
6058 5769
6057 5769
6056 5769
6055 5769
6054 5769
6053 5769
6051 5769
5769 5767
6049 5767
6048 5767
6047 5767
6046 5767
6044 5767
6043 5767
6042 5767
5767 5750
6041 5750
6040 5750
6039 5750
6038 5750
6037 5750
6036 5750
6035 5750
5750 5739
6034 5739
6033 5739
6032 5739
6031 5739
6030 5739
6029 5739
6028 5739
5739 5737
6027 5737
6026 5737
6025 5737
6024 5737
6023 5737
5737 5735
6022 5735
6021 5735
6020 5735
6019 5735
6018 5735
6017 5735
6016 5735
5735 5725
6015 5725
6013 5725
6012 5725
6011 5725
6010 5725
6009 5725
6008 5725
5725 5723
6007 5723
6004 5723
6003 5723
6002 5723
6000 5723
5999 5723
5998 5723
5723 5719
5997 5719
5995 5719
5993 5719
5991 5719
5990 5719
5989 5719
5988 5719
5719 5716
5987 5716
5986 5716
5985 5716
5984 5716
5983 5716
5981 5716
5979 5716
5716 5711
5978 5711
5977 5711
5976 5711
5711 5703
5975 5703
5974 5703
5973 5703
5972 5703
5971 5703
5970 5703
5969 5703
5703 5693
5968 5693
5966 5693
5965 5693
5964 5693
5963 5693
5962 5693
5961 5693
5693 5685
5960 5685
5959 5685
5958 5685
5957 5685
5956 5685
5955 5685
5953 5685
5685 5680
5952 5680
5951 5680
5950 5680
5949 5680
5948 5680
5947 5680
5680 5664
5946 5664
5945 5664
5944 5664
5943 5664
5942 5664
5941 5664
5940 5664
5664 5661
5939 5661
5938 5661
5937 5661
5936 5661
5933 5661
5661 5658
5932 5658
5931 5658
5930 5658
5929 5658
5927 5658
5926 5658
5924 5658
5658 5655
5923 5655
5922 5655
5921 5655
5920 5655
5919 5655
5655 5654
5918 5654
5917 5654
5916 5654
5915 5654
5914 5654
5913 5654
5912 5654
5654 5650
5911 5650
5909 5650
5908 5650
5907 5650
5906 5650
5650 5647
5905 5647
5904 5647
5903 5647
5902 5647
5901 5647
5900 5647
5899 5647
5647 5644
5898 5644
5897 5644
5896 5644
5894 5644
5893 5644
5892 5644
5891 5644
5644 5640
5890 5640
5889 5640
5888 5640
5887 5640
5885 5640
5884 5640
5883 5640
5640 5639
5881 5639
5880 5639
5879 5639
5878 5639
5877 5639
5876 5639
5639 5629
5875 5629
5874 5629
5873 5629
5872 5629
5871 5629
5629 5622
5870 5622
5869 5622
5868 5622
5867 5622
5866 5622
5865 5622
5622 5620
5864 5620
5863 5620
5862 5620
5860 5620
5859 5620
5858 5620
5620 5610
5856 5610
5855 5610
5854 5610
5853 5610
5852 5610
5850 5610
5848 5610
5610 5608
5847 5608
5845 5608
5844 5608
5843 5608
5842 5608
5608 5598
5841 5598
5840 5598
5839 5598
5838 5598
5837 5598
5835 5598
5598 5588
5834 5588
5833 5588
5832 5588
5831 5588
5830 5588
5588 5585
5829 5585
5828 5585
5826 5585
5824 5585
5823 5585
5822 5585
5585 5581
5821 5581
5820 5581
5819 5581
5818 5581
5817 5581
5581 5568
5816 5568
5814 5568
5813 5568
5812 5568
5811 5568
5810 5568
5809 5568
5568 5563
5806 5563
5805 5563
5804 5563
5803 5563
5802 5563
5801 5563
5563 5541
5800 5541
5799 5541
5798 5541
5797 5541
5796 5541
5795 5541
5794 5541
5541 5535
5793 5535
5792 5535
5790 5535
5788 5535
5787 5535
5786 5535
5535 5524
5782 5524
5781 5524
5780 5524
5779 5524
5777 5524
5776 5524
5524 5513
5775 5513
5774 5513
5772 5513
5771 5513
5770 5513
5768 5513
5513 5512
5766 5512
5765 5512
5764 5512
5763 5512
5762 5512
5761 5512
5512 5504
5760 5504
5759 5504
5758 5504
5757 5504
5756 5504
5504 5499
5755 5499
5754 5499
5753 5499
5752 5499
5751 5499
5749 5499
5748 5499
5499 5491
5747 5491
5746 5491
5745 5491
5744 5491
5743 5491
5491 5489
5742 5489
5741 5489
5740 5489
5738 5489
5736 5489
5734 5489
5733 5489
5489 5481
5732 5481
5731 5481
5730 5481
5729 5481
5728 5481
5727 5481
5481 5474
5726 5474
5724 5474
5474 5473
5722 5473
5721 5473
5720 5473
5718 5473
5717 5473
5715 5473
5714 5473
5473 5472
5713 5472
5712 5472
5710 5472
5709 5472
5708 5472
5707 5472
5706 5472
5472 5461
5705 5461
5704 5461
5702 5461
5701 5461
5700 5461
5699 5461
5698 5461
5461 5460
5697 5460
5696 5460
5695 5460
5694 5460
5460 5459
5692 5459
5691 5459
5690 5459
5689 5459
5688 5459
5687 5459
5686 5459
5459 5437
5684 5437
5683 5437
5682 5437
5681 5437
5679 5437
5678 5437
5677 5437
5437 5431
5676 5431
5675 5431
5674 5431
5673 5431
5672 5431
5671 5431
5431 5426
5670 5426
5669 5426
5668 5426
5667 5426
5666 5426
5426 5425
5665 5425
5663 5425
5662 5425
5425 5419
5660 5419
5659 5419
5657 5419
5656 5419
5653 5419
5652 5419
5651 5419
5419 5414
5649 5414
5648 5414
5646 5414
5645 5414
5643 5414
5414 5396
5642 5396
5641 5396
5638 5396
5637 5396
5636 5396
5635 5396
5634 5396
5396 5378
5633 5378
5632 5378
5631 5378
5630 5378
5628 5378
5378 5373
5627 5373
5626 5373
5625 5373
5624 5373
5623 5373
5621 5373
5373 5362
5619 5362
5618 5362
5617 5362
5616 5362
5615 5362
5614 5362
5362 5355
5613 5355
5612 5355
5611 5355
5609 5355
5607 5355
5606 5355
5355 5348
5605 5348
5604 5348
5603 5348
5602 5348
5601 5348
5600 5348
5348 5346
5599 5346
5597 5346
5596 5346
5346 5327
5595 5327
5594 5327
5593 5327
5592 5327
5591 5327
5590 5327
5589 5327
5327 5321
5587 5321
5586 5321
5584 5321
5583 5321
5582 5321
5580 5321
5579 5321
5321 5318
5578 5318
5577 5318
5576 5318
5575 5318
5318 5316
5574 5316
5573 5316
5572 5316
5571 5316
5570 5316
5569 5316
5316 5310
5567 5310
5566 5310
5565 5310
5564 5310
5562 5310
5310 5306
5561 5306
5306 5297
5560 5297
5559 5297
5558 5297
5557 5297
5556 5297
5555 5297
5554 5297
5297 5284
5553 5284
5552 5284
5551 5284
5550 5284
5549 5284
5548 5284
5547 5284
5284 5271
5546 5271
5545 5271
5544 5271
5543 5271
5542 5271
5540 5271
5271 5268
5539 5268
5538 5268
5537 5268
5536 5268
5534 5268
5533 5268
5532 5268
5268 5252
5531 5252
5530 5252
5529 5252
5528 5252
5527 5252
5526 5252
5252 5231
5525 5231
5523 5231
5522 5231
5521 5231
5520 5231
5519 5231
5518 5231
5231 5194
5517 5194
5516 5194
5515 5194
5514 5194
5511 5194
5510 5194
5509 5194
5194 5182
5508 5182
5507 5182
5506 5182
5505 5182
5503 5182
5502 5182
5501 5182
5182 5179
5500 5179
5498 5179
5497 5179
5179 5178
5496 5178
5495 5178
5494 5178
5493 5178
5492 5178
5490 5178
5488 5178
5178 5174
5487 5174
5486 5174
5485 5174
5484 5174
5483 5174
5174 5165
5482 5165
5480 5165
5479 5165
5478 5165
5477 5165
5476 5165
5475 5165
5165 5157
5471 5157
5470 5157
5469 5157
5468 5157
5467 5157
5466 5157
5465 5157
5157 5137
5464 5137
5463 5137
5462 5137
5458 5137
5457 5137
5137 5132
5456 5132
5455 5132
5454 5132
5453 5132
5452 5132
5451 5132
5132 5118
5450 5118
5449 5118
5448 5118
5447 5118
5446 5118
5445 5118
5444 5118
5118 5117
5443 5117
5442 5117
5441 5117
5440 5117
5439 5117
5438 5117
5117 5111
5436 5111
5435 5111
5434 5111
5433 5111
5432 5111
5430 5111
5429 5111
5111 5109
5428 5109
5427 5109
5424 5109
5423 5109
5422 5109
5109 5105
5421 5105
5420 5105
5418 5105
5105 5103
5417 5103
5416 5103
5415 5103
5413 5103
5412 5103
5411 5103
5103 5098
5410 5098
5409 5098
5408 5098
5407 5098
5406 5098
5098 5090
5405 5090
5404 5090
5403 5090
5402 5090
5401 5090
5400 5090
5399 5090
5090 5089
5398 5089
5397 5089
5395 5089
5394 5089
5393 5089
5392 5089
5089 5086
5391 5086
5390 5086
5389 5086
5388 5086
5387 5086
5386 5086
5385 5086
5086 5081
5384 5081
5383 5081
5382 5081
5381 5081
5380 5081
5379 5081
5081 5080
5377 5080
5376 5080
5375 5080
5374 5080
5372 5080
5371 5080
5080 5077
5370 5077
5369 5077
5368 5077
5367 5077
5366 5077
5365 5077
5364 5077
5077 5060
5363 5060
5361 5060
5360 5060
5359 5060
5358 5060
5357 5060
5060 5057
5356 5057
5354 5057
5353 5057
5352 5057
5351 5057
5350 5057
5349 5057
5057 5049
5347 5049
5345 5049
5344 5049
5343 5049
5342 5049
5341 5049
5340 5049
5049 5047
5339 5047
5338 5047
5337 5047
5336 5047
5335 5047
5334 5047
5333 5047
5047 5044
5332 5044
5331 5044
5330 5044
5329 5044
5328 5044
5326 5044
5325 5044
5044 5038
5324 5038
5323 5038
5322 5038
5320 5038
5319 5038
5317 5038
5315 5038
5038 5031
5314 5031
5313 5031
5312 5031
5311 5031
5309 5031
5031 5013
5308 5013
5307 5013
5305 5013
5304 5013
5303 5013
5013 5005
5302 5005
5301 5005
5005 5001
5300 5001
5299 5001
5298 5001
5296 5001
5295 5001
5294 5001
5001 4997
5293 4997
5292 4997
5291 4997
5290 4997
5289 4997
5288 4997
4997 4986
5287 4986
5286 4986
5285 4986
5283 4986
5282 4986
5281 4986
4986 4978
5280 4978
5279 4978
5278 4978
5277 4978
5276 4978
5275 4978
5274 4978
4978 4965
5273 4965
5272 4965
4965 4964
5270 4964
5269 4964
5267 4964
5266 4964
4964 4951
5265 4951
5264 4951
5263 4951
5262 4951
5261 4951
5260 4951
4951 4946
5259 4946
5258 4946
5257 4946
5256 4946
4946 4939
5255 4939
5254 4939
5253 4939
5251 4939
5250 4939
5249 4939
5248 4939
4939 4937
5247 4937
5246 4937
5245 4937
5244 4937
5243 4937
5242 4937
5241 4937
4937 4920
5240 4920
5239 4920
5238 4920
5237 4920
5236 4920
4920 4917
5235 4917
5234 4917
5233 4917
5232 4917
4917 4916
5230 4916
5229 4916
5228 4916
5227 4916
5226 4916
5225 4916
4916 4915
5224 4915
5223 4915
5222 4915
5221 4915
5220 4915
5219 4915
5218 4915
4915 4903
5217 4903
5216 4903
5215 4903
5214 4903
5213 4903
4903 4894
5212 4894
5211 4894
5210 4894
5209 4894
4894 4890
5208 4890
5207 4890
5206 4890
4890 4870
5205 4870
5204 4870
5203 4870
5202 4870
5201 4870
5200 4870
4870 4867
5199 4867
5198 4867
5197 4867
5196 4867
5195 4867
5193 4867
5192 4867
4867 4866
5191 4866
5190 4866
5189 4866
5188 4866
4866 4859
5187 4859
5186 4859
5185 4859
5184 4859
5183 4859
5181 4859
4859 4857
5180 4857
5177 4857
5176 4857
5175 4857
4857 4856
5173 4856
5172 4856
5171 4856
5170 4856
5169 4856
5168 4856
4856 4855
5167 4855
5166 4855
5164 4855
5163 4855
5162 4855
4855 4850
5161 4850
5160 4850
5159 4850
5158 4850
5156 4850
4850 4848
5155 4848
5154 4848
5153 4848
5152 4848
5151 4848
4848 4846
5150 4846
5149 4846
5148 4846
5147 4846
5146 4846
4846 4840
5145 4840
5144 4840
5143 4840
5142 4840
5141 4840
5140 4840
5139 4840
4840 4830
5138 4830
5136 4830
5135 4830
5134 4830
4830 4822
5133 4822
5131 4822
5130 4822
5129 4822
5128 4822
5127 4822
5126 4822
4822 4809
5125 4809
5124 4809
5123 4809
5122 4809
5121 4809
5120 4809
5119 4809
4809 4805
5116 4805
5115 4805
5114 4805
5113 4805
5112 4805
5110 4805
4805 4801
5108 4801
5107 4801
5106 4801
5104 4801
5102 4801
5101 4801
5100 4801
4801 4793
5099 4793
5097 4793
5096 4793
5095 4793
5094 4793
5093 4793
4793 4791
5092 4791
5091 4791
5088 4791
5087 4791
4791 4783
5085 4783
5084 4783
5083 4783
5082 4783
5079 4783
5078 4783
5076 4783
4783 4782
5075 4782
5074 4782
5073 4782
5072 4782
5071 4782
4782 4776
5070 4776
5069 4776
5068 4776
5067 4776
4776 4745
5066 4745
5065 4745
5064 4745
5063 4745
5062 4745
5061 4745
5059 4745
4745 4738
5058 4738
5056 4738
5055 4738
5054 4738
5053 4738
5052 4738
4738 4737
5051 4737
5050 4737
5048 4737
5046 4737
5045 4737
5043 4737
5042 4737
4737 4728
5041 4728
5040 4728
5039 4728
5037 4728
5036 4728
5035 4728
5034 4728
4728 4726
5033 4726
5032 4726
5030 4726
5029 4726
5028 4726
5027 4726
5026 4726
4726 4719
5025 4719
5024 4719
5023 4719
5022 4719
5021 4719
4719 4716
5020 4716
5019 4716
5018 4716
5017 4716
4716 4702
5016 4702
5015 4702
5014 4702
5012 4702
5011 4702
5010 4702
5009 4702
4702 4693
5008 4693
5007 4693
5006 4693
5004 4693
5003 4693
5002 4693
4693 4690
5000 4690
4999 4690
4998 4690
4996 4690
4690 4689
4995 4689
4994 4689
4993 4689
4992 4689
4991 4689
4990 4689
4989 4689
4689 4686
4988 4686
4987 4686
4985 4686
4984 4686
4983 4686
4982 4686
4686 4683
4981 4683
4980 4683
4979 4683
4977 4683
4976 4683
4975 4683
4974 4683
4683 4674
4973 4674
4972 4674
4971 4674
4970 4674
4969 4674
4674 4656
4968 4656
4967 4656
4966 4656
4963 4656
4962 4656
4961 4656
4960 4656
4656 4652
4959 4652
4958 4652
4957 4652
4956 4652
4955 4652
4652 4645
4954 4645
4953 4645
4952 4645
4950 4645
4949 4645
4948 4645
4947 4645
4645 4644
4945 4644
4944 4644
4943 4644
4942 4644
4941 4644
4644 4643
4940 4643
4938 4643
4643 4642
4936 4642
4935 4642
4934 4642
4933 4642
4932 4642
4642 4630
4931 4630
4930 4630
4929 4630
4928 4630
4630 4612
4927 4612
4926 4612
4925 4612
4924 4612
4923 4612
4922 4612
4612 4611
4921 4611
4919 4611
4918 4611
4914 4611
4913 4611
4912 4611
4611 4598
4911 4598
4910 4598
4909 4598
4908 4598
4907 4598
4906 4598
4905 4598
4598 4589
4904 4589
4902 4589
4901 4589
4900 4589
4589 4586
4899 4586
4898 4586
4897 4586
4896 4586
4895 4586
4893 4586
4586 4569
4892 4569
4891 4569
4889 4569
4888 4569
4887 4569
4886 4569
4569 4567
4885 4567
4884 4567
4883 4567
4882 4567
4881 4567
4880 4567
4567 4555
4879 4555
4878 4555
4877 4555
4876 4555
4875 4555
4874 4555
4873 4555
4555 4553
4872 4553
4871 4553
4869 4553
4868 4553
4865 4553
4864 4553
4863 4553
4553 4549
4862 4549
4861 4549
4860 4549
4858 4549
4854 4549
4853 4549
4549 4548
4852 4548
4851 4548
4849 4548
4847 4548
4845 4548
4844 4548
4843 4548
4548 4542
4842 4542
4841 4542
4839 4542
4838 4542
4837 4542
4542 4538
4836 4538
4835 4538
4834 4538
4833 4538
4832 4538
4538 4519
4831 4519
4829 4519
4828 4519
4827 4519
4826 4519
4825 4519
4519 4518
4824 4518
4823 4518
4821 4518
4820 4518
4819 4518
4818 4518
4817 4518
4518 4514
4816 4514
4815 4514
4814 4514
4813 4514
4812 4514
4811 4514
4514 4510
4810 4510
4808 4510
4807 4510
4806 4510
4804 4510
4803 4510
4802 4510
4510 4505
4800 4505
4799 4505
4798 4505
4797 4505
4796 4505
4795 4505
4794 4505
4505 4496
4792 4496
4790 4496
4789 4496
4788 4496
4496 4490
4787 4490
4786 4490
4785 4490
4784 4490
4781 4490
4780 4490
4490 4485
4779 4485
4778 4485
4777 4485
4775 4485
4774 4485
4773 4485
4485 4474
4772 4474
4771 4474
4770 4474
4474 4465
4769 4465
4768 4465
4767 4465
4766 4465
4765 4465
4764 4465
4763 4465
4465 4458
4762 4458
4761 4458
4760 4458
4759 4458
4758 4458
4757 4458
4458 4457
4756 4457
4755 4457
4754 4457
4753 4457
4752 4457
4751 4457
4457 4440
4750 4440
4749 4440
4748 4440
4747 4440
4746 4440
4440 4437
4744 4437
4743 4437
4742 4437
4741 4437
4740 4437
4739 4437
4736 4437
4437 4424
4735 4424
4734 4424
4733 4424
4732 4424
4731 4424
4730 4424
4729 4424
4424 4418
4727 4418
4725 4418
4724 4418
4723 4418
4722 4418
4721 4418
4418 4409
4720 4409
4718 4409
4717 4409
4715 4409
4714 4409
4713 4409
4712 4409
4409 4394
4711 4394
4710 4394
4709 4394
4708 4394
4707 4394
4706 4394
4705 4394
4394 4384
4704 4384
4703 4384
4701 4384
4700 4384
4699 4384
4698 4384
4697 4384
4384 4383
4696 4383
4695 4383
4694 4383
4692 4383
4691 4383
4688 4383
4687 4383
4383 4377
4685 4377
4684 4377
4682 4377
4681 4377
4680 4377
4679 4377
4678 4377
4377 4372
4677 4372
4676 4372
4675 4372
4673 4372
4672 4372
4671 4372
4670 4372
4372 4366
4669 4366
4668 4366
4366 4357
4667 4357
4666 4357
4665 4357
4664 4357
4663 4357
4357 4341
4662 4341
4661 4341
4660 4341
4659 4341
4658 4341
4657 4341
4341 4337
4655 4337
4654 4337
4653 4337
4651 4337
4650 4337
4649 4337
4337 4332
4648 4332
4647 4332
4646 4332
4641 4332
4640 4332
4332 4331
4639 4331
4638 4331
4637 4331
4636 4331
4635 4331
4634 4331
4331 4327
4633 4327
4632 4327
4631 4327
4629 4327
4628 4327
4327 4326
4627 4326
4626 4326
4625 4326
4624 4326
4623 4326
4622 4326
4326 4325
4621 4325
4620 4325
4619 4325
4618 4325
4617 4325
4616 4325
4615 4325
4325 4319
4614 4319
4613 4319
4610 4319
4319 4313
4609 4313
4608 4313
4607 4313
4606 4313
4605 4313
4604 4313
4603 4313
4313 4303
4602 4303
4601 4303
4600 4303
4599 4303
4597 4303
4596 4303
4595 4303
4303 4302
4594 4302
4593 4302
4592 4302
4591 4302
4590 4302
4588 4302
4302 4285
4587 4285
4585 4285
4584 4285
4583 4285
4582 4285
4285 4283
4581 4283
4580 4283
4579 4283
4578 4283
4577 4283
4576 4283
4283 4282
4575 4282
4574 4282
4573 4282
4572 4282
4282 4274
4571 4274
4570 4274
4568 4274
4566 4274
4565 4274
4564 4274
4563 4274
4274 4271
4562 4271
4561 4271
4560 4271
4559 4271
4271 4266
4558 4266
4557 4266
4556 4266
4554 4266
4552 4266
4551 4266
4550 4266
4266 4250
4547 4250
4546 4250
4545 4250
4544 4250
4543 4250
4541 4250
4250 4242
4540 4242
4539 4242
4242 4232
4537 4232
4536 4232
4535 4232
4534 4232
4533 4232
4532 4232
4531 4232
4232 4224
4530 4224
4529 4224
4528 4224
4527 4224
4526 4224
4525 4224
4524 4224
4224 4223
4523 4223
4522 4223
4521 4223
4520 4223
4517 4223
4516 4223
4223 4197
4515 4197
4513 4197
4512 4197
4511 4197
4509 4197
4508 4197
4197 4193
4507 4193
4506 4193
4504 4193
4503 4193
4502 4193
4501 4193
4500 4193
4193 4190
4499 4190
4498 4190
4497 4190
4495 4190
4494 4190
4493 4190
4492 4190
4190 4185
4491 4185
4489 4185
4488 4185
4487 4185
4486 4185
4484 4185
4483 4185
4185 4179
4482 4179
4481 4179
4480 4179
4479 4179
4478 4179
4477 4179
4179 4178
4476 4178
4475 4178
4473 4178
4472 4178
4471 4178
4470 4178
4469 4178
4178 4176
4468 4176
4467 4176
4466 4176
4464 4176
4463 4176
4462 4176
4176 4175
4461 4175
4460 4175
4459 4175
4456 4175
4455 4175
4454 4175
4453 4175
4175 4169
4452 4169
4451 4169
4450 4169
4449 4169
4448 4169
4447 4169
4169 4168
4446 4168
4445 4168
4444 4168
4443 4168
4442 4168
4441 4168
4439 4168
4168 4162
4438 4162
4436 4162
4435 4162
4434 4162
4433 4162
4432 4162
4162 4155
4431 4155
4430 4155
4429 4155
4428 4155
4427 4155
4426 4155
4155 4152
4425 4152
4423 4152
4422 4152
4421 4152
4420 4152
4419 4152
4152 4146
4417 4146
4416 4146
4415 4146
4414 4146
4413 4146
4412 4146
4411 4146
4146 4145
4410 4145
4408 4145
4407 4145
4406 4145
4405 4145
4404 4145
4145 4140
4403 4140
4402 4140
4401 4140
4400 4140
4399 4140
4398 4140
4397 4140
4140 4134
4396 4134
4395 4134
4393 4134
4392 4134
4134 4131
4391 4131
4390 4131
4389 4131
4388 4131
4131 4127
4387 4127
4386 4127
4385 4127
4127 4125
4382 4125
4381 4125
4380 4125
4379 4125
4378 4125
4376 4125
4125 4123
4375 4123
4374 4123
4373 4123
4371 4123
4370 4123
4369 4123
4368 4123
4123 4109
4367 4109
4365 4109
4364 4109
4363 4109
4362 4109
4109 4102
4361 4102
4360 4102
4359 4102
4358 4102
4356 4102
4355 4102
4102 4101
4354 4101
4353 4101
4352 4101
4351 4101
4350 4101
4349 4101
4348 4101
4101 4092
4347 4092
4346 4092
4345 4092
4344 4092
4343 4092
4092 4086
4342 4086
4340 4086
4339 4086
4338 4086
4336 4086
4335 4086
4334 4086
4086 4082
4333 4082
4330 4082
4329 4082
4328 4082
4324 4082
4323 4082
4322 4082
4082 4078
4321 4078
4320 4078
4318 4078
4317 4078
4316 4078
4315 4078
4314 4078
4078 4058
4312 4058
4311 4058
4310 4058
4309 4058
4308 4058
4307 4058
4058 4051
4306 4051
4305 4051
4304 4051
4301 4051
4300 4051
4299 4051
4298 4051
4051 4048
4297 4048
4296 4048
4295 4048
4294 4048
4293 4048
4292 4048
4291 4048
4048 4022
4290 4022
4289 4022
4288 4022
4287 4022
4286 4022
4284 4022
4022 4018
4281 4018
4280 4018
4279 4018
4278 4018
4018 4013
4277 4013
4276 4013
4275 4013
4273 4013
4272 4013
4013 4011
4270 4011
4269 4011
4268 4011
4267 4011
4265 4011
4264 4011
4263 4011
4011 4010
4262 4010
4261 4010
4260 4010
4259 4010
4010 4009
4258 4009
4257 4009
4256 4009
4255 4009
4254 4009
4253 4009
4009 4000
4252 4000
4251 4000
4249 4000
4248 4000
4247 4000
4246 4000
4000 3995
4245 3995
4244 3995
4243 3995
4241 3995
4240 3995
4239 3995
4238 3995
3995 3990
4237 3990
4236 3990
4235 3990
4234 3990
4233 3990
4231 3990
4230 3990
3990 3972
4229 3972
4228 3972
4227 3972
4226 3972
4225 3972
3972 3960
4222 3960
4221 3960
4220 3960
4219 3960
4218 3960
4217 3960
4216 3960
3960 3959
4215 3959
4214 3959
4213 3959
4212 3959
4211 3959
4210 3959
4209 3959
3959 3948
4208 3948
4207 3948
4206 3948
4205 3948
4204 3948
4203 3948
3948 3947
4202 3947
4201 3947
3947 3945
4200 3945
4199 3945
4198 3945
4196 3945
4195 3945
3945 3942
4194 3942
4192 3942
3942 3937
4191 3937
4189 3937
4188 3937
4187 3937
4186 3937
4184 3937
3937 3935
4183 3935
4182 3935
4181 3935
4180 3935
4177 3935
3935 3934
4174 3934
4173 3934
4172 3934
4171 3934
4170 3934
4167 3934
4166 3934
3934 3930
4165 3930
4164 3930
4163 3930
4161 3930
4160 3930
4159 3930
4158 3930
3930 3926
4157 3926
4156 3926
4154 3926
4153 3926
4151 3926
4150 3926
3926 3924
4149 3924
4148 3924
4147 3924
4144 3924
4143 3924
4142 3924
3924 3918
4141 3918
4139 3918
4138 3918
3918 3915
4137 3915
4136 3915
4135 3915
4133 3915
4132 3915
4130 3915
3915 3914
4129 3914
4128 3914
4126 3914
4124 3914
4122 3914
4121 3914
4120 3914
3914 3909
4119 3909
4118 3909
4117 3909
4116 3909
4115 3909
4114 3909
4113 3909
3909 3896
4112 3896
4111 3896
4110 3896
3896 3890
4108 3890
4107 3890
4106 3890
4105 3890
4104 3890
4103 3890
3890 3883
4100 3883
4099 3883
4098 3883
4097 3883
4096 3883
4095 3883
3883 3882
4094 3882
4093 3882
4091 3882
4090 3882
4089 3882
3882 3872
4088 3872
4087 3872
4085 3872
4084 3872
4083 3872
4081 3872
4080 3872
3872 3845
4079 3845
4077 3845
4076 3845
4075 3845
4074 3845
3845 3841
4073 3841
4072 3841
4071 3841
4070 3841
3841 3840
4069 3840
4068 3840
4067 3840
4066 3840
4065 3840
4064 3840
4063 3840
3840 3836
4062 3836
4061 3836
4060 3836
4059 3836
4057 3836
4056 3836
4055 3836
3836 3834
4054 3834
4053 3834
4052 3834
4050 3834
4049 3834
4047 3834
3834 3831
4046 3831
4045 3831
4044 3831
4043 3831
4042 3831
4041 3831
4040 3831
3831 3829
4039 3829
4038 3829
4037 3829
4036 3829
3829 3826
4035 3826
4034 3826
4033 3826
4032 3826
4031 3826
4030 3826
3826 3822
4029 3822
4028 3822
4027 3822
4026 3822
4025 3822
4024 3822
4023 3822
3822 3821
4021 3821
4020 3821
4019 3821
4017 3821
4016 3821
4015 3821
4014 3821
3821 3818
4012 3818
4008 3818
4007 3818
4006 3818
4005 3818
4004 3818
3818 3809
4003 3809
4002 3809
4001 3809
3999 3809
3998 3809
3997 3809
3809 3804
3996 3804
3994 3804
3993 3804
3992 3804
3991 3804
3989 3804
3988 3804
3804 3801
3987 3801
3986 3801
3985 3801
3984 3801
3983 3801
3982 3801
3801 3772
3981 3772
3980 3772
3979 3772
3978 3772
3977 3772
3976 3772
3975 3772
3772 3769
3974 3769
3973 3769
3971 3769
3970 3769
3969 3769
3968 3769
3967 3769
3769 3760
3966 3760
3965 3760
3964 3760
3963 3760
3760 3757
3962 3757
3961 3757
3958 3757
3957 3757
3956 3757
3955 3757
3757 3752
3954 3752
3953 3752
3952 3752
3951 3752
3950 3752
3752 3743
3949 3743
3946 3743
3944 3743
3943 3743
3941 3743
3743 3742
3940 3742
3939 3742
3938 3742
3742 3731
3936 3731
3933 3731
3932 3731
3931 3731
3929 3731
3731 3725
3928 3725
3927 3725
3925 3725
3923 3725
3922 3725
3921 3725
3920 3725
3725 3723
3919 3723
3917 3723
3916 3723
3723 3720
3913 3720
3912 3720
3911 3720
3910 3720
3908 3720
3907 3720
3906 3720
3720 3715
3905 3715
3904 3715
3903 3715
3902 3715
3901 3715
3900 3715
3715 3705
3899 3705
3898 3705
3897 3705
3895 3705
3705 3681
3894 3681
3893 3681
3892 3681
3891 3681
3889 3681
3681 3680
3888 3680
3887 3680
3886 3680
3885 3680
3884 3680
3881 3680
3880 3680
3680 3673
3879 3673
3878 3673
3877 3673
3876 3673
3875 3673
3673 3672
3874 3672
3873 3672
3871 3672
3870 3672
3869 3672
3868 3672
3867 3672
3672 3669
3866 3669
3865 3669
3669 3664
3864 3664
3863 3664
3862 3664
3861 3664
3860 3664
3664 3662
3859 3662
3858 3662
3857 3662
3856 3662
3855 3662
3854 3662
3853 3662
3662 3641
3852 3641
3851 3641
3850 3641
3849 3641
3848 3641
3641 3636
3847 3636
3846 3636
3844 3636
3843 3636
3842 3636
3839 3636
3838 3636
3636 3626
3837 3626
3835 3626
3833 3626
3832 3626
3830 3626
3828 3626
3827 3626
3626 3618
3825 3618
3824 3618
3823 3618
3820 3618
3819 3618
3817 3618
3618 3607
3816 3607
3815 3607
3814 3607
3813 3607
3812 3607
3607 3606
3811 3606
3810 3606
3808 3606
3807 3606
3806 3606
3805 3606
3803 3606
3606 3601
3802 3601
3800 3601
3799 3601
3798 3601
3797 3601
3796 3601
3601 3598
3795 3598
3794 3598
3793 3598
3792 3598
3791 3598
3790 3598
3789 3598
3598 3595
3788 3595
3787 3595
3786 3595
3785 3595
3784 3595
3783 3595
3782 3595
3595 3594
3781 3594
3780 3594
3779 3594
3778 3594
3594 3583
3777 3583
3776 3583
3775 3583
3583 3569
3774 3569
3773 3569
3771 3569
3770 3569
3768 3569
3767 3569
3766 3569
3569 3567
3765 3567
3764 3567
3763 3567
3567 3566
3762 3566
3761 3566
3759 3566
3758 3566
3756 3566
3755 3566
3754 3566
3566 3548
3753 3548
3751 3548
3750 3548
3749 3548
3748 3548
3747 3548
3746 3548
3548 3547
3745 3547
3744 3547
3741 3547
3740 3547
3739 3547
3738 3547
3737 3547
3547 3546
3736 3546
3735 3546
3734 3546
3733 3546
3732 3546
3730 3546
3546 3534
3729 3534
3728 3534
3727 3534
3726 3534
3534 3530
3724 3530
3722 3530
3721 3530
3719 3530
3718 3530
3717 3530
3530 3510
3716 3510
3714 3510
3713 3510
3712 3510
3711 3510
3710 3510
3709 3510
3510 3497
3708 3497
3707 3497
3706 3497
3704 3497
3703 3497
3702 3497
3701 3497
3497 3495
3700 3495
3699 3495
3698 3495
3697 3495
3696 3495
3495 3488
3695 3488
3694 3488
3693 3488
3692 3488
3691 3488
3488 3486
3690 3486
3689 3486
3688 3486
3687 3486
3686 3486
3685 3486
3684 3486
3486 3485
3683 3485
3682 3485
3679 3485
3678 3485
3677 3485
3676 3485
3675 3485
3485 3476
3674 3476
3671 3476
3670 3476
3668 3476
3667 3476
3666 3476
3476 3475
3665 3475
3663 3475
3661 3475
3475 3474
3660 3474
3659 3474
3658 3474
3657 3474
3656 3474
3655 3474
3474 3463
3654 3463
3653 3463
3652 3463
3651 3463
3650 3463
3649 3463
3463 3459
3648 3459
3647 3459
3646 3459
3645 3459
3644 3459
3643 3459
3642 3459
3459 3453
3640 3453
3639 3453
3638 3453
3637 3453
3635 3453
3453 3446
3634 3446
3633 3446
3632 3446
3631 3446
3630 3446
3446 3443
3629 3443
3628 3443
3627 3443
3625 3443
3624 3443
3623 3443
3443 3440
3622 3440
3621 3440
3620 3440
3619 3440
3617 3440
3616 3440
3440 3434
3615 3434
3614 3434
3613 3434
3612 3434
3434 3431
3611 3431
3610 3431
3609 3431
3608 3431
3605 3431
3604 3431
3603 3431
3431 3425
3602 3425
3600 3425
3599 3425
3597 3425
3596 3425
3593 3425
3592 3425
3425 3415
3591 3415
3590 3415
3589 3415
3588 3415
3415 3410
3587 3410
3586 3410
3585 3410
3584 3410
3582 3410
3581 3410
3580 3410
3410 3405
3579 3405
3578 3405
3577 3405
3576 3405
3575 3405
3574 3405
3573 3405
3405 3387
3572 3387
3571 3387
3570 3387
3568 3387
3565 3387
3564 3387
3387 3384
3563 3384
3562 3384
3561 3384
3560 3384
3559 3384
3558 3384
3557 3384
3384 3383
3556 3383
3555 3383
3554 3383
3553 3383
3552 3383
3551 3383
3550 3383
3383 3376
3549 3376
3545 3376
3544 3376
3543 3376
3542 3376
3541 3376
3540 3376
3376 3367
3539 3367
3538 3367
3537 3367
3536 3367
3367 3353
3535 3353
3533 3353
3532 3353
3531 3353
3529 3353
3528 3353
3527 3353
3353 3351
3526 3351
3525 3351
3524 3351
3523 3351
3522 3351
3521 3351
3520 3351
3351 3341
3519 3341
3518 3341
3517 3341
3516 3341
3515 3341
3341 3340
3514 3340
3513 3340
3512 3340
3511 3340
3509 3340
3340 3334
3508 3334
3507 3334
3506 3334
3505 3334
3504 3334
3503 3334
3502 3334
3334 3330
3501 3330
3500 3330
3499 3330
3498 3330
3496 3330
3330 3322
3494 3322
3493 3322
3492 3322
3491 3322
3490 3322
3489 3322
3487 3322
3322 3304
3484 3304
3483 3304
3482 3304
3481 3304
3480 3304
3304 3295
3479 3295
3478 3295
3477 3295
3473 3295
3472 3295
3471 3295
3470 3295
3295 3280
3469 3280
3468 3280
3467 3280
3466 3280
3465 3280
3464 3280
3280 3279
3462 3279
3461 3279
3460 3279
3458 3279
3457 3279
3456 3279
3279 3270
3455 3270
3454 3270
3452 3270
3451 3270
3450 3270
3270 3267
3449 3267
3448 3267
3267 3255
3447 3255
3445 3255
3444 3255
3442 3255
3441 3255
3439 3255
3438 3255
3255 3239
3437 3239
3436 3239
3435 3239
3433 3239
3432 3239
3430 3239
3429 3239
3239 3236
3428 3236
3427 3236
3426 3236
3424 3236
3236 3234
3423 3234
3422 3234
3421 3234
3420 3234
3419 3234
3418 3234
3417 3234
3234 3233
3416 3233
3414 3233
3413 3233
3412 3233
3411 3233
3233 3232
3409 3232
3408 3232
3407 3232
3406 3232
3232 3228
3404 3228
3403 3228
3402 3228
3401 3228
3400 3228
3228 3227
3399 3227
3398 3227
3397 3227
3396 3227
3395 3227
3394 3227
3227 3211
3393 3211
3392 3211
3391 3211
3211 3208
3390 3208
3389 3208
3388 3208
3386 3208
3385 3208
3382 3208
3381 3208
3208 3206
3380 3206
3379 3206
3378 3206
3377 3206
3375 3206
3374 3206
3206 3204
3373 3204
3372 3204
3371 3204
3370 3204
3369 3204
3368 3204
3204 3196
3366 3196
3365 3196
3364 3196
3363 3196
3362 3196
3361 3196
3196 3195
3360 3195
3359 3195
3358 3195
3357 3195
3356 3195
3195 3192
3355 3192
3354 3192
3352 3192
3350 3192
3349 3192
3348 3192
3347 3192
3192 3189
3346 3189
3345 3189
3344 3189
3343 3189
3342 3189
3339 3189
3338 3189
3189 3181
3337 3181
3336 3181
3335 3181
3333 3181
3181 3180
3332 3180
3331 3180
3329 3180
3328 3180
3327 3180
3326 3180
3325 3180
3180 3175
3324 3175
3323 3175
3321 3175
3320 3175
3319 3175
3318 3175
3317 3175
3175 3173
3316 3173
3315 3173
3314 3173
3313 3173
3312 3173
3173 3170
3311 3170
3310 3170
3309 3170
3308 3170
3170 3168
3307 3168
3306 3168
3305 3168
3303 3168
3168 3163
3302 3163
3301 3163
3300 3163
3299 3163
3298 3163
3297 3163
3296 3163
3163 3158
3294 3158
3293 3158
3292 3158
3291 3158
3290 3158
3289 3158
3288 3158
3158 3152
3287 3152
3286 3152
3285 3152
3284 3152
3283 3152
3282 3152
3281 3152
3152 3149
3278 3149
3277 3149
3276 3149
3275 3149
3274 3149
3273 3149
3272 3149
3149 3148
3271 3148
3269 3148
3268 3148
3266 3148
3265 3148
3264 3148
3263 3148
3148 3145
3262 3145
3261 3145
3260 3145
3259 3145
3258 3145
3257 3145
3256 3145
3145 3135
3254 3135
3253 3135
3252 3135
3251 3135
3250 3135
3135 3132
3249 3132
3248 3132
3247 3132
3246 3132
3245 3132
3244 3132
3132 3131
3243 3131
3242 3131
3241 3131
3240 3131
3238 3131
3131 3127
3237 3127
3235 3127
3231 3127
3230 3127
3127 3121
3229 3121
3226 3121
3225 3121
3224 3121
3223 3121
3222 3121
3121 3114
3221 3114
3220 3114
3219 3114
3218 3114
3217 3114
3216 3114
3215 3114
3114 3102
3214 3102
3213 3102
3212 3102
3210 3102
3209 3102
3207 3102
3205 3102
3102 3091
3203 3091
3202 3091
3201 3091
3200 3091
3199 3091
3198 3091
3091 3089
3197 3089
3194 3089
3193 3089
3191 3089
3190 3089
3188 3089
3187 3089
3089 3088
3186 3088
3185 3088
3184 3088
3183 3088
3182 3088
3179 3088
3088 3082
3178 3082
3177 3082
3176 3082
3174 3082
3172 3082
3171 3082
3169 3082
3082 3070
3167 3070
3166 3070
3165 3070
3164 3070
3162 3070
3161 3070
3160 3070
3070 3062
3159 3062
3157 3062
3156 3062
3155 3062
3154 3062
3153 3062
3151 3062
3062 3056
3150 3056
3147 3056
3146 3056
3144 3056
3143 3056
3056 3055
3142 3055
3141 3055
3140 3055
3139 3055
3138 3055
3137 3055
3055 3054
3136 3054
3134 3054
3133 3054
3130 3054
3129 3054
3128 3054
3054 3051
3126 3051
3125 3051
3124 3051
3051 3047
3123 3047
3122 3047
3120 3047
3119 3047
3118 3047
3117 3047
3116 3047
3047 3041
3115 3041
3113 3041
3112 3041
3111 3041
3110 3041
3041 3038
3109 3038
3108 3038
3107 3038
3106 3038
3105 3038
3104 3038
3038 3035
3103 3035
3101 3035
3100 3035
3099 3035
3098 3035
3035 3028
3097 3028
3096 3028
3095 3028
3094 3028
3093 3028
3092 3028
3090 3028
3028 3023
3087 3023
3086 3023
3085 3023
3084 3023
3023 3016
3083 3016
3081 3016
3080 3016
3079 3016
3078 3016
3077 3016
3016 3012
3076 3012
3075 3012
3074 3012
3073 3012
3072 3012
3071 3012
3069 3012
3012 3004
3068 3004
3067 3004
3066 3004
3065 3004
3064 3004
3063 3004
3061 3004
3004 3000
3060 3000
3059 3000
3058 3000
3057 3000
3053 3000
3052 3000
3000 2991
3050 2991
3049 2991
3048 2991
3046 2991
2991 2982
3045 2982
3044 2982
3043 2982
3042 2982
3040 2982
3039 2982
3037 2982
2982 2973
3036 2973
3034 2973
3033 2973
3032 2973
3031 2973
3030 2973
3029 2973
2973 2972
3027 2972
3026 2972
3025 2972
3024 2972
3022 2972
3021 2972
2972 2970
3020 2970
3019 2970
3018 2970
3017 2970
3015 2970
3014 2970
3013 2970
2970 2956
3011 2956
3010 2956
3009 2956
3008 2956
3007 2956
2956 2952
3006 2952
3005 2952
3003 2952
3002 2952
3001 2952
2999 2952
2998 2952
2952 2951
2997 2951
2996 2951
2995 2951
2994 2951
2993 2951
2992 2951
2951 2947
2990 2947
2989 2947
2988 2947
2987 2947
2986 2947
2985 2947
2947 2934
2984 2934
2983 2934
2981 2934
2980 2934
2979 2934
2978 2934
2977 2934
2934 2924
2976 2924
2975 2924
2974 2924
2971 2924
2969 2924
2968 2924
2967 2924
2924 2921
2966 2921
2965 2921
2964 2921
2963 2921
2962 2921
2921 2920
2961 2920
2960 2920
2959 2920
2958 2920
2957 2920
2955 2920
2920 2913
2954 2913
2953 2913
2950 2913
2949 2913
2948 2913
2946 2913
2945 2913
2913 2910
2944 2910
2943 2910
2942 2910
2941 2910
2940 2910
2939 2910
2938 2910
2910 2903
2937 2903
2936 2903
2935 2903
2933 2903
2932 2903
2931 2903
2903 2898
2930 2898
2929 2898
2928 2898
2927 2898
2926 2898
2925 2898
2898 2884
2923 2884
2922 2884
2919 2884
2918 2884
2917 2884
2884 2883
2916 2883
2915 2883
2914 2883
2912 2883
2911 2883
2909 2883
2908 2883
2883 2874
2907 2874
2906 2874
2905 2874
2904 2874
2902 2874
2901 2874
2874 2873
2900 2873
2899 2873
2897 2873
2896 2873
2895 2873
2873 2864
2894 2864
2893 2864
2892 2864
2891 2864
2890 2864
2864 2858
2889 2858
2888 2858
2887 2858
2886 2858
2885 2858
2858 2826
2882 2826
2881 2826
2880 2826
2879 2826
2878 2826
2877 2826
2826 2810
2876 2810
2875 2810
2872 2810
2871 2810
2870 2810
2810 2805
2869 2805
2868 2805
2867 2805
2866 2805
2805 2799
2865 2799
2863 2799
2862 2799
2861 2799
2860 2799
2799 2793
2859 2793
2857 2793
2856 2793
2855 2793
2854 2793
2793 2770
2853 2770
2852 2770
2851 2770
2770 2769
2850 2769
2849 2769
2848 2769
2847 2769
2846 2769
2769 2753
2845 2753
2844 2753
2843 2753
2842 2753
2753 2750
2841 2750
2840 2750
2839 2750
2838 2750
2837 2750
2750 2745
2836 2745
2835 2745
2834 2745
2833 2745
2832 2745
2831 2745
2830 2745
2745 2712
2829 2712
2828 2712
2827 2712
2825 2712
2824 2712
2823 2712
2712 2710
2822 2710
2821 2710
2820 2710
2819 2710
2818 2710
2710 2687
2817 2687
2816 2687
2815 2687
2814 2687
2813 2687
2687 2677
2812 2677
2811 2677
2809 2677
2808 2677
2807 2677
2677 2670
2806 2670
2804 2670
2803 2670
2802 2670
2801 2670
2800 2670
2670 2664
2798 2664
2797 2664
2796 2664
2795 2664
2794 2664
2792 2664
2791 2664
2664 2661
2790 2661
2789 2661
2788 2661
2787 2661
2786 2661
2785 2661
2784 2661
2661 2660
2783 2660
2782 2660
2781 2660
2780 2660
2779 2660
2778 2660
2660 2659
2777 2659
2776 2659
2775 2659
2774 2659
2773 2659
2772 2659
2771 2659
2659 2638
2768 2638
2767 2638
2766 2638
2765 2638
2764 2638
2638 2636
2763 2636
2762 2636
2761 2636
2760 2636
2759 2636
2758 2636
2757 2636
2636 2625
2756 2625
2755 2625
2754 2625
2752 2625
2751 2625
2749 2625
2748 2625
2625 2620
2747 2620
2746 2620
2744 2620
2743 2620
2742 2620
2741 2620
2740 2620
2620 2612
2739 2612
2738 2612
2737 2612
2736 2612
2735 2612
2734 2612
2612 2594
2733 2594
2732 2594
2731 2594
2730 2594
2729 2594
2728 2594
2594 2593
2727 2593
2726 2593
2725 2593
2724 2593
2723 2593
2722 2593
2593 2591
2721 2591
2720 2591
2719 2591
2718 2591
2717 2591
2716 2591
2715 2591
2591 2588
2714 2588
2713 2588
2711 2588
2709 2588
2708 2588
2707 2588
2588 2584
2706 2584
2705 2584
2704 2584
2703 2584
2702 2584
2701 2584
2700 2584
2584 2577
2699 2577
2698 2577
2697 2577
2577 2569
2696 2569
2695 2569
2694 2569
2693 2569
2692 2569
2691 2569
2690 2569
2569 2567
2689 2567
2688 2567
2686 2567
2685 2567
2684 2567
2683 2567
2682 2567
2567 2556
2681 2556
2680 2556
2679 2556
2678 2556
2676 2556
2675 2556
2674 2556
2556 2551
2673 2551
2672 2551
2671 2551
2669 2551
2668 2551
2667 2551
2666 2551
2551 2541
2665 2541
2663 2541
2662 2541
2658 2541
2657 2541
2656 2541
2655 2541
2541 2539
2654 2539
2653 2539
2652 2539
2651 2539
2650 2539
2649 2539
2648 2539
2539 2518
2647 2518
2646 2518
2645 2518
2644 2518
2643 2518
2642 2518
2518 2515
2641 2515
2640 2515
2639 2515
2637 2515
2635 2515
2634 2515
2633 2515
2515 2508
2632 2508
2631 2508
2630 2508
2629 2508
2508 2495
2628 2495
2627 2495
2626 2495
2624 2495
2623 2495
2622 2495
2495 2489
2621 2489
2619 2489
2618 2489
2617 2489
2616 2489
2615 2489
2489 2488
2614 2488
2613 2488
2611 2488
2610 2488
2609 2488
2488 2486
2608 2486
2607 2486
2606 2486
2605 2486
2604 2486
2603 2486
2486 2484
2602 2484
2601 2484
2600 2484
2599 2484
2598 2484
2597 2484
2596 2484
2484 2480
2595 2480
2592 2480
2590 2480
2589 2480
2587 2480
2586 2480
2585 2480
2480 2476
2583 2476
2582 2476
2581 2476
2580 2476
2579 2476
2578 2476
2476 2467
2576 2467
2575 2467
2574 2467
2573 2467
2572 2467
2467 2466
2571 2466
2570 2466
2568 2466
2566 2466
2565 2466
2564 2466
2563 2466
2466 2436
2562 2436
2561 2436
2560 2436
2559 2436
2436 2426
2558 2426
2557 2426
2555 2426
2554 2426
2553 2426
2552 2426
2550 2426
2426 2418
2549 2418
2548 2418
2547 2418
2546 2418
2545 2418
2544 2418
2543 2418
2418 2408
2542 2408
2540 2408
2538 2408
2537 2408
2536 2408
2408 2405
2535 2405
2534 2405
2533 2405
2532 2405
2531 2405
2530 2405
2405 2396
2529 2396
2528 2396
2527 2396
2526 2396
2525 2396
2524 2396
2523 2396
2396 2394
2522 2394
2521 2394
2520 2394
2519 2394
2517 2394
2516 2394
2514 2394
2394 2389
2513 2389
2512 2389
2511 2389
2510 2389
2509 2389
2389 2374
2507 2374
2506 2374
2505 2374
2504 2374
2374 2371
2503 2371
2502 2371
2501 2371
2500 2371
2499 2371
2498 2371
2371 2369
2497 2369
2496 2369
2494 2369
2493 2369
2492 2369
2491 2369
2369 2368
2490 2368
2487 2368
2485 2368
2483 2368
2482 2368
2368 2367
2481 2367
2479 2367
2478 2367
2477 2367
2475 2367
2367 2360
2474 2360
2473 2360
2472 2360
2471 2360
2470 2360
2469 2360
2468 2360
2360 2353
2465 2353
2464 2353
2463 2353
2462 2353
2461 2353
2460 2353
2353 2352
2459 2352
2458 2352
2457 2352
2456 2352
2455 2352
2352 2345
2454 2345
2453 2345
2452 2345
2451 2345
2450 2345
2449 2345
2345 2326
2448 2326
2447 2326
2446 2326
2445 2326
2444 2326
2443 2326
2442 2326
2326 2323
2441 2323
2440 2323
2439 2323
2438 2323
2437 2323
2435 2323
2323 2301
2434 2301
2433 2301
2432 2301
2431 2301
2430 2301
2301 2293
2429 2293
2428 2293
2427 2293
2425 2293
2424 2293
2423 2293
2293 2290
2422 2290
2421 2290
2420 2290
2419 2290
2290 2287
2417 2287
2416 2287
2415 2287
2414 2287
2413 2287
2412 2287
2287 2269
2411 2269
2410 2269
2409 2269
2407 2269
2406 2269
2404 2269
2403 2269
2269 2267
2402 2267
2401 2267
2400 2267
2399 2267
2398 2267
2397 2267
2267 2251
2395 2251
2393 2251
2392 2251
2391 2251
2390 2251
2388 2251
2387 2251
2251 2243
2386 2243
2385 2243
2384 2243
2383 2243
2382 2243
2381 2243
2380 2243
2243 2204
2379 2204
2378 2204
2377 2204
2376 2204
2375 2204
2204 2200
2373 2200
2372 2200
2370 2200
2366 2200
2200 2198
2365 2198
2364 2198
2363 2198
2362 2198
2361 2198
2198 2195
2359 2195
2358 2195
2357 2195
2356 2195
2355 2195
2354 2195
2195 2192
2351 2192
2350 2192
2349 2192
2348 2192
2347 2192
2346 2192
2192 2174
2344 2174
2343 2174
2342 2174
2341 2174
2174 2163
2340 2163
2339 2163
2338 2163
2337 2163
2336 2163
2335 2163
2163 2158
2334 2158
2333 2158
2332 2158
2331 2158
2330 2158
2329 2158
2158 2155
2328 2155
2327 2155
2325 2155
2324 2155
2322 2155
2321 2155
2320 2155
2155 2152
2319 2152
2318 2152
2317 2152
2316 2152
2152 2136
2315 2136
2314 2136
2313 2136
2312 2136
2311 2136
2310 2136
2309 2136
2136 2126
2308 2126
2307 2126
2306 2126
2305 2126
2304 2126
2126 2122
2303 2122
2302 2122
2300 2122
2122 2119
2299 2119
2298 2119
2297 2119
2296 2119
2295 2119
2294 2119
2292 2119
2119 2113
2291 2113
2289 2113
2288 2113
2113 2084
2286 2084
2285 2084
2284 2084
2283 2084
2282 2084
2281 2084
2280 2084
2084 2080
2279 2080
2278 2080
2277 2080
2276 2080
2080 2076
2275 2076
2274 2076
2273 2076
2272 2076
2271 2076
2270 2076
2076 2052
2268 2052
2266 2052
2265 2052
2264 2052
2052 2051
2263 2051
2262 2051
2261 2051
2260 2051
2259 2051
2051 2049
2258 2049
2257 2049
2256 2049
2255 2049
2254 2049
2253 2049
2252 2049
2049 2044
2250 2044
2249 2044
2248 2044
2247 2044
2044 2041
2246 2041
2245 2041
2244 2041
2242 2041
2241 2041
2240 2041
2239 2041
2041 2031
2238 2031
2237 2031
2236 2031
2235 2031
2031 2030
2234 2030
2233 2030
2232 2030
2231 2030
2230 2030
2229 2030
2228 2030
2030 2024
2227 2024
2226 2024
2225 2024
2224 2024
2223 2024
2024 2018
2222 2018
2221 2018
2220 2018
2219 2018
2218 2018
2217 2018
2018 2015
2216 2015
2215 2015
2214 2015
2213 2015
2212 2015
2211 2015
2210 2015
2015 2011
2209 2011
2208 2011
2207 2011
2206 2011
2011 1995
2205 1995
2203 1995
2202 1995
2201 1995
2199 1995
1995 1994
2197 1994
2196 1994
2194 1994
2193 1994
2191 1994
2190 1994
2189 1994
1994 1990
2188 1990
2187 1990
2186 1990
2185 1990
2184 1990
2183 1990
2182 1990
1990 1989
2181 1989
2180 1989
2179 1989
2178 1989
2177 1989
2176 1989
1989 1981
2175 1981
2173 1981
2172 1981
2171 1981
2170 1981
2169 1981
2168 1981
1981 1973
2167 1973
2166 1973
2165 1973
2164 1973
2162 1973
2161 1973
1973 1968
2160 1968
2159 1968
2157 1968
2156 1968
2154 1968
2153 1968
2151 1968
1968 1965
2150 1965
2149 1965
2148 1965
2147 1965
2146 1965
1965 1956
2145 1956
2144 1956
2143 1956
1956 1955
2142 1955
2141 1955
2140 1955
2139 1955
2138 1955
2137 1955
2135 1955
1955 1950
2134 1950
2133 1950
2132 1950
2131 1950
2130 1950
1950 1949
2129 1949
2128 1949
2127 1949
2125 1949
2124 1949
2123 1949
1949 1947
2121 1947
2120 1947
2118 1947
1947 1938
2117 1938
2116 1938
2115 1938
2114 1938
2112 1938
2111 1938
2110 1938
1938 1933
2109 1933
2108 1933
2107 1933
2106 1933
2105 1933
2104 1933
2103 1933
1933 1928
2102 1928
2101 1928
2100 1928
2099 1928
2098 1928
2097 1928
2096 1928
1928 1921
2095 1921
2094 1921
2093 1921
2092 1921
2091 1921
2090 1921
2089 1921
1921 1920
2088 1920
2087 1920
1920 1918
2086 1918
2085 1918
1918 1913
2083 1913
2082 1913
2081 1913
2079 1913
2078 1913
2077 1913
1913 1905
2075 1905
2074 1905
2073 1905
2072 1905
2071 1905
2070 1905
2069 1905
1905 1894
2068 1894
2067 1894
2066 1894
2065 1894
2064 1894
2063 1894
2062 1894
1894 1892
2061 1892
2060 1892
2059 1892
2058 1892
2057 1892
2056 1892
1892 1887
2055 1887
2054 1887
2053 1887
2050 1887
2048 1887
2047 1887
2046 1887
1887 1870
2045 1870
2043 1870
2042 1870
2040 1870
2039 1870
2038 1870
2037 1870
1870 1864
2036 1864
2035 1864
2034 1864
2033 1864
2032 1864
2029 1864
2028 1864
1864 1862
2027 1862
2026 1862
2025 1862
2023 1862
2022 1862
1862 1854
2021 1854
2020 1854
2019 1854
2017 1854
2016 1854
2014 1854
2013 1854
1854 1844
2012 1844
2010 1844
2009 1844
2008 1844
2007 1844
2006 1844
1844 1843
2005 1843
2004 1843
2003 1843
2002 1843
2001 1843
2000 1843
1999 1843
1843 1836
1998 1836
1997 1836
1996 1836
1993 1836
1992 1836
1836 1835
1991 1835
1988 1835
1987 1835
1986 1835
1835 1824
1985 1824
1984 1824
1983 1824
1982 1824
1980 1824
1824 1811
1979 1811
1978 1811
1977 1811
1976 1811
1811 1804
1975 1804
1974 1804
1972 1804
1971 1804
1970 1804
1804 1799
1969 1799
1967 1799
1966 1799
1964 1799
1963 1799
1799 1797
1962 1797
1961 1797
1960 1797
1959 1797
1958 1797
1957 1797
1954 1797
1797 1784
1953 1784
1952 1784
1951 1784
1948 1784
1946 1784
1945 1784
1944 1784
1784 1780
1943 1780
1942 1780
1941 1780
1940 1780
1939 1780
1780 1779
1937 1779
1936 1779
1935 1779
1934 1779
1932 1779
1931 1779
1930 1779
1779 1774
1929 1774
1927 1774
1926 1774
1925 1774
1924 1774
1923 1774
1774 1771
1922 1771
1919 1771
1917 1771
1916 1771
1915 1771
1914 1771
1912 1771
1771 1770
1911 1770
1910 1770
1909 1770
1908 1770
1907 1770
1906 1770
1904 1770
1770 1759
1903 1759
1902 1759
1901 1759
1900 1759
1899 1759
1898 1759
1759 1751
1897 1751
1896 1751
1895 1751
1893 1751
1891 1751
1890 1751
1889 1751
1751 1750
1888 1750
1886 1750
1885 1750
1884 1750
1750 1731
1883 1731
1882 1731
1881 1731
1880 1731
1879 1731
1878 1731
1877 1731
1731 1721
1876 1721
1875 1721
1874 1721
1873 1721
1872 1721
1871 1721
1869 1721
1721 1709
1868 1709
1867 1709
1866 1709
1865 1709
1863 1709
1861 1709
1860 1709
1709 1679
1859 1679
1858 1679
1679 1664
1857 1664
1856 1664
1855 1664
1853 1664
1852 1664
1664 1663
1851 1663
1850 1663
1849 1663
1848 1663
1847 1663
1663 1661
1846 1661
1845 1661
1842 1661
1661 1660
1841 1660
1840 1660
1839 1660
1838 1660
1837 1660
1834 1660
1833 1660
1660 1647
1832 1647
1831 1647
1830 1647
1829 1647
1828 1647
1827 1647
1647 1641
1826 1641
1825 1641
1823 1641
1822 1641
1821 1641
1820 1641
1641 1630
1819 1630
1818 1630
1817 1630
1816 1630
1815 1630
1630 1616
1814 1616
1813 1616
1812 1616
1810 1616
1809 1616
1808 1616
1807 1616
1616 1572
1806 1572
1805 1572
1803 1572
1802 1572
1801 1572
1572 1568
1800 1568
1798 1568
1796 1568
1795 1568
1794 1568
1793 1568
1568 1567
1792 1567
1791 1567
1790 1567
1789 1567
1788 1567
1787 1567
1567 1563
1786 1563
1785 1563
1783 1563
1782 1563
1781 1563
1778 1563
1563 1558
1777 1558
1776 1558
1775 1558
1773 1558
1772 1558
1769 1558
1558 1557
1768 1557
1767 1557
1766 1557
1765 1557
1764 1557
1763 1557
1557 1551
1762 1551
1761 1551
1760 1551
1758 1551
1757 1551
1756 1551
1551 1545
1755 1545
1754 1545
1753 1545
1752 1545
1749 1545
1545 1544
1748 1544
1747 1544
1746 1544
1745 1544
1744 1544
1743 1544
1742 1544
1544 1535
1741 1535
1740 1535
1739 1535
1738 1535
1737 1535
1535 1531
1736 1531
1735 1531
1734 1531
1733 1531
1732 1531
1730 1531
1729 1531
1531 1526
1728 1526
1727 1526
1726 1526
1725 1526
1724 1526
1723 1526
1722 1526
1526 1520
1720 1520
1719 1520
1718 1520
1717 1520
1716 1520
1715 1520
1520 1517
1714 1517
1713 1517
1712 1517
1711 1517
1710 1517
1708 1517
1707 1517
1517 1504
1706 1504
1705 1504
1704 1504
1703 1504
1702 1504
1504 1502
1701 1502
1700 1502
1699 1502
1502 1497
1698 1497
1697 1497
1696 1497
1695 1497
1694 1497
1693 1497
1692 1497
1497 1494
1691 1494
1690 1494
1689 1494
1688 1494
1687 1494
1686 1494
1685 1494
1494 1487
1684 1487
1683 1487
1682 1487
1681 1487
1680 1487
1678 1487
1677 1487
1487 1477
1676 1477
1675 1477
1674 1477
1673 1477
1672 1477
1671 1477
1477 1470
1670 1470
1669 1470
1668 1470
1667 1470
1666 1470
1665 1470
1470 1464
1662 1464
1659 1464
1658 1464
1657 1464
1656 1464
1655 1464
1654 1464
1464 1456
1653 1456
1652 1456
1651 1456
1650 1456
1649 1456
1648 1456
1646 1456
1456 1433
1645 1433
1644 1433
1643 1433
1642 1433
1640 1433
1639 1433
1638 1433
1433 1431
1637 1431
1636 1431
1635 1431
1634 1431
1633 1431
1632 1431
1631 1431
1431 1427
1629 1427
1628 1427
1627 1427
1626 1427
1625 1427
1427 1424
1624 1424
1623 1424
1622 1424
1621 1424
1620 1424
1619 1424
1618 1424
1424 1419
1617 1419
1615 1419
1614 1419
1613 1419
1612 1419
1611 1419
1419 1417
1610 1417
1417 1406
1609 1406
1608 1406
1607 1406
1606 1406
1605 1406
1604 1406
1406 1401
1603 1401
1602 1401
1601 1401
1600 1401
1599 1401
1401 1400
1598 1400
1597 1400
1596 1400
1595 1400
1594 1400
1593 1400
1592 1400
1400 1396
1591 1396
1590 1396
1589 1396
1588 1396
1587 1396
1586 1396
1585 1396
1396 1388
1584 1388
1583 1388
1582 1388
1388 1387
1581 1387
1580 1387
1579 1387
1578 1387
1577 1387
1576 1387
1387 1382
1575 1382
1574 1382
1573 1382
1571 1382
1570 1382
1569 1382
1566 1382
1382 1378
1565 1378
1564 1378
1562 1378
1378 1377
1561 1377
1560 1377
1559 1377
1556 1377
1377 1373
1555 1373
1554 1373
1553 1373
1552 1373
1550 1373
1549 1373
1548 1373
1373 1371
1547 1371
1546 1371
1543 1371
1542 1371
1541 1371
1371 1366
1540 1366
1539 1366
1538 1366
1537 1366
1536 1366
1366 1358
1534 1358
1533 1358
1532 1358
1530 1358
1529 1358
1528 1358
1527 1358
1358 1350
1525 1350
1524 1350
1523 1350
1350 1344
1522 1344
1521 1344
1519 1344
1518 1344
1516 1344
1344 1343
1515 1343
1514 1343
1513 1343
1512 1343
1511 1343
1510 1343
1343 1341
1509 1341
1508 1341
1507 1341
1506 1341
1505 1341
1503 1341
1501 1341
1341 1335
1500 1335
1499 1335
1498 1335
1496 1335
1495 1335
1335 1333
1493 1333
1492 1333
1491 1333
1490 1333
1489 1333
1488 1333
1486 1333
1333 1324
1485 1324
1484 1324
1483 1324
1482 1324
1481 1324
1480 1324
1324 1321
1479 1321
1478 1321
1476 1321
1475 1321
1474 1321
1473 1321
1472 1321
1321 1318
1471 1318
1469 1318
1468 1318
1467 1318
1318 1313
1466 1313
1465 1313
1463 1313
1462 1313
1461 1313
1460 1313
1459 1313
1313 1285
1458 1285
1457 1285
1455 1285
1454 1285
1453 1285
1452 1285
1285 1284
1451 1284
1450 1284
1449 1284
1448 1284
1447 1284
1446 1284
1284 1277
1445 1277
1444 1277
1443 1277
1442 1277
1441 1277
1440 1277
1277 1266
1439 1266
1438 1266
1437 1266
1436 1266
1435 1266
1434 1266
1432 1266
1266 1262
1430 1262
1429 1262
1428 1262
1426 1262
1425 1262
1423 1262
1422 1262
1262 1257
1421 1257
1420 1257
1418 1257
1416 1257
1415 1257
1414 1257
1413 1257
1257 1256
1412 1256
1411 1256
1410 1256
1409 1256
1408 1256
1407 1256
1256 1247
1405 1247
1404 1247
1403 1247
1402 1247
1399 1247
1247 1236
1398 1236
1397 1236
1395 1236
1394 1236
1236 1235
1393 1235
1392 1235
1391 1235
1390 1235
1389 1235
1235 1229
1386 1229
1385 1229
1384 1229
1383 1229
1381 1229
1380 1229
1229 1226
1379 1226
1376 1226
1375 1226
1374 1226
1372 1226
1370 1226
1369 1226
1226 1222
1368 1222
1367 1222
1365 1222
1364 1222
1363 1222
1362 1222
1361 1222
1222 1219
1360 1219
1359 1219
1357 1219
1356 1219
1355 1219
1354 1219
1219 1206
1353 1206
1352 1206
1351 1206
1349 1206
1348 1206
1347 1206
1346 1206
1206 1199
1345 1199
1342 1199
1340 1199
1339 1199
1338 1199
1337 1199
1336 1199
1199 1196
1334 1196
1332 1196
1331 1196
1330 1196
1329 1196
1196 1190
1328 1190
1327 1190
1326 1190
1325 1190
1323 1190
1322 1190
1320 1190
1190 1188
1319 1188
1317 1188
1316 1188
1315 1188
1314 1188
1312 1188
1311 1188
1188 1186
1310 1186
1309 1186
1308 1186
1307 1186
1306 1186
1305 1186
1304 1186
1186 1179
1303 1179
1302 1179
1301 1179
1300 1179
1179 1174
1299 1174
1298 1174
1297 1174
1296 1174
1295 1174
1294 1174
1293 1174
1174 1170
1292 1170
1291 1170
1290 1170
1289 1170
1170 1157
1288 1157
1287 1157
1286 1157
1283 1157
1282 1157
1281 1157
1157 1139
1280 1139
1279 1139
1278 1139
1276 1139
1275 1139
1274 1139
1139 1136
1273 1136
1272 1136
1271 1136
1270 1136
1269 1136
1268 1136
1267 1136
1136 1130
1265 1130
1264 1130
1263 1130
1261 1130
1260 1130
1130 1119
1259 1119
1258 1119
1255 1119
1254 1119
1253 1119
1252 1119
1251 1119
1119 1118
1250 1118
1249 1118
1248 1118
1246 1118
1245 1118
1244 1118
1118 1114
1243 1114
1242 1114
1241 1114
1240 1114
1239 1114
1238 1114
1114 1106
1237 1106
1234 1106
1233 1106
1232 1106
1231 1106
1230 1106
1106 1098
1228 1098
1227 1098
1225 1098
1224 1098
1223 1098
1221 1098
1220 1098
1098 1091
1218 1091
1217 1091
1216 1091
1215 1091
1214 1091
1091 1087
1213 1087
1212 1087
1211 1087
1210 1087
1209 1087
1208 1087
1207 1087
1087 1086
1205 1086
1204 1086
1203 1086
1202 1086
1201 1086
1200 1086
1086 1085
1198 1085
1197 1085
1195 1085
1194 1085
1193 1085
1192 1085
1085 1070
1191 1070
1189 1070
1187 1070
1185 1070
1184 1070
1070 1065
1183 1065
1182 1065
1181 1065
1180 1065
1178 1065
1177 1065
1065 1057
1176 1057
1175 1057
1173 1057
1172 1057
1171 1057
1057 1052
1169 1052
1168 1052
1167 1052
1166 1052
1052 1045
1165 1045
1164 1045
1163 1045
1162 1045
1161 1045
1160 1045
1159 1045
1045 1036
1158 1036
1156 1036
1155 1036
1154 1036
1153 1036
1152 1036
1151 1036
1036 1028
1028 1027
1150 1027
1149 1027
1148 1027
1147 1027
1146 1027
1027 1013
1145 1013
1144 1013
1143 1013
1142 1013
1141 1013
1140 1013
1138 1013
1013 1011
1137 1011
1135 1011
1134 1011
1133 1011
1132 1011
1131 1011
1011 997
1129 997
1128 997
1127 997
1126 997
1125 997
997 970
1124 970
1123 970
1122 970
1121 970
1120 970
1117 970
1116 970
970 966
1115 966
1113 966
1112 966
1111 966
1110 966
966 959
1109 959
1108 959
1107 959
1105 959
1104 959
1103 959
1102 959
959 957
1101 957
1100 957
1099 957
1097 957
1096 957
957 954
1095 954
1094 954
1093 954
1092 954
1090 954
1089 954
954 952
1088 952
1084 952
1083 952
1082 952
952 946
1081 946
1080 946
1079 946
1078 946
1077 946
1076 946
946 938
1075 938
1074 938
1073 938
1072 938
1071 938
938 934
1069 934
1068 934
1067 934
1066 934
1064 934
1063 934
1062 934
934 927
1061 927
1060 927
1059 927
927 908
1058 908
1056 908
1055 908
1054 908
1053 908
1051 908
908 906
1050 906
1049 906
1048 906
906 902
1047 902
1046 902
1044 902
1043 902
1042 902
1041 902
902 894
1040 894
1039 894
1038 894
1037 894
1035 894
1034 894
1033 894
894 892
1032 892
1031 892
1030 892
1029 892
1026 892
1025 892
1024 892
892 888
1023 888
1022 888
1021 888
1020 888
1019 888
888 885
1018 885
1017 885
1016 885
1015 885
1014 885
1012 885
1010 885
885 873
1009 873
1008 873
1007 873
1006 873
873 870
1005 870
1004 870
1003 870
1002 870
1001 870
1000 870
999 870
870 869
998 869
996 869
995 869
994 869
993 869
869 868
992 868
991 868
990 868
989 868
868 862
988 862
987 862
986 862
985 862
984 862
983 862
982 862
862 845
981 845
980 845
979 845
978 845
977 845
976 845
975 845
845 841
974 841
973 841
972 841
971 841
841 839
969 839
968 839
967 839
965 839
964 839
963 839
962 839
839 836
961 836
960 836
958 836
956 836
955 836
953 836
836 834
951 834
950 834
949 834
948 834
947 834
945 834
834 808
944 808
943 808
942 808
941 808
940 808
939 808
937 808
808 794
936 794
935 794
933 794
932 794
931 794
930 794
929 794
794 789
928 789
926 789
925 789
924 789
923 789
922 789
921 789
789 782
920 782
919 782
918 782
917 782
916 782
782 770
915 770
914 770
913 770
912 770
770 767
911 767
910 767
909 767
907 767
767 766
905 766
904 766
903 766
901 766
766 764
900 764
899 764
898 764
897 764
896 764
895 764
893 764
764 758
891 758
890 758
889 758
887 758
886 758
884 758
758 755
883 755
882 755
881 755
880 755
879 755
878 755
877 755
755 752
876 752
875 752
874 752
872 752
871 752
867 752
752 750
866 750
865 750
864 750
863 750
861 750
860 750
859 750
750 743
858 743
857 743
856 743
855 743
854 743
853 743
852 743
743 736
851 736
850 736
849 736
848 736
847 736
736 734
846 734
844 734
843 734
842 734
840 734
838 734
837 734
734 731
835 731
833 731
832 731
831 731
830 731
829 731
828 731
731 719
827 719
826 719
825 719
824 719
719 713
823 713
822 713
821 713
820 713
819 713
818 713
817 713
713 693
816 693
815 693
814 693
813 693
812 693
811 693
693 690
810 690
809 690
807 690
806 690
805 690
804 690
690 680
803 680
802 680
801 680
800 680
799 680
798 680
797 680
680 677
796 677
795 677
793 677
792 677
677 672
791 672
790 672
788 672
787 672
786 672
785 672
784 672
672 671
783 671
781 671
780 671
779 671
778 671
777 671
776 671
671 665
775 665
774 665
773 665
772 665
771 665
769 665
768 665
665 641
765 641
763 641
762 641
761 641
760 641
759 641
641 640
757 640
756 640
754 640
753 640
751 640
640 635
749 635
748 635
747 635
746 635
745 635
744 635
635 628
742 628
741 628
740 628
739 628
738 628
737 628
628 616
735 616
733 616
732 616
730 616
729 616
728 616
727 616
616 598
726 598
725 598
724 598
723 598
722 598
598 596
721 596
720 596
718 596
717 596
716 596
596 591
715 591
714 591
712 591
711 591
710 591
709 591
708 591
591 583
707 583
706 583
705 583
704 583
703 583
702 583
701 583
583 579
700 579
699 579
698 579
697 579
696 579
579 578
695 578
694 578
692 578
691 578
689 578
688 578
687 578
578 575
686 575
685 575
684 575
683 575
682 575
575 573
681 573
679 573
678 573
676 573
675 573
674 573
673 573
573 564
670 564
669 564
668 564
667 564
666 564
664 564
663 564
564 560
662 560
661 560
660 560
659 560
658 560
657 560
656 560
560 535
655 535
654 535
653 535
652 535
651 535
535 534
650 534
649 534
648 534
647 534
646 534
645 534
534 527
644 527
643 527
642 527
639 527
638 527
637 527
636 527
527 508
634 508
633 508
632 508
631 508
630 508
508 504
629 504
627 504
626 504
625 504
504 501
624 501
623 501
622 501
621 501
620 501
619 501
618 501
501 498
617 498
615 498
614 498
613 498
498 495
612 495
611 495
610 495
609 495
608 495
607 495
606 495
495 490
605 490
604 490
603 490
602 490
601 490
490 487
600 487
599 487
597 487
595 487
594 487
593 487
487 482
592 482
590 482
589 482
588 482
587 482
586 482
585 482
482 481
584 481
582 481
581 481
580 481
577 481
576 481
481 480
574 480
572 480
571 480
570 480
569 480
568 480
567 480
480 475
566 475
565 475
563 475
562 475
561 475
559 475
558 475
475 458
557 458
556 458
555 458
554 458
553 458
552 458
551 458
458 450
550 450
549 450
548 450
547 450
546 450
545 450
544 450
450 447
543 447
542 447
541 447
540 447
539 447
538 447
537 447
447 444
536 444
533 444
532 444
531 444
530 444
529 444
528 444
444 410
526 410
525 410
524 410
523 410
522 410
521 410
520 410
410 409
519 409
518 409
517 409
409 390
516 390
515 390
514 390
513 390
512 390
511 390
510 390
390 385
509 385
507 385
506 385
505 385
503 385
502 385
500 385
385 377
499 377
497 377
496 377
494 377
493 377
492 377
491 377
377 372
489 372
488 372
486 372
485 372
484 372
483 372
372 365
479 365
478 365
477 365
476 365
474 365
473 365
365 359
472 359
471 359
470 359
359 350
469 350
468 350
467 350
466 350
350 349
465 349
464 349
463 349
462 349
461 349
460 349
459 349
349 334
457 334
456 334
455 334
454 334
334 329
453 329
452 329
451 329
449 329
448 329
446 329
445 329
329 326
443 326
442 326
441 326
440 326
439 326
326 323
438 323
437 323
436 323
435 323
434 323
323 320
433 320
432 320
431 320
430 320
320 316
429 316
428 316
427 316
426 316
425 316
424 316
316 312
423 312
422 312
421 312
420 312
419 312
418 312
417 312
312 311
416 311
415 311
414 311
413 311
412 311
411 311
408 311
311 310
407 310
406 310
405 310
404 310
403 310
402 310
310 299
401 299
400 299
399 299
398 299
397 299
396 299
395 299
299 292
394 292
393 292
392 292
391 292
389 292
388 292
292 291
387 291
386 291
384 291
383 291
382 291
381 291
380 291
291 283
379 283
378 283
376 283
375 283
374 283
373 283
371 283
283 276
370 276
369 276
368 276
367 276
366 276
364 276
276 268
363 268
362 268
361 268
360 268
358 268
357 268
356 268
268 266
355 266
354 266
353 266
352 266
351 266
348 266
347 266
266 262
346 262
345 262
344 262
343 262
342 262
341 262
340 262
262 254
339 254
338 254
337 254
336 254
335 254
333 254
332 254
254 253
331 253
330 253
328 253
327 253
325 253
324 253
253 251
322 251
321 251
319 251
251 247
318 247
317 247
315 247
314 247
313 247
247 236
309 236
308 236
307 236
306 236
305 236
304 236
236 235
303 235
302 235
301 235
300 235
298 235
297 235
296 235
235 213
295 213
294 213
293 213
290 213
213 211
289 211
288 211
287 211
286 211
285 211
284 211
211 201
282 201
281 201
280 201
279 201
278 201
277 201
275 201
201 196
274 196
273 196
272 196
271 196
270 196
269 196
267 196
196 191
265 191
264 191
263 191
261 191
260 191
259 191
191 177
258 177
257 177
256 177
255 177
177 174
252 174
250 174
249 174
248 174
246 174
245 174
244 174
174 167
243 167
242 167
241 167
240 167
167 165
239 165
238 165
237 165
234 165
233 165
232 165
231 165
165 164
230 164
229 164
228 164
227 164
226 164
225 164
224 164
164 163
223 163
222 163
221 163
220 163
163 162
219 162
218 162
217 162
216 162
215 162
214 162
212 162
162 153
210 153
209 153
208 153
207 153
206 153
205 153
153 146
204 146
203 146
202 146
200 146
199 146
198 146
197 146
146 139
195 139
194 139
193 139
192 139
190 139
189 139
139 127
188 127
187 127
186 127
185 127
184 127
127 121
183 121
182 121
181 121
180 121
179 121
178 121
176 121
121 120
175 120
173 120
172 120
171 120
170 120
169 120
168 120
120 112
166 112
161 112
160 112
159 112
158 112
157 112
156 112
112 109
155 109
154 109
152 109
151 109
150 109
149 109
148 109
109 108
147 108
145 108
144 108
143 108
142 108
141 108
140 108
108 103
138 103
137 103
136 103
135 103
134 103
133 103
132 103
103 102
131 102
130 102
129 102
128 102
126 102
102 99
125 99
124 99
123 99
122 99
119 99
118 99
99 86
117 86
116 86
115 86
114 86
113 86
111 86
86 82
110 82
107 82
106 82
105 82
104 82
101 82
100 82
82 76
98 76
97 76
96 76
95 76
94 76
93 76
92 76
76 55
91 55
90 55
89 55
88 55
87 55
55 51
85 51
84 51
83 51
81 51
80 51
79 51
51 50
78 50
77 50
75 50
74 50
50 46
73 46
72 46
71 46
70 46
46 44
69 44
68 44
67 44
66 44
65 44
64 44
44 38
63 38
62 38
61 38
60 38
59 38
58 38
38 29
57 29
56 29
54 29
53 29
52 29
49 29
29 20
48 20
47 20
45 20
43 20
42 20
41 20
40 20
20 16
39 16
37 16
36 16
35 16
34 16
33 16
16 15
32 15
31 15
30 15
28 15
27 15
26 15
25 15
15 10
24 10
23 10
22 10
21 10
10 8
19 8
18 8
17 8
14 8
13 8
12 8
8 4
11 4
9 4
7 4
6 4
5 4
3 4
2 4
4 0
0 1
