4198
9998 9997
9997 9996
9996 9990
9995 9990
9990 9985
9985 9984
9994 9984
9984 9982
9993 9982
9982 9975
9975 9974
9974 9973
9992 9973
9973 9972
9991 9972
9972 9970
9989 9970
9970 9962
9988 9962
9962 9960
9960 9956
9987 9956
9956 9955
9986 9955
9955 9954
9983 9954
9954 9953
9981 9953
9953 9952
9980 9952
9952 9949
9949 9948
9948 9946
9946 9942
9942 9941
9979 9941
9941 9939
9978 9939
9939 9936
9936 9934
9934 9931
9977 9931
9931 9930
9930 9927
9976 9927
9927 9926
9926 9923
9971 9923
9923 9921
9921 9920
9969 9920
9920 9919
9968 9919
9919 9916
9967 9916
9916 9915
9915 9914
9966 9914
9914 9913
9965 9913
9913 9909
9909 9900
9900 9899
9899 9895
9964 9895
9895 9891
9891 9890
9890 9889
9889 9883
9883 9881
9963 9881
9881 9877
9877 9876
9961 9876
9876 9875
9875 9868
9959 9868
9868 9867
9958 9867
9867 9866
9957 9866
9866 9862
9862 9861
9861 9855
9951 9855
9855 9850
9950 9850
9850 9846
9846 9845
9845 9844
9947 9844
9844 9841
9945 9841
9841 9837
9837 9833
9944 9833
9833 9829
9829 9821
9943 9821
9821 9820
9940 9820
9820 9815
9938 9815
9815 9811
9937 9811
9811 9807
9807 9803
9803 9799
9799 9796
9935 9796
9796 9793
9933 9793
9793 9792
9792 9791
9791 9789
9789 9788
9788 9787
9932 9787
9787 9779
9929 9779
9779 9777
9928 9777
9777 9774
9925 9774
9774 9770
9770 9765
9924 9765
9765 9761
9761 9759
9759 9758
9758 9755
9922 9755
9755 9754
9918 9754
9754 9748
9748 9743
9743 9742
9742 9741
9741 9736
9917 9736
9736 9725
9725 9724
9912 9724
9724 9722
9722 9719
9719 9711
9911 9711
9711 9707
9910 9707
9707 9706
9908 9706
9706 9705
9907 9705
9705 9704
9906 9704
9704 9702
9905 9702
9702 9701
9904 9701
9701 9698
9698 9696
9903 9696
9696 9693
9902 9693
9693 9690
9690 9687
9687 9682
9682 9679
9901 9679
9679 9676
9898 9676
9676 9674
9674 9673
9897 9673
9673 9671
9896 9671
9671 9670
9670 9666
9666 9665
9665 9661
9894 9661
9661 9655
9893 9655
9655 9651
9892 9651
9651 9650
9888 9650
9650 9648
9887 9648
9648 9646
9646 9644
9644 9637
9886 9637
9637 9635
9885 9635
9635 9632
9884 9632
9632 9630
9882 9630
9630 9628
9880 9628
9628 9627
9879 9627
9627 9626
9878 9626
9626 9618
9618 9607
9874 9607
9607 9602
9873 9602
9602 9601
9601 9598
9872 9598
9598 9594
9594 9592
9871 9592
9592 9587
9870 9587
9587 9585
9585 9583
9869 9583
9583 9582
9582 9581
9865 9581
9581 9580
9864 9580
9580 9579
9579 9578
9863 9578
9578 9577
9860 9577
9577 9576
9859 9576
9576 9575
9858 9575
9575 9574
9857 9574
9574 9573
9856 9573
9573 9568
9854 9568
9568 9566
9566 9565
9853 9565
9565 9563
9563 9562
9852 9562
9562 9553
9553 9552
9851 9552
9552 9547
9849 9547
9547 9544
9544 9539
9539 9538
9848 9538
9538 9536
9847 9536
9536 9527
9843 9527
9527 9526
9526 9521
9521 9520
9842 9520
9520 9515
9840 9515
9515 9514
9839 9514
9514 9513
9838 9513
9513 9512
9512 9510
9836 9510
9510 9507
9835 9507
9507 9503
9503 9502
9502 9494
9834 9494
9494 9491
9491 9486
9486 9485
9485 9484
9484 9483
9483 9482
9832 9482
9482 9475
9831 9475
9475 9474
9830 9474
9474 9473
9473 9471
9471 9468
9828 9468
9468 9466
9827 9466
9466 9462
9462 9458
9826 9458
9458 9455
9825 9455
9455 9454
9454 9452
9824 9452
9452 9449
9823 9449
9449 9447
9822 9447
9447 9446
9446 9443
9443 9438
9819 9438
9438 9435
9818 9435
9435 9434
9434 9428
9428 9422
9817 9422
9422 9421
9421 9419
9816 9419
9419 9418
9418 9416
9814 9416
9416 9413
9813 9413
9413 9409
9409 9406
9406 9404
9812 9404
9404 9403
9810 9403
9403 9397
9809 9397
9397 9394
9808 9394
9394 9391
9806 9391
9391 9389
9805 9389
9389 9388
9388 9387
9387 9386
9804 9386
9386 9385
9385 9383
9383 9377
9802 9377
9377 9376
9801 9376
9376 9374
9800 9374
9374 9373
9798 9373
9373 9367
9797 9367
9367 9366
9795 9366
9366 9365
9794 9365
9365 9364
9364 9362
9362 9356
9790 9356
9356 9354
9786 9354
9354 9353
9785 9353
9353 9350
9784 9350
9350 9346
9346 9343
9783 9343
9343 9342
9782 9342
9342 9340
9781 9340
9340 9336
9780 9336
9336 9335
9778 9335
9335 9333
9333 9332
9332 9329
9329 9328
9328 9324
9776 9324
9324 9322
9322 9319
9319 9316
9775 9316
9316 9315
9773 9315
9315 9314
9314 9312
9772 9312
9312 9311
9311 9308
9308 9306
9771 9306
9306 9304
9304 9295
9769 9295
9295 9292
9292 9288
9768 9288
9288 9287
9767 9287
9287 9284
9766 9284
9284 9283
9283 9281
9764 9281
9281 9279
9279 9276
9276 9274
9763 9274
9274 9271
9762 9271
9271 9270
9270 9269
9760 9269
9269 9268
9757 9268
9268 9266
9756 9266
9266 9263
9753 9263
9263 9262
9262 9259
9259 9257
9752 9257
9257 9255
9751 9255
9255 9253
9253 9252
9750 9252
9252 9249
9249 9246
9749 9246
9246 9243
9243 9242
9747 9242
9242 9241
9746 9241
9241 9239
9239 9236
9745 9236
9236 9233
9744 9233
9233 9230
9740 9230
9230 9229
9229 9226
9739 9226
9226 9225
9225 9224
9224 9223
9223 9218
9218 9217
9217 9215
9738 9215
9215 9213
9213 9206
9737 9206
9206 9205
9735 9205
9205 9201
9201 9200
9734 9200
9200 9199
9733 9199
9199 9198
9732 9198
9198 9191
9191 9190
9731 9190
9190 9188
9730 9188
9188 9187
9729 9187
9187 9184
9728 9184
9184 9182
9182 9180
9727 9180
9180 9179
9726 9179
9179 9177
9723 9177
9177 9174
9174 9166
9166 9160
9721 9160
9160 9157
9157 9156
9156 9155
9720 9155
9155 9153
9718 9153
9153 9149
9149 9143
9717 9143
9143 9141
9141 9140
9140 9137
9716 9137
9137 9134
9134 9133
9715 9133
9133 9131
9131 9130
9130 9129
9714 9129
9129 9128
9128 9123
9713 9123
9123 9120
9712 9120
9120 9118
9710 9118
9118 9112
9709 9112
9112 9111
9111 9109
9109 9106
9106 9104
9104 9101
9708 9101
9101 9100
9100 9094
9703 9094
9094 9092
9092 9089
9700 9089
9089 9084
9084 9076
9699 9076
9076 9072
9697 9072
9072 9068
9695 9068
9068 9067
9694 9067
9067 9065
9692 9065
9065 9061
9691 9061
9061 9060
9689 9060
9060 9055
9688 9055
9055 9054
9686 9054
9054 9052
9052 9051
9051 9050
9685 9050
9050 9049
9684 9049
9049 9048
9048 9047
9047 9044
9044 9042
9683 9042
9042 9041
9681 9041
9041 9040
9040 9027
9027 9022
9022 9019
9019 9018
9680 9018
9018 9016
9678 9016
9016 9014
9014 9013
9677 9013
9013 9005
9005 9002
9675 9002
9002 9000
9000 8998
8998 8997
8997 8996
8996 8992
9672 8992
8992 8983
8983 8979
9669 8979
8979 8975
8975 8974
8974 8973
9668 8973
8973 8972
9667 8972
8972 8971
8971 8970
8970 8968
8968 8965
9664 8965
8965 8964
9663 8964
8964 8963
8963 8960
9662 8960
8960 8956
8956 8955
8955 8954
9660 8954
8954 8953
8953 8951
9659 8951
8951 8949
8949 8948
8948 8947
8947 8940
9658 8940
8940 8938
8938 8924
8924 8921
8921 8920
8920 8916
9657 8916
8916 8915
9656 8915
8915 8913
8913 8910
9654 8910
8910 8909
8909 8903
8903 8900
9653 8900
8900 8896
8896 8890
8890 8888
9652 8888
8888 8887
8887 8885
9649 8885
8885 8883
9647 8883
8883 8880
8880 8878
8878 8876
8876 8870
9645 8870
8870 8863
8863 8861
8861 8860
9643 8860
8860 8856
9642 8856
8856 8855
9641 8855
8855 8850
9640 8850
8850 8838
8838 8837
8837 8834
8834 8833
9639 8833
8833 8832
9638 8832
8832 8831
9636 8831
8831 8824
8824 8822
9634 8822
8822 8819
9633 8819
8819 8818
9631 8818
8818 8817
8817 8811
8811 8805
8805 8803
8803 8796
9629 8796
8796 8794
8794 8784
9625 8784
8784 8782
9624 8782
8782 8780
9623 8780
8780 8777
8777 8776
9622 8776
8776 8771
9621 8771
8771 8769
8769 8764
8764 8762
9620 8762
8762 8759
9619 8759
8759 8752
9617 8752
8752 8751
9616 8751
8751 8748
8748 8747
9615 8747
8747 8746
9614 8746
8746 8743
8743 8742
8742 8741
9613 8741
8741 8740
8740 8739
8739 8733
9612 8733
8733 8732
8732 8731
9611 8731
8731 8726
8726 8723
8723 8722
8722 8720
9610 8720
8720 8719
9609 8719
8719 8718
9608 8718
8718 8717
8717 8716
9606 8716
8716 8715
9605 8715
8715 8714
8714 8712
8712 8711
9604 8711
8711 8705
9603 8705
8705 8701
8701 8700
9600 8700
8700 8693
8693 8686
9599 8686
8686 8684
8684 8682
9597 8682
8682 8681
9596 8681
8681 8680
8680 8679
9595 8679
8679 8675
8675 8673
8673 8671
9593 8671
8671 8662
9591 8662
8662 8661
8661 8660
8660 8658
9590 8658
8658 8656
9589 8656
8656 8655
8655 8652
9588 8652
8652 8651
8651 8649
9586 8649
8649 8645
8645 8644
9584 8644
8644 8643
9572 8643
8643 8637
8637 8636
8636 8635
8635 8634
9571 8634
8634 8633
8633 8630
9570 8630
8630 8628
9569 8628
8628 8625
9567 8625
8625 8616
8616 8613
9564 8613
8613 8611
9561 8611
8611 8607
9560 8607
8607 8605
8605 8602
8602 8601
9559 8601
8601 8600
9558 8600
8600 8595
9557 8595
8595 8592
8592 8590
8590 8589
8589 8588
9556 8588
8588 8586
8586 8585
8585 8582
9555 8582
8582 8578
8578 8576
9554 8576
8576 8574
8574 8569
9551 8569
8569 8565
8565 8563
8563 8562
8562 8560
8560 8557
9550 8557
8557 8556
8556 8553
9549 8553
8553 8552
8552 8551
8551 8549
9548 8549
8549 8547
9546 8547
8547 8545
9545 8545
8545 8539
9543 8539
8539 8538
9542 8538
8538 8536
8536 8534
9541 8534
8534 8532
9540 8532
8532 8526
8526 8522
8522 8518
9537 8518
8518 8516
9535 8516
8516 8515
8515 8506
9534 8506
8506 8503
9533 8503
8503 8502
9532 8502
8502 8499
9531 8499
8499 8497
8497 8492
8492 8488
9530 8488
8488 8487
9529 8487
8487 8486
9528 8486
8486 8485
9525 8485
8485 8484
9524 8484
8484 8482
8482 8480
8480 8479
8479 8477
8477 8475
8475 8474
8474 8472
8472 8468
8468 8467
9523 8467
8467 8464
9522 8464
8464 8457
8457 8454
8454 8447
9519 8447
8447 8446
9518 8446
8446 8444
8444 8442
8442 8441
9517 8441
8441 8440
8440 8439
9516 8439
8439 8434
9511 8434
8434 8428
9509 8428
8428 8422
9508 8422
8422 8419
9506 8419
8419 8418
8418 8417
9505 8417
8417 8415
9504 8415
8415 8413
8413 8411
9501 8411
8411 8410
8410 8406
8406 8405
9500 8405
8405 8404
8404 8403
8403 8401
8401 8400
8400 8397
9499 8397
8397 8394
8394 8392
9498 8392
8392 8388
9497 8388
8388 8387
9496 8387
8387 8386
8386 8384
8384 8382
9495 8382
8382 8378
9493 8378
8378 8377
8377 8372
9492 8372
8372 8369
9490 8369
8369 8366
8366 8365
9489 8365
8365 8364
9488 8364
8364 8360
9487 8360
8360 8359
9481 8359
8359 8358
9480 8358
8358 8353
9479 8353
8353 8347
8347 8343
9478 8343
8343 8341
9477 8341
8341 8339
8339 8338
9476 8338
8338 8337
8337 8330
8330 8329
9472 8329
8329 8325
9470 8325
8325 8324
9469 8324
8324 8319
9467 8319
8319 8312
8312 8310
9465 8310
8310 8307
9464 8307
8307 8303
9463 8303
8303 8299
8299 8298
9461 8298
8298 8297
9460 8297
8297 8296
8296 8295
9459 8295
8295 8293
9457 8293
8293 8290
9456 8290
8290 8289
8289 8282
8282 8273
9453 8273
8273 8264
8264 8263
8263 8262
9451 8262
8262 8259
8259 8255
8255 8253
8253 8252
9450 8252
8252 8250
9448 8250
8250 8249
8249 8241
9445 8241
8241 8236
8236 8234
9444 8234
8234 8229
9442 8229
8229 8228
8228 8226
9441 8226
8226 8225
8225 8219
8219 8217
9440 8217
8217 8215
9439 8215
8215 8214
8214 8213
9437 8213
8213 8212
9436 8212
8212 8210
9433 8210
8210 8207
9432 8207
8207 8206
8206 8203
9431 8203
8203 8198
8198 8192
9430 8192
8192 8189
9429 8189
8189 8183
9427 8183
8183 8182
8182 8181
8181 8180
9426 8180
8180 8178
9425 8178
8178 8177
9424 8177
8177 8175
8175 8170
9423 8170
8170 8169
8169 8166
9420 8166
8166 8161
9417 8161
8161 8160
9415 8160
8160 8159
9414 8159
8159 8154
9412 8154
8154 8153
9411 8153
8153 8152
9410 8152
8152 8148
9408 8148
8148 8144
9407 8144
8144 8140
8140 8139
8139 8132
9405 8132
8132 8131
9402 8131
8131 8130
8130 8127
9401 8127
8127 8124
9400 8124
8124 8120
9399 8120
8120 8119
9398 8119
8119 8116
8116 8112
9396 8112
8112 8108
8108 8098
9395 8098
8098 8096
8096 8095
9393 8095
8095 8094
9392 8094
8094 8093
9390 8093
8093 8090
8090 8086
8086 8085
9384 8085
8085 8076
9382 8076
8076 8074
9381 8074
8074 8070
9380 8070
8070 8069
8069 8068
8068 8064
9379 8064
8064 8061
9378 8061
8061 8058
9375 8058
8058 8051
9372 8051
8051 8050
9371 8050
8050 8049
8049 8048
9370 8048
8048 8046
8046 8044
9369 8044
8044 8043
9368 8043
8043 8042
9363 8042
8042 8041
8041 8040
8040 8038
9361 8038
8038 8036
9360 8036
8036 8034
8034 8031
8031 8028
8028 8027
9359 8027
8027 8026
9358 8026
8026 8021
8021 8020
8020 8018
8018 8017
9357 8017
8017 8016
9355 8016
8016 8015
9352 8015
8015 8014
8014 8007
8007 8004
9351 8004
8004 7998
9349 7998
7998 7996
7996 7994
7994 7990
7990 7989
7989 7988
7988 7985
9348 7985
7985 7979
9347 7979
7979 7978
7978 7975
7975 7972
7972 7970
7970 7969
9345 7969
7969 7967
7967 7960
7960 7952
7952 7950
9344 7950
7950 7949
9341 7949
7949 7947
9339 7947
7947 7946
9338 7946
7946 7943
9337 7943
7943 7942
9334 7942
7942 7939
9331 7939
7939 7938
7938 7935
9330 7935
7935 7928
9327 7928
7928 7925
9326 7925
7925 7924
9325 7924
7924 7920
9323 7920
7920 7919
9321 7919
7919 7917
9320 7917
7917 7914
9318 7914
7914 7913
9317 7913
7913 7911
7911 7910
9313 7910
7910 7909
9310 7909
7909 7908
9309 7908
7908 7906
9307 7906
7906 7905
9305 7905
7905 7899
9303 7899
7899 7898
9302 7898
7898 7894
9301 7894
7894 7887
9300 7887
7887 7883
9299 7883
7883 7881
9298 7881
7881 7878
7878 7872
9297 7872
7872 7871
7871 7867
9296 7867
7867 7861
7861 7857
7857 7855
9294 7855
7855 7845
9293 7845
7845 7842
7842 7841
7841 7839
7839 7835
7835 7833
9291 7833
7833 7830
7830 7829
7829 7823
7823 7821
7821 7815
7815 7809
9290 7809
7809 7800
7800 7799
7799 7796
9289 7796
7796 7795
9286 7795
7795 7794
9285 7794
7794 7791
7791 7789
9282 7789
7789 7788
7788 7785
9280 7785
7785 7784
9278 7784
7784 7783
7783 7782
7782 7779
7779 7778
7778 7777
9277 7777
7777 7774
9275 7774
7774 7773
9273 7773
7773 7772
7772 7770
7770 7762
7762 7761
9272 7761
7761 7758
7758 7757
7757 7755
7755 7752
7752 7751
9267 7751
7751 7749
7749 7745
9265 7745
7745 7739
7739 7733
7733 7725
9264 7725
7725 7724
9261 7724
7724 7722
7722 7719
9260 7719
7719 7718
7718 7715
7715 7713
9258 7713
7713 7711
9256 7711
7711 7708
9254 7708
7708 7703
9251 7703
7703 7700
7700 7699
7699 7698
7698 7696
7696 7695
7695 7694
7694 7692
7692 7688
7688 7687
7687 7684
9250 7684
7684 7682
9248 7682
7682 7681
9247 7681
7681 7679
7679 7678
7678 7677
9245 7677
7677 7676
7676 7675
9244 7675
7675 7673
9240 7673
7673 7671
9238 7671
7671 7669
7669 7667
7667 7663
9237 7663
7663 7662
7662 7659
7659 7655
9235 7655
7655 7654
7654 7653
7653 7650
9234 7650
7650 7648
9232 7648
7648 7647
7647 7645
7645 7636
9231 7636
7636 7631
7631 7630
9228 7630
7630 7627
9227 7627
7627 7626
7626 7623
9222 7623
7623 7622
7622 7620
7620 7614
7614 7608
9221 7608
7608 7606
7606 7603
7603 7600
9220 7600
7600 7599
9219 7599
7599 7590
7590 7586
7586 7585
7585 7584
7584 7583
7583 7582
9216 7582
7582 7574
9214 7574
7574 7573
9212 7573
7573 7572
7572 7571
7571 7570
9211 7570
7570 7569
9210 7569
7569 7563
7563 7553
9209 7553
7553 7544
7544 7543
7543 7541
9208 7541
7541 7537
7537 7533
7533 7528
9207 7528
7528 7526
7526 7525
7525 7524
9204 7524
7524 7522
9203 7522
7522 7521
9202 7521
7521 7514
9197 7514
7514 7513
7513 7512
7512 7511
9196 7511
7511 7510
9195 7510
7510 7508
9194 7508
7508 7505
7505 7503
9193 7503
7503 7498
9192 7498
7498 7497
9189 7497
7497 7493
9186 7493
7493 7492
7492 7491
7491 7490
9185 7490
7490 7485
9183 7485
7485 7484
9181 7484
7484 7480
7480 7478
7478 7475
9178 7475
7475 7474
7474 7471
9176 7471
7471 7466
7466 7465
9175 7465
7465 7462
9173 7462
7462 7461
9172 7461
7461 7460
9171 7460
7460 7458
7458 7455
9170 7455
7455 7453
9169 7453
7453 7451
9168 7451
7451 7448
7448 7447
9167 7447
7447 7444
9165 7444
7444 7442
9164 7442
7442 7441
7441 7440
9163 7440
7440 7435
9162 7435
7435 7434
9161 7434
7434 7433
9159 7433
7433 7424
9158 7424
7424 7423
7423 7414
9154 7414
7414 7413
9152 7413
7413 7412
9151 7412
7412 7405
9150 7405
7405 7402
7402 7401
9148 7401
7401 7400
9147 7400
7400 7399
7399 7398
9146 7398
7398 7397
9145 7397
7397 7395
7395 7394
7394 7393
9144 7393
7393 7392
7392 7390
7390 7389
9142 7389
7389 7386
9139 7386
7386 7383
9138 7383
7383 7382
9136 7382
7382 7381
9135 7381
7381 7379
9132 7379
7379 7378
9127 7378
7378 7377
9126 7377
7377 7372
9125 7372
7372 7370
9124 7370
7370 7369
9122 7369
7369 7367
7367 7366
7366 7363
7363 7362
9121 7362
7362 7361
9119 7361
7361 7356
9117 7356
7356 7352
9116 7352
7352 7349
9115 7349
7349 7348
9114 7348
7348 7346
9113 7346
7346 7342
9110 7342
7342 7341
7341 7339
9108 7339
7339 7336
7336 7335
7335 7334
9107 7334
7334 7333
9105 7333
7333 7332
9103 7332
7332 7329
9102 7329
7329 7328
7328 7326
9099 7326
7326 7325
7325 7322
7322 7320
9098 7320
7320 7316
9097 7316
7316 7315
7315 7310
9096 7310
7310 7309
9095 7309
7309 7308
7308 7305
9093 7305
7305 7295
9091 7295
7295 7293
9090 7293
7293 7291
9088 7291
7291 7290
7290 7287
9087 7287
7287 7285
9086 7285
7285 7283
7283 7282
9085 7282
7282 7277
7277 7275
7275 7273
9083 7273
7273 7272
7272 7271
7271 7266
9082 7266
7266 7262
9081 7262
7262 7258
9080 7258
7258 7257
7257 7255
9079 7255
7255 7250
9078 7250
7250 7243
9077 7243
7243 7242
7242 7234
7234 7232
9075 7232
7232 7231
7231 7230
7230 7225
9074 7225
7225 7222
9073 7222
7222 7220
9071 7220
7220 7218
7218 7217
7217 7215
7215 7213
7213 7211
9070 7211
7211 7210
9069 7210
7210 7208
9066 7208
7208 7196
9064 7196
7196 7192
9063 7192
7192 7188
7188 7187
9062 7187
7187 7183
7183 7181
7181 7178
9059 7178
7178 7176
9058 7176
7176 7175
9057 7175
7175 7173
9056 7173
7173 7170
9053 7170
7170 7168
9046 7168
7168 7167
9045 7167
7167 7166
9043 7166
7166 7165
7165 7163
7163 7161
9039 7161
7161 7157
9038 7157
7157 7153
7153 7152
9037 7152
7152 7147
7147 7146
9036 7146
7146 7145
9035 7145
7145 7144
7144 7143
9034 7143
7143 7142
9033 7142
7142 7141
7141 7138
7138 7137
7137 7135
7135 7131
9032 7131
7131 7127
9031 7127
7127 7126
7126 7125
9030 7125
7125 7124
9029 7124
7124 7121
9028 7121
7121 7120
7120 7119
7119 7116
9026 7116
7116 7115
7115 7112
9025 7112
7112 7111
9024 7111
7111 7100
9023 7100
7100 7094
9021 7094
7094 7092
7092 7091
7091 7084
9020 7084
7084 7083
7083 7078
9017 7078
7078 7076
7076 7072
9015 7072
7072 7070
9012 7070
7070 7069
7069 7068
7068 7067
7067 7051
9011 7051
7051 7048
9010 7048
7048 7046
9009 7046
7046 7044
9008 7044
7044 7041
9007 7041
7041 7039
9006 7039
7039 7033
9004 7033
7033 7031
9003 7031
7031 7028
9001 7028
7028 7027
8999 7027
7027 7026
7026 7023
7023 7022
8995 7022
7022 7020
8994 7020
7020 7019
7019 7018
8993 7018
7018 7017
8991 7017
7017 7015
8990 7015
7015 7012
7012 7011
7011 7000
8989 7000
7000 6999
8988 6999
6999 6997
8987 6997
6997 6995
8986 6995
6995 6992
6992 6990
6990 6987
8985 6987
6987 6985
6985 6984
8984 6984
6984 6982
6982 6978
6978 6976
6976 6968
6968 6966
8982 6966
6966 6965
8981 6965
6965 6961
6961 6960
6960 6958
6958 6957
8980 6957
6957 6950
6950 6949
8978 6949
6949 6947
8977 6947
6947 6944
8976 6944
6944 6943
8969 6943
6943 6939
8967 6939
6939 6935
8966 6935
6935 6927
8962 6927
6927 6923
6923 6917
8961 6917
6917 6916
6916 6915
6915 6914
8959 6914
6914 6913
8958 6913
6913 6911
8957 6911
6911 6909
6909 6906
8952 6906
6906 6902
6902 6901
6901 6900
8950 6900
6900 6899
8946 6899
6899 6890
8945 6890
6890 6888
6888 6886
8944 6886
6886 6884
6884 6882
8943 6882
6882 6879
8942 6879
6879 6878
6878 6876
8941 6876
6876 6875
8939 6875
6875 6874
6874 6867
6867 6866
8937 6866
6866 6864
6864 6862
8936 6862
6862 6860
6860 6858
8935 6858
6858 6854
6854 6851
6851 6850
8934 6850
6850 6849
6849 6846
6846 6845
8933 6845
6845 6844
8932 6844
6844 6842
8931 6842
6842 6841
8930 6841
6841 6838
8929 6838
6838 6836
6836 6826
8928 6826
6826 6825
8927 6825
6825 6824
8926 6824
6824 6823
8925 6823
6823 6822
6822 6818
8923 6818
6818 6817
6817 6812
8922 6812
6812 6811
8919 6811
6811 6799
8918 6799
6799 6796
6796 6792
8917 6792
6792 6791
6791 6790
8914 6790
6790 6786
6786 6785
8912 6785
6785 6784
8911 6784
6784 6782
8908 6782
6782 6781
8907 6781
6781 6780
8906 6780
6780 6779
6779 6776
8905 6776
6776 6774
8904 6774
6774 6770
8902 6770
6770 6768
6768 6767
8901 6767
6767 6766
6766 6757
8899 6757
6757 6756
6756 6746
8898 6746
6746 6743
8897 6743
6743 6742
6742 6741
6741 6738
8895 6738
6738 6736
6736 6734
6734 6732
8894 6732
6732 6729
6729 6728
6728 6724
6724 6722
6722 6721
6721 6720
6720 6719
6719 6718
8893 6718
6718 6717
8892 6717
6717 6715
8891 6715
6715 6713
8889 6713
6713 6711
8886 6711
6711 6710
8884 6710
6710 6709
8882 6709
6709 6708
6708 6705
6705 6704
6704 6702
8881 6702
6702 6701
8879 6701
8877 6701
6701 6696
6696 6695
8875 6695
6695 6691
8874 6691
6691 6690
8873 6690
8872 6690
6690 6685
8871 6685
8869 6685
6685 6683
6683 6682
6682 6681
6681 6680
8868 6680
6680 6678
8867 6678
6678 6677
8866 6677
6677 6676
8865 6676
6676 6673
8864 6673
8862 6673
6673 6671
6671 6670
8859 6670
6670 6669
8858 6669
8857 6669
6669 6665
6665 6662
6662 6660
8854 6660
8853 6660
6660 6659
6659 6657
8852 6657
6657 6656
8851 6656
8849 6656
6656 6652
8848 6652
6652 6651
8847 6651
8846 6651
6651 6649
8845 6649
6649 6647
8844 6647
6647 6643
8843 6643
8842 6643
6643 6639
6639 6638
6638 6636
8841 6636
6636 6635
8840 6635
6635 6634
8839 6634
6634 6633
8836 6633
8835 6633
6633 6632
8830 6632
6632 6631
6631 6630
8829 6630
6630 6628
8828 6628
8827 6628
6628 6625
8826 6625
6625 6624
6624 6620
8825 6620
6620 6619
8823 6619
6619 6616
8821 6616
6616 6614
6614 6613
6613 6612
8820 6612
8816 6612
6612 6611
8815 6611
6611 6610
8814 6610
6610 6609
8813 6609
8812 6609
6609 6608
8810 6608
6608 6607
8809 6607
8808 6607
6607 6605
8807 6605
6605 6603
6603 6602
8806 6602
8804 6602
6602 6600
8802 6600
6600 6599
8801 6599
8800 6599
6599 6598
8799 6598
8798 6598
6598 6596
6596 6594
6594 6592
6592 6589
8797 6589
6589 6588
6588 6586
8795 6586
6586 6585
8793 6585
6585 6584
8792 6584
6584 6583
8791 6583
8790 6583
6583 6582
6582 6580
8789 6580
6580 6579
8788 6579
6579 6577
8787 6577
8786 6577
6577 6575
6575 6574
8785 6574
6574 6573
8783 6573
8781 6573
6573 6572
8779 6572
6572 6571
6571 6569
8778 6569
8775 6569
6569 6567
8774 6567
8773 6567
6567 6566
8772 6566
8770 6566
6566 6565
8768 6565
8767 6565
6565 6563
6563 6561
8766 6561
8765 6561
6561 6558
8763 6558
8761 6558
6558 6557
8760 6557
8758 6557
6557 6555
8757 6555
8756 6555
6555 6554
8755 6554
6554 6553
6553 6551
6551 6549
8754 6549
8753 6549
6549 6548
6548 6546
6546 6545
8750 6545
8749 6545
6545 6543
8745 6543
8744 6543
6543 6540
8738 6540
8737 6540
6540 6538
8736 6538
8735 6538
6538 6536
8734 6536
6536 6535
6535 6534
8730 6534
6534 6533
6533 6532
8729 6532
8728 6532
6532 6530
6530 6528
8727 6528
6528 6526
8725 6526
6526 6521
8724 6521
8721 6521
6521 6520
8713 6520
8710 6520
6520 6519
8709 6519
6519 6518
8708 6518
8707 6518
6518 6515
8706 6515
6515 6514
6514 6511
8704 6511
8703 6511
6511 6510
8702 6510
6510 6509
8699 6509
6509 6507
8698 6507
6507 6505
6505 6501
8697 6501
6501 6499
6499 6497
8696 6497
8695 6497
6497 6496
8694 6496
6496 6495
8692 6495
8691 6495
6495 6493
8690 6493
6493 6490
8689 6490
8688 6490
6490 6489
8687 6489
8685 6489
6489 6488
8683 6488
8678 6488
6488 6487
6487 6486
6486 6485
6485 6482
6482 6481
8677 6481
8676 6481
6481 6480
8674 6480
6480 6479
8672 6479
8670 6479
6479 6478
8669 6478
8668 6478
6478 6477
6477 6475
8667 6475
8666 6475
6475 6474
8665 6474
8664 6474
6474 6473
8663 6473
8659 6473
6473 6471
8657 6471
8654 6471
6471 6470
8653 6470
6470 6469
8650 6469
6469 6468
8648 6468
8647 6468
6468 6465
8646 6465
6465 6464
8642 6464
6464 6458
6458 6457
6457 6455
8641 6455
8640 6455
6455 6454
8639 6454
6454 6453
8638 6453
8632 6453
6453 6449
8631 6449
6449 6447
6447 6445
8629 6445
8627 6445
6445 6444
8626 6444
8624 6444
6444 6443
8623 6443
6443 6440
8622 6440
6440 6439
8621 6439
6439 6438
6438 6436
8620 6436
8619 6436
6436 6435
8618 6435
6435 6433
8617 6433
6433 6432
8615 6432
6432 6428
8614 6428
8612 6428
6428 6427
6427 6426
8610 6426
8609 6426
6426 6425
8608 6425
8606 6425
6425 6424
6424 6422
8604 6422
8603 6422
6422 6421
6421 6420
8599 6420
8598 6420
6420 6419
8597 6419
6419 6417
8596 6417
8594 6417
6417 6415
8593 6415
8591 6415
6415 6413
6413 6410
8587 6410
6410 6409
6409 6408
8584 6408
6408 6407
8583 6407
6407 6406
6406 6404
8581 6404
6404 6403
6403 6401
8580 6401
8579 6401
6401 6399
8577 6399
8575 6399
6399 6397
6397 6396
6396 6393
8573 6393
8572 6393
6393 6391
6391 6390
8571 6390
8570 6390
6390 6389
8568 6389
6389 6388
8567 6388
8566 6388
6388 6387
8564 6387
6387 6386
8561 6386
8559 6386
6386 6385
6385 6384
8558 6384
8555 6384
6384 6381
8554 6381
6381 6380
8550 6380
6380 6379
6379 6378
6378 6374
6374 6373
8548 6373
8546 6373
6373 6369
6369 6368
8544 6368
6368 6366
8543 6366
6366 6363
8542 6363
8541 6363
6363 6362
8540 6362
8537 6362
6362 6360
8535 6360
8533 6360
6360 6359
8531 6359
6359 6358
8530 6358
6358 6356
8529 6356
8528 6356
6356 6355
6355 6354
8527 6354
8525 6354
6354 6353
8524 6353
8523 6353
6353 6352
8521 6352
6352 6349
8520 6349
6349 6346
8519 6346
8517 6346
6346 6345
8514 6345
8513 6345
6345 6344
8512 6344
6344 6342
8511 6342
6342 6341
8510 6341
8509 6341
6341 6334
8508 6334
8507 6334
6334 6333
8505 6333
8504 6333
6333 6330
8501 6330
8500 6330
6330 6328
6328 6326
8498 6326
8496 6326
6326 6325
6325 6324
8495 6324
8494 6324
6324 6323
8493 6323
8491 6323
6323 6322
8490 6322
6322 6321
8489 6321
6321 6316
8483 6316
8481 6316
6316 6315
8478 6315
8476 6315
6315 6313
8473 6313
6313 6311
6311 6309
8471 6309
8470 6309
6309 6306
8469 6306
8466 6306
6306 6304
8465 6304
8463 6304
6304 6303
6303 6302
6302 6301
8462 6301
6301 6299
8461 6299
6299 6298
8460 6298
6298 6296
8459 6296
8458 6296
6296 6295
8456 6295
8455 6295
6295 6294
8453 6294
6294 6292
8452 6292
8451 6292
6292 6291
6291 6289
8450 6289
8449 6289
6289 6288
6288 6285
6285 6284
6284 6283
6283 6281
8448 6281
8445 6281
6281 6280
8443 6280
6280 6276
6276 6274
6274 6271
8438 6271
8437 6271
6271 6270
8436 6270
6270 6268
8435 6268
8433 6268
6268 6266
6266 6265
8432 6265
6265 6264
8431 6264
8430 6264
6264 6262
6262 6261
8429 6261
8427 6261
6261 6259
8426 6259
6259 6258
6258 6256
6256 6255
6255 6254
6254 6253
6253 6252
8425 6252
6252 6251
8424 6251
6251 6249
8423 6249
8421 6249
6249 6246
6246 6245
8420 6245
8416 6245
6245 6244
8414 6244
8412 6244
6244 6243
6243 6240
8409 6240
6240 6238
8408 6238
8407 6238
6238 6233
8402 6233
6233 6232
6232 6231
6231 6230
8399 6230
8398 6230
6230 6227
6227 6226
8396 6226
8395 6226
6226 6225
6225 6223
8393 6223
8391 6223
6223 6221
6221 6220
8390 6220
8389 6220
6220 6218
6218 6217
8385 6217
6217 6215
6215 6211
8383 6211
6211 6208
8381 6208
6208 6207
6207 6205
6205 6204
8380 6204
8379 6204
6204 6203
8376 6203
6203 6202
8375 6202
8374 6202
6202 6201
8373 6201
6201 6199
8371 6199
8370 6199
6199 6198
6198 6197
6197 6195
8368 6195
6195 6194
6194 6191
8367 6191
6191 6190
8363 6190
6190 6189
8362 6189
8361 6189
6189 6188
8357 6188
8356 6188
6188 6183
8355 6183
6183 6181
6181 6180
6180 6178
6178 6177
8354 6177
8352 6177
6177 6176
8351 6176
6176 6175
8350 6175
6175 6173
8349 6173
8348 6173
6173 6171
8346 6171
8345 6171
6171 6170
8344 6170
6170 6166
8342 6166
6166 6163
8340 6163
8336 6163
6163 6162
6162 6159
6159 6158
8335 6158
8334 6158
6158 6157
8333 6157
6157 6156
8332 6156
8331 6156
6156 6153
8328 6153
8327 6153
6153 6151
8326 6151
8323 6151
6151 6150
8322 6150
6150 6148
8321 6148
6148 6145
8320 6145
6145 6140
6140 6138
8318 6138
6138 6137
8317 6137
8316 6137
6137 6136
6136 6134
6134 6129
8315 6129
8314 6129
6129 6126
6126 6125
8313 6125
6125 6122
6122 6120
8311 6120
6120 6118
6118 6117
6117 6114
8309 6114
8308 6114
6114 6109
6109 6107
8306 6107
6107 6105
8305 6105
6105 6104
8304 6104
8302 6104
6104 6103
8301 6103
8300 6103
6103 6101
8294 6101
6101 6098
6098 6096
8292 6096
8291 6096
6096 6095
8288 6095
6095 6094
8287 6094
8286 6094
6094 6091
6091 6089
8285 6089
8284 6089
6089 6087
6087 6085
8283 6085
8281 6085
6085 6084
8280 6084
8279 6084
6084 6083
6083 6082
6082 6080
8278 6080
8277 6080
6080 6077
8276 6077
6077 6076
8275 6076
6076 6075
6075 6074
8274 6074
8272 6074
6074 6073
6073 6071
8271 6071
8270 6071
6071 6070
8269 6070
6070 6069
6069 6068
6068 6067
8268 6067
6067 6066
8267 6066
8266 6066
6066 6064
8265 6064
6064 6063
8261 6063
6063 6062
8260 6062
8258 6062
6062 6061
8257 6061
6061 6059
8256 6059
8254 6059
6059 6056
8251 6056
6056 6055
8248 6055
8247 6055
6055 6054
8246 6054
8245 6054
6054 6053
8244 6053
8243 6053
6053 6052
8242 6052
6052 6051
8240 6051
6051 6049
6049 6046
8239 6046
8238 6046
6046 6044
8237 6044
6044 6042
8235 6042
8233 6042
6042 6040
8232 6040
6040 6039
8231 6039
6039 6033
8230 6033
6033 6032
8227 6032
8224 6032
6032 6031
8223 6031
8222 6031
6031 6029
8221 6029
6029 6027
6027 6026
8220 6026
8218 6026
6026 6023
8216 6023
6023 6022
8211 6022
8209 6022
6022 6021
6021 6020
8208 6020
6020 6019
8205 6019
6019 6016
8204 6016
6016 6015
6015 6014
8202 6014
6014 6013
8201 6013
8200 6013
6013 6012
6012 6011
8199 6011
8197 6011
6011 6009
8196 6009
6009 6008
6008 6006
8195 6006
6006 6003
6003 6002
8194 6002
6002 6001
6001 5999
8193 5999
8191 5999
5999 5997
5997 5996
8190 5996
5996 5995
8188 5995
5995 5993
5993 5991
8187 5991
8186 5991
5991 5988
5988 5986
8185 5986
8184 5986
5986 5985
5985 5984
8179 5984
8176 5984
5984 5983
5983 5981
5981 5978
8174 5978
5978 5977
5977 5975
8173 5975
5975 5973
5973 5968
5968 5965
8172 5965
5965 5964
8171 5964
5964 5963
8168 5963
5963 5962
8167 5962
5962 5961
8165 5961
5961 5959
8164 5959
8163 5959
5959 5957
8162 5957
5957 5956
5956 5954
5954 5951
5951 5947
8158 5947
5947 5946
8157 5946
5946 5945
8156 5945
8155 5945
5945 5942
8151 5942
5942 5941
5941 5940
8150 5940
5940 5939
8149 5939
5939 5938
8147 5938
8146 5938
5938 5936
8145 5936
5936 5934
5934 5933
8143 5933
8142 5933
5933 5931
8141 5931
5931 5930
5930 5929
5929 5928
8138 5928
8137 5928
5928 5926
8136 5926
5926 5922
8135 5922
8134 5922
5922 5921
5921 5920
5920 5919
5919 5918
8133 5918
5918 5917
8129 5917
5917 5914
8128 5914
5914 5911
8126 5911
5911 5910
8125 5910
8123 5910
5910 5909
8122 5909
8121 5909
5909 5907
5907 5906
8118 5906
5906 5905
8117 5905
8115 5905
5905 5904
8114 5904
8113 5904
5904 5900
8111 5900
5900 5897
8110 5897
8109 5897
5897 5895
8107 5895
8106 5895
5895 5891
5891 5889
5889 5888
8105 5888
8104 5888
5888 5887
5887 5883
8103 5883
5883 5879
8102 5879
5879 5878
8101 5878
8100 5878
5878 5877
5877 5876
8099 5876
8097 5876
5876 5875
5875 5874
8092 5874
5874 5873
8091 5873
5873 5866
8089 5866
8088 5866
5866 5863
8087 5863
5863 5862
8084 5862
8083 5862
5862 5861
8082 5861
5861 5858
8081 5858
5858 5857
8080 5857
5857 5855
8079 5855
8078 5855
5855 5851
5851 5850
8077 5850
8075 5850
5850 5849
5849 5845
8073 5845
5845 5844
8072 5844
8071 5844
5844 5842
5842 5841
8067 5841
5841 5840
5840 5838
8066 5838
8065 5838
5838 5834
8063 5834
8062 5834
5834 5833
5833 5832
8060 5832
8059 5832
5832 5829
8057 5829
8056 5829
5829 5826
5826 5825
8055 5825
8054 5825
5825 5821
5821 5818
8053 5818
8052 5818
5818 5817
8047 5817
8045 5817
5817 5816
8039 5816
8037 5816
5816 5815
8035 5815
8033 5815
5815 5814
5814 5813
8032 5813
8030 5813
5813 5811
8029 5811
5811 5809
5809 5807
5807 5801
8025 5801
8024 5801
5801 5800
8023 5800
5800 5799
8022 5799
8019 5799
5799 5797
8013 5797
5797 5795
5795 5791
5791 5786
8012 5786
5786 5784
8011 5784
5784 5783
8010 5783
8009 5783
5783 5782
8008 5782
8006 5782
5782 5781
5781 5780
8005 5780
5780 5776
5776 5775
8003 5775
8002 5775
5775 5774
5774 5771
8001 5771
8000 5771
5771 5770
7999 5770
7997 5770
5770 5766
7995 5766
5766 5765
7993 5765
5765 5763
5763 5762
7992 5762
7991 5762
5762 5761
7987 5761
7986 5761
5761 5760
7984 5760
5760 5756
7983 5756
7982 5756
5756 5754
5754 5752
7981 5752
5752 5750
5750 5749
7980 5749
7977 5749
5749 5748
7976 5748
7974 5748
5748 5747
7973 5747
7971 5747
5747 5745
5745 5743
7968 5743
5743 5742
7966 5742
7965 5742
5742 5741
7964 5741
7963 5741
5741 5740
7962 5740
7961 5740
5740 5737
7959 5737
7958 5737
5737 5736
7957 5736
7956 5736
5736 5732
7955 5732
7954 5732
5732 5730
7953 5730
7951 5730
5730 5725
5725 5723
7948 5723
7945 5723
5723 5722
5722 5721
5721 5719
7944 5719
5719 5718
7941 5718
7940 5718
5718 5717
5717 5713
7937 5713
5713 5712
5712 5710
7936 5710
5710 5708
5708 5707
7934 5707
7933 5707
5707 5705
5705 5704
7932 5704
5704 5702
5702 5700
7931 5700
7930 5700
5700 5699
5699 5698
5698 5697
7929 5697
5697 5693
7927 5693
7926 5693
5693 5690
5690 5689
7923 5689
5689 5688
7922 5688
5688 5685
7921 5685
7918 5685
5685 5684
7916 5684
5684 5683
7915 5683
7912 5683
5683 5682
5682 5681
7907 5681
5681 5680
7904 5680
5680 5679
7903 5679
5679 5675
7902 5675
5675 5674
7901 5674
7900 5674
5674 5672
7897 5672
7896 5672
5672 5671
7895 5671
7893 5671
5671 5670
5670 5668
7892 5668
5668 5667
5667 5666
5666 5665
7891 5665
7890 5665
5665 5664
7889 5664
7888 5664
5664 5660
5660 5659
5659 5658
7886 5658
7885 5658
5658 5656
5656 5655
7884 5655
5655 5654
7882 5654
5654 5653
7880 5653
5653 5652
7879 5652
7877 5652
5652 5650
5650 5649
7876 5649
7875 5649
5649 5647
7874 5647
7873 5647
5647 5646
5646 5644
7870 5644
7869 5644
5644 5643
7868 5643
7866 5643
5643 5640
7865 5640
5640 5639
7864 5639
5639 5636
7863 5636
5636 5634
7862 5634
7860 5634
5634 5632
5632 5631
5631 5630
7859 5630
7858 5630
5630 5629
7856 5629
5629 5628
5628 5625
7854 5625
5625 5623
7853 5623
7852 5623
5623 5622
7851 5622
5622 5621
7850 5621
7849 5621
5621 5620
7848 5620
5620 5619
7847 5619
7846 5619
5619 5616
5616 5615
5615 5612
7844 5612
5612 5611
7843 5611
7840 5611
5611 5610
7838 5610
7837 5610
5610 5609
7836 5609
7834 5609
5609 5607
5607 5606
5606 5605
5605 5603
5603 5601
7832 5601
5601 5600
7831 5600
5600 5599
5599 5596
7828 5596
7827 5596
5596 5593
7826 5593
7825 5593
5593 5592
7824 5592
7822 5592
5592 5590
7820 5590
5590 5589
7819 5589
5589 5586
7818 5586
7817 5586
5586 5585
7816 5585
5585 5584
7814 5584
7813 5584
5584 5583
5583 5580
7812 5580
5580 5579
7811 5579
5579 5575
7810 5575
5575 5572
7808 5572
5572 5571
5571 5568
5568 5567
7807 5567
5567 5565
7806 5565
7805 5565
5565 5564
7804 5564
5564 5563
7803 5563
7802 5563
5563 5562
5562 5561
7801 5561
5561 5560
5560 5559
5559 5558
7798 5558
7797 5558
5558 5554
7793 5554
5554 5553
7792 5553
7790 5553
5553 5551
7787 5551
5551 5549
5549 5547
7786 5547
5547 5546
5546 5545
7781 5545
7780 5545
5545 5543
7776 5543
5543 5542
7775 5542
7771 5542
5542 5541
7769 5541
5541 5540
7768 5540
5540 5539
7767 5539
7766 5539
5539 5534
7765 5534
5534 5533
7764 5533
7763 5533
5533 5532
7760 5532
7759 5532
5532 5531
7756 5531
5531 5529
5529 5528
7754 5528
5528 5526
7753 5526
5526 5524
7750 5524
7748 5524
5524 5523
7747 5523
5523 5521
7746 5521
5521 5520
5520 5518
7744 5518
5518 5516
5516 5514
5514 5513
5513 5512
7743 5512
5512 5511
7742 5511
5511 5510
7741 5510
7740 5510
5510 5508
7738 5508
7737 5508
5508 5507
7736 5507
7735 5507
5507 5504
7734 5504
5504 5503
7732 5503
7731 5503
5503 5502
7730 5502
5502 5499
7729 5499
5499 5498
5498 5497
5497 5496
7728 5496
5496 5494
7727 5494
7726 5494
5494 5492
7723 5492
7721 5492
5492 5491
7720 5491
5491 5490
5490 5488
7717 5488
7716 5488
5488 5484
5484 5483
7714 5483
7712 5483
5483 5482
7710 5482
7709 5482
5482 5481
7707 5481
7706 5481
5481 5479
5479 5478
5478 5475
5475 5472
7705 5472
7704 5472
5472 5470
7702 5470
5470 5469
5469 5468
7701 5468
5468 5467
5467 5466
5466 5465
7697 5465
5465 5461
5461 5459
7693 5459
5459 5458
7691 5458
5458 5454
7690 5454
5454 5451
7689 5451
7686 5451
5451 5450
5450 5449
7685 5449
5449 5448
7683 5448
7680 5448
5448 5446
5446 5445
5445 5444
7674 5444
5444 5442
7672 5442
5442 5441
7670 5441
5441 5438
7668 5438
7666 5438
5438 5436
5436 5435
7665 5435
7664 5435
5435 5434
7661 5434
7660 5434
5434 5431
5431 5429
7658 5429
5429 5428
7657 5428
5428 5427
7656 5427
7652 5427
5427 5425
5425 5424
5424 5422
7651 5422
5422 5420
7649 5420
5420 5419
7646 5419
5419 5416
7644 5416
5416 5415
7643 5415
5415 5414
5414 5412
7642 5412
5412 5410
5410 5409
5409 5408
5408 5407
7641 5407
7640 5407
5407 5406
5406 5403
7639 5403
7638 5403
5403 5399
7637 5399
7635 5399
5399 5395
7634 5395
7633 5395
5395 5394
7632 5394
7629 5394
5394 5392
7628 5392
7625 5392
5392 5391
7624 5391
7621 5391
5391 5390
7619 5390
5390 5384
7618 5384
7617 5384
5384 5383
5383 5382
7616 5382
7615 5382
5382 5381
5381 5380
7613 5380
5380 5378
5378 5377
7612 5377
5377 5376
7611 5376
5376 5373
7610 5373
7609 5373
5373 5372
7607 5372
5372 5371
7605 5371
5371 5370
7604 5370
5370 5368
7602 5368
7601 5368
5368 5367
5367 5366
7598 5366
5366 5365
5365 5364
7597 5364
7596 5364
5364 5363
7595 5363
7594 5363
5363 5362
7593 5362
5362 5360
7592 5360
5360 5358
7591 5358
5358 5356
5356 5355
7589 5355
7588 5355
5355 5354
7587 5354
5354 5352
7581 5352
5352 5349
7580 5349
7579 5349
5349 5347
5347 5339
5339 5334
7578 5334
7577 5334
5334 5333
5333 5332
7576 5332
7575 5332
5332 5331
7568 5331
5331 5330
5330 5326
7567 5326
7566 5326
5326 5323
5323 5321
7565 5321
5321 5320
7564 5320
7562 5320
5320 5318
7561 5318
7560 5318
5318 5317
5317 5314
7559 5314
5314 5313
7558 5313
5313 5311
5311 5309
7557 5309
5309 5308
5308 5306
7556 5306
7555 5306
5306 5304
5304 5303
7554 5303
5303 5301
7552 5301
5301 5300
7551 5300
7550 5300
5300 5296
7549 5296
7548 5296
5296 5294
7547 5294
7546 5294
5294 5292
7545 5292
5292 5291
7542 5291
5291 5290
5290 5286
7540 5286
5286 5285
7539 5285
7538 5285
5285 5284
7536 5284
7535 5284
5284 5278
5278 5276
5276 5273
7534 5273
5273 5272
7532 5272
5272 5270
7531 5270
5270 5269
7530 5269
5269 5268
7529 5268
5268 5266
7527 5266
5266 5265
7523 5265
7520 5265
5265 5264
7519 5264
7518 5264
5264 5263
5263 5261
7517 5261
7516 5261
5261 5260
5260 5258
5258 5254
5254 5249
7515 5249
7509 5249
5249 5245
5245 5241
7507 5241
7506 5241
5241 5240
7504 5240
7502 5240
5240 5239
7501 5239
7500 5239
5239 5237
7499 5237
5237 5233
7496 5233
5233 5232
5232 5230
7495 5230
5230 5229
7494 5229
7489 5229
5229 5228
7488 5228
5228 5227
7487 5227
5227 5226
7486 5226
7483 5226
5226 5225
5225 5224
7482 5224
7481 5224
5224 5223
7479 5223
7477 5223
5223 5219
7476 5219
5219 5217
7473 5217
7472 5217
5217 5212
7470 5212
5212 5209
7469 5209
5209 5206
7468 5206
7467 5206
5206 5205
7464 5205
5205 5200
7463 5200
5200 5199
7459 5199
7457 5199
5199 5197
5197 5196
7456 5196
5196 5195
7454 5195
7452 5195
5195 5192
5192 5191
7450 5191
7449 5191
5191 5190
7446 5190
5190 5189
7445 5189
7443 5189
5189 5188
7439 5188
7438 5188
5188 5187
7437 5187
5187 5185
7436 5185
5185 5177
7432 5177
7431 5177
5177 5176
7430 5176
5176 5175
7429 5175
5175 5173
7428 5173
5173 5170
7427 5170
5170 5169
7426 5169
7425 5169
5169 5168
5168 5165
7422 5165
5165 5164
7421 5164
5164 5161
7420 5161
5161 5160
5160 5158
7419 5158
5158 5157
7418 5157
7417 5157
5157 5156
7416 5156
5156 5155
7415 5155
5155 5152
7411 5152
7410 5152
5152 5151
7409 5151
7408 5151
5151 5145
7407 5145
5145 5144
5144 5141
7406 5141
7404 5141
5141 5140
7403 5140
7396 5140
5140 5139
5139 5138
5138 5137
7391 5137
5137 5135
5135 5134
7388 5134
7387 5134
5134 5133
7385 5133
7384 5133
5133 5130
7380 5130
7376 5130
5130 5129
7375 5129
5129 5124
5124 5123
7374 5123
7373 5123
5123 5122
5122 5117
5117 5115
7371 5115
7368 5115
5115 5114
5114 5113
7365 5113
5113 5111
5111 5110
7364 5110
5110 5108
5108 5107
5107 5106
7360 5106
7359 5106
5106 5104
5104 5103
7358 5103
5103 5102
7357 5102
7355 5102
5102 5100
5100 5098
7354 5098
5098 5094
7353 5094
7351 5094
5094 5092
5092 5091
7350 5091
7347 5091
5091 5090
7345 5090
7344 5090
5090 5089
7343 5089
5089 5088
7340 5088
7338 5088
5088 5087
5087 5086
7337 5086
7331 5086
5086 5084
7330 5084
7327 5084
5084 5083
7324 5083
7323 5083
5083 5082
7321 5082
7319 5082
5082 5081
5081 5080
7318 5080
5080 5076
7317 5076
7314 5076
5076 5075
7313 5075
7312 5075
5075 5073
7311 5073
7307 5073
5073 5072
7306 5072
7304 5072
5072 5070
5070 5069
7303 5069
7302 5069
5069 5067
7301 5067
5067 5065
7300 5065
5065 5063
7299 5063
5063 5059
7298 5059
7297 5059
5059 5057
5057 5054
7296 5054
7294 5054
5054 5053
7292 5053
7289 5053
5053 5051
5051 5050
7288 5050
7286 5050
5050 5049
7284 5049
5049 5048
7281 5048
7280 5048
5048 5046
7279 5046
7278 5046
5046 5042
5042 5041
5041 5038
5038 5035
7276 5035
5035 5034
5034 5032
7274 5032
5032 5031
7270 5031
7269 5031
5031 5030
5030 5029
7268 5029
5029 5028
7267 5028
7265 5028
5028 5027
5027 5026
5026 5025
5025 5023
5023 5022
7264 5022
5022 5020
7263 5020
7261 5020
5020 5019
5019 5018
7260 5018
5018 5017
7259 5017
5017 5016
5016 5015
7256 5015
7254 5015
5015 5014
5014 5009
7253 5009
7252 5009
5009 5008
7251 5008
7249 5008
5008 5007
7248 5007
5007 5005
7247 5005
5005 5003
7246 5003
5003 5002
7245 5002
7244 5002
5002 5001
7241 5001
5001 5000
7240 5000
7239 5000
5000 4998
7238 4998
4998 4997
7237 4997
7236 4997
4997 4995
4995 4994
7235 4994
7233 4994
4994 4993
7229 4993
7228 4993
4993 4992
7227 4992
7226 4992
4992 4989
7224 4989
4989 4988
4988 4986
4986 4985
4985 4983
4983 4982
7223 4982
7221 4982
4982 4981
4981 4980
4980 4979
7219 4979
7216 4979
4979 4978
4978 4976
7214 4976
4976 4971
7212 4971
7209 4971
4971 4970
7207 4970
4970 4969
7206 4969
7205 4969
4969 4967
7204 4967
4967 4966
7203 4966
4966 4964
4964 4963
4963 4960
7202 4960
4960 4959
4959 4957
7201 4957
7200 4957
4957 4956
7199 4956
7198 4956
4956 4954
7197 4954
7195 4954
4954 4952
7194 4952
7193 4952
4952 4951
4951 4950
4950 4949
7191 4949
7190 4949
4949 4947
7189 4947
4947 4945
7186 4945
4945 4944
7185 4944
4944 4943
7184 4943
4943 4942
4942 4941
7182 4941
4941 4939
4939 4938
4938 4936
7180 4936
4936 4935
4935 4932
7179 4932
4932 4931
4931 4928
4928 4927
7177 4927
4927 4926
7174 4926
7172 4926
4926 4925
7171 4925
4925 4922
7169 4922
4922 4919
7164 4919
7162 4919
4919 4917
7160 4917
4917 4916
7159 4916
7158 4916
4916 4914
7156 4914
4914 4912
7155 4912
7154 4912
4912 4909
4909 4908
7151 4908
4908 4903
7150 4903
7149 4903
4903 4902
7148 4902
7140 4902
4902 4898
7139 4898
4898 4897
7136 4897
7134 4897
4897 4893
7133 4893
4893 4891
7132 4891
7130 4891
4891 4890
4890 4887
7129 4887
7128 4887
4887 4886
7123 4886
7122 4886
4886 4885
4885 4884
7118 4884
7117 4884
4884 4882
7114 4882
7113 4882
4882 4881
4881 4880
7110 4880
4880 4878
4878 4876
7109 4876
7108 4876
4876 4872
7107 4872
4872 4871
7106 4871
4871 4870
4870 4869
7105 4869
4869 4866
4866 4865
7104 4865
4865 4864
7103 4864
4864 4863
7102 4863
7101 4863
4863 4862
7099 4862
7098 4862
4862 4860
4860 4859
7097 4859
7096 4859
4859 4858
4858 4854
4854 4850
7095 4850
7093 4850
4850 4849
7090 4849
7089 4849
4849 4847
7088 4847
4847 4846
4846 4842
7087 4842
7086 4842
4842 4840
7085 4840
7082 4840
4840 4839
7081 4839
4839 4837
7080 4837
4837 4836
7079 4836
4836 4834
4834 4833
4833 4831
7077 4831
7075 4831
4831 4830
4830 4828
7074 4828
7073 4828
4828 4826
7071 4826
4826 4825
4825 4823
7066 4823
4823 4822
4822 4821
4821 4819
4819 4818
7065 4818
4818 4817
7064 4817
7063 4817
4817 4816
7062 4816
4816 4814
7061 4814
4814 4813
7060 4813
7059 4813
4813 4812
7058 4812
4812 4808
7057 4808
4808 4805
4805 4804
7056 4804
4804 4803
4803 4802
7055 4802
7054 4802
4802 4801
7053 4801
4801 4800
7052 4800
4800 4795
4795 4794
7050 4794
4794 4792
7049 4792
7047 4792
4792 4788
7045 4788
4788 4786
7043 4786
7042 4786
4786 4785
4785 4784
7040 4784
7038 4784
4784 4782
7037 4782
4782 4781
7036 4781
7035 4781
4781 4779
7034 4779
4779 4778
7032 4778
4778 4777
7030 4777
4777 4776
7029 4776
4776 4775
7025 4775
4775 4774
7024 4774
4774 4773
4773 4772
7021 4772
7016 4772
4772 4771
7014 4771
4771 4769
7013 4769
4769 4767
4767 4766
7010 4766
7009 4766
4766 4764
4764 4762
7008 4762
4762 4760
7007 4760
7006 4760
4760 4759
7005 4759
7004 4759
4759 4758
7003 4758
7002 4758
4758 4757
7001 4757
6998 4757
4757 4756
6996 4756
4756 4754
6994 4754
6993 4754
4754 4748
4748 4746
4746 4745
6991 4745
4745 4742
4742 4741
6989 4741
6988 4741
4741 4740
6986 4740
4740 4738
6983 4738
6981 4738
4738 4736
4736 4735
6980 4735
6979 4735
4735 4734
6977 4734
4734 4733
6975 4733
4733 4731
6974 4731
4731 4730
4730 4729
6973 4729
6972 4729
4729 4727
4727 4726
6971 4726
4726 4725
6970 4725
4725 4724
6969 4724
6967 4724
4724 4723
6964 4723
6963 4723
4723 4722
6962 4722
4722 4717
4717 4716
6959 4716
6956 4716
4716 4715
6955 4715
4715 4714
6954 4714
6953 4714
4714 4713
6952 4713
6951 4713
4713 4711
6948 4711
6946 4711
4711 4710
4710 4708
4708 4707
6945 4707
4707 4706
6942 4706
4706 4703
4703 4700
6941 4700
6940 4700
4700 4699
6938 4699
4699 4698
6937 4698
4698 4696
6936 4696
6934 4696
4696 4694
6933 4694
6932 4694
4694 4693
6931 4693
6930 4693
4693 4691
6929 4691
4691 4690
6928 4690
4690 4689
6926 4689
4689 4686
6925 4686
6924 4686
4686 4681
6922 4681
4681 4680
6921 4680
4680 4679
4679 4678
6920 4678
6919 4678
4678 4674
6918 4674
6912 4674
4674 4673
6910 4673
6908 4673
4673 4671
6907 4671
4671 4670
4670 4669
6905 4669
4669 4668
6904 4668
4668 4666
4666 4664
6903 4664
6898 4664
4664 4663
6897 4663
4663 4662
6896 4662
6895 4662
4662 4660
4660 4659
6894 4659
4659 4656
6893 4656
4656 4655
6892 4655
4655 4653
4653 4652
6891 4652
6889 4652
4652 4651
6887 4651
4651 4648
6885 4648
4648 4647
4647 4645
6883 4645
6881 4645
4645 4642
6880 4642
6877 4642
4642 4641
6873 4641
6872 4641
4641 4640
6871 4640
6870 4640
4640 4638
6869 4638
4638 4636
6868 4636
6865 4636
4636 4634
6863 4634
6861 4634
4634 4633
6859 4633
6857 4633
4633 4631
4631 4629
6856 4629
4629 4628
6855 4628
4628 4626
6853 4626
6852 4626
4626 4625
6848 4625
4625 4624
6847 4624
4624 4623
6843 4623
4623 4621
6840 4621
6839 4621
4621 4620
4620 4616
6837 4616
4616 4614
6835 4614
6834 4614
4614 4611
6833 4611
4611 4608
6832 4608
4608 4607
6831 4607
4607 4606
6830 4606
4606 4603
6829 4603
4603 4602
4602 4601
6828 4601
6827 4601
4601 4598
6821 4598
4598 4597
6820 4597
4597 4596
6819 4596
6816 4596
4596 4594
6815 4594
6814 4594
4594 4592
6813 4592
6810 4592
4592 4591
6809 4591
4591 4588
6808 4588
6807 4588
4588 4584
6806 4584
6805 4584
4584 4583
6804 4583
4583 4581
6803 4581
4581 4580
6802 4580
6801 4580
4580 4578
4578 4577
6800 4577
4577 4575
6798 4575
6797 4575
4575 4572
4572 4567
6795 4567
6794 4567
4567 4566
4566 4564
4564 4563
6793 4563
4563 4561
6789 4561
6788 4561
4561 4560
6787 4560
6783 4560
4560 4555
6778 4555
4555 4553
6777 4553
4553 4552
6775 4552
6773 4552
4552 4551
4551 4547
6772 4547
6771 4547
4547 4543
4543 4542
6769 4542
6765 4542
4542 4541
6764 4541
6763 4541
4541 4535
6762 4535
6761 4535
4535 4534
4534 4533
6760 4533
6759 4533
4533 4532
6758 4532
4532 4531
6755 4531
4531 4530
6754 4530
4530 4529
6753 4529
4529 4528
4528 4527
6752 4527
6751 4527
4527 4524
6750 4524
6749 4524
4524 4523
6748 4523
6747 4523
4523 4519
6745 4519
4519 4518
6744 4518
6740 4518
4518 4517
6739 4517
6737 4517
4517 4515
6735 4515
6733 4515
4515 4514
6731 4514
4514 4513
4513 4512
6730 4512
4512 4511
6727 4511
4511 4510
6726 4510
6725 4510
4510 4505
6723 4505
4505 4504
6716 4504
6714 4504
4504 4502
6712 4502
4502 4501
6707 4501
6706 4501
4501 4500
6703 4500
4500 4499
6700 4499
6699 4499
4499 4495
6698 4495
4495 4493
6697 4493
4493 4492
6694 4492
6693 4492
4492 4491
6692 4491
6689 4491
4491 4490
6688 4490
6687 4490
4490 4488
4488 4486
6686 4486
4486 4484
6684 4484
4484 4480
6679 4480
6675 4480
4480 4475
4475 4474
6674 4474
6672 4474
4474 4470
6668 4470
6667 4470
4470 4469
6666 4469
4469 4468
4468 4467
6664 4467
4467 4464
6663 4464
6661 4464
4464 4463
6658 4463
4463 4462
6655 4462
6654 4462
4462 4461
6653 4461
6650 4461
4461 4458
6648 4458
6646 4458
4458 4453
6645 4453
4453 4452
4452 4451
6644 4451
4451 4448
4448 4447
6642 4447
6641 4447
4447 4446
4446 4445
6640 4445
6637 4445
4445 4443
6629 4443
6627 4443
4443 4441
6626 4441
6623 4441
4441 4440
6622 4440
6621 4440
4440 4438
4438 4434
6618 4434
6617 4434
4434 4433
4433 4432
4432 4428
4428 4423
6615 4423
4423 4422
6606 4422
4422 4421
6604 4421
6601 4421
4421 4420
6597 4420
4420 4419
4419 4417
6595 4417
4417 4415
6593 4415
6591 4415
4415 4414
6590 4414
6587 4414
4414 4413
6581 4413
6578 4413
4413 4412
4412 4411
6576 4411
4411 4410
6570 4410
6568 4410
4410 4409
4409 4407
6564 4407
4407 4405
6562 4405
6560 4405
4405 4404
6559 4404
6556 4404
4404 4403
6552 4403
6550 4403
4403 4402
6547 4402
6544 4402
4402 4401
6542 4401
6541 4401
4401 4400
6539 4400
4400 4398
6537 4398
4398 4392
6531 4392
4392 4391
6529 4391
6527 4391
4391 4390
6525 4390
4390 4388
6524 4388
6523 4388
4388 4387
6522 4387
6517 4387
4387 4385
6516 4385
4385 4383
6513 4383
6512 4383
4383 4382
6508 4382
4382 4381
6506 4381
4381 4379
6504 4379
4379 4378
4378 4376
6503 4376
6502 4376
4376 4375
6500 4375
6498 4375
4375 4371
6494 4371
4371 4370
6492 4370
6491 4370
4370 4369
4369 4368
4368 4367
6484 4367
6483 4367
4367 4366
6476 4366
4366 4365
6472 4365
4365 4364
4364 4363
4363 4362
6467 4362
4362 4360
6466 4360
4360 4359
6463 4359
4359 4358
6462 4358
6461 4358
4358 4357
6460 4357
6459 4357
4357 4356
4356 4355
6456 4355
4355 4353
6452 4353
4353 4352
4352 4351
4351 4350
6451 4350
6450 4350
4350 4349
6448 4349
6446 4349
4349 4348
6442 4348
4348 4346
4346 4345
4345 4344
6441 4344
6437 4344
4344 4343
6434 4343
4343 4342
6431 4342
6430 4342
4342 4339
6429 4339
4339 4337
6423 4337
6418 4337
4337 4336
6416 4336
4336 4335
6414 4335
4335 4334
6412 4334
6411 4334
4334 4333
6405 4333
4333 4332
4332 4331
6402 4331
6400 4331
4331 4329
6398 4329
4329 4328
6395 4328
6394 4328
4328 4327
6392 4327
4327 4326
6383 4326
4326 4325
4325 4324
6382 4324
6377 4324
4324 4322
6376 4322
6375 4322
4322 4321
6372 4321
4321 4317
6371 4317
6370 4317
4317 4316
6367 4316
6365 4316
4316 4314
6364 4314
6361 4314
4314 4313
6357 4313
4313 4312
6351 4312
4312 4310
4310 4309
6350 4309
4309 4307
4307 4304
6348 4304
4304 4302
4302 4301
6347 4301
4301 4299
6343 4299
4299 4298
6340 4298
4298 4297
4297 4295
6339 4295
6338 4295
4295 4294
4294 4293
6337 4293
4293 4288
6336 4288
6335 4288
4288 4286
6332 4286
6331 4286
4286 4285
6329 4285
6327 4285
4285 4284
6320 4284
4284 4282
4282 4281
6319 4281
6318 4281
4281 4280
6317 4280
6314 4280
4280 4279
6312 4279
4279 4278
6310 4278
4278 4277
6308 4277
4277 4276
4276 4275
6307 4275
4275 4273
6305 4273
4273 4267
6300 4267
6297 4267
4267 4266
6293 4266
4266 4264
6290 4264
4264 4263
6287 4263
4263 4262
6286 4262
4262 4259
6282 4259
6279 4259
4259 4256
6278 4256
4256 4254
6277 4254
4254 4251
6275 4251
6273 4251
4251 4249
6272 4249
4249 4247
6269 4247
4247 4243
4243 4242
6267 4242
4242 4241
4241 4240
6263 4240
4240 4238
4238 4237
4237 4236
6260 4236
6257 4236
4236 4233
4233 4232
6250 4232
4232 4230
6248 4230
4230 4229
6247 4229
6242 4229
4229 4228
6241 4228
4228 4226
6239 4226
6237 4226
4226 4225
4225 4223
6236 4223
4223 4221
6235 4221
6234 4221
4221 4220
6229 4220
4220 4218
4218 4216
6228 4216
6224 4216
4216 4215
6222 4215
6219 4215
4215 4214
4214 4212
4212 4211
6216 4211
6214 4211
4211 4209
4209 4208
4208 4207
6213 4207
4207 4205
6212 4205
4205 4204
4204 4203
6210 4203
4203 4201
4201 4200
4200 4199
6209 4199
4199 4197
6206 4197
6200 4197
4197 4196
4196 4195
6196 4195
4195 4192
4192 4191
4191 4190
6193 4190
4190 4189
6192 4189
4189 4186
4186 4185
6187 4185
6186 4185
4185 4184
6185 4184
6184 4184
4184 4183
6182 4183
6179 4183
4183 4182
6174 4182
4182 4181
4181 4180
4180 4179
4179 4178
4178 4177
6172 4177
4177 4176
6169 4176
4176 4175
6168 4175
4175 4173
6167 4173
4173 4172
6165 4172
4172 4169
6164 4169
6161 4169
4169 4168
6160 4168
6155 4168
4168 4167
6154 4167
6152 4167
4167 4166
6149 4166
6147 4166
4166 4161
6146 4161
4161 4160
6144 4160
6143 4160
4160 4158
6142 4158
4158 4157
4157 4155
4155 4152
4152 4150
6141 4150
6139 4150
4150 4148
4148 4147
6135 4147
4147 4145
6133 4145
4145 4144
6132 4144
6131 4144
4144 4143
6130 4143
4143 4142
6128 4142
6127 4142
4142 4141
6124 4141
4141 4140
4140 4137
6123 4137
6121 4137
4137 4136
4136 4133
6119 4133
6116 4133
4133 4131
6115 4131
6113 4131
4131 4130
4130 4129
6112 4129
4129 4128
6111 4128
6110 4128
4128 4126
4126 4125
6108 4125
6106 4125
4125 4124
6102 4124
4124 4123
4123 4122
6100 4122
6099 4122
4122 4121
4121 4119
6097 4119
6093 4119
4119 4117
4117 4116
4116 4114
4114 4113
4113 4112
6092 4112
6090 4112
4112 4111
6088 4111
6086 4111
4111 4108
6081 4108
4108 4107
6079 4107
4107 4106
4106 4104
6078 4104
4104 4103
6072 4103
4103 4101
6065 4101
6060 4101
4101 4100
4100 4099
6058 4099
4099 4095
6057 4095
4095 4091
6050 4091
6048 4091
4091 4089
4089 4087
6047 4087
6045 4087
4087 4086
4086 4085
6043 4085
6041 4085
4085 4084
6038 4084
6037 4084
4084 4083
6036 4083
4083 4076
6035 4076
6034 4076
4076 4075
4075 4074
6030 4074
4074 4072
6028 4072
6025 4072
4072 4067
4067 4065
6024 4065
6018 4065
4065 4062
6017 4062
4062 4060
4060 4058
6010 4058
4058 4056
4056 4055
6007 4055
4055 4049
4049 4048
4048 4047
4047 4046
4046 4045
6005 4045
4045 4044
4044 4043
6004 4043
4043 4041
6000 4041
5998 4041
4041 4039
5994 4039
4039 4037
5992 4037
4037 4036
5990 4036
5989 4036
4036 4035
4035 4034
5987 4034
4034 4032
5982 4032
4032 4031
5980 4031
5979 4031
4031 4030
4030 4028
4028 4027
4027 4026
5976 4026
5974 4026
4026 4025
4025 4024
5972 4024
4024 4021
4021 4020
5971 4020
4020 4017
5970 4017
4017 4016
5969 4016
4016 4015
5967 4015
4015 4013
5966 4013
4013 4012
5960 4012
4012 4011
5958 4011
5955 4011
4011 4010
5953 4010
4010 4009
5952 4009
5950 4009
4009 4008
5949 4008
5948 4008
4008 4005
5944 4005
4005 4003
5943 4003
5937 4003
4003 4002
4002 4000
4000 3997
3997 3996
5935 3996
5932 3996
3996 3992
5927 3992
3992 3991
5925 3991
3991 3990
3990 3989
5924 3989
3989 3986
5923 3986
3986 3985
5916 3985
3985 3984
5915 3984
3984 3983
5913 3983
3983 3982
3982 3981
5912 3981
5908 3981
3981 3979
5903 3979
3979 3977
5902 3977
3977 3975
3975 3973
5901 3973
3973 3966
3966 3965
5899 3965
5898 3965
3965 3964
3964 3963
3963 3962
5896 3962
5894 3962
3962 3956
5893 3956
3956 3955
3955 3953
5892 3953
3953 3950
5890 3950
3950 3949
3949 3947
3947 3945
5886 3945
3945 3944
5885 3944
5884 3944
3944 3943
3943 3942
3942 3935
5882 3935
5881 3935
3935 3933
5880 3933
3933 3932
5872 3932
5871 3932
3932 3931
5870 3931
3931 3930
5869 3930
5868 3930
3930 3929
3929 3927
5867 3927
5865 3927
3927 3926
5864 3926
3926 3925
5860 3925
3925 3924
3924 3923
5859 3923
3923 3922
5856 3922
5854 3922
3922 3920
3920 3919
5853 3919
3919 3918
3918 3917
5852 3917
5848 3917
3917 3916
5847 3916
5846 3916
3916 3914
5843 3914
3914 3913
5839 3913
5837 3913
3913 3912
5836 3912
5835 3912
3912 3910
5831 3910
3910 3907
3907 3906
5830 3906
3906 3905
5828 3905
5827 3905
3905 3904
3904 3902
5824 3902
3902 3901
5823 3901
3901 3899
5822 3899
3899 3896
5820 3896
5819 3896
3896 3894
5812 3894
3894 3892
5810 3892
3892 3891
5808 3891
3891 3890
5806 3890
3890 3889
5805 3889
3889 3888
5804 3888
5803 3888
3888 3887
5802 3887
5798 3887
3887 3886
5796 3886
3886 3881
5794 3881
3881 3880
5793 3880
3880 3879
5792 3879
5790 3879
3879 3878
3878 3876
5789 3876
3876 3873
5788 3873
3873 3872
5787 3872
5785 3872
3872 3870
3870 3869
3869 3868
5779 3868
5778 3868
3868 3866
5777 3866
3866 3865
5773 3865
5772 3865
3865 3864
5769 3864
5768 3864
3864 3863
3863 3862
5767 3862
5764 3862
3862 3861
5759 3861
5758 3861
3861 3860
5757 3860
3860 3859
5755 3859
5753 3859
3859 3858
3858 3856
5751 3856
3856 3855
3855 3853
5746 3853
5744 3853
3853 3851
5739 3851
5738 3851
3851 3850
3850 3848
5735 3848
5734 3848
3848 3846
5733 3846
5731 3846
3846 3845
5729 3845
5728 3845
3845 3844
5727 3844
5726 3844
3844 3843
3843 3842
5724 3842
3842 3841
5720 3841
5716 3841
3841 3840
5715 3840
5714 3840
3840 3839
5711 3839
3839 3836
3836 3832
5709 3832
3832 3831
5706 3831
3831 3830
3830 3828
5703 3828
3828 3826
5701 3826
3826 3825
3825 3821
5696 3821
3821 3816
3816 3813
5695 3813
3813 3811
5694 3811
3811 3810
5692 3810
3810 3809
5691 3809
5687 3809
3809 3807
5686 3807
3807 3803
5678 3803
3803 3801
3801 3800
3800 3799
5677 3799
5676 3799
3799 3798
5673 3798
5669 3798
3798 3795
5663 3795
3795 3793
5662 3793
5661 3793
3793 3791
3791 3790
5657 3790
3790 3789
5651 3789
5648 3789
3789 3788
5645 3788
5642 3788
3788 3786
5641 3786
5638 3786
3786 3785
5637 3785
5635 3785
3785 3784
5633 3784
5627 3784
3784 3783
5626 3783
3783 3782
5624 3782
5618 3782
3782 3780
3780 3778
5617 3778
5614 3778
3778 3777
5613 3777
3777 3775
5608 3775
5604 3775
3775 3773
5602 3773
3773 3772
5598 3772
3772 3770
3770 3769
5597 3769
5595 3769
3769 3767
5594 3767
5591 3767
3767 3762
3762 3760
5588 3760
3760 3758
5587 3758
3758 3757
5582 3757
3757 3754
3754 3753
5581 3753
5578 3753
3753 3752
5577 3752
3752 3751
5576 3751
3751 3750
5574 3750
5573 3750
3750 3748
3748 3746
3746 3745
3745 3742
5570 3742
3742 3740
3740 3739
5569 3739
5566 3739
3739 3738
5557 3738
5556 3738
3738 3736
5555 3736
3736 3735
5552 3735
3735 3734
5550 3734
3734 3732
5548 3732
3732 3729
5544 3729
3729 3728
5538 3728
5537 3728
3728 3727
5536 3727
3727 3725
3725 3724
5535 3724
3724 3723
3723 3721
5530 3721
3721 3720
5527 3720
3720 3718
3718 3717
5525 3717
3717 3716
3716 3715
5522 3715
3715 3714
3714 3712
5519 3712
3712 3711
5517 3711
3711 3708
3708 3706
5515 3706
5509 3706
3706 3705
5506 3705
3705 3702
5505 3702
5501 3702
3702 3701
3701 3698
5500 3698
3698 3697
5495 3697
5493 3697
3697 3696
5489 3696
3696 3694
3694 3693
5487 3693
3693 3690
3690 3689
5486 3689
5485 3689
3689 3686
5480 3686
5477 3686
3686 3685
5476 3685
3685 3684
5474 3684
5473 3684
3684 3681
3681 3677
5471 3677
3677 3676
3676 3673
5464 3673
3673 3671
5463 3671
5462 3671
3671 3670
5460 3670
5457 3670
3670 3668
5456 3668
5455 3668
3668 3667
3667 3666
5453 3666
3666 3658
5452 3658
3658 3657
5447 3657
3657 3655
5443 3655
3655 3654
5440 3654
5439 3654
3654 3653
3653 3651
5437 3651
3651 3648
5433 3648
3648 3641
5432 3641
3641 3640
5430 3640
3640 3639
5426 3639
5423 3639
3639 3637
5421 3637
3637 3636
5418 3636
5417 3636
3636 3633
5413 3633
3633 3632
5411 3632
5405 3632
3632 3631
5404 3631
3631 3629
5402 3629
3629 3627
5401 3627
5400 3627
3627 3625
5398 3625
5397 3625
3625 3618
5396 3618
3618 3617
5393 3617
3617 3614
5389 3614
5388 3614
3614 3613
5387 3613
3613 3612
3612 3611
5386 3611
3611 3610
5385 3610
3610 3609
5379 3609
3609 3607
5375 3607
5374 3607
3607 3605
5369 3605
3605 3604
5361 3604
3604 3603
5359 3603
3603 3602
3602 3598
3598 3596
5357 3596
5353 3596
3596 3593
5351 3593
3593 3592
5350 3592
5348 3592
3592 3587
5346 3587
5345 3587
3587 3585
5344 3585
3585 3584
3584 3583
5343 3583
3583 3582
3582 3581
3581 3580
5342 3580
3580 3578
5341 3578
3578 3577
5340 3577
5338 3577
3577 3576
3576 3575
3575 3574
5337 3574
3574 3573
5336 3573
5335 3573
3573 3572
5329 3572
5328 3572
3572 3571
5327 3571
3571 3570
5325 3570
3570 3569
5324 3569
5322 3569
3569 3568
5319 3568
5316 3568
3568 3565
5315 3565
5312 3565
3565 3562
5310 3562
3562 3556
5307 3556
3556 3555
5305 3555
3555 3550
5302 3550
5299 3550
3550 3549
3549 3547
3547 3542
5298 3542
3542 3541
3541 3540
3540 3539
3539 3537
3537 3536
5297 3536
5295 3536
3536 3535
5293 3535
5289 3535
3535 3534
5288 3534
3534 3530
5287 3530
5283 3530
3530 3527
3527 3526
5282 3526
5281 3526
3526 3524
5280 3524
3524 3523
3523 3521
5279 3521
3521 3517
5277 3517
5275 3517
3517 3515
5274 3515
3515 3514
5271 3514
5267 3514
3514 3513
3513 3509
3509 3508
5262 3508
5259 3508
3508 3505
5257 3505
3505 3503
5256 3503
5255 3503
3503 3502
5253 3502
5252 3502
3502 3499
5251 3499
5250 3499
3499 3497
5248 3497
5247 3497
3497 3495
3495 3494
5246 3494
3494 3493
5244 3493
3493 3491
5243 3491
3491 3486
3486 3485
5242 3485
5238 3485
3485 3484
5236 3484
5235 3484
3484 3483
3483 3482
5234 3482
5231 3482
3482 3481
3481 3479
5222 3479
3479 3478
3478 3475
5221 3475
5220 3475
3475 3474
5218 3474
5216 3474
3474 3471
5215 3471
3471 3470
3470 3469
3469 3468
5214 3468
5213 3468
3468 3466
5211 3466
3466 3465
5210 3465
3465 3464
3464 3463
3463 3461
5208 3461
3461 3460
5207 3460
5204 3460
3460 3459
3459 3456
5203 3456
3456 3454
5202 3454
5201 3454
3454 3453
5198 3453
5194 3453
3453 3450
3450 3447
3447 3446
5193 3446
5186 3446
3446 3445
5184 3445
3445 3442
5183 3442
5182 3442
3442 3438
5181 3438
5180 3438
3438 3436
3436 3435
5179 3435
3435 3434
3434 3429
3429 3428
3428 3426
5178 3426
5174 3426
3426 3425
3425 3423
3423 3421
5172 3421
5171 3421
3421 3419
5167 3419
5166 3419
3419 3414
5163 3414
3414 3412
5162 3412
5159 3412
3412 3411
3411 3409
5154 3409
5153 3409
3409 3405
5150 3405
5149 3405
3405 3402
5148 3402
3402 3400
5147 3400
5146 3400
3400 3398
3398 3396
5143 3396
5142 3396
3396 3393
3393 3391
3391 3390
5136 3390
5132 3390
3390 3388
3388 3387
5131 3387
3387 3386
5128 3386
5127 3386
3386 3385
5126 3385
3385 3383
5125 3383
3383 3382
5121 3382
3382 3381
5120 3381
3381 3380
3380 3379
3379 3375
5119 3375
5118 3375
3375 3374
3374 3369
5116 3369
3369 3368
5112 3368
3368 3366
3366 3365
3365 3364
5109 3364
3364 3362
5105 3362
3362 3361
5101 3361
3361 3356
5099 3356
3356 3355
5097 3355
3355 3354
5096 3354
3354 3351
5095 3351
3351 3350
5093 3350
5085 3350
3350 3344
5079 3344
5078 3344
3344 3342
5077 3342
3342 3340
5074 3340
3340 3338
5071 3338
3338 3337
3337 3336
5068 3336
3336 3335
3335 3333
3333 3331
5066 3331
5064 3331
3331 3330
5062 3330
3330 3329
5061 3329
5060 3329
3329 3328
5058 3328
5056 3328
3328 3327
3327 3323
5055 3323
5052 3323
3323 3322
5047 3322
5045 3322
3322 3320
5044 3320
3320 3317
5043 3317
5040 3317
3317 3315
3315 3314
5039 3314
3314 3313
5037 3313
5036 3313
3313 3312
5033 3312
3312 3310
5024 3310
5021 3310
3310 3309
3309 3300
3300 3299
5013 3299
5012 3299
3299 3298
5011 3298
3298 3297
5010 3297
3297 3296
5006 3296
3296 3295
3295 3289
5004 3289
3289 3288
4999 3288
3288 3287
4996 3287
4991 3287
3287 3284
3284 3283
4990 3283
4987 3283
3283 3282
3282 3281
4984 3281
4977 3281
3281 3280
4975 3280
3280 3279
3279 3278
4974 3278
4973 3278
3278 3277
4972 3277
3277 3276
4968 3276
4965 3276
3276 3271
3271 3270
4962 3270
4961 3270
3270 3269
4958 3269
4955 3269
3269 3267
4953 3267
3267 3265
4948 3265
3265 3264
4946 3264
4940 3264
3264 3263
4937 3263
4934 3263
3263 3261
3261 3260
4933 3260
3260 3259
4930 3259
3259 3255
4929 3255
4924 3255
3255 3254
3254 3251
4923 3251
3251 3250
4921 3250
3250 3249
4920 3249
4918 3249
3249 3248
4915 3248
3248 3245
4913 3245
4911 3245
3245 3243
4910 3243
3243 3240
4907 3240
3240 3238
4906 3238
3238 3237
4905 3237
3237 3233
4904 3233
4901 3233
3233 3228
4900 3228
4899 3228
3228 3225
4896 3225
3225 3224
4895 3224
3224 3223
4894 3223
3223 3221
4892 3221
3221 3220
4889 3220
3220 3214
3214 3213
4888 3213
4883 3213
3213 3212
3212 3210
4879 3210
4877 3210
3210 3209
4875 3209
4874 3209
3209 3208
4873 3208
3208 3206
4868 3206
3206 3204
4867 3204
3204 3203
4861 3203
3203 3200
4857 3200
4856 3200
3200 3199
4855 3199
4853 3199
3199 3196
4852 3196
4851 3196
3196 3195
4848 3195
4845 3195
3195 3193
3193 3191
3191 3187
4844 3187
3187 3186
4843 3186
4841 3186
3186 3185
4838 3185
3185 3184
4835 3184
3184 3183
3183 3182
3182 3181
4832 3181
4829 3181
3181 3180
4827 3180
4824 3180
3180 3179
4820 3179
3179 3178
4815 3178
4811 3178
3178 3177
4810 3177
3177 3176
4809 3176
3176 3173
4807 3173
4806 3173
3173 3170
3170 3169
3169 3166
4799 3166
3166 3165
4798 3165
4797 3165
3165 3164
4796 3164
4793 3164
3164 3162
4791 3162
3162 3161
4790 3161
4789 3161
3161 3160
4787 3160
4783 3160
3160 3159
4780 3159
4770 3159
3159 3158
4768 3158
3158 3154
3154 3153
4765 3153
4763 3153
3153 3148
4761 3148
3148 3147
4755 3147
4753 3147
3147 3146
4752 3146
4751 3146
3146 3144
3144 3143
4750 3143
4749 3143
3143 3142
4747 3142
3142 3139
3139 3137
4744 3137
3137 3136
4743 3136
3136 3135
4739 3135
4737 3135
3135 3134
4732 3134
3134 3132
3132 3131
4728 3131
4721 3131
3131 3130
4720 3130
3130 3128
4719 3128
3128 3127
4718 3127
4712 3127
3127 3124
4709 3124
4705 3124
3124 3123
4704 3123
3123 3122
3122 3120
4702 3120
4701 3120
3120 3119
3119 3117
4697 3117
3117 3116
4695 3116
3116 3115
4692 3115
4688 3115
3115 3114
4687 3114
4685 3114
3114 3112
4684 3112
4683 3112
3112 3111
4682 3111
3111 3110
4677 3110
3110 3108
4676 3108
3108 3106
3106 3103
4675 3103
4672 3103
3103 3100
4667 3100
4665 3100
3100 3099
4661 3099
3099 3097
4658 3097
3097 3095
3095 3093
3093 3090
3090 3087
4657 3087
4654 3087
3087 3085
3085 3083
3083 3082
4650 3082
4649 3082
3082 3081
3081 3080
3080 3076
3076 3075
3075 3073
4646 3073
3073 3072
4644 3072
4643 3072
3072 3071
3071 3070
4639 3070
4637 3070
3070 3068
3068 3067
4635 3067
3067 3065
4632 3065
3065 3064
4630 3064
4627 3064
3064 3063
4622 3063
3063 3062
4619 3062
3062 3061
4618 3061
3061 3057
4617 3057
3057 3056
3056 3053
4615 3053
3053 3051
3051 3050
3050 3048
4613 3048
3048 3047
4612 3047
3047 3046
3046 3040
4610 3040
4609 3040
3040 3039
3039 3038
4605 3038
3038 3037
4604 3037
4600 3037
3037 3034
4599 3034
3034 3033
4595 3033
3033 3032
4593 3032
3032 3031
3031 3024
4590 3024
3024 3023
3023 3020
4589 3020
3020 3018
4587 3018
4586 3018
3018 3017
4585 3017
3017 3016
3016 3015
4582 3015
4579 3015
3015 3014
3014 3013
4576 3013
4574 3013
3013 3012
4573 3012
4571 3012
3012 3011
4570 3011
3011 3009
4569 3009
4568 3009
3009 3007
4565 3007
4562 3007
3007 3003
4559 3003
3003 3001
4558 3001
4557 3001
3001 3000
3000 2999
4556 2999
4554 2999
2999 2998
2998 2997
4550 2997
4549 2997
2997 2996
4548 2996
2996 2993
4546 2993
4545 2993
2993 2992
2992 2991
4544 2991
2991 2990
2990 2988
4540 2988
2988 2985
4539 2985
2985 2984
2984 2983
4538 2983
2983 2982
2982 2979
4537 2979
4536 2979
2979 2978
4526 2978
4525 2978
2978 2975
2975 2973
2973 2970
4522 2970
4521 2970
2970 2968
4520 2968
2968 2967
4516 2967
2967 2966
4509 2966
4508 2966
2966 2965
4507 2965
4506 2965
2965 2964
4503 2964
4498 2964
2964 2963
4497 2963
2963 2962
4496 2962
2962 2961
4494 2961
4489 2961
2961 2960
2960 2957
4487 2957
2957 2956
4485 2956
4483 2956
2956 2955
4482 2955
2955 2954
2954 2952
4481 2952
2952 2946
2946 2945
4479 2945
2945 2944
4478 2944
2944 2943
4477 2943
2943 2942
4476 2942
4473 2942
2942 2941
4472 2941
4471 2941
2941 2940
4466 2940
2940 2938
2938 2935
4465 2935
2935 2934
2934 2933
4460 2933
2933 2932
2932 2929
4459 2929
4457 2929
2929 2928
4456 2928
2928 2924
4455 2924
4454 2924
2924 2923
4450 2923
2923 2920
4449 2920
4444 2920
2920 2919
2919 2918
4442 2918
2918 2917
2917 2916
4439 2916
4437 2916
2916 2915
2915 2912
4436 2912
2912 2911
4435 2911
2911 2910
4431 2910
2910 2909
4430 2909
2909 2906
4429 2906
2906 2905
4427 2905
4426 2905
2905 2904
2904 2902
4425 2902
2902 2901
2901 2900
4424 2900
2900 2899
4418 2899
4416 2899
2899 2896
4408 2896
2896 2894
4406 2894
4399 2894
2894 2891
2891 2890
4397 2890
2890 2889
4396 2889
4395 2889
2889 2888
4394 2888
4393 2888
2888 2885
4389 2885
4386 2885
2885 2882
4384 2882
4380 2882
2882 2878
4377 2878
4374 2878
2878 2877
4373 2877
4372 2877
2877 2875
2875 2873
4361 2873
4354 2873
2873 2872
4347 2872
2872 2871
4341 2871
2871 2867
2867 2866
2866 2865
2865 2864
2864 2863
2863 2860
2860 2858
4340 2858
2858 2854
4338 2854
4330 2854
2854 2852
4323 2852
2852 2849
2849 2847
4320 2847
4319 2847
2847 2846
4318 2846
4315 2846
2846 2845
2845 2844
2844 2843
2843 2842
4311 2842
2842 2839
4308 2839
4306 2839
2839 2838
4305 2838
2838 2837
4303 2837
2837 2833
2833 2832
4300 2832
4296 2832
2832 2830
4292 2830
2830 2825
4291 2825
4290 2825
2825 2824
4289 2824
2824 2822
4287 2822
2822 2821
4283 2821
2821 2820
2820 2818
4274 2818
2818 2817
4272 2817
4271 2817
2817 2816
4270 2816
4269 2816
2816 2815
4268 2815
2815 2813
4265 2813
4261 2813
2813 2812
4260 2812
4258 2812
2812 2808
2808 2806
2806 2804
4257 2804
4255 2804
2804 2803
4253 2803
4252 2803
2803 2801
2801 2800
4250 2800
2800 2798
4248 2798
4246 2798
2798 2797
2797 2795
2795 2794
2794 2793
2793 2791
4245 2791
2791 2786
4244 2786
2786 2784
4239 2784
4235 2784
2784 2783
4234 2783
2783 2781
4231 2781
2781 2779
4227 2779
4224 2779
2779 2777
2777 2776
4222 2776
4219 2776
2776 2773
2773 2771
4217 2771
4213 2771
2771 2767
4210 2767
4206 2767
2767 2765
4202 2765
4198 2765
2765 2764
2764 2763
4194 2763
4193 2763
2763 2761
2761 2760
4188 2760
4187 2760
2760 2758
2758 2757
4174 2757
2757 2756
4171 2756
4170 2756
2756 2753
4165 2753
2753 2748
4164 2748
2748 2744
4163 2744
2744 2743
4162 2743
4159 2743
2743 2741
4156 2741
4154 2741
2741 2739
2739 2737
4153 2737
2737 2736
4151 2736
4149 2736
2736 2735
4146 2735
2735 2732
2732 2731
4139 2731
4138 2731
2731 2730
4135 2730
4134 2730
2730 2729
4132 2729
4127 2729
2729 2726
4120 2726
2726 2723
2723 2722
4118 2722
4115 2722
2722 2719
4110 2719
4109 2719
2719 2718
2718 2717
4105 2717
2717 2715
4102 2715
4098 2715
2715 2714
4097 2714
4096 2714
2714 2713
4094 2713
2713 2711
4093 2711
4092 2711
2711 2710
4090 2710
2710 2709
4088 2709
4082 2709
2709 2708
4081 2708
2708 2704
4080 2704
2704 2703
2703 2702
2702 2699
4079 2699
4078 2699
2699 2698
4077 2698
4073 2698
2698 2697
2697 2696
2696 2695
4071 2695
4070 2695
2695 2693
2693 2691
4069 2691
4068 2691
2691 2689
2689 2688
4066 2688
2688 2687
4064 2687
2687 2686
4063 2686
2686 2684
4061 2684
2684 2680
2680 2677
4059 2677
2677 2675
2675 2672
4057 2672
2672 2671
4054 2671
2671 2670
4053 2670
4052 2670
2670 2669
4051 2669
2669 2668
4050 2668
2668 2664
4042 2664
4040 2664
2664 2663
4038 2663
2663 2662
2662 2661
4033 2661
4029 2661
2661 2657
4023 2657
4022 2657
2657 2656
4019 2656
4018 2656
2656 2653
4014 2653
4007 2653
2653 2652
4006 2652
4004 2652
2652 2648
4001 2648
3999 2648
2648 2647
2647 2646
3998 2646
3995 2646
2646 2645
3994 2645
2645 2643
3993 2643
3988 2643
2643 2641
3987 2641
2641 2640
3980 2640
3978 2640
2640 2638
2638 2637
3976 2637
2637 2636
3974 2636
3972 2636
2636 2635
3971 2635
2635 2634
3970 2634
2634 2633
3969 2633
2633 2632
3968 2632
3967 2632
2632 2631
2631 2630
2630 2629
2629 2628
3961 2628
2628 2622
2622 2621
3960 2621
3959 2621
2621 2619
3958 2619
2619 2618
3957 2618
3954 2618
2618 2615
2615 2613
3952 2613
3951 2613
2613 2612
3948 2612
3946 2612
2612 2611
3941 2611
3940 2611
2611 2607
3939 2607
2607 2606
2606 2605
3938 2605
2605 2602
3937 2602
3936 2602
2602 2601
3934 2601
2601 2600
3928 2600
3921 2600
2600 2599
3915 2599
3911 2599
2599 2598
2598 2597
3909 2597
3908 2597
2597 2595
3903 2595
2595 2593
2593 2592
3900 2592
3898 2592
2592 2591
2591 2590
2590 2589
2589 2588
2588 2587
2587 2586
3897 2586
2586 2583
3895 2583
3893 2583
2583 2582
3885 2582
2582 2581
3884 2581
2581 2576
2576 2575
3883 2575
3882 2575
2575 2574
2574 2573
2573 2572
3877 2572
2572 2571
3875 2571
3874 2571
2571 2570
2570 2569
3871 2569
3867 2569
2569 2566
3857 2566
3854 2566
2566 2564
3852 2564
2564 2562
3849 2562
2562 2561
3847 2561
3838 2561
2561 2560
3837 2560
2560 2559
2559 2557
2557 2554
3835 2554
2554 2553
2553 2552
2552 2550
2550 2547
3834 2547
2547 2546
2546 2544
2544 2543
3833 2543
3829 2543
2543 2540
2540 2539
3827 2539
2539 2538
3824 2538
2538 2537
3823 2537
3822 2537
2537 2529
3820 2529
2529 2524
3819 2524
2524 2522
2522 2519
3818 2519
3817 2519
2519 2518
3815 2518
3814 2518
2518 2517
3812 2517
2517 2516
2516 2514
2514 2513
3808 2513
3806 2513
2513 2511
2511 2510
2510 2508
2508 2507
3805 2507
3804 2507
2507 2505
2505 2504
3802 2504
2504 2502
3797 2502
2502 2501
3796 2501
2501 2500
3794 2500
3792 2500
2500 2499
3787 2499
2499 2498
3781 2498
3779 2498
2498 2497
3776 2497
3774 2497
2497 2496
2496 2494
2494 2492
3771 2492
2492 2491
3768 2491
2491 2489
3766 2489
2489 2488
2488 2486
3765 2486
3764 2486
2486 2485
3763 2485
2485 2483
2483 2482
2482 2480
2480 2479
3761 2479
2479 2477
2477 2476
3759 2476
3756 2476
2476 2475
2475 2472
3755 2472
3749 2472
2472 2471
3747 2471
3744 2471
2471 2470
2470 2469
3743 2469
3741 2469
2469 2468
3737 2468
2468 2467
3733 2467
3731 2467
2467 2466
3730 2466
2466 2462
3726 2462
3722 2462
2462 2460
3719 2460
3713 2460
2460 2457
3710 2457
3709 2457
2457 2455
3707 2455
3704 2455
2455 2454
3703 2454
2454 2453
3700 2453
2453 2451
2451 2450
3699 2450
3695 2450
2450 2449
3692 2449
2449 2448
3691 2448
3688 2448
2448 2446
3687 2446
3683 2446
2446 2444
3682 2444
3680 2444
2444 2436
2436 2434
3679 2434
2434 2429
3678 2429
2429 2428
3675 2428
2428 2426
3674 2426
3672 2426
2426 2425
3669 2425
3665 2425
2425 2422
3664 2422
3663 2422
2422 2419
2419 2418
3662 2418
3661 2418
2418 2417
2417 2416
3660 2416
3659 2416
2416 2415
3656 2415
3652 2415
2415 2413
2413 2412
3650 2412
3649 2412
2412 2409
2409 2408
3647 2408
2408 2407
3646 2407
2407 2405
2405 2404
3645 2404
2404 2403
3644 2403
3643 2403
2403 2401
2401 2399
3642 2399
3638 2399
2399 2398
2398 2397
2397 2396
3635 2396
3634 2396
2396 2395
3630 2395
2395 2393
3628 2393
2393 2391
2391 2389
3626 2389
3624 2389
2389 2388
3623 2388
3622 2388
2388 2387
3621 2387
2387 2385
3620 2385
3619 2385
2385 2384
3616 2384
3615 2384
2384 2383
3608 2383
3606 2383
2383 2382
3601 2382
2382 2381
3600 2381
2381 2380
3599 2380
2380 2378
3597 2378
3595 2378
2378 2377
3594 2377
2377 2371
3591 2371
2371 2369
2369 2368
2368 2367
3590 2367
3589 2367
2367 2366
3588 2366
2366 2364
3586 2364
2364 2363
2363 2359
3579 2359
3567 2359
2359 2357
3566 2357
3564 2357
2357 2353
2353 2351
3563 2351
2351 2350
3561 2350
3560 2350
2350 2348
3559 2348
2348 2347
3558 2347
3557 2347
2347 2346
2346 2345
3554 2345
3553 2345
2345 2344
3552 2344
2344 2343
3551 2343
3548 2343
2343 2342
3546 2342
2342 2340
3545 2340
3544 2340
2340 2337
2337 2335
3543 2335
3538 2335
2335 2334
3533 2334
3532 2334
2334 2333
2333 2332
3531 2332
2332 2330
2330 2329
2329 2328
2328 2327
3529 2327
3528 2327
2327 2326
3525 2326
2326 2325
3522 2325
2325 2324
3520 2324
2324 2323
2323 2321
3519 2321
2321 2320
3518 2320
2320 2319
3516 2319
3512 2319
2319 2318
2318 2316
3511 2316
3510 2316
2316 2314
3507 2314
2314 2313
3506 2313
3504 2313
2313 2312
3501 2312
2312 2311
2311 2307
3500 2307
3498 2307
2307 2306
3496 2306
3492 2306
2306 2303
3490 2303
3489 2303
2303 2302
3488 2302
3487 2302
2302 2301
2301 2299
3480 2299
3477 2299
2299 2298
3476 2298
2298 2297
3473 2297
3472 2297
2297 2293
2293 2290
3467 2290
2290 2287
2287 2286
2286 2285
3462 2285
2285 2280
3458 2280
2280 2278
3457 2278
3455 2278
2278 2275
2275 2274
2274 2271
3452 2271
3451 2271
2271 2270
3449 2270
2270 2269
2269 2268
3448 2268
3444 2268
2268 2264
3443 2264
3441 2264
2264 2263
3440 2263
2263 2261
3439 2261
2261 2260
3437 2260
2260 2259
2259 2258
3433 2258
3432 2258
2258 2257
3431 2257
2257 2254
3430 2254
3427 2254
2254 2253
3424 2253
3422 2253
2253 2252
3420 2252
3418 2252
2252 2251
3417 2251
2251 2250
3416 2250
2250 2249
3415 2249
3413 2249
2249 2248
3410 2248
2248 2247
3408 2247
2247 2246
2246 2245
2245 2243
2243 2242
3407 2242
2242 2241
2241 2238
3406 2238
2238 2235
3404 2235
3403 2235
2235 2234
2234 2232
3401 2232
3399 2232
2232 2228
3397 2228
3395 2228
2228 2227
3394 2227
2227 2225
2225 2223
2223 2222
2222 2221
2221 2219
3392 2219
3389 2219
2219 2218
2218 2217
3384 2217
3378 2217
2217 2216
3377 2216
3376 2216
2216 2215
2215 2214
2214 2212
3373 2212
2212 2211
3372 2211
3371 2211
2211 2209
2209 2206
2206 2203
3370 2203
2203 2202
3367 2202
2202 2201
3363 2201
2201 2199
2199 2197
3360 2197
3359 2197
2197 2196
3358 2196
2196 2195
2195 2193
3357 2193
2193 2190
3353 2190
2190 2188
3352 2188
3349 2188
2188 2187
3348 2187
2187 2186
3347 2186
2186 2185
3346 2185
3345 2185
2185 2184
3343 2184
2184 2183
3341 2183
2183 2180
2180 2178
3339 2178
3334 2178
2178 2175
2175 2173
3332 2173
3326 2173
2173 2171
3325 2171
3324 2171
2171 2170
3321 2170
3319 2170
2170 2168
3318 2168
2168 2166
3316 2166
3311 2166
2166 2164
2164 2159
3308 2159
2159 2158
3307 2158
3306 2158
2158 2156
3305 2156
2156 2155
3304 2155
3303 2155
2155 2153
2153 2151
2151 2150
3302 2150
3301 2150
2150 2149
2149 2147
3294 2147
2147 2146
3293 2146
2146 2145
2145 2144
3292 2144
2144 2142
3291 2142
2142 2141
2141 2140
3290 2140
2140 2138
3286 2138
2138 2137
3285 2137
2137 2136
3275 2136
2136 2135
3274 2135
2135 2134
3273 2134
2134 2132
2132 2131
3272 2131
2131 2130
3268 2130
3266 2130
2130 2128
3262 2128
3258 2128
2128 2127
2127 2126
2126 2125
3257 2125
3256 2125
2125 2123
3253 2123
3252 2123
2123 2120
2120 2118
3247 2118
3246 2118
2118 2117
3244 2117
2117 2113
2113 2110
2110 2109
3242 2109
2109 2108
3241 2108
2108 2107
3239 2107
3236 2107
2107 2106
3235 2106
2106 2103
3234 2103
3232 2103
2103 2102
2102 2100
3231 2100
3230 2100
2100 2097
3229 2097
2097 2096
3227 2096
3226 2096
2096 2093
3222 2093
2093 2091
2091 2090
3219 2090
3218 2090
2090 2089
3217 2089
3216 2089
2089 2088
3215 2088
3211 2088
2088 2087
3207 2087
3205 2087
2087 2084
2084 2083
3202 2083
2083 2082
3201 2082
2082 2081
3198 2081
2081 2078
3197 2078
2078 2077
3194 2077
3192 2077
2077 2075
2075 2074
3190 2074
3189 2074
2074 2070
2070 2069
3188 2069
3175 2069
2069 2068
3174 2068
2068 2067
3172 2067
2067 2066
2066 2065
2065 2063
3171 2063
2063 2061
2061 2059
3168 2059
2059 2056
2056 2055
3167 2055
2055 2054
3163 2054
2054 2051
3157 2051
3156 2051
2051 2046
3155 2046
3152 2046
2046 2043
3151 2043
3150 2043
2043 2042
3149 2042
2042 2041
3145 2041
2041 2039
2039 2038
3141 2038
2038 2035
3140 2035
2035 2032
2032 2031
3138 2031
3133 2031
2031 2030
3129 2030
3126 2030
2030 2028
3125 2028
3121 2028
2028 2027
3118 2027
3113 2027
2027 2023
3109 2023
2023 2022
3107 2022
3105 2022
2022 2016
3104 2016
2016 2015
3102 2015
2015 2013
2013 2011
3101 2011
3098 2011
2011 2010
3096 2010
3094 2010
2010 2007
3092 2007
3091 2007
2007 2006
3089 2006
3088 2006
2006 2005
2005 2003
2003 2000
3086 2000
2000 1999
3084 1999
3079 1999
1999 1996
3078 1996
3077 1996
1996 1994
1994 1993
3074 1993
3069 1993
1993 1990
1990 1989
3066 1989
1989 1988
3060 1988
1988 1987
1987 1986
3059 1986
1986 1985
3058 1985
3055 1985
1985 1984
3054 1984
1984 1983
3052 1983
1983 1982
3049 1982
3045 1982
1982 1978
3044 1978
1978 1976
3043 1976
1976 1975
3042 1975
3041 1975
1975 1974
1974 1973
3036 1973
3035 1973
1973 1972
1972 1970
1970 1969
3030 1969
1969 1967
1967 1966
3029 1966
1966 1963
1963 1961
3028 1961
1961 1959
3027 1959
3026 1959
1959 1958
3025 1958
1958 1954
1954 1953
1953 1952
3022 1952
1952 1951
3021 1951
3019 1951
1951 1948
3010 1948
1948 1946
3008 1946
1946 1943
3006 1943
1943 1939
3005 1939
1939 1938
1938 1934
3004 1934
3002 1934
1934 1933
2995 1933
1933 1931
2994 1931
2989 1931
1931 1928
2987 1928
2986 1928
1928 1927
1927 1926
2981 1926
1926 1925
2980 1925
1925 1924
1924 1923
2977 1923
1923 1922
2976 1922
2974 1922
1922 1921
2972 1921
2971 1921
1921 1920
2969 1920
2959 1920
1920 1918
2958 1918
1918 1916
1916 1915
1915 1911
2953 1911
2951 1911
1911 1910
1910 1909
2950 1909
2949 1909
1909 1908
1908 1904
2948 1904
1904 1903
2947 1903
1903 1902
2939 1902
1902 1901
2937 1901
1901 1900
1900 1899
2936 1899
1899 1897
2931 1897
2930 1897
1897 1896
2927 1896
1896 1892
2926 1892
1892 1891
1891 1890
2925 1890
1890 1888
2922 1888
1888 1886
2921 1886
1886 1885
1885 1884
1884 1883
1883 1878
2914 1878
1878 1877
2913 1877
1877 1876
2908 1876
1876 1874
2907 1874
2903 1874
1874 1873
2898 1873
1873 1871
1871 1868
1868 1865
2897 1865
1865 1864
1864 1863
2895 1863
2893 1863
1863 1862
1862 1861
2892 1861
2887 1861
1861 1860
2886 1860
1860 1857
2884 1857
1857 1856
2883 1856
1856 1855
2881 1855
1855 1854
1854 1853
1853 1851
2880 1851
1851 1850
1850 1849
2879 1849
2876 1849
1849 1848
2874 1848
1848 1847
1847 1846
2870 1846
1846 1845
1845 1843
2869 1843
2868 1843
1843 1842
2862 1842
1842 1841
2861 1841
1841 1839
1839 1835
2859 1835
1835 1834
1834 1833
2857 1833
1833 1832
1832 1830
2856 1830
2855 1830
1830 1827
1827 1823
2853 1823
2851 1823
1823 1821
2850 1821
1821 1820
2848 1820
2841 1820
1820 1818
1818 1817
1817 1815
1815 1814
2840 1814
1814 1813
1813 1811
1811 1807
2836 1807
2835 1807
1807 1804
2834 1804
2831 1804
1804 1803
1803 1802
2829 1802
1802 1801
2828 1801
1801 1800
2827 1800
1800 1799
1799 1798
2826 1798
1798 1797
2823 1797
2819 1797
1797 1796
2814 1796
1796 1795
2811 1795
2810 1795
1795 1793
1793 1792
2809 1792
1792 1791
2807 1791
1791 1790
1790 1788
2805 1788
1788 1787
2802 1787
2799 1787
1787 1782
2796 1782
2792 1782
1782 1781
1781 1780
1780 1779
2790 1779
2789 1779
1779 1778
2788 1778
1778 1777
2787 1777
1777 1776
1776 1774
2785 1774
2782 1774
1774 1771
2780 1771
1771 1770
1770 1767
2778 1767
1767 1764
2775 1764
2774 1764
1764 1763
2772 1763
1763 1762
1762 1761
1761 1760
2770 1760
1760 1759
1759 1754
2769 1754
1754 1753
2768 1753
2766 1753
1753 1748
2762 1748
1748 1747
1747 1746
1746 1745
2759 1745
1745 1743
1743 1742
2755 1742
1742 1741
2754 1741
1741 1740
2752 1740
1740 1738
2751 1738
2750 1738
1738 1737
1737 1736
1736 1733
2749 1733
2747 1733
1733 1731
2746 1731
1731 1730
2745 1730
2742 1730
1730 1729
2740 1729
1729 1728
2738 1728
2734 1728
1728 1727
2733 1727
1727 1726
2728 1726
1726 1725
2727 1725
2725 1725
1725 1721
2724 1721
1721 1718
1718 1715
1715 1714
2721 1714
2720 1714
1714 1713
2716 1713
1713 1708
2712 1708
1708 1706
2707 1706
2706 1706
1706 1704
1704 1703
1703 1700
1700 1698
2705 1698
2701 1698
1698 1696
2700 1696
2694 1696
1696 1695
1695 1692
1692 1691
2692 1691
1691 1690
1690 1689
2690 1689
2685 1689
1689 1688
1688 1687
2683 1687
2682 1687
1687 1684
1684 1683
2681 1683
1683 1681
1681 1680
1680 1679
1679 1678
2679 1678
2678 1678
1678 1677
2676 1677
1677 1675
2674 1675
1675 1672
2673 1672
1672 1670
2667 1670
1670 1669
1669 1668
1668 1663
2666 1663
1663 1662
2665 1662
1662 1660
1660 1658
1658 1657
2660 1657
1657 1656
2659 1656
1656 1654
2658 1654
2655 1654
1654 1653
2654 1653
1653 1652
1652 1650
2651 1650
1650 1648
1648 1643
1643 1642
2650 1642
1642 1641
2649 1641
2644 1641
1641 1640
2642 1640
1640 1639
2639 1639
2627 1639
1639 1638
2626 1638
2625 1638
1638 1637
2624 1637
2623 1637
1637 1636
2620 1636
1636 1634
2617 1634
2616 1634
1634 1633
1633 1631
2614 1631
1631 1629
2610 1629
1629 1628
2609 1628
2608 1628
1628 1627
2604 1627
1627 1625
2603 1625
2596 1625
1625 1624
1624 1623
2594 1623
1623 1622
2585 1622
1622 1621
2584 1621
2580 1621
1621 1620
1620 1619
2579 1619
1619 1618
2578 1618
2577 1618
1618 1617
2568 1617
2567 1617
1617 1613
1613 1611
2565 1611
1611 1610
2563 1610
2558 1610
1610 1609
1609 1608
2556 1608
2555 1608
1608 1604
2551 1604
1604 1603
2549 1603
2548 1603
1603 1601
2545 1601
1601 1600
2542 1600
2541 1600
1600 1598
2536 1598
1598 1597
2535 1597
1597 1596
1596 1595
2534 1595
2533 1595
1595 1593
2532 1593
2531 1593
1593 1591
1591 1590
1590 1589
1589 1587
1587 1585
2530 1585
1585 1584
2528 1584
2527 1584
1584 1582
2526 1582
1582 1581
1581 1580
1580 1578
1578 1576
1576 1574
2525 1574
1574 1572
1572 1569
1569 1566
2523 1566
2521 1566
1566 1565
2520 1565
2515 1565
1565 1563
2512 1563
2509 1563
1563 1560
2506 1560
1560 1559
2503 1559
1559 1558
2495 1558
2493 1558
1558 1557
2490 1557
2487 1557
1557 1556
1556 1554
2484 1554
1554 1553
2481 1553
1553 1552
2478 1552
2474 1552
1552 1551
2473 1551
2465 1551
1551 1549
2464 1549
1549 1548
2463 1548
1548 1545
1545 1542
2461 1542
2459 1542
1542 1541
2458 1541
1541 1539
2456 1539
2452 1539
1539 1536
2447 1536
2445 1536
1536 1535
1535 1533
1533 1528
1528 1527
2443 1527
2442 1527
1527 1526
2441 1526
2440 1526
1526 1525
2439 1525
1525 1523
2438 1523
1523 1522
2437 1522
2435 1522
1522 1520
2433 1520
1520 1519
1519 1518
2432 1518
2431 1518
1518 1515
2430 1515
1515 1511
2427 1511
1511 1510
2424 1510
1510 1508
2423 1508
2421 1508
1508 1507
2420 1507
1507 1506
2414 1506
1506 1505
2411 1505
2410 1505
1505 1504
2406 1504
1504 1502
2402 1502
2400 1502
1502 1501
1501 1499
2394 1499
1499 1498
1498 1493
1493 1492
2392 1492
2390 1492
1492 1491
1491 1488
2386 1488
2379 1488
1488 1484
1484 1478
2376 1478
1478 1477
2375 1477
2374 1477
1477 1476
2373 1476
1476 1474
1474 1472
2372 1472
2370 1472
1472 1471
1471 1470
1470 1468
2365 1468
1468 1465
2362 1465
2361 1465
1465 1464
2360 1464
1464 1461
2358 1461
2356 1461
1461 1459
1459 1458
2355 1458
2354 1458
1458 1457
2352 1457
1457 1455
2349 1455
1455 1454
2341 1454
1454 1451
2339 1451
2338 1451
1451 1449
2336 1449
2331 1449
1449 1448
2322 1448
1448 1446
2317 1446
1446 1445
2315 1445
2310 1445
1445 1444
2309 1444
2308 1444
1444 1442
2305 1442
1442 1438
2304 1438
2300 1438
1438 1436
2296 1436
1436 1435
2295 1435
2294 1435
1435 1433
2292 1433
1433 1431
2291 1431
2289 1431
1431 1430
2288 1430
1430 1429
2284 1429
2283 1429
1429 1422
1422 1420
2282 1420
1420 1419
1419 1418
2281 1418
1418 1416
1416 1415
1415 1410
2279 1410
1410 1408
2277 1408
1408 1407
2276 1407
2273 1407
1407 1405
2272 1405
2267 1405
1405 1404
1404 1402
1402 1401
2266 1401
1401 1400
2265 1400
2262 1400
1400 1399
1399 1398
2256 1398
2255 1398
1398 1397
2244 1397
2240 1397
1397 1395
2239 1395
2237 1395
1395 1394
2236 1394
2233 1394
1394 1393
2231 1393
1393 1392
1392 1391
1391 1389
1389 1387
2230 1387
1387 1386
2229 1386
2226 1386
1386 1382
2224 1382
2220 1382
1382 1377
1377 1376
2213 1376
1376 1374
1374 1373
1373 1369
2210 1369
2208 1369
1369 1368
2207 1368
1368 1367
1367 1365
2205 1365
2204 1365
1365 1362
2200 1362
2198 1362
1362 1360
2194 1360
1360 1359
1359 1358
2192 1358
2191 1358
1358 1357
2189 1357
1357 1354
2182 1354
2181 1354
1354 1353
2179 1353
1353 1351
2177 1351
2176 1351
1351 1350
1350 1347
2174 1347
1347 1344
1344 1341
2172 1341
1341 1340
2169 1340
1340 1338
2167 1338
2165 1338
1338 1337
2163 1337
1337 1335
1335 1333
1333 1327
2162 1327
1327 1326
2161 1326
1326 1324
2160 1324
2157 1324
1324 1323
2154 1323
2152 1323
1323 1321
1321 1320
2148 1320
1320 1319
2143 1319
1319 1318
1318 1316
1316 1313
2139 1313
1313 1312
1312 1308
2133 1308
2129 1308
1308 1307
2124 1307
1307 1305
2122 1305
1305 1304
1304 1302
2121 1302
2119 1302
1302 1301
1301 1299
2116 1299
1299 1298
2115 1298
1298 1296
2114 1296
1296 1295
2112 1295
2111 1295
1295 1294
2105 1294
2104 1294
1294 1293
2101 1293
1293 1292
2099 1292
2098 1292
1292 1291
1291 1290
2095 1290
1290 1289
2094 1289
1289 1288
2092 1288
1288 1286
1286 1285
2086 1285
2085 1285
1285 1284
1284 1282
1282 1280
2080 1280
2079 1280
1280 1279
2076 1279
1279 1276
2073 1276
2072 1276
1276 1275
2071 1275
1275 1270
2064 1270
1270 1269
2062 1269
1269 1268
2060 1268
1268 1266
2058 1266
2057 1266
1266 1265
1265 1263
1263 1262
2053 1262
2052 1262
1262 1261
2050 1261
2049 1261
1261 1260
1260 1259
1259 1257
2048 1257
1257 1256
2047 1256
2045 1256
1256 1255
2044 1255
1255 1254
2040 1254
1254 1252
2037 1252
1252 1250
2036 1250
2034 1250
1250 1249
2033 1249
2029 1249
1249 1246
2026 1246
1246 1244
2025 1244
2024 1244
1244 1239
2021 1239
1239 1238
2020 1238
1238 1237
1237 1236
2019 1236
2018 1236
1236 1233
2017 1233
2014 1233
1233 1232
2012 1232
1232 1228
1228 1226
2009 1226
2008 1226
1226 1224
2004 1224
2002 1224
1224 1223
2001 1223
1998 1223
1223 1222
1222 1220
1997 1220
1995 1220
1220 1219
1992 1219
1219 1218
1991 1218
1981 1218
1218 1217
1980 1217
1217 1216
1979 1216
1216 1213
1977 1213
1971 1213
1213 1212
1968 1212
1212 1209
1209 1207
1965 1207
1964 1207
1207 1206
1962 1206
1960 1206
1206 1202
1957 1202
1202 1201
1956 1201
1955 1201
1201 1200
1950 1200
1949 1200
1200 1199
1199 1197
1947 1197
1197 1196
1945 1196
1196 1194
1944 1194
1942 1194
1194 1193
1941 1193
1193 1192
1192 1190
1940 1190
1190 1189
1189 1188
1937 1188
1188 1186
1936 1186
1186 1184
1935 1184
1184 1181
1932 1181
1181 1180
1930 1180
1180 1178
1929 1178
1178 1177
1919 1177
1917 1177
1177 1175
1914 1175
1913 1175
1175 1174
1912 1174
1907 1174
1174 1173
1173 1172
1172 1168
1906 1168
1168 1167
1167 1161
1905 1161
1161 1160
1898 1160
1895 1160
1160 1159
1894 1159
1893 1159
1159 1158
1889 1158
1158 1156
1887 1156
1882 1156
1156 1152
1881 1152
1880 1152
1152 1150
1879 1150
1875 1150
1150 1149
1872 1149
1870 1149
1149 1148
1869 1148
1148 1145
1867 1145
1145 1144
1866 1144
1144 1143
1143 1142
1859 1142
1142 1140
1858 1140
1852 1140
1140 1138
1138 1137
1844 1137
1840 1137
1137 1135
1838 1135
1135 1134
1837 1134
1836 1134
1134 1133
1831 1133
1829 1133
1133 1132
1828 1132
1132 1131
1826 1131
1825 1131
1131 1129
1129 1127
1824 1127
1127 1126
1822 1126
1126 1125
1819 1125
1125 1124
1816 1124
1124 1123
1812 1123
1123 1119
1810 1119
1809 1119
1119 1117
1117 1116
1116 1114
1114 1113
1808 1113
1806 1113
1113 1112
1805 1112
1112 1111
1794 1111
1789 1111
1111 1109
1786 1109
1109 1108
1785 1108
1108 1106
1784 1106
1106 1104
1104 1103
1103 1102
1783 1102
1102 1101
1101 1099
1775 1099
1099 1098
1773 1098
1098 1096
1096 1095
1772 1095
1769 1095
1095 1094
1768 1094
1766 1094
1094 1093
1765 1093
1093 1091
1091 1089
1089 1088
1088 1084
1084 1083
1758 1083
1083 1082
1757 1082
1082 1081
1756 1081
1081 1080
1080 1078
1078 1075
1075 1074
1755 1074
1752 1074
1074 1072
1751 1072
1750 1072
1072 1070
1749 1070
1070 1065
1744 1065
1065 1064
1064 1061
1739 1061
1061 1060
1735 1060
1060 1059
1059 1058
1734 1058
1058 1055
1732 1055
1055 1052
1724 1052
1723 1052
1052 1050
1050 1049
1722 1049
1049 1047
1720 1047
1047 1043
1719 1043
1043 1042
1042 1041
1717 1041
1041 1040
1040 1039
1039 1038
1716 1038
1038 1035
1712 1035
1711 1035
1035 1032
1710 1032
1709 1032
1032 1031
1707 1031
1031 1027
1705 1027
1027 1024
1702 1024
1024 1021
1701 1021
1021 1020
1020 1017
1699 1017
1697 1017
1017 1016
1694 1016
1016 1009
1693 1009
1009 1008
1686 1008
1008 1007
1685 1007
1682 1007
1007 1006
1676 1006
1674 1006
1006 1004
1673 1004
1004 1001
1671 1001
1667 1001
1001 1000
1666 1000
1000 998
1665 998
998 996
1664 996
996 995
1661 995
1659 995
995 993
1655 993
993 992
1651 992
1649 992
992 990
1647 990
990 988
1646 988
988 986
1645 986
1644 986
986 985
1635 985
985 983
1632 983
983 982
1630 982
1626 982
982 980
980 976
976 975
975 974
1616 974
974 973
1615 973
973 972
1614 972
972 970
1612 970
1607 970
970 969
1606 969
1605 969
969 968
1602 968
1599 968
968 965
1594 965
965 964
1592 964
1588 964
964 963
1586 963
1583 963
963 962
1579 962
962 961
1577 961
1575 961
961 960
960 957
957 956
1573 956
956 955
1571 955
1570 955
955 954
954 950
1568 950
1567 950
950 949
1564 949
949 948
1562 948
1561 948
948 947
947 946
1555 946
946 945
1550 945
1547 945
945 941
1546 941
941 939
1544 939
1543 939
939 934
1540 934
934 930
1538 930
930 926
1537 926
1534 926
926 924
924 923
1532 923
923 922
1531 922
922 919
1530 919
1529 919
919 917
1524 917
917 916
916 915
915 913
1521 913
913 911
1517 911
911 909
1516 909
1514 909
909 908
908 907
1513 907
1512 907
907 905
1509 905
1503 905
905 904
1500 904
904 901
1497 901
1496 901
901 899
1495 899
1494 899
899 896
1490 896
896 893
893 891
891 888
1489 888
1487 888
888 887
1486 887
1485 887
887 881
1483 881
1482 881
881 880
880 879
1481 879
879 878
878 877
1480 877
1479 877
877 876
1475 876
876 875
1473 875
875 874
1469 874
874 873
1467 873
873 870
870 869
869 868
1466 868
868 867
1463 867
867 866
1462 866
866 865
1460 865
865 864
1456 864
1453 864
864 863
1452 863
1450 863
863 862
1447 862
862 858
1443 858
1441 858
858 857
1440 857
857 856
1439 856
1437 856
856 855
1434 855
855 854
854 853
853 851
851 850
1432 850
850 849
1428 849
1427 849
849 848
848 847
1426 847
847 845
1425 845
845 844
844 843
1424 843
843 841
841 840
840 839
1423 839
1421 839
839 837
837 836
1417 836
1414 836
836 835
1413 835
1412 835
835 833
1411 833
833 832
1409 832
1406 832
832 831
1403 831
831 830
830 829
1396 829
1390 829
829 828
1388 828
828 827
1385 827
827 826
1384 826
1383 826
826 825
1381 825
1380 825
825 824
1379 824
1378 824
824 823
1375 823
823 822
1372 822
822 821
1371 821
1370 821
821 819
1366 819
1364 819
819 817
817 814
814 813
813 811
1363 811
1361 811
811 810
1356 810
810 809
1355 809
1352 809
809 808
1349 808
808 807
1348 807
807 806
1346 806
806 803
1345 803
803 802
1343 802
1342 802
802 801
801 800
1339 800
800 799
1336 799
799 798
1334 798
798 797
797 795
1332 795
1331 795
795 794
1330 794
1329 794
794 793
1328 793
793 791
1325 791
1322 791
791 790
1317 790
790 789
789 788
1315 788
788 786
1314 786
786 784
1311 784
1310 784
784 783
1309 783
783 782
1306 782
1303 782
782 781
1300 781
1297 781
781 780
1287 780
1283 780
780 779
779 778
778 776
776 775
775 774
1281 774
1278 774
774 773
773 772
1277 772
1274 772
772 770
770 769
1273 769
1272 769
769 768
1271 768
768 765
1267 765
765 764
1264 764
764 762
762 761
1258 761
1253 761
761 760
1251 760
760 759
1248 759
759 757
1247 757
1245 757
757 756
1243 756
756 754
754 753
1242 753
753 752
752 749
1241 749
1240 749
749 748
1235 748
748 747
1234 747
1231 747
747 746
1230 746
746 745
1229 745
1227 745
745 744
744 741
1225 741
1221 741
741 737
1215 737
1214 737
737 736
1211 736
1210 736
736 735
1208 735
1205 735
735 734
1204 734
734 731
1203 731
731 730
730 726
1198 726
726 724
1195 724
724 723
1191 723
723 721
1187 721
721 719
1185 719
719 717
717 716
716 714
1183 714
714 712
1182 712
712 709
1179 709
1176 709
709 708
1171 708
708 706
1170 706
706 702
1169 702
702 701
1166 701
1165 701
701 697
1164 697
1163 697
697 696
1162 696
1157 696
696 695
1155 695
1154 695
695 691
1153 691
1151 691
691 690
690 688
1147 688
688 687
1146 687
1141 687
687 686
1139 686
686 681
1136 681
681 680
680 679
1130 679
679 678
1128 678
1122 678
678 677
1121 677
677 676
1120 676
1118 676
676 675
1115 675
675 671
1110 671
671 670
1107 670
670 669
1105 669
1100 669
669 668
1097 668
668 667
1092 667
667 666
1090 666
1087 666
666 663
1086 663
663 662
1085 662
1079 662
662 659
1077 659
1076 659
659 657
1073 657
1071 657
657 655
655 654
1069 654
1068 654
654 653
1067 653
1066 653
653 651
1063 651
651 648
1062 648
1057 648
648 646
646 645
1056 645
645 644
644 642
1054 642
642 640
1053 640
640 634
1051 634
634 633
1048 633
1046 633
633 632
1045 632
1044 632
632 628
1037 628
1036 628
628 626
1034 626
626 625
1033 625
625 623
1030 623
623 622
622 621
1029 621
1028 621
621 617
1026 617
1025 617
617 613
1023 613
613 612
1022 612
1019 612
612 609
609 607
1018 607
607 606
1015 606
606 605
1014 605
1013 605
605 604
1012 604
1011 604
604 602
1010 602
602 601
1005 601
1003 601
601 600
600 597
597 596
1002 596
999 596
596 595
997 595
994 595
595 593
991 593
989 593
593 592
592 591
987 591
591 587
984 587
587 583
981 583
979 583
583 582
582 579
978 579
579 578
578 577
577 576
576 575
977 575
575 573
971 573
967 573
573 572
966 572
959 572
572 571
958 571
571 569
569 566
953 566
952 566
566 564
951 564
944 564
564 563
943 563
563 562
942 562
562 561
940 561
561 558
558 556
556 554
938 554
554 553
937 553
936 553
553 551
935 551
551 549
933 549
549 548
932 548
931 548
548 546
546 545
929 545
545 544
928 544
544 543
927 543
925 543
543 541
921 541
541 540
920 540
540 538
538 537
537 535
918 535
914 535
535 534
912 534
534 532
910 532
532 531
531 530
906 530
530 527
903 527
902 527
527 526
900 526
898 526
526 525
897 525
895 525
525 523
894 523
523 522
522 521
892 521
890 521
521 520
889 520
520 518
518 514
886 514
885 514
514 512
884 512
512 510
883 510
510 508
882 508
508 507
872 507
871 507
507 506
861 506
860 506
506 505
505 503
859 503
503 501
852 501
501 500
846 500
500 496
496 495
495 493
493 488
842 488
488 486
838 486
486 485
834 485
820 485
485 483
483 482
818 482
482 480
816 480
815 480
480 479
812 479
479 478
805 478
804 478
478 477
796 477
792 477
477 476
787 476
476 475
785 475
777 475
475 472
771 472
472 470
767 470
470 468
766 468
468 464
763 464
464 463
463 458
758 458
755 458
458 457
751 457
750 457
457 455
455 454
454 452
743 452
452 449
449 448
448 444
742 444
444 443
740 443
739 443
443 442
442 441
738 441
441 438
438 435
733 435
732 435
435 433
433 432
729 432
728 432
432 431
431 430
430 425
727 425
425 423
423 421
421 420
725 420
420 418
722 418
418 417
720 417
718 417
417 416
715 416
416 415
713 415
711 415
415 412
710 412
707 412
412 410
705 410
704 410
410 408
703 408
700 408
408 404
404 400
699 400
400 399
698 399
399 398
694 398
693 398
398 397
397 394
394 393
692 393
689 393
393 392
685 392
392 391
684 391
683 391
391 390
682 390
390 388
388 387
674 387
387 386
386 385
673 385
672 385
385 383
665 383
383 382
664 382
382 380
661 380
660 380
380 379
379 377
658 377
377 374
374 373
656 373
373 371
371 370
652 370
370 366
650 366
649 366
366 364
647 364
364 363
643 363
363 362
362 360
360 357
641 357
357 356
356 355
639 355
355 354
638 354
354 353
637 353
353 352
636 352
635 352
352 351
631 351
351 349
630 349
349 348
629 348
348 347
627 347
347 345
624 345
345 344
620 344
344 342
619 342
618 342
342 340
340 339
616 339
339 338
615 338
614 338
338 337
337 336
611 336
336 335
610 335
608 335
335 332
332 330
330 328
328 326
326 320
603 320
320 319
599 319
319 318
318 317
598 317
594 317
317 315
590 315
315 314
314 313
313 310
589 310
310 308
308 307
588 307
586 307
307 306
585 306
306 305
305 304
584 304
581 304
304 303
580 303
574 303
303 302
570 302
568 302
302 301
567 301
301 299
565 299
560 299
299 297
297 296
559 296
557 296
296 293
555 293
293 291
291 290
552 290
550 290
290 288
547 288
542 288
288 287
539 287
287 286
536 286
286 282
533 282
529 282
282 281
528 281
281 279
524 279
519 279
279 278
278 277
517 277
516 277
277 274
515 274
513 274
274 273
273 272
511 272
272 270
270 269
269 267
509 267
504 267
267 266
502 266
499 266
266 265
498 265
497 265
265 264
494 264
264 262
492 262
262 261
491 261
261 260
490 260
260 259
489 259
259 257
487 257
484 257
257 256
481 256
474 256
256 255
255 254
254 253
473 253
253 252
471 252
252 250
469 250
467 250
250 249
249 247
247 246
466 246
246 245
465 245
245 244
244 243
462 243
243 242
461 242
242 241
460 241
459 241
241 239
456 239
239 237
453 237
237 235
235 234
451 234
234 232
450 232
447 232
232 230
446 230
445 230
230 229
440 229
439 229
229 225
437 225
225 224
436 224
434 224
224 223
223 222
429 222
428 222
222 220
220 219
427 219
426 219
219 217
424 217
217 216
422 216
216 215
215 214
419 214
214 213
213 212
212 210
414 210
210 209
413 209
209 207
207 205
411 205
409 205
205 204
204 203
407 203
203 201
406 201
201 200
405 200
200 198
198 196
403 196
196 195
402 195
195 194
401 194
396 194
194 193
395 193
389 193
193 192
384 192
192 190
381 190
378 190
190 189
376 189
189 184
375 184
372 184
184 183
369 183
183 181
368 181
367 181
181 180
365 180
361 180
180 179
359 179
358 179
179 178
350 178
346 178
178 177
343 177
177 176
341 176
176 175
334 175
333 175
175 174
331 174
174 173
329 173
173 172
327 172
325 172
172 170
324 170
323 170
170 169
169 167
322 167
167 166
166 161
321 161
161 158
316 158
158 156
312 156
311 156
156 154
309 154
154 151
300 151
298 151
151 149
295 149
294 149
149 147
292 147
147 145
289 145
285 145
145 143
143 142
142 141
284 141
141 140
283 140
280 140
140 139
276 139
275 139
139 135
271 135
135 134
268 134
263 134
134 133
133 132
258 132
251 132
132 131
131 130
248 130
240 130
130 128
128 126
126 125
238 125
125 124
124 123
236 123
123 121
121 120
120 119
233 119
231 119
119 118
228 118
227 118
118 114
226 114
114 111
221 111
218 111
111 110
211 110
110 107
208 107
107 103
206 103
103 102
102 101
101 99
202 99
99 96
199 96
96 95
197 95
95 93
191 93
93 91
188 91
187 91
91 90
186 90
90 88
185 88
182 88
88 86
171 86
86 85
85 84
84 83
83 81
168 81
165 81
81 79
164 79
79 78
163 78
78 76
162 76
76 75
75 74
74 73
160 73
73 72
159 72
157 72
72 71
155 71
153 71
71 70
70 67
152 67
150 67
67 66
148 66
146 66
66 65
65 64
144 64
64 63
138 63
63 62
62 60
137 60
136 60
60 58
129 58
58 55
55 54
127 54
54 53
122 53
53 50
117 50
50 49
116 49
115 49
49 48
113 48
112 48
48 47
47 46
46 45
109 45
45 44
108 44
44 41
106 41
41 40
105 40
104 40
40 38
100 38
38 37
98 37
37 36
97 36
36 35
94 35
92 35
35 32
89 32
87 32
32 31
31 30
82 30
80 30
30 29
29 28
28 27
77 27
69 27
27 26
68 26
61 26
26 24
59 24
24 23
57 23
23 19
56 19
19 16
52 16
51 16
16 15
43 15
15 13
42 13
39 13
13 12
34 12
12 10
33 10
25 10
10 8
22 8
21 8
8 7
20 7
7 5
18 5
17 5
5 4
4 3
14 3
3 2
11 2
2 1
9 1
6 1
1 0
