9052
9991 9990
9990 9985
9989 9985
9988 9985
9987 9985
9986 9985
9984 9985
9983 9985
9981 9985
9985 9982
9980 9982
9979 9982
9978 9982
9977 9982
9976 9982
9975 9982
9974 9982
9973 9982
9972 9982
9971 9982
9982 9967
9970 9967
9969 9967
9968 9967
9966 9967
9965 9967
9964 9967
9963 9967
9962 9967
9961 9967
9960 9967
9967 9945
9959 9945
9958 9945
9957 9945
9956 9945
9955 9945
9954 9945
9953 9945
9952 9945
9945 9926
9951 9926
9950 9926
9949 9926
9948 9926
9947 9926
9946 9926
9944 9926
9943 9926
9942 9926
9941 9926
9926 9911
9940 9911
9939 9911
9938 9911
9937 9911
9936 9911
9935 9911
9934 9911
9933 9911
9911 9909
9932 9909
9931 9909
9930 9909
9929 9909
9928 9909
9927 9909
9925 9909
9924 9909
9923 9909
9922 9909
9909 9893
9921 9893
9920 9893
9919 9893
9918 9893
9917 9893
9916 9893
9915 9893
9914 9893
9913 9893
9912 9893
9893 9888
9910 9888
9908 9888
9907 9888
9906 9888
9905 9888
9904 9888
9903 9888
9902 9888
9901 9888
9888 9879
9900 9879
9899 9879
9898 9879
9897 9879
9896 9879
9895 9879
9894 9879
9892 9879
9891 9879
9890 9879
9879 9857
9889 9857
9887 9857
9886 9857
9885 9857
9884 9857
9883 9857
9882 9857
9881 9857
9880 9857
9878 9857
9857 9820
9877 9820
9876 9820
9875 9820
9874 9820
9873 9820
9872 9820
9871 9820
9870 9820
9869 9820
9820 9761
9868 9761
9867 9761
9866 9761
9865 9761
9864 9761
9863 9761
9862 9761
9861 9761
9860 9761
9761 9750
9859 9750
9858 9750
9856 9750
9855 9750
9854 9750
9853 9750
9852 9750
9851 9750
9850 9750
9750 9742
9849 9742
9848 9742
9847 9742
9846 9742
9845 9742
9844 9742
9843 9742
9842 9742
9841 9742
9742 9738
9840 9738
9839 9738
9838 9738
9837 9738
9836 9738
9835 9738
9834 9738
9833 9738
9832 9738
9738 9732
9831 9732
9830 9732
9829 9732
9828 9732
9827 9732
9826 9732
9825 9732
9824 9732
9823 9732
9822 9732
9732 9708
9821 9708
9819 9708
9818 9708
9817 9708
9816 9708
9815 9708
9814 9708
9813 9708
9812 9708
9811 9708
9708 9706
9810 9706
9809 9706
9808 9706
9807 9706
9806 9706
9805 9706
9804 9706
9803 9706
9802 9706
9706 9662
9801 9662
9800 9662
9799 9662
9798 9662
9797 9662
9796 9662
9795 9662
9662 9634
9794 9634
9793 9634
9792 9634
9791 9634
9790 9634
9789 9634
9788 9634
9787 9634
9786 9634
9785 9634
9634 9633
9784 9633
9783 9633
9782 9633
9781 9633
9780 9633
9779 9633
9778 9633
9777 9633
9776 9633
9633 9627
9775 9627
9774 9627
9773 9627
9772 9627
9771 9627
9770 9627
9769 9627
9768 9627
9767 9627
9627 9613
9766 9613
9765 9613
9764 9613
9763 9613
9762 9613
9760 9613
9759 9613
9758 9613
9613 9606
9757 9606
9756 9606
9755 9606
9754 9606
9753 9606
9752 9606
9751 9606
9749 9606
9748 9606
9606 9541
9747 9541
9746 9541
9745 9541
9744 9541
9743 9541
9741 9541
9740 9541
9739 9541
9737 9541
9736 9541
9541 9534
9735 9534
9734 9534
9733 9534
9731 9534
9730 9534
9729 9534
9728 9534
9727 9534
9726 9534
9534 9496
9725 9496
9724 9496
9723 9496
9722 9496
9721 9496
9720 9496
9719 9496
9718 9496
9496 9488
9717 9488
9716 9488
9715 9488
9714 9488
9713 9488
9712 9488
9711 9488
9710 9488
9709 9488
9707 9488
9488 9487
9705 9487
9704 9487
9703 9487
9702 9487
9701 9487
9700 9487
9699 9487
9698 9487
9697 9487
9696 9487
9487 9465
9695 9465
9694 9465
9693 9465
9692 9465
9691 9465
9690 9465
9689 9465
9688 9465
9687 9465
9465 9441
9686 9441
9685 9441
9684 9441
9683 9441
9682 9441
9681 9441
9680 9441
9679 9441
9678 9441
9677 9441
9441 9391
9676 9391
9675 9391
9674 9391
9673 9391
9672 9391
9671 9391
9670 9391
9669 9391
9668 9391
9391 9389
9667 9389
9666 9389
9665 9389
9664 9389
9663 9389
9661 9389
9660 9389
9659 9389
9389 9356
9658 9356
9657 9356
9656 9356
9655 9356
9654 9356
9653 9356
9356 9348
9652 9348
9651 9348
9650 9348
9649 9348
9648 9348
9647 9348
9646 9348
9645 9348
9644 9348
9643 9348
9348 9313
9642 9313
9641 9313
9640 9313
9639 9313
9638 9313
9637 9313
9636 9313
9635 9313
9632 9313
9631 9313
9313 9268
9630 9268
9629 9268
9628 9268
9626 9268
9625 9268
9624 9268
9623 9268
9622 9268
9621 9268
9268 9246
9620 9246
9619 9246
9618 9246
9617 9246
9616 9246
9615 9246
9614 9246
9612 9246
9611 9246
9610 9246
9246 9237
9609 9237
9608 9237
9607 9237
9605 9237
9604 9237
9603 9237
9602 9237
9601 9237
9600 9237
9599 9237
9598 9237
9237 9226
9597 9226
9596 9226
9595 9226
9594 9226
9593 9226
9592 9226
9591 9226
9590 9226
9589 9226
9226 9223
9588 9223
9587 9223
9586 9223
9585 9223
9584 9223
9583 9223
9582 9223
9581 9223
9223 9219
9580 9219
9579 9219
9578 9219
9577 9219
9576 9219
9575 9219
9574 9219
9573 9219
9572 9219
9571 9219
9219 9209
9570 9209
9569 9209
9568 9209
9567 9209
9566 9209
9565 9209
9564 9209
9563 9209
9209 9178
9562 9178
9561 9178
9560 9178
9559 9178
9558 9178
9557 9178
9556 9178
9555 9178
9554 9178
9553 9178
9552 9178
9178 9163
9551 9163
9550 9163
9549 9163
9548 9163
9547 9163
9546 9163
9545 9163
9544 9163
9543 9163
9163 9118
9542 9118
9540 9118
9539 9118
9538 9118
9537 9118
9536 9118
9535 9118
9533 9118
9118 9116
9532 9116
9531 9116
9530 9116
9529 9116
9528 9116
9527 9116
9526 9116
9525 9116
9524 9116
9523 9116
9116 9115
9522 9115
9521 9115
9520 9115
9519 9115
9518 9115
9517 9115
9516 9115
9515 9115
9514 9115
9513 9115
9512 9115
9115 9112
9511 9112
9510 9112
9509 9112
9508 9112
9507 9112
9506 9112
9505 9112
9504 9112
9503 9112
9502 9112
9501 9112
9112 9108
9500 9108
9499 9108
9498 9108
9497 9108
9495 9108
9494 9108
9493 9108
9492 9108
9491 9108
9108 9099
9490 9099
9489 9099
9486 9099
9485 9099
9484 9099
9483 9099
9482 9099
9481 9099
9480 9099
9479 9099
9478 9099
9099 9047
9477 9047
9476 9047
9475 9047
9474 9047
9473 9047
9472 9047
9471 9047
9470 9047
9469 9047
9047 9032
9468 9032
9467 9032
9466 9032
9464 9032
9463 9032
9462 9032
9461 9032
9460 9032
9459 9032
9032 9030
9458 9030
9457 9030
9456 9030
9455 9030
9454 9030
9453 9030
9452 9030
9451 9030
9450 9030
9030 9024
9449 9024
9448 9024
9447 9024
9446 9024
9445 9024
9444 9024
9443 9024
9442 9024
9440 9024
9024 9017
9439 9017
9438 9017
9437 9017
9436 9017
9435 9017
9434 9017
9433 9017
9432 9017
9431 9017
9430 9017
9429 9017
9017 9016
9428 9016
9427 9016
9426 9016
9425 9016
9424 9016
9423 9016
9422 9016
9421 9016
9016 9004
9420 9004
9419 9004
9418 9004
9417 9004
9416 9004
9415 9004
9414 9004
9413 9004
9412 9004
9411 9004
9410 9004
9004 8996
9409 8996
9408 8996
9407 8996
9406 8996
9405 8996
9404 8996
9403 8996
9402 8996
9401 8996
9400 8996
8996 8984
9399 8984
9398 8984
9397 8984
9396 8984
9395 8984
9394 8984
9393 8984
9392 8984
8984 8970
9390 8970
9388 8970
9387 8970
9386 8970
9385 8970
9384 8970
9383 8970
9382 8970
8970 8956
9381 8956
9380 8956
9379 8956
9378 8956
9377 8956
9376 8956
9375 8956
9374 8956
9373 8956
9372 8956
9371 8956
8956 8953
9370 8953
9369 8953
9368 8953
9367 8953
9366 8953
9365 8953
9364 8953
9363 8953
9362 8953
9361 8953
9360 8953
8953 8933
9359 8933
9358 8933
9357 8933
9355 8933
9354 8933
9353 8933
9352 8933
9351 8933
9350 8933
9349 8933
8933 8904
9347 8904
9346 8904
9345 8904
9344 8904
9343 8904
9342 8904
9341 8904
9340 8904
9339 8904
8904 8896
9338 8896
9337 8896
9336 8896
9335 8896
9334 8896
9333 8896
9332 8896
9331 8896
8896 8877
9330 8877
9329 8877
9328 8877
9327 8877
9326 8877
9325 8877
8877 8874
9324 8874
9323 8874
9322 8874
9321 8874
9320 8874
9319 8874
9318 8874
9317 8874
9316 8874
9315 8874
9314 8874
8874 8861
9312 8861
9311 8861
9310 8861
9309 8861
9308 8861
9307 8861
9306 8861
9305 8861
9304 8861
9303 8861
8861 8857
9302 8857
9301 8857
9300 8857
9299 8857
9298 8857
9297 8857
9296 8857
9295 8857
9294 8857
9293 8857
8857 8855
9292 8855
9291 8855
9290 8855
9289 8855
9288 8855
9287 8855
9286 8855
9285 8855
9284 8855
9283 8855
9282 8855
8855 8848
9281 8848
9280 8848
9279 8848
9278 8848
9277 8848
9276 8848
9275 8848
9274 8848
9273 8848
9272 8848
9271 8848
8848 8839
9270 8839
9269 8839
9267 8839
9266 8839
9265 8839
9264 8839
9263 8839
9262 8839
9261 8839
9260 8839
9259 8839
8839 8834
9258 8834
9257 8834
9256 8834
9255 8834
9254 8834
9253 8834
9252 8834
9251 8834
9250 8834
9249 8834
8834 8831
9248 8831
9247 8831
9245 8831
9244 8831
9243 8831
9242 8831
9241 8831
9240 8831
9239 8831
9238 8831
9236 8831
8831 8830
9235 8830
9234 8830
9233 8830
9232 8830
9231 8830
9230 8830
9229 8830
9228 8830
9227 8830
9225 8830
8830 8808
9224 8808
9222 8808
9221 8808
9220 8808
9218 8808
9217 8808
9216 8808
9215 8808
8808 8770
9214 8770
9213 8770
9212 8770
9211 8770
9210 8770
9208 8770
9207 8770
9206 8770
9205 8770
8770 8756
9204 8756
9203 8756
9202 8756
9201 8756
9200 8756
9199 8756
9198 8756
9197 8756
9196 8756
9195 8756
9194 8756
8756 8748
9193 8748
9192 8748
9191 8748
9190 8748
9189 8748
9188 8748
9187 8748
9186 8748
9185 8748
9184 8748
9183 8748
8748 8736
9182 8736
9181 8736
9180 8736
9179 8736
9177 8736
9176 8736
9175 8736
9174 8736
9173 8736
9172 8736
8736 8689
9171 8689
9170 8689
9169 8689
9168 8689
9167 8689
9166 8689
9165 8689
9164 8689
9162 8689
9161 8689
9160 8689
8689 8685
9159 8685
9158 8685
9157 8685
9156 8685
9155 8685
9154 8685
9153 8685
9152 8685
9151 8685
9150 8685
9149 8685
8685 8657
9148 8657
9147 8657
9146 8657
9145 8657
9144 8657
9143 8657
9142 8657
9141 8657
9140 8657
9139 8657
9138 8657
8657 8651
9137 8651
9136 8651
9135 8651
9134 8651
9133 8651
9132 8651
9131 8651
9130 8651
9129 8651
9128 8651
9127 8651
8651 8646
9126 8646
9125 8646
9124 8646
9123 8646
9122 8646
9121 8646
9120 8646
9119 8646
9117 8646
8646 8623
9114 8623
9113 8623
9111 8623
9110 8623
9109 8623
9107 8623
9106 8623
9105 8623
9104 8623
9103 8623
8623 8618
9102 8618
9101 8618
9100 8618
9098 8618
9097 8618
9096 8618
9095 8618
9094 8618
9093 8618
9092 8618
8618 8608
9091 8608
9090 8608
9089 8608
9088 8608
9087 8608
9086 8608
9085 8608
9084 8608
8608 8601
9083 8601
9082 8601
9081 8601
9080 8601
9079 8601
9078 8601
9077 8601
9076 8601
9075 8601
9074 8601
8601 8596
9073 8596
9072 8596
9071 8596
9070 8596
9069 8596
9068 8596
9067 8596
9066 8596
9065 8596
9064 8596
8596 8595
9063 8595
9062 8595
9061 8595
9060 8595
9059 8595
9058 8595
9057 8595
9056 8595
9055 8595
9054 8595
9053 8595
8595 8592
9052 8592
9051 8592
9050 8592
9049 8592
9048 8592
9046 8592
8592 8582
9045 8582
9044 8582
9043 8582
9042 8582
9041 8582
9040 8582
9039 8582
9038 8582
9037 8582
9036 8582
8582 8579
9035 8579
9034 8579
9033 8579
9031 8579
9029 8579
9028 8579
9027 8579
9026 8579
9025 8579
9023 8579
9022 8579
8579 8548
9021 8548
9020 8548
9019 8548
9018 8548
9015 8548
9014 8548
9013 8548
9012 8548
9011 8548
9010 8548
8548 8534
9009 8534
9008 8534
9007 8534
9006 8534
9005 8534
9003 8534
9002 8534
9001 8534
9000 8534
8999 8534
8534 8532
8998 8532
8997 8532
8995 8532
8994 8532
8993 8532
8992 8532
8991 8532
8990 8532
8989 8532
8988 8532
8987 8532
8532 8531
8986 8531
8985 8531
8983 8531
8982 8531
8981 8531
8980 8531
8979 8531
8531 8508
8978 8508
8977 8508
8976 8508
8975 8508
8974 8508
8973 8508
8972 8508
8971 8508
8969 8508
8968 8508
8967 8508
8508 8497
8966 8497
8965 8497
8964 8497
8963 8497
8962 8497
8961 8497
8960 8497
8959 8497
8958 8497
8957 8497
8955 8497
8497 8495
8954 8495
8952 8495
8951 8495
8950 8495
8949 8495
8948 8495
8947 8495
8946 8495
8945 8495
8944 8495
8943 8495
8495 8477
8942 8477
8941 8477
8940 8477
8939 8477
8938 8477
8937 8477
8477 8470
8936 8470
8935 8470
8934 8470
8932 8470
8931 8470
8930 8470
8929 8470
8928 8470
8927 8470
8470 8465
8926 8465
8925 8465
8924 8465
8923 8465
8922 8465
8921 8465
8920 8465
8919 8465
8918 8465
8465 8464
8917 8464
8916 8464
8915 8464
8914 8464
8913 8464
8912 8464
8911 8464
8910 8464
8909 8464
8908 8464
8464 8443
8907 8443
8906 8443
8905 8443
8903 8443
8902 8443
8901 8443
8900 8443
8899 8443
8898 8443
8443 8438
8897 8438
8895 8438
8894 8438
8893 8438
8892 8438
8891 8438
8890 8438
8889 8438
8888 8438
8887 8438
8886 8438
8438 8419
8885 8419
8884 8419
8883 8419
8882 8419
8881 8419
8880 8419
8419 8416
8879 8416
8878 8416
8876 8416
8875 8416
8873 8416
8872 8416
8871 8416
8870 8416
8869 8416
8868 8416
8416 8413
8867 8413
8866 8413
8865 8413
8864 8413
8863 8413
8862 8413
8860 8413
8859 8413
8413 8407
8858 8407
8856 8407
8854 8407
8853 8407
8852 8407
8851 8407
8850 8407
8849 8407
8847 8407
8846 8407
8407 8406
8845 8406
8844 8406
8843 8406
8842 8406
8841 8406
8840 8406
8838 8406
8837 8406
8836 8406
8835 8406
8406 8400
8833 8400
8832 8400
8829 8400
8828 8400
8827 8400
8826 8400
8825 8400
8824 8400
8823 8400
8822 8400
8400 8399
8821 8399
8820 8399
8819 8399
8818 8399
8817 8399
8816 8399
8815 8399
8814 8399
8813 8399
8812 8399
8811 8399
8399 8376
8810 8376
8809 8376
8807 8376
8806 8376
8805 8376
8804 8376
8803 8376
8802 8376
8801 8376
8800 8376
8799 8376
8376 8364
8798 8364
8797 8364
8796 8364
8795 8364
8794 8364
8793 8364
8792 8364
8791 8364
8790 8364
8789 8364
8788 8364
8364 8362
8787 8362
8786 8362
8785 8362
8784 8362
8783 8362
8782 8362
8781 8362
8780 8362
8362 8361
8779 8361
8778 8361
8777 8361
8776 8361
8775 8361
8774 8361
8361 8309
8773 8309
8772 8309
8771 8309
8769 8309
8768 8309
8767 8309
8766 8309
8765 8309
8764 8309
8763 8309
8762 8309
8309 8304
8761 8304
8760 8304
8759 8304
8758 8304
8757 8304
8755 8304
8754 8304
8753 8304
8752 8304
8751 8304
8750 8304
8304 8294
8749 8294
8747 8294
8746 8294
8745 8294
8744 8294
8743 8294
8742 8294
8741 8294
8740 8294
8739 8294
8738 8294
8294 8273
8737 8273
8735 8273
8734 8273
8733 8273
8732 8273
8731 8273
8730 8273
8729 8273
8728 8273
8727 8273
8273 8271
8726 8271
8725 8271
8724 8271
8723 8271
8722 8271
8721 8271
8720 8271
8719 8271
8718 8271
8717 8271
8271 8265
8716 8265
8715 8265
8714 8265
8713 8265
8712 8265
8711 8265
8710 8265
8709 8265
8708 8265
8707 8265
8706 8265
8265 8264
8705 8264
8704 8264
8703 8264
8702 8264
8701 8264
8700 8264
8699 8264
8698 8264
8697 8264
8696 8264
8264 8245
8695 8245
8694 8245
8693 8245
8692 8245
8691 8245
8690 8245
8688 8245
8687 8245
8686 8245
8684 8245
8683 8245
8245 8243
8682 8243
8681 8243
8680 8243
8679 8243
8678 8243
8677 8243
8676 8243
8675 8243
8243 8229
8674 8229
8673 8229
8672 8229
8671 8229
8670 8229
8669 8229
8668 8229
8667 8229
8666 8229
8665 8229
8664 8229
8229 8224
8663 8224
8662 8224
8661 8224
8660 8224
8659 8224
8658 8224
8656 8224
8655 8224
8654 8224
8653 8224
8224 8212
8652 8212
8650 8212
8649 8212
8648 8212
8647 8212
8645 8212
8644 8212
8643 8212
8642 8212
8641 8212
8640 8212
8212 8206
8639 8206
8638 8206
8637 8206
8636 8206
8635 8206
8634 8206
8633 8206
8632 8206
8631 8206
8630 8206
8206 8201
8629 8201
8628 8201
8627 8201
8626 8201
8625 8201
8624 8201
8622 8201
8621 8201
8620 8201
8201 8200
8619 8200
8617 8200
8616 8200
8615 8200
8614 8200
8613 8200
8612 8200
8200 8197
8611 8197
8610 8197
8609 8197
8607 8197
8606 8197
8605 8197
8604 8197
8603 8197
8602 8197
8197 8193
8600 8193
8599 8193
8598 8193
8597 8193
8594 8193
8593 8193
8591 8193
8590 8193
8193 8169
8589 8169
8588 8169
8587 8169
8586 8169
8585 8169
8584 8169
8583 8169
8581 8169
8169 8131
8580 8131
8578 8131
8577 8131
8576 8131
8575 8131
8574 8131
8573 8131
8572 8131
8571 8131
8570 8131
8131 8123
8569 8123
8568 8123
8567 8123
8566 8123
8565 8123
8564 8123
8563 8123
8562 8123
8561 8123
8560 8123
8559 8123
8123 8116
8558 8116
8557 8116
8556 8116
8555 8116
8554 8116
8553 8116
8552 8116
8551 8116
8550 8116
8549 8116
8547 8116
8116 8111
8546 8111
8545 8111
8544 8111
8543 8111
8542 8111
8541 8111
8540 8111
8539 8111
8111 8101
8538 8101
8537 8101
8536 8101
8535 8101
8533 8101
8101 8100
8530 8100
8529 8100
8528 8100
8527 8100
8526 8100
8525 8100
8524 8100
8523 8100
8522 8100
8521 8100
8520 8100
8100 8093
8519 8093
8518 8093
8517 8093
8516 8093
8515 8093
8514 8093
8513 8093
8512 8093
8511 8093
8510 8093
8509 8093
8093 8088
8507 8088
8506 8088
8505 8088
8504 8088
8503 8088
8502 8088
8501 8088
8500 8088
8499 8088
8498 8088
8496 8088
8088 8087
8494 8087
8493 8087
8492 8087
8491 8087
8490 8087
8489 8087
8488 8087
8487 8087
8486 8087
8485 8087
8087 8077
8484 8077
8483 8077
8482 8077
8481 8077
8480 8077
8479 8077
8077 8073
8478 8073
8476 8073
8475 8073
8474 8073
8473 8073
8472 8073
8471 8073
8469 8073
8468 8073
8467 8073
8073 8072
8466 8072
8463 8072
8462 8072
8461 8072
8460 8072
8459 8072
8458 8072
8457 8072
8456 8072
8455 8072
8454 8072
8072 8046
8453 8046
8452 8046
8451 8046
8450 8046
8449 8046
8448 8046
8447 8046
8046 8045
8446 8045
8445 8045
8444 8045
8442 8045
8441 8045
8440 8045
8439 8045
8437 8045
8436 8045
8045 8031
8435 8031
8434 8031
8433 8031
8432 8031
8431 8031
8430 8031
8429 8031
8031 8030
8428 8030
8427 8030
8426 8030
8425 8030
8424 8030
8423 8030
8422 8030
8421 8030
8420 8030
8418 8030
8030 8028
8417 8028
8415 8028
8414 8028
8412 8028
8411 8028
8410 8028
8409 8028
8408 8028
8405 8028
8404 8028
8028 8023
8403 8023
8402 8023
8401 8023
8398 8023
8397 8023
8396 8023
8395 8023
8394 8023
8393 8023
8392 8023
8023 8020
8391 8020
8390 8020
8389 8020
8388 8020
8387 8020
8386 8020
8385 8020
8384 8020
8383 8020
8382 8020
8381 8020
8020 8018
8380 8018
8379 8018
8378 8018
8377 8018
8375 8018
8374 8018
8373 8018
8372 8018
8371 8018
8370 8018
8369 8018
8018 8010
8368 8010
8367 8010
8366 8010
8365 8010
8363 8010
8360 8010
8359 8010
8358 8010
8357 8010
8356 8010
8010 7998
8355 7998
8354 7998
8353 7998
8352 7998
8351 7998
8350 7998
8349 7998
8348 7998
8347 7998
8346 7998
8345 7998
7998 7975
8344 7975
8343 7975
8342 7975
8341 7975
8340 7975
8339 7975
8338 7975
8337 7975
8336 7975
8335 7975
7975 7940
8334 7940
8333 7940
8332 7940
8331 7940
8330 7940
8329 7940
8328 7940
8327 7940
7940 7917
8326 7917
8325 7917
8324 7917
8323 7917
8322 7917
8321 7917
8320 7917
8319 7917
7917 7895
8318 7895
8317 7895
8316 7895
8315 7895
8314 7895
8313 7895
7895 7893
8312 7893
8311 7893
8310 7893
8308 7893
8307 7893
8306 7893
8305 7893
7893 7883
8303 7883
8302 7883
8301 7883
8300 7883
8299 7883
8298 7883
8297 7883
8296 7883
8295 7883
8293 7883
7883 7868
8292 7868
8291 7868
8290 7868
8289 7868
8288 7868
8287 7868
8286 7868
8285 7868
8284 7868
8283 7868
7868 7865
8282 7865
8281 7865
8280 7865
8279 7865
8278 7865
8277 7865
8276 7865
8275 7865
8274 7865
7865 7847
8272 7847
8270 7847
8269 7847
8268 7847
8267 7847
8266 7847
8263 7847
8262 7847
8261 7847
8260 7847
7847 7845
8259 7845
8258 7845
8257 7845
8256 7845
8255 7845
8254 7845
8253 7845
8252 7845
8251 7845
8250 7845
7845 7836
8249 7836
8248 7836
8247 7836
8246 7836
8244 7836
8242 7836
8241 7836
8240 7836
8239 7836
8238 7836
8237 7836
7836 7829
8236 7829
8235 7829
8234 7829
8233 7829
8232 7829
8231 7829
8230 7829
8228 7829
8227 7829
7829 7824
8226 7824
8225 7824
8223 7824
8222 7824
8221 7824
8220 7824
8219 7824
8218 7824
7824 7795
8217 7795
8216 7795
8215 7795
8214 7795
8213 7795
8211 7795
8210 7795
8209 7795
8208 7795
8207 7795
8205 7795
7795 7791
8204 7791
8203 7791
8202 7791
8199 7791
8198 7791
8196 7791
8195 7791
8194 7791
8192 7791
8191 7791
7791 7783
8190 7783
8189 7783
8188 7783
8187 7783
8186 7783
8185 7783
8184 7783
8183 7783
8182 7783
8181 7783
8180 7783
7783 7752
8179 7752
8178 7752
8177 7752
8176 7752
8175 7752
8174 7752
8173 7752
8172 7752
8171 7752
8170 7752
8168 7752
7752 7747
8167 7747
8166 7747
8165 7747
8164 7747
8163 7747
8162 7747
8161 7747
8160 7747
8159 7747
8158 7747
8157 7747
7747 7738
8156 7738
8155 7738
8154 7738
8153 7738
8152 7738
8151 7738
8150 7738
8149 7738
8148 7738
8147 7738
7738 7729
8146 7729
8145 7729
8144 7729
8143 7729
8142 7729
8141 7729
8140 7729
8139 7729
8138 7729
8137 7729
7729 7716
8136 7716
8135 7716
8134 7716
8133 7716
8132 7716
8130 7716
8129 7716
8128 7716
8127 7716
7716 7702
8126 7702
8125 7702
8124 7702
8122 7702
8121 7702
8120 7702
8119 7702
8118 7702
8117 7702
8115 7702
7702 7700
8114 7700
8113 7700
8112 7700
8110 7700
8109 7700
8108 7700
8107 7700
8106 7700
8105 7700
8104 7700
7700 7695
8103 7695
8102 7695
8099 7695
8098 7695
8097 7695
8096 7695
8095 7695
8094 7695
8092 7695
8091 7695
8090 7695
7695 7687
8089 7687
8086 7687
8085 7687
8084 7687
8083 7687
8082 7687
8081 7687
8080 7687
8079 7687
8078 7687
7687 7681
8076 7681
8075 7681
8074 7681
8071 7681
8070 7681
8069 7681
8068 7681
8067 7681
8066 7681
8065 7681
7681 7661
8064 7661
8063 7661
8062 7661
8061 7661
8060 7661
8059 7661
8058 7661
8057 7661
7661 7660
8056 7660
8055 7660
8054 7660
8053 7660
8052 7660
8051 7660
8050 7660
8049 7660
8048 7660
8047 7660
7660 7652
8044 7652
8043 7652
8042 7652
8041 7652
8040 7652
8039 7652
8038 7652
8037 7652
8036 7652
8035 7652
8034 7652
7652 7637
8033 7637
8032 7637
8029 7637
8027 7637
8026 7637
8025 7637
8024 7637
8022 7637
8021 7637
7637 7628
8019 7628
8017 7628
8016 7628
8015 7628
8014 7628
8013 7628
8012 7628
8011 7628
8009 7628
7628 7604
8008 7604
8007 7604
8006 7604
8005 7604
8004 7604
8003 7604
8002 7604
8001 7604
8000 7604
7999 7604
7997 7604
7604 7593
7996 7593
7995 7593
7994 7593
7993 7593
7992 7593
7991 7593
7990 7593
7989 7593
7988 7593
7987 7593
7986 7593
7593 7576
7985 7576
7984 7576
7983 7576
7982 7576
7981 7576
7980 7576
7979 7576
7978 7576
7977 7576
7976 7576
7576 7561
7974 7561
7973 7561
7972 7561
7971 7561
7970 7561
7969 7561
7968 7561
7967 7561
7966 7561
7965 7561
7561 7547
7964 7547
7963 7547
7962 7547
7961 7547
7960 7547
7959 7547
7958 7547
7957 7547
7956 7547
7955 7547
7954 7547
7547 7531
7953 7531
7952 7531
7951 7531
7950 7531
7949 7531
7948 7531
7947 7531
7531 7527
7946 7527
7945 7527
7944 7527
7943 7527
7942 7527
7941 7527
7939 7527
7938 7527
7937 7527
7936 7527
7935 7527
7527 7524
7934 7524
7933 7524
7932 7524
7931 7524
7930 7524
7929 7524
7928 7524
7927 7524
7524 7523
7926 7523
7925 7523
7924 7523
7923 7523
7922 7523
7921 7523
7920 7523
7919 7523
7523 7522
7918 7522
7916 7522
7915 7522
7914 7522
7913 7522
7912 7522
7911 7522
7910 7522
7909 7522
7522 7521
7908 7521
7907 7521
7906 7521
7905 7521
7904 7521
7903 7521
7902 7521
7901 7521
7900 7521
7899 7521
7521 7488
7898 7488
7897 7488
7896 7488
7894 7488
7892 7488
7891 7488
7890 7488
7889 7488
7488 7460
7888 7460
7887 7460
7886 7460
7885 7460
7884 7460
7882 7460
7881 7460
7880 7460
7879 7460
7878 7460
7877 7460
7460 7458
7876 7458
7875 7458
7874 7458
7873 7458
7872 7458
7871 7458
7870 7458
7869 7458
7867 7458
7458 7457
7866 7457
7864 7457
7863 7457
7862 7457
7861 7457
7860 7457
7859 7457
7858 7457
7857 7457
7856 7457
7457 7450
7855 7450
7854 7450
7853 7450
7852 7450
7851 7450
7850 7450
7849 7450
7450 7438
7848 7438
7846 7438
7844 7438
7843 7438
7842 7438
7841 7438
7840 7438
7839 7438
7838 7438
7438 7419
7837 7419
7835 7419
7834 7419
7833 7419
7832 7419
7831 7419
7830 7419
7419 7377
7828 7377
7827 7377
7826 7377
7825 7377
7823 7377
7822 7377
7821 7377
7820 7377
7819 7377
7818 7377
7817 7377
7377 7372
7816 7372
7815 7372
7814 7372
7813 7372
7812 7372
7811 7372
7810 7372
7809 7372
7808 7372
7807 7372
7806 7372
7372 7370
7805 7370
7804 7370
7803 7370
7802 7370
7801 7370
7800 7370
7370 7368
7799 7368
7798 7368
7797 7368
7796 7368
7794 7368
7793 7368
7792 7368
7790 7368
7789 7368
7368 7340
7788 7340
7787 7340
7786 7340
7785 7340
7784 7340
7782 7340
7781 7340
7780 7340
7779 7340
7340 7335
7778 7335
7777 7335
7776 7335
7775 7335
7774 7335
7773 7335
7772 7335
7771 7335
7770 7335
7335 7319
7769 7319
7768 7319
7767 7319
7766 7319
7765 7319
7764 7319
7763 7319
7762 7319
7761 7319
7760 7319
7759 7319
7319 7303
7758 7303
7757 7303
7756 7303
7755 7303
7754 7303
7753 7303
7751 7303
7750 7303
7749 7303
7748 7303
7746 7303
7303 7297
7745 7297
7744 7297
7743 7297
7742 7297
7741 7297
7740 7297
7739 7297
7737 7297
7736 7297
7735 7297
7734 7297
7297 7292
7733 7292
7732 7292
7731 7292
7730 7292
7728 7292
7727 7292
7726 7292
7725 7292
7724 7292
7723 7292
7292 7285
7722 7285
7721 7285
7720 7285
7719 7285
7718 7285
7717 7285
7715 7285
7714 7285
7713 7285
7712 7285
7711 7285
7285 7278
7710 7278
7709 7278
7708 7278
7707 7278
7706 7278
7705 7278
7704 7278
7703 7278
7701 7278
7278 7268
7699 7268
7698 7268
7697 7268
7696 7268
7694 7268
7693 7268
7692 7268
7691 7268
7690 7268
7268 7265
7689 7265
7688 7265
7686 7265
7685 7265
7684 7265
7683 7265
7682 7265
7680 7265
7679 7265
7678 7265
7265 7259
7677 7259
7676 7259
7675 7259
7674 7259
7673 7259
7672 7259
7671 7259
7670 7259
7669 7259
7668 7259
7667 7259
7259 7240
7666 7240
7665 7240
7664 7240
7663 7240
7662 7240
7659 7240
7658 7240
7657 7240
7656 7240
7240 7231
7655 7231
7654 7231
7653 7231
7651 7231
7650 7231
7649 7231
7648 7231
7647 7231
7646 7231
7231 7223
7645 7223
7644 7223
7643 7223
7642 7223
7641 7223
7640 7223
7639 7223
7638 7223
7223 7217
7636 7217
7635 7217
7634 7217
7633 7217
7632 7217
7631 7217
7630 7217
7629 7217
7627 7217
7626 7217
7625 7217
7217 7207
7624 7207
7623 7207
7622 7207
7621 7207
7620 7207
7619 7207
7618 7207
7617 7207
7616 7207
7615 7207
7614 7207
7207 7202
7613 7202
7612 7202
7611 7202
7610 7202
7609 7202
7608 7202
7607 7202
7606 7202
7605 7202
7202 7193
7603 7193
7602 7193
7601 7193
7600 7193
7599 7193
7598 7193
7597 7193
7596 7193
7595 7193
7594 7193
7193 7187
7592 7187
7591 7187
7590 7187
7589 7187
7588 7187
7587 7187
7586 7187
7585 7187
7584 7187
7187 7180
7583 7180
7582 7180
7581 7180
7580 7180
7579 7180
7578 7180
7577 7180
7575 7180
7574 7180
7573 7180
7180 7179
7572 7179
7571 7179
7570 7179
7569 7179
7568 7179
7567 7179
7566 7179
7565 7179
7564 7179
7179 7175
7563 7175
7562 7175
7560 7175
7559 7175
7558 7175
7557 7175
7556 7175
7555 7175
7554 7175
7553 7175
7175 7173
7552 7173
7551 7173
7550 7173
7549 7173
7548 7173
7546 7173
7545 7173
7544 7173
7543 7173
7542 7173
7541 7173
7173 7162
7540 7162
7539 7162
7538 7162
7537 7162
7536 7162
7535 7162
7534 7162
7533 7162
7532 7162
7530 7162
7529 7162
7162 7152
7528 7152
7526 7152
7525 7152
7520 7152
7519 7152
7518 7152
7517 7152
7516 7152
7515 7152
7514 7152
7513 7152
7152 7148
7512 7148
7511 7148
7510 7148
7509 7148
7508 7148
7507 7148
7506 7148
7505 7148
7504 7148
7503 7148
7148 7146
7502 7146
7501 7146
7500 7146
7499 7146
7498 7146
7497 7146
7496 7146
7495 7146
7494 7146
7493 7146
7492 7146
7146 7124
7491 7124
7490 7124
7489 7124
7487 7124
7486 7124
7485 7124
7484 7124
7483 7124
7482 7124
7481 7124
7480 7124
7124 7114
7479 7114
7478 7114
7477 7114
7476 7114
7475 7114
7474 7114
7473 7114
7472 7114
7471 7114
7470 7114
7469 7114
7114 7106
7468 7106
7467 7106
7466 7106
7465 7106
7464 7106
7463 7106
7462 7106
7461 7106
7459 7106
7456 7106
7106 7089
7455 7089
7454 7089
7453 7089
7452 7089
7451 7089
7449 7089
7448 7089
7447 7089
7446 7089
7445 7089
7444 7089
7089 7078
7443 7078
7442 7078
7441 7078
7440 7078
7439 7078
7437 7078
7436 7078
7435 7078
7434 7078
7433 7078
7078 7077
7432 7077
7431 7077
7430 7077
7429 7077
7428 7077
7427 7077
7426 7077
7425 7077
7077 7073
7424 7073
7423 7073
7422 7073
7421 7073
7420 7073
7418 7073
7417 7073
7416 7073
7415 7073
7073 7072
7414 7072
7413 7072
7412 7072
7411 7072
7410 7072
7409 7072
7408 7072
7407 7072
7406 7072
7405 7072
7404 7072
7072 7070
7403 7070
7402 7070
7401 7070
7400 7070
7399 7070
7398 7070
7397 7070
7396 7070
7395 7070
7394 7070
7393 7070
7070 7036
7392 7036
7391 7036
7390 7036
7389 7036
7388 7036
7387 7036
7386 7036
7385 7036
7384 7036
7383 7036
7036 7032
7382 7032
7381 7032
7380 7032
7379 7032
7378 7032
7376 7032
7375 7032
7374 7032
7373 7032
7371 7032
7369 7032
7032 6996
7367 6996
7366 6996
7365 6996
7364 6996
7363 6996
7362 6996
7361 6996
7360 6996
7359 6996
7358 6996
7357 6996
6996 6993
7356 6993
7355 6993
7354 6993
7353 6993
7352 6993
7351 6993
7350 6993
7349 6993
7348 6993
6993 6983
7347 6983
7346 6983
7345 6983
7344 6983
7343 6983
7342 6983
7341 6983
7339 6983
7338 6983
7337 6983
7336 6983
6983 6981
7334 6981
7333 6981
7332 6981
7331 6981
7330 6981
7329 6981
7328 6981
7327 6981
7326 6981
7325 6981
7324 6981
6981 6975
7323 6975
7322 6975
7321 6975
7320 6975
7318 6975
7317 6975
7316 6975
7315 6975
7314 6975
7313 6975
7312 6975
6975 6946
7311 6946
7310 6946
7309 6946
7308 6946
7307 6946
7306 6946
6946 6944
7305 6944
7304 6944
7302 6944
7301 6944
7300 6944
7299 6944
7298 6944
7296 6944
7295 6944
7294 6944
6944 6941
7293 6941
7291 6941
7290 6941
7289 6941
7288 6941
7287 6941
7286 6941
7284 6941
7283 6941
6941 6934
7282 6934
7281 6934
7280 6934
7279 6934
7277 6934
7276 6934
7275 6934
7274 6934
7273 6934
7272 6934
7271 6934
6934 6930
7270 6930
7269 6930
7267 6930
7266 6930
7264 6930
7263 6930
7262 6930
7261 6930
7260 6930
7258 6930
6930 6926
7257 6926
7256 6926
7255 6926
7254 6926
7253 6926
7252 6926
7251 6926
7250 6926
7249 6926
7248 6926
7247 6926
6926 6919
7246 6919
7245 6919
7244 6919
7243 6919
7242 6919
7241 6919
7239 6919
7238 6919
7237 6919
7236 6919
7235 6919
6919 6911
7234 6911
7233 6911
7232 6911
7230 6911
7229 6911
7228 6911
7227 6911
6911 6908
7226 6908
7225 6908
7224 6908
7222 6908
7221 6908
7220 6908
7219 6908
7218 6908
7216 6908
7215 6908
6908 6894
7214 6894
7213 6894
7212 6894
7211 6894
7210 6894
7209 6894
7208 6894
7206 6894
7205 6894
7204 6894
6894 6882
7203 6882
7201 6882
7200 6882
7199 6882
7198 6882
7197 6882
7196 6882
7195 6882
6882 6871
7194 6871
7192 6871
7191 6871
7190 6871
7189 6871
7188 6871
7186 6871
7185 6871
6871 6856
7184 6856
7183 6856
7182 6856
7181 6856
7178 6856
7177 6856
7176 6856
7174 6856
7172 6856
7171 6856
7170 6856
6856 6855
7169 6855
7168 6855
7167 6855
7166 6855
7165 6855
7164 6855
7163 6855
7161 6855
7160 6855
7159 6855
7158 6855
6855 6854
7157 6854
7156 6854
7155 6854
7154 6854
7153 6854
7151 6854
7150 6854
7149 6854
7147 6854
7145 6854
6854 6848
7144 6848
7143 6848
7142 6848
7141 6848
7140 6848
7139 6848
7138 6848
7137 6848
7136 6848
7135 6848
7134 6848
6848 6830
7133 6830
7132 6830
7131 6830
7130 6830
7129 6830
7128 6830
7127 6830
7126 6830
7125 6830
7123 6830
7122 6830
6830 6791
7121 6791
7120 6791
7119 6791
7118 6791
7117 6791
7116 6791
7115 6791
7113 6791
7112 6791
7111 6791
7110 6791
6791 6774
7109 6774
7108 6774
7107 6774
7105 6774
7104 6774
7103 6774
7102 6774
7101 6774
7100 6774
7099 6774
7098 6774
6774 6755
7097 6755
7096 6755
7095 6755
7094 6755
7093 6755
7092 6755
7091 6755
7090 6755
7088 6755
7087 6755
6755 6720
7086 6720
7085 6720
7084 6720
7083 6720
7082 6720
7081 6720
7080 6720
7079 6720
7076 6720
7075 6720
6720 6716
7074 6716
7071 6716
7069 6716
7068 6716
7067 6716
7066 6716
7065 6716
6716 6708
7064 6708
7063 6708
7062 6708
7061 6708
7060 6708
7059 6708
7058 6708
7057 6708
7056 6708
7055 6708
7054 6708
6708 6706
7053 6706
7052 6706
7051 6706
7050 6706
7049 6706
7048 6706
7047 6706
7046 6706
6706 6703
7045 6703
7044 6703
7043 6703
7042 6703
7041 6703
7040 6703
7039 6703
7038 6703
7037 6703
7035 6703
7034 6703
6703 6686
7033 6686
7031 6686
7030 6686
7029 6686
7028 6686
7027 6686
7026 6686
7025 6686
6686 6685
7024 6685
7023 6685
7022 6685
7021 6685
7020 6685
7019 6685
6685 6682
7018 6682
7017 6682
7016 6682
7015 6682
7014 6682
7013 6682
7012 6682
7011 6682
6682 6667
7010 6667
7009 6667
7008 6667
7007 6667
7006 6667
7005 6667
7004 6667
7003 6667
7002 6667
7001 6667
7000 6667
6667 6662
6999 6662
6998 6662
6997 6662
6995 6662
6994 6662
6992 6662
6991 6662
6990 6662
6989 6662
6988 6662
6987 6662
6662 6652
6986 6652
6985 6652
6984 6652
6982 6652
6980 6652
6979 6652
6978 6652
6977 6652
6976 6652
6974 6652
6652 6642
6973 6642
6972 6642
6971 6642
6970 6642
6969 6642
6968 6642
6967 6642
6966 6642
6965 6642
6642 6630
6964 6630
6963 6630
6962 6630
6961 6630
6960 6630
6959 6630
6958 6630
6957 6630
6956 6630
6955 6630
6630 6616
6954 6616
6953 6616
6952 6616
6951 6616
6950 6616
6949 6616
6948 6616
6947 6616
6945 6616
6943 6616
6942 6616
6616 6610
6940 6610
6939 6610
6938 6610
6937 6610
6936 6610
6935 6610
6933 6610
6932 6610
6931 6610
6929 6610
6928 6610
6610 6608
6927 6608
6925 6608
6924 6608
6923 6608
6922 6608
6921 6608
6920 6608
6918 6608
6917 6608
6916 6608
6915 6608
6608 6592
6914 6592
6913 6592
6912 6592
6910 6592
6909 6592
6907 6592
6906 6592
6905 6592
6904 6592
6903 6592
6902 6592
6592 6586
6901 6586
6900 6586
6899 6586
6898 6586
6897 6586
6896 6586
6895 6586
6893 6586
6586 6573
6892 6573
6891 6573
6890 6573
6889 6573
6888 6573
6887 6573
6886 6573
6885 6573
6884 6573
6883 6573
6573 6561
6881 6561
6880 6561
6879 6561
6878 6561
6877 6561
6876 6561
6875 6561
6874 6561
6873 6561
6872 6561
6870 6561
6561 6556
6869 6556
6868 6556
6867 6556
6866 6556
6865 6556
6864 6556
6863 6556
6862 6556
6861 6556
6860 6556
6556 6546
6859 6546
6858 6546
6857 6546
6853 6546
6852 6546
6851 6546
6850 6546
6849 6546
6847 6546
6846 6546
6845 6546
6546 6529
6844 6529
6843 6529
6842 6529
6841 6529
6529 6527
6840 6527
6839 6527
6838 6527
6837 6527
6836 6527
6835 6527
6834 6527
6833 6527
6832 6527
6831 6527
6829 6527
6527 6525
6828 6525
6827 6525
6826 6525
6825 6525
6824 6525
6823 6525
6822 6525
6821 6525
6820 6525
6525 6519
6819 6519
6818 6519
6817 6519
6816 6519
6815 6519
6814 6519
6813 6519
6812 6519
6811 6519
6810 6519
6519 6512
6809 6512
6808 6512
6807 6512
6806 6512
6805 6512
6804 6512
6803 6512
6512 6470
6802 6470
6801 6470
6800 6470
6799 6470
6798 6470
6797 6470
6796 6470
6795 6470
6794 6470
6793 6470
6792 6470
6470 6469
6790 6469
6789 6469
6788 6469
6787 6469
6786 6469
6785 6469
6784 6469
6783 6469
6782 6469
6781 6469
6469 6458
6780 6458
6779 6458
6778 6458
6777 6458
6776 6458
6775 6458
6773 6458
6772 6458
6771 6458
6770 6458
6458 6456
6769 6456
6768 6456
6767 6456
6766 6456
6765 6456
6764 6456
6763 6456
6762 6456
6761 6456
6760 6456
6759 6456
6456 6444
6758 6444
6757 6444
6756 6444
6754 6444
6753 6444
6752 6444
6444 6439
6751 6439
6750 6439
6749 6439
6748 6439
6747 6439
6746 6439
6745 6439
6744 6439
6743 6439
6742 6439
6439 6436
6741 6436
6740 6436
6739 6436
6738 6436
6737 6436
6736 6436
6735 6436
6734 6436
6733 6436
6436 6434
6732 6434
6731 6434
6730 6434
6729 6434
6728 6434
6727 6434
6726 6434
6725 6434
6724 6434
6434 6409
6723 6409
6722 6409
6721 6409
6719 6409
6718 6409
6717 6409
6715 6409
6714 6409
6713 6409
6712 6409
6409 6407
6711 6407
6710 6407
6709 6407
6707 6407
6705 6407
6704 6407
6702 6407
6701 6407
6700 6407
6699 6407
6698 6407
6407 6384
6697 6384
6696 6384
6695 6384
6694 6384
6693 6384
6692 6384
6691 6384
6690 6384
6689 6384
6688 6384
6384 6378
6687 6378
6684 6378
6683 6378
6681 6378
6680 6378
6679 6378
6678 6378
6677 6378
6676 6378
6675 6378
6378 6373
6674 6373
6673 6373
6672 6373
6671 6373
6670 6373
6669 6373
6668 6373
6666 6373
6665 6373
6664 6373
6663 6373
6373 6358
6661 6358
6660 6358
6659 6358
6658 6358
6657 6358
6656 6358
6655 6358
6654 6358
6653 6358
6651 6358
6358 6323
6650 6323
6649 6323
6648 6323
6647 6323
6646 6323
6645 6323
6644 6323
6643 6323
6641 6323
6323 6320
6640 6320
6639 6320
6638 6320
6637 6320
6636 6320
6635 6320
6634 6320
6633 6320
6632 6320
6631 6320
6629 6320
6320 6310
6628 6310
6627 6310
6626 6310
6625 6310
6624 6310
6623 6310
6622 6310
6621 6310
6620 6310
6310 6309
6619 6309
6618 6309
6617 6309
6615 6309
6614 6309
6613 6309
6612 6309
6611 6309
6609 6309
6607 6309
6309 6291
6606 6291
6605 6291
6604 6291
6603 6291
6602 6291
6601 6291
6600 6291
6599 6291
6291 6276
6598 6276
6597 6276
6596 6276
6595 6276
6594 6276
6593 6276
6591 6276
6590 6276
6589 6276
6588 6276
6587 6276
6276 6272
6585 6272
6584 6272
6583 6272
6582 6272
6581 6272
6580 6272
6579 6272
6272 6269
6578 6269
6577 6269
6576 6269
6575 6269
6574 6269
6572 6269
6571 6269
6570 6269
6569 6269
6568 6269
6567 6269
6269 6263
6566 6263
6565 6263
6564 6263
6563 6263
6562 6263
6560 6263
6559 6263
6558 6263
6557 6263
6555 6263
6554 6263
6263 6260
6553 6260
6552 6260
6551 6260
6550 6260
6549 6260
6548 6260
6547 6260
6545 6260
6544 6260
6543 6260
6260 6256
6542 6256
6541 6256
6540 6256
6539 6256
6538 6256
6537 6256
6536 6256
6535 6256
6534 6256
6256 6251
6533 6251
6532 6251
6531 6251
6530 6251
6528 6251
6526 6251
6524 6251
6523 6251
6522 6251
6251 6228
6521 6228
6520 6228
6518 6228
6517 6228
6516 6228
6515 6228
6514 6228
6513 6228
6511 6228
6510 6228
6509 6228
6228 6223
6508 6223
6507 6223
6506 6223
6505 6223
6504 6223
6503 6223
6502 6223
6223 6208
6501 6208
6500 6208
6499 6208
6498 6208
6497 6208
6496 6208
6495 6208
6494 6208
6493 6208
6208 6200
6492 6200
6491 6200
6490 6200
6489 6200
6488 6200
6487 6200
6486 6200
6485 6200
6484 6200
6483 6200
6482 6200
6200 6199
6481 6199
6480 6199
6479 6199
6478 6199
6477 6199
6476 6199
6475 6199
6474 6199
6473 6199
6199 6196
6472 6196
6471 6196
6468 6196
6467 6196
6466 6196
6465 6196
6464 6196
6463 6196
6462 6196
6196 6189
6461 6189
6460 6189
6459 6189
6457 6189
6455 6189
6454 6189
6453 6189
6452 6189
6451 6189
6450 6189
6449 6189
6189 6180
6448 6180
6447 6180
6446 6180
6445 6180
6443 6180
6442 6180
6441 6180
6440 6180
6438 6180
6180 6175
6437 6175
6435 6175
6433 6175
6432 6175
6431 6175
6430 6175
6429 6175
6428 6175
6427 6175
6426 6175
6175 6153
6425 6153
6424 6153
6423 6153
6422 6153
6421 6153
6420 6153
6153 6151
6419 6151
6418 6151
6417 6151
6416 6151
6415 6151
6414 6151
6413 6151
6412 6151
6151 6139
6411 6139
6410 6139
6408 6139
6406 6139
6405 6139
6404 6139
6403 6139
6402 6139
6139 6122
6401 6122
6400 6122
6399 6122
6398 6122
6397 6122
6396 6122
6395 6122
6394 6122
6393 6122
6122 6120
6392 6120
6391 6120
6390 6120
6389 6120
6388 6120
6387 6120
6386 6120
6385 6120
6383 6120
6382 6120
6381 6120
6120 6119
6380 6119
6379 6119
6377 6119
6376 6119
6375 6119
6374 6119
6372 6119
6371 6119
6370 6119
6369 6119
6119 6089
6368 6089
6367 6089
6366 6089
6365 6089
6364 6089
6363 6089
6362 6089
6361 6089
6360 6089
6089 6084
6359 6084
6357 6084
6356 6084
6355 6084
6354 6084
6353 6084
6352 6084
6351 6084
6350 6084
6349 6084
6084 6079
6348 6079
6347 6079
6346 6079
6345 6079
6344 6079
6343 6079
6342 6079
6341 6079
6340 6079
6339 6079
6079 6075
6338 6075
6337 6075
6336 6075
6335 6075
6334 6075
6333 6075
6332 6075
6331 6075
6330 6075
6329 6075
6328 6075
6075 6062
6327 6062
6326 6062
6325 6062
6324 6062
6322 6062
6321 6062
6319 6062
6318 6062
6317 6062
6316 6062
6315 6062
6062 6042
6314 6042
6313 6042
6312 6042
6311 6042
6308 6042
6307 6042
6306 6042
6305 6042
6304 6042
6303 6042
6042 6036
6302 6036
6301 6036
6300 6036
6299 6036
6298 6036
6297 6036
6296 6036
6295 6036
6294 6036
6293 6036
6292 6036
6036 6032
6290 6032
6289 6032
6288 6032
6287 6032
6286 6032
6285 6032
6284 6032
6283 6032
6282 6032
6281 6032
6032 6023
6280 6023
6279 6023
6278 6023
6277 6023
6275 6023
6274 6023
6273 6023
6271 6023
6270 6023
6268 6023
6023 6000
6267 6000
6266 6000
6265 6000
6264 6000
6262 6000
6261 6000
6259 6000
6258 6000
6257 6000
6000 5979
6255 5979
6254 5979
6253 5979
6252 5979
6250 5979
6249 5979
6248 5979
6247 5979
5979 5966
6246 5966
6245 5966
6244 5966
6243 5966
6242 5966
6241 5966
6240 5966
6239 5966
6238 5966
6237 5966
6236 5966
5966 5965
6235 5965
6234 5965
6233 5965
6232 5965
6231 5965
6230 5965
6229 5965
5965 5943
6227 5943
6226 5943
6225 5943
6224 5943
6222 5943
6221 5943
6220 5943
6219 5943
6218 5943
6217 5943
6216 5943
5943 5919
6215 5919
6214 5919
6213 5919
6212 5919
6211 5919
6210 5919
6209 5919
6207 5919
5919 5901
6206 5901
6205 5901
6204 5901
6203 5901
6202 5901
6201 5901
6198 5901
6197 5901
6195 5901
6194 5901
6193 5901
5901 5893
6192 5893
6191 5893
6190 5893
6188 5893
6187 5893
6186 5893
6185 5893
6184 5893
6183 5893
6182 5893
5893 5880
6181 5880
6179 5880
6178 5880
6177 5880
6176 5880
6174 5880
6173 5880
6172 5880
6171 5880
5880 5865
6170 5865
6169 5865
6168 5865
6167 5865
6166 5865
6165 5865
6164 5865
6163 5865
6162 5865
5865 5856
6161 5856
6160 5856
6159 5856
6158 5856
6157 5856
6156 5856
6155 5856
6154 5856
6152 5856
6150 5856
5856 5852
6149 5852
6148 5852
6147 5852
6146 5852
6145 5852
6144 5852
6143 5852
6142 5852
6141 5852
6140 5852
5852 5846
6138 5846
6137 5846
6136 5846
6135 5846
6134 5846
6133 5846
6132 5846
6131 5846
6130 5846
6129 5846
6128 5846
5846 5845
6127 5845
6126 5845
6125 5845
6124 5845
6123 5845
6121 5845
6118 5845
6117 5845
6116 5845
6115 5845
6114 5845
5845 5826
6113 5826
6112 5826
6111 5826
6110 5826
6109 5826
6108 5826
6107 5826
6106 5826
6105 5826
5826 5813
6104 5813
6103 5813
6102 5813
6101 5813
6100 5813
6099 5813
6098 5813
5813 5785
6097 5785
6096 5785
6095 5785
6094 5785
6093 5785
6092 5785
6091 5785
6090 5785
6088 5785
6087 5785
6086 5785
5785 5734
6085 5734
6083 5734
6082 5734
6081 5734
6080 5734
6078 5734
6077 5734
6076 5734
6074 5734
6073 5734
5734 5733
6072 5733
6071 5733
6070 5733
6069 5733
6068 5733
6067 5733
6066 5733
5733 5729
6065 5729
6064 5729
6063 5729
6061 5729
6060 5729
6059 5729
6058 5729
6057 5729
5729 5720
6056 5720
6055 5720
6054 5720
6053 5720
6052 5720
6051 5720
6050 5720
6049 5720
6048 5720
5720 5714
6047 5714
6046 5714
6045 5714
6044 5714
6043 5714
6041 5714
6040 5714
6039 5714
6038 5714
6037 5714
5714 5684
6035 5684
6034 5684
6033 5684
6031 5684
6030 5684
6029 5684
6028 5684
6027 5684
6026 5684
6025 5684
5684 5680
6024 5680
6022 5680
6021 5680
6020 5680
6019 5680
6018 5680
6017 5680
6016 5680
6015 5680
6014 5680
5680 5660
6013 5660
6012 5660
6011 5660
6010 5660
6009 5660
6008 5660
6007 5660
6006 5660
6005 5660
6004 5660
6003 5660
5660 5641
6002 5641
6001 5641
5999 5641
5998 5641
5997 5641
5996 5641
5995 5641
5994 5641
5993 5641
5992 5641
5991 5641
5641 5631
5990 5631
5989 5631
5988 5631
5987 5631
5986 5631
5985 5631
5984 5631
5983 5631
5982 5631
5981 5631
5980 5631
5631 5629
5978 5629
5977 5629
5976 5629
5975 5629
5974 5629
5973 5629
5972 5629
5971 5629
5970 5629
5629 5626
5969 5626
5968 5626
5967 5626
5964 5626
5963 5626
5962 5626
5961 5626
5960 5626
5959 5626
5958 5626
5957 5626
5626 5622
5956 5622
5955 5622
5954 5622
5953 5622
5952 5622
5951 5622
5950 5622
5622 5621
5949 5621
5948 5621
5947 5621
5946 5621
5621 5599
5945 5599
5944 5599
5942 5599
5941 5599
5940 5599
5939 5599
5938 5599
5937 5599
5936 5599
5935 5599
5599 5598
5934 5598
5933 5598
5932 5598
5931 5598
5930 5598
5929 5598
5598 5585
5928 5585
5927 5585
5926 5585
5925 5585
5924 5585
5923 5585
5922 5585
5921 5585
5920 5585
5918 5585
5917 5585
5585 5576
5916 5576
5915 5576
5914 5576
5913 5576
5912 5576
5911 5576
5910 5576
5909 5576
5908 5576
5907 5576
5906 5576
5576 5573
5905 5573
5904 5573
5903 5573
5902 5573
5900 5573
5899 5573
5898 5573
5897 5573
5896 5573
5573 5562
5895 5562
5894 5562
5892 5562
5891 5562
5890 5562
5889 5562
5888 5562
5887 5562
5886 5562
5885 5562
5562 5515
5884 5515
5883 5515
5882 5515
5881 5515
5879 5515
5878 5515
5877 5515
5876 5515
5875 5515
5874 5515
5873 5515
5515 5502
5872 5502
5871 5502
5870 5502
5869 5502
5868 5502
5867 5502
5866 5502
5864 5502
5863 5502
5862 5502
5861 5502
5502 5499
5860 5499
5859 5499
5858 5499
5857 5499
5855 5499
5854 5499
5853 5499
5851 5499
5850 5499
5499 5491
5849 5491
5848 5491
5847 5491
5844 5491
5843 5491
5842 5491
5841 5491
5491 5490
5840 5490
5839 5490
5838 5490
5837 5490
5836 5490
5835 5490
5834 5490
5833 5490
5832 5490
5831 5490
5490 5488
5830 5488
5829 5488
5828 5488
5827 5488
5825 5488
5824 5488
5823 5488
5822 5488
5821 5488
5820 5488
5488 5487
5819 5487
5818 5487
5817 5487
5816 5487
5815 5487
5814 5487
5812 5487
5811 5487
5810 5487
5809 5487
5487 5468
5808 5468
5807 5468
5806 5468
5805 5468
5804 5468
5803 5468
5802 5468
5468 5455
5801 5455
5800 5455
5799 5455
5798 5455
5797 5455
5796 5455
5455 5440
5795 5440
5794 5440
5793 5440
5792 5440
5791 5440
5790 5440
5789 5440
5788 5440
5787 5440
5786 5440
5784 5440
5440 5438
5783 5438
5782 5438
5781 5438
5780 5438
5779 5438
5778 5438
5777 5438
5776 5438
5775 5438
5774 5438
5438 5432
5773 5432
5772 5432
5771 5432
5770 5432
5769 5432
5768 5432
5767 5432
5766 5432
5765 5432
5764 5432
5763 5432
5432 5431
5762 5431
5761 5431
5760 5431
5759 5431
5758 5431
5757 5431
5756 5431
5755 5431
5431 5425
5754 5425
5753 5425
5752 5425
5751 5425
5750 5425
5749 5425
5748 5425
5747 5425
5746 5425
5425 5422
5745 5422
5744 5422
5743 5422
5742 5422
5741 5422
5740 5422
5739 5422
5738 5422
5737 5422
5736 5422
5422 5414
5735 5414
5732 5414
5731 5414
5730 5414
5728 5414
5727 5414
5726 5414
5725 5414
5724 5414
5723 5414
5722 5414
5414 5412
5721 5412
5719 5412
5718 5412
5717 5412
5716 5412
5715 5412
5713 5412
5712 5412
5711 5412
5710 5412
5412 5408
5709 5408
5708 5408
5707 5408
5706 5408
5705 5408
5704 5408
5703 5408
5702 5408
5701 5408
5700 5408
5699 5408
5408 5405
5698 5405
5697 5405
5696 5405
5695 5405
5694 5405
5693 5405
5692 5405
5691 5405
5690 5405
5689 5405
5688 5405
5405 5398
5687 5398
5686 5398
5685 5398
5683 5398
5682 5398
5681 5398
5679 5398
5678 5398
5677 5398
5676 5398
5398 5395
5675 5395
5674 5395
5673 5395
5672 5395
5671 5395
5670 5395
5669 5395
5668 5395
5667 5395
5666 5395
5395 5391
5665 5391
5664 5391
5663 5391
5662 5391
5661 5391
5659 5391
5658 5391
5657 5391
5656 5391
5655 5391
5391 5390
5654 5390
5653 5390
5652 5390
5651 5390
5650 5390
5649 5390
5648 5390
5647 5390
5646 5390
5645 5390
5390 5389
5644 5389
5643 5389
5642 5389
5640 5389
5639 5389
5638 5389
5637 5389
5636 5389
5635 5389
5634 5389
5633 5389
5389 5384
5632 5384
5630 5384
5628 5384
5627 5384
5625 5384
5624 5384
5623 5384
5620 5384
5619 5384
5618 5384
5384 5369
5617 5369
5616 5369
5615 5369
5614 5369
5613 5369
5612 5369
5611 5369
5610 5369
5609 5369
5608 5369
5607 5369
5369 5361
5606 5361
5605 5361
5604 5361
5603 5361
5602 5361
5601 5361
5600 5361
5597 5361
5596 5361
5595 5361
5594 5361
5361 5329
5593 5329
5592 5329
5591 5329
5590 5329
5589 5329
5588 5329
5587 5329
5586 5329
5584 5329
5583 5329
5582 5329
5329 5306
5581 5306
5580 5306
5579 5306
5578 5306
5577 5306
5575 5306
5574 5306
5572 5306
5571 5306
5570 5306
5569 5306
5306 5278
5568 5278
5567 5278
5566 5278
5565 5278
5564 5278
5563 5278
5278 5270
5561 5270
5560 5270
5559 5270
5558 5270
5557 5270
5556 5270
5555 5270
5270 5260
5554 5260
5553 5260
5552 5260
5551 5260
5550 5260
5549 5260
5548 5260
5547 5260
5546 5260
5545 5260
5544 5260
5260 5227
5543 5227
5542 5227
5541 5227
5540 5227
5539 5227
5538 5227
5537 5227
5536 5227
5227 5198
5535 5198
5534 5198
5533 5198
5532 5198
5531 5198
5530 5198
5529 5198
5528 5198
5527 5198
5526 5198
5525 5198
5198 5193
5524 5193
5523 5193
5522 5193
5521 5193
5520 5193
5519 5193
5518 5193
5517 5193
5516 5193
5514 5193
5513 5193
5193 5190
5512 5190
5511 5190
5510 5190
5509 5190
5508 5190
5507 5190
5190 5180
5506 5180
5505 5180
5504 5180
5503 5180
5501 5180
5500 5180
5498 5180
5497 5180
5496 5180
5495 5180
5494 5180
5180 5177
5493 5177
5492 5177
5489 5177
5486 5177
5485 5177
5484 5177
5483 5177
5482 5177
5481 5177
5480 5177
5177 5173
5479 5173
5478 5173
5477 5173
5476 5173
5475 5173
5474 5173
5473 5173
5472 5173
5471 5173
5470 5173
5173 5170
5469 5170
5467 5170
5466 5170
5465 5170
5464 5170
5463 5170
5462 5170
5461 5170
5460 5170
5459 5170
5458 5170
5170 5165
5457 5165
5456 5165
5454 5165
5453 5165
5452 5165
5451 5165
5450 5165
5449 5165
5448 5165
5447 5165
5446 5165
5165 5157
5445 5157
5444 5157
5443 5157
5442 5157
5441 5157
5439 5157
5437 5157
5436 5157
5435 5157
5434 5157
5157 5152
5433 5152
5430 5152
5429 5152
5428 5152
5427 5152
5426 5152
5424 5152
5423 5152
5421 5152
5420 5152
5419 5152
5152 5150
5418 5150
5417 5150
5416 5150
5415 5150
5413 5150
5411 5150
5410 5150
5150 5145
5409 5145
5407 5145
5406 5145
5404 5145
5403 5145
5402 5145
5401 5145
5400 5145
5399 5145
5397 5145
5396 5145
5145 5144
5394 5144
5393 5144
5392 5144
5388 5144
5387 5144
5386 5144
5385 5144
5144 5114
5383 5114
5382 5114
5381 5114
5380 5114
5379 5114
5378 5114
5377 5114
5376 5114
5375 5114
5114 5112
5374 5112
5373 5112
5372 5112
5371 5112
5370 5112
5368 5112
5367 5112
5366 5112
5365 5112
5364 5112
5363 5112
5112 5110
5362 5110
5360 5110
5359 5110
5358 5110
5357 5110
5356 5110
5355 5110
5354 5110
5353 5110
5352 5110
5351 5110
5110 5070
5350 5070
5349 5070
5348 5070
5347 5070
5346 5070
5345 5070
5344 5070
5343 5070
5342 5070
5341 5070
5340 5070
5070 5068
5339 5068
5338 5068
5337 5068
5336 5068
5335 5068
5334 5068
5333 5068
5332 5068
5331 5068
5330 5068
5328 5068
5068 5050
5327 5050
5326 5050
5325 5050
5324 5050
5323 5050
5322 5050
5321 5050
5320 5050
5319 5050
5318 5050
5317 5050
5050 5042
5316 5042
5315 5042
5314 5042
5313 5042
5312 5042
5042 5038
5311 5038
5310 5038
5309 5038
5308 5038
5307 5038
5305 5038
5304 5038
5303 5038
5302 5038
5301 5038
5038 5029
5300 5029
5299 5029
5298 5029
5297 5029
5296 5029
5295 5029
5294 5029
5293 5029
5292 5029
5291 5029
5029 4989
5290 4989
5289 4989
5288 4989
5287 4989
5286 4989
5285 4989
5284 4989
5283 4989
5282 4989
5281 4989
4989 4986
5280 4986
5279 4986
5277 4986
5276 4986
5275 4986
5274 4986
5273 4986
5272 4986
4986 4966
5271 4966
5269 4966
5268 4966
5267 4966
5266 4966
5265 4966
5264 4966
5263 4966
5262 4966
5261 4966
4966 4965
5259 4965
5258 4965
5257 4965
5256 4965
5255 4965
5254 4965
5253 4965
4965 4963
5252 4963
5251 4963
5250 4963
5249 4963
5248 4963
5247 4963
5246 4963
5245 4963
5244 4963
5243 4963
5242 4963
4963 4938
5241 4938
5240 4938
5239 4938
5238 4938
5237 4938
5236 4938
5235 4938
5234 4938
5233 4938
5232 4938
5231 4938
4938 4937
5230 4937
5229 4937
5228 4937
5226 4937
5225 4937
5224 4937
5223 4937
5222 4937
5221 4937
5220 4937
5219 4937
4937 4933
5218 4933
5217 4933
5216 4933
5215 4933
5214 4933
5213 4933
5212 4933
5211 4933
5210 4933
5209 4933
5208 4933
4933 4922
5207 4922
5206 4922
5205 4922
5204 4922
5203 4922
5202 4922
5201 4922
5200 4922
5199 4922
5197 4922
5196 4922
4922 4919
5195 4919
5194 4919
5192 4919
5191 4919
5189 4919
5188 4919
5187 4919
4919 4907
5186 4907
5185 4907
5184 4907
5183 4907
5182 4907
5181 4907
5179 4907
5178 4907
5176 4907
5175 4907
5174 4907
4907 4897
5172 4897
5171 4897
5169 4897
5168 4897
5167 4897
5166 4897
5164 4897
5163 4897
5162 4897
5161 4897
4897 4892
5160 4892
5159 4892
5158 4892
5156 4892
5155 4892
5154 4892
5153 4892
5151 4892
5149 4892
5148 4892
5147 4892
4892 4889
5146 4889
5143 4889
5142 4889
5141 4889
5140 4889
5139 4889
5138 4889
5137 4889
5136 4889
4889 4862
5135 4862
5134 4862
5133 4862
5132 4862
5131 4862
5130 4862
5129 4862
4862 4843
5128 4843
5127 4843
5126 4843
5125 4843
5124 4843
5123 4843
5122 4843
5121 4843
5120 4843
5119 4843
5118 4843
4843 4836
5117 4836
5116 4836
5115 4836
5113 4836
5111 4836
5109 4836
5108 4836
5107 4836
5106 4836
5105 4836
5104 4836
4836 4826
5103 4826
5102 4826
5101 4826
5100 4826
5099 4826
5098 4826
5097 4826
5096 4826
5095 4826
5094 4826
4826 4822
5093 4822
5092 4822
5091 4822
5090 4822
5089 4822
5088 4822
5087 4822
5086 4822
5085 4822
5084 4822
5083 4822
4822 4795
5082 4795
5081 4795
5080 4795
5079 4795
5078 4795
5077 4795
5076 4795
5075 4795
4795 4794
5074 4794
5073 4794
5072 4794
5071 4794
5069 4794
5067 4794
5066 4794
5065 4794
5064 4794
5063 4794
4794 4789
5062 4789
5061 4789
5060 4789
5059 4789
5058 4789
5057 4789
5056 4789
5055 4789
5054 4789
5053 4789
5052 4789
4789 4774
5051 4774
5049 4774
5048 4774
5047 4774
5046 4774
5045 4774
4774 4769
5044 4769
5043 4769
5041 4769
5040 4769
5039 4769
5037 4769
5036 4769
5035 4769
5034 4769
5033 4769
5032 4769
4769 4761
5031 4761
5030 4761
5028 4761
5027 4761
5026 4761
5025 4761
5024 4761
4761 4737
5023 4737
5022 4737
5021 4737
5020 4737
5019 4737
5018 4737
5017 4737
5016 4737
5015 4737
5014 4737
4737 4731
5013 4731
5012 4731
5011 4731
5010 4731
5009 4731
5008 4731
5007 4731
5006 4731
5005 4731
4731 4722
5004 4722
5003 4722
5002 4722
5001 4722
5000 4722
4999 4722
4998 4722
4997 4722
4996 4722
4995 4722
4994 4722
4722 4719
4993 4719
4992 4719
4991 4719
4990 4719
4988 4719
4987 4719
4985 4719
4719 4707
4984 4707
4983 4707
4982 4707
4981 4707
4980 4707
4979 4707
4978 4707
4977 4707
4976 4707
4707 4695
4975 4695
4974 4695
4973 4695
4972 4695
4971 4695
4970 4695
4969 4695
4968 4695
4967 4695
4964 4695
4962 4695
4695 4687
4961 4687
4960 4687
4959 4687
4958 4687
4957 4687
4956 4687
4955 4687
4954 4687
4953 4687
4952 4687
4951 4687
4687 4682
4950 4682
4949 4682
4948 4682
4947 4682
4946 4682
4945 4682
4944 4682
4943 4682
4942 4682
4941 4682
4940 4682
4682 4676
4939 4676
4936 4676
4935 4676
4934 4676
4932 4676
4931 4676
4930 4676
4929 4676
4928 4676
4676 4673
4927 4673
4926 4673
4925 4673
4924 4673
4923 4673
4921 4673
4920 4673
4918 4673
4673 4656
4917 4656
4916 4656
4915 4656
4914 4656
4913 4656
4912 4656
4911 4656
4910 4656
4909 4656
4908 4656
4906 4656
4656 4651
4905 4651
4904 4651
4903 4651
4902 4651
4901 4651
4900 4651
4899 4651
4898 4651
4896 4651
4895 4651
4894 4651
4651 4642
4893 4642
4891 4642
4890 4642
4888 4642
4887 4642
4886 4642
4885 4642
4884 4642
4883 4642
4882 4642
4642 4640
4881 4640
4880 4640
4879 4640
4878 4640
4877 4640
4876 4640
4875 4640
4640 4608
4874 4608
4873 4608
4872 4608
4871 4608
4870 4608
4869 4608
4868 4608
4867 4608
4866 4608
4865 4608
4608 4590
4864 4590
4863 4590
4861 4590
4860 4590
4859 4590
4858 4590
4857 4590
4856 4590
4855 4590
4854 4590
4590 4582
4853 4582
4852 4582
4851 4582
4850 4582
4849 4582
4848 4582
4847 4582
4846 4582
4845 4582
4844 4582
4582 4577
4842 4577
4841 4577
4840 4577
4839 4577
4838 4577
4837 4577
4835 4577
4834 4577
4833 4577
4832 4577
4577 4570
4831 4570
4830 4570
4829 4570
4828 4570
4827 4570
4825 4570
4824 4570
4823 4570
4570 4568
4821 4568
4820 4568
4819 4568
4818 4568
4817 4568
4816 4568
4815 4568
4814 4568
4813 4568
4812 4568
4811 4568
4568 4566
4810 4566
4809 4566
4808 4566
4807 4566
4806 4566
4805 4566
4804 4566
4803 4566
4802 4566
4801 4566
4566 4563
4800 4563
4799 4563
4798 4563
4797 4563
4796 4563
4793 4563
4792 4563
4791 4563
4790 4563
4788 4563
4787 4563
4563 4559
4786 4559
4785 4559
4784 4559
4783 4559
4782 4559
4781 4559
4780 4559
4779 4559
4778 4559
4777 4559
4559 4556
4776 4556
4775 4556
4773 4556
4772 4556
4771 4556
4770 4556
4768 4556
4767 4556
4766 4556
4765 4556
4764 4556
4556 4554
4763 4554
4762 4554
4760 4554
4759 4554
4758 4554
4757 4554
4756 4554
4755 4554
4754 4554
4753 4554
4554 4541
4752 4541
4751 4541
4750 4541
4749 4541
4748 4541
4747 4541
4746 4541
4745 4541
4744 4541
4743 4541
4742 4541
4541 4540
4741 4540
4740 4540
4739 4540
4738 4540
4736 4540
4735 4540
4734 4540
4733 4540
4732 4540
4730 4540
4729 4540
4540 4521
4728 4521
4727 4521
4726 4521
4725 4521
4724 4521
4723 4521
4721 4521
4720 4521
4718 4521
4521 4512
4717 4512
4716 4512
4715 4512
4714 4512
4713 4512
4712 4512
4711 4512
4710 4512
4709 4512
4708 4512
4706 4512
4512 4490
4705 4490
4704 4490
4703 4490
4702 4490
4701 4490
4700 4490
4699 4490
4698 4490
4490 4489
4697 4489
4696 4489
4694 4489
4693 4489
4692 4489
4691 4489
4690 4489
4689 4489
4688 4489
4686 4489
4685 4489
4489 4486
4684 4486
4683 4486
4681 4486
4680 4486
4679 4486
4678 4486
4677 4486
4675 4486
4674 4486
4672 4486
4486 4484
4671 4484
4670 4484
4669 4484
4668 4484
4667 4484
4666 4484
4665 4484
4664 4484
4663 4484
4662 4484
4661 4484
4484 4480
4660 4480
4659 4480
4658 4480
4657 4480
4655 4480
4654 4480
4653 4480
4652 4480
4650 4480
4649 4480
4648 4480
4480 4460
4647 4460
4646 4460
4645 4460
4644 4460
4643 4460
4641 4460
4639 4460
4638 4460
4637 4460
4460 4418
4636 4418
4635 4418
4634 4418
4633 4418
4632 4418
4631 4418
4630 4418
4629 4418
4628 4418
4627 4418
4418 4417
4626 4417
4625 4417
4624 4417
4623 4417
4622 4417
4621 4417
4620 4417
4619 4417
4417 4406
4618 4406
4617 4406
4616 4406
4615 4406
4614 4406
4613 4406
4612 4406
4611 4406
4610 4406
4406 4401
4609 4401
4607 4401
4606 4401
4605 4401
4604 4401
4603 4401
4602 4401
4601 4401
4600 4401
4599 4401
4598 4401
4401 4387
4597 4387
4596 4387
4595 4387
4594 4387
4593 4387
4592 4387
4591 4387
4589 4387
4588 4387
4387 4376
4587 4376
4586 4376
4585 4376
4584 4376
4583 4376
4581 4376
4580 4376
4579 4376
4578 4376
4376 4355
4576 4355
4575 4355
4574 4355
4573 4355
4572 4355
4571 4355
4569 4355
4567 4355
4565 4355
4564 4355
4355 4351
4562 4351
4561 4351
4560 4351
4558 4351
4557 4351
4555 4351
4553 4351
4552 4351
4551 4351
4550 4351
4549 4351
4351 4349
4548 4349
4547 4349
4546 4349
4545 4349
4544 4349
4543 4349
4542 4349
4539 4349
4538 4349
4537 4349
4536 4349
4349 4331
4535 4331
4534 4331
4533 4331
4532 4331
4531 4331
4530 4331
4529 4331
4528 4331
4527 4331
4526 4331
4331 4315
4525 4315
4524 4315
4523 4315
4522 4315
4315 4284
4520 4284
4519 4284
4518 4284
4517 4284
4516 4284
4515 4284
4514 4284
4513 4284
4511 4284
4510 4284
4509 4284
4284 4283
4508 4283
4507 4283
4506 4283
4505 4283
4504 4283
4503 4283
4502 4283
4501 4283
4500 4283
4499 4283
4283 4280
4498 4280
4497 4280
4496 4280
4495 4280
4494 4280
4493 4280
4492 4280
4491 4280
4488 4280
4487 4280
4280 4274
4485 4274
4483 4274
4482 4274
4481 4274
4479 4274
4478 4274
4477 4274
4476 4274
4475 4274
4474 4274
4274 4249
4473 4249
4472 4249
4471 4249
4470 4249
4469 4249
4468 4249
4467 4249
4466 4249
4465 4249
4464 4249
4463 4249
4249 4226
4462 4226
4461 4226
4459 4226
4458 4226
4457 4226
4456 4226
4455 4226
4454 4226
4226 4225
4453 4225
4452 4225
4451 4225
4450 4225
4449 4225
4225 4217
4448 4217
4447 4217
4446 4217
4445 4217
4444 4217
4443 4217
4442 4217
4441 4217
4440 4217
4439 4217
4217 4212
4438 4212
4437 4212
4436 4212
4435 4212
4434 4212
4433 4212
4432 4212
4431 4212
4430 4212
4212 4210
4429 4210
4428 4210
4427 4210
4426 4210
4425 4210
4424 4210
4423 4210
4210 4196
4422 4196
4421 4196
4420 4196
4419 4196
4416 4196
4415 4196
4414 4196
4413 4196
4412 4196
4411 4196
4410 4196
4196 4191
4409 4191
4408 4191
4407 4191
4405 4191
4404 4191
4403 4191
4402 4191
4400 4191
4399 4191
4398 4191
4397 4191
4191 4163
4396 4163
4395 4163
4394 4163
4393 4163
4392 4163
4391 4163
4390 4163
4389 4163
4388 4163
4386 4163
4163 4159
4385 4159
4384 4159
4383 4159
4382 4159
4381 4159
4380 4159
4379 4159
4159 4145
4378 4145
4377 4145
4375 4145
4374 4145
4373 4145
4372 4145
4371 4145
4370 4145
4369 4145
4368 4145
4367 4145
4145 4143
4366 4143
4365 4143
4364 4143
4363 4143
4362 4143
4361 4143
4360 4143
4359 4143
4358 4143
4357 4143
4356 4143
4143 4134
4354 4134
4353 4134
4352 4134
4350 4134
4348 4134
4134 4113
4347 4113
4346 4113
4345 4113
4344 4113
4343 4113
4342 4113
4341 4113
4340 4113
4113 4099
4339 4099
4338 4099
4337 4099
4336 4099
4335 4099
4334 4099
4333 4099
4332 4099
4330 4099
4099 4090
4329 4090
4328 4090
4327 4090
4326 4090
4325 4090
4324 4090
4323 4090
4322 4090
4321 4090
4320 4090
4319 4090
4090 4089
4318 4089
4317 4089
4316 4089
4314 4089
4313 4089
4312 4089
4311 4089
4310 4089
4309 4089
4308 4089
4307 4089
4089 4053
4306 4053
4305 4053
4304 4053
4303 4053
4302 4053
4301 4053
4053 4042
4300 4042
4299 4042
4298 4042
4297 4042
4296 4042
4295 4042
4294 4042
4293 4042
4292 4042
4042 4037
4291 4037
4290 4037
4289 4037
4288 4037
4287 4037
4286 4037
4285 4037
4037 4036
4282 4036
4281 4036
4279 4036
4278 4036
4277 4036
4276 4036
4275 4036
4273 4036
4272 4036
4271 4036
4270 4036
4036 4029
4269 4029
4268 4029
4267 4029
4266 4029
4265 4029
4264 4029
4263 4029
4262 4029
4261 4029
4029 4025
4260 4025
4259 4025
4258 4025
4257 4025
4256 4025
4255 4025
4254 4025
4253 4025
4252 4025
4251 4025
4250 4025
4025 4022
4248 4022
4247 4022
4246 4022
4245 4022
4244 4022
4243 4022
4242 4022
4241 4022
4240 4022
4239 4022
4022 4021
4238 4021
4237 4021
4236 4021
4235 4021
4234 4021
4233 4021
4232 4021
4231 4021
4230 4021
4021 4014
4229 4014
4228 4014
4227 4014
4224 4014
4223 4014
4222 4014
4221 4014
4220 4014
4219 4014
4218 4014
4014 4007
4216 4007
4215 4007
4214 4007
4213 4007
4211 4007
4209 4007
4208 4007
4207 4007
4206 4007
4205 4007
4204 4007
4007 3997
4203 3997
4202 3997
4201 3997
4200 3997
4199 3997
4198 3997
4197 3997
4195 3997
4194 3997
4193 3997
3997 3986
4192 3986
4190 3986
4189 3986
4188 3986
4187 3986
4186 3986
4185 3986
4184 3986
4183 3986
4182 3986
3986 3984
4181 3984
4180 3984
4179 3984
4178 3984
4177 3984
4176 3984
4175 3984
4174 3984
4173 3984
4172 3984
4171 3984
3984 3975
4170 3975
4169 3975
4168 3975
4167 3975
4166 3975
4165 3975
3975 3970
4164 3970
4162 3970
4161 3970
4160 3970
4158 3970
4157 3970
4156 3970
4155 3970
4154 3970
3970 3965
4153 3965
4152 3965
4151 3965
4150 3965
4149 3965
4148 3965
3965 3962
4147 3962
4146 3962
4144 3962
4142 3962
4141 3962
4140 3962
4139 3962
4138 3962
4137 3962
3962 3961
4136 3961
4135 3961
4133 3961
4132 3961
4131 3961
4130 3961
4129 3961
4128 3961
4127 3961
4126 3961
4125 3961
3961 3954
4124 3954
4123 3954
4122 3954
4121 3954
4120 3954
4119 3954
4118 3954
4117 3954
4116 3954
4115 3954
4114 3954
3954 3933
4112 3933
4111 3933
4110 3933
4109 3933
4108 3933
4107 3933
4106 3933
4105 3933
4104 3933
4103 3933
3933 3929
4102 3929
4101 3929
4100 3929
4098 3929
4097 3929
4096 3929
4095 3929
4094 3929
4093 3929
4092 3929
3929 3928
4091 3928
4088 3928
4087 3928
4086 3928
4085 3928
4084 3928
4083 3928
4082 3928
4081 3928
4080 3928
3928 3883
4079 3883
4078 3883
4077 3883
4076 3883
4075 3883
4074 3883
4073 3883
4072 3883
4071 3883
4070 3883
4069 3883
3883 3875
4068 3875
4067 3875
4066 3875
4065 3875
4064 3875
4063 3875
4062 3875
4061 3875
4060 3875
4059 3875
3875 3872
4058 3872
4057 3872
4056 3872
4055 3872
4054 3872
4052 3872
4051 3872
4050 3872
4049 3872
3872 3869
4048 3869
4047 3869
4046 3869
4045 3869
4044 3869
4043 3869
4041 3869
4040 3869
4039 3869
3869 3865
4038 3865
4035 3865
4034 3865
4033 3865
4032 3865
4031 3865
4030 3865
4028 3865
3865 3860
4027 3860
4026 3860
4024 3860
4023 3860
4020 3860
4019 3860
4018 3860
4017 3860
4016 3860
4015 3860
4013 3860
3860 3857
4012 3857
4011 3857
4010 3857
4009 3857
4008 3857
4006 3857
4005 3857
4004 3857
4003 3857
4002 3857
4001 3857
3857 3852
4000 3852
3999 3852
3998 3852
3996 3852
3995 3852
3994 3852
3993 3852
3992 3852
3991 3852
3990 3852
3852 3839
3989 3839
3988 3839
3987 3839
3985 3839
3983 3839
3982 3839
3839 3828
3981 3828
3980 3828
3979 3828
3978 3828
3977 3828
3976 3828
3974 3828
3973 3828
3972 3828
3971 3828
3969 3828
3828 3822
3968 3822
3967 3822
3966 3822
3964 3822
3963 3822
3960 3822
3959 3822
3958 3822
3957 3822
3956 3822
3822 3811
3955 3811
3953 3811
3952 3811
3951 3811
3950 3811
3949 3811
3948 3811
3947 3811
3946 3811
3811 3806
3945 3806
3944 3806
3943 3806
3942 3806
3941 3806
3940 3806
3939 3806
3938 3806
3937 3806
3936 3806
3806 3805
3935 3805
3934 3805
3932 3805
3931 3805
3930 3805
3927 3805
3926 3805
3925 3805
3924 3805
3923 3805
3805 3796
3922 3796
3921 3796
3920 3796
3919 3796
3918 3796
3917 3796
3916 3796
3915 3796
3914 3796
3913 3796
3912 3796
3796 3785
3911 3785
3910 3785
3909 3785
3908 3785
3907 3785
3906 3785
3905 3785
3904 3785
3903 3785
3785 3769
3902 3769
3901 3769
3900 3769
3899 3769
3898 3769
3897 3769
3896 3769
3895 3769
3894 3769
3893 3769
3892 3769
3769 3718
3891 3718
3890 3718
3889 3718
3888 3718
3887 3718
3886 3718
3885 3718
3884 3718
3882 3718
3718 3717
3881 3717
3880 3717
3879 3717
3878 3717
3877 3717
3876 3717
3874 3717
3873 3717
3871 3717
3870 3717
3868 3717
3717 3715
3867 3715
3866 3715
3864 3715
3863 3715
3862 3715
3861 3715
3859 3715
3858 3715
3856 3715
3855 3715
3854 3715
3715 3714
3853 3714
3851 3714
3850 3714
3849 3714
3848 3714
3847 3714
3846 3714
3845 3714
3844 3714
3843 3714
3714 3705
3842 3705
3841 3705
3840 3705
3838 3705
3837 3705
3836 3705
3835 3705
3834 3705
3833 3705
3832 3705
3705 3691
3831 3691
3830 3691
3829 3691
3827 3691
3826 3691
3825 3691
3824 3691
3823 3691
3821 3691
3820 3691
3819 3691
3691 3688
3818 3688
3817 3688
3816 3688
3815 3688
3814 3688
3813 3688
3812 3688
3810 3688
3809 3688
3808 3688
3688 3684
3807 3684
3804 3684
3803 3684
3802 3684
3801 3684
3684 3671
3800 3671
3799 3671
3798 3671
3797 3671
3795 3671
3794 3671
3793 3671
3792 3671
3791 3671
3790 3671
3789 3671
3671 3667
3788 3667
3787 3667
3786 3667
3784 3667
3783 3667
3782 3667
3781 3667
3780 3667
3779 3667
3667 3664
3778 3664
3777 3664
3776 3664
3775 3664
3774 3664
3773 3664
3772 3664
3771 3664
3770 3664
3768 3664
3664 3656
3767 3656
3766 3656
3765 3656
3764 3656
3763 3656
3762 3656
3761 3656
3760 3656
3759 3656
3758 3656
3656 3647
3757 3647
3756 3647
3755 3647
3754 3647
3753 3647
3752 3647
3751 3647
3750 3647
3749 3647
3647 3630
3748 3630
3747 3630
3746 3630
3745 3630
3744 3630
3743 3630
3742 3630
3741 3630
3740 3630
3739 3630
3630 3627
3738 3627
3737 3627
3736 3627
3735 3627
3734 3627
3733 3627
3732 3627
3731 3627
3730 3627
3729 3627
3627 3625
3728 3625
3727 3625
3726 3625
3725 3625
3724 3625
3723 3625
3722 3625
3721 3625
3625 3622
3720 3622
3719 3622
3716 3622
3713 3622
3712 3622
3711 3622
3710 3622
3709 3622
3708 3622
3707 3622
3622 3620
3706 3620
3704 3620
3703 3620
3702 3620
3701 3620
3700 3620
3699 3620
3698 3620
3697 3620
3696 3620
3695 3620
3620 3619
3694 3619
3693 3619
3692 3619
3690 3619
3689 3619
3687 3619
3686 3619
3685 3619
3683 3619
3682 3619
3619 3618
3681 3618
3680 3618
3679 3618
3678 3618
3677 3618
3676 3618
3675 3618
3674 3618
3673 3618
3672 3618
3670 3618
3618 3598
3669 3598
3668 3598
3666 3598
3665 3598
3663 3598
3662 3598
3661 3598
3660 3598
3598 3587
3659 3587
3658 3587
3657 3587
3655 3587
3654 3587
3653 3587
3652 3587
3587 3576
3651 3576
3650 3576
3649 3576
3648 3576
3646 3576
3645 3576
3644 3576
3643 3576
3642 3576
3641 3576
3640 3576
3576 3574
3639 3574
3638 3574
3637 3574
3636 3574
3635 3574
3634 3574
3633 3574
3632 3574
3631 3574
3574 3559
3629 3559
3628 3559
3626 3559
3624 3559
3623 3559
3621 3559
3617 3559
3616 3559
3559 3555
3615 3555
3614 3555
3613 3555
3612 3555
3611 3555
3610 3555
3609 3555
3608 3555
3607 3555
3606 3555
3605 3555
3555 3544
3604 3544
3603 3544
3602 3544
3601 3544
3600 3544
3599 3544
3597 3544
3596 3544
3595 3544
3594 3544
3593 3544
3544 3539
3592 3539
3591 3539
3590 3539
3589 3539
3588 3539
3586 3539
3585 3539
3539 3485
3584 3485
3583 3485
3582 3485
3581 3485
3580 3485
3579 3485
3578 3485
3577 3485
3575 3485
3573 3485
3572 3485
3485 3477
3571 3477
3570 3477
3569 3477
3568 3477
3567 3477
3566 3477
3565 3477
3564 3477
3563 3477
3562 3477
3477 3467
3561 3467
3560 3467
3558 3467
3557 3467
3556 3467
3554 3467
3553 3467
3552 3467
3467 3465
3551 3465
3550 3465
3549 3465
3548 3465
3547 3465
3546 3465
3545 3465
3465 3452
3543 3452
3542 3452
3541 3452
3540 3452
3538 3452
3537 3452
3536 3452
3452 3445
3535 3445
3534 3445
3533 3445
3532 3445
3531 3445
3530 3445
3529 3445
3528 3445
3527 3445
3526 3445
3525 3445
3445 3441
3524 3441
3523 3441
3522 3441
3521 3441
3520 3441
3519 3441
3518 3441
3517 3441
3516 3441
3515 3441
3441 3434
3514 3434
3513 3434
3512 3434
3511 3434
3510 3434
3509 3434
3508 3434
3507 3434
3506 3434
3505 3434
3434 3426
3504 3426
3503 3426
3502 3426
3501 3426
3500 3426
3499 3426
3498 3426
3426 3412
3497 3412
3496 3412
3495 3412
3494 3412
3493 3412
3492 3412
3491 3412
3490 3412
3489 3412
3412 3384
3488 3384
3487 3384
3486 3384
3484 3384
3483 3384
3482 3384
3481 3384
3480 3384
3479 3384
3478 3384
3476 3384
3384 3381
3475 3381
3474 3381
3473 3381
3472 3381
3471 3381
3470 3381
3469 3381
3468 3381
3466 3381
3464 3381
3463 3381
3381 3379
3462 3379
3461 3379
3460 3379
3459 3379
3458 3379
3457 3379
3456 3379
3379 3375
3455 3375
3454 3375
3453 3375
3451 3375
3450 3375
3449 3375
3448 3375
3447 3375
3446 3375
3444 3375
3443 3375
3375 3374
3442 3374
3440 3374
3439 3374
3438 3374
3437 3374
3436 3374
3435 3374
3433 3374
3432 3374
3374 3373
3431 3373
3430 3373
3429 3373
3428 3373
3427 3373
3425 3373
3424 3373
3423 3373
3422 3373
3421 3373
3420 3373
3373 3358
3419 3358
3418 3358
3417 3358
3416 3358
3415 3358
3414 3358
3413 3358
3411 3358
3410 3358
3409 3358
3408 3358
3358 3353
3407 3353
3406 3353
3405 3353
3404 3353
3403 3353
3402 3353
3401 3353
3400 3353
3399 3353
3398 3353
3397 3353
3353 3348
3396 3348
3395 3348
3394 3348
3393 3348
3392 3348
3391 3348
3390 3348
3389 3348
3388 3348
3387 3348
3386 3348
3348 3313
3385 3313
3383 3313
3382 3313
3380 3313
3378 3313
3377 3313
3376 3313
3372 3313
3371 3313
3370 3313
3369 3313
3313 3304
3368 3304
3367 3304
3366 3304
3365 3304
3364 3304
3363 3304
3362 3304
3361 3304
3360 3304
3359 3304
3357 3304
3304 3299
3356 3299
3355 3299
3354 3299
3352 3299
3351 3299
3350 3299
3299 3297
3349 3297
3347 3297
3346 3297
3345 3297
3344 3297
3343 3297
3342 3297
3341 3297
3340 3297
3339 3297
3297 3267
3338 3267
3337 3267
3336 3267
3335 3267
3334 3267
3333 3267
3332 3267
3331 3267
3330 3267
3329 3267
3267 3263
3328 3263
3327 3263
3326 3263
3325 3263
3324 3263
3323 3263
3322 3263
3321 3263
3320 3263
3319 3263
3263 3261
3318 3261
3317 3261
3316 3261
3315 3261
3314 3261
3312 3261
3311 3261
3310 3261
3309 3261
3261 3248
3308 3248
3307 3248
3306 3248
3305 3248
3303 3248
3302 3248
3301 3248
3300 3248
3298 3248
3296 3248
3295 3248
3248 3237
3294 3237
3293 3237
3292 3237
3291 3237
3290 3237
3289 3237
3288 3237
3287 3237
3286 3237
3285 3237
3284 3237
3237 3234
3283 3234
3282 3234
3281 3234
3280 3234
3279 3234
3278 3234
3234 3226
3277 3226
3276 3226
3275 3226
3274 3226
3273 3226
3272 3226
3271 3226
3270 3226
3269 3226
3268 3226
3226 3215
3266 3215
3265 3215
3264 3215
3262 3215
3260 3215
3259 3215
3258 3215
3257 3215
3256 3215
3255 3215
3254 3215
3215 3208
3253 3208
3252 3208
3251 3208
3250 3208
3249 3208
3247 3208
3246 3208
3245 3208
3244 3208
3243 3208
3208 3192
3242 3192
3241 3192
3240 3192
3239 3192
3238 3192
3236 3192
3235 3192
3233 3192
3192 3183
3232 3183
3231 3183
3230 3183
3229 3183
3228 3183
3227 3183
3225 3183
3224 3183
3183 3181
3223 3181
3222 3181
3221 3181
3220 3181
3219 3181
3218 3181
3217 3181
3216 3181
3214 3181
3213 3181
3212 3181
3181 3178
3211 3178
3210 3178
3209 3178
3207 3178
3206 3178
3205 3178
3204 3178
3203 3178
3178 3165
3202 3165
3201 3165
3200 3165
3199 3165
3198 3165
3197 3165
3196 3165
3195 3165
3194 3165
3193 3165
3165 3150
3191 3150
3190 3150
3189 3150
3188 3150
3187 3150
3186 3150
3185 3150
3184 3150
3182 3150
3180 3150
3179 3150
3150 3147
3177 3147
3176 3147
3175 3147
3174 3147
3173 3147
3172 3147
3171 3147
3170 3147
3169 3147
3168 3147
3147 3144
3167 3144
3166 3144
3164 3144
3163 3144
3162 3144
3161 3144
3160 3144
3159 3144
3158 3144
3157 3144
3156 3144
3144 3123
3155 3123
3154 3123
3153 3123
3152 3123
3151 3123
3149 3123
3148 3123
3146 3123
3145 3123
3143 3123
3142 3123
3123 3119
3141 3119
3140 3119
3139 3119
3138 3119
3137 3119
3136 3119
3135 3119
3134 3119
3133 3119
3132 3119
3131 3119
3119 3111
3130 3111
3129 3111
3128 3111
3127 3111
3126 3111
3125 3111
3124 3111
3122 3111
3111 3107
3121 3107
3120 3107
3118 3107
3117 3107
3116 3107
3115 3107
3114 3107
3113 3107
3112 3107
3107 3096
3110 3096
3109 3096
3108 3096
3106 3096
3105 3096
3104 3096
3103 3096
3102 3096
3101 3096
3100 3096
3099 3096
3096 3086
3098 3086
3097 3086
3095 3086
3094 3086
3093 3086
3092 3086
3091 3086
3090 3086
3089 3086
3086 3079
3088 3079
3087 3079
3085 3079
3084 3079
3083 3079
3082 3079
3081 3079
3080 3079
3078 3079
3076 3079
3072 3079
3079 3077
3071 3077
3070 3077
3068 3077
3067 3077
3066 3077
3065 3077
3064 3077
3063 3077
3061 3077
3060 3077
3059 3077
3077 3075
3058 3075
3057 3075
3056 3075
3054 3075
3053 3075
3052 3075
3051 3075
3050 3075
3049 3075
3048 3075
3075 3074
3047 3074
3046 3074
3044 3074
3043 3074
3042 3074
3041 3074
3039 3074
3037 3074
3074 3073
3035 3073
3034 3073
3033 3073
3032 3073
3031 3073
3030 3073
3029 3073
3028 3073
3027 3073
3026 3073
3025 3073
3073 3069
3024 3069
3023 3069
3022 3069
3020 3069
3019 3069
3018 3069
3017 3069
3016 3069
3015 3069
3014 3069
3013 3069
3069 3062
3012 3062
3011 3062
3010 3062
3009 3062
3008 3062
3007 3062
3006 3062
3005 3062
3004 3062
3062 3055
3003 3055
3002 3055
3001 3055
3000 3055
2999 3055
2998 3055
2997 3055
2996 3055
2995 3055
2994 3055
2992 3055
3055 3045
2991 3045
2990 3045
2989 3045
2988 3045
2986 3045
2985 3045
2984 3045
2983 3045
2982 3045
2981 3045
3045 3040
2980 3040
2979 3040
2977 3040
2976 3040
2974 3040
2973 3040
2972 3040
2971 3040
3040 3038
2970 3038
2969 3038
2967 3038
2966 3038
2965 3038
2964 3038
2963 3038
2962 3038
2961 3038
2960 3038
3038 3036
2959 3036
2958 3036
2957 3036
2956 3036
2955 3036
2954 3036
2952 3036
2951 3036
2950 3036
3036 3021
2949 3021
2948 3021
2947 3021
2945 3021
2944 3021
2943 3021
2942 3021
2941 3021
2940 3021
2939 3021
2938 3021
3021 2993
2937 2993
2936 2993
2935 2993
2934 2993
2933 2993
2932 2993
2931 2993
2930 2993
2928 2993
2927 2993
2926 2993
2993 2987
2925 2987
2924 2987
2923 2987
2922 2987
2921 2987
2920 2987
2918 2987
2916 2987
2915 2987
2914 2987
2913 2987
2987 2978
2912 2978
2911 2978
2910 2978
2909 2978
2908 2978
2907 2978
2906 2978
2905 2978
2903 2978
2902 2978
2901 2978
2978 2975
2900 2975
2899 2975
2898 2975
2897 2975
2896 2975
2895 2975
2894 2975
2893 2975
2892 2975
2891 2975
2975 2968
2890 2968
2889 2968
2888 2968
2887 2968
2886 2968
2885 2968
2884 2968
2883 2968
2882 2968
2881 2968
2880 2968
2968 2953
2879 2953
2878 2953
2877 2953
2876 2953
2875 2953
2874 2953
2873 2953
2953 2946
2872 2946
2871 2946
2870 2946
2869 2946
2868 2946
2867 2946
2866 2946
2865 2946
2864 2946
2863 2946
2946 2929
2862 2929
2861 2929
2860 2929
2859 2929
2858 2929
2857 2929
2855 2929
2854 2929
2853 2929
2852 2929
2851 2929
2929 2919
2850 2919
2849 2919
2848 2919
2847 2919
2846 2919
2845 2919
2844 2919
2843 2919
2842 2919
2919 2917
2840 2917
2839 2917
2838 2917
2837 2917
2836 2917
2834 2917
2833 2917
2831 2917
2830 2917
2829 2917
2917 2904
2828 2904
2827 2904
2826 2904
2825 2904
2824 2904
2822 2904
2821 2904
2820 2904
2904 2856
2819 2856
2818 2856
2816 2856
2815 2856
2813 2856
2812 2856
2811 2856
2809 2856
2808 2856
2807 2856
2806 2856
2856 2841
2805 2841
2804 2841
2803 2841
2802 2841
2801 2841
2799 2841
2798 2841
2797 2841
2796 2841
2795 2841
2841 2835
2794 2835
2793 2835
2792 2835
2791 2835
2790 2835
2789 2835
2788 2835
2787 2835
2786 2835
2785 2835
2784 2835
2835 2832
2783 2832
2782 2832
2781 2832
2780 2832
2779 2832
2778 2832
2777 2832
2832 2823
2775 2823
2774 2823
2773 2823
2772 2823
2771 2823
2770 2823
2769 2823
2768 2823
2767 2823
2823 2817
2766 2817
2765 2817
2764 2817
2763 2817
2762 2817
2761 2817
2760 2817
2759 2817
2817 2814
2758 2814
2757 2814
2756 2814
2755 2814
2754 2814
2753 2814
2752 2814
2751 2814
2750 2814
2749 2814
2814 2810
2747 2810
2746 2810
2745 2810
2744 2810
2743 2810
2742 2810
2740 2810
2739 2810
2738 2810
2737 2810
2810 2800
2736 2800
2735 2800
2734 2800
2733 2800
2732 2800
2731 2800
2730 2800
2729 2800
2728 2800
2727 2800
2726 2800
2800 2776
2725 2776
2724 2776
2723 2776
2722 2776
2721 2776
2720 2776
2718 2776
2717 2776
2716 2776
2715 2776
2714 2776
2776 2748
2713 2748
2712 2748
2711 2748
2710 2748
2708 2748
2706 2748
2705 2748
2704 2748
2703 2748
2748 2741
2702 2741
2701 2741
2700 2741
2698 2741
2741 2719
2697 2719
2696 2719
2695 2719
2694 2719
2693 2719
2692 2719
2691 2719
2690 2719
2688 2719
2687 2719
2686 2719
2719 2709
2685 2709
2684 2709
2683 2709
2682 2709
2681 2709
2680 2709
2679 2709
2678 2709
2677 2709
2676 2709
2709 2707
2675 2707
2674 2707
2673 2707
2672 2707
2671 2707
2670 2707
2669 2707
2668 2707
2667 2707
2666 2707
2665 2707
2707 2699
2664 2699
2663 2699
2662 2699
2661 2699
2660 2699
2659 2699
2658 2699
2657 2699
2656 2699
2655 2699
2654 2699
2699 2689
2653 2689
2651 2689
2650 2689
2649 2689
2648 2689
2647 2689
2646 2689
2645 2689
2644 2689
2689 2652
2641 2652
2640 2652
2639 2652
2638 2652
2636 2652
2635 2652
2634 2652
2632 2652
2631 2652
2629 2652
2628 2652
2652 2643
2627 2643
2626 2643
2623 2643
2622 2643
2621 2643
2620 2643
2619 2643
2618 2643
2617 2643
2616 2643
2643 2642
2615 2642
2614 2642
2613 2642
2612 2642
2610 2642
2609 2642
2608 2642
2607 2642
2642 2637
2606 2637
2605 2637
2604 2637
2602 2637
2601 2637
2600 2637
2599 2637
2598 2637
2597 2637
2596 2637
2637 2633
2595 2633
2594 2633
2593 2633
2592 2633
2590 2633
2589 2633
2588 2633
2587 2633
2586 2633
2633 2630
2585 2630
2584 2630
2583 2630
2582 2630
2581 2630
2579 2630
2578 2630
2575 2630
2574 2630
2630 2625
2573 2625
2572 2625
2571 2625
2570 2625
2569 2625
2567 2625
2625 2624
2566 2624
2565 2624
2564 2624
2563 2624
2561 2624
2560 2624
2559 2624
2558 2624
2557 2624
2556 2624
2624 2611
2555 2611
2554 2611
2553 2611
2552 2611
2551 2611
2550 2611
2549 2611
2548 2611
2547 2611
2546 2611
2611 2603
2545 2603
2544 2603
2543 2603
2542 2603
2541 2603
2540 2603
2539 2603
2538 2603
2537 2603
2536 2603
2535 2603
2603 2591
2534 2591
2533 2591
2532 2591
2531 2591
2530 2591
2529 2591
2528 2591
2527 2591
2526 2591
2525 2591
2591 2580
2524 2580
2523 2580
2522 2580
2519 2580
2518 2580
2517 2580
2516 2580
2515 2580
2514 2580
2580 2577
2513 2577
2512 2577
2511 2577
2510 2577
2509 2577
2508 2577
2507 2577
2506 2577
2505 2577
2503 2577
2577 2576
2502 2576
2501 2576
2500 2576
2499 2576
2498 2576
2497 2576
2496 2576
2495 2576
2494 2576
2493 2576
2576 2568
2492 2568
2491 2568
2490 2568
2489 2568
2488 2568
2487 2568
2486 2568
2485 2568
2484 2568
2483 2568
2568 2562
2481 2562
2480 2562
2479 2562
2478 2562
2477 2562
2476 2562
2475 2562
2474 2562
2472 2562
2471 2562
2562 2521
2470 2521
2469 2521
2468 2521
2467 2521
2466 2521
2465 2521
2464 2521
2463 2521
2462 2521
2461 2521
2460 2521
2521 2520
2459 2520
2457 2520
2456 2520
2455 2520
2454 2520
2453 2520
2452 2520
2451 2520
2450 2520
2449 2520
2448 2520
2520 2504
2447 2504
2446 2504
2445 2504
2444 2504
2443 2504
2442 2504
2441 2504
2440 2504
2504 2482
2439 2482
2438 2482
2437 2482
2436 2482
2435 2482
2434 2482
2433 2482
2432 2482
2431 2482
2430 2482
2429 2482
2482 2473
2428 2473
2426 2473
2425 2473
2424 2473
2423 2473
2422 2473
2421 2473
2420 2473
2419 2473
2473 2458
2418 2458
2417 2458
2415 2458
2414 2458
2413 2458
2412 2458
2411 2458
2409 2458
2408 2458
2407 2458
2458 2427
2406 2427
2405 2427
2404 2427
2403 2427
2402 2427
2401 2427
2400 2427
2399 2427
2427 2416
2398 2416
2397 2416
2396 2416
2395 2416
2394 2416
2393 2416
2392 2416
2391 2416
2390 2416
2389 2416
2388 2416
2416 2410
2387 2410
2386 2410
2385 2410
2383 2410
2382 2410
2381 2410
2380 2410
2379 2410
2378 2410
2377 2410
2375 2410
2410 2384
2374 2384
2373 2384
2372 2384
2371 2384
2370 2384
2369 2384
2368 2384
2367 2384
2366 2384
2363 2384
2362 2384
2384 2376
2361 2376
2360 2376
2359 2376
2358 2376
2357 2376
2356 2376
2355 2376
2354 2376
2352 2376
2351 2376
2376 2365
2350 2365
2349 2365
2348 2365
2347 2365
2346 2365
2345 2365
2344 2365
2343 2365
2342 2365
2365 2364
2341 2364
2340 2364
2339 2364
2338 2364
2337 2364
2336 2364
2335 2364
2334 2364
2332 2364
2331 2364
2330 2364
2364 2353
2329 2353
2328 2353
2326 2353
2325 2353
2322 2353
2321 2353
2320 2353
2319 2353
2353 2333
2318 2333
2317 2333
2316 2333
2315 2333
2314 2333
2313 2333
2312 2333
2333 2327
2311 2327
2310 2327
2309 2327
2308 2327
2307 2327
2306 2327
2305 2327
2304 2327
2303 2327
2302 2327
2327 2324
2301 2324
2300 2324
2299 2324
2298 2324
2297 2324
2296 2324
2295 2324
2294 2324
2293 2324
2292 2324
2324 2323
2291 2323
2290 2323
2288 2323
2287 2323
2286 2323
2284 2323
2283 2323
2282 2323
2281 2323
2280 2323
2279 2323
2323 2289
2278 2289
2276 2289
2275 2289
2274 2289
2273 2289
2272 2289
2271 2289
2270 2289
2269 2289
2268 2289
2267 2289
2289 2285
2266 2285
2265 2285
2264 2285
2263 2285
2262 2285
2261 2285
2260 2285
2259 2285
2258 2285
2257 2285
2256 2285
2285 2277
2255 2277
2254 2277
2253 2277
2252 2277
2251 2277
2250 2277
2249 2277
2248 2277
2247 2277
2277 2229
2246 2229
2245 2229
2244 2229
2243 2229
2242 2229
2241 2229
2240 2229
2239 2229
2238 2229
2237 2229
2236 2229
2229 2215
2235 2215
2234 2215
2233 2215
2232 2215
2231 2215
2215 2203
2230 2203
2228 2203
2227 2203
2226 2203
2225 2203
2203 2200
2224 2200
2223 2200
2222 2200
2221 2200
2220 2200
2219 2200
2218 2200
2217 2200
2216 2200
2214 2200
2213 2200
2200 2187
2212 2187
2211 2187
2210 2187
2209 2187
2208 2187
2207 2187
2206 2187
2205 2187
2204 2187
2202 2187
2187 2156
2201 2156
2199 2156
2198 2156
2197 2156
2196 2156
2195 2156
2194 2156
2193 2156
2192 2156
2191 2156
2156 2150
2190 2150
2189 2150
2188 2150
2186 2150
2185 2150
2184 2150
2183 2150
2150 2141
2182 2141
2181 2141
2180 2141
2179 2141
2178 2141
2177 2141
2176 2141
2175 2141
2174 2141
2173 2141
2141 2135
2172 2135
2171 2135
2170 2135
2169 2135
2168 2135
2167 2135
2166 2135
2165 2135
2164 2135
2163 2135
2162 2135
2135 2121
2161 2121
2160 2121
2159 2121
2158 2121
2157 2121
2155 2121
2154 2121
2153 2121
2152 2121
2151 2121
2149 2121
2121 2117
2148 2117
2147 2117
2146 2117
2145 2117
2144 2117
2143 2117
2142 2117
2140 2117
2139 2117
2117 2110
2138 2110
2137 2110
2136 2110
2134 2110
2133 2110
2132 2110
2131 2110
2130 2110
2110 2109
2129 2109
2128 2109
2127 2109
2126 2109
2125 2109
2124 2109
2123 2109
2122 2109
2120 2109
2119 2109
2109 2107
2118 2107
2116 2107
2115 2107
2114 2107
2113 2107
2112 2107
2111 2107
2108 2107
2106 2107
2105 2107
2107 2104
2103 2104
2102 2104
2101 2104
2100 2104
2099 2104
2098 2104
2097 2104
2096 2104
2095 2104
2094 2104
2092 2104
2104 2093
2091 2093
2090 2093
2089 2093
2088 2093
2087 2093
2085 2093
2084 2093
2083 2093
2082 2093
2081 2093
2093 2086
2080 2086
2079 2086
2078 2086
2077 2086
2075 2086
2074 2086
2073 2086
2072 2086
2071 2086
2070 2086
2086 2076
2069 2076
2068 2076
2066 2076
2064 2076
2063 2076
2062 2076
2061 2076
2060 2076
2076 2067
2059 2067
2058 2067
2057 2067
2056 2067
2055 2067
2054 2067
2052 2067
2051 2067
2050 2067
2049 2067
2067 2065
2048 2065
2047 2065
2046 2065
2045 2065
2044 2065
2043 2065
2042 2065
2065 2053
2041 2053
2039 2053
2038 2053
2037 2053
2036 2053
2035 2053
2034 2053
2033 2053
2032 2053
2053 2040
2031 2040
2030 2040
2029 2040
2028 2040
2027 2040
2025 2040
2024 2040
2023 2040
2022 2040
2021 2040
2040 2026
2020 2026
2019 2026
2018 2026
2016 2026
2015 2026
2014 2026
2013 2026
2026 2017
2012 2017
2011 2017
2010 2017
2009 2017
2008 2017
2007 2017
2006 2017
2005 2017
2004 2017
2017 1978
2003 1978
2002 1978
2001 1978
2000 1978
1999 1978
1998 1978
1997 1978
1996 1978
1995 1978
1994 1978
1993 1978
1978 1971
1992 1971
1991 1971
1990 1971
1989 1971
1988 1971
1987 1971
1986 1971
1985 1971
1984 1971
1983 1971
1982 1971
1971 1968
1981 1968
1980 1968
1979 1968
1977 1968
1976 1968
1975 1968
1974 1968
1973 1968
1972 1968
1970 1968
1968 1961
1969 1961
1967 1961
1966 1961
1965 1961
1964 1961
1963 1961
1962 1961
1960 1961
1959 1961
1958 1961
1957 1961
1961 1954
1956 1954
1955 1954
1953 1954
1952 1954
1951 1954
1950 1954
1949 1954
1948 1954
1947 1954
1946 1954
1945 1954
1954 1931
1944 1931
1943 1931
1942 1931
1941 1931
1940 1931
1939 1931
1938 1931
1937 1931
1936 1931
1931 1912
1935 1912
1934 1912
1933 1912
1932 1912
1930 1912
1929 1912
1928 1912
1927 1912
1926 1912
1912 1908
1925 1908
1924 1908
1923 1908
1922 1908
1921 1908
1920 1908
1919 1908
1918 1908
1917 1908
1916 1908
1915 1908
1908 1901
1914 1901
1913 1901
1911 1901
1910 1901
1909 1901
1907 1901
1906 1901
1905 1901
1904 1901
1903 1901
1902 1901
1901 1884
1900 1884
1899 1884
1898 1884
1897 1884
1896 1884
1895 1884
1894 1884
1893 1884
1892 1884
1891 1884
1890 1884
1884 1875
1889 1875
1888 1875
1887 1875
1886 1875
1885 1875
1883 1875
1882 1875
1881 1875
1880 1875
1879 1875
1875 1865
1878 1865
1877 1865
1876 1865
1874 1865
1873 1865
1872 1865
1871 1865
1870 1865
1869 1865
1868 1865
1865 1864
1867 1864
1866 1864
1863 1864
1862 1864
1861 1864
1860 1864
1859 1864
1857 1864
1856 1864
1864 1858
1854 1858
1853 1858
1852 1858
1851 1858
1850 1858
1849 1858
1847 1858
1845 1858
1858 1855
1843 1855
1842 1855
1841 1855
1840 1855
1839 1855
1838 1855
1837 1855
1836 1855
1834 1855
1833 1855
1855 1848
1832 1848
1830 1848
1829 1848
1828 1848
1827 1848
1826 1848
1825 1848
1848 1846
1824 1846
1823 1846
1822 1846
1821 1846
1820 1846
1819 1846
1846 1844
1818 1844
1817 1844
1816 1844
1815 1844
1814 1844
1813 1844
1812 1844
1811 1844
1810 1844
1809 1844
1844 1835
1808 1835
1807 1835
1805 1835
1804 1835
1803 1835
1802 1835
1801 1835
1800 1835
1799 1835
1798 1835
1835 1831
1797 1831
1796 1831
1795 1831
1794 1831
1793 1831
1792 1831
1791 1831
1790 1831
1789 1831
1787 1831
1786 1831
1831 1806
1785 1806
1784 1806
1783 1806
1782 1806
1781 1806
1806 1788
1778 1788
1777 1788
1776 1788
1775 1788
1774 1788
1773 1788
1772 1788
1771 1788
1770 1788
1788 1780
1769 1780
1768 1780
1767 1780
1766 1780
1764 1780
1763 1780
1762 1780
1761 1780
1760 1780
1759 1780
1780 1779
1758 1779
1757 1779
1756 1779
1755 1779
1753 1779
1752 1779
1751 1779
1750 1779
1749 1779
1779 1765
1748 1765
1747 1765
1746 1765
1745 1765
1744 1765
1743 1765
1741 1765
1740 1765
1765 1754
1739 1754
1738 1754
1737 1754
1736 1754
1735 1754
1734 1754
1733 1754
1732 1754
1730 1754
1727 1754
1725 1754
1754 1742
1724 1742
1723 1742
1722 1742
1720 1742
1718 1742
1717 1742
1715 1742
1714 1742
1742 1731
1713 1731
1712 1731
1711 1731
1710 1731
1709 1731
1708 1731
1707 1731
1706 1731
1705 1731
1731 1729
1704 1729
1703 1729
1702 1729
1701 1729
1700 1729
1699 1729
1698 1729
1697 1729
1696 1729
1729 1728
1695 1728
1694 1728
1693 1728
1692 1728
1691 1728
1690 1728
1689 1728
1687 1728
1686 1728
1728 1726
1685 1726
1683 1726
1682 1726
1681 1726
1680 1726
1679 1726
1677 1726
1726 1721
1676 1721
1675 1721
1674 1721
1673 1721
1672 1721
1671 1721
1669 1721
1668 1721
1666 1721
1665 1721
1721 1719
1664 1719
1663 1719
1662 1719
1661 1719
1660 1719
1659 1719
1658 1719
1657 1719
1719 1716
1656 1716
1655 1716
1654 1716
1653 1716
1652 1716
1651 1716
1650 1716
1649 1716
1648 1716
1647 1716
1646 1716
1716 1688
1645 1688
1643 1688
1642 1688
1641 1688
1640 1688
1639 1688
1638 1688
1637 1688
1636 1688
1635 1688
1688 1684
1633 1684
1632 1684
1631 1684
1630 1684
1629 1684
1627 1684
1626 1684
1624 1684
1623 1684
1684 1678
1622 1678
1621 1678
1620 1678
1619 1678
1678 1670
1618 1670
1617 1670
1616 1670
1615 1670
1614 1670
1613 1670
1612 1670
1611 1670
1610 1670
1608 1670
1607 1670
1670 1667
1606 1667
1605 1667
1604 1667
1602 1667
1601 1667
1600 1667
1599 1667
1598 1667
1597 1667
1596 1667
1595 1667
1667 1644
1594 1644
1593 1644
1592 1644
1591 1644
1590 1644
1589 1644
1588 1644
1587 1644
1586 1644
1585 1644
1584 1644
1644 1634
1583 1634
1582 1634
1581 1634
1579 1634
1578 1634
1577 1634
1576 1634
1575 1634
1573 1634
1572 1634
1571 1634
1634 1628
1569 1628
1568 1628
1567 1628
1566 1628
1565 1628
1564 1628
1563 1628
1562 1628
1561 1628
1560 1628
1628 1625
1559 1625
1558 1625
1557 1625
1556 1625
1555 1625
1553 1625
1550 1625
1549 1625
1548 1625
1625 1609
1547 1609
1546 1609
1545 1609
1544 1609
1543 1609
1542 1609
1541 1609
1540 1609
1539 1609
1538 1609
1537 1609
1609 1603
1536 1603
1535 1603
1534 1603
1533 1603
1532 1603
1531 1603
1530 1603
1529 1603
1528 1603
1527 1603
1603 1580
1526 1580
1525 1580
1524 1580
1523 1580
1522 1580
1521 1580
1520 1580
1518 1580
1517 1580
1516 1580
1515 1580
1580 1574
1514 1574
1513 1574
1512 1574
1511 1574
1509 1574
1508 1574
1507 1574
1506 1574
1505 1574
1504 1574
1503 1574
1574 1570
1502 1570
1500 1570
1499 1570
1498 1570
1497 1570
1496 1570
1495 1570
1494 1570
1570 1554
1493 1554
1492 1554
1491 1554
1490 1554
1489 1554
1488 1554
1487 1554
1486 1554
1485 1554
1484 1554
1483 1554
1554 1552
1482 1552
1481 1552
1480 1552
1479 1552
1478 1552
1477 1552
1474 1552
1473 1552
1472 1552
1471 1552
1552 1551
1470 1551
1469 1551
1468 1551
1467 1551
1466 1551
1465 1551
1463 1551
1462 1551
1461 1551
1460 1551
1551 1519
1458 1519
1457 1519
1455 1519
1454 1519
1452 1519
1451 1519
1450 1519
1449 1519
1448 1519
1447 1519
1519 1510
1446 1510
1445 1510
1444 1510
1443 1510
1442 1510
1441 1510
1440 1510
1439 1510
1438 1510
1437 1510
1510 1501
1436 1501
1434 1501
1433 1501
1432 1501
1431 1501
1430 1501
1429 1501
1428 1501
1427 1501
1426 1501
1501 1476
1425 1476
1424 1476
1422 1476
1421 1476
1420 1476
1419 1476
1418 1476
1417 1476
1416 1476
1476 1475
1415 1475
1414 1475
1413 1475
1412 1475
1411 1475
1410 1475
1409 1475
1408 1475
1407 1475
1406 1475
1405 1475
1475 1464
1404 1464
1403 1464
1402 1464
1401 1464
1400 1464
1399 1464
1397 1464
1396 1464
1395 1464
1394 1464
1464 1459
1393 1459
1392 1459
1391 1459
1390 1459
1389 1459
1388 1459
1387 1459
1386 1459
1385 1459
1384 1459
1383 1459
1459 1456
1382 1456
1381 1456
1380 1456
1379 1456
1378 1456
1377 1456
1376 1456
1375 1456
1456 1453
1374 1453
1373 1453
1372 1453
1370 1453
1369 1453
1368 1453
1367 1453
1366 1453
1365 1453
1453 1435
1364 1435
1361 1435
1360 1435
1359 1435
1358 1435
1357 1435
1356 1435
1355 1435
1354 1435
1352 1435
1435 1423
1351 1423
1350 1423
1349 1423
1348 1423
1347 1423
1346 1423
1345 1423
1344 1423
1343 1423
1342 1423
1341 1423
1423 1398
1339 1398
1338 1398
1337 1398
1335 1398
1334 1398
1333 1398
1332 1398
1331 1398
1330 1398
1329 1398
1328 1398
1398 1371
1327 1371
1326 1371
1324 1371
1323 1371
1322 1371
1321 1371
1320 1371
1319 1371
1318 1371
1317 1371
1316 1371
1371 1363
1315 1363
1314 1363
1313 1363
1312 1363
1311 1363
1310 1363
1309 1363
1308 1363
1363 1362
1306 1362
1305 1362
1304 1362
1303 1362
1302 1362
1301 1362
1300 1362
1299 1362
1297 1362
1296 1362
1295 1362
1362 1353
1294 1353
1293 1353
1292 1353
1291 1353
1290 1353
1289 1353
1288 1353
1287 1353
1353 1340
1286 1340
1285 1340
1284 1340
1283 1340
1282 1340
1281 1340
1280 1340
1279 1340
1278 1340
1277 1340
1276 1340
1340 1336
1275 1336
1274 1336
1273 1336
1272 1336
1271 1336
1270 1336
1268 1336
1267 1336
1266 1336
1336 1325
1265 1325
1264 1325
1263 1325
1262 1325
1261 1325
1260 1325
1258 1325
1257 1325
1256 1325
1255 1325
1254 1325
1325 1307
1253 1307
1252 1307
1251 1307
1250 1307
1249 1307
1248 1307
1247 1307
1246 1307
1245 1307
1244 1307
1307 1298
1243 1298
1241 1298
1240 1298
1239 1298
1238 1298
1237 1298
1236 1298
1298 1269
1234 1269
1233 1269
1232 1269
1231 1269
1230 1269
1229 1269
1228 1269
1227 1269
1226 1269
1225 1269
1224 1269
1269 1259
1223 1259
1220 1259
1219 1259
1218 1259
1217 1259
1216 1259
1215 1259
1214 1259
1213 1259
1212 1259
1259 1242
1211 1242
1210 1242
1209 1242
1208 1242
1207 1242
1242 1235
1206 1235
1205 1235
1204 1235
1202 1235
1201 1235
1200 1235
1199 1235
1198 1235
1197 1235
1196 1235
1195 1235
1235 1222
1194 1222
1193 1222
1192 1222
1191 1222
1190 1222
1189 1222
1188 1222
1187 1222
1186 1222
1222 1221
1185 1221
1184 1221
1183 1221
1182 1221
1181 1221
1180 1221
1221 1203
1179 1203
1178 1203
1177 1203
1176 1203
1175 1203
1174 1203
1173 1203
1172 1203
1171 1203
1170 1203
1203 1105
1169 1105
1168 1105
1167 1105
1166 1105
1165 1105
1164 1105
1163 1105
1162 1105
1161 1105
1160 1105
1105 1103
1159 1103
1158 1103
1157 1103
1156 1103
1155 1103
1154 1103
1153 1103
1152 1103
1151 1103
1150 1103
1149 1103
1103 1098
1148 1098
1147 1098
1146 1098
1145 1098
1144 1098
1143 1098
1142 1098
1141 1098
1140 1098
1139 1098
1138 1098
1098 1083
1137 1083
1136 1083
1135 1083
1134 1083
1133 1083
1132 1083
1131 1083
1130 1083
1129 1083
1128 1083
1127 1083
1083 1077
1126 1077
1125 1077
1124 1077
1123 1077
1122 1077
1121 1077
1120 1077
1119 1077
1118 1077
1117 1077
1077 1066
1116 1066
1115 1066
1114 1066
1113 1066
1112 1066
1111 1066
1110 1066
1066 1062
1109 1062
1108 1062
1107 1062
1106 1062
1104 1062
1102 1062
1062 1048
1101 1048
1100 1048
1099 1048
1097 1048
1096 1048
1095 1048
1094 1048
1048 1037
1093 1037
1092 1037
1091 1037
1090 1037
1089 1037
1088 1037
1087 1037
1086 1037
1085 1037
1084 1037
1082 1037
1037 1032
1081 1032
1080 1032
1079 1032
1078 1032
1076 1032
1075 1032
1074 1032
1073 1032
1032 1025
1072 1025
1071 1025
1070 1025
1069 1025
1068 1025
1067 1025
1065 1025
1064 1025
1063 1025
1061 1025
1060 1025
1025 1017
1059 1017
1058 1017
1057 1017
1056 1017
1055 1017
1054 1017
1053 1017
1052 1017
1051 1017
1017 1010
1050 1010
1049 1010
1047 1010
1046 1010
1045 1010
1044 1010
1043 1010
1042 1010
1041 1010
1040 1010
1010 994
1039 994
1038 994
1036 994
1035 994
1034 994
1033 994
1031 994
1030 994
1029 994
1028 994
994 993
1027 993
1026 993
1024 993
1023 993
1022 993
1021 993
1020 993
1019 993
1018 993
1016 993
1015 993
993 986
1014 986
1013 986
1012 986
1011 986
1009 986
1008 986
1007 986
1006 986
1005 986
1004 986
986 979
1003 979
1002 979
1001 979
1000 979
999 979
998 979
997 979
996 979
995 979
992 979
991 979
979 972
990 972
989 972
988 972
987 972
985 972
984 972
983 972
982 972
981 972
980 972
978 972
972 965
977 965
976 965
975 965
974 965
973 965
971 965
970 965
969 965
968 965
967 965
965 931
966 931
964 931
963 931
962 931
961 931
960 931
959 931
958 931
957 931
956 931
955 931
931 914
954 914
953 914
952 914
951 914
950 914
949 914
948 914
947 914
946 914
914 907
945 907
944 907
943 907
942 907
941 907
940 907
939 907
938 907
937 907
907 902
936 902
935 902
934 902
933 902
932 902
930 902
929 902
928 902
927 902
902 898
926 898
925 898
924 898
923 898
922 898
921 898
920 898
919 898
918 898
917 898
916 898
898 880
915 880
913 880
912 880
911 880
910 880
909 880
908 880
906 880
905 880
880 857
904 857
903 857
901 857
900 857
899 857
897 857
896 857
895 857
894 857
893 857
857 854
892 854
891 854
890 854
889 854
888 854
887 854
886 854
885 854
884 854
883 854
882 854
854 835
881 835
879 835
878 835
877 835
876 835
875 835
874 835
873 835
872 835
871 835
835 826
870 826
869 826
868 826
867 826
866 826
865 826
864 826
863 826
826 821
862 821
861 821
860 821
859 821
858 821
856 821
855 821
853 821
852 821
851 821
850 821
821 820
849 820
848 820
847 820
846 820
845 820
844 820
843 820
820 816
842 816
841 816
840 816
839 816
838 816
837 816
836 816
834 816
816 813
833 813
832 813
831 813
830 813
829 813
828 813
827 813
825 813
824 813
823 813
822 813
813 804
819 804
818 804
817 804
815 804
814 804
812 804
811 804
810 804
804 797
809 797
808 797
807 797
806 797
805 797
803 797
802 797
801 797
800 797
799 797
797 787
798 787
796 787
795 787
794 787
793 787
792 787
791 787
790 787
787 768
789 768
788 768
786 768
785 768
784 768
783 768
782 768
768 745
781 745
780 745
779 745
778 745
777 745
776 745
775 745
774 745
773 745
772 745
771 745
745 724
770 724
769 724
767 724
766 724
765 724
764 724
763 724
762 724
761 724
760 724
759 724
724 708
758 708
757 708
756 708
755 708
754 708
753 708
752 708
751 708
750 708
749 708
708 704
748 704
747 704
746 704
744 704
743 704
742 704
741 704
740 704
739 704
738 704
704 702
737 702
736 702
735 702
734 702
733 702
732 702
731 702
730 702
729 702
728 702
727 702
702 696
726 696
725 696
723 696
722 696
721 696
720 696
719 696
718 696
696 691
717 691
716 691
715 691
714 691
713 691
712 691
711 691
710 691
691 689
709 689
707 689
706 689
705 689
703 689
701 689
700 689
699 689
698 689
697 689
695 689
689 664
694 664
693 664
692 664
690 664
688 664
687 664
686 664
685 664
684 664
683 664
682 664
664 661
681 661
680 661
679 661
678 661
677 661
676 661
675 661
674 661
673 661
672 661
671 661
661 658
670 658
669 658
668 658
667 658
666 658
665 658
663 658
662 658
660 658
659 658
657 658
658 650
656 650
655 650
654 650
653 650
652 650
651 650
649 650
648 650
647 650
650 640
646 640
645 640
644 640
643 640
642 640
641 640
639 640
640 637
638 637
636 637
634 637
633 637
632 637
631 637
630 637
629 637
628 637
637 635
627 635
626 635
625 635
624 635
623 635
621 635
620 635
619 635
635 622
618 622
617 622
615 622
614 622
613 622
612 622
611 622
610 622
609 622
622 616
608 616
607 616
606 616
605 616
604 616
603 616
602 616
601 616
600 616
599 616
597 616
616 598
595 598
594 598
593 598
592 598
591 598
590 598
589 598
588 598
587 598
586 598
585 598
598 596
584 596
583 596
582 596
581 596
580 596
579 596
578 596
577 596
576 596
575 596
596 569
574 569
573 569
572 569
571 569
570 569
568 569
567 569
566 569
565 569
564 569
563 569
569 549
562 549
561 549
560 549
559 549
558 549
557 549
556 549
549 533
555 533
554 533
553 533
552 533
551 533
550 533
548 533
547 533
546 533
533 520
545 520
544 520
543 520
542 520
541 520
540 520
539 520
538 520
537 520
536 520
520 516
535 516
534 516
532 516
531 516
530 516
529 516
528 516
527 516
526 516
525 516
524 516
516 512
523 512
522 512
521 512
519 512
518 512
517 512
515 512
514 512
513 512
512 497
511 497
510 497
509 497
508 497
507 497
506 497
505 497
497 485
504 485
503 485
502 485
501 485
500 485
499 485
498 485
496 485
495 485
494 485
493 485
485 473
492 473
491 473
490 473
489 473
488 473
487 473
486 473
484 473
483 473
482 473
481 473
473 460
480 460
479 460
478 460
477 460
476 460
475 460
474 460
472 460
471 460
470 460
460 452
469 452
468 452
467 452
466 452
465 452
464 452
463 452
462 452
461 452
452 441
459 441
458 441
457 441
456 441
455 441
454 441
453 441
451 441
450 441
449 441
448 441
441 440
447 440
446 440
445 440
444 440
443 440
442 440
439 440
438 440
437 440
436 440
435 440
440 432
434 432
433 432
431 432
430 432
429 432
428 432
427 432
426 432
425 432
424 432
432 414
423 414
422 414
421 414
420 414
419 414
418 414
417 414
416 414
415 414
413 414
412 414
414 411
409 411
408 411
406 411
405 411
404 411
403 411
402 411
401 411
400 411
411 410
399 410
398 410
397 410
396 410
395 410
394 410
393 410
392 410
391 410
390 410
389 410
410 407
388 407
386 407
385 407
384 407
383 407
382 407
381 407
380 407
379 407
378 407
377 407
407 387
376 387
374 387
373 387
372 387
371 387
370 387
369 387
368 387
367 387
366 387
365 387
387 375
363 375
362 375
361 375
360 375
359 375
358 375
357 375
375 364
356 364
355 364
354 364
352 364
351 364
350 364
349 364
348 364
346 364
345 364
344 364
364 353
343 353
342 353
341 353
339 353
338 353
337 353
353 347
336 347
335 347
334 347
333 347
332 347
331 347
330 347
329 347
328 347
327 347
347 340
326 340
325 340
324 340
323 340
322 340
321 340
320 340
319 340
318 340
317 340
316 340
340 283
315 283
314 283
313 283
312 283
311 283
310 283
309 283
308 283
307 283
283 282
306 282
305 282
304 282
303 282
302 282
301 282
300 282
299 282
298 282
297 282
282 271
296 271
295 271
294 271
293 271
292 271
291 271
290 271
289 271
288 271
287 271
286 271
271 256
285 256
284 256
281 256
280 256
279 256
278 256
277 256
276 256
275 256
274 256
273 256
256 245
272 245
270 245
269 245
268 245
267 245
266 245
265 245
264 245
263 245
262 245
245 232
261 232
260 232
259 232
258 232
257 232
255 232
254 232
253 232
252 232
251 232
232 231
250 231
249 231
248 231
247 231
246 231
244 231
243 231
242 231
241 231
240 231
231 226
239 226
238 226
237 226
236 226
235 226
234 226
233 226
230 226
229 226
228 226
227 226
226 224
225 224
223 224
221 224
220 224
218 224
217 224
216 224
215 224
214 224
213 224
212 224
224 222
211 222
210 222
209 222
208 222
207 222
205 222
204 222
203 222
200 222
199 222
198 222
222 219
197 219
196 219
195 219
194 219
193 219
191 219
190 219
189 219
188 219
187 219
186 219
219 206
184 206
183 206
182 206
181 206
180 206
179 206
178 206
177 206
176 206
174 206
206 202
173 202
172 202
171 202
170 202
169 202
168 202
167 202
166 202
202 201
165 201
164 201
163 201
161 201
160 201
159 201
158 201
157 201
156 201
155 201
201 192
154 192
153 192
152 192
151 192
150 192
149 192
148 192
147 192
144 192
143 192
142 192
192 185
141 185
140 185
139 185
138 185
137 185
136 185
135 185
134 185
132 185
131 185
185 175
130 175
129 175
128 175
126 175
125 175
124 175
123 175
122 175
121 175
175 162
120 162
119 162
118 162
117 162
116 162
115 162
114 162
162 146
113 146
112 146
111 146
110 146
109 146
108 146
107 146
106 146
146 145
105 145
104 145
103 145
102 145
101 145
100 145
99 145
97 145
96 145
95 145
145 133
94 133
93 133
92 133
91 133
90 133
89 133
88 133
87 133
86 133
133 127
85 127
84 127
83 127
82 127
81 127
80 127
79 127
78 127
77 127
76 127
75 127
127 98
74 98
73 98
72 98
71 98
70 98
69 98
68 98
67 98
66 98
65 98
98 64
63 64
62 64
61 64
60 64
59 64
58 64
57 64
55 64
54 64
53 64
64 56
52 56
51 56
50 56
49 56
48 56
47 56
46 56
45 56
44 56
43 56
42 56
56 25
41 25
40 25
39 25
38 25
37 25
36 25
35 25
34 25
33 25
32 25
25 5
31 5
30 5
29 5
28 5
27 5
26 5
24 5
23 5
22 5
21 5
20 5
5 3
19 3
18 3
17 3
16 3
15 3
14 3
13 3
12 3
11 3
10 3
9 3
3 0
8 0
7 0
6 0
4 0
2 0
0 1
