8878
9992 9991
9991 9989
9990 9989
9988 9989
9987 9989
9986 9989
9985 9989
9984 9989
9983 9989
9989 9965
9982 9965
9981 9965
9980 9965
9979 9965
9978 9965
9977 9965
9976 9965
9975 9965
9965 9951
9974 9951
9973 9951
9972 9951
9971 9951
9970 9951
9969 9951
9968 9951
9967 9951
9951 9938
9966 9938
9964 9938
9963 9938
9962 9938
9961 9938
9960 9938
9959 9938
9958 9938
9938 9937
9957 9937
9956 9937
9955 9937
9954 9937
9953 9937
9952 9937
9950 9937
9949 9937
9937 9930
9948 9930
9947 9930
9946 9930
9945 9930
9944 9930
9943 9930
9942 9930
9941 9930
9940 9930
9930 9917
9939 9917
9936 9917
9935 9917
9934 9917
9933 9917
9932 9917
9931 9917
9929 9917
9928 9917
9917 9914
9927 9914
9926 9914
9925 9914
9924 9914
9923 9914
9922 9914
9921 9914
9914 9903
9920 9903
9919 9903
9918 9903
9916 9903
9915 9903
9913 9903
9912 9903
9911 9903
9903 9889
9910 9889
9909 9889
9908 9889
9907 9889
9906 9889
9905 9889
9904 9889
9902 9889
9889 9882
9901 9882
9900 9882
9899 9882
9898 9882
9897 9882
9896 9882
9895 9882
9894 9882
9882 9858
9893 9858
9892 9858
9891 9858
9890 9858
9888 9858
9887 9858
9886 9858
9885 9858
9884 9858
9858 9856
9883 9856
9881 9856
9880 9856
9879 9856
9878 9856
9877 9856
9876 9856
9875 9856
9874 9856
9856 9855
9873 9855
9872 9855
9871 9855
9870 9855
9869 9855
9868 9855
9867 9855
9866 9855
9865 9855
9855 9852
9864 9852
9863 9852
9862 9852
9861 9852
9860 9852
9859 9852
9857 9852
9854 9852
9853 9852
9852 9849
9851 9849
9850 9849
9848 9849
9847 9849
9846 9849
9845 9849
9844 9849
9843 9849
9842 9849
9849 9833
9841 9833
9840 9833
9839 9833
9838 9833
9837 9833
9836 9833
9835 9833
9834 9833
9832 9833
9833 9823
9831 9823
9830 9823
9829 9823
9828 9823
9827 9823
9826 9823
9825 9823
9824 9823
9821 9823
9823 9822
9820 9822
9819 9822
9818 9822
9817 9822
9816 9822
9815 9822
9814 9822
9813 9822
9822 9809
9812 9809
9811 9809
9810 9809
9808 9809
9807 9809
9806 9809
9805 9809
9803 9809
9802 9809
9809 9804
9801 9804
9800 9804
9799 9804
9798 9804
9797 9804
9796 9804
9795 9804
9794 9804
9793 9804
9804 9791
9792 9791
9790 9791
9789 9791
9788 9791
9787 9791
9785 9791
9784 9791
9791 9786
9783 9786
9782 9786
9780 9786
9779 9786
9778 9786
9777 9786
9776 9786
9775 9786
9786 9781
9774 9781
9773 9781
9772 9781
9771 9781
9770 9781
9769 9781
9768 9781
9767 9781
9766 9781
9781 9765
9764 9765
9763 9765
9762 9765
9760 9765
9759 9765
9758 9765
9757 9765
9756 9765
9765 9761
9755 9761
9754 9761
9753 9761
9752 9761
9751 9761
9748 9761
9747 9761
9746 9761
9744 9761
9761 9750
9743 9750
9742 9750
9741 9750
9740 9750
9739 9750
9738 9750
9737 9750
9736 9750
9735 9750
9750 9749
9734 9749
9733 9749
9732 9749
9731 9749
9730 9749
9729 9749
9728 9749
9726 9749
9749 9745
9725 9745
9722 9745
9721 9745
9719 9745
9718 9745
9717 9745
9716 9745
9715 9745
9714 9745
9745 9727
9713 9727
9712 9727
9711 9727
9710 9727
9709 9727
9708 9727
9707 9727
9706 9727
9705 9727
9727 9724
9704 9724
9703 9724
9702 9724
9701 9724
9700 9724
9699 9724
9698 9724
9724 9723
9697 9723
9696 9723
9695 9723
9694 9723
9693 9723
9692 9723
9691 9723
9690 9723
9723 9720
9689 9720
9688 9720
9687 9720
9686 9720
9683 9720
9682 9720
9681 9720
9680 9720
9679 9720
9720 9685
9678 9685
9677 9685
9676 9685
9674 9685
9673 9685
9672 9685
9671 9685
9670 9685
9668 9685
9685 9684
9666 9684
9665 9684
9663 9684
9661 9684
9660 9684
9659 9684
9658 9684
9657 9684
9656 9684
9684 9675
9655 9675
9654 9675
9653 9675
9652 9675
9651 9675
9650 9675
9649 9675
9648 9675
9647 9675
9675 9669
9646 9669
9645 9669
9644 9669
9643 9669
9641 9669
9640 9669
9639 9669
9637 9669
9636 9669
9669 9667
9635 9667
9634 9667
9632 9667
9631 9667
9630 9667
9628 9667
9627 9667
9626 9667
9625 9667
9667 9664
9624 9664
9623 9664
9622 9664
9621 9664
9620 9664
9619 9664
9618 9664
9617 9664
9664 9662
9616 9662
9615 9662
9614 9662
9613 9662
9612 9662
9611 9662
9610 9662
9662 9642
9608 9642
9607 9642
9606 9642
9605 9642
9604 9642
9603 9642
9602 9642
9642 9638
9601 9638
9599 9638
9598 9638
9597 9638
9594 9638
9638 9633
9593 9633
9591 9633
9590 9633
9589 9633
9588 9633
9587 9633
9633 9629
9586 9629
9585 9629
9584 9629
9583 9629
9582 9629
9581 9629
9579 9629
9577 9629
9629 9609
9576 9609
9575 9609
9574 9609
9573 9609
9572 9609
9570 9609
9609 9600
9569 9600
9568 9600
9567 9600
9566 9600
9564 9600
9563 9600
9562 9600
9561 9600
9600 9596
9560 9596
9559 9596
9558 9596
9557 9596
9556 9596
9555 9596
9554 9596
9553 9596
9596 9595
9552 9595
9551 9595
9550 9595
9549 9595
9548 9595
9547 9595
9546 9595
9595 9592
9545 9592
9544 9592
9543 9592
9542 9592
9541 9592
9540 9592
9539 9592
9538 9592
9537 9592
9592 9580
9536 9580
9534 9580
9533 9580
9532 9580
9531 9580
9530 9580
9529 9580
9580 9578
9528 9578
9527 9578
9526 9578
9525 9578
9522 9578
9521 9578
9520 9578
9518 9578
9517 9578
9578 9571
9516 9571
9515 9571
9514 9571
9513 9571
9512 9571
9511 9571
9510 9571
9509 9571
9571 9565
9507 9565
9505 9565
9504 9565
9503 9565
9502 9565
9501 9565
9499 9565
9497 9565
9565 9535
9496 9535
9494 9535
9493 9535
9492 9535
9491 9535
9490 9535
9489 9535
9535 9524
9487 9524
9486 9524
9485 9524
9484 9524
9483 9524
9482 9524
9481 9524
9480 9524
9479 9524
9524 9523
9478 9523
9477 9523
9476 9523
9475 9523
9473 9523
9471 9523
9470 9523
9469 9523
9468 9523
9523 9519
9467 9519
9465 9519
9464 9519
9463 9519
9462 9519
9461 9519
9460 9519
9459 9519
9458 9519
9519 9508
9457 9508
9456 9508
9455 9508
9454 9508
9453 9508
9452 9508
9451 9508
9508 9506
9450 9506
9448 9506
9447 9506
9445 9506
9444 9506
9506 9500
9443 9500
9442 9500
9441 9500
9440 9500
9439 9500
9438 9500
9437 9500
9436 9500
9435 9500
9500 9498
9434 9498
9433 9498
9432 9498
9431 9498
9430 9498
9429 9498
9498 9495
9428 9495
9427 9495
9426 9495
9425 9495
9424 9495
9421 9495
9419 9495
9418 9495
9417 9495
9495 9488
9416 9488
9415 9488
9414 9488
9413 9488
9412 9488
9411 9488
9409 9488
9408 9488
9488 9474
9407 9474
9406 9474
9405 9474
9404 9474
9403 9474
9402 9474
9401 9474
9400 9474
9474 9472
9399 9472
9398 9472
9397 9472
9393 9472
9392 9472
9391 9472
9472 9466
9390 9466
9389 9466
9388 9466
9387 9466
9386 9466
9385 9466
9384 9466
9466 9449
9383 9449
9381 9449
9380 9449
9379 9449
9378 9449
9377 9449
9376 9449
9375 9449
9449 9446
9374 9446
9373 9446
9372 9446
9371 9446
9370 9446
9369 9446
9368 9446
9367 9446
9446 9423
9366 9423
9365 9423
9364 9423
9362 9423
9361 9423
9423 9422
9360 9422
9359 9422
9357 9422
9356 9422
9355 9422
9354 9422
9353 9422
9352 9422
9351 9422
9422 9420
9350 9420
9349 9420
9348 9420
9347 9420
9346 9420
9345 9420
9344 9420
9420 9410
9342 9410
9341 9410
9340 9410
9339 9410
9338 9410
9337 9410
9335 9410
9410 9396
9334 9396
9333 9396
9332 9396
9331 9396
9330 9396
9329 9396
9328 9396
9396 9395
9327 9395
9326 9395
9325 9395
9324 9395
9323 9395
9322 9395
9321 9395
9395 9394
9320 9394
9319 9394
9318 9394
9317 9394
9314 9394
9313 9394
9312 9394
9310 9394
9309 9394
9394 9382
9308 9382
9307 9382
9306 9382
9305 9382
9304 9382
9382 9363
9303 9363
9302 9363
9301 9363
9300 9363
9299 9363
9298 9363
9297 9363
9296 9363
9295 9363
9363 9358
9293 9358
9292 9358
9291 9358
9290 9358
9289 9358
9287 9358
9358 9343
9286 9343
9285 9343
9284 9343
9283 9343
9282 9343
9281 9343
9343 9336
9280 9336
9279 9336
9278 9336
9277 9336
9276 9336
9336 9316
9274 9316
9273 9316
9272 9316
9271 9316
9270 9316
9269 9316
9268 9316
9267 9316
9266 9316
9316 9315
9265 9315
9264 9315
9263 9315
9262 9315
9261 9315
9260 9315
9259 9315
9258 9315
9315 9311
9257 9311
9256 9311
9255 9311
9254 9311
9253 9311
9252 9311
9251 9311
9250 9311
9249 9311
9311 9294
9246 9294
9245 9294
9244 9294
9243 9294
9242 9294
9241 9294
9240 9294
9239 9294
9294 9288
9238 9288
9237 9288
9236 9288
9233 9288
9232 9288
9231 9288
9230 9288
9229 9288
9228 9288
9288 9275
9227 9275
9226 9275
9225 9275
9224 9275
9222 9275
9221 9275
9220 9275
9219 9275
9218 9275
9275 9248
9216 9248
9215 9248
9214 9248
9213 9248
9248 9247
9212 9247
9211 9247
9210 9247
9209 9247
9208 9247
9207 9247
9206 9247
9204 9247
9203 9247
9247 9235
9202 9235
9201 9235
9200 9235
9199 9235
9198 9235
9195 9235
9194 9235
9192 9235
9235 9234
9191 9234
9190 9234
9189 9234
9188 9234
9187 9234
9186 9234
9185 9234
9183 9234
9181 9234
9234 9223
9180 9223
9179 9223
9178 9223
9177 9223
9176 9223
9175 9223
9174 9223
9173 9223
9172 9223
9223 9217
9171 9217
9169 9217
9168 9217
9167 9217
9166 9217
9165 9217
9164 9217
9217 9205
9163 9205
9162 9205
9161 9205
9157 9205
9154 9205
9153 9205
9152 9205
9151 9205
9205 9197
9150 9197
9149 9197
9148 9197
9147 9197
9146 9197
9145 9197
9144 9197
9142 9197
9141 9197
9197 9196
9140 9196
9139 9196
9138 9196
9137 9196
9136 9196
9135 9196
9134 9196
9133 9196
9132 9196
9196 9193
9131 9193
9129 9193
9128 9193
9127 9193
9125 9193
9124 9193
9123 9193
9193 9184
9122 9184
9121 9184
9120 9184
9119 9184
9118 9184
9117 9184
9116 9184
9115 9184
9114 9184
9184 9182
9113 9182
9112 9182
9111 9182
9110 9182
9109 9182
9107 9182
9182 9170
9106 9170
9105 9170
9104 9170
9103 9170
9102 9170
9101 9170
9170 9160
9100 9160
9099 9160
9098 9160
9097 9160
9096 9160
9095 9160
9160 9159
9093 9159
9092 9159
9091 9159
9090 9159
9089 9159
9088 9159
9087 9159
9086 9159
9085 9159
9159 9158
9084 9158
9083 9158
9082 9158
9081 9158
9080 9158
9079 9158
9078 9158
9158 9156
9077 9156
9075 9156
9074 9156
9073 9156
9072 9156
9071 9156
9070 9156
9069 9156
9068 9156
9156 9155
9067 9155
9066 9155
9065 9155
9064 9155
9062 9155
9061 9155
9060 9155
9058 9155
9155 9143
9057 9143
9056 9143
9055 9143
9054 9143
9053 9143
9052 9143
9051 9143
9050 9143
9143 9130
9049 9130
9048 9130
9047 9130
9046 9130
9044 9130
9042 9130
9041 9130
9040 9130
9130 9126
9039 9126
9037 9126
9036 9126
9035 9126
9034 9126
9033 9126
9032 9126
9031 9126
9030 9126
9126 9108
9029 9108
9028 9108
9027 9108
9026 9108
9025 9108
9024 9108
9023 9108
9022 9108
9108 9094
9021 9094
9020 9094
9019 9094
9018 9094
9017 9094
9016 9094
9015 9094
9094 9076
9014 9076
9013 9076
9012 9076
9011 9076
9010 9076
9009 9076
9008 9076
9007 9076
9006 9076
9076 9063
9005 9063
9004 9063
9003 9063
9001 9063
9000 9063
8999 9063
8998 9063
8997 9063
9063 9059
8996 9059
8994 9059
8993 9059
8992 9059
8991 9059
8990 9059
8989 9059
9059 9045
8988 9045
8987 9045
8985 9045
8984 9045
8983 9045
8982 9045
8981 9045
9045 9043
8980 9043
8979 9043
8978 9043
8977 9043
8976 9043
8975 9043
8973 9043
8972 9043
9043 9038
8971 9038
8970 9038
8969 9038
8968 9038
8967 9038
8966 9038
8965 9038
8964 9038
8963 9038
9038 9002
8962 9002
8961 9002
8960 9002
8959 9002
8958 9002
8957 9002
9002 8995
8954 8995
8953 8995
8952 8995
8951 8995
8949 8995
8948 8995
8947 8995
8946 8995
8945 8995
8995 8986
8944 8986
8942 8986
8941 8986
8939 8986
8938 8986
8937 8986
8936 8986
8935 8986
8934 8986
8986 8974
8933 8974
8932 8974
8931 8974
8930 8974
8929 8974
8928 8974
8926 8974
8925 8974
8923 8974
8974 8956
8921 8956
8919 8956
8918 8956
8917 8956
8916 8956
8915 8956
8956 8955
8914 8955
8913 8955
8912 8955
8911 8955
8910 8955
8909 8955
8907 8955
8906 8955
8955 8950
8905 8950
8904 8950
8903 8950
8902 8950
8901 8950
8900 8950
8898 8950
8950 8943
8897 8943
8896 8943
8895 8943
8894 8943
8893 8943
8943 8940
8892 8940
8891 8940
8889 8940
8888 8940
8887 8940
8886 8940
8885 8940
8883 8940
8882 8940
8940 8927
8881 8927
8880 8927
8879 8927
8878 8927
8877 8927
8876 8927
8875 8927
8927 8924
8874 8924
8873 8924
8871 8924
8870 8924
8869 8924
8868 8924
8867 8924
8866 8924
8924 8922
8865 8922
8863 8922
8862 8922
8861 8922
8860 8922
8859 8922
8858 8922
8922 8920
8857 8920
8856 8920
8855 8920
8854 8920
8853 8920
8852 8920
8851 8920
8850 8920
8849 8920
8920 8908
8848 8908
8847 8908
8846 8908
8844 8908
8843 8908
8842 8908
8908 8899
8841 8899
8840 8899
8839 8899
8838 8899
8837 8899
8836 8899
8835 8899
8899 8890
8834 8890
8833 8890
8832 8890
8831 8890
8830 8890
8829 8890
8828 8890
8827 8890
8825 8890
8890 8884
8824 8884
8823 8884
8822 8884
8819 8884
8818 8884
8816 8884
8815 8884
8814 8884
8884 8872
8812 8872
8811 8872
8810 8872
8809 8872
8808 8872
8807 8872
8806 8872
8805 8872
8804 8872
8872 8864
8803 8864
8802 8864
8801 8864
8800 8864
8799 8864
8798 8864
8864 8845
8797 8845
8796 8845
8795 8845
8794 8845
8793 8845
8792 8845
8791 8845
8845 8826
8790 8826
8789 8826
8787 8826
8786 8826
8785 8826
8784 8826
8783 8826
8826 8821
8782 8821
8781 8821
8780 8821
8779 8821
8778 8821
8777 8821
8776 8821
8821 8820
8775 8820
8774 8820
8773 8820
8772 8820
8771 8820
8768 8820
8820 8817
8767 8817
8766 8817
8765 8817
8764 8817
8763 8817
8762 8817
8761 8817
8760 8817
8759 8817
8817 8813
8758 8813
8757 8813
8756 8813
8755 8813
8754 8813
8753 8813
8752 8813
8751 8813
8813 8788
8750 8788
8749 8788
8748 8788
8747 8788
8746 8788
8745 8788
8744 8788
8788 8770
8741 8770
8738 8770
8737 8770
8736 8770
8734 8770
8733 8770
8732 8770
8731 8770
8730 8770
8770 8769
8729 8769
8728 8769
8727 8769
8726 8769
8724 8769
8723 8769
8722 8769
8721 8769
8720 8769
8769 8743
8719 8743
8718 8743
8717 8743
8716 8743
8743 8742
8715 8742
8713 8742
8712 8742
8711 8742
8710 8742
8709 8742
8708 8742
8707 8742
8706 8742
8742 8740
8704 8740
8702 8740
8701 8740
8700 8740
8699 8740
8698 8740
8697 8740
8696 8740
8695 8740
8740 8739
8694 8739
8693 8739
8691 8739
8690 8739
8689 8739
8688 8739
8687 8739
8739 8735
8686 8735
8685 8735
8684 8735
8683 8735
8682 8735
8681 8735
8680 8735
8679 8735
8735 8725
8678 8725
8677 8725
8676 8725
8675 8725
8674 8725
8671 8725
8670 8725
8669 8725
8668 8725
8725 8714
8667 8714
8666 8714
8665 8714
8664 8714
8663 8714
8662 8714
8661 8714
8660 8714
8659 8714
8714 8705
8658 8705
8657 8705
8656 8705
8654 8705
8653 8705
8652 8705
8651 8705
8705 8703
8650 8703
8649 8703
8648 8703
8647 8703
8646 8703
8645 8703
8642 8703
8703 8692
8641 8692
8640 8692
8639 8692
8638 8692
8637 8692
8635 8692
8692 8673
8634 8673
8632 8673
8631 8673
8630 8673
8629 8673
8628 8673
8673 8672
8627 8672
8626 8672
8624 8672
8623 8672
8622 8672
8621 8672
8620 8672
8619 8672
8618 8672
8672 8655
8617 8655
8616 8655
8615 8655
8613 8655
8612 8655
8611 8655
8609 8655
8608 8655
8607 8655
8655 8644
8606 8644
8605 8644
8604 8644
8603 8644
8602 8644
8601 8644
8600 8644
8599 8644
8644 8643
8596 8643
8594 8643
8591 8643
8590 8643
8588 8643
8587 8643
8586 8643
8585 8643
8584 8643
8643 8636
8583 8636
8582 8636
8581 8636
8580 8636
8579 8636
8578 8636
8577 8636
8636 8633
8576 8633
8575 8633
8574 8633
8573 8633
8572 8633
8571 8633
8569 8633
8568 8633
8567 8633
8633 8625
8566 8625
8565 8625
8564 8625
8562 8625
8561 8625
8560 8625
8559 8625
8558 8625
8556 8625
8625 8614
8555 8614
8554 8614
8553 8614
8551 8614
8550 8614
8549 8614
8548 8614
8546 8614
8544 8614
8614 8610
8543 8610
8542 8610
8541 8610
8540 8610
8539 8610
8538 8610
8537 8610
8536 8610
8610 8598
8535 8598
8533 8598
8532 8598
8530 8598
8529 8598
8528 8598
8527 8598
8598 8597
8526 8597
8525 8597
8524 8597
8523 8597
8521 8597
8520 8597
8519 8597
8518 8597
8597 8595
8517 8595
8516 8595
8515 8595
8514 8595
8513 8595
8595 8593
8512 8593
8511 8593
8510 8593
8509 8593
8508 8593
8507 8593
8506 8593
8504 8593
8503 8593
8593 8592
8502 8592
8501 8592
8500 8592
8499 8592
8498 8592
8497 8592
8496 8592
8592 8589
8495 8589
8494 8589
8492 8589
8491 8589
8489 8589
8488 8589
8486 8589
8485 8589
8589 8570
8484 8570
8483 8570
8482 8570
8481 8570
8480 8570
8479 8570
8478 8570
8570 8563
8477 8563
8475 8563
8474 8563
8473 8563
8472 8563
8471 8563
8470 8563
8468 8563
8563 8557
8467 8557
8466 8557
8465 8557
8464 8557
8463 8557
8462 8557
8461 8557
8460 8557
8557 8552
8459 8552
8458 8552
8457 8552
8456 8552
8455 8552
8454 8552
8453 8552
8452 8552
8552 8547
8451 8547
8450 8547
8449 8547
8448 8547
8447 8547
8446 8547
8445 8547
8547 8545
8444 8545
8443 8545
8442 8545
8440 8545
8439 8545
8438 8545
8437 8545
8436 8545
8435 8545
8545 8534
8434 8534
8433 8534
8432 8534
8431 8534
8430 8534
8429 8534
8534 8531
8428 8531
8427 8531
8426 8531
8425 8531
8424 8531
8422 8531
8531 8522
8421 8522
8420 8522
8419 8522
8418 8522
8417 8522
8416 8522
8415 8522
8412 8522
8522 8505
8411 8505
8410 8505
8409 8505
8408 8505
8407 8505
8406 8505
8405 8505
8505 8493
8404 8493
8403 8493
8402 8493
8401 8493
8400 8493
8399 8493
8398 8493
8397 8493
8396 8493
8493 8490
8395 8490
8394 8490
8393 8490
8392 8490
8391 8490
8390 8490
8490 8487
8389 8487
8386 8487
8385 8487
8384 8487
8383 8487
8382 8487
8381 8487
8380 8487
8487 8476
8379 8476
8378 8476
8377 8476
8376 8476
8375 8476
8374 8476
8373 8476
8372 8476
8370 8476
8476 8469
8368 8469
8367 8469
8366 8469
8365 8469
8364 8469
8363 8469
8362 8469
8361 8469
8360 8469
8469 8441
8359 8441
8358 8441
8356 8441
8355 8441
8354 8441
8353 8441
8352 8441
8351 8441
8441 8423
8350 8423
8348 8423
8347 8423
8346 8423
8345 8423
8344 8423
8343 8423
8342 8423
8423 8414
8341 8414
8339 8414
8338 8414
8337 8414
8336 8414
8335 8414
8334 8414
8333 8414
8332 8414
8414 8413
8331 8413
8330 8413
8329 8413
8328 8413
8327 8413
8326 8413
8324 8413
8323 8413
8322 8413
8413 8388
8321 8388
8320 8388
8319 8388
8318 8388
8317 8388
8316 8388
8315 8388
8314 8388
8313 8388
8388 8387
8312 8387
8311 8387
8310 8387
8309 8387
8308 8387
8307 8387
8306 8387
8305 8387
8304 8387
8387 8371
8303 8371
8302 8371
8301 8371
8300 8371
8299 8371
8298 8371
8296 8371
8295 8371
8293 8371
8371 8369
8292 8369
8291 8369
8290 8369
8289 8369
8288 8369
8287 8369
8286 8369
8285 8369
8369 8357
8284 8357
8282 8357
8281 8357
8280 8357
8279 8357
8278 8357
8277 8357
8275 8357
8274 8357
8357 8349
8273 8349
8272 8349
8271 8349
8270 8349
8269 8349
8268 8349
8267 8349
8266 8349
8349 8340
8265 8340
8264 8340
8263 8340
8262 8340
8261 8340
8260 8340
8259 8340
8257 8340
8256 8340
8340 8325
8255 8325
8254 8325
8253 8325
8252 8325
8251 8325
8250 8325
8249 8325
8248 8325
8247 8325
8325 8297
8246 8297
8245 8297
8244 8297
8243 8297
8242 8297
8241 8297
8240 8297
8239 8297
8238 8297
8297 8294
8237 8294
8236 8294
8234 8294
8233 8294
8232 8294
8231 8294
8230 8294
8229 8294
8228 8294
8294 8283
8227 8283
8226 8283
8225 8283
8224 8283
8222 8283
8221 8283
8219 8283
8218 8283
8283 8276
8217 8276
8216 8276
8215 8276
8214 8276
8213 8276
8212 8276
8276 8258
8211 8258
8210 8258
8209 8258
8208 8258
8207 8258
8206 8258
8204 8258
8258 8235
8203 8235
8201 8235
8200 8235
8199 8235
8198 8235
8197 8235
8235 8223
8196 8223
8195 8223
8194 8223
8191 8223
8190 8223
8189 8223
8188 8223
8187 8223
8223 8220
8186 8220
8185 8220
8184 8220
8183 8220
8182 8220
8181 8220
8180 8220
8179 8220
8220 8205
8178 8205
8177 8205
8176 8205
8175 8205
8174 8205
8172 8205
8171 8205
8169 8205
8205 8202
8168 8202
8167 8202
8166 8202
8165 8202
8164 8202
8163 8202
8162 8202
8161 8202
8160 8202
8202 8193
8159 8193
8158 8193
8157 8193
8155 8193
8154 8193
8151 8193
8150 8193
8149 8193
8193 8192
8148 8192
8147 8192
8145 8192
8143 8192
8142 8192
8141 8192
8140 8192
8139 8192
8192 8173
8137 8173
8136 8173
8134 8173
8133 8173
8132 8173
8131 8173
8130 8173
8129 8173
8173 8170
8128 8170
8127 8170
8126 8170
8124 8170
8123 8170
8122 8170
8121 8170
8170 8156
8120 8156
8119 8156
8118 8156
8117 8156
8116 8156
8115 8156
8114 8156
8156 8153
8113 8153
8112 8153
8111 8153
8110 8153
8109 8153
8108 8153
8153 8152
8107 8152
8106 8152
8105 8152
8104 8152
8103 8152
8101 8152
8100 8152
8099 8152
8098 8152
8152 8146
8097 8146
8096 8146
8095 8146
8094 8146
8093 8146
8092 8146
8090 8146
8089 8146
8146 8144
8088 8144
8087 8144
8086 8144
8085 8144
8084 8144
8083 8144
8082 8144
8081 8144
8144 8138
8080 8138
8079 8138
8078 8138
8077 8138
8076 8138
8075 8138
8074 8138
8073 8138
8138 8135
8072 8135
8071 8135
8070 8135
8069 8135
8068 8135
8067 8135
8066 8135
8065 8135
8064 8135
8135 8125
8063 8125
8062 8125
8061 8125
8060 8125
8059 8125
8058 8125
8057 8125
8055 8125
8125 8102
8054 8102
8053 8102
8052 8102
8051 8102
8050 8102
8049 8102
8048 8102
8047 8102
8046 8102
8102 8091
8045 8091
8044 8091
8043 8091
8042 8091
8040 8091
8039 8091
8038 8091
8037 8091
8091 8056
8036 8056
8035 8056
8034 8056
8033 8056
8032 8056
8030 8056
8029 8056
8028 8056
8056 8041
8026 8041
8025 8041
8024 8041
8023 8041
8022 8041
8021 8041
8020 8041
8019 8041
8018 8041
8041 8031
8017 8031
8016 8031
8015 8031
8014 8031
8013 8031
8012 8031
8011 8031
8031 8027
8010 8027
8008 8027
8007 8027
8005 8027
8004 8027
8003 8027
8002 8027
8001 8027
8000 8027
8027 8009
7999 8009
7998 8009
7997 8009
7996 8009
7995 8009
7994 8009
7993 8009
8009 8006
7992 8006
7991 8006
7990 8006
7989 8006
8006 7987
7988 7987
7986 7987
7984 7987
7983 7987
7982 7987
7987 7985
7981 7985
7980 7985
7979 7985
7978 7985
7977 7985
7976 7985
7974 7985
7985 7975
7973 7975
7972 7975
7971 7975
7970 7975
7968 7975
7967 7975
7966 7975
7975 7969
7965 7969
7964 7969
7963 7969
7962 7969
7961 7969
7959 7969
7958 7969
7969 7960
7957 7960
7956 7960
7955 7960
7954 7960
7953 7960
7952 7960
7951 7960
7950 7960
7960 7923
7949 7923
7948 7923
7947 7923
7946 7923
7945 7923
7944 7923
7943 7923
7942 7923
7941 7923
7923 7915
7940 7915
7939 7915
7938 7915
7937 7915
7936 7915
7915 7904
7935 7904
7934 7904
7933 7904
7932 7904
7931 7904
7930 7904
7929 7904
7928 7904
7904 7898
7927 7898
7926 7898
7925 7898
7924 7898
7922 7898
7921 7898
7920 7898
7919 7898
7898 7891
7918 7891
7917 7891
7916 7891
7914 7891
7913 7891
7912 7891
7911 7891
7891 7885
7910 7885
7909 7885
7908 7885
7907 7885
7906 7885
7905 7885
7903 7885
7902 7885
7901 7885
7885 7868
7900 7868
7899 7868
7897 7868
7896 7868
7895 7868
7894 7868
7893 7868
7868 7856
7892 7856
7890 7856
7889 7856
7888 7856
7887 7856
7886 7856
7884 7856
7856 7853
7883 7853
7882 7853
7881 7853
7880 7853
7879 7853
7878 7853
7877 7853
7876 7853
7853 7847
7875 7847
7874 7847
7873 7847
7872 7847
7871 7847
7870 7847
7869 7847
7867 7847
7866 7847
7847 7840
7865 7840
7864 7840
7863 7840
7862 7840
7861 7840
7860 7840
7859 7840
7858 7840
7840 7832
7857 7832
7855 7832
7854 7832
7852 7832
7851 7832
7850 7832
7849 7832
7832 7831
7848 7831
7846 7831
7845 7831
7844 7831
7843 7831
7842 7831
7841 7831
7839 7831
7831 7821
7838 7821
7837 7821
7836 7821
7835 7821
7834 7821
7833 7821
7830 7821
7821 7815
7829 7815
7828 7815
7827 7815
7826 7815
7825 7815
7824 7815
7823 7815
7822 7815
7820 7815
7815 7807
7819 7807
7818 7807
7817 7807
7816 7807
7814 7807
7813 7807
7812 7807
7811 7807
7810 7807
7807 7786
7809 7786
7808 7786
7806 7786
7805 7786
7804 7786
7803 7786
7802 7786
7801 7786
7800 7786
7786 7781
7799 7781
7798 7781
7797 7781
7796 7781
7795 7781
7794 7781
7793 7781
7792 7781
7791 7781
7781 7775
7790 7775
7789 7775
7788 7775
7787 7775
7785 7775
7784 7775
7783 7775
7782 7775
7780 7775
7775 7770
7779 7770
7778 7770
7777 7770
7776 7770
7770 7768
7774 7768
7773 7768
7772 7768
7771 7768
7769 7768
7767 7768
7766 7768
7765 7768
7764 7768
7768 7758
7763 7758
7762 7758
7761 7758
7760 7758
7759 7758
7757 7758
7756 7758
7758 7749
7755 7749
7754 7749
7753 7749
7752 7749
7751 7749
7750 7749
7748 7749
7747 7749
7749 7739
7746 7739
7745 7739
7744 7739
7743 7739
7742 7739
7741 7739
7740 7739
7738 7739
7739 7735
7737 7735
7736 7735
7734 7735
7733 7735
7732 7735
7731 7735
7735 7723
7730 7723
7729 7723
7728 7723
7727 7723
7723 7716
7726 7716
7725 7716
7724 7716
7722 7716
7721 7716
7720 7716
7716 7708
7719 7708
7718 7708
7717 7708
7715 7708
7714 7708
7713 7708
7712 7708
7711 7708
7708 7705
7710 7705
7709 7705
7707 7705
7706 7705
7704 7705
7703 7705
7702 7705
7701 7705
7700 7705
7705 7698
7699 7698
7697 7698
7696 7698
7694 7698
7692 7698
7691 7698
7690 7698
7698 7695
7689 7695
7688 7695
7687 7695
7686 7695
7685 7695
7684 7695
7695 7693
7683 7693
7682 7693
7681 7693
7680 7693
7679 7693
7678 7693
7677 7693
7676 7693
7675 7693
7693 7672
7674 7672
7673 7672
7671 7672
7670 7672
7672 7664
7669 7664
7668 7664
7667 7664
7666 7664
7665 7664
7663 7664
7662 7664
7661 7664
7660 7664
7664 7647
7659 7647
7658 7647
7657 7647
7656 7647
7655 7647
7654 7647
7653 7647
7652 7647
7651 7647
7647 7645
7650 7645
7649 7645
7648 7645
7646 7645
7644 7645
7641 7645
7639 7645
7638 7645
7637 7645
7645 7643
7636 7643
7635 7643
7634 7643
7633 7643
7632 7643
7631 7643
7643 7642
7630 7642
7629 7642
7628 7642
7627 7642
7626 7642
7625 7642
7624 7642
7642 7640
7622 7640
7621 7640
7620 7640
7619 7640
7618 7640
7640 7623
7617 7623
7616 7623
7615 7623
7614 7623
7613 7623
7611 7623
7623 7612
7610 7612
7609 7612
7608 7612
7607 7612
7606 7612
7605 7612
7603 7612
7601 7612
7600 7612
7612 7604
7598 7604
7596 7604
7595 7604
7594 7604
7593 7604
7592 7604
7591 7604
7590 7604
7589 7604
7604 7602
7588 7602
7585 7602
7584 7602
7583 7602
7582 7602
7581 7602
7580 7602
7579 7602
7578 7602
7602 7599
7577 7599
7576 7599
7575 7599
7574 7599
7572 7599
7571 7599
7599 7597
7570 7597
7569 7597
7568 7597
7567 7597
7566 7597
7565 7597
7564 7597
7563 7597
7562 7597
7597 7587
7561 7587
7560 7587
7559 7587
7557 7587
7554 7587
7553 7587
7552 7587
7551 7587
7587 7586
7550 7586
7548 7586
7547 7586
7546 7586
7545 7586
7544 7586
7543 7586
7542 7586
7586 7573
7541 7573
7540 7573
7539 7573
7538 7573
7537 7573
7536 7573
7535 7573
7534 7573
7573 7558
7533 7558
7532 7558
7531 7558
7530 7558
7529 7558
7528 7558
7527 7558
7526 7558
7525 7558
7558 7556
7524 7556
7523 7556
7522 7556
7521 7556
7519 7556
7518 7556
7556 7555
7517 7555
7516 7555
7515 7555
7514 7555
7513 7555
7512 7555
7511 7555
7555 7549
7510 7549
7509 7549
7508 7549
7507 7549
7506 7549
7505 7549
7504 7549
7503 7549
7502 7549
7549 7520
7501 7520
7500 7520
7499 7520
7498 7520
7497 7520
7496 7520
7495 7520
7520 7485
7494 7485
7493 7485
7492 7485
7491 7485
7490 7485
7489 7485
7488 7485
7487 7485
7486 7485
7485 7482
7484 7482
7483 7482
7481 7482
7480 7482
7479 7482
7478 7482
7477 7482
7476 7482
7482 7463
7475 7463
7474 7463
7473 7463
7472 7463
7471 7463
7470 7463
7469 7463
7468 7463
7463 7460
7467 7460
7466 7460
7465 7460
7464 7460
7460 7451
7462 7451
7461 7451
7459 7451
7458 7451
7457 7451
7456 7451
7455 7451
7454 7451
7453 7451
7451 7446
7452 7446
7450 7446
7449 7446
7448 7446
7447 7446
7445 7446
7444 7446
7443 7446
7446 7440
7442 7440
7441 7440
7439 7440
7438 7440
7437 7440
7436 7440
7435 7440
7434 7440
7433 7440
7440 7426
7432 7426
7431 7426
7430 7426
7429 7426
7428 7426
7427 7426
7425 7426
7424 7426
7423 7426
7426 7422
7421 7422
7419 7422
7418 7422
7417 7422
7415 7422
7414 7422
7413 7422
7422 7420
7412 7420
7411 7420
7410 7420
7409 7420
7408 7420
7407 7420
7406 7420
7420 7416
7405 7416
7404 7416
7403 7416
7416 7399
7402 7399
7401 7399
7400 7399
7399 7387
7398 7387
7397 7387
7396 7387
7395 7387
7394 7387
7387 7373
7393 7373
7392 7373
7391 7373
7390 7373
7389 7373
7388 7373
7386 7373
7385 7373
7373 7371
7384 7371
7383 7371
7382 7371
7381 7371
7380 7371
7379 7371
7371 7362
7378 7362
7377 7362
7376 7362
7375 7362
7374 7362
7372 7362
7370 7362
7369 7362
7368 7362
7362 7361
7367 7361
7366 7361
7365 7361
7364 7361
7363 7361
7360 7361
7359 7361
7361 7353
7358 7353
7357 7353
7356 7353
7355 7353
7354 7353
7352 7353
7351 7353
7350 7353
7349 7353
7353 7335
7348 7335
7347 7335
7346 7335
7345 7335
7344 7335
7343 7335
7342 7335
7341 7335
7340 7335
7335 7314
7339 7314
7338 7314
7337 7314
7336 7314
7334 7314
7333 7314
7332 7314
7331 7314
7330 7314
7314 7306
7329 7306
7328 7306
7327 7306
7326 7306
7325 7306
7324 7306
7323 7306
7322 7306
7321 7306
7306 7298
7320 7298
7319 7298
7318 7298
7317 7298
7316 7298
7315 7298
7313 7298
7312 7298
7298 7287
7311 7287
7310 7287
7309 7287
7308 7287
7307 7287
7305 7287
7304 7287
7287 7282
7303 7282
7302 7282
7301 7282
7300 7282
7299 7282
7297 7282
7296 7282
7295 7282
7282 7263
7294 7263
7293 7263
7292 7263
7291 7263
7290 7263
7289 7263
7288 7263
7263 7253
7286 7253
7285 7253
7284 7253
7283 7253
7281 7253
7280 7253
7279 7253
7278 7253
7253 7250
7277 7250
7276 7250
7275 7250
7274 7250
7273 7250
7272 7250
7271 7250
7270 7250
7250 7238
7269 7238
7268 7238
7267 7238
7266 7238
7265 7238
7264 7238
7238 7236
7262 7236
7261 7236
7260 7236
7259 7236
7258 7236
7257 7236
7256 7236
7255 7236
7236 7223
7254 7223
7252 7223
7251 7223
7249 7223
7248 7223
7247 7223
7246 7223
7245 7223
7244 7223
7223 7216
7243 7216
7242 7216
7241 7216
7240 7216
7239 7216
7237 7216
7235 7216
7234 7216
7233 7216
7216 7210
7232 7210
7231 7210
7230 7210
7229 7210
7228 7210
7227 7210
7210 7197
7226 7197
7225 7197
7224 7197
7222 7197
7221 7197
7220 7197
7219 7197
7218 7197
7217 7197
7197 7182
7215 7182
7214 7182
7213 7182
7212 7182
7211 7182
7209 7182
7208 7182
7207 7182
7182 7178
7206 7178
7205 7178
7204 7178
7203 7178
7202 7178
7201 7178
7200 7178
7199 7178
7178 7173
7198 7173
7196 7173
7195 7173
7194 7173
7173 7172
7193 7172
7192 7172
7191 7172
7190 7172
7189 7172
7188 7172
7187 7172
7186 7172
7172 7157
7185 7157
7184 7157
7183 7157
7181 7157
7180 7157
7179 7157
7177 7157
7176 7157
7175 7157
7157 7152
7174 7152
7171 7152
7170 7152
7169 7152
7168 7152
7167 7152
7166 7152
7165 7152
7164 7152
7152 7128
7163 7128
7162 7128
7161 7128
7160 7128
7159 7128
7158 7128
7156 7128
7155 7128
7154 7128
7128 7121
7153 7121
7151 7121
7150 7121
7149 7121
7148 7121
7147 7121
7146 7121
7145 7121
7144 7121
7121 7120
7143 7120
7142 7120
7141 7120
7140 7120
7139 7120
7138 7120
7120 7119
7137 7119
7136 7119
7135 7119
7134 7119
7133 7119
7132 7119
7131 7119
7130 7119
7119 7118
7129 7118
7127 7118
7126 7118
7125 7118
7124 7118
7123 7118
7122 7118
7117 7118
7118 7113
7116 7113
7115 7113
7114 7113
7112 7113
7111 7113
7110 7113
7109 7113
7108 7113
7107 7113
7113 7095
7106 7095
7105 7095
7104 7095
7103 7095
7102 7095
7101 7095
7100 7095
7099 7095
7098 7095
7095 7086
7097 7086
7096 7086
7094 7086
7093 7086
7092 7086
7091 7086
7086 7079
7090 7079
7089 7079
7088 7079
7087 7079
7085 7079
7084 7079
7083 7079
7082 7079
7081 7079
7079 7069
7080 7069
7078 7069
7077 7069
7076 7069
7075 7069
7074 7069
7073 7069
7069 7063
7072 7063
7071 7063
7070 7063
7068 7063
7067 7063
7066 7063
7065 7063
7064 7063
7062 7063
7063 7039
7061 7039
7060 7039
7059 7039
7058 7039
7057 7039
7056 7039
7055 7039
7054 7039
7053 7039
7039 7013
7052 7013
7051 7013
7050 7013
7049 7013
7048 7013
7047 7013
7013 7003
7046 7003
7045 7003
7044 7003
7043 7003
7042 7003
7041 7003
7003 6996
7040 6996
7038 6996
7037 6996
7036 6996
7035 6996
6996 6969
7034 6969
7033 6969
7032 6969
7031 6969
7030 6969
7029 6969
7028 6969
7027 6969
6969 6967
7026 6967
7025 6967
7024 6967
7023 6967
7022 6967
7021 6967
7020 6967
6967 6964
7019 6964
7018 6964
7017 6964
7016 6964
7015 6964
7014 6964
7012 6964
7011 6964
6964 6960
7010 6960
7009 6960
7008 6960
7007 6960
7006 6960
7005 6960
7004 6960
7002 6960
7001 6960
6960 6952
7000 6952
6999 6952
6998 6952
6997 6952
6995 6952
6994 6952
6993 6952
6952 6949
6992 6949
6991 6949
6990 6949
6989 6949
6988 6949
6987 6949
6986 6949
6949 6926
6985 6926
6984 6926
6983 6926
6982 6926
6981 6926
6980 6926
6979 6926
6978 6926
6977 6926
6926 6908
6976 6908
6975 6908
6974 6908
6973 6908
6972 6908
6971 6908
6970 6908
6968 6908
6966 6908
6908 6903
6965 6903
6963 6903
6962 6903
6961 6903
6959 6903
6958 6903
6957 6903
6956 6903
6955 6903
6903 6896
6954 6896
6953 6896
6951 6896
6950 6896
6948 6896
6947 6896
6896 6880
6946 6880
6945 6880
6944 6880
6943 6880
6942 6880
6941 6880
6940 6880
6939 6880
6938 6880
6880 6874
6937 6874
6936 6874
6935 6874
6934 6874
6933 6874
6932 6874
6931 6874
6930 6874
6929 6874
6874 6872
6928 6872
6927 6872
6925 6872
6924 6872
6923 6872
6922 6872
6872 6832
6921 6832
6920 6832
6919 6832
6918 6832
6917 6832
6916 6832
6832 6828
6915 6828
6914 6828
6913 6828
6912 6828
6911 6828
6910 6828
6909 6828
6907 6828
6828 6827
6906 6827
6905 6827
6904 6827
6902 6827
6901 6827
6900 6827
6899 6827
6898 6827
6897 6827
6827 6816
6895 6816
6894 6816
6893 6816
6892 6816
6891 6816
6890 6816
6889 6816
6888 6816
6816 6791
6887 6791
6886 6791
6885 6791
6884 6791
6883 6791
6882 6791
6881 6791
6879 6791
6878 6791
6791 6789
6877 6789
6876 6789
6875 6789
6873 6789
6871 6789
6870 6789
6869 6789
6868 6789
6789 6782
6867 6782
6866 6782
6865 6782
6864 6782
6863 6782
6862 6782
6861 6782
6860 6782
6782 6758
6859 6758
6858 6758
6857 6758
6856 6758
6855 6758
6854 6758
6853 6758
6852 6758
6758 6750
6851 6750
6850 6750
6849 6750
6848 6750
6847 6750
6846 6750
6845 6750
6750 6749
6844 6749
6843 6749
6842 6749
6841 6749
6840 6749
6839 6749
6838 6749
6837 6749
6836 6749
6749 6719
6835 6719
6834 6719
6833 6719
6831 6719
6830 6719
6829 6719
6826 6719
6825 6719
6719 6718
6824 6718
6823 6718
6822 6718
6821 6718
6820 6718
6819 6718
6818 6718
6817 6718
6815 6718
6718 6697
6814 6697
6813 6697
6812 6697
6811 6697
6810 6697
6809 6697
6808 6697
6807 6697
6806 6697
6697 6689
6805 6689
6804 6689
6803 6689
6802 6689
6801 6689
6800 6689
6799 6689
6798 6689
6797 6689
6689 6674
6796 6674
6795 6674
6794 6674
6793 6674
6792 6674
6674 6672
6790 6672
6788 6672
6787 6672
6786 6672
6785 6672
6784 6672
6783 6672
6781 6672
6672 6644
6780 6644
6779 6644
6778 6644
6777 6644
6776 6644
6775 6644
6774 6644
6644 6626
6773 6626
6772 6626
6771 6626
6770 6626
6769 6626
6768 6626
6767 6626
6626 6624
6766 6624
6765 6624
6764 6624
6763 6624
6762 6624
6761 6624
6760 6624
6759 6624
6757 6624
6624 6619
6756 6619
6755 6619
6754 6619
6753 6619
6752 6619
6751 6619
6748 6619
6619 6597
6747 6597
6746 6597
6745 6597
6744 6597
6743 6597
6742 6597
6741 6597
6597 6594
6740 6594
6739 6594
6738 6594
6737 6594
6736 6594
6735 6594
6734 6594
6733 6594
6594 6591
6732 6591
6731 6591
6730 6591
6729 6591
6728 6591
6727 6591
6726 6591
6725 6591
6724 6591
6591 6590
6723 6590
6722 6590
6721 6590
6720 6590
6717 6590
6716 6590
6715 6590
6714 6590
6713 6590
6590 6570
6712 6570
6711 6570
6710 6570
6709 6570
6708 6570
6707 6570
6706 6570
6705 6570
6704 6570
6570 6563
6703 6563
6702 6563
6701 6563
6700 6563
6699 6563
6698 6563
6563 6560
6696 6560
6695 6560
6694 6560
6693 6560
6692 6560
6691 6560
6690 6560
6688 6560
6560 6554
6687 6554
6686 6554
6685 6554
6684 6554
6683 6554
6682 6554
6681 6554
6554 6546
6680 6546
6679 6546
6678 6546
6677 6546
6676 6546
6675 6546
6673 6546
6671 6546
6670 6546
6546 6517
6669 6517
6668 6517
6667 6517
6666 6517
6665 6517
6664 6517
6663 6517
6662 6517
6661 6517
6517 6511
6660 6511
6659 6511
6658 6511
6657 6511
6656 6511
6655 6511
6654 6511
6653 6511
6511 6502
6652 6502
6651 6502
6650 6502
6649 6502
6648 6502
6647 6502
6646 6502
6645 6502
6643 6502
6502 6487
6642 6487
6641 6487
6640 6487
6639 6487
6638 6487
6637 6487
6487 6476
6636 6476
6635 6476
6634 6476
6633 6476
6632 6476
6631 6476
6630 6476
6476 6464
6629 6464
6628 6464
6627 6464
6625 6464
6623 6464
6622 6464
6464 6463
6621 6463
6620 6463
6618 6463
6617 6463
6616 6463
6615 6463
6614 6463
6613 6463
6612 6463
6463 6459
6611 6459
6610 6459
6609 6459
6608 6459
6607 6459
6606 6459
6605 6459
6604 6459
6603 6459
6459 6451
6602 6451
6601 6451
6600 6451
6599 6451
6598 6451
6596 6451
6595 6451
6593 6451
6592 6451
6451 6431
6589 6431
6588 6431
6587 6431
6586 6431
6585 6431
6584 6431
6583 6431
6582 6431
6431 6429
6581 6429
6580 6429
6579 6429
6578 6429
6577 6429
6429 6426
6576 6426
6575 6426
6574 6426
6573 6426
6572 6426
6571 6426
6569 6426
6426 6412
6568 6412
6567 6412
6566 6412
6565 6412
6564 6412
6562 6412
6561 6412
6559 6412
6558 6412
6412 6398
6557 6398
6556 6398
6555 6398
6553 6398
6552 6398
6551 6398
6550 6398
6549 6398
6548 6398
6398 6397
6547 6397
6545 6397
6544 6397
6543 6397
6542 6397
6541 6397
6540 6397
6539 6397
6397 6392
6538 6392
6537 6392
6536 6392
6535 6392
6534 6392
6533 6392
6532 6392
6531 6392
6530 6392
6392 6390
6529 6390
6528 6390
6527 6390
6526 6390
6525 6390
6524 6390
6523 6390
6390 6376
6522 6376
6521 6376
6520 6376
6519 6376
6518 6376
6516 6376
6515 6376
6514 6376
6376 6365
6513 6365
6512 6365
6510 6365
6509 6365
6508 6365
6507 6365
6506 6365
6505 6365
6365 6337
6504 6337
6503 6337
6501 6337
6500 6337
6499 6337
6498 6337
6497 6337
6496 6337
6337 6313
6495 6313
6494 6313
6493 6313
6492 6313
6491 6313
6490 6313
6489 6313
6313 6312
6488 6312
6486 6312
6485 6312
6484 6312
6483 6312
6482 6312
6481 6312
6480 6312
6479 6312
6312 6290
6478 6290
6477 6290
6475 6290
6474 6290
6473 6290
6472 6290
6471 6290
6470 6290
6469 6290
6290 6289
6468 6289
6467 6289
6466 6289
6465 6289
6462 6289
6461 6289
6460 6289
6458 6289
6289 6281
6457 6281
6456 6281
6455 6281
6454 6281
6453 6281
6452 6281
6450 6281
6449 6281
6448 6281
6281 6277
6447 6277
6446 6277
6445 6277
6444 6277
6443 6277
6442 6277
6441 6277
6440 6277
6277 6276
6439 6276
6438 6276
6437 6276
6436 6276
6435 6276
6434 6276
6433 6276
6432 6276
6430 6276
6276 6261
6428 6261
6427 6261
6425 6261
6424 6261
6423 6261
6422 6261
6421 6261
6420 6261
6419 6261
6261 6223
6418 6223
6417 6223
6416 6223
6415 6223
6414 6223
6413 6223
6411 6223
6223 6217
6410 6217
6409 6217
6408 6217
6407 6217
6406 6217
6405 6217
6404 6217
6403 6217
6217 6200
6402 6200
6401 6200
6400 6200
6399 6200
6396 6200
6395 6200
6394 6200
6200 6199
6393 6199
6391 6199
6389 6199
6388 6199
6387 6199
6386 6199
6385 6199
6384 6199
6383 6199
6199 6180
6382 6180
6381 6180
6380 6180
6379 6180
6378 6180
6377 6180
6375 6180
6374 6180
6373 6180
6180 6179
6372 6179
6371 6179
6370 6179
6369 6179
6368 6179
6367 6179
6366 6179
6364 6179
6363 6179
6179 6170
6362 6170
6361 6170
6360 6170
6359 6170
6358 6170
6357 6170
6356 6170
6170 6161
6355 6161
6354 6161
6353 6161
6352 6161
6351 6161
6350 6161
6349 6161
6348 6161
6347 6161
6161 6158
6346 6158
6345 6158
6344 6158
6343 6158
6342 6158
6341 6158
6340 6158
6339 6158
6158 6157
6338 6157
6336 6157
6335 6157
6334 6157
6333 6157
6332 6157
6157 6156
6331 6156
6330 6156
6329 6156
6328 6156
6327 6156
6326 6156
6156 6153
6325 6153
6324 6153
6323 6153
6322 6153
6321 6153
6320 6153
6319 6153
6318 6153
6317 6153
6153 6144
6316 6144
6315 6144
6314 6144
6311 6144
6310 6144
6309 6144
6308 6144
6307 6144
6306 6144
6144 6133
6305 6133
6304 6133
6303 6133
6302 6133
6301 6133
6300 6133
6299 6133
6298 6133
6297 6133
6133 6131
6296 6131
6295 6131
6294 6131
6293 6131
6292 6131
6291 6131
6288 6131
6287 6131
6131 6123
6286 6123
6285 6123
6284 6123
6283 6123
6282 6123
6280 6123
6279 6123
6278 6123
6275 6123
6123 6115
6274 6115
6273 6115
6272 6115
6271 6115
6270 6115
6269 6115
6268 6115
6267 6115
6115 6113
6266 6113
6265 6113
6264 6113
6263 6113
6262 6113
6260 6113
6259 6113
6258 6113
6113 6109
6257 6109
6256 6109
6255 6109
6254 6109
6253 6109
6252 6109
6109 6073
6251 6073
6250 6073
6249 6073
6248 6073
6247 6073
6246 6073
6245 6073
6244 6073
6073 6068
6243 6068
6242 6068
6241 6068
6240 6068
6239 6068
6238 6068
6237 6068
6236 6068
6068 6065
6235 6065
6234 6065
6233 6065
6232 6065
6231 6065
6230 6065
6229 6065
6228 6065
6227 6065
6065 6044
6226 6044
6225 6044
6224 6044
6222 6044
6221 6044
6220 6044
6219 6044
6218 6044
6216 6044
6044 6020
6215 6020
6214 6020
6213 6020
6212 6020
6211 6020
6020 6018
6210 6018
6209 6018
6208 6018
6207 6018
6206 6018
6205 6018
6204 6018
6203 6018
6202 6018
6018 5961
6201 5961
6198 5961
6197 5961
6196 5961
6195 5961
6194 5961
6193 5961
6192 5961
6191 5961
5961 5956
6190 5956
6189 5956
6188 5956
6187 5956
6186 5956
6185 5956
6184 5956
6183 5956
6182 5956
5956 5949
6181 5949
6178 5949
6177 5949
6176 5949
6175 5949
6174 5949
6173 5949
6172 5949
6171 5949
5949 5942
6169 5942
6168 5942
6167 5942
6166 5942
6165 5942
6164 5942
6163 5942
5942 5921
6162 5921
6160 5921
6159 5921
6155 5921
6154 5921
5921 5915
6152 5915
6151 5915
6150 5915
6149 5915
6148 5915
6147 5915
6146 5915
6145 5915
5915 5914
6143 5914
6142 5914
6141 5914
6140 5914
6139 5914
6138 5914
6137 5914
6136 5914
5914 5905
6135 5905
6134 5905
6132 5905
6130 5905
6129 5905
6128 5905
6127 5905
6126 5905
5905 5898
6125 5898
6124 5898
6122 5898
6121 5898
6120 5898
6119 5898
6118 5898
6117 5898
5898 5871
6116 5871
6114 5871
6112 5871
6111 5871
6110 5871
6108 5871
6107 5871
6106 5871
6105 5871
5871 5855
6104 5855
6103 5855
6102 5855
6101 5855
6100 5855
6099 5855
6098 5855
6097 5855
5855 5854
6096 5854
6095 5854
6094 5854
6093 5854
6092 5854
5854 5851
6091 5851
6090 5851
6089 5851
6088 5851
6087 5851
6086 5851
6085 5851
6084 5851
5851 5837
6083 5837
6082 5837
6081 5837
6080 5837
6079 5837
6078 5837
6077 5837
6076 5837
6075 5837
5837 5823
6074 5823
6072 5823
6071 5823
6070 5823
6069 5823
6067 5823
6066 5823
6064 5823
6063 5823
5823 5821
6062 5821
6061 5821
6060 5821
6059 5821
6058 5821
6057 5821
6056 5821
6055 5821
5821 5815
6054 5815
6053 5815
6052 5815
6051 5815
6050 5815
6049 5815
6048 5815
6047 5815
6046 5815
5815 5791
6045 5791
6043 5791
6042 5791
6041 5791
6040 5791
6039 5791
6038 5791
6037 5791
6036 5791
5791 5789
6035 5789
6034 5789
6033 5789
6032 5789
6031 5789
6030 5789
6029 5789
6028 5789
6027 5789
5789 5783
6026 5783
6025 5783
6024 5783
6023 5783
6022 5783
6021 5783
6019 5783
6017 5783
6016 5783
5783 5778
6015 5778
6014 5778
6013 5778
6012 5778
6011 5778
6010 5778
6009 5778
6008 5778
6007 5778
5778 5748
6006 5748
6005 5748
6004 5748
6003 5748
6002 5748
6001 5748
6000 5748
5999 5748
5748 5745
5998 5745
5997 5745
5996 5745
5995 5745
5994 5745
5993 5745
5992 5745
5991 5745
5990 5745
5745 5737
5989 5737
5988 5737
5987 5737
5986 5737
5985 5737
5984 5737
5983 5737
5982 5737
5737 5733
5981 5733
5980 5733
5979 5733
5978 5733
5977 5733
5976 5733
5975 5733
5974 5733
5973 5733
5733 5727
5972 5727
5971 5727
5970 5727
5969 5727
5968 5727
5967 5727
5966 5727
5965 5727
5964 5727
5727 5708
5963 5708
5962 5708
5960 5708
5959 5708
5958 5708
5957 5708
5955 5708
5954 5708
5953 5708
5708 5706
5952 5706
5951 5706
5950 5706
5948 5706
5947 5706
5946 5706
5945 5706
5706 5700
5944 5700
5943 5700
5941 5700
5940 5700
5939 5700
5938 5700
5937 5700
5936 5700
5935 5700
5700 5699
5934 5699
5933 5699
5932 5699
5931 5699
5930 5699
5929 5699
5928 5699
5927 5699
5699 5692
5926 5692
5925 5692
5924 5692
5923 5692
5922 5692
5920 5692
5919 5692
5918 5692
5917 5692
5692 5690
5916 5690
5913 5690
5912 5690
5911 5690
5910 5690
5909 5690
5908 5690
5907 5690
5906 5690
5690 5676
5904 5676
5903 5676
5902 5676
5901 5676
5900 5676
5899 5676
5897 5676
5676 5662
5896 5662
5895 5662
5894 5662
5893 5662
5892 5662
5891 5662
5890 5662
5889 5662
5888 5662
5662 5658
5887 5658
5886 5658
5885 5658
5884 5658
5883 5658
5882 5658
5881 5658
5658 5656
5880 5656
5879 5656
5878 5656
5877 5656
5876 5656
5875 5656
5874 5656
5873 5656
5656 5649
5872 5649
5870 5649
5869 5649
5868 5649
5867 5649
5866 5649
5865 5649
5864 5649
5649 5643
5863 5643
5862 5643
5861 5643
5860 5643
5859 5643
5858 5643
5857 5643
5856 5643
5853 5643
5643 5641
5852 5641
5850 5641
5849 5641
5848 5641
5847 5641
5846 5641
5845 5641
5641 5639
5844 5639
5843 5639
5842 5639
5841 5639
5840 5639
5839 5639
5838 5639
5639 5617
5836 5617
5835 5617
5834 5617
5833 5617
5832 5617
5617 5608
5831 5608
5830 5608
5829 5608
5828 5608
5827 5608
5826 5608
5608 5593
5825 5593
5824 5593
5822 5593
5820 5593
5819 5593
5818 5593
5817 5593
5816 5593
5814 5593
5593 5586
5813 5586
5812 5586
5811 5586
5810 5586
5809 5586
5808 5586
5586 5571
5807 5571
5806 5571
5805 5571
5804 5571
5803 5571
5802 5571
5801 5571
5800 5571
5799 5571
5571 5570
5798 5570
5797 5570
5796 5570
5795 5570
5794 5570
5793 5570
5792 5570
5790 5570
5570 5555
5788 5555
5787 5555
5786 5555
5785 5555
5784 5555
5782 5555
5781 5555
5555 5530
5780 5530
5779 5530
5777 5530
5776 5530
5775 5530
5774 5530
5773 5530
5772 5530
5530 5519
5771 5519
5770 5519
5769 5519
5768 5519
5767 5519
5766 5519
5765 5519
5519 5514
5764 5514
5763 5514
5762 5514
5761 5514
5760 5514
5759 5514
5758 5514
5757 5514
5756 5514
5514 5511
5755 5511
5754 5511
5753 5511
5752 5511
5751 5511
5750 5511
5749 5511
5747 5511
5511 5503
5746 5503
5744 5503
5743 5503
5742 5503
5741 5503
5740 5503
5739 5503
5738 5503
5736 5503
5503 5499
5735 5499
5734 5499
5732 5499
5731 5499
5730 5499
5729 5499
5728 5499
5726 5499
5725 5499
5499 5495
5724 5495
5723 5495
5722 5495
5721 5495
5720 5495
5719 5495
5718 5495
5717 5495
5716 5495
5495 5493
5715 5493
5714 5493
5713 5493
5712 5493
5711 5493
5710 5493
5709 5493
5707 5493
5705 5493
5493 5491
5704 5491
5703 5491
5702 5491
5701 5491
5698 5491
5697 5491
5696 5491
5695 5491
5491 5485
5694 5485
5693 5485
5691 5485
5689 5485
5688 5485
5687 5485
5686 5485
5685 5485
5485 5463
5684 5463
5683 5463
5682 5463
5681 5463
5680 5463
5679 5463
5678 5463
5463 5458
5677 5458
5675 5458
5674 5458
5673 5458
5672 5458
5671 5458
5670 5458
5669 5458
5458 5444
5668 5444
5667 5444
5666 5444
5665 5444
5664 5444
5663 5444
5661 5444
5660 5444
5659 5444
5444 5429
5657 5429
5655 5429
5654 5429
5653 5429
5652 5429
5651 5429
5650 5429
5648 5429
5647 5429
5429 5412
5646 5412
5645 5412
5644 5412
5642 5412
5640 5412
5638 5412
5637 5412
5636 5412
5635 5412
5412 5401
5634 5401
5633 5401
5632 5401
5631 5401
5630 5401
5401 5379
5629 5379
5628 5379
5627 5379
5626 5379
5625 5379
5624 5379
5623 5379
5379 5378
5622 5378
5621 5378
5620 5378
5619 5378
5618 5378
5616 5378
5615 5378
5614 5378
5378 5369
5613 5369
5612 5369
5611 5369
5610 5369
5609 5369
5607 5369
5606 5369
5605 5369
5604 5369
5369 5359
5603 5359
5602 5359
5601 5359
5600 5359
5599 5359
5598 5359
5597 5359
5596 5359
5359 5354
5595 5354
5594 5354
5592 5354
5591 5354
5590 5354
5589 5354
5588 5354
5587 5354
5585 5354
5354 5330
5584 5330
5583 5330
5582 5330
5581 5330
5580 5330
5579 5330
5578 5330
5330 5328
5577 5328
5576 5328
5575 5328
5574 5328
5573 5328
5572 5328
5569 5328
5568 5328
5567 5328
5328 5326
5566 5326
5565 5326
5564 5326
5563 5326
5562 5326
5561 5326
5560 5326
5559 5326
5558 5326
5326 5302
5557 5302
5556 5302
5554 5302
5553 5302
5552 5302
5551 5302
5550 5302
5549 5302
5302 5299
5548 5299
5547 5299
5546 5299
5545 5299
5544 5299
5543 5299
5542 5299
5541 5299
5299 5291
5540 5291
5539 5291
5538 5291
5537 5291
5536 5291
5535 5291
5534 5291
5291 5283
5533 5283
5532 5283
5531 5283
5529 5283
5528 5283
5527 5283
5526 5283
5525 5283
5524 5283
5283 5282
5523 5282
5522 5282
5521 5282
5520 5282
5518 5282
5517 5282
5516 5282
5515 5282
5513 5282
5282 5274
5512 5274
5510 5274
5509 5274
5508 5274
5507 5274
5506 5274
5505 5274
5504 5274
5502 5274
5274 5263
5501 5263
5500 5263
5498 5263
5497 5263
5496 5263
5494 5263
5492 5263
5490 5263
5263 5262
5489 5262
5488 5262
5487 5262
5486 5262
5484 5262
5483 5262
5482 5262
5481 5262
5262 5257
5480 5257
5479 5257
5478 5257
5477 5257
5476 5257
5475 5257
5257 5255
5474 5255
5473 5255
5472 5255
5471 5255
5470 5255
5469 5255
5468 5255
5467 5255
5255 5248
5466 5248
5465 5248
5464 5248
5462 5248
5461 5248
5460 5248
5459 5248
5457 5248
5456 5248
5248 5240
5455 5240
5454 5240
5453 5240
5452 5240
5451 5240
5450 5240
5449 5240
5448 5240
5240 5221
5447 5221
5446 5221
5445 5221
5443 5221
5442 5221
5441 5221
5440 5221
5439 5221
5221 5214
5438 5214
5437 5214
5436 5214
5435 5214
5434 5214
5433 5214
5432 5214
5431 5214
5430 5214
5214 5208
5428 5208
5427 5208
5426 5208
5425 5208
5424 5208
5423 5208
5422 5208
5208 5207
5421 5207
5420 5207
5419 5207
5418 5207
5417 5207
5416 5207
5415 5207
5414 5207
5207 5201
5413 5201
5411 5201
5410 5201
5409 5201
5408 5201
5407 5201
5406 5201
5405 5201
5404 5201
5201 5195
5403 5195
5402 5195
5400 5195
5399 5195
5398 5195
5397 5195
5195 5192
5396 5192
5395 5192
5394 5192
5393 5192
5392 5192
5391 5192
5390 5192
5389 5192
5388 5192
5192 5189
5387 5189
5386 5189
5385 5189
5384 5189
5383 5189
5382 5189
5381 5189
5380 5189
5189 5188
5377 5188
5376 5188
5375 5188
5374 5188
5373 5188
5372 5188
5371 5188
5188 5177
5370 5177
5368 5177
5367 5177
5366 5177
5365 5177
5364 5177
5363 5177
5362 5177
5361 5177
5177 5173
5360 5173
5358 5173
5357 5173
5356 5173
5355 5173
5353 5173
5352 5173
5173 5166
5351 5166
5350 5166
5349 5166
5348 5166
5347 5166
5346 5166
5345 5166
5344 5166
5343 5166
5166 5165
5342 5165
5341 5165
5340 5165
5339 5165
5338 5165
5337 5165
5336 5165
5335 5165
5165 5147
5334 5147
5333 5147
5332 5147
5331 5147
5329 5147
5327 5147
5325 5147
5324 5147
5147 5117
5323 5117
5322 5117
5321 5117
5320 5117
5319 5117
5318 5117
5317 5117
5316 5117
5315 5117
5117 5115
5314 5115
5313 5115
5312 5115
5311 5115
5310 5115
5309 5115
5308 5115
5307 5115
5306 5115
5115 5108
5305 5108
5304 5108
5303 5108
5301 5108
5300 5108
5298 5108
5297 5108
5296 5108
5295 5108
5108 5099
5294 5099
5293 5099
5292 5099
5290 5099
5289 5099
5288 5099
5287 5099
5099 5095
5286 5095
5285 5095
5284 5095
5281 5095
5280 5095
5279 5095
5278 5095
5277 5095
5095 5092
5276 5092
5275 5092
5273 5092
5272 5092
5271 5092
5270 5092
5269 5092
5268 5092
5267 5092
5092 5065
5266 5065
5265 5065
5264 5065
5261 5065
5260 5065
5259 5065
5258 5065
5256 5065
5065 5042
5254 5042
5253 5042
5252 5042
5251 5042
5250 5042
5249 5042
5247 5042
5246 5042
5245 5042
5042 5035
5244 5035
5243 5035
5242 5035
5241 5035
5239 5035
5238 5035
5237 5035
5236 5035
5235 5035
5035 5030
5234 5030
5233 5030
5232 5030
5231 5030
5230 5030
5229 5030
5228 5030
5227 5030
5226 5030
5030 5020
5225 5020
5224 5020
5223 5020
5222 5020
5220 5020
5219 5020
5218 5020
5217 5020
5216 5020
5020 5005
5215 5005
5213 5005
5212 5005
5211 5005
5210 5005
5209 5005
5206 5005
5205 5005
5204 5005
5005 4961
5203 4961
5202 4961
5200 4961
5199 4961
5198 4961
5197 4961
5196 4961
5194 4961
5193 4961
4961 4960
5191 4960
5190 4960
5187 4960
5186 4960
5185 4960
5184 4960
5183 4960
5182 4960
5181 4960
4960 4958
5180 4958
5179 4958
5178 4958
5176 4958
5175 4958
5174 4958
5172 4958
5171 4958
5170 4958
4958 4938
5169 4938
5168 4938
5167 4938
5164 4938
5163 4938
5162 4938
5161 4938
5160 4938
4938 4913
5159 4913
5158 4913
5157 4913
5156 4913
5155 4913
5154 4913
5153 4913
5152 4913
5151 4913
4913 4908
5150 4908
5149 4908
5148 4908
5146 4908
5145 4908
5144 4908
5143 4908
5142 4908
5141 4908
4908 4907
5140 4907
5139 4907
5138 4907
5137 4907
4907 4846
5136 4846
5135 4846
5134 4846
5133 4846
5132 4846
5131 4846
5130 4846
5129 4846
5128 4846
4846 4839
5127 4839
5126 4839
5125 4839
5124 4839
5123 4839
5122 4839
4839 4828
5121 4828
5120 4828
5119 4828
5118 4828
5116 4828
5114 4828
5113 4828
5112 4828
5111 4828
4828 4824
5110 4824
5109 4824
5107 4824
5106 4824
5105 4824
5104 4824
5103 4824
5102 4824
4824 4799
5101 4799
5100 4799
5098 4799
5097 4799
5096 4799
5094 4799
5093 4799
4799 4773
5091 4773
5090 4773
5089 4773
5088 4773
5087 4773
5086 4773
5085 4773
5084 4773
4773 4772
5083 4772
5082 4772
5081 4772
5080 4772
5079 4772
5078 4772
5077 4772
4772 4757
5076 4757
5075 4757
5074 4757
5073 4757
5072 4757
5071 4757
5070 4757
5069 4757
4757 4755
5068 4755
5067 4755
5066 4755
5064 4755
5063 4755
5062 4755
5061 4755
4755 4749
5060 4749
5059 4749
5058 4749
5057 4749
5056 4749
5055 4749
5054 4749
4749 4748
5053 4748
5052 4748
5051 4748
5050 4748
5049 4748
5048 4748
5047 4748
5046 4748
5045 4748
4748 4747
5044 4747
5043 4747
5041 4747
5040 4747
5039 4747
5038 4747
5037 4747
5036 4747
4747 4731
5034 4731
5033 4731
5032 4731
5031 4731
5029 4731
5028 4731
5027 4731
5026 4731
5025 4731
4731 4718
5024 4718
5023 4718
5022 4718
5021 4718
5019 4718
5018 4718
5017 4718
5016 4718
4718 4706
5015 4706
5014 4706
5013 4706
5012 4706
5011 4706
4706 4701
5010 4701
5009 4701
5008 4701
5007 4701
5006 4701
5004 4701
5003 4701
5002 4701
4701 4675
5001 4675
5000 4675
4999 4675
4998 4675
4997 4675
4996 4675
4995 4675
4994 4675
4993 4675
4675 4670
4992 4670
4991 4670
4990 4670
4989 4670
4988 4670
4987 4670
4986 4670
4670 4662
4985 4662
4984 4662
4983 4662
4982 4662
4981 4662
4980 4662
4979 4662
4978 4662
4977 4662
4662 4630
4976 4630
4975 4630
4974 4630
4973 4630
4972 4630
4971 4630
4970 4630
4969 4630
4630 4621
4968 4621
4967 4621
4966 4621
4965 4621
4964 4621
4963 4621
4962 4621
4621 4617
4959 4617
4957 4617
4956 4617
4955 4617
4954 4617
4953 4617
4952 4617
4951 4617
4950 4617
4617 4606
4949 4606
4948 4606
4947 4606
4946 4606
4945 4606
4944 4606
4943 4606
4942 4606
4941 4606
4606 4582
4940 4582
4939 4582
4937 4582
4936 4582
4935 4582
4934 4582
4933 4582
4932 4582
4582 4580
4931 4580
4930 4580
4929 4580
4928 4580
4927 4580
4926 4580
4925 4580
4924 4580
4923 4580
4580 4578
4922 4578
4921 4578
4920 4578
4919 4578
4918 4578
4917 4578
4916 4578
4915 4578
4578 4575
4914 4575
4912 4575
4911 4575
4910 4575
4909 4575
4906 4575
4905 4575
4904 4575
4903 4575
4575 4566
4902 4566
4901 4566
4900 4566
4899 4566
4898 4566
4897 4566
4566 4558
4896 4558
4895 4558
4894 4558
4893 4558
4892 4558
4891 4558
4890 4558
4889 4558
4558 4539
4888 4539
4887 4539
4886 4539
4885 4539
4884 4539
4883 4539
4882 4539
4881 4539
4880 4539
4539 4538
4879 4538
4878 4538
4877 4538
4876 4538
4875 4538
4874 4538
4873 4538
4538 4534
4872 4534
4871 4534
4870 4534
4869 4534
4868 4534
4867 4534
4866 4534
4534 4533
4865 4533
4864 4533
4863 4533
4862 4533
4861 4533
4860 4533
4859 4533
4858 4533
4857 4533
4533 4525
4856 4525
4855 4525
4854 4525
4853 4525
4852 4525
4851 4525
4850 4525
4849 4525
4525 4523
4848 4523
4847 4523
4845 4523
4844 4523
4843 4523
4842 4523
4841 4523
4840 4523
4523 4501
4838 4501
4837 4501
4836 4501
4835 4501
4834 4501
4833 4501
4501 4492
4832 4492
4831 4492
4830 4492
4829 4492
4827 4492
4826 4492
4492 4462
4825 4462
4823 4462
4822 4462
4821 4462
4820 4462
4819 4462
4818 4462
4817 4462
4462 4461
4816 4461
4815 4461
4814 4461
4813 4461
4812 4461
4811 4461
4810 4461
4809 4461
4461 4455
4808 4455
4807 4455
4806 4455
4805 4455
4804 4455
4803 4455
4802 4455
4801 4455
4800 4455
4455 4427
4798 4427
4797 4427
4796 4427
4795 4427
4794 4427
4793 4427
4792 4427
4791 4427
4790 4427
4427 4421
4789 4421
4788 4421
4787 4421
4786 4421
4785 4421
4784 4421
4783 4421
4782 4421
4421 4410
4781 4410
4780 4410
4779 4410
4778 4410
4777 4410
4776 4410
4775 4410
4774 4410
4771 4410
4410 4397
4770 4397
4769 4397
4768 4397
4767 4397
4766 4397
4765 4397
4764 4397
4763 4397
4397 4384
4762 4384
4761 4384
4760 4384
4759 4384
4758 4384
4384 4365
4756 4365
4754 4365
4753 4365
4752 4365
4751 4365
4750 4365
4746 4365
4745 4365
4744 4365
4365 4360
4743 4360
4742 4360
4741 4360
4740 4360
4739 4360
4738 4360
4737 4360
4736 4360
4735 4360
4360 4350
4734 4350
4733 4350
4732 4350
4730 4350
4729 4350
4728 4350
4350 4347
4727 4347
4726 4347
4725 4347
4724 4347
4723 4347
4722 4347
4347 4341
4721 4341
4720 4341
4719 4341
4717 4341
4716 4341
4715 4341
4714 4341
4713 4341
4712 4341
4341 4340
4711 4340
4710 4340
4709 4340
4708 4340
4707 4340
4705 4340
4704 4340
4703 4340
4340 4335
4702 4335
4700 4335
4699 4335
4698 4335
4697 4335
4696 4335
4695 4335
4694 4335
4335 4328
4693 4328
4692 4328
4691 4328
4690 4328
4689 4328
4688 4328
4687 4328
4686 4328
4328 4320
4685 4320
4684 4320
4683 4320
4682 4320
4681 4320
4680 4320
4679 4320
4678 4320
4677 4320
4320 4314
4676 4314
4674 4314
4673 4314
4672 4314
4671 4314
4669 4314
4668 4314
4667 4314
4666 4314
4314 4279
4665 4279
4664 4279
4663 4279
4661 4279
4660 4279
4659 4279
4658 4279
4657 4279
4279 4277
4656 4277
4655 4277
4654 4277
4653 4277
4652 4277
4651 4277
4650 4277
4649 4277
4648 4277
4277 4273
4647 4273
4646 4273
4645 4273
4644 4273
4643 4273
4642 4273
4641 4273
4640 4273
4639 4273
4273 4258
4638 4258
4637 4258
4636 4258
4635 4258
4634 4258
4633 4258
4632 4258
4631 4258
4258 4252
4629 4252
4628 4252
4627 4252
4626 4252
4252 4246
4625 4246
4624 4246
4623 4246
4622 4246
4620 4246
4619 4246
4246 4236
4618 4236
4616 4236
4615 4236
4614 4236
4613 4236
4612 4236
4611 4236
4610 4236
4609 4236
4236 4225
4608 4225
4607 4225
4605 4225
4604 4225
4603 4225
4602 4225
4601 4225
4225 4222
4600 4222
4599 4222
4598 4222
4597 4222
4596 4222
4595 4222
4594 4222
4593 4222
4222 4202
4592 4202
4591 4202
4590 4202
4589 4202
4588 4202
4587 4202
4586 4202
4585 4202
4202 4180
4584 4180
4583 4180
4581 4180
4579 4180
4577 4180
4576 4180
4574 4180
4573 4180
4572 4180
4180 4177
4571 4177
4570 4177
4569 4177
4568 4177
4567 4177
4565 4177
4564 4177
4563 4177
4562 4177
4177 4175
4561 4175
4560 4175
4559 4175
4557 4175
4556 4175
4555 4175
4554 4175
4175 4163
4553 4163
4552 4163
4551 4163
4550 4163
4549 4163
4548 4163
4547 4163
4546 4163
4163 4161
4545 4161
4544 4161
4543 4161
4542 4161
4541 4161
4540 4161
4537 4161
4536 4161
4535 4161
4161 4145
4532 4145
4531 4145
4530 4145
4529 4145
4528 4145
4527 4145
4526 4145
4524 4145
4522 4145
4145 4133
4521 4133
4520 4133
4519 4133
4518 4133
4517 4133
4516 4133
4515 4133
4133 4128
4514 4128
4513 4128
4512 4128
4511 4128
4510 4128
4509 4128
4508 4128
4507 4128
4506 4128
4128 4126
4505 4126
4504 4126
4503 4126
4502 4126
4500 4126
4499 4126
4498 4126
4497 4126
4496 4126
4126 4115
4495 4115
4494 4115
4493 4115
4491 4115
4490 4115
4115 4112
4489 4112
4488 4112
4487 4112
4486 4112
4485 4112
4484 4112
4483 4112
4482 4112
4481 4112
4112 4101
4480 4101
4479 4101
4478 4101
4477 4101
4476 4101
4475 4101
4474 4101
4473 4101
4472 4101
4101 4076
4471 4076
4470 4076
4469 4076
4468 4076
4467 4076
4466 4076
4076 4068
4465 4068
4464 4068
4463 4068
4460 4068
4459 4068
4458 4068
4457 4068
4456 4068
4454 4068
4068 4059
4453 4059
4452 4059
4451 4059
4450 4059
4449 4059
4448 4059
4059 4057
4447 4057
4446 4057
4445 4057
4444 4057
4443 4057
4442 4057
4441 4057
4057 4053
4440 4053
4439 4053
4438 4053
4437 4053
4436 4053
4435 4053
4434 4053
4433 4053
4053 4046
4432 4046
4431 4046
4430 4046
4429 4046
4428 4046
4426 4046
4425 4046
4424 4046
4046 4018
4423 4018
4422 4018
4420 4018
4419 4018
4418 4018
4417 4018
4416 4018
4415 4018
4414 4018
4018 4017
4413 4017
4412 4017
4411 4017
4409 4017
4408 4017
4017 3989
4407 3989
4406 3989
4405 3989
4404 3989
4403 3989
4402 3989
4401 3989
3989 3976
4400 3976
4399 3976
4398 3976
4396 3976
4395 3976
4394 3976
4393 3976
4392 3976
4391 3976
3976 3974
4390 3974
4389 3974
4388 3974
4387 3974
4386 3974
4385 3974
4383 3974
4382 3974
4381 3974
3974 3942
4380 3942
4379 3942
4378 3942
4377 3942
4376 3942
4375 3942
4374 3942
4373 3942
4372 3942
3942 3930
4371 3930
4370 3930
4369 3930
4368 3930
4367 3930
4366 3930
4364 3930
3930 3914
4363 3914
4362 3914
4361 3914
4359 3914
4358 3914
4357 3914
4356 3914
4355 3914
4354 3914
3914 3913
4353 3913
4352 3913
4351 3913
4349 3913
4348 3913
4346 3913
4345 3913
3913 3903
4344 3903
4343 3903
4342 3903
3903 3894
4339 3894
4338 3894
4337 3894
4336 3894
4334 3894
4333 3894
4332 3894
3894 3891
4331 3891
4330 3891
4329 3891
4327 3891
4326 3891
4325 3891
4324 3891
4323 3891
3891 3883
4322 3883
4321 3883
4319 3883
4318 3883
4317 3883
4316 3883
4315 3883
4313 3883
3883 3882
4312 3882
4311 3882
4310 3882
4309 3882
4308 3882
3882 3870
4307 3870
4306 3870
4305 3870
4304 3870
4303 3870
4302 3870
4301 3870
4300 3870
4299 3870
3870 3866
4298 3866
4297 3866
4296 3866
4295 3866
4294 3866
4293 3866
4292 3866
4291 3866
4290 3866
3866 3864
4289 3864
4288 3864
4287 3864
4286 3864
4285 3864
4284 3864
4283 3864
4282 3864
3864 3861
4281 3861
4280 3861
4278 3861
4276 3861
4275 3861
4274 3861
4272 3861
4271 3861
4270 3861
3861 3846
4269 3846
4268 3846
4267 3846
4266 3846
4265 3846
4264 3846
4263 3846
4262 3846
3846 3820
4261 3820
4260 3820
4259 3820
4257 3820
4256 3820
4255 3820
4254 3820
4253 3820
4251 3820
3820 3813
4250 3813
4249 3813
4248 3813
4247 3813
4245 3813
4244 3813
4243 3813
4242 3813
4241 3813
3813 3802
4240 3802
4239 3802
4238 3802
4237 3802
4235 3802
4234 3802
4233 3802
4232 3802
3802 3799
4231 3799
4230 3799
4229 3799
4228 3799
3799 3794
4227 3794
4226 3794
4224 3794
4223 3794
4221 3794
4220 3794
3794 3793
4219 3793
4218 3793
4217 3793
4216 3793
4215 3793
4214 3793
4213 3793
4212 3793
3793 3753
4211 3753
4210 3753
4209 3753
4208 3753
4207 3753
4206 3753
4205 3753
4204 3753
3753 3744
4203 3744
4201 3744
4200 3744
4199 3744
4198 3744
4197 3744
4196 3744
4195 3744
3744 3742
4194 3742
4193 3742
4192 3742
4191 3742
4190 3742
4189 3742
4188 3742
4187 3742
4186 3742
3742 3730
4185 3730
4184 3730
4183 3730
4182 3730
4181 3730
4179 3730
4178 3730
4176 3730
4174 3730
3730 3729
4173 3729
4172 3729
4171 3729
4170 3729
4169 3729
4168 3729
4167 3729
4166 3729
4165 3729
3729 3701
4164 3701
4162 3701
4160 3701
4159 3701
4158 3701
4157 3701
4156 3701
4155 3701
4154 3701
3701 3696
4153 3696
4152 3696
4151 3696
4150 3696
4149 3696
4148 3696
4147 3696
4146 3696
4144 3696
3696 3684
4143 3684
4142 3684
4141 3684
4140 3684
4139 3684
4138 3684
4137 3684
4136 3684
4135 3684
3684 3681
4134 3681
4132 3681
4131 3681
4130 3681
4129 3681
4127 3681
4125 3681
4124 3681
4123 3681
3681 3677
4122 3677
4121 3677
4120 3677
4119 3677
4118 3677
4117 3677
4116 3677
4114 3677
4113 3677
3677 3675
4111 3675
4110 3675
4109 3675
4108 3675
4107 3675
4106 3675
3675 3658
4105 3658
4104 3658
4103 3658
4102 3658
4100 3658
4099 3658
4098 3658
4097 3658
4096 3658
3658 3642
4095 3642
4094 3642
4093 3642
4092 3642
4091 3642
4090 3642
4089 3642
4088 3642
3642 3634
4087 3634
4086 3634
4085 3634
4084 3634
4083 3634
4082 3634
4081 3634
4080 3634
4079 3634
3634 3632
4078 3632
4077 3632
4075 3632
4074 3632
4073 3632
4072 3632
4071 3632
4070 3632
4069 3632
3632 3627
4067 3627
4066 3627
4065 3627
4064 3627
4063 3627
4062 3627
4061 3627
4060 3627
3627 3622
4058 3622
4056 3622
4055 3622
4054 3622
4052 3622
4051 3622
4050 3622
4049 3622
4048 3622
3622 3605
4047 3605
4045 3605
4044 3605
4043 3605
4042 3605
4041 3605
4040 3605
4039 3605
4038 3605
3605 3601
4037 3601
4036 3601
4035 3601
4034 3601
4033 3601
4032 3601
4031 3601
4030 3601
4029 3601
3601 3585
4028 3585
4027 3585
4026 3585
4025 3585
4024 3585
4023 3585
4022 3585
3585 3580
4021 3580
4020 3580
4019 3580
4016 3580
4015 3580
4014 3580
4013 3580
4012 3580
4011 3580
3580 3578
4010 3578
4009 3578
4008 3578
4007 3578
4006 3578
4005 3578
4004 3578
3578 3571
4003 3571
4002 3571
4001 3571
4000 3571
3999 3571
3571 3547
3998 3547
3997 3547
3996 3547
3995 3547
3994 3547
3993 3547
3992 3547
3991 3547
3990 3547
3547 3546
3988 3546
3987 3546
3986 3546
3985 3546
3984 3546
3983 3546
3982 3546
3981 3546
3980 3546
3546 3539
3979 3539
3978 3539
3977 3539
3975 3539
3973 3539
3972 3539
3971 3539
3539 3535
3970 3535
3969 3535
3968 3535
3967 3535
3966 3535
3965 3535
3535 3513
3964 3513
3963 3513
3962 3513
3961 3513
3960 3513
3959 3513
3958 3513
3957 3513
3956 3513
3513 3494
3955 3494
3954 3494
3953 3494
3952 3494
3951 3494
3950 3494
3949 3494
3948 3494
3947 3494
3494 3489
3946 3489
3945 3489
3944 3489
3943 3489
3941 3489
3940 3489
3939 3489
3938 3489
3489 3488
3937 3488
3936 3488
3935 3488
3934 3488
3933 3488
3932 3488
3931 3488
3929 3488
3928 3488
3488 3484
3927 3484
3926 3484
3925 3484
3924 3484
3923 3484
3922 3484
3921 3484
3920 3484
3484 3483
3919 3483
3918 3483
3917 3483
3916 3483
3915 3483
3912 3483
3911 3483
3910 3483
3483 3479
3909 3479
3908 3479
3907 3479
3906 3479
3905 3479
3904 3479
3902 3479
3901 3479
3479 3477
3900 3477
3899 3477
3898 3477
3897 3477
3896 3477
3895 3477
3893 3477
3477 3473
3892 3473
3890 3473
3889 3473
3888 3473
3887 3473
3886 3473
3473 3467
3885 3467
3884 3467
3881 3467
3880 3467
3879 3467
3878 3467
3877 3467
3876 3467
3875 3467
3467 3444
3874 3444
3873 3444
3872 3444
3871 3444
3869 3444
3868 3444
3867 3444
3444 3442
3865 3442
3863 3442
3862 3442
3860 3442
3859 3442
3858 3442
3857 3442
3856 3442
3855 3442
3442 3438
3854 3438
3853 3438
3852 3438
3851 3438
3850 3438
3849 3438
3848 3438
3847 3438
3845 3438
3438 3421
3844 3421
3843 3421
3842 3421
3841 3421
3840 3421
3839 3421
3838 3421
3421 3412
3837 3412
3836 3412
3835 3412
3834 3412
3833 3412
3832 3412
3412 3381
3831 3381
3830 3381
3829 3381
3828 3381
3827 3381
3826 3381
3825 3381
3824 3381
3823 3381
3381 3366
3822 3366
3821 3366
3819 3366
3818 3366
3817 3366
3816 3366
3815 3366
3814 3366
3812 3366
3366 3358
3811 3358
3810 3358
3809 3358
3808 3358
3807 3358
3806 3358
3805 3358
3804 3358
3803 3358
3358 3344
3801 3344
3800 3344
3798 3344
3797 3344
3796 3344
3795 3344
3792 3344
3791 3344
3344 3329
3790 3329
3789 3329
3788 3329
3787 3329
3786 3329
3785 3329
3784 3329
3783 3329
3329 3319
3782 3319
3781 3319
3780 3319
3779 3319
3778 3319
3777 3319
3776 3319
3319 3305
3775 3305
3774 3305
3773 3305
3772 3305
3771 3305
3770 3305
3769 3305
3768 3305
3305 3299
3767 3299
3766 3299
3765 3299
3764 3299
3763 3299
3762 3299
3761 3299
3299 3297
3760 3297
3759 3297
3758 3297
3757 3297
3756 3297
3755 3297
3754 3297
3297 3296
3752 3296
3751 3296
3750 3296
3749 3296
3748 3296
3747 3296
3746 3296
3745 3296
3296 3281
3743 3281
3741 3281
3740 3281
3739 3281
3738 3281
3737 3281
3736 3281
3735 3281
3734 3281
3281 3273
3733 3273
3732 3273
3731 3273
3728 3273
3727 3273
3726 3273
3725 3273
3724 3273
3723 3273
3273 3266
3722 3266
3721 3266
3720 3266
3719 3266
3718 3266
3717 3266
3716 3266
3266 3223
3715 3223
3714 3223
3713 3223
3712 3223
3711 3223
3710 3223
3709 3223
3708 3223
3223 3217
3707 3217
3706 3217
3705 3217
3704 3217
3703 3217
3702 3217
3700 3217
3217 3211
3699 3211
3698 3211
3697 3211
3695 3211
3694 3211
3693 3211
3211 3191
3692 3191
3691 3191
3690 3191
3689 3191
3688 3191
3687 3191
3686 3191
3685 3191
3683 3191
3191 3166
3682 3166
3680 3166
3679 3166
3678 3166
3676 3166
3674 3166
3673 3166
3672 3166
3671 3166
3166 3156
3670 3156
3669 3156
3668 3156
3667 3156
3666 3156
3665 3156
3664 3156
3663 3156
3662 3156
3156 3150
3661 3150
3660 3150
3659 3150
3657 3150
3656 3150
3655 3150
3654 3150
3150 3138
3653 3138
3652 3138
3651 3138
3650 3138
3649 3138
3648 3138
3647 3138
3646 3138
3138 3126
3645 3126
3644 3126
3643 3126
3641 3126
3640 3126
3639 3126
3638 3126
3637 3126
3126 3122
3636 3122
3635 3122
3633 3122
3631 3122
3630 3122
3629 3122
3628 3122
3122 3121
3626 3121
3625 3121
3624 3121
3623 3121
3621 3121
3620 3121
3121 3115
3619 3115
3618 3115
3617 3115
3616 3115
3615 3115
3614 3115
3613 3115
3612 3115
3115 3092
3611 3092
3610 3092
3609 3092
3608 3092
3607 3092
3606 3092
3604 3092
3603 3092
3602 3092
3092 3088
3600 3088
3599 3088
3598 3088
3597 3088
3596 3088
3595 3088
3594 3088
3593 3088
3088 3078
3592 3078
3591 3078
3590 3078
3589 3078
3588 3078
3587 3078
3586 3078
3584 3078
3078 3077
3583 3077
3582 3077
3581 3077
3579 3077
3577 3077
3077 3067
3576 3067
3575 3067
3574 3067
3573 3067
3572 3067
3570 3067
3569 3067
3568 3067
3067 3064
3567 3064
3566 3064
3565 3064
3564 3064
3563 3064
3562 3064
3064 3062
3561 3062
3560 3062
3559 3062
3558 3062
3557 3062
3556 3062
3555 3062
3554 3062
3553 3062
3062 3056
3552 3056
3551 3056
3550 3056
3549 3056
3548 3056
3545 3056
3544 3056
3543 3056
3542 3056
3056 3045
3541 3045
3540 3045
3538 3045
3537 3045
3536 3045
3045 3036
3534 3036
3533 3036
3532 3036
3531 3036
3530 3036
3529 3036
3528 3036
3527 3036
3526 3036
3036 3025
3525 3025
3524 3025
3523 3025
3522 3025
3521 3025
3520 3025
3519 3025
3518 3025
3517 3025
3025 3024
3516 3024
3515 3024
3514 3024
3512 3024
3511 3024
3510 3024
3509 3024
3508 3024
3507 3024
3024 3018
3506 3018
3505 3018
3504 3018
3503 3018
3502 3018
3501 3018
3500 3018
3499 3018
3498 3018
3018 3013
3497 3013
3496 3013
3495 3013
3493 3013
3492 3013
3491 3013
3490 3013
3487 3013
3486 3013
3013 2992
3485 2992
3482 2992
3481 2992
3480 2992
3478 2992
3476 2992
3475 2992
3474 2992
3472 2992
2992 2988
3471 2988
3470 2988
3469 2988
3468 2988
3466 2988
3465 2988
3464 2988
3463 2988
2988 2987
3462 2987
3461 2987
3460 2987
3459 2987
3458 2987
3457 2987
3456 2987
3455 2987
3454 2987
2987 2969
3453 2969
3452 2969
3451 2969
3450 2969
3449 2969
3448 2969
2969 2959
3447 2959
3446 2959
3445 2959
3443 2959
2959 2955
3441 2955
3440 2955
3439 2955
3437 2955
3436 2955
2955 2952
3435 2952
3434 2952
3433 2952
3432 2952
3431 2952
3430 2952
3429 2952
3428 2952
3427 2952
2952 2942
3426 2942
3425 2942
3424 2942
3423 2942
3422 2942
3420 2942
3419 2942
3418 2942
2942 2933
3417 2933
3416 2933
3415 2933
3414 2933
3413 2933
3411 2933
2933 2923
3410 2923
3409 2923
3408 2923
3407 2923
3406 2923
3405 2923
3404 2923
3403 2923
3402 2923
2923 2914
3401 2914
3400 2914
3399 2914
3398 2914
3397 2914
3396 2914
3395 2914
3394 2914
2914 2910
3393 2910
3392 2910
3391 2910
3390 2910
3389 2910
3388 2910
3387 2910
3386 2910
3385 2910
2910 2909
3384 2909
3383 2909
3382 2909
3380 2909
3379 2909
3378 2909
3377 2909
3376 2909
3375 2909
2909 2900
3374 2900
3373 2900
3372 2900
3371 2900
3370 2900
3369 2900
3368 2900
3367 2900
3365 2900
2900 2894
3364 2894
3363 2894
3362 2894
3361 2894
3360 2894
3359 2894
3357 2894
3356 2894
3355 2894
2894 2869
3354 2869
3353 2869
3352 2869
3351 2869
3350 2869
2869 2867
3349 2867
3348 2867
3347 2867
3346 2867
3345 2867
3343 2867
3342 2867
2867 2862
3341 2862
3340 2862
3339 2862
3338 2862
3337 2862
3336 2862
3335 2862
3334 2862
3333 2862
2862 2853
3332 2853
3331 2853
3330 2853
3328 2853
3327 2853
3326 2853
3325 2853
3324 2853
2853 2839
3323 2839
3322 2839
3321 2839
3320 2839
3318 2839
3317 2839
3316 2839
3315 2839
3314 2839
2839 2827
3313 2827
3312 2827
3311 2827
3310 2827
3309 2827
3308 2827
3307 2827
3306 2827
3304 2827
2827 2826
3303 2826
3302 2826
3301 2826
3300 2826
3298 2826
3295 2826
3294 2826
3293 2826
3292 2826
2826 2824
3291 2824
3290 2824
3289 2824
3288 2824
3287 2824
3286 2824
3285 2824
3284 2824
2824 2823
3283 2823
3282 2823
3280 2823
3279 2823
3278 2823
3277 2823
3276 2823
3275 2823
3274 2823
2823 2821
3272 2821
3271 2821
3270 2821
3269 2821
3268 2821
3267 2821
3265 2821
3264 2821
2821 2807
3263 2807
3262 2807
3261 2807
3260 2807
3259 2807
3258 2807
3257 2807
3256 2807
2807 2791
3255 2791
3254 2791
3253 2791
3252 2791
3251 2791
3250 2791
3249 2791
3248 2791
2791 2790
3247 2790
3246 2790
3245 2790
3244 2790
3243 2790
3242 2790
3241 2790
3240 2790
2790 2788
3239 2788
3238 2788
3237 2788
3236 2788
3235 2788
3234 2788
3233 2788
3232 2788
2788 2772
3231 2772
3230 2772
3229 2772
3228 2772
3227 2772
3226 2772
3225 2772
3224 2772
2772 2770
3222 2770
3221 2770
3220 2770
3219 2770
3218 2770
3216 2770
3215 2770
3214 2770
3213 2770
2770 2757
3212 2757
3210 2757
3209 2757
3208 2757
3207 2757
3206 2757
2757 2754
3205 2754
3204 2754
3203 2754
3202 2754
3201 2754
3200 2754
2754 2751
3199 2751
3198 2751
3197 2751
3196 2751
3195 2751
3194 2751
3193 2751
3192 2751
3190 2751
2751 2707
3189 2707
3188 2707
3187 2707
3186 2707
3185 2707
3184 2707
3183 2707
3182 2707
3181 2707
2707 2696
3180 2696
3179 2696
3178 2696
3177 2696
3176 2696
3175 2696
3174 2696
3173 2696
3172 2696
2696 2690
3171 2690
3170 2690
3169 2690
3168 2690
3167 2690
3165 2690
3164 2690
3163 2690
2690 2683
3162 2683
3161 2683
3160 2683
3159 2683
3158 2683
3157 2683
3155 2683
3154 2683
2683 2662
3153 2662
3152 2662
3151 2662
3149 2662
3148 2662
3147 2662
3146 2662
2662 2648
3145 2648
3144 2648
3143 2648
3142 2648
3141 2648
2648 2646
3140 2646
3139 2646
3137 2646
3136 2646
3135 2646
3134 2646
3133 2646
3132 2646
2646 2645
3131 2645
3130 2645
3129 2645
3128 2645
3127 2645
3125 2645
3124 2645
3123 2645
3120 2645
2645 2631
3119 2631
3118 2631
3117 2631
3116 2631
3114 2631
3113 2631
3112 2631
3111 2631
3110 2631
2631 2628
3109 2628
3108 2628
3107 2628
3106 2628
3105 2628
3104 2628
3103 2628
3102 2628
2628 2627
3101 2627
3100 2627
3099 2627
3098 2627
3097 2627
3096 2627
3095 2627
2627 2612
3094 2612
3093 2612
3091 2612
3090 2612
3089 2612
3087 2612
3086 2612
3085 2612
2612 2600
3084 2600
3083 2600
3082 2600
3081 2600
3080 2600
2600 2599
3079 2599
3076 2599
3075 2599
3074 2599
3073 2599
3072 2599
3071 2599
3070 2599
2599 2589
3069 2589
3068 2589
3066 2589
3065 2589
3063 2589
3061 2589
3060 2589
3059 2589
3058 2589
2589 2588
3057 2588
3055 2588
3054 2588
3053 2588
3052 2588
3051 2588
3050 2588
3049 2588
3048 2588
2588 2561
3047 2561
3046 2561
3044 2561
3043 2561
3042 2561
3041 2561
3040 2561
3039 2561
3038 2561
2561 2536
3037 2536
3035 2536
3034 2536
3033 2536
3032 2536
3031 2536
3030 2536
2536 2414
3029 2414
3028 2414
3027 2414
3026 2414
3023 2414
3022 2414
2414 2398
3021 2398
3020 2398
3019 2398
3017 2398
3016 2398
2398 2395
3015 2395
3014 2395
3012 2395
3011 2395
3010 2395
3009 2395
3008 2395
3007 2395
3006 2395
2395 2391
3005 2391
3004 2391
3003 2391
3002 2391
3001 2391
3000 2391
2999 2391
2998 2391
2997 2391
2391 2384
2996 2384
2995 2384
2994 2384
2993 2384
2991 2384
2990 2384
2989 2384
2384 2370
2986 2370
2985 2370
2984 2370
2983 2370
2982 2370
2981 2370
2980 2370
2979 2370
2978 2370
2370 2368
2977 2368
2976 2368
2975 2368
2974 2368
2973 2368
2972 2368
2971 2368
2970 2368
2368 2322
2968 2322
2967 2322
2966 2322
2965 2322
2964 2322
2963 2322
2962 2322
2961 2322
2322 2316
2960 2316
2958 2316
2957 2316
2956 2316
2954 2316
2953 2316
2951 2316
2950 2316
2949 2316
2316 2315
2948 2315
2947 2315
2946 2315
2945 2315
2944 2315
2943 2315
2941 2315
2940 2315
2939 2315
2315 2313
2938 2313
2937 2313
2936 2313
2935 2313
2934 2313
2932 2313
2931 2313
2930 2313
2313 2306
2929 2306
2928 2306
2927 2306
2926 2306
2925 2306
2924 2306
2922 2306
2921 2306
2306 2291
2920 2291
2919 2291
2918 2291
2917 2291
2916 2291
2915 2291
2913 2291
2291 2288
2912 2288
2911 2288
2908 2288
2907 2288
2906 2288
2905 2288
2288 2286
2904 2286
2903 2286
2902 2286
2901 2286
2899 2286
2898 2286
2897 2286
2896 2286
2286 2274
2895 2274
2893 2274
2892 2274
2891 2274
2890 2274
2889 2274
2888 2274
2274 2268
2887 2268
2886 2268
2885 2268
2884 2268
2883 2268
2882 2268
2881 2268
2880 2268
2879 2268
2268 2259
2878 2259
2877 2259
2876 2259
2875 2259
2874 2259
2873 2259
2872 2259
2871 2259
2870 2259
2259 2257
2868 2257
2866 2257
2865 2257
2864 2257
2863 2257
2861 2257
2860 2257
2257 2222
2859 2222
2858 2222
2857 2222
2856 2222
2855 2222
2854 2222
2852 2222
2222 2218
2851 2218
2850 2218
2849 2218
2848 2218
2847 2218
2846 2218
2845 2218
2844 2218
2218 2216
2843 2216
2842 2216
2841 2216
2840 2216
2838 2216
2837 2216
2216 2214
2836 2214
2835 2214
2834 2214
2833 2214
2832 2214
2831 2214
2830 2214
2829 2214
2214 2196
2828 2196
2825 2196
2822 2196
2820 2196
2819 2196
2818 2196
2817 2196
2816 2196
2815 2196
2196 2193
2814 2193
2813 2193
2812 2193
2811 2193
2810 2193
2809 2193
2808 2193
2806 2193
2193 2184
2805 2184
2804 2184
2803 2184
2802 2184
2801 2184
2800 2184
2799 2184
2184 2181
2798 2181
2797 2181
2796 2181
2795 2181
2794 2181
2793 2181
2792 2181
2789 2181
2787 2181
2181 2177
2786 2177
2785 2177
2784 2177
2783 2177
2782 2177
2781 2177
2780 2177
2779 2177
2177 2174
2778 2174
2777 2174
2776 2174
2775 2174
2774 2174
2773 2174
2771 2174
2769 2174
2768 2174
2174 2172
2767 2172
2766 2172
2765 2172
2764 2172
2763 2172
2762 2172
2761 2172
2760 2172
2172 2166
2759 2166
2758 2166
2756 2166
2755 2166
2753 2166
2752 2166
2750 2166
2749 2166
2748 2166
2166 2144
2747 2144
2746 2144
2745 2144
2744 2144
2743 2144
2742 2144
2741 2144
2144 2122
2740 2122
2739 2122
2738 2122
2737 2122
2736 2122
2735 2122
2734 2122
2733 2122
2122 2112
2732 2112
2731 2112
2730 2112
2729 2112
2728 2112
2727 2112
2112 2110
2726 2110
2725 2110
2724 2110
2723 2110
2722 2110
2721 2110
2720 2110
2110 2094
2719 2094
2718 2094
2717 2094
2716 2094
2715 2094
2714 2094
2713 2094
2094 2092
2712 2092
2711 2092
2710 2092
2709 2092
2708 2092
2706 2092
2705 2092
2704 2092
2703 2092
2092 2088
2702 2088
2701 2088
2700 2088
2699 2088
2698 2088
2697 2088
2695 2088
2694 2088
2693 2088
2088 2086
2692 2086
2691 2086
2689 2086
2688 2086
2687 2086
2686 2086
2685 2086
2684 2086
2086 2073
2682 2073
2681 2073
2680 2073
2679 2073
2678 2073
2677 2073
2676 2073
2675 2073
2674 2073
2073 2058
2673 2058
2672 2058
2671 2058
2670 2058
2669 2058
2668 2058
2058 2054
2667 2054
2666 2054
2665 2054
2664 2054
2663 2054
2661 2054
2660 2054
2659 2054
2658 2054
2054 2042
2657 2042
2656 2042
2655 2042
2654 2042
2653 2042
2652 2042
2651 2042
2650 2042
2649 2042
2042 2038
2647 2038
2644 2038
2643 2038
2642 2038
2641 2038
2640 2038
2639 2038
2638 2038
2038 2026
2637 2026
2636 2026
2635 2026
2634 2026
2633 2026
2632 2026
2026 2024
2630 2024
2629 2024
2626 2024
2625 2024
2624 2024
2623 2024
2622 2024
2621 2024
2620 2024
2024 2015
2619 2015
2618 2015
2617 2015
2616 2015
2615 2015
2614 2015
2613 2015
2611 2015
2610 2015
2015 2008
2609 2008
2608 2008
2607 2008
2606 2008
2605 2008
2604 2008
2603 2008
2602 2008
2601 2008
2008 1977
2598 1977
2597 1977
2596 1977
2595 1977
2594 1977
2593 1977
2592 1977
2591 1977
1977 1969
2590 1969
2587 1969
2586 1969
2585 1969
2584 1969
2583 1969
2582 1969
2581 1969
2580 1969
1969 1962
2579 1962
2578 1962
2577 1962
2576 1962
2575 1962
2574 1962
2573 1962
2572 1962
2571 1962
1962 1959
2570 1959
2569 1959
2568 1959
2567 1959
2566 1959
2565 1959
2564 1959
2563 1959
2562 1959
1959 1952
2560 1952
2559 1952
2558 1952
2557 1952
2556 1952
2555 1952
2554 1952
2553 1952
2552 1952
1952 1947
2551 1947
2550 1947
2549 1947
2548 1947
2547 1947
2546 1947
2545 1947
2544 1947
2543 1947
1947 1944
2542 1944
2541 1944
2540 1944
2539 1944
2538 1944
2537 1944
2535 1944
1944 1942
2534 1942
2533 1942
2532 1942
2531 1942
2530 1942
2529 1942
2528 1942
2527 1942
1942 1938
2526 1938
2525 1938
2524 1938
2523 1938
2522 1938
2521 1938
1938 1914
2520 1914
2519 1914
2518 1914
2517 1914
2516 1914
1914 1906
2515 1906
2514 1906
2513 1906
2512 1906
2511 1906
2510 1906
2509 1906
2508 1906
1906 1903
2507 1903
2506 1903
2505 1903
2504 1903
2503 1903
2502 1903
2501 1903
2500 1903
2499 1903
1903 1889
2498 1889
2497 1889
2496 1889
2495 1889
2494 1889
2493 1889
2492 1889
2491 1889
2490 1889
1889 1888
2489 1888
2488 1888
2487 1888
2486 1888
2485 1888
2484 1888
2483 1888
1888 1881
2482 1881
2481 1881
2480 1881
2479 1881
2478 1881
2477 1881
2476 1881
2475 1881
2474 1881
1881 1872
2473 1872
2472 1872
2471 1872
2470 1872
2469 1872
2468 1872
2467 1872
2466 1872
2465 1872
1872 1870
2464 1870
2463 1870
2462 1870
2461 1870
2460 1870
2459 1870
2458 1870
2457 1870
2456 1870
1870 1868
2455 1868
2454 1868
2453 1868
2452 1868
2451 1868
2450 1868
2449 1868
2448 1868
1868 1860
2447 1860
2446 1860
2445 1860
2444 1860
2443 1860
2442 1860
1860 1853
2441 1853
2440 1853
2439 1853
2438 1853
2437 1853
2436 1853
2435 1853
2434 1853
2433 1853
1853 1844
2432 1844
2431 1844
2430 1844
2429 1844
2428 1844
2427 1844
2426 1844
2425 1844
2424 1844
1844 1832
2423 1832
2422 1832
2421 1832
2420 1832
2419 1832
2418 1832
2417 1832
2416 1832
1832 1831
2415 1831
2413 1831
2412 1831
2411 1831
2410 1831
2409 1831
2408 1831
2407 1831
1831 1824
2406 1824
2405 1824
2404 1824
2403 1824
2402 1824
2401 1824
2400 1824
1824 1817
2399 1817
2397 1817
2396 1817
2394 1817
2393 1817
2392 1817
2390 1817
1817 1810
2389 1810
2388 1810
2387 1810
2386 1810
2385 1810
2383 1810
2382 1810
2381 1810
2380 1810
1810 1808
2379 1808
2378 1808
2377 1808
2376 1808
2375 1808
2374 1808
2373 1808
2372 1808
2371 1808
1808 1796
2369 1796
2367 1796
2366 1796
2365 1796
2364 1796
2363 1796
2362 1796
1796 1790
2361 1790
2360 1790
2359 1790
2358 1790
2357 1790
2356 1790
2355 1790
2354 1790
2353 1790
1790 1780
2352 1780
2351 1780
2350 1780
2349 1780
2348 1780
2347 1780
2346 1780
2345 1780
2344 1780
1780 1777
2343 1777
2342 1777
2341 1777
2340 1777
2339 1777
2338 1777
2337 1777
2336 1777
1777 1776
2335 1776
2334 1776
2333 1776
2332 1776
2331 1776
2330 1776
2329 1776
2328 1776
2327 1776
1776 1775
2326 1775
2325 1775
2324 1775
2323 1775
2321 1775
2320 1775
2319 1775
2318 1775
1775 1774
2317 1774
2314 1774
2312 1774
2311 1774
2310 1774
2309 1774
2308 1774
2307 1774
1774 1773
2305 1773
2304 1773
2303 1773
2302 1773
2301 1773
2300 1773
2299 1773
2298 1773
1773 1771
2297 1771
2296 1771
2295 1771
2294 1771
2293 1771
2292 1771
2290 1771
2289 1771
2287 1771
1771 1765
2285 1765
2284 1765
2283 1765
2282 1765
2281 1765
2280 1765
2279 1765
2278 1765
1765 1762
2277 1762
2276 1762
2275 1762
2273 1762
2272 1762
2271 1762
2270 1762
2269 1762
1762 1760
2267 1760
2266 1760
2265 1760
2264 1760
2263 1760
2262 1760
2261 1760
2260 1760
2258 1760
1760 1757
2256 1757
2255 1757
2254 1757
2253 1757
2252 1757
2251 1757
2250 1757
2249 1757
2248 1757
1757 1746
2247 1746
2246 1746
2245 1746
2244 1746
2243 1746
2242 1746
2241 1746
2240 1746
2239 1746
1746 1742
2238 1742
2237 1742
2236 1742
2235 1742
2234 1742
2233 1742
2232 1742
2231 1742
2230 1742
1742 1729
2229 1729
2228 1729
2227 1729
2226 1729
2225 1729
2224 1729
1729 1723
2223 1723
2221 1723
2220 1723
2219 1723
2217 1723
2215 1723
2213 1723
1723 1721
2212 1721
2211 1721
2210 1721
2209 1721
2208 1721
2207 1721
1721 1715
2206 1715
2205 1715
2204 1715
2203 1715
2202 1715
2201 1715
2200 1715
1715 1709
2199 1709
2198 1709
2197 1709
2195 1709
2194 1709
2192 1709
2191 1709
2190 1709
1709 1700
2189 1700
2188 1700
2187 1700
2186 1700
2185 1700
2183 1700
2182 1700
2180 1700
1700 1696
2179 1696
2178 1696
2176 1696
2175 1696
2173 1696
2171 1696
2170 1696
2169 1696
2168 1696
1696 1673
2167 1673
2165 1673
2164 1673
2163 1673
2162 1673
2161 1673
2160 1673
1673 1669
2159 1669
2158 1669
2157 1669
2156 1669
2155 1669
2154 1669
2153 1669
2152 1669
2151 1669
1669 1666
2150 1666
2149 1666
2148 1666
2147 1666
2146 1666
2145 1666
2143 1666
1666 1642
2142 1642
2141 1642
2140 1642
2139 1642
2138 1642
2137 1642
2136 1642
2135 1642
1642 1608
2134 1608
2133 1608
2132 1608
2131 1608
2130 1608
1608 1605
2129 1605
2128 1605
2127 1605
2126 1605
2125 1605
2124 1605
2123 1605
2121 1605
1605 1602
2120 1602
2119 1602
2118 1602
2117 1602
2116 1602
2115 1602
2114 1602
2113 1602
2111 1602
1602 1601
2109 1601
2108 1601
2107 1601
2106 1601
2105 1601
2104 1601
2103 1601
2102 1601
2101 1601
1601 1590
2100 1590
2099 1590
2098 1590
2097 1590
2096 1590
2095 1590
2093 1590
2091 1590
1590 1553
2090 1553
2089 1553
2087 1553
2085 1553
2084 1553
2083 1553
1553 1526
2082 1526
2081 1526
2080 1526
2079 1526
2078 1526
2077 1526
2076 1526
2075 1526
1526 1524
2074 1524
2072 1524
2071 1524
2070 1524
2069 1524
2068 1524
2067 1524
2066 1524
1524 1509
2065 1509
2064 1509
2063 1509
2062 1509
2061 1509
2060 1509
2059 1509
2057 1509
2056 1509
1509 1506
2055 1506
2053 1506
2052 1506
2051 1506
2050 1506
2049 1506
2048 1506
2047 1506
2046 1506
1506 1505
2045 1505
2044 1505
2043 1505
2041 1505
2040 1505
2039 1505
2037 1505
1505 1496
2036 1496
2035 1496
2034 1496
2033 1496
2032 1496
2031 1496
2030 1496
2029 1496
1496 1491
2028 1491
2027 1491
2025 1491
2023 1491
2022 1491
2021 1491
2020 1491
2019 1491
2018 1491
1491 1485
2017 1485
2016 1485
2014 1485
2013 1485
2012 1485
2011 1485
2010 1485
2009 1485
2007 1485
1485 1484
2006 1484
2005 1484
2004 1484
2003 1484
2002 1484
2001 1484
2000 1484
1999 1484
1998 1484
1484 1471
1997 1471
1996 1471
1995 1471
1994 1471
1993 1471
1992 1471
1991 1471
1990 1471
1989 1471
1471 1462
1988 1462
1987 1462
1986 1462
1985 1462
1984 1462
1983 1462
1982 1462
1981 1462
1980 1462
1462 1453
1979 1453
1978 1453
1976 1453
1975 1453
1974 1453
1973 1453
1972 1453
1453 1452
1971 1452
1970 1452
1968 1452
1967 1452
1966 1452
1452 1443
1965 1443
1964 1443
1963 1443
1961 1443
1960 1443
1958 1443
1957 1443
1956 1443
1955 1443
1443 1402
1954 1402
1953 1402
1951 1402
1950 1402
1949 1402
1948 1402
1946 1402
1945 1402
1402 1374
1943 1374
1941 1374
1940 1374
1939 1374
1937 1374
1936 1374
1935 1374
1934 1374
1933 1374
1374 1372
1932 1372
1931 1372
1930 1372
1929 1372
1928 1372
1927 1372
1926 1372
1925 1372
1924 1372
1372 1365
1923 1365
1922 1365
1921 1365
1920 1365
1919 1365
1918 1365
1917 1365
1916 1365
1365 1355
1915 1355
1913 1355
1912 1355
1911 1355
1910 1355
1909 1355
1908 1355
1907 1355
1355 1353
1905 1353
1904 1353
1902 1353
1901 1353
1900 1353
1899 1353
1898 1353
1897 1353
1353 1351
1896 1351
1895 1351
1894 1351
1893 1351
1892 1351
1891 1351
1890 1351
1887 1351
1886 1351
1351 1350
1885 1350
1884 1350
1883 1350
1882 1350
1880 1350
1879 1350
1878 1350
1877 1350
1350 1346
1876 1346
1875 1346
1874 1346
1873 1346
1871 1346
1869 1346
1867 1346
1866 1346
1865 1346
1346 1326
1864 1326
1863 1326
1862 1326
1861 1326
1859 1326
1858 1326
1857 1326
1856 1326
1855 1326
1326 1325
1854 1325
1852 1325
1851 1325
1850 1325
1849 1325
1848 1325
1847 1325
1846 1325
1845 1325
1325 1290
1843 1290
1842 1290
1841 1290
1840 1290
1839 1290
1838 1290
1837 1290
1836 1290
1835 1290
1290 1280
1834 1280
1833 1280
1830 1280
1829 1280
1828 1280
1827 1280
1826 1280
1280 1263
1825 1263
1823 1263
1822 1263
1821 1263
1820 1263
1819 1263
1818 1263
1263 1251
1816 1251
1815 1251
1814 1251
1813 1251
1812 1251
1811 1251
1809 1251
1807 1251
1806 1251
1251 1242
1805 1242
1804 1242
1803 1242
1802 1242
1801 1242
1800 1242
1799 1242
1798 1242
1797 1242
1242 1236
1795 1236
1794 1236
1793 1236
1792 1236
1791 1236
1789 1236
1788 1236
1787 1236
1786 1236
1236 1232
1785 1232
1784 1232
1783 1232
1782 1232
1781 1232
1779 1232
1778 1232
1772 1232
1232 1223
1770 1223
1769 1223
1768 1223
1767 1223
1766 1223
1764 1223
1763 1223
1761 1223
1759 1223
1223 1206
1758 1206
1756 1206
1755 1206
1754 1206
1753 1206
1752 1206
1751 1206
1750 1206
1749 1206
1206 1203
1748 1203
1747 1203
1745 1203
1744 1203
1743 1203
1741 1203
1740 1203
1739 1203
1738 1203
1203 1195
1737 1195
1736 1195
1735 1195
1734 1195
1733 1195
1732 1195
1731 1195
1730 1195
1728 1195
1195 1186
1727 1186
1726 1186
1725 1186
1724 1186
1722 1186
1186 1177
1720 1177
1719 1177
1718 1177
1717 1177
1716 1177
1714 1177
1713 1177
1712 1177
1711 1177
1177 1176
1710 1176
1708 1176
1707 1176
1706 1176
1705 1176
1704 1176
1703 1176
1176 1174
1702 1174
1701 1174
1699 1174
1698 1174
1697 1174
1695 1174
1694 1174
1693 1174
1692 1174
1174 1158
1691 1158
1690 1158
1689 1158
1688 1158
1687 1158
1686 1158
1685 1158
1684 1158
1683 1158
1158 1157
1682 1157
1681 1157
1680 1157
1679 1157
1678 1157
1677 1157
1676 1157
1157 1150
1675 1150
1674 1150
1672 1150
1671 1150
1670 1150
1668 1150
1667 1150
1665 1150
1150 1149
1664 1149
1663 1149
1662 1149
1661 1149
1660 1149
1659 1149
1658 1149
1657 1149
1656 1149
1149 1142
1655 1142
1654 1142
1653 1142
1652 1142
1651 1142
1650 1142
1649 1142
1648 1142
1647 1142
1142 1128
1646 1128
1645 1128
1644 1128
1643 1128
1641 1128
1640 1128
1639 1128
1638 1128
1637 1128
1128 1108
1636 1108
1635 1108
1634 1108
1633 1108
1632 1108
1631 1108
1108 1099
1630 1099
1629 1099
1628 1099
1627 1099
1626 1099
1625 1099
1624 1099
1623 1099
1622 1099
1099 1098
1621 1098
1620 1098
1619 1098
1618 1098
1617 1098
1616 1098
1615 1098
1098 1091
1614 1091
1613 1091
1612 1091
1611 1091
1610 1091
1609 1091
1607 1091
1606 1091
1091 1046
1604 1046
1603 1046
1600 1046
1599 1046
1598 1046
1597 1046
1596 1046
1046 1036
1595 1036
1594 1036
1593 1036
1592 1036
1591 1036
1589 1036
1588 1036
1587 1036
1586 1036
1036 1028
1585 1028
1584 1028
1583 1028
1582 1028
1581 1028
1580 1028
1028 1018
1579 1018
1578 1018
1577 1018
1576 1018
1575 1018
1574 1018
1573 1018
1572 1018
1018 1007
1571 1007
1570 1007
1569 1007
1568 1007
1567 1007
1566 1007
1565 1007
1564 1007
1563 1007
1007 993
1562 993
1561 993
1560 993
993 981
1559 981
1558 981
1557 981
1556 981
1555 981
1554 981
1552 981
1551 981
981 968
1550 968
1549 968
1548 968
1547 968
1546 968
1545 968
1544 968
1543 968
968 951
1542 951
1541 951
1540 951
1539 951
1538 951
1537 951
1536 951
951 944
1535 944
1534 944
1533 944
1532 944
1531 944
1530 944
1529 944
1528 944
944 942
1527 942
1525 942
1523 942
1522 942
1521 942
1520 942
1519 942
1518 942
1517 942
942 941
1516 941
1515 941
1514 941
1513 941
1512 941
1511 941
1510 941
941 939
1508 939
1507 939
1504 939
1503 939
1502 939
1501 939
1500 939
1499 939
1498 939
939 926
1497 926
1495 926
1494 926
1493 926
1492 926
1490 926
1489 926
1488 926
1487 926
926 924
1486 924
1483 924
1482 924
1481 924
1480 924
1479 924
1478 924
1477 924
924 909
1476 909
1475 909
1474 909
1473 909
1472 909
1470 909
1469 909
1468 909
1467 909
909 907
1466 907
1465 907
1464 907
1463 907
1461 907
1460 907
907 905
1459 905
1458 905
1457 905
1456 905
1455 905
905 899
1454 899
1451 899
1450 899
1449 899
1448 899
1447 899
1446 899
899 893
1445 893
1444 893
1442 893
1441 893
1440 893
1439 893
1438 893
1437 893
893 889
1436 889
1435 889
1434 889
1433 889
1432 889
1431 889
889 888
1430 888
1429 888
1428 888
1427 888
1426 888
1425 888
1424 888
1423 888
888 884
1422 884
1421 884
1420 884
1419 884
1418 884
1417 884
1416 884
1415 884
1414 884
884 875
1413 875
1412 875
1411 875
1410 875
1409 875
1408 875
875 864
1407 864
1406 864
1405 864
864 858
1404 858
1403 858
1401 858
1400 858
1399 858
1398 858
1397 858
1396 858
1395 858
858 852
1394 852
1393 852
1392 852
1391 852
1390 852
1389 852
1388 852
1387 852
1386 852
852 850
1385 850
1384 850
1383 850
1382 850
1381 850
1380 850
1379 850
1378 850
1377 850
850 840
1376 840
1375 840
1373 840
1371 840
1370 840
1369 840
1368 840
840 832
1367 832
1366 832
1364 832
1363 832
1362 832
1361 832
1360 832
1359 832
1358 832
832 808
1357 808
1356 808
1354 808
1352 808
1349 808
1348 808
808 806
1347 806
1345 806
1344 806
1343 806
1342 806
1341 806
1340 806
806 798
1339 798
1338 798
1337 798
1336 798
1335 798
1334 798
1333 798
798 796
1332 796
1331 796
1330 796
1329 796
1328 796
796 770
1327 770
1324 770
1323 770
1322 770
1321 770
1320 770
770 767
1319 767
1318 767
1317 767
1316 767
1315 767
1314 767
1313 767
1312 767
767 755
1311 755
1310 755
1309 755
1308 755
1307 755
1306 755
755 750
1305 750
1304 750
1303 750
1302 750
1301 750
1300 750
1299 750
1298 750
750 748
1297 748
1296 748
1295 748
1294 748
1293 748
1292 748
748 739
1291 739
1289 739
1288 739
1287 739
1286 739
1285 739
1284 739
1283 739
739 734
1282 734
1281 734
1279 734
1278 734
1277 734
1276 734
1275 734
1274 734
1273 734
734 718
1272 718
1271 718
1270 718
1269 718
1268 718
1267 718
1266 718
1265 718
718 705
1264 705
1262 705
1261 705
1260 705
1259 705
1258 705
1257 705
1256 705
705 698
1255 698
1254 698
1253 698
1252 698
1250 698
698 691
1249 691
1248 691
1247 691
1246 691
691 688
1245 688
1244 688
1243 688
1241 688
1240 688
1239 688
1238 688
688 681
1237 681
1235 681
1234 681
1233 681
1231 681
1230 681
1229 681
1228 681
1227 681
681 675
1226 675
1225 675
1224 675
1222 675
675 658
1221 658
1220 658
1219 658
1218 658
1217 658
1216 658
1215 658
1214 658
658 656
1213 656
1212 656
1211 656
1210 656
1209 656
1208 656
1207 656
656 652
1205 652
1204 652
1202 652
1201 652
1200 652
1199 652
1198 652
1197 652
652 639
1196 639
1194 639
1193 639
1192 639
1191 639
639 618
1190 618
1189 618
1188 618
1187 618
1185 618
1184 618
1183 618
1182 618
1181 618
618 604
1180 604
1179 604
1178 604
1175 604
1173 604
1172 604
1171 604
1170 604
1169 604
1168 604
604 600
1167 600
1166 600
1165 600
1164 600
1163 600
1162 600
1161 600
1160 600
600 596
1159 596
1156 596
1155 596
1154 596
1153 596
1152 596
1151 596
596 593
1148 593
1147 593
1146 593
1145 593
1144 593
1143 593
1141 593
1140 593
1139 593
1138 593
593 592
1137 592
1136 592
1135 592
1134 592
1133 592
1132 592
1131 592
1130 592
1129 592
1127 592
592 584
1126 584
1125 584
1124 584
1123 584
1122 584
1121 584
1120 584
584 582
1119 582
1118 582
1117 582
1116 582
1115 582
1114 582
1113 582
1112 582
1111 582
1110 582
582 577
1109 577
1107 577
1106 577
1105 577
1104 577
1103 577
1102 577
1101 577
577 576
1100 576
1097 576
1096 576
1095 576
1094 576
1093 576
1092 576
1090 576
1089 576
1088 576
576 573
1087 573
1086 573
1085 573
1084 573
1083 573
1082 573
1081 573
1080 573
1079 573
1078 573
573 572
1077 572
1076 572
1075 572
1074 572
1073 572
1072 572
1071 572
1070 572
1069 572
1068 572
572 567
1067 567
1066 567
1065 567
1064 567
1063 567
1062 567
1061 567
1060 567
1059 567
1058 567
567 538
1057 538
1056 538
1055 538
1054 538
1053 538
1052 538
1051 538
1050 538
1049 538
538 531
1048 531
1047 531
1045 531
1044 531
1043 531
1042 531
1041 531
531 527
1040 527
1039 527
1038 527
1037 527
1035 527
1034 527
1033 527
1032 527
1031 527
527 526
1030 526
1029 526
1027 526
1026 526
1025 526
1024 526
1023 526
1022 526
1021 526
526 521
1020 521
1019 521
1017 521
1016 521
1015 521
1014 521
1013 521
1012 521
1011 521
1010 521
521 518
1009 518
1008 518
1006 518
1005 518
1004 518
1003 518
518 514
1002 514
1001 514
1000 514
999 514
998 514
997 514
996 514
995 514
994 514
514 492
992 492
991 492
990 492
989 492
988 492
987 492
986 492
985 492
984 492
492 491
983 491
982 491
980 491
979 491
978 491
977 491
976 491
975 491
974 491
491 490
973 490
972 490
971 490
970 490
969 490
967 490
966 490
965 490
964 490
963 490
490 488
962 488
961 488
960 488
959 488
958 488
957 488
956 488
955 488
954 488
953 488
488 486
952 486
950 486
949 486
948 486
947 486
946 486
945 486
943 486
940 486
486 485
938 485
937 485
936 485
935 485
934 485
933 485
932 485
931 485
930 485
929 485
485 463
928 463
927 463
925 463
923 463
922 463
921 463
920 463
919 463
918 463
463 458
917 458
916 458
915 458
914 458
913 458
912 458
911 458
910 458
908 458
906 458
458 457
904 457
903 457
902 457
901 457
900 457
898 457
897 457
896 457
895 457
894 457
457 445
892 445
891 445
890 445
887 445
886 445
885 445
883 445
882 445
881 445
445 443
880 443
879 443
878 443
877 443
876 443
874 443
873 443
872 443
443 423
871 423
870 423
869 423
868 423
867 423
866 423
865 423
863 423
862 423
423 410
861 410
860 410
859 410
857 410
856 410
855 410
854 410
853 410
851 410
410 405
849 405
848 405
847 405
846 405
845 405
844 405
843 405
842 405
841 405
839 405
405 404
838 404
837 404
836 404
835 404
834 404
833 404
831 404
830 404
829 404
828 404
404 398
827 398
826 398
825 398
824 398
823 398
822 398
821 398
820 398
398 394
819 394
818 394
817 394
816 394
815 394
814 394
813 394
812 394
811 394
810 394
394 391
809 391
807 391
805 391
804 391
803 391
802 391
801 391
800 391
799 391
797 391
391 390
795 390
794 390
793 390
792 390
791 390
790 390
789 390
390 384
788 384
787 384
786 384
785 384
784 384
783 384
782 384
781 384
780 384
384 383
779 383
778 383
777 383
776 383
775 383
774 383
773 383
772 383
383 375
771 375
769 375
768 375
766 375
765 375
764 375
763 375
762 375
761 375
375 366
760 366
759 366
758 366
757 366
756 366
754 366
366 365
753 365
752 365
751 365
749 365
747 365
746 365
745 365
744 365
743 365
742 365
365 361
741 361
740 361
738 361
737 361
736 361
735 361
733 361
732 361
731 361
730 361
361 354
729 354
728 354
727 354
726 354
725 354
724 354
723 354
722 354
721 354
354 347
720 347
719 347
717 347
716 347
715 347
714 347
713 347
712 347
347 345
711 345
710 345
709 345
708 345
707 345
706 345
704 345
703 345
702 345
345 344
701 344
700 344
699 344
697 344
696 344
695 344
694 344
693 344
692 344
690 344
344 343
689 343
687 343
686 343
685 343
684 343
683 343
682 343
680 343
343 342
679 342
678 342
677 342
676 342
674 342
673 342
672 342
671 342
670 342
669 342
342 323
668 323
667 323
666 323
665 323
664 323
663 323
662 323
661 323
660 323
659 323
323 314
657 314
655 314
654 314
653 314
651 314
650 314
649 314
648 314
647 314
314 313
646 313
645 313
644 313
643 313
642 313
641 313
640 313
313 310
638 310
637 310
636 310
635 310
634 310
633 310
632 310
631 310
630 310
629 310
310 306
628 306
627 306
626 306
625 306
624 306
623 306
622 306
621 306
620 306
306 293
619 293
617 293
616 293
615 293
614 293
613 293
612 293
611 293
610 293
293 291
609 291
608 291
607 291
606 291
605 291
603 291
602 291
601 291
599 291
598 291
291 287
597 287
595 287
594 287
591 287
590 287
589 287
588 287
587 287
287 280
586 280
585 280
583 280
581 280
580 280
579 280
578 280
575 280
574 280
571 280
280 278
570 278
569 278
568 278
566 278
565 278
564 278
563 278
562 278
278 275
561 275
560 275
559 275
558 275
557 275
556 275
555 275
554 275
275 273
553 273
552 273
551 273
550 273
549 273
548 273
273 272
547 272
546 272
545 272
544 272
272 270
543 270
542 270
541 270
540 270
539 270
537 270
536 270
535 270
534 270
533 270
270 258
532 258
530 258
529 258
528 258
525 258
524 258
523 258
522 258
520 258
519 258
258 254
517 254
516 254
515 254
513 254
512 254
511 254
510 254
509 254
508 254
507 254
254 247
506 247
505 247
504 247
503 247
502 247
501 247
500 247
499 247
247 243
498 243
497 243
496 243
495 243
494 243
493 243
489 243
487 243
484 243
483 243
243 240
482 240
481 240
480 240
479 240
478 240
477 240
476 240
475 240
474 240
473 240
240 234
472 234
471 234
470 234
469 234
468 234
467 234
466 234
465 234
464 234
234 229
462 229
461 229
460 229
459 229
456 229
455 229
454 229
453 229
452 229
229 228
451 228
450 228
449 228
448 228
447 228
446 228
444 228
442 228
441 228
440 228
228 220
439 220
438 220
437 220
436 220
435 220
434 220
433 220
432 220
220 211
431 211
430 211
429 211
428 211
427 211
426 211
425 211
424 211
422 211
211 209
421 209
420 209
419 209
418 209
417 209
416 209
415 209
414 209
413 209
412 209
209 205
411 205
409 205
408 205
407 205
406 205
403 205
402 205
401 205
400 205
205 204
399 204
397 204
396 204
395 204
393 204
392 204
389 204
388 204
387 204
204 198
386 198
385 198
382 198
381 198
380 198
379 198
378 198
377 198
376 198
198 197
374 197
373 197
372 197
371 197
370 197
369 197
368 197
367 197
364 197
197 193
363 193
362 193
360 193
359 193
358 193
357 193
356 193
355 193
353 193
352 193
193 182
351 182
350 182
349 182
348 182
346 182
341 182
340 182
339 182
338 182
337 182
182 181
336 181
335 181
334 181
333 181
332 181
331 181
330 181
181 166
329 166
328 166
327 166
326 166
325 166
324 166
322 166
321 166
320 166
166 163
319 163
318 163
317 163
316 163
315 163
312 163
311 163
309 163
163 161
308 161
307 161
305 161
304 161
303 161
302 161
161 155
301 155
300 155
299 155
298 155
297 155
296 155
295 155
294 155
292 155
290 155
155 154
289 154
288 154
286 154
285 154
284 154
283 154
282 154
281 154
279 154
277 154
154 148
276 148
274 148
271 148
269 148
268 148
267 148
266 148
148 144
265 144
264 144
263 144
262 144
261 144
260 144
259 144
257 144
256 144
144 143
255 143
253 143
252 143
251 143
250 143
249 143
143 131
248 131
246 131
245 131
244 131
242 131
241 131
239 131
238 131
131 130
237 130
236 130
235 130
233 130
232 130
231 130
230 130
227 130
226 130
130 126
225 126
224 126
223 126
222 126
221 126
219 126
218 126
217 126
216 126
126 101
215 101
214 101
213 101
212 101
210 101
208 101
207 101
206 101
101 93
203 93
202 93
201 93
200 93
199 93
196 93
195 93
194 93
192 93
191 93
93 92
190 92
189 92
188 92
187 92
186 92
185 92
184 92
183 92
180 92
179 92
92 82
178 82
177 82
176 82
175 82
174 82
173 82
172 82
82 74
171 74
170 74
169 74
168 74
167 74
165 74
164 74
162 74
160 74
159 74
74 72
158 72
157 72
156 72
153 72
152 72
151 72
150 72
149 72
147 72
146 72
72 71
145 71
142 71
141 71
140 71
139 71
138 71
137 71
71 67
136 67
135 67
134 67
133 67
132 67
129 67
128 67
127 67
125 67
67 63
124 63
123 63
122 63
121 63
120 63
119 63
118 63
117 63
116 63
63 58
115 58
114 58
113 58
112 58
111 58
110 58
109 58
108 58
58 45
107 45
106 45
105 45
104 45
103 45
102 45
100 45
99 45
45 41
98 41
97 41
96 41
95 41
94 41
91 41
90 41
89 41
88 41
41 39
87 39
86 39
85 39
84 39
83 39
81 39
80 39
79 39
78 39
39 38
77 38
76 38
75 38
73 38
70 38
69 38
68 38
66 38
38 37
65 37
64 37
62 37
37 21
61 21
60 21
59 21
57 21
56 21
55 21
21 16
54 16
53 16
52 16
51 16
50 16
49 16
16 11
48 11
47 11
46 11
44 11
43 11
42 11
40 11
11 8
36 8
35 8
34 8
33 8
32 8
31 8
30 8
29 8
8 7
28 7
27 7
26 7
25 7
24 7
23 7
22 7
20 7
19 7
7 6
18 6
17 6
15 6
14 6
13 6
12 6
10 6
9 6
5 6
4 6
6 0
3 0
2 0
0 1
