102 202
21 90
27 64
64 75
27 67
64 65
16 83
4 88
12 28
30 36
41 98
7 86
3 21
32 68
37 84
20 97
14 90
14 65
24 58
46 93
62 67
74 86
26 60
21 76
12 44
29 100
52 97
4 60
37 40
94 98
83 91
23 94
70 78
41 86
8 79
61 86
3 31
12 67
18 19
66 71
76 89
3 42
4 18
47 54
20 94
76 79
9 94
14 39
1 69
52 57
5 37
6 62
17 75
4 89
35 64
39 97
61 68
41 70
24 48
96 98
21 24
12 53
27 75
27 37
74 78
2 27
11 29
64 68
55 92
42 58
49 61
21 82
30 82
29 67
96 100
20 31
57 64
60 93
28 40
64 71
20 64
7 25
22 35
25 75
27 34
36 95
41 67
6 64
1 94
16 32
34 97
28 56
41 79
4 55
4 97
14 68
17 82
46 86
4 27
85 88
18 52
23 30
63 87
42 90
27 30
90 92
77 94
76 97
61 88
12 96
60 62
83 89
23 91
37 59
18 58
12 34
56 73
28 40
0 21
26 72
22 84
45 68
28 60
33 73
24 101
26 97
14 70
8 72
63 77
1 89
16 81
69 84
7 56
38 68
17 96
34 50
12 66
3 75
0 56
39 65
49 100
34 70
47 70
66 71
33 89
38 78
77 91
47 87
47 51
88 96
19 99
18 33
22 46
13 63
13 95
56 98
43 92
15 100
13 76
27 78
65 90
36 64
47 101
69 92
37 55
17 30
27 94
3 9
24 39
89 98
78 91
8 34
49 89
82 88
3 87
18 47
17 53
50 60
45 86
30 52
60 72
93 99
17 28
23 46
10 34
67 81
57 94
23 47
54 60
29 59
5 39
38 40
66 98
9 22
20 79
0 10
48 80
25 49
54 78
32 35
71 98
10 91
63 89
