2
1002 1001
999 1001
997 1001
1001 1000
1000 998
998 996
994 996
996 995
992 995
991 995
990 995
987 995
984 995
975 995
995 993
973 993
993 989
989 988
972 988
967 988
988 986
986 985
966 985
964 985
961 985
959 985
985 983
956 983
954 983
983 982
982 981
981 980
953 980
952 980
951 980
980 979
979 978
950 978
978 977
977 976
976 974
947 974
974 971
946 971
971 970
945 970
942 970
970 969
939 969
969 968
938 968
968 965
965 963
963 962
962 960
934 960
931 960
960 958
958 957
929 957
926 957
924 957
957 955
922 955
955 949
949 948
948 944
921 944
944 943
943 941
941 940
920 940
918 940
940 937
917 937
915 937
937 936
936 935
911 935
909 935
908 935
935 933
905 933
904 933
933 932
932 930
930 928
928 927
927 925
925 923
901 923
923 919
900 919
919 916
899 916
916 914
897 914
914 913
913 912
891 912
890 912
912 910
910 907
907 906
889 906
906 903
888 903
886 903
903 902
902 898
898 896
896 895
895 894
884 894
894 893
893 892
883 892
881 892
880 892
892 887
887 885
877 885
885 882
882 879
879 878
878 874
876 874
875 874
874 871
873 871
872 871
871 867
867 866
870 866
866 865
865 861
869 861
868 861
861 859
864 859
859 857
857 856
856 852
863 852
852 850
850 848
862 848
848 846
846 845
860 845
858 845
855 845
854 845
845 843
843 842
853 842
842 841
841 838
838 835
851 835
835 834
849 834
834 832
847 832
844 832
840 832
832 831
831 827
839 827
837 827
827 824
836 824
833 824
830 824
824 820
829 820
828 820
820 819
826 819
819 818
818 813
825 813
823 813
813 811
822 811
821 811
817 811
816 811
811 810
810 809
809 805
805 804
804 803
803 800
815 800
814 800
812 800
808 800
807 800
800 799
799 798
806 798
802 798
801 798
798 796
796 790
797 790
795 790
790 789
794 789
793 789
789 788
788 786
792 786
791 786
787 786
785 786
784 786
786 783
782 783
783 778
778 774
781 774
780 774
774 769
779 769
769 765
765 764
764 762
762 759
759 757
777 757
757 756
756 753
753 751
776 751
775 751
773 751
751 749
749 748
748 747
772 747
747 744
771 744
770 744
744 741
768 741
767 741
766 741
763 741
761 741
760 741
741 740
758 740
740 739
739 737
755 737
754 737
752 737
737 735
750 735
746 735
735 730
730 729
729 728
728 727
745 727
727 726
743 726
726 724
742 724
738 724
724 722
736 722
734 722
722 721
721 717
733 717
732 717
717 714
714 710
731 710
725 710
723 710
710 706
706 704
720 704
719 704
704 703
718 703
716 703
715 703
713 703
712 703
711 703
703 702
702 701
701 700
700 699
699 698
698 697
697 696
709 696
696 695
695 691
708 691
691 688
707 688
705 688
694 688
693 688
688 686
692 686
686 685
685 684
690 684
684 683
683 682
682 681
689 681
681 680
687 680
679 680
677 680
680 678
678 674
676 674
675 674
674 673
672 673
673 670
671 670
670 666
666 662
669 662
668 662
662 658
667 658
658 657
665 657
664 657
657 656
663 656
661 656
656 655
660 655
659 655
654 655
653 655
650 655
655 652
652 651
647 651
651 649
649 648
645 648
644 648
642 648
648 646
640 646
639 646
646 643
634 643
633 643
632 643
631 643
643 641
641 638
630 638
638 637
637 636
627 636
636 635
635 629
629 628
626 628
628 621
621 618
618 617
617 614
625 614
624 614
614 613
613 605
605 603
623 603
622 603
620 603
603 602
602 600
600 598
598 597
597 595
619 595
595 594
594 592
592 591
591 590
616 590
615 590
612 590
611 590
590 589
610 589
589 587
609 587
608 587
607 587
587 586
606 586
604 586
586 585
585 584
601 584
584 582
599 582
582 581
596 581
593 581
581 580
580 577
577 575
588 575
575 574
583 574
579 574
578 574
576 574
574 573
571 573
573 572
572 570
566 570
570 569
564 569
562 569
569 568
568 567
554 567
567 565
552 565
565 563
548 563
563 561
561 560
546 560
560 559
544 559
559 558
558 557
557 556
541 556
556 555
540 555
555 553
553 551
551 550
538 550
537 550
550 549
549 547
536 547
535 547
547 545
545 543
543 542
542 539
533 539
532 539
539 534
534 529
531 529
529 527
530 527
527 526
526 524
528 524
524 523
523 519
519 518
518 517
517 516
525 516
516 515
515 514
522 514
514 512
512 511
511 510
510 509
521 509
509 508
520 508
513 508
507 508
506 508
508 504
504 503
505 503
503 501
501 499
502 499
499 497
497 495
500 495
495 491
498 491
496 491
491 490
494 490
490 488
488 487
487 485
493 485
485 482
492 482
482 481
489 481
481 479
479 476
486 476
476 472
484 472
483 472
472 471
480 471
478 471
471 470
477 470
475 470
474 470
470 468
473 468
468 466
469 466
467 466
466 465
465 463
463 462
464 462
462 459
459 458
461 458
460 458
456 458
455 458
454 458
458 457
457 451
451 450
453 450
450 448
452 448
449 448
448 446
447 446
446 445
445 444
443 444
440 444
444 442
439 442
442 441
441 434
434 432
432 431
438 431
437 431
431 427
436 427
427 426
435 426
433 426
430 426
429 426
428 426
425 426
426 420
424 420
423 420
422 420
420 418
418 416
421 416
419 416
416 414
417 414
415 414
414 412
413 412
408 412
407 412
403 412
401 412
412 411
411 410
399 410
396 410
410 409
409 406
395 406
406 405
394 405
405 404
393 404
404 402
392 402
390 402
386 402
385 402
384 402
402 400
383 400
381 400
400 398
379 398
378 398
377 398
398 397
397 391
375 391
391 389
371 389
389 388
369 388
366 388
388 387
387 382
362 382
382 380
361 380
360 380
380 376
376 374
374 373
373 372
372 370
357 370
356 370
370 368
353 368
351 368
350 368
368 367
367 365
365 364
345 364
343 364
364 363
363 359
359 358
338 358
358 355
337 355
335 355
330 355
328 355
355 354
354 352
326 352
324 352
352 349
349 348
316 348
315 348
348 347
347 346
346 344
314 344
311 344
344 342
342 341
309 341
306 341
303 341
341 340
340 339
339 336
302 336
336 334
334 333
333 332
332 331
301 331
331 329
300 329
329 327
299 327
327 325
298 325
325 323
323 322
296 322
293 322
292 322
289 322
288 322
322 321
287 321
321 320
286 320
320 319
319 318
318 317
317 313
313 312
312 310
284 310
283 310
310 308
281 308
308 307
276 307
274 307
307 305
305 304
304 297
297 295
272 295
295 294
271 294
294 291
291 290
290 285
285 282
282 280
280 279
264 279
263 279
257 279
255 279
254 279
279 278
253 278
252 278
278 277
277 275
250 275
275 273
247 273
273 270
246 270
244 270
270 269
242 269
240 269
269 268
238 268
268 267
267 266
237 266
266 265
235 265
234 265
265 262
262 261
232 261
231 261
230 261
228 261
227 261
226 261
261 260
260 259
225 259
224 259
259 258
258 256
256 251
251 249
223 249
222 249
221 249
219 249
249 248
217 248
214 248
248 245
213 245
245 243
243 241
241 239
206 239
205 239
202 239
239 236
236 233
233 229
201 229
198 229
196 229
229 220
220 218
195 218
194 218
218 216
191 216
216 215
215 212
212 211
211 210
210 209
209 208
189 208
208 207
207 204
186 204
185 204
204 203
182 203
203 200
180 200
200 199
179 199
175 199
199 197
197 193
173 193
193 192
170 192
192 190
190 188
188 187
169 187
187 184
167 184
184 183
166 183
165 183
164 183
183 181
181 178
178 177
162 177
177 176
160 176
176 174
174 172
172 171
171 168
168 163
159 163
163 161
161 158
157 158
158 153
153 151
156 151
155 151
151 149
149 147
147 146
146 145
145 144
154 144
144 143
143 142
152 142
150 142
148 142
142 141
141 138
140 138
139 138
136 138
138 137
137 135
135 133
133 130
134 130
132 130
130 128
131 128
129 128
127 128
126 128
121 128
128 125
125 124
124 123
120 123
123 122
117 122
122 119
115 119
114 119
119 118
118 116
113 116
116 112
112 107
107 104
104 102
111 102
102 101
110 101
109 101
108 101
106 101
105 101
103 101
101 100
100 96
96 93
99 93
98 93
97 93
93 92
92 90
95 90
94 90
90 89
89 86
86 85
85 83
91 83
88 83
87 83
83 77
84 77
82 77
77 74
74 73
81 73
73 72
80 72
79 72
72 71
78 71
76 71
71 68
75 68
70 68
69 68
67 68
66 68
68 63
65 63
63 61
64 61
62 61
59 61
58 61
61 60
60 57
57 53
53 50
50 49
56 49
49 47
47 45
45 44
44 43
55 43
54 43
52 43
51 43
43 42
42 41
41 40
48 40
40 39
39 38
38 36
46 36
36 31
31 30
30 27
37 27
35 27
27 25
25 24
34 24
33 24
24 21
32 21
29 21
28 21
21 20
20 18
26 18
23 18
18 17
22 17
17 16
16 14
14 12
19 12
15 12
12 10
13 10
11 10
10 5
5 4
9 4
4 2
2 1
8 1
1 0
7 0
6 0
0 3
