101 100
85 100
67 78
60 61
66 78
52 56
6 47
40 76
35 37
28 73
88 94
43 46
1 15
19 56
21 72
31 87
27 62
15 82
22 34
18 33
21 53
25 38
43 79
68 82
57 92
19 95
71 83
39 42
59 84
33 41
8 29
47 80
49 83
17 45
14 32
5 69
66 98
30 62
12 52
92 98
5 88
43 97
10 30
63 89
10 19
7 39
40 71
65 99
16 22
52 90
54 97
51 61
38 81
38 59
42 72
3 16
26 67
43 98
44 91
5 66
33 77
0 92
83 87
37 93
82 90
44 75
60 72
23 52
78 93
13 20
14 64
9 16
23 66
2 48
55 59
44 58
91 99
2 42
66 73
16 42
50 57
14 93
4 78
93 99
11 29
38 73
23 85
8 36
49 82
17 70
17 23
24 84
33 73
13 74
22 96
16 78
13 82
11 86
2 63
2 80
29 52
