1002 1010
24 378
614 995
271 757
171 961
414 538
1 374
509 973
140 551
317 791
790 974
73 859
459 933
641 800
124 150
5 366
16 675
176 569
153 782
216 755
649 753
574 653
93 438
569 695
51 963
602 821
388 718
670 951
24 73
459 624
845 925
584 630
172 183
21 728
119 314
431 803
476 582
748 841
456 782
184 976
285 811
269 509
261 854
100 893
241 330
813 836
512 779
543 990
370 839
559 636
215 349
101 953
252 595
87 957
273 902
789 886
95 824
43 545
177 643
388 458
197 571
278 655
2 683
18 604
426 845
703 798
587 862
265 956
610 912
21 693
216 229
523 592
724 900
297 726
501 512
332 749
534 707
158 725
596 919
113 352
584 933
297 780
370 590
182 933
307 622
163 310
101 365
157 490
8 710
210 451
49 929
247 827
187 423
420 470
368 508
836 874
214 573
503 680
270 872
471 547
344 551
119 970
60 892
476 826
517 932
142 566
305 412
895 962
412 977
225 643
229 507
553 968
340 715
169 751
629 735
200 688
611 857
359 699
107 939
637 832
70 279
589 946
462 741
343 524
61 352
471 515
350 820
464 913
34 457
406 487
74 470
3 290
238 656
300 646
782 998
327 735
256 936
460 989
274 444
383 827
712 906
753 993
30 971
400 670
53 823
189 207
21 912
798 968
45 760
16 380
168 578
894 997
204 348
231 265
0 329
81 852
349 838
597 806
410 800
394 527
47 686
50 892
12 130
338 405
376 768
85 745
851 871
426 786
261 971
83 264
164 729
621 742
58 559
544 878
0 621
101 317
109 575
834 868
865 1001
474 783
418 697
278 915
285 618
850 899
220 560
382 804
172 659
335 756
40 540
120 265
230 268
691 844
68 344
811 848
446 682
14 603
280 664
110 472
960 972
178 367
505 803
174 554
420 590
180 368
353 641
666 794
218 310
740 892
239 792
391 820
240 539
245 932
272 916
600 696
430 774
33 657
403 740
242 896
482 818
483 810
25 181
515 887
832 861
2 942
472 492
44 787
402 446
130 808
223 912
39 907
451 908
90 339
282 458
503 562
168 249
160 444
443 655
241 978
581 750
277 481
325 471
10 102
450 690
835 983
224 774
90 788
666 717
372 825
534 819
233 722
295 766
389 426
215 684
248 871
885 914
304 613
21 261
602 710
491 833
158 708
283 859
527 936
173 529
490 520
263 409
699 744
217 557
77 279
567 782
141 342
105 199
458 679
98 184
41 152
482 729
205 258
500 824
216 795
957 985
590 635
74 280
377 673
282 730
136 341
370 467
138 311
243 817
498 842
341 805
36 52
327 493
77 386
161 974
387 644
141 619
137 694
347 421
646 782
204 409
25 655
359 752
603 704
322 935
541 928
260 962
12 331
112 135
432 834
119 701
648 882
481 714
721 917
307 398
268 680
439 798
218 991
307 513
83 442
556 593
256 620
574 651
192 684
574 590
323 811
49 485
318 681
655 875
10 771
147 548
293 358
96 333
38 881
287 717
398 911
887 982
212 677
246 937
145 312
631 706
555 903
392 893
346 504
112 485
13 569
453 985
233 726
580 702
144 261
130 519
83 867
429 472
116 801
727 883
617 847
466 584
128 924
508 511
104 521
24 304
412 565
123 813
416 957
322 348
23 930
126 133
261 638
279 570
322 737
494 782
405 672
18 427
27 408
570 928
470 482
153 609
67 72
790 836
369 846
325 919
249 499
575 635
710 910
269 543
289 985
757 800
249 909
53 894
90 340
313 874
710 831
193 845
262 613
658 722
46 704
179 348
195 373
199 384
30 537
59 903
373 495
751 855
488 724
151 864
722 761
625 960
201 903
342 704
336 879
128 442
149 983
122 413
278 836
310 814
71 239
633 778
463 681
346 518
6 307
270 786
736 739
354 813
402 832
292 485
146 765
12 940
9 995
362 871
581 963
266 364
279 878
588 923
332 646
68 461
220 947
405 499
12 800
514 986
68 656
61 262
316 988
658 999
249 491
177 969
466 996
514 786
600 714
270 582
647 906
656 944
218 680
563 681
158 446
703 903
115 859
668 965
465 737
254 414
100 866
267 858
183 361
563 747
66 867
424 856
476 530
151 774
116 925
927 983
54 86
75 279
411 734
162 550
406 531
298 695
236 331
470 831
68 598
442 877
65 861
125 724
251 662
211 853
744 800
31 319
239 898
586 957
605 648
866 874
31 219
536 655
526 930
177 746
43 849
170 318
468 639
325 783
62 764
291 802
495 747
782 860
592 605
213 448
291 824
151 895
360 636
488 971
310 448
404 944
389 711
265 414
96 880
128 355
68 650
174 980
585 758
108 744
243 582
26 209
576 970
387 820
591 995
11 651
444 989
183 786
809 967
269 589
358 935
175 629
101 836
516 728
341 399
61 661
183 290
480 985
434 573
308 980
400 985
309 986
655 773
27 39
402 916
703 970
935 948
380 916
517 830
10 688
504 741
642 940
965 980
329 955
245 741
295 896
322 567
57 535
260 975
249 1001
186 879
55 181
308 615
418 764
210 835
294 769
765 983
63 824
156 279
402 978
756 757
347 656
368 692
80 364
364 367
437 907
634 638
402 471
103 138
420 508
640 949
685 820
510 607
452 682
207 782
463 905
594 643
547 652
315 993
433 509
468 586
559 935
204 561
18 869
590 648
143 790
599 673
248 762
41 565
40 466
391 547
199 663
185 568
206 320
427 542
581 884
68 426
716 998
898 992
60 743
308 952
176 357
116 784
379 404
431 846
17 558
614 934
119 843
722 738
208 344
200 299
88 558
352 732
49 296
321 402
155 940
222 811
50 232
557 979
42 354
560 606
510 813
188 937
980 996
319 550
84 871
248 995
547 691
450 995
197 336
28 77
149 407
101 832
660 941
261 688
266 706
824 979
726 737
106 266
138 501
226 637
457 985
542 889
129 811
125 772
524 703
236 395
842 988
146 567
20 303
428 657
643 891
327 697
441 852
261 295
671 914
107 398
398 698
591 856
344 720
71 977
454 574
462 487
427 491
86 388
412 735
337 995
549 994
38 511
166 843
426 906
524 770
133 657
138 145
92 709
118 974
322 657
188 809
37 275
412 426
390 919
412 434
508 737
334 573
101 329
703 836
83 176
249 258
410 469
251 945
804 822
68 751
1 829
402 587
579 968
93 705
345 649
598 797
827 892
281 800
142 472
614 754
669 688
273 731
683 943
326 982
572 775
455 799
364 688
284 545
355 583
632 737
279 836
819 848
575 721
555 654
190 203
257 955
587 594
564 818
445 748
323 372
475 670
616 700
321 458
44 142
255 865
93 935
552 845
198 569
674 739
234 988
328 981
123 276
286 710
239 518
410 981
574 580
680 937
137 218
356 508
83 490
798 943
61 425
341 426
261 836
184 776
458 733
322 445
79 638
416 484
667 910
45 229
71 374
127 553
834 885
662 684
192 539
111 724
4 793
333 783
40 837
191 468
334 902
448 782
388 436
5 416
48 574
78 827
923 960
248 848
117 312
603 969
845 964
190 941
128 785
539 959
497 786
63 696
294 976
560 782
268 678
187 203
273 719
585 603
0 958
502 786
10 94
396 749
741 885
331 381
348 371
93 165
796 897
401 805
15 516
151 397
71 628
355 478
447 655
288 744
167 275
414 751
777 789
550 623
528 980
123 259
398 957
882 918
131 245
700 842
1 812
294 466
419 431
685 873
431 589
320 479
43 894
618 926
7 406
192 321
29 1001
89 798
533 658
92 958
101 269
144 901
135 355
128 581
380 556
36 769
529 892
128 508
759 874
42 82
154 363
470 489
302 790
221 727
187 923
486 643
93 171
63 420
411 412
762 857
495 890
617 741
301 305
404 807
778 845
523 568
612 747
43 577
527 835
22 208
539 922
56 479
227 841
178 648
163 987
322 546
597 674
61 410
161 506
643 763
590 727
782 863
526 751
382 440
687 698
235 741
481 496
229 686
102 645
27 270
69 1000
420 832
336 391
608 933
72 595
139 183
351 355
701 774
673 811
503 626
17 382
355 1000
375 595
21 229
572 704
358 665
228 703
561 870
14 689
435 458
212 648
147 603
259 275
385 927
193 815
17 948
674 703
148 587
400 717
159 365
124 519
122 550
465 723
740 921
72 416
529 586
72 861
193 920
250 662
532 587
473 789
118 244
393 838
400 988
320 978
36 840
491 904
61 363
128 913
47 415
253 717
426 836
549 996
27 828
313 850
4 800
522 686
458 950
652 810
4 101
143 499
741 876
565 888
628 966
259 786
563 614
449 937
448 799
370 477
209 516
134 142
376 586
144 199
691 816
237 960
43 277
200 931
441 944
24 202
73 259
646 789
267 651
339 676
97 819
324 570
306 514
121 397
730 938
64 735
759 969
203 995
769 970
462 861
76 77
43 389
99 102
32 696
352 767
239 444
368 993
601 702
422 914
130 138
432 954
680 781
122 940
114 662
104 368
35 89
57 912
142 688
450 713
0 417
577 678
208 852
278 995
194 788
628 636
196 955
85 380
211 703
204 627
18 949
674 796
19 555
20 497
341 984
91 163
132 556
525 741
90 866
