0
9999 9998
9996 9998
9993 9998
9998 9997
9989 9997
9997 9995
9995 9994
9987 9994
9994 9992
9992 9991
9991 9990
9990 9988
9988 9983
9986 9983
9983 9981
9981 9979
9985 9979
9979 9976
9976 9975
9975 9974
9974 9972
9972 9971
9984 9971
9971 9970
9982 9970
9980 9970
9970 9968
9978 9968
9968 9967
9967 9965
9977 9965
9965 9964
9964 9962
9962 9961
9973 9961
9961 9960
9960 9958
9958 9957
9969 9957
9966 9957
9963 9957
9959 9957
9954 9957
9957 9956
9943 9956
9941 9956
9940 9956
9956 9955
9955 9953
9939 9953
9936 9953
9953 9952
9935 9952
9952 9951
9934 9951
9933 9951
9932 9951
9931 9951
9930 9951
9951 9950
9950 9949
9928 9949
9926 9949
9925 9949
9949 9948
9948 9947
9924 9947
9923 9947
9920 9947
9947 9946
9946 9945
9945 9944
9944 9942
9942 9938
9918 9938
9938 9937
9937 9929
9917 9929
9915 9929
9914 9929
9929 9927
9927 9922
9912 9922
9922 9921
9921 9919
9919 9916
9911 9916
9916 9913
9913 9909
9910 9909
9909 9907
9907 9906
9906 9905
9905 9903
9908 9903
9903 9902
9902 9901
9904 9901
9897 9901
9896 9901
9895 9901
9894 9901
9893 9901
9892 9901
9901 9900
9891 9900
9900 9899
9899 9898
9898 9890
9887 9890
9890 9889
9884 9889
9881 9889
9889 9888
9878 9888
9872 9888
9870 9888
9867 9888
9866 9888
9888 9886
9864 9886
9886 9885
9862 9885
9861 9885
9885 9883
9860 9883
9857 9883
9854 9883
9883 9882
9882 9880
9880 9879
9851 9879
9844 9879
9879 9877
9842 9877
9840 9877
9838 9877
9836 9877
9835 9877
9877 9876
9876 9875
9875 9874
9874 9873
9873 9871
9871 9869
9834 9869
9869 9868
9833 9868
9868 9865
9832 9865
9865 9863
9830 9863
9863 9859
9859 9858
9825 9858
9858 9856
9824 9856
9856 9855
9820 9855
9818 9855
9817 9855
9855 9853
9816 9853
9853 9852
9815 9852
9812 9852
9852 9850
9811 9850
9810 9850
9809 9850
9806 9850
9850 9849
9805 9849
9849 9848
9848 9847
9804 9847
9847 9846
9802 9846
9800 9846
9846 9845
9797 9845
9845 9843
9796 9843
9792 9843
9843 9841
9789 9841
9841 9839
9788 9839
9839 9837
9837 9831
9831 9829
9829 9828
9787 9828
9828 9827
9784 9827
9827 9826
9826 9823
9823 9822
9822 9821
9821 9819
9819 9814
9814 9813
9783 9813
9781 9813
9776 9813
9774 9813
9773 9813
9771 9813
9769 9813
9767 9813
9813 9808
9808 9807
9764 9807
9807 9803
9803 9801
9801 9799
9799 9798
9763 9798
9760 9798
9798 9795
9795 9794
9759 9794
9758 9794
9794 9793
9754 9793
9753 9793
9752 9793
9793 9791
9750 9791
9749 9791
9748 9791
9745 9791
9744 9791
9743 9791
9791 9790
9790 9786
9786 9785
9740 9785
9785 9782
9739 9782
9738 9782
9737 9782
9736 9782
9733 9782
9782 9780
9727 9780
9726 9780
9780 9779
9719 9779
9779 9778
9718 9778
9717 9778
9716 9778
9778 9777
9715 9777
9714 9777
9709 9777
9707 9777
9777 9775
9705 9775
9775 9772
9704 9772
9772 9770
9702 9770
9701 9770
9770 9768
9698 9768
9768 9766
9696 9766
9691 9766
9766 9765
9765 9762
9690 9762
9689 9762
9688 9762
9687 9762
9762 9761
9686 9761
9685 9761
9684 9761
9683 9761
9761 9757
9757 9756
9681 9756
9756 9755
9755 9751
9751 9747
9747 9746
9678 9746
9676 9746
9746 9742
9674 9742
9742 9741
9670 9741
9741 9735
9669 9735
9735 9734
9668 9734
9734 9732
9732 9731
9731 9730
9730 9729
9729 9728
9728 9725
9665 9725
9725 9724
9724 9723
9723 9722
9662 9722
9722 9721
9658 9721
9721 9720
9720 9713
9713 9712
9712 9711
9711 9710
9710 9708
9708 9706
9656 9706
9654 9706
9706 9703
9652 9703
9703 9700
9700 9699
9699 9697
9651 9697
9648 9697
9647 9697
9646 9697
9697 9695
9640 9695
9637 9695
9634 9695
9695 9694
9633 9694
9631 9694
9694 9693
9629 9693
9693 9692
9692 9682
9682 9680
9680 9679
9628 9679
9679 9677
9677 9675
9675 9673
9623 9673
9622 9673
9673 9672
9621 9672
9620 9672
9617 9672
9672 9671
9671 9667
9616 9667
9612 9667
9608 9667
9606 9667
9667 9666
9601 9666
9666 9664
9600 9664
9594 9664
9664 9663
9663 9661
9593 9661
9592 9661
9589 9661
9661 9660
9587 9660
9585 9660
9584 9660
9660 9659
9583 9659
9582 9659
9580 9659
9578 9659
9576 9659
9575 9659
9574 9659
9573 9659
9571 9659
9659 9657
9567 9657
9657 9655
9655 9653
9653 9650
9650 9649
9649 9645
9566 9645
9564 9645
9563 9645
9645 9644
9644 9643
9562 9643
9643 9642
9559 9642
9642 9641
9558 9641
9555 9641
9641 9639
9554 9639
9550 9639
9549 9639
9547 9639
9544 9639
9639 9638
9543 9638
9542 9638
9638 9636
9541 9636
9540 9636
9636 9635
9537 9635
9635 9632
9536 9632
9632 9630
9530 9630
9630 9627
9627 9626
9529 9626
9527 9626
9626 9625
9525 9625
9524 9625
9523 9625
9521 9625
9518 9625
9514 9625
9513 9625
9512 9625
9511 9625
9509 9625
9505 9625
9625 9624
9624 9619
9502 9619
9501 9619
9619 9618
9618 9615
9615 9614
9614 9613
9500 9613
9613 9611
9499 9611
9611 9610
9490 9610
9487 9610
9483 9610
9610 9609
9609 9607
9607 9605
9605 9604
9482 9604
9480 9604
9604 9603
9476 9603
9603 9602
9473 9602
9472 9602
9602 9599
9471 9599
9599 9598
9470 9598
9598 9597
9469 9597
9597 9596
9596 9595
9595 9591
9591 9590
9468 9590
9466 9590
9590 9588
9588 9586
9464 9586
9462 9586
9460 9586
9586 9581
9581 9579
9579 9577
9577 9572
9458 9572
9572 9570
9457 9570
9570 9569
9569 9568
9455 9568
9453 9568
9452 9568
9568 9565
9565 9561
9561 9560
9560 9557
9449 9557
9557 9556
9556 9553
9444 9553
9443 9553
9553 9552
9441 9552
9552 9551
9440 9551
9439 9551
9438 9551
9436 9551
9551 9548
9548 9546
9435 9546
9546 9545
9545 9539
9539 9538
9538 9535
9535 9534
9534 9533
9533 9532
9532 9531
9531 9528
9528 9526
9526 9522
9434 9522
9522 9520
9433 9520
9432 9520
9428 9520
9427 9520
9520 9519
9424 9519
9423 9519
9519 9517
9422 9517
9418 9517
9517 9516
9414 9516
9516 9515
9412 9515
9515 9510
9411 9510
9410 9510
9407 9510
9406 9510
9510 9508
9508 9507
9402 9507
9400 9507
9396 9507
9395 9507
9393 9507
9507 9506
9391 9506
9506 9504
9504 9503
9503 9498
9498 9497
9390 9497
9388 9497
9387 9497
9497 9496
9496 9495
9495 9494
9385 9494
9494 9493
9493 9492
9384 9492
9372 9492
9492 9491
9371 9491
9491 9489
9489 9488
9368 9488
9488 9486
9366 9486
9363 9486
9486 9485
9485 9484
9484 9481
9481 9479
9361 9479
9359 9479
9358 9479
9479 9478
9356 9478
9478 9477
9477 9475
9355 9475
9475 9474
9474 9467
9352 9467
9350 9467
9467 9465
9465 9463
9349 9463
9463 9461
9344 9461
9343 9461
9461 9459
9340 9459
9339 9459
9459 9456
9338 9456
9333 9456
9456 9454
9454 9451
9332 9451
9331 9451
9329 9451
9451 9450
9326 9450
9450 9448
9448 9447
9447 9446
9446 9445
9445 9442
9323 9442
9321 9442
9442 9437
9318 9437
9316 9437
9437 9431
9431 9430
9312 9430
9430 9429
9309 9429
9308 9429
9306 9429
9429 9426
9303 9426
9302 9426
9300 9426
9289 9426
9426 9425
9425 9421
9283 9421
9282 9421
9281 9421
9276 9421
9266 9421
9262 9421
9421 9420
9420 9419
9419 9417
9261 9417
9259 9417
9258 9417
9257 9417
9255 9417
9417 9416
9254 9416
9252 9416
9251 9416
9416 9415
9250 9415
9415 9413
9413 9409
9409 9408
9249 9408
9408 9405
9405 9404
9404 9403
9248 9403
9247 9403
9403 9401
9244 9401
9242 9401
9240 9401
9401 9399
9399 9398
9239 9398
9398 9397
9237 9397
9232 9397
9231 9397
9230 9397
9228 9397
9397 9394
9394 9392
9226 9392
9392 9389
9389 9386
9386 9383
9222 9383
9383 9382
9382 9381
9221 9381
9381 9380
9220 9380
9219 9380
9380 9379
9379 9378
9216 9378
9210 9378
9208 9378
9378 9377
9377 9376
9207 9376
9376 9375
9206 9375
9375 9374
9374 9373
9203 9373
9202 9373
9200 9373
9373 9370
9370 9369
9199 9369
9197 9369
9369 9367
9367 9365
9195 9365
9365 9364
9190 9364
9364 9362
9189 9362
9362 9360
9186 9360
9185 9360
9360 9357
9184 9357
9183 9357
9357 9354
9354 9353
9353 9351
9181 9351
9351 9348
9348 9347
9347 9346
9180 9346
9346 9345
9176 9345
9170 9345
9345 9342
9169 9342
9342 9341
9168 9341
9341 9337
9167 9337
9166 9337
9337 9336
9336 9335
9163 9335
9162 9335
9335 9334
9161 9334
9160 9334
9159 9334
9158 9334
9157 9334
9334 9330
9330 9328
9155 9328
9151 9328
9148 9328
9147 9328
9144 9328
9143 9328
9328 9327
9327 9325
9325 9324
9141 9324
9324 9322
9322 9320
9320 9319
9319 9317
9317 9315
9140 9315
9137 9315
9315 9314
9314 9313
9313 9311
9311 9310
9310 9307
9136 9307
9135 9307
9307 9305
9305 9304
9134 9304
9304 9301
9301 9299
9299 9298
9298 9297
9133 9297
9132 9297
9297 9296
9296 9295
9295 9294
9131 9294
9130 9294
9129 9294
9125 9294
9123 9294
9294 9293
9293 9292
9292 9291
9122 9291
9291 9290
9121 9290
9119 9290
9110 9290
9108 9290
9107 9290
9290 9288
9105 9288
9288 9287
9287 9286
9286 9285
9104 9285
9102 9285
9101 9285
9285 9284
9100 9284
9097 9284
9284 9280
9096 9280
9094 9280
9280 9279
9279 9278
9278 9277
9092 9277
9277 9275
9091 9275
9090 9275
9087 9275
9275 9274
9086 9274
9084 9274
9274 9273
9079 9273
9075 9273
9273 9272
9272 9271
9271 9270
9270 9269
9269 9268
9069 9268
9068 9268
9066 9268
9065 9268
9268 9267
9063 9267
9267 9265
9265 9264
9264 9263
9061 9263
9060 9263
9263 9260
9260 9256
9059 9256
9058 9256
9256 9253
9253 9246
9246 9245
9057 9245
9055 9245
9245 9243
9243 9241
9241 9238
9053 9238
9238 9236
9052 9236
9236 9235
9235 9234
9051 9234
9234 9233
9047 9233
9233 9229
9229 9227
9227 9225
9225 9224
9224 9223
9223 9218
9218 9217
9217 9215
9044 9215
9043 9215
9042 9215
9215 9214
9214 9213
9041 9213
9039 9213
9213 9212
9212 9211
9038 9211
9037 9211
9211 9209
9209 9205
9035 9205
9205 9204
9033 9204
9028 9204
9204 9201
9201 9198
9025 9198
9024 9198
9022 9198
9021 9198
9019 9198
9198 9196
9015 9196
9196 9194
9194 9193
9193 9192
9012 9192
9011 9192
9010 9192
9192 9191
9191 9188
9188 9187
9187 9182
9009 9182
9008 9182
9182 9179
9179 9178
9178 9177
9007 9177
9005 9177
9177 9175
9175 9174
9174 9173
9173 9172
9004 9172
9002 9172
9000 9172
8999 9172
8998 9172
8997 9172
9172 9171
8995 9171
9171 9165
8994 9165
8992 9165
9165 9164
9164 9156
9156 9154
8990 9154
9154 9153
8987 9153
8986 9153
8981 9153
9153 9152
9152 9150
8980 9150
9150 9149
9149 9146
9146 9145
9145 9142
8977 9142
8975 9142
9142 9139
8972 9139
9139 9138
8971 9138
8966 9138
8965 9138
9138 9128
8963 9128
8961 9128
9128 9127
8960 9127
8957 9127
9127 9126
9126 9124
8956 9124
9124 9120
9120 9118
9118 9117
9117 9116
9116 9115
8954 9115
9115 9114
9114 9113
9113 9112
8953 9112
9112 9111
9111 9109
9109 9106
8949 9106
9106 9103
9103 9099
8946 9099
8945 9099
8944 9099
9099 9098
8943 9098
9098 9095
9095 9093
8942 9093
8939 9093
9093 9089
9089 9088
8938 9088
9088 9085
9085 9083
8932 9083
9083 9082
9082 9081
9081 9080
8930 9080
9080 9078
9078 9077
8927 9077
9077 9076
8925 9076
8923 9076
9076 9074
9074 9073
8921 9073
8919 9073
8917 9073
8915 9073
9073 9072
9072 9071
8911 9071
9071 9070
8910 9070
9070 9067
8909 9067
8908 9067
9067 9064
8906 9064
9064 9062
9062 9056
9056 9054
9054 9050
8900 9050
9050 9049
9049 9048
9048 9046
9046 9045
8899 9045
8894 9045
8893 9045
8890 9045
8889 9045
8888 9045
8887 9045
9045 9040
9040 9036
9036 9034
9034 9032
8886 9032
9032 9031
9031 9030
9030 9029
8883 9029
8881 9029
9029 9027
9027 9026
8880 9026
8875 9026
9026 9023
9023 9020
8872 9020
8871 9020
8870 9020
8869 9020
9020 9018
9018 9017
8868 9017
8865 9017
8864 9017
8862 9017
9017 9016
9016 9014
8860 9014
9014 9013
9013 9006
9006 9003
8859 9003
9003 9001
8858 9001
9001 8996
8855 8996
8996 8993
8853 8993
8849 8993
8993 8991
8848 8991
8991 8989
8847 8989
8989 8988
8845 8988
8988 8985
8985 8984
8984 8983
8843 8983
8983 8982
8982 8979
8842 8979
8841 8979
8840 8979
8979 8978
8978 8976
8839 8976
8838 8976
8976 8974
8974 8973
8837 8973
8834 8973
8833 8973
8973 8970
8970 8969
8969 8968
8968 8967
8967 8964
8830 8964
8964 8962
8962 8959
8826 8959
8824 8959
8821 8959
8959 8958
8958 8955
8955 8952
8820 8952
8819 8952
8952 8951
8817 8951
8951 8950
8813 8950
8811 8950
8810 8950
8950 8948
8948 8947
8947 8941
8941 8940
8808 8940
8940 8937
8937 8936
8806 8936
8805 8936
8936 8935
8803 8935
8935 8934
8934 8933
8933 8931
8931 8929
8929 8928
8802 8928
8800 8928
8799 8928
8798 8928
8796 8928
8928 8926
8794 8926
8793 8926
8790 8926
8788 8926
8926 8924
8924 8922
8922 8920
8787 8920
8786 8920
8785 8920
8783 8920
8781 8920
8780 8920
8778 8920
8920 8918
8775 8918
8918 8916
8774 8916
8916 8914
8772 8914
8914 8913
8913 8912
8912 8907
8771 8907
8907 8905
8767 8905
8760 8905
8759 8905
8758 8905
8905 8904
8756 8904
8754 8904
8904 8903
8903 8902
8902 8901
8753 8901
8901 8898
8898 8897
8747 8897
8746 8897
8744 8897
8897 8896
8740 8896
8896 8895
8895 8892
8892 8891
8738 8891
8734 8891
8733 8891
8731 8891
8730 8891
8891 8885
8728 8885
8727 8885
8885 8884
8726 8884
8884 8882
8725 8882
8724 8882
8882 8879
8721 8879
8720 8879
8719 8879
8718 8879
8717 8879
8713 8879
8879 8878
8712 8878
8710 8878
8878 8877
8877 8876
8708 8876
8876 8874
8874 8873
8873 8867
8867 8866
8707 8866
8704 8866
8866 8863
8863 8861
8861 8857
8857 8856
8856 8854
8854 8852
8852 8851
8702 8851
8851 8850
8850 8846
8700 8846
8846 8844
8699 8844
8844 8836
8836 8835
8835 8832
8832 8831
8831 8829
8829 8828
8828 8827
8827 8825
8825 8823
8696 8823
8823 8822
8694 8822
8822 8818
8818 8816
8816 8815
8693 8815
8691 8815
8689 8815
8815 8814
8814 8812
8812 8809
8809 8807
8807 8804
8688 8804
8804 8801
8801 8797
8680 8797
8678 8797
8797 8795
8677 8795
8676 8795
8795 8792
8675 8792
8792 8791
8791 8789
8674 8789
8789 8784
8673 8784
8784 8782
8782 8779
8672 8779
8779 8777
8671 8777
8777 8776
8670 8776
8669 8776
8776 8773
8773 8770
8770 8769
8769 8768
8768 8766
8668 8766
8766 8765
8765 8764
8764 8763
8763 8762
8665 8762
8762 8761
8761 8757
8757 8755
8755 8752
8662 8752
8659 8752
8656 8752
8752 8751
8751 8750
8750 8749
8749 8748
8748 8745
8745 8743
8743 8742
8742 8741
8655 8741
8653 8741
8651 8741
8741 8739
8649 8739
8739 8737
8647 8737
8737 8736
8646 8736
8736 8735
8643 8735
8735 8732
8732 8729
8729 8723
8641 8723
8723 8722
8639 8722
8638 8722
8636 8722
8634 8722
8633 8722
8632 8722
8722 8716
8716 8715
8715 8714
8714 8711
8711 8709
8709 8706
8706 8705
8630 8705
8629 8705
8705 8703
8703 8701
8628 8701
8701 8698
8698 8697
8627 8697
8697 8695
8623 8695
8618 8695
8695 8692
8616 8692
8614 8692
8692 8690
8690 8687
8687 8686
8686 8685
8685 8684
8684 8683
8683 8682
8613 8682
8682 8681
8681 8679
8679 8667
8610 8667
8667 8666
8609 8666
8605 8666
8666 8664
8664 8663
8604 8663
8602 8663
8600 8663
8663 8661
8661 8660
8598 8660
8597 8660
8660 8658
8658 8657
8595 8657
8657 8654
8654 8652
8592 8652
8591 8652
8585 8652
8652 8650
8584 8650
8650 8648
8582 8648
8579 8648
8578 8648
8648 8645
8645 8644
8576 8644
8644 8642
8642 8640
8574 8640
8573 8640
8572 8640
8640 8637
8637 8635
8571 8635
8635 8631
8568 8631
8631 8626
8626 8625
8567 8625
8566 8625
8565 8625
8564 8625
8562 8625
8625 8624
8624 8622
8560 8622
8559 8622
8557 8622
8556 8622
8554 8622
8553 8622
8552 8622
8551 8622
8549 8622
8545 8622
8544 8622
8622 8621
8543 8621
8542 8621
8541 8621
8621 8620
8620 8619
8619 8617
8540 8617
8539 8617
8617 8615
8615 8612
8537 8612
8612 8611
8611 8608
8536 8608
8532 8608
8531 8608
8608 8607
8530 8607
8528 8607
8524 8607
8521 8607
8519 8607
8517 8607
8516 8607
8515 8607
8607 8606
8514 8606
8606 8603
8511 8603
8603 8601
8510 8601
8601 8599
8599 8596
8596 8594
8507 8594
8506 8594
8594 8593
8593 8590
8590 8589
8589 8588
8499 8588
8496 8588
8588 8587
8587 8586
8495 8586
8491 8586
8586 8583
8583 8581
8488 8581
8581 8580
8487 8580
8483 8580
8580 8577
8481 8577
8577 8575
8475 8575
8474 8575
8575 8570
8470 8570
8570 8569
8569 8563
8468 8563
8563 8561
8561 8558
8558 8555
8467 8555
8466 8555
8555 8550
8550 8548
8465 8548
8548 8547
8463 8547
8547 8546
8546 8538
8462 8538
8459 8538
8538 8535
8456 8535
8535 8534
8455 8534
8453 8534
8534 8533
8533 8529
8450 8529
8446 8529
8529 8527
8527 8526
8445 8526
8526 8525
8525 8523
8523 8522
8444 8522
8522 8520
8520 8518
8518 8513
8513 8512
8512 8509
8509 8508
8508 8505
8505 8504
8504 8503
8443 8503
8503 8502
8502 8501
8441 8501
8501 8500
8440 8500
8436 8500
8500 8498
8434 8498
8432 8498
8430 8498
8429 8498
8425 8498
8424 8498
8422 8498
8498 8497
8421 8497
8497 8494
8420 8494
8418 8494
8494 8493
8493 8492
8417 8492
8415 8492
8413 8492
8492 8490
8490 8489
8489 8486
8486 8485
8409 8485
8485 8484
8408 8484
8407 8484
8405 8484
8403 8484
8484 8482
8402 8482
8482 8480
8401 8480
8400 8480
8397 8480
8480 8479
8479 8478
8478 8477
8395 8477
8477 8476
8476 8473
8473 8472
8394 8472
8472 8471
8471 8469
8469 8464
8392 8464
8390 8464
8464 8461
8461 8460
8460 8458
8458 8457
8389 8457
8457 8454
8387 8454
8382 8454
8454 8452
8452 8451
8381 8451
8451 8449
8376 8449
8449 8448
8448 8447
8375 8447
8447 8442
8442 8439
8373 8439
8439 8438
8438 8437
8437 8435
8435 8433
8433 8431
8371 8431
8431 8428
8428 8427
8427 8426
8426 8423
8369 8423
8423 8419
8419 8416
8416 8414
8414 8412
8412 8411
8411 8410
8367 8410
8410 8406
8406 8404
8404 8399
8365 8399
8363 8399
8399 8398
8398 8396
8396 8393
8358 8393
8352 8393
8393 8391
8391 8388
8388 8386
8351 8386
8386 8385
8346 8385
8385 8384
8384 8383
8383 8380
8380 8379
8379 8378
8378 8377
8377 8374
8345 8374
8344 8374
8343 8374
8341 8374
8340 8374
8374 8372
8372 8370
8370 8368
8368 8366
8339 8366
8366 8364
8338 8364
8364 8362
8362 8361
8361 8360
8360 8359
8337 8359
8336 8359
8359 8357
8334 8357
8333 8357
8330 8357
8329 8357
8327 8357
8357 8356
8356 8355
8325 8355
8355 8354
8354 8353
8353 8350
8350 8349
8324 8349
8323 8349
8349 8348
8320 8348
8348 8347
8347 8342
8319 8342
8318 8342
8342 8335
8335 8332
8316 8332
8315 8332
8332 8331
8331 8328
8314 8328
8328 8326
8326 8322
8311 8322
8322 8321
8308 8321
8321 8317
8317 8313
8313 8312
8305 8312
8302 8312
8312 8310
8310 8309
8309 8307
8307 8306
8306 8304
8304 8303
8299 8303
8298 8303
8303 8301
8301 8300
8297 8300
8300 8293
8293 8290
8290 8289
8296 8289
8289 8286
8286 8285
8285 8284
8295 8284
8294 8284
8292 8284
8291 8284
8284 8283
8288 8283
8283 8281
8287 8281
8281 8280
8282 8280
8279 8280
8280 8278
8278 8274
8274 8271
8271 8270
8270 8266
8266 8264
8264 8263
8277 8263
8276 8263
8263 8262
8275 8262
8273 8262
8262 8259
8259 8258
8272 8258
8269 8258
8268 8258
8258 8256
8267 8256
8256 8255
8255 8254
8265 8254
8261 8254
8260 8254
8257 8254
8253 8254
8254 8250
8250 8249
8249 8248
8248 8246
8246 8244
8252 8244
8251 8244
8247 8244
8244 8242
8245 8242
8243 8242
8242 8240
8240 8239
8239 8238
8241 8238
8238 8235
8235 8233
8233 8232
8237 8232
8236 8232
8232 8231
8231 8222
8222 8221
8234 8221
8221 8219
8230 8219
8229 8219
8228 8219
8219 8217
8217 8213
8227 8213
8226 8213
8225 8213
8213 8210
8210 8206
8224 8206
8206 8201
8201 8200
8223 8200
8220 8200
8218 8200
8216 8200
8200 8198
8198 8197
8215 8197
8214 8197
8197 8194
8212 8194
8194 8191
8191 8190
8190 8186
8211 8186
8209 8186
8208 8186
8186 8184
8184 8182
8207 8182
8205 8182
8182 8180
8180 8178
8204 8178
8178 8177
8177 8176
8203 8176
8176 8174
8202 8174
8174 8173
8173 8172
8172 8166
8166 8165
8165 8163
8163 8159
8159 8158
8199 8158
8158 8156
8156 8155
8155 8154
8196 8154
8195 8154
8154 8153
8153 8152
8193 8152
8152 8151
8151 8147
8147 8146
8146 8142
8192 8142
8142 8139
8139 8133
8189 8133
8188 8133
8187 8133
8133 8127
8127 8125
8125 8123
8185 8123
8123 8122
8183 8122
8181 8122
8122 8119
8119 8115
8179 8115
8115 8114
8175 8114
8171 8114
8114 8113
8113 8108
8170 8108
8108 8106
8169 8106
8168 8106
8167 8106
8164 8106
8106 8101
8101 8100
8100 8093
8093 8092
8162 8092
8092 8090
8161 8090
8090 8088
8160 8088
8157 8088
8150 8088
8149 8088
8148 8088
8088 8087
8145 8087
8144 8087
8087 8085
8085 8083
8143 8083
8141 8083
8083 8081
8081 8080
8080 8079
8140 8079
8138 8079
8079 8078
8078 8075
8137 8075
8075 8074
8136 8074
8074 8073
8073 8072
8072 8071
8071 8070
8070 8069
8069 8067
8135 8067
8134 8067
8067 8066
8132 8066
8066 8064
8064 8063
8131 8063
8063 8061
8061 8060
8130 8060
8060 8059
8059 8058
8058 8057
8057 8056
8129 8056
8056 8055
8128 8055
8055 8052
8126 8052
8124 8052
8121 8052
8120 8052
8118 8052
8052 8051
8117 8051
8116 8051
8112 8051
8051 8046
8111 8046
8046 8045
8110 8045
8109 8045
8045 8044
8107 8044
8105 8044
8044 8043
8104 8043
8043 8039
8103 8039
8039 8036
8036 8035
8035 8032
8102 8032
8032 8031
8031 8030
8030 8029
8029 8028
8028 8024
8099 8024
8024 8023
8023 8019
8019 8015
8098 8015
8015 8009
8009 8008
8097 8008
8008 8006
8006 8003
8003 8001
8096 8001
8095 8001
8094 8001
8091 8001
8001 8000
8000 7999
8089 7999
7999 7998
7998 7997
8086 7997
7997 7996
8084 7996
7996 7995
8082 7995
7995 7994
8077 7994
8076 7994
8068 7994
8065 7994
8062 7994
7994 7991
8054 7991
7991 7986
7986 7985
7985 7983
7983 7982
7982 7980
8053 7980
8050 7980
7980 7979
8049 7979
7979 7978
8048 7978
7978 7976
8047 7976
8042 7976
7976 7974
7974 7972
7972 7970
8041 7970
8040 7970
8038 7970
7970 7968
8037 7968
8034 7968
7968 7966
7966 7965
8033 7965
8027 7965
7965 7960
7960 7957
7957 7956
7956 7954
8026 7954
8025 7954
7954 7953
7953 7952
8022 7952
7952 7951
8021 7951
7951 7950
7950 7948
8020 7948
8018 7948
7948 7946
8017 7946
8016 7946
8014 7946
7946 7942
8013 7942
7942 7938
7938 7936
7936 7933
8012 7933
7933 7932
8011 7932
8010 7932
7932 7931
7931 7930
8007 7930
8005 7930
8004 7930
8002 7930
7993 7930
7930 7929
7929 7924
7992 7924
7924 7919
7990 7919
7989 7919
7919 7917
7917 7916
7916 7915
7988 7915
7915 7911
7987 7911
7911 7907
7984 7907
7981 7907
7977 7907
7975 7907
7973 7907
7971 7907
7969 7907
7907 7906
7967 7906
7964 7906
7963 7906
7962 7906
7961 7906
7906 7905
7905 7902
7959 7902
7958 7902
7902 7901
7955 7901
7901 7900
7949 7900
7900 7899
7947 7899
7899 7898
7898 7896
7896 7892
7892 7891
7891 7888
7945 7888
7944 7888
7943 7888
7888 7876
7941 7876
7876 7875
7940 7875
7939 7875
7937 7875
7935 7875
7875 7874
7934 7874
7874 7870
7928 7870
7870 7869
7869 7864
7927 7864
7926 7864
7864 7863
7863 7862
7862 7861
7925 7861
7861 7859
7923 7859
7922 7859
7859 7858
7858 7857
7921 7857
7857 7855
7920 7855
7918 7855
7914 7855
7913 7855
7855 7854
7854 7852
7912 7852
7852 7850
7850 7847
7847 7845
7910 7845
7909 7845
7845 7844
7844 7843
7908 7843
7904 7843
7843 7839
7839 7837
7837 7836
7903 7836
7836 7833
7833 7832
7832 7828
7828 7827
7827 7826
7826 7822
7822 7817
7817 7816
7816 7815
7815 7813
7897 7813
7895 7813
7813 7811
7894 7811
7811 7809
7809 7805
7805 7803
7893 7803
7890 7803
7803 7799
7889 7799
7799 7798
7887 7798
7798 7797
7886 7797
7885 7797
7797 7794
7884 7794
7794 7793
7793 7791
7791 7790
7790 7789
7883 7789
7789 7786
7786 7785
7882 7785
7785 7783
7881 7783
7783 7782
7782 7781
7880 7781
7879 7781
7878 7781
7781 7776
7776 7774
7877 7774
7873 7774
7774 7773
7872 7773
7773 7772
7871 7772
7868 7772
7867 7772
7866 7772
7865 7772
7860 7772
7856 7772
7772 7771
7771 7770
7770 7769
7853 7769
7851 7769
7769 7767
7849 7767
7848 7767
7846 7767
7767 7763
7763 7762
7762 7753
7753 7752
7752 7747
7842 7747
7841 7747
7747 7745
7745 7744
7840 7744
7838 7744
7744 7740
7835 7740
7740 7739
7834 7739
7831 7739
7830 7739
7739 7738
7738 7735
7735 7733
7733 7732
7829 7732
7732 7729
7729 7725
7825 7725
7824 7725
7823 7725
7821 7725
7725 7724
7724 7723
7820 7723
7723 7720
7819 7720
7720 7715
7715 7714
7818 7714
7814 7714
7812 7714
7810 7714
7808 7714
7807 7714
7714 7712
7712 7710
7710 7707
7806 7707
7804 7707
7707 7705
7802 7705
7801 7705
7705 7703
7800 7703
7796 7703
7703 7702
7702 7701
7701 7700
7700 7698
7795 7698
7698 7695
7792 7695
7695 7694
7788 7694
7787 7694
7784 7694
7780 7694
7694 7693
7693 7691
7779 7691
7691 7690
7690 7688
7688 7686
7686 7685
7685 7684
7778 7684
7777 7684
7684 7681
7681 7678
7678 7677
7775 7677
7677 7672
7672 7671
7671 7667
7768 7667
7766 7667
7765 7667
7667 7665
7764 7665
7761 7665
7760 7665
7665 7664
7664 7663
7759 7663
7758 7663
7663 7658
7757 7658
7756 7658
7658 7656
7755 7656
7754 7656
7751 7656
7656 7655
7750 7655
7655 7654
7749 7654
7748 7654
7746 7654
7743 7654
7742 7654
7741 7654
7654 7653
7737 7653
7736 7653
7734 7653
7653 7651
7731 7651
7730 7651
7651 7649
7728 7649
7649 7647
7727 7647
7647 7645
7726 7645
7722 7645
7721 7645
7645 7644
7644 7643
7719 7643
7718 7643
7717 7643
7643 7642
7642 7641
7716 7641
7713 7641
7641 7639
7711 7639
7709 7639
7708 7639
7639 7638
7638 7637
7706 7637
7637 7636
7704 7636
7699 7636
7636 7634
7634 7632
7697 7632
7632 7630
7630 7628
7696 7628
7628 7627
7627 7626
7692 7626
7689 7626
7626 7625
7687 7625
7683 7625
7625 7623
7682 7623
7680 7623
7679 7623
7623 7619
7676 7619
7619 7616
7675 7616
7616 7614
7614 7611
7611 7609
7609 7608
7608 7607
7674 7607
7607 7606
7673 7606
7606 7603
7670 7603
7603 7600
7600 7599
7599 7598
7598 7597
7669 7597
7668 7597
7597 7596
7666 7596
7662 7596
7596 7595
7595 7594
7594 7592
7661 7592
7592 7591
7660 7591
7659 7591
7591 7589
7657 7589
7589 7588
7652 7588
7650 7588
7648 7588
7646 7588
7588 7586
7640 7586
7635 7586
7633 7586
7586 7585
7585 7584
7631 7584
7584 7583
7629 7583
7624 7583
7583 7582
7582 7579
7622 7579
7579 7578
7578 7577
7577 7576
7576 7575
7621 7575
7620 7575
7575 7572
7618 7572
7572 7571
7571 7569
7617 7569
7615 7569
7569 7567
7567 7561
7561 7560
7560 7558
7613 7558
7612 7558
7558 7557
7610 7557
7605 7557
7557 7556
7556 7555
7604 7555
7555 7554
7602 7554
7554 7551
7551 7550
7601 7550
7593 7550
7590 7550
7587 7550
7550 7549
7581 7549
7549 7548
7580 7548
7548 7546
7546 7545
7545 7544
7544 7542
7542 7541
7574 7541
7573 7541
7570 7541
7568 7541
7566 7541
7541 7540
7540 7537
7565 7537
7537 7536
7536 7534
7534 7531
7531 7530
7530 7529
7564 7529
7563 7529
7529 7528
7562 7528
7528 7526
7559 7526
7553 7526
7552 7526
7547 7526
7543 7526
7526 7522
7539 7522
7522 7521
7538 7521
7535 7521
7521 7517
7517 7516
7533 7516
7516 7515
7515 7514
7532 7514
7527 7514
7525 7514
7514 7510
7510 7507
7524 7507
7507 7500
7500 7497
7523 7497
7497 7496
7520 7496
7519 7496
7518 7496
7496 7495
7495 7488
7488 7487
7513 7487
7487 7486
7486 7485
7512 7485
7485 7484
7511 7484
7484 7483
7483 7480
7509 7480
7480 7479
7479 7477
7508 7477
7477 7474
7506 7474
7505 7474
7504 7474
7474 7469
7469 7468
7468 7466
7466 7465
7465 7464
7503 7464
7502 7464
7501 7464
7499 7464
7464 7463
7463 7460
7498 7460
7494 7460
7493 7460
7492 7460
7491 7460
7490 7460
7460 7459
7489 7459
7459 7454
7482 7454
7454 7452
7452 7451
7481 7451
7478 7451
7451 7450
7476 7450
7475 7450
7473 7450
7450 7449
7472 7449
7471 7449
7470 7449
7449 7446
7446 7445
7467 7445
7445 7444
7462 7444
7444 7443
7461 7443
7443 7442
7442 7438
7438 7437
7437 7436
7436 7435
7458 7435
7435 7432
7432 7430
7430 7427
7457 7427
7456 7427
7455 7427
7427 7422
7453 7422
7422 7421
7421 7420
7420 7417
7417 7416
7448 7416
7416 7414
7414 7412
7412 7411
7411 7410
7410 7409
7409 7408
7447 7408
7408 7407
7441 7407
7440 7407
7439 7407
7434 7407
7407 7406
7433 7406
7406 7403
7403 7401
7431 7401
7429 7401
7428 7401
7426 7401
7401 7400
7400 7398
7398 7397
7425 7397
7424 7397
7397 7394
7394 7392
7392 7391
7391 7386
7386 7384
7423 7384
7384 7383
7383 7378
7419 7378
7418 7378
7415 7378
7378 7376
7413 7376
7405 7376
7404 7376
7402 7376
7399 7376
7396 7376
7395 7376
7376 7375
7375 7374
7393 7374
7374 7373
7390 7373
7373 7371
7371 7370
7389 7370
7370 7369
7369 7367
7367 7360
7360 7359
7388 7359
7387 7359
7359 7357
7385 7357
7382 7357
7381 7357
7380 7357
7379 7357
7357 7356
7356 7354
7354 7353
7377 7353
7353 7351
7372 7351
7368 7351
7351 7347
7347 7346
7366 7346
7346 7344
7365 7344
7344 7343
7343 7333
7333 7332
7364 7332
7332 7331
7363 7331
7362 7331
7361 7331
7358 7331
7331 7328
7355 7328
7328 7325
7325 7323
7323 7319
7352 7319
7350 7319
7349 7319
7348 7319
7345 7319
7319 7317
7317 7315
7315 7314
7342 7314
7314 7313
7313 7309
7341 7309
7340 7309
7309 7308
7339 7308
7338 7308
7337 7308
7308 7307
7336 7307
7307 7305
7305 7304
7335 7304
7334 7304
7330 7304
7304 7303
7329 7303
7303 7302
7302 7301
7301 7300
7327 7300
7300 7297
7297 7296
7296 7294
7326 7294
7324 7294
7294 7293
7322 7293
7293 7291
7321 7291
7291 7288
7288 7287
7320 7287
7287 7285
7285 7279
7318 7279
7316 7279
7279 7277
7277 7275
7275 7274
7312 7274
7311 7274
7310 7274
7306 7274
7274 7272
7299 7272
7298 7272
7272 7271
7295 7271
7271 7270
7292 7270
7290 7270
7289 7270
7286 7270
7284 7270
7283 7270
7270 7269
7269 7267
7282 7267
7281 7267
7267 7266
7280 7266
7278 7266
7266 7262
7262 7261
7276 7261
7261 7257
7257 7256
7256 7251
7251 7250
7273 7250
7268 7250
7250 7249
7265 7249
7249 7245
7264 7245
7263 7245
7260 7245
7245 7242
7242 7241
7259 7241
7241 7240
7240 7235
7235 7233
7233 7232
7258 7232
7255 7232
7254 7232
7232 7231
7253 7231
7231 7228
7252 7228
7248 7228
7228 7227
7247 7227
7246 7227
7227 7225
7225 7224
7244 7224
7243 7224
7239 7224
7238 7224
7224 7220
7237 7220
7236 7220
7220 7219
7219 7217
7217 7213
7213 7212
7212 7211
7211 7208
7234 7208
7208 7207
7230 7207
7229 7207
7207 7206
7226 7206
7206 7205
7223 7205
7222 7205
7205 7204
7221 7204
7204 7203
7218 7203
7203 7200
7200 7199
7216 7199
7199 7198
7215 7198
7214 7198
7210 7198
7209 7198
7202 7198
7198 7196
7201 7196
7197 7196
7196 7193
7193 7191
7195 7191
7191 7186
7194 7186
7192 7186
7190 7186
7189 7186
7186 7185
7185 7184
7188 7184
7184 7182
7187 7182
7183 7182
7182 7181
7181 7178
7178 7175
7175 7174
7174 7173
7173 7172
7180 7172
7172 7167
7179 7167
7177 7167
7176 7167
7171 7167
7167 7165
7165 7164
7170 7164
7169 7164
7168 7164
7164 7161
7166 7161
7163 7161
7161 7158
7158 7153
7153 7149
7149 7148
7148 7147
7147 7144
7162 7144
7144 7142
7142 7141
7160 7141
7159 7141
7141 7137
7157 7137
7137 7136
7156 7136
7136 7135
7155 7135
7135 7133
7133 7132
7132 7131
7131 7129
7129 7128
7154 7128
7152 7128
7128 7125
7125 7124
7124 7123
7151 7123
7150 7123
7146 7123
7123 7122
7122 7121
7121 7116
7116 7115
7115 7112
7145 7112
7143 7112
7112 7111
7111 7110
7110 7109
7140 7109
7139 7109
7138 7109
7109 7106
7134 7106
7106 7102
7130 7102
7127 7102
7126 7102
7120 7102
7102 7100
7119 7100
7100 7097
7097 7094
7094 7093
7093 7092
7118 7092
7092 7090
7117 7090
7114 7090
7113 7090
7090 7087
7108 7087
7107 7087
7087 7082
7105 7082
7082 7081
7081 7079
7104 7079
7079 7076
7076 7074
7074 7073
7103 7073
7101 7073
7073 7072
7099 7072
7072 7071
7098 7071
7071 7070
7070 7069
7069 7066
7096 7066
7095 7066
7066 7065
7091 7065
7089 7065
7088 7065
7086 7065
7065 7063
7085 7063
7084 7063
7063 7059
7059 7054
7083 7054
7054 7051
7080 7051
7051 7048
7048 7046
7078 7046
7046 7043
7043 7042
7042 7041
7041 7039
7039 7038
7038 7037
7077 7037
7037 7036
7036 7028
7075 7028
7068 7028
7028 7024
7067 7024
7064 7024
7062 7024
7024 7019
7061 7019
7060 7019
7058 7019
7057 7019
7019 7018
7018 7012
7012 7011
7056 7011
7055 7011
7011 7009
7009 7007
7053 7007
7007 7005
7005 7003
7052 7003
7050 7003
7003 7001
7001 7000
7049 7000
7047 7000
7000 6998
7045 6998
7044 6998
6998 6995
7040 6995
7035 6995
7034 6995
6995 6994
7033 6994
7032 6994
6994 6991
7031 6991
7030 6991
7029 6991
7027 6991
7026 6991
6991 6990
6990 6989
7025 6989
7023 6989
6989 6988
7022 6988
7021 6988
7020 6988
6988 6987
6987 6984
6984 6983
6983 6982
6982 6980
7017 6980
7016 6980
6980 6978
7015 6978
6978 6977
6977 6976
6976 6972
7014 6972
6972 6970
7013 6970
6970 6966
7010 6966
7008 6966
7006 6966
6966 6964
6964 6961
7004 6961
6961 6960
6960 6956
7002 6956
6956 6950
6999 6950
6997 6950
6996 6950
6993 6950
6992 6950
6950 6948
6986 6948
6985 6948
6981 6948
6979 6948
6975 6948
6974 6948
6973 6948
6948 6945
6945 6941
6941 6939
6971 6939
6939 6938
6969 6938
6968 6938
6938 6937
6937 6936
6936 6934
6967 6934
6965 6934
6934 6932
6932 6931
6931 6930
6963 6930
6962 6930
6959 6930
6930 6929
6958 6929
6957 6929
6929 6928
6928 6925
6955 6925
6925 6922
6954 6922
6922 6920
6920 6918
6918 6917
6917 6916
6916 6914
6953 6914
6952 6914
6914 6913
6913 6908
6908 6907
6951 6907
6907 6906
6949 6906
6947 6906
6946 6906
6906 6905
6944 6905
6943 6905
6905 6902
6942 6902
6940 6902
6902 6900
6900 6899
6935 6899
6899 6898
6933 6898
6927 6898
6898 6896
6896 6895
6895 6894
6926 6894
6894 6893
6924 6893
6893 6891
6891 6889
6923 6889
6889 6886
6921 6886
6919 6886
6886 6885
6885 6884
6884 6876
6876 6875
6875 6872
6915 6872
6872 6870
6870 6868
6868 6867
6867 6864
6912 6864
6864 6862
6862 6861
6861 6857
6857 6854
6911 6854
6854 6852
6852 6850
6910 6850
6850 6848
6848 6847
6909 6847
6904 6847
6847 6846
6903 6846
6901 6846
6846 6845
6897 6845
6892 6845
6890 6845
6888 6845
6887 6845
6883 6845
6882 6845
6881 6845
6845 6843
6880 6843
6879 6843
6878 6843
6843 6842
6842 6841
6841 6839
6877 6839
6874 6839
6873 6839
6871 6839
6869 6839
6866 6839
6865 6839
6863 6839
6839 6838
6860 6838
6838 6836
6859 6836
6836 6835
6858 6835
6856 6835
6835 6831
6855 6831
6853 6831
6831 6829
6851 6829
6829 6827
6849 6827
6844 6827
6840 6827
6837 6827
6834 6827
6833 6827
6832 6827
6830 6827
6827 6826
6828 6826
6826 6825
6820 6825
6819 6825
6817 6825
6825 6824
6824 6823
6814 6823
6823 6822
6812 6822
6811 6822
6822 6821
6807 6821
6821 6818
6818 6816
6806 6816
6816 6815
6803 6815
6799 6815
6795 6815
6815 6813
6813 6810
6810 6809
6794 6809
6809 6808
6792 6808
6791 6808
6789 6808
6788 6808
6808 6805
6786 6805
6784 6805
6782 6805
6805 6804
6779 6804
6778 6804
6777 6804
6804 6802
6802 6801
6801 6800
6800 6798
6776 6798
6775 6798
6774 6798
6798 6797
6771 6797
6770 6797
6768 6797
6767 6797
6797 6796
6765 6796
6763 6796
6761 6796
6796 6793
6793 6790
6760 6790
6759 6790
6790 6787
6787 6785
6785 6783
6783 6781
6781 6780
6780 6773
6758 6773
6773 6772
6772 6769
6769 6766
6756 6766
6753 6766
6766 6764
6764 6762
6762 6757
6757 6755
6755 6754
6754 6751
6752 6751
6751 6750
6749 6750
6747 6750
6750 6748
6743 6748
6748 6746
6741 6746
6740 6746
6746 6745
6745 6744
6744 6742
6739 6742
6738 6742
6742 6737
6734 6737
6733 6737
6732 6737
6737 6736
6729 6736
6727 6736
6736 6735
6735 6731
6731 6730
6725 6730
6730 6728
6728 6726
6726 6719
6724 6719
6719 6718
6718 6717
6717 6716
6716 6715
6715 6712
6712 6709
6709 6708
6708 6705
6723 6705
6705 6702
6722 6702
6721 6702
6702 6699
6720 6699
6714 6699
6713 6699
6699 6696
6711 6696
6696 6694
6694 6693
6693 6690
6710 6690
6690 6688
6707 6688
6688 6687
6706 6687
6704 6687
6687 6683
6683 6682
6703 6682
6701 6682
6682 6679
6679 6678
6678 6677
6677 6676
6700 6676
6676 6670
6698 6670
6697 6670
6695 6670
6670 6667
6692 6667
6691 6667
6667 6666
6689 6666
6686 6666
6666 6665
6665 6663
6685 6663
6663 6660
6684 6660
6660 6659
6681 6659
6659 6658
6658 6656
6656 6654
6680 6654
6675 6654
6674 6654
6673 6654
6672 6654
6671 6654
6654 6652
6669 6652
6668 6652
6664 6652
6652 6651
6662 6651
6661 6651
6657 6651
6655 6651
6653 6651
6651 6649
6649 6648
6648 6647
6647 6643
6643 6642
6650 6642
6642 6639
6639 6636
6646 6636
6645 6636
6636 6634
6634 6630
6630 6627
6644 6627
6641 6627
6640 6627
6627 6626
6638 6626
6626 6625
6625 6624
6624 6621
6637 6621
6635 6621
6633 6621
6621 6620
6632 6620
6620 6617
6617 6615
6631 6615
6615 6611
6629 6611
6611 6609
6609 6606
6628 6606
6623 6606
6622 6606
6606 6605
6605 6604
6619 6604
6618 6604
6604 6603
6616 6603
6614 6603
6613 6603
6612 6603
6603 6602
6602 6601
6601 6598
6598 6595
6610 6595
6608 6595
6595 6593
6607 6593
6593 6590
6590 6589
6600 6589
6589 6585
6585 6583
6583 6582
6599 6582
6597 6582
6582 6581
6596 6581
6581 6578
6594 6578
6578 6577
6577 6576
6592 6576
6576 6575
6575 6572
6591 6572
6588 6572
6572 6571
6571 6570
6587 6570
6570 6568
6568 6567
6586 6567
6567 6564
6584 6564
6564 6562
6580 6562
6579 6562
6574 6562
6562 6561
6561 6558
6558 6556
6556 6555
6573 6555
6569 6555
6555 6554
6554 6552
6566 6552
6565 6552
6563 6552
6552 6551
6551 6543
6543 6540
6560 6540
6540 6538
6538 6536
6559 6536
6557 6536
6553 6536
6536 6534
6534 6532
6550 6532
6532 6529
6529 6528
6528 6523
6523 6521
6521 6520
6520 6519
6549 6519
6548 6519
6519 6514
6514 6512
6547 6512
6512 6511
6511 6508
6508 6506
6506 6504
6546 6504
6545 6504
6504 6503
6544 6503
6503 6502
6502 6499
6499 6497
6497 6493
6542 6493
6493 6492
6492 6491
6491 6488
6488 6486
6541 6486
6539 6486
6486 6485
6537 6485
6485 6483
6535 6483
6483 6480
6480 6479
6479 6478
6533 6478
6531 6478
6530 6478
6527 6478
6526 6478
6478 6474
6525 6474
6474 6472
6524 6472
6472 6468
6522 6468
6518 6468
6517 6468
6468 6467
6467 6464
6464 6463
6463 6462
6462 6458
6458 6457
6516 6457
6515 6457
6457 6454
6454 6451
6451 6450
6513 6450
6510 6450
6509 6450
6507 6450
6505 6450
6501 6450
6450 6448
6448 6445
6500 6445
6498 6445
6445 6444
6496 6444
6444 6441
6495 6441
6494 6441
6490 6441
6489 6441
6441 6437
6437 6436
6487 6436
6436 6435
6435 6434
6484 6434
6434 6433
6433 6429
6429 6425
6482 6425
6481 6425
6425 6423
6423 6420
6420 6419
6419 6417
6417 6416
6477 6416
6416 6415
6415 6413
6413 6410
6410 6409
6476 6409
6409 6408
6408 6399
6399 6397
6397 6395
6475 6395
6395 6391
6473 6391
6391 6388
6388 6387
6387 6386
6471 6386
6470 6386
6386 6384
6384 6382
6469 6382
6466 6382
6382 6381
6465 6381
6381 6378
6378 6373
6373 6372
6461 6372
6372 6369
6460 6369
6369 6367
6459 6367
6456 6367
6367 6365
6455 6365
6365 6363
6453 6363
6452 6363
6449 6363
6363 6359
6359 6358
6358 6357
6447 6357
6446 6357
6443 6357
6357 6356
6442 6356
6440 6356
6439 6356
6438 6356
6356 6355
6355 6354
6354 6351
6432 6351
6351 6348
6348 6347
6431 6347
6430 6347
6428 6347
6347 6346
6346 6345
6345 6342
6427 6342
6342 6341
6426 6341
6341 6339
6339 6337
6337 6334
6424 6334
6422 6334
6421 6334
6334 6332
6418 6332
6332 6329
6414 6329
6329 6327
6412 6327
6327 6322
6322 6320
6411 6320
6320 6318
6318 6314
6407 6314
6314 6313
6406 6313
6405 6313
6404 6313
6313 6312
6312 6310
6310 6309
6309 6308
6403 6308
6402 6308
6401 6308
6308 6307
6400 6307
6398 6307
6396 6307
6394 6307
6307 6306
6306 6305
6305 6304
6304 6303
6393 6303
6303 6300
6300 6299
6299 6298
6392 6298
6298 6295
6295 6293
6293 6290
6390 6290
6290 6289
6289 6287
6389 6287
6385 6287
6287 6286
6286 6284
6383 6284
6380 6284
6379 6284
6377 6284
6376 6284
6284 6283
6283 6281
6375 6281
6374 6281
6371 6281
6370 6281
6368 6281
6281 6279
6279 6278
6278 6277
6366 6277
6277 6273
6273 6272
6272 6271
6271 6268
6364 6268
6362 6268
6361 6268
6360 6268
6353 6268
6268 6267
6352 6267
6267 6265
6265 6260
6350 6260
6260 6259
6259 6258
6258 6256
6349 6256
6344 6256
6343 6256
6256 6249
6249 6242
6340 6242
6338 6242
6336 6242
6335 6242
6242 6241
6333 6241
6241 6240
6331 6240
6330 6240
6240 6239
6328 6239
6326 6239
6325 6239
6324 6239
6239 6236
6236 6232
6232 6230
6230 6228
6323 6228
6228 6225
6321 6225
6319 6225
6317 6225
6316 6225
6315 6225
6225 6222
6311 6222
6222 6221
6221 6220
6220 6218
6302 6218
6218 6217
6217 6216
6216 6213
6213 6212
6301 6212
6212 6211
6297 6211
6211 6210
6296 6210
6210 6207
6207 6206
6294 6206
6206 6204
6204 6202
6292 6202
6291 6202
6202 6201
6288 6201
6285 6201
6282 6201
6201 6198
6280 6198
6198 6197
6276 6197
6275 6197
6197 6196
6196 6194
6194 6193
6193 6192
6274 6192
6270 6192
6269 6192
6266 6192
6264 6192
6263 6192
6192 6191
6262 6191
6261 6191
6257 6191
6191 6189
6189 6188
6188 6187
6255 6187
6187 6186
6186 6180
6254 6180
6180 6179
6179 6175
6175 6174
6174 6169
6253 6169
6169 6167
6252 6167
6251 6167
6167 6166
6250 6166
6248 6166
6247 6166
6166 6165
6165 6163
6246 6163
6245 6163
6163 6162
6162 6160
6244 6160
6243 6160
6238 6160
6237 6160
6160 6159
6159 6158
6158 6156
6235 6156
6234 6156
6233 6156
6156 6153
6231 6153
6229 6153
6227 6153
6226 6153
6153 6148
6224 6148
6148 6147
6147 6146
6223 6146
6146 6145
6219 6145
6145 6144
6144 6143
6143 6141
6141 6140
6140 6139
6139 6137
6137 6135
6215 6135
6214 6135
6135 6131
6209 6131
6208 6131
6131 6130
6205 6130
6130 6129
6203 6129
6200 6129
6129 6127
6127 6125
6125 6124
6199 6124
6195 6124
6124 6122
6190 6122
6122 6120
6120 6117
6117 6115
6185 6115
6115 6114
6184 6114
6114 6113
6183 6113
6113 6109
6109 6106
6182 6106
6181 6106
6178 6106
6106 6098
6177 6098
6098 6090
6090 6088
6176 6088
6088 6087
6173 6087
6172 6087
6087 6084
6084 6082
6171 6082
6170 6082
6082 6081
6081 6075
6075 6072
6168 6072
6072 6071
6164 6071
6161 6071
6071 6070
6157 6070
6155 6070
6070 6069
6154 6069
6152 6069
6151 6069
6150 6069
6069 6068
6068 6067
6149 6067
6142 6067
6138 6067
6067 6065
6065 6064
6136 6064
6064 6063
6063 6062
6062 6060
6134 6060
6133 6060
6060 6057
6132 6057
6128 6057
6126 6057
6123 6057
6121 6057
6057 6052
6119 6052
6052 6050
6118 6050
6050 6049
6116 6049
6049 6047
6112 6047
6047 6046
6111 6046
6046 6045
6110 6045
6108 6045
6107 6045
6045 6044
6105 6044
6044 6043
6043 6040
6104 6040
6040 6039
6039 6038
6038 6036
6036 6033
6033 6032
6103 6032
6102 6032
6032 6028
6101 6028
6028 6023
6100 6023
6099 6023
6023 6021
6097 6021
6096 6021
6021 6020
6020 6019
6095 6019
6094 6019
6019 6018
6018 6016
6016 6015
6093 6015
6092 6015
6015 6014
6014 6013
6091 6013
6089 6013
6013 6007
6007 6005
6086 6005
6085 6005
6083 6005
6080 6005
6005 6004
6004 6002
6079 6002
6002 5999
6078 5999
5999 5997
6077 5997
6076 5997
6074 5997
6073 5997
5997 5996
6066 5996
5996 5992
6061 5992
6059 5992
5992 5991
5991 5988
6058 5988
6056 5988
5988 5987
6055 5987
6054 5987
5987 5986
5986 5983
6053 5983
5983 5982
6051 5982
6048 5982
6042 5982
5982 5980
6041 5980
6037 5980
5980 5979
5979 5977
5977 5974
6035 5974
5974 5972
6034 5972
5972 5970
6031 5970
6030 5970
5970 5969
6029 5969
6027 5969
6026 5969
5969 5968
6025 5968
6024 5968
5968 5967
5967 5966
6022 5966
5966 5965
6017 5965
5965 5964
6012 5964
5964 5963
5963 5959
5959 5958
6011 5958
5958 5957
5957 5956
5956 5955
6010 5955
6009 5955
5955 5954
5954 5953
6008 5953
6006 5953
5953 5950
6003 5950
5950 5948
5948 5946
5946 5945
6001 5945
5945 5944
5944 5942
6000 5942
5998 5942
5995 5942
5942 5939
5939 5937
5994 5937
5993 5937
5937 5935
5990 5935
5989 5935
5935 5932
5932 5930
5985 5930
5930 5928
5984 5928
5981 5928
5978 5928
5928 5926
5976 5926
5975 5926
5926 5924
5924 5923
5923 5921
5973 5921
5971 5921
5962 5921
5961 5921
5921 5919
5960 5919
5952 5919
5951 5919
5949 5919
5919 5918
5918 5915
5915 5913
5913 5912
5912 5911
5911 5904
5904 5903
5903 5902
5902 5901
5947 5901
5901 5899
5899 5897
5943 5897
5941 5897
5940 5897
5938 5897
5897 5896
5936 5896
5896 5893
5934 5893
5933 5893
5893 5892
5892 5888
5931 5888
5929 5888
5927 5888
5925 5888
5888 5887
5922 5887
5887 5885
5920 5885
5917 5885
5916 5885
5914 5885
5910 5885
5885 5879
5909 5879
5908 5879
5879 5875
5875 5873
5873 5871
5871 5870
5907 5870
5870 5868
5906 5868
5905 5868
5868 5867
5900 5867
5867 5863
5863 5862
5898 5862
5895 5862
5894 5862
5891 5862
5890 5862
5862 5861
5861 5858
5889 5858
5858 5856
5856 5851
5851 5850
5850 5849
5849 5846
5846 5844
5886 5844
5844 5841
5841 5839
5884 5839
5839 5838
5883 5838
5882 5838
5881 5838
5880 5838
5838 5836
5878 5836
5836 5835
5877 5835
5835 5834
5834 5832
5876 5832
5874 5832
5872 5832
5832 5831
5831 5830
5830 5829
5829 5827
5869 5827
5827 5825
5825 5822
5866 5822
5822 5821
5821 5819
5865 5819
5819 5817
5864 5817
5860 5817
5859 5817
5857 5817
5817 5816
5855 5816
5816 5812
5812 5809
5809 5808
5808 5807
5807 5806
5854 5806
5806 5805
5805 5803
5803 5797
5853 5797
5797 5795
5852 5795
5848 5795
5795 5793
5847 5793
5793 5791
5791 5789
5845 5789
5789 5788
5843 5788
5788 5787
5787 5786
5786 5785
5842 5785
5840 5785
5785 5783
5837 5783
5833 5783
5828 5783
5826 5783
5783 5782
5782 5779
5779 5778
5778 5777
5824 5777
5823 5777
5820 5777
5818 5777
5777 5773
5815 5773
5773 5772
5814 5772
5772 5770
5813 5770
5811 5770
5770 5767
5810 5767
5767 5766
5804 5766
5802 5766
5766 5763
5801 5763
5800 5763
5763 5761
5799 5761
5761 5760
5760 5758
5758 5756
5756 5754
5798 5754
5796 5754
5794 5754
5754 5753
5753 5751
5751 5746
5792 5746
5790 5746
5784 5746
5781 5746
5746 5744
5780 5744
5744 5743
5776 5743
5775 5743
5743 5742
5742 5739
5739 5737
5774 5737
5771 5737
5769 5737
5737 5736
5736 5734
5734 5733
5768 5733
5765 5733
5764 5733
5733 5728
5762 5728
5728 5727
5759 5727
5757 5727
5755 5727
5752 5727
5727 5725
5750 5725
5725 5724
5749 5724
5724 5723
5748 5723
5723 5722
5722 5721
5747 5721
5721 5718
5745 5718
5718 5715
5715 5713
5713 5711
5711 5706
5741 5706
5740 5706
5706 5703
5738 5703
5703 5700
5700 5699
5699 5697
5735 5697
5732 5697
5697 5693
5731 5693
5730 5693
5693 5691
5691 5690
5729 5690
5690 5688
5688 5687
5687 5685
5726 5685
5720 5685
5685 5682
5719 5682
5717 5682
5716 5682
5682 5681
5681 5680
5714 5680
5680 5679
5712 5679
5679 5678
5678 5675
5675 5674
5674 5673
5710 5673
5673 5670
5670 5669
5709 5669
5708 5669
5669 5668
5668 5667
5707 5667
5705 5667
5667 5665
5704 5665
5665 5661
5661 5658
5702 5658
5701 5658
5658 5657
5698 5657
5657 5656
5696 5656
5656 5655
5695 5655
5694 5655
5655 5653
5692 5653
5689 5653
5686 5653
5684 5653
5653 5649
5649 5647
5647 5646
5646 5645
5645 5644
5644 5643
5683 5643
5643 5641
5641 5639
5639 5634
5677 5634
5634 5631
5676 5631
5672 5631
5631 5628
5671 5628
5666 5628
5664 5628
5663 5628
5662 5628
5660 5628
5628 5626
5626 5624
5624 5620
5620 5612
5659 5612
5612 5611
5611 5608
5608 5605
5654 5605
5605 5601
5601 5600
5600 5599
5652 5599
5651 5599
5650 5599
5648 5599
5642 5599
5599 5598
5640 5598
5638 5598
5598 5595
5637 5595
5636 5595
5595 5594
5594 5593
5593 5592
5592 5588
5588 5587
5587 5581
5581 5580
5580 5579
5635 5579
5633 5579
5579 5577
5577 5575
5575 5574
5632 5574
5630 5574
5574 5573
5573 5572
5572 5571
5571 5570
5629 5570
5570 5568
5627 5568
5568 5564
5625 5564
5564 5562
5562 5560
5560 5557
5557 5555
5555 5554
5623 5554
5554 5552
5622 5552
5621 5552
5619 5552
5552 5548
5618 5548
5548 5546
5617 5546
5546 5544
5616 5544
5544 5542
5615 5542
5542 5541
5541 5537
5537 5535
5535 5530
5530 5525
5525 5524
5614 5524
5524 5523
5613 5523
5523 5520
5610 5520
5609 5520
5520 5518
5607 5518
5518 5516
5516 5513
5513 5511
5606 5511
5511 5509
5604 5509
5603 5509
5602 5509
5509 5505
5597 5505
5596 5505
5591 5505
5590 5505
5589 5505
5505 5504
5586 5504
5585 5504
5504 5503
5584 5503
5503 5498
5583 5498
5498 5496
5496 5495
5582 5495
5578 5495
5576 5495
5495 5493
5493 5492
5492 5491
5491 5488
5569 5488
5567 5488
5488 5486
5566 5486
5565 5486
5563 5486
5561 5486
5559 5486
5558 5486
5486 5484
5484 5482
5556 5482
5482 5480
5480 5476
5553 5476
5476 5475
5475 5471
5471 5468
5551 5468
5468 5466
5466 5462
5462 5461
5461 5459
5459 5457
5550 5457
5549 5457
5457 5456
5547 5456
5545 5456
5543 5456
5456 5455
5455 5454
5540 5454
5454 5452
5452 5449
5449 5448
5539 5448
5538 5448
5536 5448
5534 5448
5533 5448
5532 5448
5448 5447
5531 5447
5529 5447
5447 5446
5528 5446
5527 5446
5446 5442
5526 5442
5442 5441
5441 5439
5439 5438
5522 5438
5521 5438
5438 5437
5519 5437
5517 5437
5437 5435
5435 5434
5434 5433
5433 5431
5515 5431
5431 5430
5514 5430
5512 5430
5430 5429
5429 5427
5510 5427
5508 5427
5507 5427
5427 5425
5425 5424
5506 5424
5502 5424
5424 5423
5501 5423
5423 5421
5421 5417
5417 5415
5415 5412
5412 5407
5407 5403
5403 5402
5500 5402
5499 5402
5402 5401
5497 5401
5401 5399
5494 5399
5399 5396
5396 5395
5395 5394
5490 5394
5394 5393
5489 5393
5487 5393
5485 5393
5393 5392
5483 5392
5392 5390
5390 5387
5481 5387
5387 5386
5386 5385
5385 5384
5384 5383
5383 5380
5380 5379
5479 5379
5478 5379
5379 5378
5477 5378
5378 5377
5377 5374
5374 5373
5373 5369
5474 5369
5473 5369
5472 5369
5470 5369
5369 5368
5368 5367
5367 5362
5469 5362
5362 5361
5361 5351
5351 5350
5467 5350
5465 5350
5464 5350
5463 5350
5460 5350
5350 5349
5349 5347
5458 5347
5347 5346
5453 5346
5451 5346
5346 5344
5344 5343
5450 5343
5343 5342
5445 5342
5342 5340
5444 5340
5340 5338
5338 5337
5337 5336
5443 5336
5440 5336
5336 5328
5328 5326
5436 5326
5326 5323
5323 5319
5319 5317
5432 5317
5428 5317
5317 5316
5316 5314
5314 5313
5426 5313
5313 5309
5309 5306
5306 5305
5305 5304
5304 5303
5422 5303
5420 5303
5303 5300
5300 5299
5419 5299
5418 5299
5416 5299
5414 5299
5299 5298
5413 5298
5298 5295
5411 5295
5410 5295
5295 5292
5409 5292
5408 5292
5292 5289
5406 5289
5405 5289
5289 5288
5404 5288
5288 5287
5287 5286
5400 5286
5286 5285
5398 5285
5285 5284
5284 5283
5283 5282
5397 5282
5282 5280
5391 5280
5280 5277
5389 5277
5388 5277
5277 5276
5276 5274
5382 5274
5381 5274
5274 5272
5272 5271
5376 5271
5271 5270
5375 5270
5270 5267
5267 5265
5265 5260
5260 5257
5372 5257
5257 5255
5371 5255
5255 5254
5254 5253
5253 5252
5370 5252
5252 5250
5366 5250
5365 5250
5250 5247
5247 5246
5246 5241
5241 5238
5238 5234
5364 5234
5363 5234
5234 5233
5233 5232
5232 5227
5227 5226
5360 5226
5359 5226
5226 5225
5225 5224
5358 5224
5357 5224
5224 5222
5356 5222
5355 5222
5354 5222
5353 5222
5352 5222
5348 5222
5222 5221
5221 5217
5217 5215
5215 5212
5345 5212
5341 5212
5339 5212
5212 5209
5209 5203
5335 5203
5203 5201
5334 5201
5333 5201
5201 5199
5332 5199
5331 5199
5330 5199
5329 5199
5327 5199
5325 5199
5324 5199
5199 5197
5197 5194
5322 5194
5194 5193
5321 5193
5193 5192
5320 5192
5192 5191
5191 5190
5190 5188
5188 5185
5185 5183
5318 5183
5183 5180
5315 5180
5312 5180
5180 5179
5179 5178
5178 5176
5311 5176
5310 5176
5176 5174
5308 5174
5307 5174
5174 5171
5302 5171
5301 5171
5171 5164
5297 5164
5164 5163
5163 5162
5162 5159
5159 5158
5296 5158
5158 5154
5154 5153
5294 5153
5153 5152
5152 5151
5151 5150
5150 5149
5149 5144
5293 5144
5291 5144
5290 5144
5281 5144
5144 5143
5143 5142
5142 5140
5279 5140
5140 5139
5139 5138
5138 5135
5135 5133
5133 5132
5278 5132
5132 5128
5275 5128
5128 5124
5273 5124
5269 5124
5268 5124
5124 5123
5123 5121
5266 5121
5264 5121
5121 5119
5263 5119
5119 5117
5117 5116
5116 5115
5262 5115
5261 5115
5259 5115
5115 5112
5258 5112
5112 5110
5256 5110
5110 5109
5109 5108
5108 5105
5105 5104
5104 5103
5103 5098
5251 5098
5249 5098
5098 5097
5248 5097
5097 5094
5094 5093
5245 5093
5244 5093
5093 5092
5243 5092
5242 5092
5092 5088
5240 5088
5088 5086
5086 5085
5085 5084
5084 5082
5239 5082
5082 5077
5077 5075
5237 5075
5236 5075
5235 5075
5075 5073
5073 5071
5231 5071
5230 5071
5229 5071
5071 5069
5228 5069
5069 5067
5067 5066
5066 5064
5223 5064
5064 5063
5220 5063
5063 5054
5219 5054
5218 5054
5054 5051
5216 5051
5214 5051
5213 5051
5051 5050
5211 5050
5050 5048
5048 5047
5047 5045
5210 5045
5045 5044
5044 5042
5208 5042
5207 5042
5042 5040
5040 5039
5039 5038
5206 5038
5038 5037
5037 5035
5205 5035
5204 5035
5035 5030
5202 5030
5030 5028
5200 5028
5198 5028
5028 5025
5025 5024
5196 5024
5024 5022
5022 5021
5195 5021
5021 5020
5189 5020
5187 5020
5186 5020
5020 5019
5184 5019
5182 5019
5181 5019
5177 5019
5175 5019
5173 5019
5019 5018
5172 5018
5018 5017
5170 5017
5017 5016
5016 5013
5013 5012
5169 5012
5168 5012
5167 5012
5166 5012
5012 5010
5010 5007
5007 5006
5006 5005
5165 5005
5161 5005
5160 5005
5157 5005
5156 5005
5155 5005
5148 5005
5147 5005
5005 5004
5146 5004
5145 5004
5141 5004
5137 5004
5004 5002
5002 4998
5136 4998
5134 4998
5131 4998
5130 4998
5129 4998
5127 4998
5126 4998
5125 4998
4998 4997
4997 4996
4996 4994
5122 4994
4994 4993
5120 4993
4993 4987
4987 4985
4985 4983
5118 4983
4983 4982
5114 4982
5113 4982
4982 4980
5111 4980
5107 4980
4980 4979
4979 4977
4977 4975
4975 4973
4973 4968
4968 4963
4963 4962
5106 4962
4962 4960
4960 4958
4958 4957
4957 4956
5102 4956
4956 4955
5101 4955
5100 4955
5099 4955
5096 4955
4955 4953
5095 4953
4953 4952
4952 4951
4951 4947
4947 4946
5091 4946
4946 4945
4945 4944
4944 4942
4942 4941
4941 4937
4937 4936
4936 4935
4935 4934
5090 4934
4934 4932
5089 4932
5087 4932
4932 4931
4931 4930
5083 4930
4930 4929
4929 4926
4926 4925
5081 4925
4925 4923
5080 4923
5079 4923
5078 4923
5076 4923
5074 4923
4923 4922
4922 4921
5072 4921
4921 4920
5070 4920
4920 4919
4919 4917
5068 4917
4917 4915
4915 4914
4914 4912
4912 4911
5065 4911
5062 4911
5061 4911
4911 4909
5060 4909
4909 4907
5059 4907
4907 4906
5058 4906
5057 4906
5056 4906
5055 4906
5053 4906
4906 4905
5052 4905
5049 4905
4905 4902
5046 4902
5043 4902
4902 4898
4898 4896
5041 4896
5036 4896
5034 4896
5033 4896
5032 4896
5031 4896
5029 4896
5027 4896
4896 4895
4895 4893
5026 4893
5023 4893
4893 4892
4892 4891
5015 4891
4891 4890
4890 4885
4885 4880
4880 4876
5014 4876
5011 4876
4876 4875
5009 4875
5008 4875
4875 4872
5003 4872
5001 4872
5000 4872
4999 4872
4872 4867
4995 4867
4867 4866
4992 4866
4991 4866
4866 4865
4990 4865
4989 4865
4988 4865
4986 4865
4984 4865
4865 4864
4981 4864
4864 4863
4978 4863
4863 4861
4976 4861
4974 4861
4861 4860
4860 4859
4859 4857
4972 4857
4857 4856
4971 4856
4970 4856
4969 4856
4967 4856
4856 4854
4966 4854
4854 4853
4965 4853
4964 4853
4853 4851
4851 4850
4850 4849
4849 4847
4961 4847
4959 4847
4954 4847
4847 4845
4845 4844
4950 4844
4844 4842
4842 4841
4949 4841
4948 4841
4841 4840
4943 4840
4840 4838
4838 4837
4837 4836
4940 4836
4939 4836
4836 4833
4833 4828
4828 4827
4938 4827
4933 4827
4827 4826
4928 4826
4927 4826
4924 4826
4918 4826
4916 4826
4913 4826
4910 4826
4908 4826
4826 4822
4822 4819
4819 4817
4904 4817
4817 4816
4903 4816
4901 4816
4900 4816
4816 4814
4814 4813
4899 4813
4813 4809
4897 4809
4894 4809
4889 4809
4809 4806
4888 4806
4887 4806
4886 4806
4806 4801
4884 4801
4883 4801
4882 4801
4801 4797
4881 4797
4879 4797
4797 4796
4878 4796
4877 4796
4796 4794
4794 4793
4874 4793
4793 4792
4792 4790
4790 4789
4789 4788
4788 4787
4873 4787
4787 4786
4786 4785
4871 4785
4785 4784
4784 4783
4870 4783
4783 4781
4869 4781
4868 4781
4862 4781
4781 4778
4858 4778
4778 4772
4855 4772
4772 4770
4852 4770
4848 4770
4846 4770
4843 4770
4839 4770
4835 4770
4770 4769
4834 4769
4769 4766
4832 4766
4766 4764
4831 4764
4764 4762
4830 4762
4762 4761
4829 4761
4825 4761
4824 4761
4761 4760
4823 4760
4821 4760
4820 4760
4760 4759
4818 4759
4759 4756
4815 4756
4756 4755
4755 4754
4812 4754
4754 4750
4750 4749
4811 4749
4810 4749
4749 4748
4808 4748
4748 4744
4744 4739
4739 4737
4737 4736
4807 4736
4805 4736
4804 4736
4803 4736
4736 4735
4802 4735
4735 4734
4734 4731
4731 4730
4730 4729
4729 4728
4800 4728
4799 4728
4798 4728
4728 4726
4795 4726
4791 4726
4726 4725
4725 4721
4721 4718
4718 4717
4717 4713
4713 4710
4782 4710
4710 4709
4780 4709
4779 4709
4777 4709
4776 4709
4775 4709
4774 4709
4709 4708
4708 4707
4707 4705
4773 4705
4705 4703
4771 4703
4768 4703
4767 4703
4765 4703
4763 4703
4758 4703
4757 4703
4753 4703
4752 4703
4703 4702
4702 4700
4751 4700
4747 4700
4746 4700
4700 4698
4698 4697
4745 4697
4697 4694
4694 4693
4693 4691
4743 4691
4691 4689
4742 4689
4689 4688
4741 4688
4740 4688
4738 4688
4733 4688
4688 4687
4732 4687
4687 4686
4686 4685
4685 4684
4727 4684
4684 4683
4683 4682
4724 4682
4682 4681
4723 4681
4722 4681
4720 4681
4719 4681
4716 4681
4681 4678
4678 4674
4674 4673
4715 4673
4714 4673
4673 4672
4672 4670
4670 4669
4669 4668
4712 4668
4668 4666
4666 4665
4665 4664
4711 4664
4664 4658
4706 4658
4704 4658
4701 4658
4699 4658
4658 4653
4653 4652
4652 4651
4696 4651
4651 4649
4695 4649
4692 4649
4649 4648
4648 4647
4690 4647
4680 4647
4679 4647
4677 4647
4647 4646
4676 4646
4646 4644
4675 4644
4644 4643
4643 4641
4641 4640
4640 4638
4638 4634
4634 4630
4630 4627
4627 4626
4626 4625
4671 4625
4667 4625
4625 4624
4624 4620
4663 4620
4662 4620
4620 4618
4661 4618
4618 4617
4660 4617
4617 4616
4616 4614
4614 4612
4612 4609
4609 4608
4608 4606
4606 4604
4659 4604
4657 4604
4604 4603
4603 4600
4600 4597
4656 4597
4597 4594
4594 4593
4593 4592
4592 4590
4655 4590
4654 4590
4590 4588
4650 4588
4645 4588
4642 4588
4588 4587
4639 4587
4637 4587
4587 4586
4586 4585
4636 4585
4635 4585
4633 4585
4632 4585
4631 4585
4629 4585
4585 4583
4628 4583
4583 4582
4623 4582
4582 4581
4581 4578
4622 4578
4578 4577
4621 4577
4577 4575
4575 4573
4573 4572
4572 4568
4619 4568
4568 4566
4566 4565
4615 4565
4565 4560
4560 4559
4613 4559
4559 4558
4611 4558
4610 4558
4607 4558
4558 4557
4605 4557
4602 4557
4601 4557
4599 4557
4598 4557
4596 4557
4557 4555
4595 4555
4555 4552
4552 4551
4591 4551
4589 4551
4551 4549
4549 4548
4548 4547
4584 4547
4547 4544
4580 4544
4579 4544
4576 4544
4574 4544
4571 4544
4570 4544
4544 4543
4543 4539
4539 4537
4537 4536
4569 4536
4567 4536
4564 4536
4563 4536
4562 4536
4561 4536
4556 4536
4554 4536
4553 4536
4550 4536
4546 4536
4536 4534
4534 4533
4533 4529
4529 4527
4527 4523
4523 4522
4522 4518
4545 4518
4518 4517
4542 4517
4541 4517
4540 4517
4538 4517
4535 4517
4532 4517
4531 4517
4530 4517
4517 4516
4528 4516
4516 4514
4514 4513
4513 4510
4510 4509
4526 4509
4509 4508
4508 4507
4525 4507
4524 4507
4521 4507
4507 4499
4520 4499
4519 4499
4499 4498
4498 4497
4515 4497
4497 4496
4496 4493
4512 4493
4511 4493
4506 4493
4493 4492
4505 4492
4504 4492
4503 4492
4492 4491
4502 4491
4501 4491
4491 4489
4500 4489
4495 4489
4489 4485
4485 4482
4482 4481
4481 4480
4494 4480
4490 4480
4480 4479
4479 4478
4488 4478
4478 4477
4487 4477
4477 4476
4476 4475
4486 4475
4475 4473
4484 4473
4473 4472
4472 4469
4469 4468
4483 4468
4468 4467
4467 4465
4465 4463
4474 4463
4463 4462
4471 4462
4470 4462
4466 4462
4464 4462
4462 4460
4461 4460
4459 4460
4458 4460
4460 4454
4457 4454
4456 4454
4455 4454
4453 4454
4454 4452
4452 4448
4451 4448
4448 4447
4450 4447
4447 4446
4446 4445
4445 4442
4442 4439
4449 4439
4439 4438
4438 4437
4444 4437
4437 4436
4443 4436
4436 4435
4435 4427
4441 4427
4427 4426
4426 4425
4425 4424
4424 4423
4423 4422
4422 4420
4440 4420
4420 4419
4419 4416
4434 4416
4416 4415
4415 4414
4433 4414
4432 4414
4431 4414
4414 4412
4412 4410
4430 4410
4410 4409
4429 4409
4409 4408
4408 4407
4407 4404
4428 4404
4404 4403
4403 4401
4421 4401
4418 4401
4417 4401
4401 4399
4399 4396
4396 4395
4395 4393
4393 4392
4392 4390
4390 4387
4413 4387
4411 4387
4406 4387
4387 4384
4384 4381
4381 4380
4405 4380
4380 4379
4379 4375
4402 4375
4400 4375
4375 4374
4374 4371
4371 4370
4398 4370
4397 4370
4394 4370
4370 4366
4366 4364
4364 4363
4363 4362
4362 4361
4391 4361
4389 4361
4361 4360
4360 4359
4388 4359
4386 4359
4359 4358
4385 4358
4358 4357
4383 4357
4357 4352
4382 4352
4352 4350
4378 4350
4350 4348
4377 4348
4376 4348
4373 4348
4372 4348
4369 4348
4368 4348
4348 4345
4367 4345
4345 4344
4344 4343
4343 4340
4365 4340
4340 4339
4339 4335
4356 4335
4335 4333
4355 4333
4333 4330
4354 4330
4353 4330
4330 4328
4328 4327
4327 4326
4326 4324
4324 4322
4351 4322
4349 4322
4322 4319
4319 4317
4317 4316
4347 4316
4316 4313
4346 4313
4342 4313
4341 4313
4313 4312
4312 4311
4311 4310
4338 4310
4337 4310
4310 4308
4308 4305
4305 4304
4336 4304
4304 4303
4303 4302
4334 4302
4332 4302
4331 4302
4302 4300
4329 4300
4300 4294
4294 4292
4325 4292
4292 4288
4288 4285
4323 4285
4321 4285
4320 4285
4285 4284
4318 4284
4284 4283
4283 4282
4315 4282
4282 4280
4280 4279
4279 4276
4314 4276
4276 4275
4275 4273
4273 4272
4272 4267
4309 4267
4307 4267
4267 4265
4265 4264
4264 4263
4263 4262
4306 4262
4262 4261
4261 4259
4259 4258
4301 4258
4299 4258
4258 4257
4298 4257
4297 4257
4296 4257
4257 4255
4255 4251
4295 4251
4293 4251
4251 4249
4249 4247
4247 4246
4291 4246
4246 4243
4290 4243
4289 4243
4287 4243
4286 4243
4281 4243
4243 4241
4241 4240
4240 4239
4239 4238
4238 4236
4236 4233
4233 4231
4278 4231
4231 4229
4229 4227
4277 4227
4274 4227
4271 4227
4270 4227
4227 4226
4226 4223
4269 4223
4223 4221
4268 4221
4266 4221
4260 4221
4221 4215
4256 4215
4215 4213
4213 4207
4254 4207
4253 4207
4252 4207
4207 4206
4206 4204
4204 4202
4250 4202
4202 4201
4201 4200
4248 4200
4200 4198
4245 4198
4244 4198
4198 4197
4242 4197
4237 4197
4197 4195
4235 4195
4234 4195
4195 4194
4194 4193
4232 4193
4230 4193
4228 4193
4225 4193
4224 4193
4222 4193
4220 4193
4219 4193
4218 4193
4193 4192
4192 4184
4217 4184
4216 4184
4184 4183
4183 4182
4182 4181
4181 4180
4214 4180
4180 4178
4212 4178
4211 4178
4178 4177
4210 4177
4209 4177
4177 4175
4175 4174
4208 4174
4205 4174
4174 4172
4203 4172
4199 4172
4172 4170
4170 4169
4169 4168
4196 4168
4168 4166
4166 4165
4191 4165
4190 4165
4165 4160
4160 4159
4159 4156
4156 4153
4189 4153
4153 4152
4152 4150
4188 4150
4187 4150
4186 4150
4185 4150
4150 4149
4149 4146
4179 4146
4146 4144
4176 4144
4144 4143
4143 4142
4142 4140
4173 4140
4171 4140
4167 4140
4164 4140
4140 4139
4163 4139
4162 4139
4161 4139
4158 4139
4157 4139
4155 4139
4154 4139
4151 4139
4139 4138
4148 4138
4138 4137
4137 4135
4135 4134
4147 4134
4134 4133
4133 4132
4132 4131
4131 4128
4128 4127
4145 4127
4141 4127
4136 4127
4130 4127
4129 4127
4126 4127
4125 4127
4127 4123
4124 4123
4123 4122
4122 4121
4121 4118
4120 4118
4119 4118
4117 4118
4113 4118
4118 4116
4116 4115
4110 4115
4108 4115
4115 4114
4114 4112
4112 4111
4111 4109
4109 4107
4107 4105
4106 4105
4105 4103
4104 4103
4102 4103
4099 4103
4103 4101
4101 4100
4097 4100
4093 4100
4092 4100
4090 4100
4100 4098
4098 4096
4096 4095
4095 4094
4089 4094
4094 4091
4091 4088
4088 4086
4087 4086
4084 4086
4086 4085
4085 4082
4082 4081
4081 4080
4083 4080
4079 4080
4077 4080
4076 4080
4080 4078
4078 4075
4075 4074
4074 4073
4072 4073
4073 4071
4070 4071
4069 4071
4071 4068
4067 4068
4066 4068
4065 4068
4068 4064
4063 4064
4064 4062
4062 4061
4061 4060
4056 4060
4054 4060
4053 4060
4048 4060
4060 4059
4046 4059
4059 4058
4058 4057
4044 4057
4057 4055
4055 4052
4052 4051
4043 4051
4051 4050
4042 4050
4040 4050
4037 4050
4050 4049
4036 4049
4035 4049
4049 4047
4032 4047
4031 4047
4047 4045
4045 4041
4030 4041
4029 4041
4041 4039
4039 4038
4038 4034
4034 4033
4033 4027
4028 4027
4027 4025
4025 4023
4026 4023
4024 4023
4023 4020
4022 4020
4020 4019
4021 4019
4016 4019
4019 4018
4018 4017
4017 4013
4013 4011
4011 4009
4015 4009
4009 4008
4014 4008
4012 4008
4008 4007
4010 4007
4007 4004
4004 4001
4001 4000
4000 3998
4006 3998
4005 3998
4003 3998
3998 3997
3997 3995
4002 3995
3999 3995
3995 3994
3996 3994
3994 3992
3992 3987
3987 3986
3986 3985
3985 3984
3993 3984
3991 3984
3984 3980
3990 3980
3989 3980
3980 3979
3979 3978
3988 3978
3978 3975
3983 3975
3982 3975
3981 3975
3975 3974
3977 3974
3976 3974
3974 3973
3968 3973
3967 3973
3973 3972
3972 3971
3971 3970
3970 3969
3969 3965
3966 3965
3965 3963
3963 3962
3964 3962
3960 3962
3959 3962
3962 3961
3961 3957
3957 3956
3956 3953
3953 3952
3958 3952
3955 3952
3952 3949
3954 3949
3951 3949
3950 3949
3949 3948
3948 3947
3942 3947
3947 3946
3946 3945
3941 3945
3940 3945
3938 3945
3937 3945
3936 3945
3934 3945
3933 3945
3931 3945
3945 3944
3930 3944
3929 3944
3944 3943
3928 3943
3943 3939
3939 3935
3935 3932
3932 3927
3927 3925
3925 3923
3926 3923
3923 3922
3922 3920
3924 3920
3920 3919
3919 3917
3917 3914
3921 3914
3918 3914
3914 3912
3916 3912
3915 3912
3912 3908
3908 3907
3907 3906
3913 3906
3906 3905
3905 3904
3911 3904
3910 3904
3904 3903
3903 3902
3902 3899
3909 3899
3901 3899
3900 3899
3899 3897
3898 3897
3896 3897
3895 3897
3897 3894
3894 3893
3893 3892
3890 3892
3888 3892
3887 3892
3892 3891
3891 3889
3886 3889
3889 3885
3883 3885
3880 3885
3885 3884
3878 3884
3884 3882
3882 3881
3881 3879
3877 3879
3879 3875
3876 3875
3871 3875
3869 3875
3868 3875
3875 3874
3865 3874
3874 3873
3873 3872
3872 3870
3870 3867
3867 3866
3862 3866
3859 3866
3866 3864
3858 3864
3864 3863
3863 3861
3855 3861
3861 3860
3860 3857
3852 3857
3857 3856
3856 3854
3851 3854
3847 3854
3846 3854
3854 3853
3845 3853
3853 3850
3850 3849
3849 3848
3848 3844
3843 3844
3842 3844
3844 3841
3836 3841
3835 3841
3841 3840
3834 3840
3833 3840
3830 3840
3840 3839
3825 3839
3822 3839
3819 3839
3817 3839
3839 3838
3838 3837
3837 3832
3832 3831
3831 3829
3829 3828
3814 3828
3828 3827
3827 3826
3810 3826
3826 3824
3809 3824
3808 3824
3807 3824
3805 3824
3804 3824
3824 3823
3823 3821
3821 3820
3820 3818
3818 3816
3802 3816
3816 3815
3815 3813
3813 3812
3812 3811
3798 3811
3811 3806
3806 3803
3803 3801
3801 3800
3796 3800
3800 3799
3795 3799
3799 3797
3797 3794
3794 3791
3791 3789
3793 3789
3789 3786
3792 3786
3790 3786
3788 3786
3787 3786
3784 3786
3783 3786
3786 3785
3782 3785
3781 3785
3780 3785
3779 3785
3785 3778
3778 3777
3776 3777
3777 3772
3775 3772
3772 3771
3774 3771
3771 3770
3770 3765
3765 3761
3761 3758
3758 3757
3757 3756
3773 3756
3756 3753
3769 3753
3768 3753
3767 3753
3766 3753
3753 3751
3764 3751
3763 3751
3751 3750
3750 3749
3749 3748
3762 3748
3748 3747
3760 3747
3759 3747
3755 3747
3747 3746
3746 3745
3754 3745
3745 3744
3744 3743
3752 3743
3741 3743
3743 3742
3742 3740
3740 3739
3739 3738
3737 3738
3735 3738
3738 3736
3732 3736
3736 3734
3734 3733
3733 3731
3731 3730
3730 3729
3727 3729
3729 3728
3728 3726
3726 3725
3725 3724
3724 3722
3723 3722
3720 3722
3722 3721
3718 3721
3716 3721
3721 3719
3719 3717
3717 3715
3709 3715
3715 3714
3714 3713
3713 3712
3712 3711
3705 3711
3711 3710
3710 3708
3703 3708
3708 3707
3707 3706
3702 3706
3706 3704
3701 3704
3704 3700
3700 3694
3694 3691
3699 3691
3698 3691
3697 3691
3691 3690
3696 3690
3690 3689
3689 3687
3695 3687
3693 3687
3687 3685
3692 3685
3688 3685
3686 3685
3685 3684
3684 3681
3683 3681
3681 3680
3682 3680
3680 3678
3678 3675
3675 3672
3672 3671
3679 3671
3677 3671
3676 3671
3674 3671
3673 3671
3669 3671
3671 3670
3667 3670
3670 3668
3665 3668
3663 3668
3668 3666
3666 3664
3662 3664
3659 3664
3658 3664
3657 3664
3664 3661
3655 3661
3654 3661
3661 3660
3660 3656
3652 3656
3656 3653
3653 3649
3649 3644
3651 3644
3650 3644
3648 3644
3647 3644
3646 3644
3645 3644
3643 3644
3644 3639
3639 3638
3642 3638
3641 3638
3638 3637
3637 3634
3634 3632
3640 3632
3632 3629
3636 3629
3635 3629
3629 3627
3627 3626
3633 3626
3626 3623
3623 3619
3631 3619
3619 3617
3617 3615
3630 3615
3615 3613
3628 3613
3625 3613
3613 3610
3610 3609
3624 3609
3622 3609
3609 3606
3621 3606
3606 3604
3620 3604
3618 3604
3616 3604
3614 3604
3604 3603
3603 3601
3612 3601
3601 3598
3611 3598
3598 3595
3595 3594
3594 3592
3592 3591
3591 3588
3608 3588
3588 3587
3607 3587
3605 3587
3587 3584
3584 3583
3583 3581
3581 3579
3602 3579
3579 3578
3600 3578
3599 3578
3597 3578
3578 3575
3596 3575
3575 3571
3571 3570
3570 3569
3569 3565
3565 3563
3563 3562
3593 3562
3562 3561
3590 3561
3589 3561
3586 3561
3561 3560
3560 3555
3585 3555
3582 3555
3555 3552
3580 3552
3552 3548
3548 3545
3577 3545
3545 3538
3576 3538
3574 3538
3573 3538
3538 3534
3572 3534
3568 3534
3567 3534
3534 3533
3533 3531
3566 3531
3564 3531
3531 3528
3559 3528
3558 3528
3528 3527
3527 3526
3557 3526
3556 3526
3526 3525
3525 3524
3524 3522
3554 3522
3553 3522
3551 3522
3522 3521
3550 3521
3549 3521
3547 3521
3521 3516
3516 3515
3515 3514
3514 3511
3511 3507
3507 3505
3546 3505
3544 3505
3505 3504
3543 3504
3542 3504
3541 3504
3540 3504
3504 3503
3503 3501
3539 3501
3537 3501
3501 3500
3500 3498
3536 3498
3535 3498
3532 3498
3498 3497
3497 3493
3530 3493
3493 3492
3529 3492
3492 3491
3491 3488
3523 3488
3488 3487
3487 3486
3486 3485
3485 3484
3484 3483
3520 3483
3483 3479
3479 3477
3519 3477
3477 3476
3518 3476
3476 3475
3517 3475
3513 3475
3512 3475
3510 3475
3475 3473
3473 3472
3509 3472
3472 3471
3471 3469
3508 3469
3469 3463
3463 3459
3506 3459
3459 3458
3458 3457
3502 3457
3457 3455
3499 3455
3455 3454
3496 3454
3495 3454
3494 3454
3454 3453
3490 3453
3453 3449
3449 3445
3445 3437
3437 3436
3489 3436
3482 3436
3436 3435
3481 3435
3480 3435
3478 3435
3474 3435
3435 3433
3470 3433
3468 3433
3433 3431
3467 3431
3431 3428
3466 3428
3465 3428
3428 3426
3426 3424
3424 3420
3464 3420
3462 3420
3420 3419
3419 3417
3461 3417
3460 3417
3456 3417
3452 3417
3417 3415
3451 3415
3415 3413
3450 3413
3448 3413
3447 3413
3446 3413
3444 3413
3413 3411
3443 3411
3442 3411
3411 3409
3441 3409
3409 3408
3440 3408
3439 3408
3438 3408
3434 3408
3432 3408
3408 3407
3407 3406
3430 3406
3406 3405
3429 3405
3405 3403
3427 3403
3403 3402
3402 3400
3425 3400
3423 3400
3422 3400
3421 3400
3418 3400
3416 3400
3400 3399
3399 3396
3414 3396
3396 3395
3395 3394
3412 3394
3394 3391
3410 3391
3391 3387
3387 3385
3385 3383
3404 3383
3401 3383
3383 3382
3398 3382
3397 3382
3393 3382
3392 3382
3382 3374
3374 3370
3370 3369
3369 3368
3390 3368
3368 3366
3366 3362
3389 3362
3388 3362
3386 3362
3384 3362
3362 3358
3358 3356
3381 3356
3356 3355
3380 3355
3379 3355
3355 3352
3352 3351
3351 3345
3345 3342
3378 3342
3377 3342
3342 3341
3341 3338
3376 3338
3338 3337
3337 3332
3332 3331
3375 3331
3373 3331
3372 3331
3331 3329
3371 3329
3329 3328
3328 3327
3367 3327
3365 3327
3327 3325
3364 3325
3325 3321
3363 3321
3321 3319
3361 3319
3360 3319
3359 3319
3357 3319
3319 3316
3316 3314
3314 3313
3354 3313
3353 3313
3313 3304
3304 3303
3303 3300
3350 3300
3349 3300
3300 3298
3348 3298
3347 3298
3346 3298
3344 3298
3343 3298
3340 3298
3298 3293
3293 3292
3339 3292
3292 3291
3291 3290
3290 3289
3289 3287
3336 3287
3287 3285
3285 3284
3284 3282
3335 3282
3334 3282
3333 3282
3330 3282
3282 3281
3281 3280
3326 3280
3324 3280
3280 3279
3323 3279
3322 3279
3320 3279
3318 3279
3317 3279
3279 3277
3277 3276
3276 3275
3315 3275
3275 3270
3312 3270
3311 3270
3310 3270
3270 3268
3268 3267
3309 3267
3267 3264
3264 3261
3261 3260
3308 3260
3260 3256
3307 3256
3256 3254
3306 3254
3305 3254
3302 3254
3254 3253
3253 3251
3301 3251
3299 3251
3297 3251
3296 3251
3251 3250
3295 3250
3294 3250
3288 3250
3250 3249
3286 3249
3283 3249
3278 3249
3249 3248
3274 3248
3273 3248
3248 3247
3247 3246
3246 3243
3243 3242
3272 3242
3271 3242
3242 3241
3269 3241
3241 3232
3232 3231
3266 3231
3231 3227
3265 3227
3227 3225
3263 3225
3262 3225
3225 3223
3259 3223
3223 3222
3222 3221
3258 3221
3221 3220
3257 3220
3220 3218
3218 3216
3216 3215
3215 3214
3214 3213
3213 3212
3255 3212
3252 3212
3245 3212
3212 3210
3244 3210
3210 3209
3240 3209
3209 3204
3204 3200
3239 3200
3238 3200
3200 3199
3237 3199
3199 3198
3236 3198
3198 3190
3190 3188
3235 3188
3234 3188
3188 3187
3187 3186
3186 3185
3185 3184
3233 3184
3230 3184
3229 3184
3184 3182
3182 3181
3228 3181
3181 3171
3226 3171
3224 3171
3171 3170
3219 3170
3170 3165
3165 3164
3164 3161
3161 3160
3217 3160
3211 3160
3160 3158
3208 3158
3207 3158
3158 3157
3206 3157
3157 3154
3154 3151
3151 3149
3205 3149
3149 3147
3147 3146
3203 3146
3146 3145
3202 3145
3201 3145
3197 3145
3145 3143
3143 3140
3196 3140
3195 3140
3140 3139
3194 3139
3193 3139
3192 3139
3191 3139
3189 3139
3139 3136
3183 3136
3180 3136
3179 3136
3136 3133
3133 3132
3132 3131
3178 3131
3131 3130
3177 3130
3130 3127
3176 3127
3175 3127
3174 3127
3173 3127
3127 3125
3172 3125
3125 3124
3124 3122
3122 3121
3169 3121
3168 3121
3121 3120
3167 3120
3166 3120
3120 3119
3119 3116
3116 3113
3113 3112
3163 3112
3112 3109
3162 3109
3159 3109
3109 3105
3156 3105
3105 3104
3104 3102
3102 3100
3155 3100
3100 3097
3153 3097
3097 3096
3096 3093
3093 3092
3092 3091
3152 3091
3150 3091
3148 3091
3091 3090
3090 3089
3089 3088
3088 3087
3087 3086
3086 3085
3144 3085
3142 3085
3141 3085
3085 3081
3138 3081
3081 3070
3137 3070
3070 3068
3135 3068
3068 3059
3134 3059
3129 3059
3059 3058
3128 3058
3126 3058
3058 3054
3054 3053
3123 3053
3118 3053
3053 3052
3117 3052
3052 3051
3051 3050
3115 3050
3114 3050
3050 3049
3049 3047
3111 3047
3110 3047
3047 3045
3108 3045
3045 3044
3044 3041
3041 3040
3040 3039
3107 3039
3106 3039
3103 3039
3101 3039
3039 3036
3099 3036
3098 3036
3095 3036
3036 3035
3035 3034
3034 3032
3032 3029
3029 3028
3094 3028
3028 3025
3084 3025
3083 3025
3025 3023
3082 3023
3080 3023
3023 3022
3079 3022
3022 3020
3078 3020
3077 3020
3076 3020
3020 3019
3019 3018
3018 3017
3017 3016
3075 3016
3074 3016
3073 3016
3072 3016
3071 3016
3016 3014
3069 3014
3014 3013
3067 3013
3066 3013
3013 3012
3065 3012
3064 3012
3063 3012
3012 3009
3062 3009
3061 3009
3060 3009
3057 3009
3056 3009
3009 3008
3055 3008
3008 3005
3005 3002
3002 3000
3048 3000
3000 2998
3046 2998
3043 2998
3042 2998
2998 2995
3038 2995
2995 2994
3037 2994
3033 2994
2994 2993
3031 2993
3030 2993
2993 2992
3027 2992
2992 2989
3026 2989
2989 2988
3024 2988
3021 2988
2988 2986
2986 2980
3015 2980
2980 2977
3011 2977
3010 2977
3007 2977
2977 2974
3006 2974
3004 2974
3003 2974
3001 2974
2999 2974
2974 2973
2973 2972
2997 2972
2972 2969
2969 2965
2996 2965
2991 2965
2965 2964
2990 2964
2987 2964
2964 2963
2985 2963
2984 2963
2983 2963
2982 2963
2963 2959
2981 2959
2979 2959
2978 2959
2976 2959
2959 2958
2975 2958
2971 2958
2970 2958
2968 2958
2958 2956
2967 2956
2966 2956
2962 2956
2956 2955
2955 2952
2961 2952
2960 2952
2957 2952
2952 2946
2946 2940
2954 2940
2940 2939
2939 2938
2938 2937
2937 2933
2933 2930
2930 2928
2953 2928
2951 2928
2928 2927
2950 2927
2949 2927
2948 2927
2947 2927
2945 2927
2927 2926
2926 2925
2944 2925
2943 2925
2925 2924
2942 2924
2924 2923
2923 2920
2941 2920
2920 2918
2918 2915
2936 2915
2915 2914
2935 2914
2934 2914
2914 2913
2913 2912
2932 2912
2931 2912
2929 2912
2912 2909
2922 2909
2921 2909
2919 2909
2909 2907
2917 2907
2916 2907
2911 2907
2910 2907
2908 2907
2906 2907
2905 2907
2904 2907
2903 2907
2907 2902
2902 2901
2900 2901
2901 2899
2898 2899
2899 2896
2897 2896
2893 2896
2896 2895
2895 2894
2892 2894
2894 2887
2887 2882
2891 2882
2890 2882
2882 2879
2889 2879
2879 2878
2888 2878
2886 2878
2885 2878
2884 2878
2878 2873
2873 2870
2870 2869
2883 2869
2881 2869
2869 2868
2880 2868
2868 2865
2877 2865
2876 2865
2875 2865
2865 2863
2863 2862
2874 2862
2862 2858
2872 2858
2871 2858
2867 2858
2866 2858
2864 2858
2858 2857
2857 2855
2861 2855
2860 2855
2855 2853
2859 2853
2856 2853
2853 2852
2852 2851
2854 2851
2851 2850
2849 2850
2850 2847
2847 2845
2848 2845
2846 2845
2845 2843
2844 2843
2842 2843
2843 2841
2841 2840
2838 2840
2840 2839
2837 2839
2836 2839
2839 2834
2835 2834
2834 2833
2831 2833
2830 2833
2827 2833
2825 2833
2833 2832
2823 2832
2832 2829
2822 2829
2829 2828
2828 2826
2820 2826
2819 2826
2817 2826
2826 2824
2824 2821
2812 2821
2810 2821
2809 2821
2821 2818
2818 2816
2816 2815
2815 2814
2814 2813
2813 2811
2808 2811
2811 2807
2800 2807
2807 2806
2796 2806
2806 2805
2805 2804
2794 2804
2792 2804
2804 2803
2803 2802
2802 2801
2801 2799
2791 2799
2799 2798
2787 2798
2798 2797
2783 2797
2781 2797
2797 2795
2795 2793
2793 2790
2780 2790
2779 2790
2790 2789
2789 2788
2788 2786
2778 2786
2786 2785
2777 2785
2775 2785
2774 2785
2773 2785
2772 2785
2771 2785
2785 2784
2784 2782
2770 2782
2769 2782
2782 2776
2776 2768
2768 2767
2765 2767
2767 2766
2763 2766
2757 2766
2756 2766
2766 2764
2754 2764
2752 2764
2764 2762
2762 2761
2761 2760
2760 2759
2759 2758
2758 2755
2755 2753
2753 2750
2750 2749
2749 2748
2751 2748
2748 2747
2746 2747
2745 2747
2747 2743
2743 2742
2744 2742
2741 2742
2742 2738
2740 2738
2739 2738
2737 2738
2736 2738
2734 2738
2731 2738
2738 2735
2735 2733
2733 2732
2730 2732
2729 2732
2732 2724
2724 2723
2723 2722
2728 2722
2722 2721
2721 2720
2720 2719
2719 2718
2727 2718
2726 2718
2718 2715
2715 2714
2725 2714
2717 2714
2714 2712
2712 2711
2716 2711
2711 2710
2710 2709
2709 2705
2713 2705
2705 2697
2697 2696
2708 2696
2707 2696
2706 2696
2696 2694
2704 2694
2703 2694
2702 2694
2701 2694
2700 2694
2699 2694
2694 2693
2693 2692
2698 2692
2695 2692
2692 2691
2691 2690
2690 2683
2689 2683
2683 2682
2688 2682
2682 2681
2681 2679
2687 2679
2679 2677
2677 2676
2676 2670
2670 2669
2686 2669
2685 2669
2669 2667
2667 2665
2665 2664
2664 2660
2684 2660
2680 2660
2678 2660
2660 2659
2675 2659
2674 2659
2673 2659
2659 2654
2654 2653
2653 2651
2651 2650
2672 2650
2650 2648
2648 2644
2644 2642
2642 2636
2636 2634
2634 2633
2671 2633
2668 2633
2633 2631
2631 2630
2666 2630
2630 2627
2663 2627
2662 2627
2661 2627
2658 2627
2627 2625
2657 2625
2625 2623
2656 2623
2623 2620
2655 2620
2620 2615
2652 2615
2615 2614
2614 2610
2649 2610
2610 2609
2609 2607
2647 2607
2607 2605
2646 2605
2605 2602
2645 2602
2643 2602
2641 2602
2640 2602
2602 2598
2598 2597
2597 2595
2595 2593
2639 2593
2638 2593
2593 2589
2589 2588
2588 2587
2587 2586
2637 2586
2586 2585
2635 2585
2632 2585
2629 2585
2585 2584
2584 2581
2628 2581
2626 2581
2581 2577
2577 2576
2624 2576
2576 2574
2574 2573
2573 2571
2571 2569
2622 2569
2621 2569
2619 2569
2618 2569
2569 2568
2568 2567
2617 2567
2567 2566
2616 2566
2613 2566
2612 2566
2611 2566
2608 2566
2606 2566
2604 2566
2566 2564
2603 2564
2564 2563
2563 2560
2601 2560
2560 2559
2600 2559
2599 2559
2596 2559
2594 2559
2592 2559
2591 2559
2559 2558
2558 2556
2590 2556
2583 2556
2582 2556
2580 2556
2556 2555
2555 2552
2552 2548
2579 2548
2548 2547
2547 2545
2578 2545
2575 2545
2545 2543
2572 2543
2543 2539
2570 2539
2539 2538
2565 2538
2538 2537
2537 2535
2535 2533
2562 2533
2533 2532
2561 2532
2532 2528
2557 2528
2528 2525
2525 2524
2524 2523
2554 2523
2523 2521
2553 2521
2551 2521
2550 2521
2521 2520
2549 2520
2520 2518
2546 2518
2518 2517
2544 2517
2517 2514
2542 2514
2541 2514
2540 2514
2536 2514
2514 2513
2513 2512
2534 2512
2512 2511
2531 2511
2530 2511
2529 2511
2527 2511
2511 2509
2509 2507
2507 2505
2526 2505
2505 2504
2504 2502
2522 2502
2502 2501
2519 2501
2501 2500
2516 2500
2500 2499
2499 2498
2498 2492
2515 2492
2492 2490
2510 2490
2490 2489
2508 2489
2489 2487
2506 2487
2503 2487
2497 2487
2487 2486
2496 2486
2495 2486
2494 2486
2493 2486
2491 2486
2486 2484
2488 2484
2484 2482
2482 2481
2485 2481
2481 2480
2480 2479
2483 2479
2478 2479
2479 2477
2476 2477
2475 2477
2472 2477
2470 2477
2477 2474
2474 2473
2473 2471
2471 2467
2467 2466
2469 2466
2468 2466
2466 2464
2464 2462
2465 2462
2463 2462
2461 2462
2459 2462
2457 2462
2462 2460
2460 2458
2456 2458
2455 2458
2458 2453
2453 2451
2451 2450
2454 2450
2450 2442
2442 2441
2441 2438
2438 2435
2435 2434
2452 2434
2449 2434
2434 2432
2448 2432
2432 2431
2431 2430
2447 2430
2446 2430
2430 2424
2424 2423
2423 2422
2445 2422
2422 2421
2421 2414
2444 2414
2443 2414
2440 2414
2414 2411
2439 2411
2411 2409
2437 2409
2436 2409
2433 2409
2429 2409
2409 2405
2428 2405
2405 2404
2427 2404
2426 2404
2425 2404
2404 2403
2420 2403
2419 2403
2403 2401
2401 2399
2399 2397
2397 2396
2396 2395
2418 2395
2395 2389
2389 2383
2383 2382
2417 2382
2382 2381
2416 2381
2415 2381
2413 2381
2381 2378
2412 2378
2410 2378
2408 2378
2407 2378
2406 2378
2402 2378
2378 2377
2400 2377
2377 2376
2398 2376
2376 2375
2394 2375
2375 2374
2393 2374
2374 2373
2392 2373
2391 2373
2390 2373
2388 2373
2387 2373
2373 2371
2386 2371
2385 2371
2371 2364
2384 2364
2380 2364
2364 2363
2379 2363
2363 2362
2362 2361
2372 2361
2361 2360
2360 2359
2370 2359
2369 2359
2368 2359
2367 2359
2359 2358
2366 2358
2365 2358
2357 2358
2356 2358
2355 2358
2358 2354
2353 2354
2352 2354
2354 2351
2349 2351
2345 2351
2351 2350
2343 2350
2341 2350
2338 2350
2337 2350
2350 2348
2336 2348
2348 2347
2335 2347
2347 2346
2346 2344
2344 2342
2334 2342
2333 2342
2342 2340
2340 2339
2339 2329
2332 2329
2329 2327
2327 2326
2326 2324
2324 2320
2331 2320
2320 2316
2330 2316
2328 2316
2325 2316
2323 2316
2322 2316
2321 2316
2316 2313
2319 2313
2313 2312
2312 2309
2309 2308
2318 2308
2317 2308
2308 2305
2315 2305
2305 2303
2303 2302
2314 2302
2302 2300
2300 2297
2311 2297
2297 2296
2296 2295
2310 2295
2307 2295
2306 2295
2304 2295
2301 2295
2299 2295
2298 2295
2295 2294
2292 2294
2294 2293
2291 2293
2293 2289
2290 2289
2288 2289
2289 2285
2287 2285
2285 2282
2286 2282
2282 2281
2281 2280
2280 2275
2284 2275
2283 2275
2279 2275
2278 2275
2277 2275
2275 2274
2276 2274
2271 2274
2268 2274
2266 2274
2274 2273
2273 2272
2272 2270
2270 2269
2265 2269
2269 2267
2267 2264
2264 2263
2263 2259
2259 2255
2262 2255
2261 2255
2260 2255
2258 2255
2257 2255
2255 2254
2254 2253
2253 2252
2252 2248
2256 2248
2248 2245
2245 2239
2239 2237
2251 2237
2250 2237
2237 2236
2249 2236
2247 2236
2246 2236
2236 2234
2234 2233
2233 2230
2230 2228
2244 2228
2243 2228
2228 2227
2242 2227
2241 2227
2240 2227
2227 2226
2226 2225
2238 2225
2235 2225
2225 2224
2224 2222
2222 2219
2232 2219
2231 2219
2229 2219
2219 2216
2223 2216
2216 2215
2221 2215
2220 2215
2218 2215
2215 2214
2217 2214
2214 2213
2210 2213
2209 2213
2207 2213
2206 2213
2213 2212
2205 2212
2198 2212
2212 2211
2197 2211
2196 2211
2195 2211
2194 2211
2193 2211
2211 2208
2208 2204
2204 2203
2191 2203
2203 2202
2190 2202
2189 2202
2185 2202
2202 2201
2201 2200
2182 2200
2174 2200
2173 2200
2172 2200
2200 2199
2171 2199
2199 2192
2192 2188
2170 2188
2188 2187
2187 2186
2186 2184
2184 2183
2183 2181
2181 2180
2167 2180
2180 2179
2179 2178
2165 2178
2159 2178
2178 2177
2177 2176
2176 2175
2175 2169
2169 2168
2157 2168
2156 2168
2168 2166
2154 2166
2153 2166
2166 2164
2164 2163
2163 2162
2151 2162
2162 2161
2161 2160
2160 2158
2150 2158
2158 2155
2155 2152
2149 2152
2148 2152
2147 2152
2146 2152
2139 2152
2138 2152
2152 2145
2145 2144
2144 2143
2143 2142
2137 2142
2136 2142
2142 2141
2135 2141
2141 2140
2140 2134
2134 2132
2132 2131
2133 2131
2131 2129
2130 2129
2129 2127
2128 2127
2127 2126
2125 2126
2126 2123
2124 2123
2121 2123
2120 2123
2119 2123
2123 2122
2118 2122
2122 2110
2110 2109
2109 2108
2117 2108
2108 2107
2107 2101
2116 2101
2115 2101
2101 2099
2114 2099
2099 2098
2098 2096
2096 2093
2093 2092
2113 2092
2112 2092
2092 2090
2111 2090
2106 2090
2090 2085
2105 2085
2104 2085
2085 2084
2084 2083
2103 2083
2083 2082
2102 2082
2082 2079
2100 2079
2097 2079
2079 2078
2095 2078
2094 2078
2091 2078
2089 2078
2078 2077
2088 2077
2087 2077
2077 2076
2086 2076
2081 2076
2076 2075
2075 2073
2080 2073
2074 2073
2068 2073
2073 2072
2066 2072
2072 2071
2071 2070
2070 2069
2069 2067
2067 2065
2063 2065
2065 2064
2062 2064
2060 2064
2064 2061
2058 2061
2061 2059
2059 2053
2053 2052
2057 2052
2056 2052
2055 2052
2052 2051
2054 2051
2050 2051
2049 2051
2051 2048
2048 2047
2042 2047
2039 2047
2037 2047
2047 2046
2036 2046
2035 2046
2046 2045
2045 2044
2034 2044
2044 2043
2033 2043
2027 2043
2043 2041
2041 2040
2024 2040
2040 2038
2038 2032
2022 2032
2020 2032
2032 2031
2016 2031
2009 2031
2031 2030
2006 2030
2030 2029
1998 2029
2029 2028
2028 2026
2026 2025
1991 2025
1990 2025
2025 2023
1989 2023
1987 2023
2023 2021
1986 2021
2021 2019
2019 2018
1985 2018
2018 2017
2017 2015
2015 2014
1984 2014
2014 2013
1981 2013
2013 2012
2012 2011
2011 2010
1976 2010
1975 2010
2010 2008
2008 2007
1974 2007
2007 2005
1972 2005
1969 2005
1968 2005
2005 2004
2004 2003
2003 2002
1967 2002
2002 2001
1966 2001
2001 2000
2000 1999
1999 1997
1965 1997
1997 1996
1996 1995
1964 1995
1960 1995
1959 1995
1995 1994
1994 1993
1993 1992
1992 1988
1958 1988
1988 1983
1983 1982
1957 1982
1982 1980
1980 1979
1956 1979
1979 1978
1953 1978
1978 1977
1950 1977
1977 1973
1973 1971
1971 1970
1949 1970
1970 1963
1946 1963
1963 1962
1962 1961
1945 1961
1961 1955
1943 1955
1942 1955
1955 1954
1940 1954
1954 1952
1952 1951
1951 1948
1948 1947
1947 1944
1944 1941
1936 1941
1932 1941
1941 1939
1931 1939
1939 1938
1930 1938
1926 1938
1924 1938
1922 1938
1920 1938
1938 1937
1937 1935
1918 1935
1935 1934
1934 1933
1933 1929
1929 1928
1928 1927
1927 1925
1925 1923
1923 1921
1915 1921
1921 1919
1912 1919
1908 1919
1919 1917
1917 1916
1906 1916
1905 1916
1903 1916
1916 1914
1914 1913
1901 1913
1913 1911
1899 1911
1911 1910
1898 1910
1910 1909
1909 1907
1897 1907
1907 1904
1896 1904
1904 1902
1895 1902
1902 1900
1900 1894
1890 1894
1889 1894
1886 1894
1894 1893
1885 1893
1893 1892
1882 1892
1879 1892
1892 1891
1877 1891
1891 1888
1876 1888
1888 1887
1875 1887
1887 1884
1884 1883
1873 1883
1883 1881
1881 1880
1880 1878
1878 1874
1872 1874
1871 1874
1870 1874
1869 1874
1874 1867
1868 1867
1867 1866
1865 1866
1863 1866
1866 1864
1862 1864
1864 1858
1858 1856
1861 1856
1860 1856
1856 1855
1855 1854
1859 1854
1854 1853
1853 1852
1857 1852
1849 1852
1852 1851
1846 1851
1845 1851
1851 1850
1843 1850
1842 1850
1850 1848
1848 1847
1847 1844
1844 1840
1841 1840
1840 1836
1839 1836
1838 1836
1837 1836
1835 1836
1829 1836
1836 1834
1824 1834
1823 1834
1834 1833
1822 1833
1833 1832
1821 1832
1832 1831
1819 1831
1817 1831
1831 1830
1830 1828
1828 1827
1827 1826
1826 1825
1825 1820
1815 1820
1820 1818
1818 1816
1813 1816
1816 1814
1814 1812
1812 1807
1807 1802
1811 1802
1810 1802
1802 1800
1800 1799
1809 1799
1799 1794
1808 1794
1806 1794
1794 1788
1805 1788
1804 1788
1803 1788
1801 1788
1798 1788
1797 1788
1788 1785
1796 1785
1795 1785
1793 1785
1785 1783
1783 1780
1780 1776
1776 1775
1775 1772
1792 1772
1791 1772
1790 1772
1789 1772
1772 1770
1770 1762
1787 1762
1762 1760
1760 1758
1758 1757
1786 1757
1784 1757
1782 1757
1781 1757
1757 1756
1756 1754
1754 1753
1779 1753
1753 1752
1752 1751
1778 1751
1751 1750
1750 1747
1747 1745
1777 1745
1745 1741
1774 1741
1741 1738
1773 1738
1771 1738
1738 1736
1769 1736
1736 1735
1735 1734
1768 1734
1767 1734
1734 1733
1766 1733
1733 1730
1730 1729
1729 1725
1725 1724
1724 1723
1765 1723
1764 1723
1723 1720
1763 1720
1720 1719
1719 1718
1718 1717
1717 1711
1761 1711
1711 1709
1759 1709
1709 1707
1707 1706
1706 1705
1705 1703
1703 1702
1702 1699
1755 1699
1749 1699
1699 1697
1748 1697
1746 1697
1697 1696
1744 1696
1743 1696
1742 1696
1696 1691
1740 1691
1691 1690
1739 1690
1737 1690
1732 1690
1731 1690
1728 1690
1727 1690
1726 1690
1722 1690
1690 1688
1721 1688
1716 1688
1688 1686
1686 1685
1685 1684
1715 1684
1714 1684
1713 1684
1684 1682
1682 1676
1676 1673
1712 1673
1710 1673
1708 1673
1704 1673
1701 1673
1700 1673
1698 1673
1695 1673
1694 1673
1673 1666
1666 1665
1693 1665
1692 1665
1689 1665
1665 1664
1664 1662
1687 1662
1662 1660
1660 1659
1683 1659
1681 1659
1680 1659
1659 1658
1679 1658
1678 1658
1677 1658
1658 1655
1655 1651
1651 1650
1650 1647
1675 1647
1647 1646
1646 1644
1644 1643
1643 1641
1674 1641
1641 1639
1672 1639
1671 1639
1639 1638
1670 1638
1638 1635
1669 1635
1635 1633
1633 1632
1632 1631
1631 1630
1668 1630
1667 1630
1630 1629
1629 1628
1628 1626
1663 1626
1626 1622
1622 1621
1621 1619
1661 1619
1657 1619
1619 1616
1656 1616
1654 1616
1616 1615
1615 1613
1653 1613
1652 1613
1613 1611
1611 1608
1649 1608
1608 1606
1606 1604
1648 1604
1604 1603
1645 1603
1603 1599
1599 1597
1597 1594
1594 1592
1642 1592
1592 1591
1640 1591
1637 1591
1591 1590
1590 1589
1636 1589
1589 1588
1634 1588
1588 1585
1585 1582
1627 1582
1625 1582
1582 1580
1580 1579
1579 1577
1624 1577
1577 1575
1623 1575
1620 1575
1618 1575
1617 1575
1575 1573
1614 1573
1612 1573
1610 1573
1573 1571
1571 1570
1609 1570
1607 1570
1605 1570
1570 1566
1566 1563
1563 1561
1602 1561
1561 1559
1601 1559
1559 1558
1558 1557
1600 1557
1557 1554
1598 1554
1554 1552
1552 1551
1551 1549
1549 1547
1547 1546
1546 1545
1545 1542
1596 1542
1595 1542
1593 1542
1542 1541
1587 1541
1586 1541
1584 1541
1541 1537
1583 1537
1581 1537
1578 1537
1576 1537
1537 1536
1574 1536
1572 1536
1569 1536
1568 1536
1567 1536
1565 1536
1564 1536
1562 1536
1560 1536
1536 1534
1556 1534
1534 1528
1528 1526
1526 1525
1555 1525
1553 1525
1550 1525
1525 1523
1523 1518
1548 1518
1518 1516
1516 1515
1515 1514
1544 1514
1514 1513
1543 1513
1513 1508
1540 1508
1539 1508
1538 1508
1508 1507
1507 1505
1535 1505
1533 1505
1532 1505
1531 1505
1530 1505
1529 1505
1505 1501
1501 1500
1500 1499
1527 1499
1524 1499
1522 1499
1499 1498
1521 1498
1520 1498
1519 1498
1498 1494
1517 1494
1512 1494
1494 1493
1511 1493
1493 1492
1492 1490
1510 1490
1490 1489
1509 1489
1489 1488
1506 1488
1504 1488
1488 1486
1503 1486
1502 1486
1497 1486
1496 1486
1495 1486
1486 1484
1484 1483
1483 1481
1481 1480
1480 1479
1491 1479
1487 1479
1479 1473
1485 1473
1482 1473
1473 1472
1478 1472
1472 1470
1470 1469
1477 1469
1476 1469
1475 1469
1469 1468
1474 1468
1468 1467
1471 1467
1466 1467
1467 1459
1459 1458
1458 1455
1455 1453
1453 1448
1448 1446
1465 1446
1464 1446
1463 1446
1446 1437
1462 1437
1461 1437
1437 1435
1460 1435
1435 1433
1457 1433
1456 1433
1433 1432
1432 1431
1454 1431
1431 1429
1429 1428
1428 1427
1427 1425
1425 1424
1424 1423
1452 1423
1451 1423
1450 1423
1449 1423
1423 1422
1447 1422
1445 1422
1444 1422
1422 1421
1443 1421
1442 1421
1421 1414
1441 1414
1414 1413
1413 1410
1440 1410
1439 1410
1438 1410
1436 1410
1434 1410
1410 1409
1430 1409
1426 1409
1420 1409
1409 1406
1406 1405
1405 1403
1419 1403
1418 1403
1417 1403
1416 1403
1403 1402
1402 1398
1398 1397
1397 1396
1415 1396
1412 1396
1396 1394
1394 1393
1411 1393
1408 1393
1393 1392
1392 1391
1407 1391
1404 1391
1401 1391
1400 1391
1391 1390
1390 1389
1389 1386
1399 1386
1395 1386
1388 1386
1386 1384
1387 1384
1384 1382
1385 1382
1383 1382
1381 1382
1380 1382
1382 1375
1375 1374
1374 1373
1373 1372
1379 1372
1372 1371
1378 1371
1377 1371
1376 1371
1370 1371
1371 1369
1368 1369
1369 1367
1364 1367
1367 1366
1366 1365
1365 1355
1363 1355
1362 1355
1355 1354
1361 1354
1354 1353
1360 1353
1359 1353
1358 1353
1353 1350
1350 1349
1357 1349
1356 1349
1352 1349
1351 1349
1347 1349
1341 1349
1349 1348
1348 1346
1340 1346
1337 1346
1335 1346
1334 1346
1332 1346
1330 1346
1346 1345
1329 1345
1328 1345
1345 1344
1326 1344
1344 1343
1343 1342
1342 1339
1339 1338
1338 1336
1336 1333
1325 1333
1333 1331
1323 1331
1331 1327
1322 1327
1327 1324
1324 1320
1320 1318
1318 1317
1321 1317
1317 1314
1319 1314
1314 1313
1316 1313
1315 1313
1313 1312
1311 1312
1312 1310
1310 1309
1304 1309
1303 1309
1309 1308
1308 1307
1302 1307
1301 1307
1293 1307
1290 1307
1307 1306
1306 1305
1305 1300
1287 1300
1286 1300
1284 1300
1300 1299
1283 1299
1299 1298
1281 1298
1280 1298
1277 1298
1276 1298
1275 1298
1274 1298
1298 1297
1297 1296
1296 1295
1295 1294
1273 1294
1271 1294
1294 1292
1270 1292
1292 1291
1291 1289
1269 1289
1289 1288
1288 1285
1265 1285
1259 1285
1285 1282
1258 1282
1282 1279
1256 1279
1279 1278
1254 1278
1249 1278
1248 1278
1278 1272
1272 1268
1268 1267
1247 1267
1267 1266
1266 1264
1264 1263
1245 1263
1244 1263
1240 1263
1263 1262
1262 1261
1239 1261
1238 1261
1261 1260
1236 1260
1233 1260
1224 1260
1222 1260
1215 1260
1208 1260
1207 1260
1202 1260
1200 1260
1199 1260
1198 1260
1195 1260
1260 1257
1194 1257
1191 1257
1190 1257
1257 1255
1255 1253
1253 1252
1189 1252
1188 1252
1186 1252
1180 1252
1252 1251
1251 1250
1179 1250
1178 1250
1250 1246
1246 1243
1177 1243
1175 1243
1243 1242
1174 1242
1173 1242
1242 1241
1171 1241
1241 1237
1237 1235
1169 1235
1168 1235
1235 1234
1234 1232
1232 1231
1167 1231
1166 1231
1165 1231
1231 1230
1164 1230
1163 1230
1162 1230
1230 1229
1229 1228
1161 1228
1160 1228
1228 1227
1159 1227
1157 1227
1227 1226
1155 1226
1226 1225
1148 1225
1225 1223
1223 1221
1145 1221
1143 1221
1142 1221
1140 1221
1135 1221
1132 1221
1221 1220
1220 1219
1219 1218
1131 1218
1218 1217
1217 1216
1130 1216
1125 1216
1121 1216
1216 1214
1119 1214
1118 1214
1116 1214
1214 1213
1213 1212
1212 1211
1115 1211
1211 1210
1113 1210
1210 1209
1112 1209
1209 1206
1111 1206
1206 1205
1110 1205
1109 1205
1205 1204
1204 1203
1106 1203
1105 1203
1104 1203
1203 1201
1102 1201
1101 1201
1201 1197
1197 1196
1196 1193
1100 1193
1193 1192
1099 1192
1093 1192
1092 1192
1091 1192
1192 1187
1090 1187
1088 1187
1187 1185
1185 1184
1086 1184
1081 1184
1184 1183
1183 1182
1182 1181
1080 1181
1181 1176
1176 1172
1172 1170
1076 1170
1170 1158
1158 1156
1075 1156
1072 1156
1156 1154
1154 1153
1070 1153
1069 1153
1067 1153
1066 1153
1065 1153
1153 1152
1064 1152
1061 1152
1152 1151
1060 1151
1058 1151
1151 1150
1150 1149
1149 1147
1057 1147
1055 1147
1053 1147
1147 1146
1146 1144
1051 1144
1049 1144
1144 1141
1044 1141
1043 1141
1141 1139
1139 1138
1138 1137
1137 1136
1136 1134
1040 1134
1039 1134
1035 1134
1134 1133
1133 1129
1034 1129
1129 1128
1032 1128
1030 1128
1128 1127
1127 1126
1029 1126
1126 1124
1028 1124
1124 1123
1123 1122
1122 1120
1025 1120
1022 1120
1020 1120
1017 1120
1016 1120
1014 1120
1013 1120
1120 1117
1117 1114
1114 1108
1012 1108
1011 1108
1009 1108
1008 1108
1006 1108
1003 1108
997 1108
995 1108
1108 1107
993 1107
989 1107
986 1107
1107 1103
985 1103
983 1103
982 1103
980 1103
977 1103
971 1103
1103 1098
970 1098
1098 1097
967 1097
964 1097
961 1097
1097 1096
958 1096
1096 1095
1095 1094
1094 1089
956 1089
954 1089
1089 1087
1087 1085
953 1085
1085 1084
1084 1083
1083 1082
1082 1079
952 1079
950 1079
949 1079
946 1079
1079 1078
1078 1077
941 1077
940 1077
1077 1074
1074 1073
938 1073
1073 1071
1071 1068
1068 1063
936 1063
935 1063
1063 1062
1062 1059
934 1059
1059 1056
933 1056
930 1056
1056 1054
1054 1052
1052 1050
1050 1048
1048 1047
1047 1046
1046 1045
1045 1042
929 1042
928 1042
1042 1041
1041 1038
927 1038
1038 1037
926 1037
1037 1036
925 1036
923 1036
1036 1033
922 1033
917 1033
910 1033
1033 1031
1031 1027
1027 1026
1026 1024
906 1024
905 1024
903 1024
1024 1023
1023 1021
1021 1019
902 1019
900 1019
1019 1018
898 1018
895 1018
1018 1015
1015 1010
893 1010
892 1010
888 1010
1010 1007
886 1007
1007 1005
882 1005
879 1005
1005 1004
1004 1002
874 1002
1002 1001
872 1001
870 1001
868 1001
1001 1000
865 1000
864 1000
863 1000
1000 999
999 998
998 996
996 994
994 992
992 991
859 991
991 990
858 990
854 990
853 990
990 988
988 987
987 984
852 984
984 981
981 979
979 978
851 978
978 976
847 976
976 975
975 974
974 973
973 972
972 969
969 968
846 968
844 968
968 966
966 965
843 965
965 963
842 963
963 962
962 960
960 959
959 957
840 957
957 955
955 951
951 948
839 948
838 948
948 947
947 945
836 945
945 944
944 943
835 943
943 942
834 942
942 939
831 939
939 937
937 932
932 931
931 924
924 921
829 921
921 920
920 919
826 919
919 918
825 918
918 916
824 916
916 915
822 915
820 915
819 915
816 915
915 914
914 913
913 912
912 911
911 909
909 908
908 907
807 907
806 907
907 904
805 904
904 901
901 899
804 899
799 899
899 897
897 896
797 896
792 896
791 896
896 894
894 891
891 890
890 889
789 889
889 887
788 887
887 885
787 885
885 884
786 884
785 884
884 883
783 883
883 881
781 881
881 880
779 880
880 878
777 878
775 878
773 878
878 877
877 876
876 875
771 875
770 875
764 875
875 873
761 873
759 873
873 871
758 871
871 869
755 869
754 869
869 867
753 867
867 866
752 866
866 862
751 862
750 862
862 861
861 860
748 860
860 857
857 856
856 855
747 855
745 855
855 850
850 849
849 848
848 845
744 845
743 845
742 845
845 841
741 841
841 837
837 833
740 833
737 833
736 833
735 833
733 833
731 833
833 832
832 830
728 830
830 828
828 827
827 823
823 821
727 821
726 821
821 818
725 818
724 818
721 818
818 817
817 815
720 815
717 815
815 814
814 813
716 813
713 813
712 813
813 812
812 811
711 811
710 811
709 811
811 810
810 809
809 808
808 803
803 802
802 801
801 800
707 800
800 798
706 798
704 798
702 798
798 796
796 795
795 794
794 793
793 790
701 790
790 784
700 784
784 782
782 780
780 778
778 776
776 774
699 774
774 772
698 772
772 769
769 768
696 768
768 767
695 767
693 767
767 766
691 766
688 766
766 765
765 763
687 763
763 762
762 760
760 757
686 757
757 756
756 749
749 746
681 746
746 739
680 739
739 738
738 734
679 734
677 734
734 732
732 730
730 729
729 723
675 723
723 722
674 722
673 722
722 719
719 718
669 718
666 718
665 718
718 715
662 715
715 714
661 714
660 714
659 714
714 708
658 708
657 708
656 708
708 705
654 705
705 703
703 697
651 697
647 697
646 697
697 694
694 692
692 690
644 690
690 689
643 689
637 689
689 685
685 684
636 684
635 684
684 683
633 683
632 683
683 682
682 678
631 678
678 676
676 672
630 672
629 672
672 671
671 670
628 670
627 670
670 668
625 668
623 668
668 667
622 667
621 667
619 667
618 667
616 667
615 667
667 664
664 663
614 663
613 663
611 663
663 655
610 655
655 653
653 652
609 652
652 650
607 650
650 649
649 648
604 648
648 645
603 645
645 642
642 641
602 641
641 640
640 639
639 638
600 638
638 634
598 634
597 634
634 626
626 624
596 624
595 624
624 620
594 620
591 620
620 617
617 612
590 612
589 612
612 608
608 606
588 606
606 605
587 605
585 605
584 605
578 605
577 605
574 605
572 605
571 605
605 601
601 599
569 599
567 599
562 599
561 599
599 593
593 592
592 586
560 586
559 586
558 586
557 586
586 583
552 583
550 583
583 582
549 582
543 582
542 582
539 582
538 582
582 581
536 581
533 581
581 580
532 580
531 580
528 580
580 579
579 576
527 576
526 576
576 575
521 575
575 573
573 570
570 568
568 566
566 565
565 564
519 564
564 563
563 556
516 556
556 555
555 554
514 554
512 554
511 554
554 553
553 551
510 551
551 548
509 548
548 547
547 546
546 545
506 545
505 545
545 544
504 544
503 544
544 541
541 540
540 537
537 535
500 535
535 534
498 534
496 534
493 534
534 530
530 529
492 529
529 525
525 524
524 523
523 522
491 522
487 522
522 520
481 520
480 520
479 520
475 520
469 520
468 520
520 518
464 518
518 517
517 515
461 515
460 515
515 513
457 513
453 513
452 513
513 508
450 508
449 508
448 508
508 507
507 502
447 502
502 501
441 501
439 501
501 499
437 499
435 499
434 499
499 497
433 497
431 497
497 495
495 494
429 494
494 490
427 490
426 490
490 489
489 488
488 486
425 486
424 486
423 486
486 485
422 485
420 485
419 485
418 485
485 484
416 484
484 483
414 483
413 483
483 482
410 482
482 478
478 477
477 476
409 476
408 476
476 474
407 474
474 473
473 472
406 472
403 472
472 471
471 470
402 470
399 470
398 470
396 470
394 470
470 467
467 466
391 466
466 465
465 463
463 462
462 459
459 458
388 458
458 456
456 455
386 455
455 454
454 451
451 446
446 445
445 444
444 443
385 443
384 443
443 442
442 440
383 440
440 438
379 438
438 436
378 436
436 432
432 430
430 428
377 428
428 421
376 421
421 417
374 417
373 417
369 417
365 417
364 417
417 415
415 412
412 411
363 411
411 405
362 405
405 404
360 404
358 404
355 404
404 401
353 401
401 400
400 397
351 397
397 395
395 393
393 392
392 390
350 390
348 390
347 390
346 390
345 390
343 390
340 390
390 389
389 387
339 387
387 382
382 381
338 381
336 381
381 380
335 380
380 375
375 372
334 372
332 372
331 372
328 372
372 371
327 371
371 370
370 368
326 368
368 367
321 367
367 366
320 366
319 366
366 361
361 359
314 359
359 357
312 357
311 357
309 357
357 356
356 354
354 352
308 352
352 349
306 349
349 344
305 344
304 344
344 342
303 342
302 342
301 342
300 342
299 342
298 342
342 341
341 337
337 333
333 330
296 330
330 329
292 329
290 329
329 325
325 324
324 323
289 323
323 322
322 318
287 318
318 317
286 317
285 317
281 317
317 316
280 316
316 315
315 313
313 310
278 310
310 307
307 297
275 297
297 295
271 295
295 294
294 293
268 293
293 291
263 291
259 291
258 291
257 291
291 288
288 284
256 284
284 283
283 282
255 282
282 279
253 279
252 279
250 279
279 277
249 277
247 277
277 276
246 276
245 276
276 274
274 273
240 273
239 273
238 273
273 272
272 270
237 270
236 270
270 269
269 267
267 266
235 266
234 266
233 266
266 265
265 264
264 262
262 261
261 260
232 260
230 260
229 260
260 254
254 251
251 248
248 244
244 243
243 242
228 242
226 242
242 241
241 231
225 231
231 227
227 222
222 220
224 220
223 220
220 219
219 218
221 218
218 217
213 217
217 216
216 215
212 215
211 215
209 215
207 215
215 214
214 210
210 208
208 204
204 202
206 202
205 202
203 202
202 201
201 198
198 197
197 196
200 196
196 192
199 192
192 191
191 190
190 189
195 189
189 188
194 188
193 188
188 187
187 182
182 181
181 180
186 180
185 180
184 180
180 178
183 178
179 178
178 177
177 176
173 176
176 175
172 175
170 175
167 175
166 175
165 175
164 175
163 175
162 175
175 174
159 174
174 171
171 169
169 168
155 168
154 168
150 168
148 168
168 161
147 161
161 160
145 160
142 160
160 158
140 158
138 158
136 158
158 157
134 157
157 156
133 156
131 156
156 153
153 152
152 151
130 151
128 151
151 149
127 149
125 149
123 149
122 149
149 146
146 144
144 143
117 143
143 141
141 139
139 137
137 135
135 132
114 132
113 132
110 132
109 132
132 129
129 126
106 126
101 126
126 124
124 121
99 121
121 120
120 119
119 118
98 118
97 118
95 118
94 118
118 116
116 115
92 115
115 112
112 111
111 108
108 107
107 105
91 105
105 104
104 103
89 103
88 103
87 103
103 102
85 102
102 100
84 100
100 96
82 96
96 93
80 93
93 90
90 86
86 83
83 81
81 79
79 78
78 77
77 76
74 76
76 75
70 75
75 73
73 72
72 71
71 69
68 69
67 69
64 69
59 69
69 66
66 65
57 65
56 65
65 63
55 63
63 62
62 61
53 61
50 61
49 61
44 61
42 61
61 60
41 60
60 58
58 54
40 54
54 52
38 52
52 51
37 51
51 48
35 48
48 47
47 46
46 45
32 45
31 45
45 43
43 39
39 36
36 34
34 33
33 30
27 30
22 30
30 29
29 28
21 28
20 28
18 28
17 28
15 28
28 26
13 26
26 25
25 24
10 24
8 24
24 23
23 19
19 16
5 16
16 14
14 12
12 11
4 11
3 11
2 11
11 9
9 7
7 6
6 1
1 0
