9999 9998
5488 6765
878 7526
1887 4498
396 6948
4731 6307
2356 8139
2464 9179
4462 7541
4867 5693
4291 7597
3962 7684
2043 5241
5832 9273
7613 9450
1994 2891
2989 6154
3786 9121
357 9916
8106 9949
1553 8558
1835 5449
797 6976
2301 3867
2114 2610
2769 3405
189 1075
4717 6910
5420 9879
1656 2188
1012 4549
1867 5224
684 1141
880 8232
3145 8464
3475 6358
2234 5317
947 6411
2464 3908
921 9024
6135 8528
4340 6654
4597 7278
2913 4270
6139 6378
2980 3620
3709 9013
3664 8101
555 4798
815 7154
4140 9859
3800 4462
7530 9196
1536 9776
907 3408
1500 7804
6308 7954
6432 7953
4055 5353
3068 3964
2602 5086
3972 8308
9369 9833
8612 9657
981 7782
2322 9551
3227 6347
6434 7253
2554 5025
522 8630
745 5937
4103 6611
4362 7011
1222 6998
1529 8328
3501 9742
6148 7881
4756 5937
1445 7110
915 6825
3575 7982
3028 6240
4980 5650
5838 7120
3329 5198
4018 5797
260 8920
1147 5177
4057 4466
1205 1799
2895 9492
1170 5573
887 8008
724 4009
668 818
5669 7051
5238 7994
5004 6078
739 5919
4087 4172
3786 9198
2543 4210
1965 9293
1692 2175
4534 6400
3400 5625
2028 9395
1621 8359
2274 2490
6128 9553
6750 9456
3396 9950
6766 6942
4135 6525
2405 8019
5132 7319
4199 9929
5509 8480
1294 6011
511 5554
2512 4588
465 8555
3509 9602
690 1307
7125 7266
6529 9576
1603 7203
4241 9770
3125 6256
2652 5274
5579 9153
1501 8932
8344 8366
3040 4728
6948 9877
1549 5411
1655 4990
3205 9417
605 1018
2734 6576
216 9905
614 4847
1528 7448
1696 4781
766 2167
1590 7357
8421 9150
1286 3453
6763 8280
3650 4761
6709 7258
6746 7100
7843 9947
8350 8607
1615 8208
4536 6049
6636 8686
672 4840
2354 5503
659 8996
4547 8138
3595 6257
4752 8792
3824 8657
3027 3121
1788 5020
630 3109
7378 9957
495 5939
4126 4128
4152 9479
4875 9147
1250 7922
4709 7430
7629 7667
2911 7997
2896 8953
1 4808
4887 4977
682 3601
855 1213
6409 7367
6281 9966
1153 3980
4594 5222
7517 9540
11 1785
1260 5035
1318 8655
763 7019
2383 2827
1488 4601
2275 9834
2764 3493
1495 8416
4008 9899
357 5879
5403 8653
2254 2988
3920 7654
3285 9609
746 2291
437 3545
7102 8003
2738 8065
2956 5891
3957 7989
1010 9166
5944 9900
5393 7460
5495 9236
8606 9460
4007 4558
4093 7133
2566 8497
2869 2929
638 3634
714 2359
5303 9695
2520 9777
4050 4387
476 9088
2792 6652
7173 8385
3087 8905
1746 9962
6156 8256
411 5406
6158 6852
4845 8115
1349 2269
1190 4041
7816 8258
2119 8410
5021 8381
2582 4223
2129 9668
1832 7982
865 1697
6885 9403
2181 9510
753 9064
5226 7063
3223 4401
4763 8449
3072 6357
2297 7445
6237 8278
2712 8537
1374 5369
1018 6352
6360 9403
4121 5503
548 5299
4687 5128
9069 9829
2925 7165
6305 8489
2705 6762
903 5953
1631 8862
5119 9867
3025 3747
5552 7704
4302 4856
1367 9578
4625 6302
316 4401
1591 9807
573 8709
287 1114
1153 4127
422 6162
220 810
2581 3807
4193 7205
9295 9651
2082 6259
2818 6805
3303 9334
481 3492
6384 8505
3668 7585
6328 9209
5042 9142
0 798
4118 8970
3249 3444
4371 8201
4841 9846
829 3555
3644 4809
5162 9223
284 8144
4935 8111
2790 4188
6737 7260
1785 2930
1393 9853
6005 9201
2143 3918
6558 7199
5193 6094
472 7633
5377 7422
913 2975
744 6308
2696 3416
2127 5953
149 7854
3256 6471
2625 9759
528 2019
1141 4414
5438 9520
4548 4577
1728 5394
1670 6014
7059 7081
7270 7464
2659 7355
851 5343
2653 7994
4492 6835
2967 7383
3869 5958
3092 9609
224 7813
5806 7761
6757 8595
5796 8498
7309 8642
2864 9953
7082 7304
1355 1610
3154 6893
2722 7263
63 2363
2821 7534
1442 2131
5156 9376
2490 7397
2720 3198
534 4472
1711 8041
556 6024
857 5189
1933 2008
5744 9661
5135 9888
5020 6767
656 4454
4318 7864
881 7001
6879 7294
5996 8696
1925 9660
1410 8745
4165 7319
1107 6676
3689 8000
1660 3267
4059 6284
3584 7850
1050 6035
2574 6696
3726 9005
1722 9246
1788 8478
5679 9154
4122 5165
188 2627
5910 7656
7330 8284
4665 4754
2603 4482
2381 3464
3743 5309
1087 2876
1038 3016
918 5939
5838 8529
6769 6961
1261 5022
2927 4708
1381 4794
501 6839
2146 2169
1832 4872
1917 9151
2200 6478
4665 7447
8176 9051
4238 4497
3320 6593
1639 9921
326 2845
631 4684
2976 6808
1343 1479
6317 7658
5328 6739
168 9018
5632 6327
100 800
3557 9625
2212 2732
949 6748
2295 4338
7558 9210
624 3945
4630 5033
583 4979
7575 9507
5445 8555
6995 7011
4008 6900
1947 9654
4983 9956
377 3526
2409 9550
4477 7993
430 7744
1243 6507
102 7749
2799 2877
1978 7561
7054 8933
7871 8920
7432 8938
3364 5150
3771 8858
8207 8354
2974 9625
4297 8182
1831 3036
4618 6174
1102 7063
673 5711
2014 6492
1934 8300
2306 4937
1526 8714
7626 9554
341 5324
1320 8942
3570 4504
813 3465
8508 9047
218 3653
3458 8663
6032 7811
4816 6845
1015 5927
2349 6994
90 123
2433 7272
1629 2017
1287 1611
1056 1898
2462 7844
2702 6576
6845 7725
6582 8142
1050 7529
587 2046
1786 2665
4787 9157
5222 6478
5317 8823
1085 6071
1322 9408
2055 4641
1913 5340
592 9815
3738 6374
944 5646
915 4621
5446 6736
5974 9563
1946 9311
760 9873
5431 7666
209 4118
4533 9584
9312 9793
2973 3094
1741 2669
4209 7451
7802 8601
153 3748
282 5921
2127 3159
7450 8949
7684 8879
4554 5336
4748 8008
2165 7837
431 3561
1520 6731
3945 4536
5370 9721
2994 9196
4071 8382
240 1970
4995 8281
3882 8088
5098 6273
2236 8982
4456 4865
1626 2122
294 8543
2110 5773
1441 4647
3839 7586
3751 7411
959 3242
1010 9304
883 3606
850 9979
2378 4108
2698 9952
5090 9794
8253 8777
9118 9691
488 7273
6213 6541
3629 7858
3029 9630
2441 6480
2936 5955
5817 6827
2597 6091
4177 5555
5439 8417
7788 8593
9683 9848
1757 3139
2373 9061
5876 8200
2263 8233
3417 3668
139 4251
387 6140
4167 6194
2573 6540
5322 9770
1673 7917
7604 8355
8254 9901
3147 7930
2693 6290
424 5176
1537 1690
1007 2075
2559 7543
3112 5971
3298 4282
1171 8342
293 3497
350 5201
2671 2870
311 5737
1394 5598
2451 4783
22 3632
5362 5378
3543 7946
973 2188
6673 7182
2113 9297
531 9077
1163 2267
896 5012
3039 4835
4779 5655
1622 7381
3880 5897
3934 9659
5260 7162
2226 9505
405 3730
4985 9218
6297 8736
5416 9399
6603 8484
3115 3298
7530 8227
3012 7765
33 4424
1684 3206
645 1103
266 2514
2501 6493
6088 6532
1073 3351
5006 7454
87 5209
3717 5620
5605 8066
3355 8387
1130 9655
2624 3504
5012 9360
2853 9618
3944 7350
248 9676
2686 6746
8061 9549
3580 3923
446 2811
994 9491
2288 9795
869 2216
7570 9772
3161 5196
2855 4560
2663 4865
478 7652
8054 9479
5478 8328
612 6819
6647 8896
181 9271
63 1501
2404 6804
3893 5854
652 8951
4513 6131
4863 6555
2540 6228
4658 8607
4620 7116
4282 5094
1671 6683
1097 5928
1507 6113
6809 8866
1699 2109
1385 9494
4633 8142
1077 8958
24 9929
9447 9667
2500 3683
4493 4923
6334 8625
3774 7136
2041 2516
3396 4414
551 4342
1919 4370
4558 9612
2274 3644
450 8891
3978 6550
1279 9537
7304 9913
5280 5288
783 4769
1966 8522
3963 9432
6239 9515
8032 9619
3518 8936
652 2742
4091 5644
6353 9853
1410 8622
2148 4517
2132 3569
4475 8961
1599 2738
3391 7135
5486 9506
2530 6082
3664 7036
4157 9194
197 1391
3475 6104
852 5777
1633 3382
2768 6425
5206 9138
775 9275
6677 8970
8590 9988
1676 4447
8026 8085
1580 2381
3765 8321
6973 9430
541 828
3331 8552
781 6339
4773 9182
3610 3868
2896 5286
2508 8959
180 7595
3429 8063
273 2034
1483 7883
3948 7004
6228 8881
118 9073
9099 9850
217 483
5492 9141
2725 7537
3395 6386
7506 8119
58 505
4240 9955
3054 9863
1345 4165
2 3435
3321 5404
48 5993
3871 4094
3488 4423
5493 8576
8043 9860
1479 6160
1054 5305
655 6842
3649 5284
4377 8350
5183 9841
1435 1775
4315 5974
7398 8184
5929 7012
7695 9031
6666 6897
143 8621
3950 5154
3675 8469
5429 6213
833 5386
2733 8055
267 2732
3037 9243
945 7892
8607 9655
2162 2817
152 6156
6648 6899
470 2597
1999 6702
3086 4392
1201 6737
3680 8456
3541 8283
1410 7723
7596 7870
3582 7739
2525 2990
1268 2883
5568 5900
6434 8048
214 707
1407 4335
2409 4379
1785 9080
5121 8779
4794 8280
2879 9653
8362 9442
1734 3538
6191 7584
4840 9123
3626 4972
6212 6731
3960 5827
1992 5402
4245 6444
1252 9021
1979 4537
827 7643
465 2173
1507 8510
1785 8277
5879 6426
2276 4653
2511 7030
5331 7153
2912 4227
4105 4770
4557 7931
1413 3657
4693 9025
3859 9858
7538 9431
7785 8491
2728 5287
4364 5359
1344 9431
4860 6115
623 6948
4981 8079
3279 4063
6069 9461
2338 4100
1048 8157
1800 6676
4395 8249
1063 3434
4822 7071
2727 5555
4313 9358
3411 6450
4702 9032
329 3576
6559 7024
5531 8979
2497 8878
1042 9408
4957 7786
2958 2963
4514 8145
3609 8171
7207 9709
3922 8280
1862 4339
2180 4418
785 2227
2127 3294
2928 9152
2723 2740
3275 9986
2946 9696
189 6822
2329 8878
2553 6744
2070 4640
6603 9352
657 5174
1603 4624
762 5964
3316 9947
889 7591
6582 9787
9045 9093
414 6663
1109 8829
4258 6715
485 1014
722 991
374 763
7468 8910
7409 9208
2480 4756
1853 8890
515 7271
4549 9213
6298 6484
1346 2312
3492 9516
1382 2748
4198 7857
490 7168
2346 7084
2162 4424
4952 5469
3391 7675
2294 4886
6369 6727
3656 8614
3507 5126
1218 5054
1010 4868
3714 9511
4634 5088
5114 6433
5677 7641
1834 5610
1005 7838
5201 7697
3493 5923
1241 3005
9386 9868
4064 5147
3298 4998
1783 5049
554 5408
4238 7729
563 3260
581 5972
4192 6097
61 2411
6852 9956
1253 6699
357 2566
1469 5208
442 6117
509 5819
5839 9287
8220 9357
5108 6730
1409 8431
2359 5568
6715 9422
1467 3615
2454 4241
5770 9850
1404 5655
421 1941
3747 8341
82 8147
1635 8472
3337 5409
5958 9045
2078 2833
3685 4864
3475 9015
1063 4585
4544 5075
4682 7774
8691 9260
1636 7555
2331 7630
1534 9880
8348 9978
3411 3515
297 7274
6687 8918
6045 6466
3866 8514
442 7764
821 9947
1235 2572
8210 8688
1235 4597
5452 7519
1403 2968
1216 9079
348 2766
438 7188
6221 9374
5641 8701
1177 8703
366 7294
3085 4265
3225 5253
4766 5446
3879 9863
6192 8492
6535 9712
2107 8460
7245 7907
5713 8209
1298 2295
624 3971
5783 7915
3527 3977
7571 8311
1144 9761
1001 7526
5563 9447
5267 8952
2432 6709
3517 5193
2547 7359
1469 5487
7363 9291
1210 5879
1902 3354
2278 8716
4681 4856
8738 9217
3579 8052
3687 8051
4323 4856
4045 7401
2256 4139
667 8682
2797 3284
7725 9014
3828 9232
6218 9409
5435 7015
7 6712
5385 7404
2514 8766
372 4966
1457 3690
2361 5728
932 7490
1173 6800
3165 7495
1208 7861
2701 3945
6861 6876
7457 9779
149 4293
3505 4409
2869 2956
3906 7078
1632 4194
4412 7900
2399 9813
1852 8045
6127 6902
3839 7979
1120 9475
2002 6862
1539 7102
4310 9897
992 4249
1958 8423
2623 9306
2426 8159
5036 9865
3095 5298
4060 7818
1235 8931
264 5634
862 4993
4778 7422
3919 6245
4388 7231
2591 8683
702 1894
1221 6225
2087 7112
3617 7998
2200 5921
5983 9730
5736 7951
1570 3821
1723 9378
4667 7464
3139 7747
4963 6067
249 6825
376 2927
5005 8088
4911 7144
3641 6719
1420 9292
8177 9997
1494 2023
2290 3562
5746 9821
8477 8608
7293 9789
2695 2790
2024 9325
2047 5835
697 4221
62 8391
4402 4463
620 4025
1265 7111
1541 6741
1588 7055
899 4927
4581 6641
5740 6604
2477 4422
2404 5570
4380 7028
4573 5892
878 2280
918 5599
639 3431
2340 7238
6461 7144
1845 5570
4809 5493
4721 9197
1421 3009
3232 8891
3914 5045
1221 9373
5119 5176
1227 5052
2833 4101
4827 5018
7009 8405
2073 6037
3738 5721
876 9067
4547 7631
7288 7899
4110 4419
7375 8975
1490 9527
124 4658
2829 5321
3927 8770
5270 7298
1665 4244
2402 5430
2593 4178
8232 8243
4814 5589
3200 8007
3816 9055
6021 8784
1755 7705
1568 4159
6682 9951
2378 7654
2759 9468
5913 7378
5473 9675
4042 9204
5053 9256
3828 6846
3850 5715
1094 3323
1554 6595
5141 9888
5161 8993
1773 6313
2832 3976
6450 7441
3849 8764
7649 8358
1703 2013
2257 2998
4608 5868
2643 6663
6796 9319
6675 9386
5593 7126
8618 9994
1026 9506
2821 8804
3276 9930
4551 5551
866 5078
392 779
3905 8621
3549 8876
5689 8928
4545 7667
2705 8178
1431 8863
1936 2964
49 6018
1243 9568
2182 9998
229 4813
2993 3341
3321 3714
5224 9124
5459 5885
6149 9045
171 5901
1900 4869
3787 7577
3236 7996
3837 6906
2820 9165
4300 6473
8060 9872
5335 7024
1953 8306
2151 4144
1902 6033
2541 3785
2255 9154
826 3961
6382 6770
226 5728
5901 6667
5935 8703
5149 9927
4114 6497
2559 7689
4849 7655
12 9201
4809 5658
2482 5387
1120 7308
697 5612
4197 8626
917 9223
2152 9586
1665 9890
540 5657
3997 6185
7550 7821
618 7845
4368 8682
1232 6119
1850 4406
4485 9045
3474 5415
5415 8378
390 2316
5941 8518
2776 9912
663 4790
6531 7714
8844 9474
2903 6908
227 3630
4623 9146
1229 9766
6827 6843
1210 6276
2040 8306
12 4449
3638 7307
2811 5747
858 2620
174 819
4709 5369
2015 9544
4998 6268
406 7344
6889 8334
7066 8799
896 6658
2487 3899
1716 7789
9163 9351
2550 4202
2073 2764
1211 2030
2098 6397
3039 9646
1881 2215
4020 4490
4593 5199
3319 8186
316 969
1927 6417
513 9876
472 5836
6611 7522
7303 9039
6857 7474
6895 8935
80 270
8455 9016
3722 8891
6392 9639
6846 8594
1377 7558
4207 5199
7184 9901
983 3109
2628 9856
517 2010
1864 2321
1423 4386
4907 4974
1469 3251
5127 8125
2108 4703
683 7442
955 8747
689 5171
1498 5195
4118 7281
3155 3978
1353 7803
4416 9421
1545 5458
1709 1724
7469 7569
3753 9667
3324 5763
7667 9088
3813 5957
436 4913
1678 3385
315 8621
1147 6672
5252 8133
1161 2077
4258 7267
6469 8177
4496 6624
421 1606
7523 9747
5075 9233
564 9124
860 2907
5649 8826
767 1523
930 2547
4041 6049
942 9794
1657 5233
4060 7832
6720 9429
1184 4982
1066 2192
2211 8868
5083 5255
3563 9569
1073 4193
1350 8471
2504 5368
1658 7691
3454 4718
4510 4634
655 2545
3791 8503
3833 8412
2051 4480
4772 9440
5038 9852
3454 3967
4690 9673
5698 8331
795 3188
3725 4983
6057 7693
599 9375
1747 2393
2511 6500
937 6604
1251 6214
7942 8627
7585 9616
2912 8496
4538 4865
4588 5256
1204 6649
2253 8666
4039 6184
4781 9998
1266 5153
8607 8678
403 5888
6084 9521
2161 4954
3398 8472
3804 7305
1613 5586
1592 3763
151 5724
4727 9507
5588 5919
352 3247
1630 7003
342 8876
1342 1854
2362 5773
4687 7918
1684 2536
1625 1664
4579 9899
1346 8541
4973 8102
2316 5897
771 4624
8322 9140
683 4358
5067 8390
1259 6192
2738 7359
6615 6984
7331 8512
153 8069
3526 8280
1734 9624
294 2414
6706 9425
3715 8548
547 4185
607 1676
1097 4826
382 1790
1770 3244
1256 4998
855 889
3386 5982
3459 8607
182 1224
3177 9305
6205 8448
2480 5174
4487 8690
420 9017
910 4647
28 5909
3383 9904
3675 8284
2021 5511
2821 9905
4705 5619
7637 9259
1235 1575
1693 4614
5501 5564
72 3677
1593 8920
1338 3850
3151 6653
1238 4620
686 7460
1595 6961
95 5518
8538 9095
1062 2994
1057 6462
8080 8213
1749 2227
1878 3909
3521 7739
52 1147
2169 4668
4857 8254
5911 8526
2006 2467
1870 3280
2434 9968
7407 9381
3409 4294
4522 9666
996 6495
8694 9034
1929 3661
1074 2886
7592 8439
2345 9778
1852 7790
7250 8882
3504 6750
5028 8072
2414 8813
2474 5640
3043 6167
3463 6666
1001 8581
6666 8236
6255 9497
105 2505
794 3691
4023 5544
458 9824
2477 6005
1232 6143
2214 3849
1629 4866
2307 5966
6960 9972
2485 8006
2049 8877
5875 7000
5470 5970
5546 5999
8474 8876
2054 5183
5673 5901
71 9916
581 8500
6908 7594
6519 9514
4953 5699
5721 8230
5628 5822
9328 9756
2025 9256
1108 7665
7443 7924
694 2909
1490 7496
2735 5604
5680 8240
7354 8972
8200 9127
1019 2395
2630 5151
2927 7033
4709 5277
5144 5647
3702 6578
5974 8913
5188 5202
2212 5904
2611 7857
6446 8580
518 2139
3803 9108
3251 9102
4688 7048
6472 8621
8266 8436
2079 8331
4764 7034
255 670
2502 3218
1036 8992
5755 9906
1210 4256
2061 4445
2014 7416
3609 7229
3394 7716
2364 7216
2518 8843
302 9974
6320 7297
7790 8590
4591 6717
5334 6308
4048 7484
7384 7808
6850 8877
1537 7660
2117 6153
3438 6864
1152 5304
743 4480
3249 5204
2175 8122
7639 8289
4592 7645
1828 5746
1956 7813
8482 8891
776 3331
3365 9214
954 1706
3063 8031
6002 7672
2677 4712
404 6851
2351 3586
4643 7794
2351 9429
201 7234
5897 7250
2377 7408
5277 7501
535 5317
7554 9762
3030 4847
1245 4359
2719 7603
2462 9639
2714 7999
2850 8578
6322 6482
5856 9642
5098 7894
4251 7550
2804 4211
3771 9278
616 3985
792 9126
2436 5007
2560 5410
2225 8967
1289 2498
2296 6405
4356 9680
8327 9149
5097 6028
2255 2679
3454 6179
6169 6791
3790 8497
1731 3050
2130 6555
118 6699
8512 9402
7398 8641
5349 9175
3405 8722
3939 7261
3594 6543
887 2354
3885 4243
6901 7875
4726 5309
4068 7732
8258 9491
2834 7524
332 5017
201 2462
6895 7345
3834 5069
4049 9969
76 2842
9138 9492
2072 2289
1279 6351
26 5541
5697 9961
2477 8509
362 6796
5063 8629
1432 9555
2598 4914
6980 9425
8376 8386
2834 3937
2176 2845
6199 9182
817 6911
6893 9273
2907 3747
1712 4330
570 1516
641 3299
853 9785
379 3965
242 1887
1583 9112
6503 7867
3453 5727
6222 9539
3342 6110
6918 7641
2650 3906
485 2691
3965 4326
286 4239
1437 5274
47 3164
1575 2295
4415 8199
45 6201
2556 9658
3615 9740
855 8286
3819 5991
1260 1697
5299 8083
990 4220
1961 6562
5199 9883
4004 5347
6730 8400
6545 8066
3952 8401
2238 6454
4558 8404
372 8488
5486 6894
968 3722
3668 3870
896 6422
4825 8502
298 7545
1570 2848
565 2785
7105 7266
68 2659
16 8222
1349 2944
1029 4193
2517 2916
4821 7353
1831 5255
5737 6289
3735 7241
3578 7980
1704 9693
7003 8815
4066 4801
5579 6644
2082 2083
2403 3585
7739 8639
151 6109
4027 4117
1471 3199
7832 9915
5713 6875
5005 9625
5646 7529
2373 3473
2350 3769
1131 9886
2941 9988
529 9486
2924 6843
6240 6751
1672 5042
1329 5653
6558 9126
225 6220
2578 4725
498 1349
2982 9398
6160 6609
3436 5656
4774 7175
7539 7671
2382 3145
2141 2204
2011 3946
3413 4842
5457 8233
6628 6889
6236 6780
175 9951
6858 8399
1673 3132
4180 6338
3654 6436
8450 9362
1388 9641
1604 6198
2675 4109
3697 9613
5776 9416
552 9519
426 4778
6896 7453
8650 9457
3186 6609
6939 9738
5571 5921
2046 3973
9338 9456
813 7077
4781 6201
446 6211
1757 3548
1333 3411
7131 9719
1535 4393
5523 7835
2225 5719
7930 9200
6286 8453
3060 3342
3503 7482
8079 8440
1225 6413
1827 2855
4462 7972
5967 6095
3359 9793
4830 8498
3136 6175
5298 6144
1452 6303
2586 5936
2726 4127
3824 4224
1983 6602
5783 7879
6660 9941
4925 9292
8968 9889
387 7939
8731 9852
3145 3935
2699 7714
8594 9087
2242 5158
3544 3704
4100 4262
4150 9013
645 1931
1921 4544
5019 7933
1443 2348
8087 8926
668 4857
915 6721
6867 7032
4150 8864
278 2559
6299 7243
7886 8739
836 2539
5435 9755
5844 9256
1619 7699
7346 8650
9084 9380
5699 7478
2625 4531
2589 7220
9086 9213
1240 9638
4970 7121
4761 8832
1907 5758
271 968
8934 9811
5805 7407
2212 5258
4172 8342
899 5653
8588 9810
484 5292
513 9680
3245 5834
545 3362
1312 2798
1386 5737
3778 5505
1993 9450
2372 5628
5576 7643
3008 5019
6937 9118
2569 9286
4672 9234
4772 9369
1825 6688
3751 7597
2758 8369
2917 3914
2661 5885
3362 4754
456 3678
168 1915
4192 6688
1961 7940
7549 9560
5074 6818
1298 5787
3413 4696
1641 5262
7991 9059
1306 2587
3794 4859
5108 9285
2244 7374
6972 8596
1508 5638
4587 5594
2344 6552
3947 7596
357 3014
2215 5541
2027 6256
2421 5733
3908 8351
1891 9114
47 1344
8637 9467
3009 5826
4948 6801
4533 5668
1294 7109
3538 6062
1433 5365
6146 8741
5557 6928
3854 7249
736 5761
866 5920
4797 6067
3059 6953
5825 6745
2293 8607
3864 6383
72 2630
790 1644
5902 7855
1816 6626
6840 9888
1785 5571
880 8549
4813 9657
1916 5369
8804 9659
126 1922
5325 8850
566 2521
4080 6483
7018 7624
309 4750
2101 6972
6021 8254
5926 8462
830 8988
2103 7725
6307 7898
1923 9258
470 7640
1831 4427
7924 8948
3147 9965
330 892
2359 4061
5754 9516
2368 3777
971 6504
2845 8363
3666 9517
5281 5373
2741 7847
5704 6538
1298 4060
9436 9850
3258 5972
761 1117
3331 7124
4037 6934
7858 8560
7769 9056
4491 7779
7464 8809
4929 9772
4517 9138
5085 8314
2692 8313
5873 7739
629 9553
1599 3129
863 7876
4283 6827
90 7422
2518 8304
4166 4305
3889 5491
3528 6142
8570 9604
3721 4156
3213 5313
202 7672
548 3723
1151 7308
2782 2983
2050 6696
4627 7979
1641 7092
3408 6421
7695 9328
1690 2255
2486 7574
5932 9864
2644 4139
3408 9336
2514 9020
6565 8752
2956 4488
4443 4694
4385 5562
1187 6880
1659 6395
542 782
7625 8802
3327 4417
560 8879
3760 8039
4771 5715
2559 8660
1005 6284
1405 3540
3209 9032
2178 3192
3645 9944
620 8827
1561 9770
471 7471
5584 6702
8200 8392
6691 9263
7541 8164
4583 8740
6071 8705
4019 7047
4361 5871
2293 3447
6115 8068
886 5966
5222 8622
6111 7528
2237 7736
4337 4497
4537 6994
1537 7274
1292 9957
1097 2430
3496 8723
2747 4656
1665 7480
1760 9557
132 9803
1695 2409
470 9608
1552 1995
1100 8603
2142 4789
1257 1585
3341 6713
5112 7831
3408 5450
132 833
4139 6071
497 8357
2878 6815
6129 9715
2862 5461
4588 7256
3661 7544
6457 9066
6048 7173
1934 5012
1312 6869
3140 5702
3692 4816
5234 8384
2386 8897
628 8174
2534 6212
2512 8473
663 5872
1996 4641
1582 2938
1463 6415
1549 3014
5179 5955
1688 4992
7495 9101
6567 8312
964 4945
2531 6998
605 3139
7684 9938
1573 5885
411 9685
1040 7965
1511 6990
3313 5907
6956 8457
5770 7072
1282 1881
5723 7449
5379 9697
7186 7449
1630 6797
6929 8606
1616 6774
4127 5890
2566 5024
4760 7037
7578 7984
1883 2655
279 3408
2750 6032
2351 4421
4797 6227
2509 4732
1203 3990
6329 6754
19 7647
5180 9636
1211 9507
4946 6898
1613 2914
5310 8955
1152 1367
4140 7623
2650 2793
1665 7846
264 9137
1175 5871
3369 9478
5834 6688
2806 6803
842 2375
6137 6326
7181 7319
342 8513
18 2797
4226 7428
2907 9294
4632 6649
5350 9825
1690 9625
6151 9990
5075 9819
510 757
533 999
3501 9525
4425 7215
1937 8752
1799 3268
2188 6779
421 4858
3715 7541
2145 9596
1730 1857
1089 7371
9111 9328
7039 9772
4803 8255
2878 5514
160 2596
2479 5289
7165 8180
2076 4082
9239 9886
5456 9510
1396 3426
3335 4527
168 6947
1698 7279
5968 6748
1499 8305
1628 5577
1950 6166
5535 8431
2123 7641
4527 9746
2977 3988
2254 4971
1103 1855
2566 7158
2888 6265
176 6215
6356 9625
1488 5382
1458 4980
6258 9700
1753 7299
2427 5703
307 2856
1408 6605
3740 8186
443 8190
3974 7076
6268 7747
3050 6827
99 4404
77 9568
1059 7730
1794 5125
4019 9882
470 9777
4520 4917
2840 9278
4205 7274
1096 5319
170 9067
1919 3058
4175 4629
5190 8263
1884 6000
5654 8259
5048 9493
624 8855
3331 3689
6822 8616
568 3134
2826 5433
705 1531
2442 3136
25 2985
1588 2785
2316 4267
2237 6208
5795 8837
1997 4584
5763 9315
7035 9394
8955 9522
5739 6736
2925 5317
4782 8928
6373 8698
3344 9671
5194 8135
3965 7016
1536 9509
4605 9841
5269 7911
3661 6300
3167 3853
825 9801
4931 7968
8101 9240
1836 6301
8386 8492
2764 9413
2816 7152
5007 6659
1410 6435
3402 8186
3338 8428
2081 8492
5384 9403
3415 9627
2458 6753
7901 9852
390 582
1136 5350
1696 3504
2764 6923
103 4865
6072 7737
4557 9782
1635 4507
1651 7623
1261 2834
2678 5304
5733 7356
2201 2937
789 4115
5504 7196
544 5506
404 9227
2479 8631
8240 9933
8082 8823
7228 9297
6930 9925
227 2748
1909 8223
2542 7359
7933 9814
7185 9350
9187 9892
8176 9516
5657 6797
1098 4083
1804 9883
4174 6330
5548 8219
3013 6455
1461 1751
4344 9470
6808 6860
2884 6050
1230 7739
1954 6113
5042 9396
4921 5215
7204 9459
4594 5418
3383 7645
4367 7203
2168 8013
9171 9515
5476 5624
4639 9142
3921 8075
4528 8715
5754 7131
4478 4916
3133 7648
413 8423
5581 8044
2026 2519
5112 5254
3005 4248
4843 4982
1400 7245
5314 6821
5271 5308
3559 7772
3671 8242
1294 4717
4276 8700
6225 9547
8114 9456
4231 8892
7167 9937
141 2413
1458 8571
2308 4258
8852 9058
5580 9530
7119 9874
7734 9023
8865 9467
316 5394
4653 9921
3674 5970
4915 6925
4805 7653
4498 7975
1103 8516
5561 7639
5402 5616
118 3728
9198 9799
8577 9421
5550 6796
4316 8393
5050 5282
1276 3280
1318 1951
3659 5005
96 9846
6147 9334
1621 6462
6651 8926
6075 6621
912 8147
2200 2935
3395 6009
2986 7754
2964 9520
8861 9351
1010 8460
5140 6057
1453 5518
3454 5628
845 3302
3303 3566
1252 9071
513 7369
4694 9664
1893 4339
8983 9910
948 8722
7900 8816
6416 9291
5010 8665
7000 8657
237 3171
1250 1576
8409 9093
5526 7042
105 3170
4499 6964
1690 3682
1070 7844
4975 9951
474 4762
612 6636
576 1368
3016 4649
3593 5252
3772 9802
5224 9063
6129 7335
1515 7541
3554 9731
1350 2406
1264 5440
1152 3907
372 6835
1894 4025
2047 3613
4713 7906
4561 6916
220 2714
3352 4139
915 5235
1721 3140
1505 9693
6125 8601
3744 8062
2358 8359
876 3062
6798 9128
276 5348
21 3469
7167 9430
2273 4826
2757 9778
1751 6442
3770 4957
7128 8375
2136 5970
809 1747
1355 6365
1298 2723
4813 6216
2744 6751
4327 7801
157 4725
796 1474
279 5519
1914 9667
3214 5902
8924 9198
6948 9692
485 1409
4489 8332
353 1651
5063 7407
3942 4096
1396 4228
2586 4509
4947 5124
5837 7250
2210 4059
6263 6964
1094 9957
624 721
5454 8857
5115 5569
2854 2882
1415 8180
1257 2635
5175 9064
6533 8357
2915 9588
5743 8705
2986 5674
3958 9348
7822 7949
5274 8624
1473 2095
1228 9093
1690 1818
1742 8776
2079 9710
5505 8501
4250 5839
1189 6450
4364 7762
5025 5954
5542 7167
7230 7994
5352 6189
3028 3565
690 9977
4998 7195
139 9096
7231 7562
7123 8045
5763 6980
866 3949
7087 8615
503 3054
5421 7799
6137 9535
1305 7710
5134 6787
5658 8792
2466 3304
1939 2015
7068 7249
1729 9635
73 9625
3690 4989
1119 2696
3536 5782
1673 4906
2861 9153
292 4644
10 690
1948 9580
6773 8156
532 3619
4412 5761
3264 9963
1802 5772
5212 6256
1699 7951
4544 7376
601 9205
3943 9320
8897 9397
1718 7678
2416 8777
4851 5362
3761 4305
3163 9451
3073 9178
4068 5765
3792 8757
2912 6912
3691 4474
4334 6838
2928 9957
103 7990
1571 2053
1394 9148
4433 4735
5030 5579
4028 5110
265 7171
188 6705
3899 4287
1399 4447
6313 7367
2379 5806
5512 6585
824 2577
241 6407
4817 7437
3932 8269
7772 9334
6651 7145
28 9724
2801 8846
238 6914
6218 7179
4872 9215
2669 8517
5448 8023
4792 8695
4068 9365
6079 8262
1383 7599
6036 9552
1025 3420
4144 9261
475 4672
4067 5645
8008 8181
3120 3433
1137 5778
4416 4444
2545 9075
1921 8378
6064 6376
1158 7625
329 5387
231 4853
2633 2923
4955 5530
3668 4755
7577 9728
1282 3032
2964 5629
3279 9673
3897 5830
7797 8820
6267 7198
4619 7469
3839 9187
4292 8871
5535 6684
5643 6690
2920 6950
3156 4363
497 9733
580 4517
1003 2894
6825 7671
4658 9254
4499 6978
3646 7274
417 8636
3664 5456
243 7094
988 9017
1192 4770
1370 9957
5754 5987
192 5959
151 1000
1409 7456
672 6369
3291 9762
2394 8742
1983 5888
8393 8587
1844 2945
1120 6210
428 1585
6279 6430
1083 7798
5667 7451
4072 9636
1090 8684
486 6952
869 5813
7583 9755
4207 8900
2836 6532
6059 6130
2277 6129
2771 6441
8407 9225
6847 7851
3428 5110
1843 6798
6948 9659
4086 7819
2351 7658
2559 5233
4049 9790
5835 7222
4060 4540
884 2078
5191 8927
590 3246
2423 3118
444 9846
84 9463
2104 2107
6976 9106
6191 6896
3799 4877
323 1354
1307 3863
4158 9708
6764 7205
1164 7307
6615 7466
3681 9399
1324 8197
2374 4321
5599 9552
409 2044
4719 6337
6341 7971
273 9301
2387 7771
869 5847
2177 8844
2614 5456
4384 9128
6859 8151
410 6045
277 1191
2047 4920
4677 8271
6015 8106
9308 9883
8242 8840
3632 5593
100 5012
1778 5863
6606 9351
3104 3306
6320 6787
2711 9303
3874 7654
2683 7376
1836 5292
6769 9190
3883 9604
5661 7308
5077 9115
962 9536
2504 9639
1391 9722
906 4923
7907 9417
1423 4254
2061 5159
801 951
1123 4437
2630 5997
790 6831
1874 8625
1455 2852
884 4279
8100 8763
269 4961
1192 5004
1575 7051
7609 8076
5916 6562
2302 8856
7852 8654
2963 8464
6332 8815
9269 9613
2384 5071
3300 9377
4863 7351
2487 8779
324 2365
3736 9168
1125 9145
708 4793
1227 3751
81 9581
2397 3401
1005 3745
592 1575
1556 7331
118 1077
523 3334
1 3088
732 6716
1063 5635
1255 8454
7460 8143
5471 7535
593 1489
1187 7128
5653 9180
4239 7619
645 8419
4492 9294
7576 9753
1542 8556
987 2462
91 5725
1579 4804
8025 9026
1536 6831
325 2588
9307 9498
2995 7485
279 1916
4026 4551
3923 9289
322 4243
28 2682
4207 8492
3034 9416
9648 9697
5190 7058
4902 9528
3146 4264
767 9513
3101 7729
1795 9642
545 7994
710 9569
107 405
3786 7416
835 6416
1089 7491
2044 7980
692 6234
7522 8990
2032 6281
646 1772
1140 6114
5760 9807
3844 9072
273 1181
5047 8197
982 3325
1134 2607
5794 7606
405 9782
6139 7353
8435 9955
251 654
6 3188
451 9337
2766 5480
6191 8355
3023 8919
1065 3660
4191 6893
3729 8672
6662 9112
2580 5893
1335 3946
1729 8898
2346 5807
545 815
4826 5866
1194 5054
8821 9855
3418 7843
2202 7133
1834 7296
9002 9735
6098 9698
6975 6980
2484 4327
2722 4196
2004 7290
2949 9877
1228 3431
3556 5803
1231 5836
297 1046
1598 5937
501 3445
2749 5783
1572 6345
3422 5338
1930 4658
582 1122
378 7550
3603 5178
1627 3973
3382 8647
1382 9321
643 8361
1212 5657
2154 6503
1033 2907
6445 9764
6665 9751
864 6982
2918 8259
2677 9900
3781 9365
1880 7189
9009 9280
4844 4906
2742 9508
1000 6898
6635 8399
4139 6176
235 6028
3145 4246
4034 5746
5447 6043
2775 9036
168 5081
81 9234
492 8784
177 284
7167 9659
6010 6593
7343 9643
4475 5071
1170 9817
3182 8853
1647 5651
3120 9762
4586 6957
3091 4304
3755 8477
561 1888
1486 7587
4770 9488
2539 3414
1059 1537
2799 7270
3017 8442
1796 5047
4200 5259
2123 4450
2972 3514
2666 6367
2211 4197
1268 9632
1155 5687
667 9172
1307 7946
665 4646
3130 7112
4193 8622
6409 7083
236 9828
2411 3229
4330 9800
5294 7510
1108 7010
39 1954
4047 8628
7167 9512
3521 7728
4475 8187
6669 8608
2471 8366
4363 7654
1613 4039
5884 7714
798 6948
1702 8029
1919 9697
2401 2807
3371 4842
5337 8044
5006 5011
1566 5362
3550 6815
3149 7416
40 8818
1346 8202
4569 6570
1103 2443
7782 8226
291 3827
6780 7620
6148 7837
3085 8663
625 9315
4882 9649
122 1910
7307 9162
2714 4314
7269 8458
1074 3841
1638 6651
1359 6277
2610 4177
6180 6979
5381 6690
1982 7575
5120 7656
7401 9705
2414 3768
1800 5801
885 3644
3285 6164
6068 9159
1120 5537
985 4345
2347 9293
3150 4427
570 3350
1995 3981
2481 8191
6749 8155
1242 1738
4127 8524
2150 8391
1876 8660
1938 2147
9622 9660
5969 8042
291 6704
7241 9890
1962 5355
7521 9625
2496 4200
1230 9570
576 2064
5669 8719
2743 3933
4118 5130
138 7397
3131 7344
2738 8148
8658 8966
3452 9334
3045 6070
499 5673
5398 9766
2548 4022
580 4499
5299 7232
1916 4007
2511 8420
5500 7487
3712 9805
992 9348
7251 9806
1675 1772
1411 4861
9245 9287
6086 8342
4580 5424
2993 7665
5050 8977
291 1291
2203 5327
8288 8729
1680 4668
4180 4536
7726 8882
3008 8251
7864 8108
5361 7164
3363 3747
389 8882
6201 8531
1513 7346
4723 4975
4997 7978
2010 8622
3225 5222
8622 9737
4936 6783
2093 8349
7860 9869
3000 6192
196 8684
9801 9889
3604 7906
6280 8959
2214 5653
3035 5596
342 4764
2717 7774
7683 8969
3222 3706
7359 9613
3797 7141
2089 6005
4193 5881
4911 5376
8404 9316
1933 9373
1620 4257
6520 9045
921 4492
3141 3472
6714 6991
5862 6865
355 2627
5136 8792
4398 9182
2096 8293
6642 7948
2660 6041
5631 8583
3521 9520
4243 5489
2091 3757
1124 4138
1291 2844
7591 9995
4340 8490
5003 5019
5516 7255
6180 9360
1038 8640
1242 9619
4904 9451
765 2806
3133 3406
1498 6798
1172 6363
4145 6497
7373 8289
1530 6381
24 8525
2724 7855
3322 4582
7601 9451
3644 7499
2933 9120
210 8815
1893 6906
5250 5997
6284 9793
5393 9845
3974 5764
3670 9732
4447 5548
2882 7907
704 4909
149 5894
7632 7991
3428 7896
342 3748
4285 7455
2545 3831
998 6527
1244 2374
3216 4536
682 6283
3241 7003
4766 6592
273 5051
2803 6168
3598 7713
8916 9486
2090 6049
3529 7864
3180 3617
7209 9020
1019 1375
451 1569
833 8926
1366 5570
4096 7946
1024 6571
894 9813
4330 4898
888 3922
3042 7102
6132 7412
3897 5799
799 5017
2316 6278
1046 9434
940 9636
6639 8568
4415 4555
1978 3770
2979 5246
2770 6043
2474 9426
5574 6552
3824 5088
7588 7747
7767 7980
5634 9971
129 7497
5038 6182
4942 5992
1325 8959
6046 8260
1036 7725
5809 9949
4278 6966
936 3223
3953 8946
2364 9798
5496 8789
5685 9522
3856 6598
870 5897
3033 4258
2013 7303
6060 8765
2899 6074
2849 3270
747 6824
1206 6230
1284 2110
7528 8897
1108 3413
1762 9763
381 946
3058 3116
1160 5690
2213 3280
939 8908
1386 8928
7489 9279
5475 9314
6327 8873
1925 3357
605 4604
8498 8912
5649 9907
4420 9898
3975 9255
6478 7991
1571 2195
296 6829
2158 9747
3019 4924
5808 6603
1820 6313
1079 6562
4883 9218
2246 6135
2589 7823
3971 4298
8979 9934
685 6081
7090 7148
4033 5149
1772 3594
1260 5940
5116 6226
1813 8989
4861 7181
715 8611
7511 8607
2567 5329
45 6679
440 2973
5656 7634
114 4700
1757 7643
515 4468
6578 8239
6071 9463
404 4704
4801 5295
6293 7450
69 5738
4130 5786
5481 9590
9043 9520
1008 7714
4880 9277
5795 9879
3618 5252
2204 2707
187 8356
3920 8343
4985 7586
1590 7333
8503 9617
5688 6040
4705 7186
6692 7319
2930 8070
1247 3552
548 2513
1473 6386
1788 5668
2032 7231
205 5942
158 6771
2528 6225
4313 4637
4127 4544
841 9718
1275 9364
880 3980
535 1986
4593 7005
3272 4627
1033 6986
3915 8706
217 1690
260 8370
1262 8783
5802 8941
65 6839
3789 9089
380 8074
2490 3479
2033 6198
891 5214
3262 4080
4308 6491
1410 2738
4124 7123
4426 5113
4925 7090
987 8406
5992 6450
8809 9329
1762 5290
2336 7805
8088 9695
729 8088
168 4906
3437 8916
706 4445
4770 5005
8674 9697
5549 7184
4934 8535
671 4876
6454 7619
1403 4392
2943 5523
8037 9602
1063 8759
2109 8834
1308 6292
1423 7354
3679 7815
734 3726
3504 6768
5140 7240
5945 6882
6997 9095
2332 5647
4559 5085
2683 2783
489 6123
632 3970
1260 9625
4057 4837
8117 8612
1201 4197
8772 9353
4378 4700
3589 6652
2697 3440
902 5227
3611 9417
5608 8904
5434 7930
1840 8924
4795 9420
5832 9290
3388 3756
6415 6737
605 7583
4263 5553
1027 2121
2102 3225
3220 4616
2064 7021
3291 7581
7172 9172
2593 9046
1085 3337
247 9694
5247 8860
7224 8307
3366 7101
713 8723
6437 9716
2804 7370
3368 7022
149 8998
8203 9849
8903 8988
2239 8795
1836 6710
88 5456
2645 3603
3913 9288
7427 9122
7980 9215
2785 6355
515 1396
3269 9570
3678 4820
2420 6621
3864 9500
2998 6682
2152 4669
354 9599
4941 8709
667 4617
164 6945
3292 6171
3874 7865
6732 9703
7962 9961
7169 7446
2924 7190
3435 7783
6948 8020
1254 8608
966 9172
4502 9967
1374 3841
6069 9629
3567 7626
814 1909
4854 7420
2824 3745
5523 7896
6948 8060
4316 5964
179 1702
3945 7046
3068 4419
1308 9337
1203 9344
1611 1840
803 9294
8457 9660
2602 4728
358 6314
1653 1999
5509 9952
897 7418
3623 4242
76 8936
1425 3986
4720 7464
2264 7088
5762 9768
1159 5399
3022 8959
7655 8888
1514 3279
6645 8856
2333 4760
2477 4953
1648 6519
2466 7824
7057 9766
7376 9177
875 7357
4797 7571
9045 9992
8075 8112
811 5726
2810 8146
8009 8845
4009 4476
5917 8892
9495 9855
6832 7839
1655 6225
5209 6570
7870 8383
599 5457
7421 8950
1570 2907
1736 5595
4998 6457
4272 7531
1156 8838
1888 8258
4300 7407
2375 8748
2409 8968
2215 3361
11 8819
1389 1745
2005 7327
4703 7774
8365 9586
1917 4559
7919 7994
1955 5201
6090 6955
5461 9797
2362 6905
5767 8179
6654 8081
41 2548
3038 3476
1990 4644
282 8204
2614 9553
3126 3626
2515 9088
2969 3579
976 5751
1279 6375
1309 7945
6281 8558
7220 9083
904 8721
9093 9702
3487 8879
6722 7809
4047 8976
4109 8254
4332 6571
1534 5922
6236 6950
2453 4473
7526 8735
3217 9426
8206 9725
4982 5176
4786 7855
210 6445
254 9862
5860 7507
2295 4088
4585 9485
3878 7274
196 6808
5005 8158
2709 5505
443 4964
837 6524
6797 9923
5171 5678
2487 8886
4284 9590
3486 6486
2217 2909
1838 2072
3667 6677
4783 7849
5594 7446
4976 6667
69 5360
4728 6052
3298 4559
3803 8501
463 3480
4493 5687
1174 7614
2366 6906
4361 8610
203 697
7986 8640
1718 5672
5573 5862
4577 9671
5718 7822
1135 3984
1166 3382
6124 9774
2281 4664
3943 4669
4713 6488
4922 6560
3708 6772
295 546
4383 4577
4021 9556
3105 8162
4351 8773
276 5431
3025 6553
3742 9707
5864 9117
2003 9607
5528 8522
3947 9412
2389 8825
217 2604
2491 5846
5590 5968
5720 6069
719 2799
1262 9645
101 2212
499 8777
367 7357
2809 9494
1288 9949
6914 8431
175 4778
2155 7333
1954 9647
6870 8080
1776 9230
8666 9957
1367 6728
2056 3250
2980 5870
1078 2174
39 2718
3368 4578
2471 9891
5697 8357
4454 8441
2965 4261
14 5342
2069 4703
4005 4184
2595 9703
798 5320
1031 7177
4582 4847
4832 8823
1842 9828
2071 3746
113 2538
6018 7191
1346 3975
3824 7067
689 9807
458 3866
3057 3514
7449 7856
6072 9462
1765 7843
3017 9426
261 2620
1801 7227
8235 9446
3629 9561
815 1056
4557 4710
4151 9426
676 5552
7065 7465
7698 9878
2998 7536
3751 7981
4631 8874
3362 5926
1216 2658
1435 6940
190 2477
2921 3270
6015 8172
363 2213
11 3190
5956 9993
4119 7373
3390 6365
4481 9439
3756 4455
2435 3026
3327 9534
1968 6682
2317 7651
2441 8594
2841 5664
6389 9618
674 1309
7610 9519
118 9761
115 3333
861 3911
1081 2178
4680 4926
4836 8254
1103 5217
2326 4116
5277 6456
5634 7663
3055 7628
3056 8622
873 9743
3754 4107
7224 7424
3813 5271
1197 9694
2228 5829
7065 8353
6561 8477
2995 6570
1217 4585
6431 7781
1112 2344
1323 8657
1425 1818
2492 8914
2231 8770
798 5243
7050 9324
3332 4542
3376 6472
5442 9954
7997 8396
8513 9391
1752 8364
4471 6032
3378 5050
2172 5948
5520 6313
1894 7102
7141 8750
2789 2860
1015 9611
1209 1513
9027 9073
3362 9634
1508 9917
307 6790
1034 7554
346 5505
7665 9497
7833 8087
9938 9982
1348 6536
11 8979
812 2216
7591 9248
4909 9280
3910 4748
4691 7432
763 7399
6468 7376
8766 9390
1851 6348
6342 6463
55 9880
1192 9632
1414 3530
6186 9182
4143 9044
51 3664
621 1734
8304 9221
2790 6306
2785 5343
6498 8603
3788 9497
8785 9679
3944 5996
615 6813
1745 9610
4284 9212
2031 9455
4360 8931
76 2932
6685 9871
945 9297
3708 4563
2083 3917
2131 9534
1852 3779
3798 5066
3861 4369
5841 7712
3153 7702
5224 7714
2486 4741
6064 9970
1231 2503
5319 9911
133 401
3047 9037
2378 8726
4073 6917
1227 9234
2636 6085
2430 8241
2221 8640
2767 8613
6264 8238
5045 5468
4896 6057
6978 8508
2560 6459
5598 9286
202 9775
9020 9229
2575 8480
4304 5691
1386 6313
4352 8666
2486 3767
6410 9812
4998 8815
4082 8022
5441 8766
2206 8106
733 7551
4532 5592
7483 8697
5753 9339
219 5949
650 7776
1106 2403
3998 4154
1120 3896
182 8447
3109 8092
3031 8113
2656 9983
2316 4198
1709 6173
515 1809
2269 5414
1518 6831
4267 4784
4434 5298
508 7493
1151 4122
5729 6015
3093 7454
8161 8722
965 6665
3525 9370
1231 6372
477 7921
8057 8484
1691 9359
5292 8960
931 2672
5357 9235
3660 6485
485 7537
1757 8673
7592 9249
3436 6051
3065 8608
3797 8275
1300 3158
5525 6868
939 7473
3604 6601
78 92
1806 3300
4552 5973
1607 7626
3160 3498
635 3687
4302 4372
4123 7874
283 9558
7509 9791
3504 9566
4836 9958
1009 7294
2556 8527
5737 6106
871 7002
2838 9491
603 3223
3455 6344
1468 8317
1249 7688
2909 4229
3097 8767
1397 5441
400 4857
4839 8916
2602 9486
4517 7135
3287 3919
559 4770
3114 5667
4507 5868
4673 5709
1199 8360
5264 9319
6950 7384
2446 3501
5950 9076
5396 6944
4543 6039
2223 9901
3577 9952
260 2570
737 4893
30 582
1309 8373
2738 6494
1991 9417
5400 5723
564 5032
5542 7815
6016 6417
3772 5838
5958 8075
8173 8797
3994 5323
5017 7906
36 4673
6962 7557
6674 9845
893 5421
269 2099
554 6839
6595 9643
5921 6449
4867 7376
5101 5959
1143 8067
318 8283
4307 6283
6254 7744
5255 6296
2952 9541
5574 7521
3969 4568
4564 6552
6060 7746
7667 8555
4626 8093
2142 6816
1561 2926
1127 3553
2543 4457
6569 7203
1807 5199
257 3531
5990 7596
3507 6966
1977 6841
150 4822
58 1864
4493 4850
2251 7691
1559 3009
4492 7054
1120 5462
4870 9342
2122 4310
8755 8976
714 3124
3069 6425
705 3505
7862 7966
8235 9355
2939 4740
308 8964
5064 6972
5280 7973
1348 7344
5605 5773
9469 9729
35 7549
491 2920
1741 3442
5675 8894
5985 7463
4303 6133
2532 9484
4910 7474
4620 6656
2219 3877
2619 4247
272 8386
5858 8634
4354 8154
1807 8167
1814 6989
9285 9929
4707 7696
5520 8836
7172 8895
8884 9211
3823 5771
2358 3799
7845 8049
398 9268
2245 2969
3505 6321
4004 5818
2538 8768
1429 3782
5844 6627
5075 7392
231 1637
661 2762
1591 3189
3022 6268
5599 9841
312 5437
6750 7394
1812 6581
2621 2623
6843 7869
174 2162
267 905
681 1107
3753 9231
767 6708
4073 8980
9313 9531
6267 8743
1176 4586
648 3534
7527 9672
2381 2694
4907 6014
2190 7598
3731 6705
1223 3348
1938 6345
3071 9653
3609 4698
2642 2865
3853 7770
2991 5305
245 4845
6167 9006
5733 8424
6209 8433
2125 4801
4136 6831
4428 4568
1035 2371
1384 6464
1738 6978
703 7679
4141 8854
5661 8267
2098 7293
1296 4710
8485 9985
1659 9424
546 8774
3824 5995
4912 5106
1486 3532
1221 5123
2718 5779
5886 7875
2039 9320
7176 8814
4962 6190
605 718
939 1089
2029 4893
4600 7006
3973 7766
1453 5232
3555 8592
672 919
1578 6567
1192 6733
6191 8348
5423 8228
4073 8762
2569 8625
6606 6654
102 1634
4585 6724
1939 3446
6188 9845
3644 7090
8364 8452
1987 6320
6138 6589
718 2502
2479 6718
3570 8482
6272 9752
3973 5163
436 6056
2219 9423
9551 9896
4511 9657
3531 4274
8447 9997
2357 7500
8122 8563
3215 8468
1314 3785
2465 5039
3140 9139
6015 8637
6751 8325
7392 8734
7714 9307
3591 3676
208 8659
1413 6002
3476 6943
1575 5446
2275 4709
1239 6862
1010 4709
1683 8828
6390 8154
6002 9943
7207 7841
4460 6314
5121 5336
119 4396
3503 5082
6458 9328
2959 6342
514 9381
7637 9627
6284 8701
5041 8950
3143 8623
2999 9786
3534 4930
2841 3860
2076 4463
6420 9456
694 1231
4890 5168
3396 9884
1146 6362
8944 9398
6696 8126
3039 6683
7470 7968
4162 5144
3924 7241
2031 7791
951 9949
919 9222
293 325
6126 6845
959 8622
4709 9956
2912 9543
5915 6743
4573 9135
1410 7786
2414 5472
317 9028
7608 9368
66 1045
1085 9546
5838 7336
2974 6805
9 7196
6146 8542
899 3263
310 8920
8525 8989
487 3298
4726 8741
456 5679
5736 7589
6163 8682
5862 9097
2894 4070
3712 7496
2907 7325
5932 5937
4905 8891
6921 8722
1799 8284
3297 9212
711 8912
1356 2863
1226 5342
1204 4565
4828 5383
5969 9442
7132 9417
4054 6785
5817 5946
725 4826
1183 7936
2180 2664
1026 6919
520 2445
220 9238
6036 7438
4836 9997
2907 4664
3085 7755
1505 2161
636 4649
1584 2681
343 4442
4715 5234
4826 6224
7397 9754
1295 3463
1139 2782
580 9332
749 4697
9453 9641
1141 7526
482 6994
1541 6920
5084 9592
5391 6273
5474 6304
1252 5727
367 1617
7338 9165
4027 7082
4243 5143
1812 9300
1278 4625
482 5707
1997 2631
2295 2566
2376 3171
1633 2706
7690 9956
6853 8776
3820 4923
521 1493
5749 9397
2275 3366
518 8538
1466 4436
6707 8301
7153 9548
2521 3047
3358 9742
1802 6546
4101 6027
2520 6523
8581 8706
3638 4352
163 5746
948 1300
5438 9309
4047 7137
2958 8105
5559 5727
541 7370
7695 8319
4322 5540
4215 5865
5980 9996
171 4900
5850 6381
5495 6659
2600 5572
2804 4781
4698 8174
5955 9949
1577 4918
6163 9501
1887 6252
7607 9388
3954 4854
499 3252
5793 7204
1494 3952
593 8380
2191 9533
6197 6619
116 5121
6931 7707
5351 6167
2558 7087
2520 3049
7653 8210
1397 8564
5753 7182
6499 7064
3006 8019
9632 9944
6165 7212
1510 7591
399 6005
5237 5739
2374 4174
2978 3009
2057 7855
4547 5685
5821 9438
5682 5693
2133 5069
594 9798
6520 9164
6977 9347
1867 3104
2970 9778
5434 6790
1608 1974
5035 5690
3406 8640
5513 7410
117 8046
3914 6529
833 1907
950 3121
5064 7727
5250 6253
9 9875
2754 3383
3284 4933
6247 9992
1525 6358
1667 9191
3925 4133
5484 7834
5889 6611
440 4687
1628 6551
3875 9138
6904 9995
2880 9054
2546 6504
1187 1486
3413 9211
6736 9766
827 4234
7762 9885
462 7199
1310 4638
1543 8478
911 9791
5448 9720
3513 4960
4640 8748
5520 6938
873 3383
3211 5568
1573 8430
1069 1185
5180 8127
3616 7902
3796 6387
197 6221
2407 3232
4275 5817
5016 6357
7328 8828
5992 6346
485 2166
2833 4998
1340 5326
5730 9615
3408 3661
583 4777
455 8324
7245 9721
2047 8633
7852 9730
7011 7031
5507 5544
1664 4770
3640 7902
2918 9315
3403 4923
251 3254
1477 9048
3266 5350
1486 5454
2168 6856
9349 9416
2077 3268
890 8205
6472 7664
3658 7996
6193 8933
1685 7550
3903 9421
5832 9198
7201 7319
3436 7705
1148 5343
476 3427
5390 6785
4257 7386
2156 3944
366 371
3835 5743
443 1346
4940 9890
28 2472
5239 6202
2692 8043
233 6991
6627 8466
1246 2505
519 7715
7774 9679
2152 8408
1866 8885
2218 9273
3476 7483
4215 7772
5952 9853
3690 9722
1975 6625
6792 7036
2576 7639
1398 4357
3470 8156
6811 6854
5448 7314
3727 9294
3160 4144
2694 5779
4227 4968
1468 6478
565 3052
2569 4818
3213 7556
2825 2928
4678 9001
4460 5075
1750 7306
5084 9638
2487 7694
8290 9515
3885 9603
916 3521
7663 9870
8262 8947
1393 1827
6735 7401
5497 7291
2560 8529
7668 8547
8735 9150
8172 9030
5216 5896
5163 5169
5021 7024
3522 8088
962 5928
7694 9503
7073 8645
5607 8822
6492 9217
3221 7829
2846 8090
2255 9675
5691 9220
3746 9518
3313 3876
2342 8295
6670 9919
4700 4932
494 8507
2533 8264
8 5225
344 961
3355 4686
4657 7901
5774 7206
700 1682
3598 9296
366 5485
2479 8219
4371 8746
385 8529
5300 8005
3830 3980
3736 8928
202 2330
425 7628
8509 9839
2012 7377
1120 6160
2667 7528
1822 2914
1168 8309
1536 9042
8015 9268
5027 8898
793 4526
517 3759
8357 9908
5780 5839
5018 9215
2868 9922
1201 5452
3450 7331
3852 3962
4326 6239
1041 3898
6406 7451
990 9882
1690 3253
1905 4764
2807 8294
5300 8599
272 2224
2963 8667
6786 7584
804 4749
2073 2417
6260 8419
3879 8052
3261 9085
6467 6742
3149 8036
7606 8070
4998 5660
215 5617
5313 8213
3592 6894
3212 6738
2768 4176
579 6281
8426 9407
395 7378
175 4348
144 3525
110 576
7321 8687
2280 5685
1619 8349
93 8891
28 9577
6135 9777
2858 4375
386 7323
3227 4074
1142 3811
741 8711
3399 4714
1137 7555
2323 7007
5286 6483
8619 9105
2337 4683
1489 3995
3214 5666
1346 9746
6956 7219
520 2233
104 2868
2009 4844
1079 5784
878 3435
463 845
1673 6627
1062 9983
3882 5102
6479 9852
9071 9645
1144 6542
3905 5961
7615 9813
3691 7710
1850 3342
2869 5129
3157 9827
2328 4603
1896 9667
1844 3685
2189 2840
504 3338
6309 7772
6256 7382
4622 5557
1764 6087
2202 8457
540 8550
1592 8354
1735 3565
7434 8784
2199 5599
5495 8374
7052 7287
653 3639
3892 7848
1904 6192
3827 5035
1798 1914
1242 4668
4116 8423
3020 7444
2765 3475
1825 3247
5019 5392
3256 3718
4381 9935
2432 5885
2794 3522
4138 4548
2008 7742
8625 9378
4322 7272
1134 2273
297 6381
1345 9169
369 9902
3613 4757
1916 4431
3191 4195
79 6954
7073 7847
1639 2240
7560 8239
1260 1788
7924 9929
222 339
4604 7793
766 2088
3168 7558
2152 9297
1345 9687
1794 3400
4500 8051
5347 5766
2631 6329
3672 5994
796 3154
2705 8050
915 6120
904 9345
1226 9976
1005 9575
3486 8712
3860 8321
4201 6067
7514 8885
1854 9494
1666 3185
4587 5054
3975 4260
8046 8534
3456 7781
718 1955
4906 7186
2576 5043
784 1422
390 6744
5628 9073
604 8200
5164 6796
1172 1352
4035 6847
390 7270
9416 9818
911 3982
1252 4936
1509 3267
611 5180
8485 9421
3613 9886
4097 4626
2919 8447
3848 7827
5631 7907
1068 6855
315 7385
1349 6506
3656 9429
581 4812
4893 5295
6621 7406
1707 9729
3961 6815
417 1371
6615 9154
1733 3742
2593 9844
3853 8428
802 2194
3578 6905
4198 5100
6516 9673
4123 9682
2101 2710
1707 4872
5071 9804
168 1762
2514 7916
3681 5371
3419 9404
291 9130
4517 4911
6613 7811
3424 8964
883 1981
4902 5142
111 2123
2506 4797
3855 4925
6875 7763
1624 6983
4247 5525
7220 9900
1699 3345
3011 8263
6606 9551
4236 7266
330 5288
5140 6325
1019 4610
1261 1542
2819 7911
4020 7285
4536 4896
4956 5671
4955 6982
2007 2439
1517 4165
4892 5517
1018 2901
89 4507
3225 4919
3097 3200
109 8289
2260 3785
3671 6070
1837 9270
2358 8536
2673 6922
896 8921
474 2319
3428 4401
813 2018
3096 7877
5285 7568
2947 4906
2715 8713
2691 4203
2227 3309
3387 7202
7324 9415
5330 9597
663 1869
2467 3637
2865 2959
2085 5424
3198 6200
4544 7772
1187 8683
5770 6337
6513 9813
6160 6647
4065 5972
4436 8546
373 9070
5645 5682
4750 8697
6612 8926
2878 5918
2450 4613
1534 6145
2743 8588
4810 8069
242 1073
5427 5859
1834 3734
696 9020
512 2252
4575 4865
4407 4703
3653 7889
4345 7452
1260 9479
5980 8031
596 1147
774 7117
626 1877
2170 6365
553 2647
9389 9561
3987 8395
3445 5893
2977 3432
79 6679
5880 7740
731 6843
3671 4517
4912 9603
2184 9626
2785 8368
3183 6198
4317 4986
3081 5283
2099 2143
4652 6087
1727 8198
1904 5790
1424 6959
868 7141
1815 7235
1403 3952
1006 2571
1467 3706
5912 7969
4440 7586
7302 7328
4711 8454
7059 7709
1480 5451
4091 4489
2552 3633
1409 1446
4348 5987
5945 9734
195 395
2448 8263
3140 4193
5303 8925
7223 7747
477 3844
1084 2085
6007 7609
6956 8316
3184 8963
1129 4505
416 7798
3527 5631
3020 9393
2309 3120
2952 5093
1332 8347
1371 2670
56 5706
2341 4898
8114 9959
4292 7025
6387 8979
3713 3888
6742 8562
345 2140
862 6465
3317 9017
3894 8676
3949 8849
5491 5585
2450 3127
605 5724
830 4495
7789 9202
4068 8448
2275 7365
7164 7270
3158 7075
5098 6508
7843 7955
3399 4049
64 3400
2873 3076
543 6797
2199 9243
4134 6564
641 8498
1782 3897
3036 7878
7644 8660
1542 7785
2166 2414
1024 6308
3219 9264
4062 4467
2324 3481
2149 2676
811 7407
3254 8276
4739 6987
6808 8047
63 1386
4468 8943
4807 6841
485 4183
1988 8258
3249 5930
1766 7781
882 5212
1118 2505
1597 7063
3280 9837
1820 5708
2250 9961
7121 8191
2787 9421
352 7224
2073 6144
6823 8775
6187 7692
2977 5019
1883 3001
4207 7224
2957 8959
3185 6577
7685 8827
192 7224
7239 9367
3041 5887
2073 2716
5119 6007
2866 5105
1205 4125
2378 4223
2566 5744
2484 3963
8806 9693
3184 3196
6511 8885
1891 3454
1016 6384
3651 8439
2236 9392
1554 9507
8737 9535
1564 5605
173 9699
4252 6210
8017 9761
6204 9663
3256 7164
3786 9397
62 1435
5788 9064
2392 8028
1414 8158
2397 5923
3558 4379
4139 9791
5953 9582
1237 2557
8063 9748
869 1334
9445 9762
1030 7854
2131 5046
2268 2523
2041 4302
7813 7961
5960 6737
3004 7496
944 1714
4905 5272
2005 9951
1382 9405
5548 9458
124 7780
3248 3329
2409 6915
1378 2923
4895 9666
1082 8741
1151 6068
1880 5498
6512 8189
2788 3825
2562 5754
8052 8178
1351 5197
8029 8357
4649 7720
1591 3246
7357 7557
4075 9274
3794 5529
5018 9768
5460 9074
402 9937
1446 8680
6339 8486
3231 9383
5665 7246
2851 9085
5115 9131
1848 8832
5280 6585
288 9449
1875 7370
6632 9694
2885 5655
7845 9595
974 4608
5614 8587
1371 4950
3339 9288
2715 2839
2972 4853
6766 7619
556 4007
2851 3400
1696 8234
1977 8427
9380 9565
5437 9048
2789 6781
2062 8200
69 4177
7769 9245
3671 3857
3410 9877
2325 3282
7226 7694
5924 6030
1701 6206
1885 2821
5437 9360
7507 7526
5219 9720
417 8318
490 1096
2164 6760
321 9056
6514 6999
5848 9392
6490 6938
4081 4833
1752 6278
1706 3059
1365 9276
6980 7244
1649 2090
367 2800
2805 9285
5770 6931
1372 3175
5788 7979
3551 6175
145 4420
5821 9770
877 8374
4685 5034
7874 9328
1336 9971
1794 7558
175 6141
1847 4587
668 5942
5019 5667
6552 9727
4829 5788
6025 9732
4831 6242
5448 6165
3007 5152
3867 7240
1643 2398
7393 8617
1181 9690
176 5447
1763 4709
6448 9610
4078 9975
2689 7357
4675 6480
4895 8279
4647 6574
3753 9007
2010 6700
5833 7309
2373 5427
3064 7028
2186 8607
2660 4325
7999 9161
7580 9508
444 6916
4609 9340
3356 8573
2293 4011
5641 7322
3193 7300
6907 8761
2988 7702
2607 8829
997 8920
4941 5312
599 9416
2735 3874
115 5076
6033 6848
7123 7772
486 5425
1372 4654
4620 8835
2294 7284
370 7228
1215 6013
1108 7611
807 1963
1542 7772
2511 8617
5232 8760
132 1278
3419 6277
1878 8983
7295 7623
3058 4922
2078 8715
2559 4000
2311 6804
7590 8479
1938 4355
6270 9198
3547 3838
7888 9507
4517 4896
1264 4646
1156 2046
6367 9781
1141 4788
6202 6287
7309 7910
1366 6161
7584 8702
61 3212
270 9481
1847 5288
4611 4979
380 4202
612 3688
1816 8194
582 8244
7956 8984
5665 8787
368 975
1802 5727
3379 4390
9382 9596
427 1547
7237 9858
3487 7676
2045 7019
54 7503
4729 8918
4809 5930
3698 7572
1038 3628
4465 7546
2690 3561
3499 8248
1805 6052
4161 6241
2588 6638
5679 6089
6667 6782
6699 8612
3296 4529
4987 8494
6332 7364
2641 6307
4159 9546
2850 4076
7107 7400
2618 3231
5005 9070
5921 7191
306 6899
1791 2902
4089 6474
3955 4736
3090 6420
4923 6773
6984 9663
6622 8056
4702 5675
3024 3956
5326 7937
2164 7000
1257 9270
162 9877
5592 7639
2227 8130
4480 8515
5133 5712
401 9855
3884 5111
3605 5758
4721 8281
3953 4509
1754 5601
3242 7374
1739 8914
5238 9490
5599 5919
956 8608
204 417
291 9310
1626 8907
1557 9057
3477 5915
7388 8003
7698 8692
6805 7496
5154 7228
3497 9185
4736 9828
1666 9947
534 1205
3750 5997
151 1147
8106 9605
2409 9226
65 7667
4257 5870
3040 5752
2868 3485
4290 5378
7019 7549
1371 5682
2952 4955
342 7842
317 7607
994 2140
3707 5072
8520 8588
8492 8640
742 1150
1095 8609
192 2438
2514 6505
2434 9499
2023 6312
5631 8063
810 7738
207 2219
5533 7092
6239 7875
3392 6348
9204 9994
5591 5783
6828 8667
401 4965
2871 9814
9652 9927
2954 4861
2478 9903
1346 7208
7502 7933
5724 9090
3020 6719
4340 7551
335 5482
137 8053
3098 3483
4164 6356
4790 8622
493 8736
818 7185
9480 9839
4074 8483
261 6795
2059 3998
4446 9192
61 4370
5820 6187
2650 9487
915 1849
5097 7402
605 8182
4571 7816
1836 3912
7106 7214
4013 9639
1144 7301
147 187
1304 3639
714 7289
1821 3498
2198 4536
6090 6994
6515 7442
2010 7170
7005 7311
4335 7445
2924 7763
6488 8565
1780 4647
1236 9793
1280 3261
169 5115
5401 6681
7974 8011
1603 2593
2313 6038
4425 9081
5685 6789
5347 6847
891 7269
4614 6284
6474 8213
2029 9246
6697 9382
2694 8622
2274 7598
6652 6654
3201 9777
7186 7953
1912 9813
180 4506
1424 8752
15 6995
419 3391
843 6572
4880 7930
2219 5060
2606 6038
5468 9214
2076 7750
2302 8218
473 2533
3282 3966
5895 7653
5777 7019
4722 9378
4733 8379
3119 9267
359 4147
181 6845
2390 5234
965 2283
5412 6391
8967 9761
1580 3237
5099 8374
1736 4674
4793 6664
135 7141
1434 4551
270 3493
7312 8238
5511 7315
2200 5157
544 2803
5388 9692
6242 9305
3945 4876
6448 8268
3243 7109
529 5815
490 8085
2203 2862
2535 7638
4027 9881
67 5767
3749 6834
2069 8957
695 7611
6058 7043
2882 9750
3575 4635
6087 8146
8586 9847
3210 7814
887 1641
1526 7049
4221 9874
525 7449
1713 4374
2674 5754
5374 9593
520 3251
2909 8061
5718 8866
4103 6922
4132 6336
7575 8718
4728 6576
4767 5988
924 7930
1454 8534
4166 6239
4746 9837
4481 4896
5254 5323
805 1004
4168 6637
2219 3025
1830 6512
5475 7484
6554 9428
423 8679
452 2610
54 7405
1562 7411
520 4860
157 6988
7102 8193
313 4099
3613 5882
3139 3893
4544 5504
397 8950
3144 9599
1866 3979
1472 2236
5564 9714
5263 7794
5524 8675
4011 7565
5928 7180
6827 6854
7375 9938
861 5092
5088 7110
588 1253
1660 5827
7928 8090
3492 5372
166 6021
5423 7270
106 4666
1134 8936
4710 8532
4744 9116
2889 3562
778 9253
4403 7038
1848 2078
3139 5338
2602 9791
2132 6646
1743 8044
684 5896
8648 8651
266 5863
6995 9219
1277 2648
2620 7172
2199 2545
4353 5346
470 4770
6225 8866
4023 4905
756 9779
3449 8366
1067 2316
4708 4762
4405 9531
5351 8345
7080 7828
4243 7069
2228 5509
2186 2688
2767 8904
4749 7659
8188 9078
4446 5841
1144 3756
4389 9317
370 3295
6450 7760
3128 8073
1608 4809
1271 9272
178 7275
6271 9307
98 3538
2915 5004
4903 5430
1223 2566
896 5448
4871 8485
6088 8089
277 1551
3854 6219
158 2134
708 9385
1686 7968
1783 4612
6701 9461
722 7559
1037 3614
4522 6491
1943 7093
6260 8059
5174 7810
953 7386
4739 9089
215 1179
3912 7104
6823 8458
279 1297
6590 6640
2052 4006
1839 8058
390 6966
6177 6540
2785 5783
7444 8337
4410 7463
1565 3758
5379 6826
2213 7529
7408 7855
1745 2894
4836 8504
3184 8000
2811 6991
1349 7347
844 5611
3823 9067
605 8106
577 5703
2038 6357
3948 9626
3300 9196
7600 9842
3999 6197
2750 9964
859 2847
663 1436
2019 7874
459 7220
4049 6702
2507 7773
5986 8484
322 6788
2893 9020
2274 6196
7356 8217
7917 9873
7445 8964
5138 7605
7251 7698
2205 4142
2602 9640
4187 8244
608 5626
1867 2870
4404 6573
4115 9901
1414 4365
4140 6528
2657 5850
7197 9545
2971 4478
3000 4024
5656 7627
975 6246
2481 9782
301 9922
2483 5020
4107 4333
922 6444
1537 7614
5795 6386
4785 7444
2339 4590
7645 9762
6057 9394
352 1771
5896 8945
3838 6602
1178 8589
3032 3923
2511 4100
576 3753
275 6630
5789 5838
2746 3872
5207 8317
6874 7464
2583 6468
2669 2902
678 7759
2092 6930
1396 4348
4935 8206
1646 8741
140 3413
7707 8103
1384 3772
3448 8751
5261 6667
2208 2875
5332 7272
6728 9203
3945 6268
1985 6750
3687 5192
105 1723
977 2517
2850 6907
2801 6523
1296 4329
867 1908
3108 5598
219 3534
1272 6087
2342 6393
7102 9816
6827 7906
7196 9620
2272 5212
1754 7139
3000 6136
7839 9459
1486 5928
4002 7065
5903 6807
3338 9317
5293 8368
1364 6356
2001 9706
4394 6064
1518 8584
361 1494
2200 9040
1694 2023
6310 6468
5814 6369
3275 7947
69 9257
2847 3455
5476 9725
1938 6425
175 5643
3314 8163
4350 7012
4603 8661
4219 9721
3250 8088
3257 6373
1392 3282
4202 9357
1499 1538
1234 6639
6447 9227
1938 8671
1911 8131
3290 6034
2086 9901
2556 4491
5014 7541
871 1575
4165 6479
8242 8432
6502 8372
6451 7876
701 2350
5028 9836
5253 8377
6812 8928
265 3634
1558 5103
916 4775
1536 5759
4827 4862
4485 5522
2965 4638
4453 6153
4396 9492
2289 3789
4730 4751
5417 6380
914 7995
9793 9898
2627 3545
5221 9813
2462 9586
7183 8982
390 2202
2581 9688
1138 6572
4178 8652
7813 8918
3832 5272
545 3839
1505 8559
2003 4846
2352 4387
5449 9098
7799 8743
4684 9195
4867 7673
3750 4240
6045 9679
7693 8794
54 2052
3980 4053
1221 3851
652 8969
4693 8437
3012 3773
3495 9461
3325 6316
1467 8254
438 9756
3265 4703
9517 9660
947 2927
4685 9045
5346 6242
4376 6941
5838 8534
2038 8136
2271 9879
7575 8566
2890 7540
388 3327
2124 3840
3457 7905
919 1688
774 1107
61 8133
2425 2733
1758 4987
5095 7799
1225 1422
778 6605
1874 2266
4536 4557
1945 9342
7994 8909
5109 8332
751 1391
1596 7048
1182 6275
1289 5384
3300 5681
838 1056
7 3307
1263 6844
8079 8987
1467 4232
4225 9507
338 8650
7622 9724
918 1708
5040 8950
26 7711
4414 5686
7317 9854
5123 8521
2585 4034
4347 7960
5179 8002
5222 5402
4155 9599
8449 8648
5511 6655
1960 7436
6582 6794
4819 9796
4169 9621
5265 7513
2051 6349
7065 7656
5433 8422
2514 3123
2011 9667
684 8824
3822 6067
1289 1416
131 4071
2722 8414
7257 9125
3604 6598
445 6334
5104 7403
3394 6825
3308 6065
2898 8737
28 8570
7579 9225
5194 6967
4038 4071
586 3287
2065 7950
2826 8991
6680 7437
1525 7781
1772 9465
2639 4841
3894 5393
37 2202
5556 5725
206 8087
6823 9138
5358 8057
5390 7046
8649 9128
3899 4393
1193 2082
599 5295
333 2676
4923 8194
1002 4257
1134 7419
2258 5024
4503 8173
1316 2993
175 9779
2511 9448
606 3086
3433 5417
7136 7787
1662 2512
3347 9213
6913 9211
2933 5035
2573 9417
3352 4346
1369 5471
3531 3842
2215 2353
4272 7383
2704 4785
6401 9334
7745 9697
3277 7027
7272 7331
4759 5389
4996 8122
7803 8656
3045 4330
3016 9104
8106 8971
4182 5542
4729 9078
1358 8907
4891 9006
4801 9926
4335 9883
7182 8225
1149 9172
907 2629
121 3179
4304 6217
2517 8664
4127 9165
3970 8142
3829 4582
3539 8066
7316 8197
8393 9325
3171 4556
3146 4534
9475 9928
1024 8476
234 3710
4277 7636
3812 5218
605 7891
1865 2358
93 9174
1661 9454
69 6441
44 5706
1711 2309
3968 9778
96 3110
5822 5887
3400 7639
4311 7019
990 7328
2178 7264
3713 6891
329 3048
2731 3025
8793 9885
4755 8415
712 6450
2958 8668
650 5492
3270 4357
2694 6441
2275 9401
1071 8940
2202 7645
2724 5200
2522 8051
676 8374
5244 9098
2998 4716
2909 2934
1303 5142
1042 7261
7256 8090
5424 9188
1770 7487
2145 6486
3498 7599
1472 1902
2488 6163
2197 5856
2696 6883
1686 7960
6485 6932
1201 5696
4703 4969
4459 7024
6240 9016
2051 9659
1684 3226
7358 8985
1589 8505
2502 7085
1619 4762
73 254
3029 3165
8780 9198
2858 9625
6556 8489
4590 7342
550 884
2157 2329
5711 6290
2424 5456
7468 9661
2090 5203
2135 7225
960 4080
872 1149
2532 7217
6124 8238
2937 4945
4046 7548
508 2786
1582 9418
29 9408
1446 4536
6804 9589
6106 7732
3184 5921
769 5793
2709 3793
1536 7331
8660 8917
4745 7514
729 9228
359 913
1019 8250
1988 2567
1892 7467
2152 7703
3355 8018
1197 3020
6894 7044
9134 9467
3315 5797
2385 6816
2858 3608
3483 9951
5021 9545
83 6093
4480 7192
1767 4946
1251 7647
295 8534
2972 9659
2564 6521
161 8695
750 7514
1546 8965
1263 8493
2609 7266
6414 7245
9383 9701
1437 2529
2080 3222
129 8006
2007 6926
111 2026
660 2255
2313 7401
5957 9660
290 6693
2843 9626
4 9847
5350 7756
3187 9785
5246 8322
120 2594
5574 8095
144 9798
3587 7233
1911 3997
3875 7043
845 7094
1819 4789
5071 6630
4744 7542
4003 9604
5980 9533
8529 9624
1422 1942
4477 6069
3239 3615
4496 9247
7740 8503
5455 8786
933 3089
1720 2021
4743 4996
529 5970
8879 9871
6620 7109
2694 8574
818 4735
1153 2797
3560 5621
5849 8246
8175 9401
1460 3181
2274 6745
5496 7853
567 7397
466 8081
2693 3563
4737 5578
2388 5466
1047 2644
7017 9274
2295 7987
77 4738
365 9153
1570 6399
3806 7638
7959 9808
2829 8993
833 1121
1469 9176
821 7389
7317 8822
3068 9335
3009 3277
895 2376
1422 8043
3204 9206
4023 4524
3656 8033
2958 6272
5999 9957
268 5226
1421 5162
883 5296
480 1193
668 2300
574 7985
3039 6699
1893 8263
821 1949
2203 3023
2222 4171
828 6269
5997 9083
6268 6562
6112 6948
4146 5623
6160 6403
963 3847
6906 8160
5737 7646
383 5819
1935 4204
1051 8548
6077 9080
4235 8976
2659 4312
6581 7066
8707 9328
1586 3979
7288 8554
7409 9298
16 6805
3260 5888
1360 9823
6651 7964
5682 6319
1357 3070
2042 4864
4604 8262
1393 7920
862 9827
132 7863
6682 6702
7521 8732
3248 6386
4333 4437
4251 7071
3944 9145
7427 9437
260 6766
2295 7888
5267 9601
5721 9375
2499 5393
2092 5800
1737 3587
2565 6363
1449 2077
568 6268
2168 8526
5407 7200
2721 9472
1154 1740
299 8764
2419 6543
4956 6981
856 8981
1353 8822
6798 6810
1113 6864
3722 8698
1032 4008
3932 4223
6988 7586
2766 3152
1202 4681
1260 7769
198 8119
1995 9510
809 7526
3671 7406
7954 8467
1662 6935
7958 8435
841 4674
9495 9960
3199 6113
2859 9256
2753 7840
9023 9888
1919 7942
746 6949
2305 2493
655 5061
1528 9392
6521 7518
3700 6441
1037 3534
3716 3771
2858 8052
6825 7186
4395 7232
7376 9557
1788 6593
3119 5832
924 5828
5883 7950
4565 9803
9229 9253
7579 9014
75 855
571 1738
3121 5636
5432 6577
2524 5058
3840 6816
3809 5552
397 6536
2412 6643
324 9713
3304 7656
3537 6796
5524 8935
5723 5803
103 1691
5455 5787
1099 2078
4352 7360
183 323
5383 6590
1508 4585
5124 9625
3319 6347
2737 7296
174 4156
3902 6886
2051 9813
3325 6303
580 5105
6433 7701
3157 7283
2225 6759
188 2816
1278 7096
7423 9741
5893 6096
1906 5697
4753 7277
899 1260
1307 5277
7946 9144
2853 7045
2359 3279
875 7957
5658 6299
438 1127
2401 9442
7547 8548
454 3662
5132 6864
4595 5199
8619 9173
2793 7279
2790 5495
2404 4286
2901 5938
3904 8284
4565 5001
222 8353
3050 9091
2719 9099
2895 4470
2183 7706
2865 8096
638 7487
720 7588
3491 8602
33 1546
1997 2830
6534 6538
4907 9018
4050 6192
1725 2373
3271 4182
4509 5051
1257 4375
3627 5678
3764 6188
310 6989
4204 6162
1688 4041
830 6522
4679 8023
1426 7948
1897 8349
2031 8911
2261 3485
7906 7936
881 5925
2832 7809
4160 8597
969 7459
4666 7308
5427 8557
5655 6845
8480 9744
1060 9188
328 6595
2579 6854
1545 6827
1573 4949
2548 3287
522 3904
728 4131
1299 9991
8299 8922
1362 2460
2638 4435
2264 2499
566 9973
1616 6370
4343 7161
4566 7735
45 415
6634 7583
3500 4206
6827 7807
539 6204
2181 6262
4414 7235
5318 8348
3015 8620
5575 7353
7970 9333
2458 9931
2751 3122
8873 9523
1769 8427
4994 6802
5987 6885
3270 7041
6849 8701
7899 9780
8104 9919
216 3983
3691 4018
1433 6621
4407 7531
5096 5950
976 8605
5037 6504
4010 4492
1788 7767
1072 1563
5073 5443
2329 4476
2912 4249
4625 7348
4483 7827
2068 7011
3592 7380
990 1260
2964 4366
3602 9290
2965 6172
2489 5466
361 5453
1225 2457
2687 8526
723 9611
5777 5956
2994 4348
2778 2907
1306 1479
3524 9304
582 5091
678 1108
777 5827
2627 4856
4408 8810
3638 8869
175 4709
7833 9302
5602 9401
952 9761
7626 9741
2965 7607
3131 6429
3468 5028
5581 6660
1260 2758
3078 6988
732 1967
3989 8380
4397 4885
2843 6990
2569 6388
2760 4267
579 1430
3009 5056
5963 9946
5339 7417
3443 4856
4361 7857
1484 2795
556 1152
6932 8091
1258 3906
2180 3940
972 3016
3665 6159
1972 9595
890 1389
1213 7113
7708 9780
685 5020
5744 8384
4439 7753
639 3808
1524 4689
6244 6451
486 2966
5782 7536
1947 3382
108 7474
2567 6671
3286 3992
2358 9510
156 7637
5395 7795
2781 6464
1459 5023
2952 7023
4142 4827
2703 7391
5663 8249
4152 4253
4288 9965
3701 4806
3428 6971
3621 7544
7227 8905
6080 7271
5516 8951
8481 9723
3441 9461
1047 6993
108 8730
1789 6153
2646 3136
3070 5693
4189 7459
6547 8030
1097 4663
2023 3642
8638 8863
907 1939
3805 9503
1996 9948
5302 5911
4872 8206
6323 7357
1221 2742
5595 6510
196 3786
5867 8575
1382 3314
2043 4131
3319 3993
7707 9858
78 7217
3776 8991
4137 6046
2458 6657
860 2518
1241 3801
1242 3224
3130 9373
2585 8693
1711 2128
1717 7724
5044 9850
1331 1642
5176 8622
8753 9636
7636 9846
2654 3984
1243 9528
6747 9506
929 9310
840 4422
3319 4955
2348 9100
218 2907
5840 9551
2193 9650
6166 6445
2111 8973
1023 9920
8067 8580
683 3137
850 8867
3695 6020
2826 4507
8575 9291
2899 5024
2814 4064
4853 6006
1128 6806
276 1221
4815 6388
2747 6580
551 1103
3670 5313
740 6826
591 4955
2391 4139
755 2152
5580 8222
2813 7211
5380 6192
2017 3466
4301 9888
75 3886
157 5768
2424 9199
5934 6141
191 4212
2585 3836
2247 7275
7247 7931
1333 5236
5002 5942
551 6941
6239 6242
600 4280
803 7642
7783 8153
4014 6651
2585 4016
4911 6950
6870 8086
176 1826
6670 8872
3949 7505
3538 6974
6626 7566
6821 7366
499 2958
3109 5082
1944 6282
960 2905
1612 5393
4231 6603
3158 4530
1428 5622
281 9027
678 6265
1952 2782
1938 7686
6468 9119
8286 9786
5367 7204
6687 8652
1007 3276
5905 7369
2359 3737
3198 6404
317 6478
679 7343
6053 6797
6836 8001
5778 9711
1250 2274
6026 7208
6169 9562
4266 4844
9421 9877
1488 8194
823 1207
3215 4387
3417 8312
2259 3785
1257 6887
3018 5158
7966 8954
782 8902
6069 6468
349 6003
1039 9645
642 8084
4758 7228
5942 6031
6391 7376
2380 7496
1459 4649
4838 8134
2432 7582
1957 8763
1212 6717
2313 5750
6839 9076
5448 8901
2159 7942
2118 8036
1260 4536
3047 8692
5530 7429
2690 3752
4647 9330
3512 8648
4834 6850
5022 8027
3289 7089
7329 9703
4523 8125
1421 5494
2438 4660
2163 8804
2605 9346
4246 5311
6604 8539
2158 4943
3014 9189
1165 7454
8296 9826
5199 7435
2939 7916
3637 7401
4664 9361
2992 9282
4929 6814
5817 9179
5459 5903
2682 4824
5221 6261
2005 7909
9077 9887
1720 6483
2900 4806
689 1429
2873 3892
1871 6568
2812 4051
7142 9224
1907 2753
2878 5009
1347 5093
5935 8312
1261 1481
6243 9215
2363 7039
3107 8342
7537 9967
6736 8870
1851 8604
1833 5877
2549 5139
3436 7907
7771 9951
212 9522
1505 9092
4275 5419
2774 5718
4952 7999
1602 5424
1940 4652
7037 8851
3106 3124
649 7603
86 7797
3016 6711
7300 9553
3891 7884
6131 9856
2739 8705
5394 9857
3519 8692
6509 7817
2940 5692
121 7983
606 5117
1307 1659
7091 7116
1267 1645
575 5484
535 9670
5457 6057
6634 8302
4734 6687
1088 1630
1900 6289
8064 8439
258 3018
2378 7594
2524 3409
2451 9000
366 7150
4806 9038
8704 9450
1108 5349
1734 8394
5857 7460
1395 9799
484 773
400 3562
5118 6934
3087 9466
3459 4001
1469 1709
3451 7555
4055 5289
1154 5276
749 9250
2302 9888
3522 4140
2447 4786
4787 6458
3717 9866
3100 9334
1369 7347
2802 7900
9734 9907
6626 7992
8600 9761
5103 8032
4566 9251
1500 2051
3169 5950
9713 9813
5005 5628
4103 8599
4463 6040
9410 9492
42 7855
7161 8329
8737 9659
1581 6809
3328 7373
4784 6241
675 4866
6359 8071
3318 9822
2927 7968
2455 4749
4051 9661
780 9597
3998 4896
3036 9791
6153 7129
4467 9987
5804 8846
867 2016
3194 5086
5282 6072
1196 4246
4105 9442
822 4658
554 4914
1874 8791
2361 4317
9143 9610
1499 9241
393 2025
4095 7029
7681 8501
9697 9964
3207 6886
995 2766
1697 1886
3385 5303
2160 8830
3494 9280
2987 3328
3158 5464
1301 8219
5385 8836
4604 4769
996 2123
6651 9686
103 7325
3583 5662
833 3929
3081 8303
4221 4493
4703 8879
583 2747
8219 8645
9271 9832
1007 2788
5297 8370
6206 8607
6145 7014
6514 9437
7351 7644
3706 5600
6582 8905
3622 5520
1218 4324
4962 7677
9641 9948
1519 5077
5760 9054
3420 3872
3 7861
1042 7514
2373 2867
547 2234
5444 9493
1574 2798
7630 7906
6202 7885
2481 8292
1098 2410
230 1422
4462 6804
5767 9177
698 6839
3956 7019
3998 4856
214 6310
1982 6114
1282 9939
1518 9041
6281 7983
280 2431
5437 8479
1293 3601
1260 2992
7556 9343
5914 6040
7319 9885
7414 9362
4768 7249
1508 7564
2984 6922
867 3962
1456 2377
1836 4572
667 6995
5722 8303
7677 8884
2476 3715
1313 9735
3815 4464
4828 7408
2974 6836
4726 5545
4617 5703
2466 4285
3994 9107
441 8438
4061 6476
4135 4588
8028 9080
5182 6356
2187 6346
5979 9290
1450 2786
5849 7654
2440 7906
1228 1980
4539 7797
4163 5401
1195 1788
464 9268
317 3019
2004 8256
8545 8644
4811 4953
1346 6867
1719 3047
1455 9294
3826 4033
115 146
428 6963
4977 5887
4313 7873
8281 8940
3694 8123
4068 9280
489 1355
1577 9463
1481 7820
4788 8261
4557 7743
5611 8285
3212 9184
460 7569
3051 9746
3157 5356
1635 9207
1448 8385
2615 9951
4080 8413
1592 7374
538 4384
3721 4617
3928 4243
3526 4132
48 8652
957 5428
3449 5777
177 1780
4769 9684
459 1976
6642 9526
180 9049
453 1832
1250 8079
3711 5988
1482 5697
1345 6690
2977 6424
5012 8607
4012 4121
1858 9819
3711 8603
520 4599
4816 6419
262 8099
8997 9304
1393 4129
303 7658
634 845
3998 9633
262 2925
1391 3469
6804 6872
60 968
6847 9902
758 1658
586 9594
3738 3762
968 5301
5079 7560
1473 2115
248 606
7830 8527
2692 8198
3274 9397
7199 7439
333 9335
2767 9642
3927 5438
648 6159
516 9238
1548 4138
2077 3817
6122 7657
5250 6150
5504 6228
1427 8661
1888 6652
2002 3892
1955 5166
3816 5005
2320 7323
5875 9519
467 1206
3598 7932
242 6930
2166 5870
3604 6440
51 5637
2992 4030
5185 5427
2648 6536
1662 8782
599 3861
8844 9328
4410 7977
640 7870
3568 6900
4688 9068
2304 4539
1292 7520
8533 8686
3127 5098
4236 7826
2371 9209
4728 9106
6109 6777
2622 9001
1431 3400
5777 6152
1483 9347
4432 7919
1391 6435
4451 5386
1841 3200
1423 2955
4536 8879
1506 6232
7655 9868
6267 8733
2633 8577
2028 7733
1188 1295
1567 8504
4181 9327
3498 4525
6187 7041
97 4934
3984 8805
3800 7433
5378 6291
862 6965
4891 7927
4944 5350
1679 8896
537 2395
9284 9984
4491 9372
3321 8622
4216 9625
5164 7967
3623 8905
609 9639
69 7254
2013 4894
3375 9273
2249 5379
4999 6298
250 2914
3739 5346
70 5783
6250 6925
4281 7087
722 3786
6186 7331
2692 9659
3758 8851
2837 7859
1988 8247
4921 6966
1508 4100
6217 9363
34 4427
4636 8936
2712 6210
1916 7866
1952 9397
6438 8762
626 5982
172 8648
848 1757
4193 5868
2564 3282
4909 9398
5996 6528
3044 3319
3199 4400
4322 5341
2605 5193
9314 9773
3841 7515
4523 7859
1176 8357
3482 4251
3467 7597
1619 5350
1186 4409
4960 5817
1128 9606
1895 4980
1735 8237
1447 3680
3034 7305
4673 7919
854 8498
2784 9265
7319 9704
8285 9777
5969 9053
2828 2840
793 5808
9186 9659
1333 7431
2213 5983
4140 9035
801 9266
6372 8030
4172 4193
683 1097
3534 9625
5992 9865
1961 6903
6145 6950
3703 5682
718 3407
806 3575
894 3931
1343 2383
2422 5969
666 4168
7198 9909
2100 8951
417 8495
1677 5544
2759 4454
7074 7114
3403 6303
3791 4473
3844 5979
2711 8137
6643 9269
2872 8452
4273 6914
65 2318
979 1341
2521 8879
1288 9784
1665 7876
59 8377
2222 8024
1797 6970
4737 8083
134 3748
4512 8596
473 4650
2178 4651
1756 5811
5366 9275
6191 8922
2429 3058
1402 5595
3460 6805
5395 9572
8001 8538
620 8374
2326 5135
14 5065
4796 7654
787 4098
6822 8547
436 3023
2682 2858
4175 7970
1738 2605
1492 3012
734 9191
6122 9667
279 2270
878 2627
1313 6180
3655 6013
126 595
3484 4934
1382 4341
617 1021
1910 8212
7320 8399
7663 8312
2399 4988
2001 3089
7869 9827
1927 3349
1156 6927
142 5982
4923 6156
1920 8776
440 1302
2786 5278
5401 7079
3561 8812
815 8589
4692 9859
259 9979
1214 2153
1932 8055
184 6413
1028 9725
1856 4153
2858 4915
1203 1639
3885 8446
6599 8807
6047 7554
7218 7588
2773 7438
4105 9929
4420 5249
3080 9603
244 4703
3812 7109
5761 8875
5430 9034
3279 6614
7270 7592
1311 5367
25 1573
404 1110
4328 7690
5057 5093
1465 6660
7752 9194
672 2922
2815 6575
5855 8907
490 8182
4518 9113
429 2096
920 3644
7803 8255
156 2248
3673 5812
3362 6023
598 7976
215 5222
627 7477
1330 8303
2226 7486
3844 8024
1126 9848
1439 1892
1033 7028
4313 8152
1219 4231
1951 3254
7357 7911
4229 5748
1349 3573
8149 9722
1052 6868
979 6457
5068 9479
1297 8265
1750 6318
7776 7952
501 8214
1623 7694
4460 9700
3053 7887
5344 9245
495 6537
6758 8393
1505 3786
1883 1941
2473 8625
120 484
340 1229
1372 8580
8152 9607
644 8473
3405 7791
3053 5413
1317 3606
8336 8652
3400 6827
1126 7970
190 4703
784 8752
582 2052
156 2556
2500 4023
7227 7268
1494 2839
3647 9315
1591 5853
2962 7649
2381 6444
6409 6583
3753 7361
5843 9552
7719 8654
6372 7805
1317 2694
2208 4792
1699 6441
4328 6377
1741 2299
2236 8749
1402 8632
4227 5505
984 3127
2355 8952
8831 9619
4477 7146
3636 3700
53 175
1499 3578
2282 2615
2141 9045
1646 8093
360 9374
901 2265
5289 7103
2211 6802
9498 9631
1650 4458
641 3916
1327 8486
1816 8761
3800 6958
2494 3604
5292 9193
6047 7912
74 620
2449 2857
2559 9115
2171 9794
337 2821
4917 6988
7198 9356
2314 8469
4814 8039
359 3250
3669 4592
2211 9903
6652 7875
5538 6281
4358 9298
4853 6695
5026 9847
1850 7588
2220 7892
1230 1514
3016 9638
1941 9662
3431 4442
5579 8094
6549 9568
9150 9539
488 3912
3417 6790
4309 5350
6617 8952
2236 9855
2585 8885
8221 9459
1913 3815
4946 8461
726 8901
2555 9099
5908 9645
1856 3292
2209 4806
3435 4514
5307 7954
3811 6920
3380 6907
5962 8064
1533 2030
8352 8398
2584 5587
5031 5612
877 1658
1470 3394
5178 9791
3785 5513
1406 4426
2791 6989
1320 9205
5965 6116
1428 5399
2869 5597
7836 9879
8309 9970
52 1873
3801 6661
1781 3711
2187 5333
45 8009
7623 9181
875 8012
7650 9876
6146 6890
66 215
2745 4816
1252 4038
2285 4092
8929 9849
7772 8811
2634 5055
6848 7680
8098 9757
1733 9127
1723 7127
4370 7573
6561 6654
1736 8803
43 6783
20 7723
1120 8412
2296 9290
5151 7645
2052 2279
2863 4866
8120 9903
7925 8232
5861 7597
3644 8284
9211 9888
4069 6193
2568 3601
4058 6412
381 9628
341 6225
8410 8681
6486 9062
1021 4243
6820 9301
2747 8272
4628 7313
1989 6408
768 8705
1011 3020
5963 7300
375 9813
8270 8790
3724 7952
2084 4060
1673 6100
2047 6055
1353 5425
8475 9124
6594 9885
3221 8985
4572 6153
1219 6061
2865 4208
4890 7051
1338 4276
318 8333
432 6902
4899 9337
6017 8555
6587 7200
7196 9699
7400 9083
4052 4781
188 7488
1856 9215
5405 9942
8335 8530
884 3176
3202 3435
1462 6050
2477 3059
1577 3643
3471 7037
2601 3684
1260 6290
3028 3747
3050 7662
7163 9127
6419 7221
3367 7546
1218 1313
1437 3891
1726 4648
3212 8621
4920 9362
3900 5944
6129 8498
263 9379
3504 6318
7595 9406
3373 7589
5874 8262
3936 5756
7100 7147
774 9441
2961 3342
1237 9489
4123 4437
1860 5250
3149 9192
2060 8250
1803 6153
4040 6872
7144 9420
4879 8626
4460 4730
4841 8297
29 3142
848 9637
8670 9710
988 9335
945 2364
5337 8800
1944 5867
5577 5735
943 5479
146 5785
2633 3753
4237 9073
5374 9843
2802 3510
3016 5965
1638 4780
4170 6968
948 1864
1124 3035
1994 2538
4153 6073
1523 9769
927 5030
5991 9672
4901 5387
1979 8335
9268 9674
408 1525
6539 9981
4703 7656
2521 6666
1673 7464
273 349
6654 9213
708 7390
727 7435
8728 9481
7508 9290
7923 9695
2340 5346
2295 4103
2434 4462
2988 5171
2539 8217
4553 6047
60 9003
2826 5705
2668 6620
2694 3146
5336 6712
2168 4310
6737 9052
3901 5144
1772 7498
1696 4866
1658 4691
935 4583
8905 9073
5030 8781
4560 8518
957 4578
2874 5064
295 3843
7694 8168
2623 3313
7326 7443
760 7904
3181 8388
2282 4441
7625 7800
5247 7634
239 8494
1059 1150
1156 3516
3920 9103
6437 9099
6873 8624
1128 8284
1064 1928
3415 3574
132 7351
692 7725
3935 5089
6019 9342
1331 6351
691 2281
6156 7136
7205 8196
6477 9706
2839 9483
1700 5192
1355 9673
3542 7315
4262 7717
3305 9968
2974 5680
2295 4544
2158 5766
2030 4655
3340 8480
4195 6395
3789 8016
4581 9735
6233 9682
3216 4609
4348 6197
9165 9281
1921 6934
1446 7304
415 1622
175 9045
3533 6242
4198 4452
4919 9477
6106 9850
8795 8854
4864 7477
2926 9894
3854 4294
7318 8769
1181 8471
6347 8941
2718 5488
4404 6493
2063 3059
3067 6511
4889 6589
482 2907
2065 4682
4289 4625
178 708
7768 9994
714 9367
1836 9426
7257 9430
8001 8567
1354 1601
2403 2763
3136 8622
2324 3188
6474 9600
1542 5342
2473 6501
4682 5947
582 6877
2350 5683
4078 6005
722 7484
30 7313
2005 7276
3389 9869
7303 8158
3500 3938
7694 9376
2732 6054
118 1285
5888 8679
3734 6934
320 9526
2558 3288
1305 2315
3293 6092
3121 4947
6140 7784
128 4319
221 1263
1315 6192
3757 4177
8083 9156
6512 7588
3255 9375
7930 8818
717 7798
5946 8859
1854 6207
6504 6766
7100 9611
978 3719
3904 7262
223 6019
5423 6989
5599 9295
2018 6818
3710 9638
4734 7948
622 4585
3686 7072
8745 9109
470 3221
6066 7567
7793 8708
305 1724
7082 7797
445 558
4555 7812
667 4493
1613 7378
2569 2613
344 8841
808 5667
323 2404
5143 7270
5029 9193
5015 5628
2669 3298
2556 3741
7403 7427
6158 6183
7691 8714
1829 8362
4876 8211
1830 6689
3243 4438
8310 9548
2710 5521
4697 9538
2263 6124
2940 5051
1124 5446
2660 5822
2662 3424
4115 5067
6481 9445
8442 9094
3897 4153
5515 6397
2489 2988
4120 6045
1438 7206
2486 4980
6597 7371
8962 9953
4001 8771
356 5210
920 2732
6699 9324
6485 7769
580 586
937 9585
4382 9734
5658 8724
6670 9171
879 7242
1307 3729
7494 9968
2298 8795
5069 9341
1856 2101
897 4197
5536 8152
562 2659
6450 8687
1266 2526
2287 5965
1298 6274
6790 7635
1774 8046
1298 4478
61 3945
8429 9389
471 5673
1962 5772
1234 9026
989 4308
1688 5039
5731 7232
2963 4316
1027 2255
5727 5807
1398 8278
6961 8625
7978 8993
5899 9502
4390 5314
6156 7182
667 6687
2839 5482
2855 7267
1403 6936
3370 8685
3413 3681
167 3356
2651 8752
9672 9758
1133 7460
1784 6342
3204 5159
8454 9883
1559 8245
3457 5684
1850 3360
4361 9081
1427 4086
3638 5010
5482 8367
2122 7479
6322 9245
3426 6230
1979 4102
5741 5919
435 9477
8360 8891
4276 6028
5222 7351
2564 6131
5477 5867
2292 5751
5137 7700
1327 2123
5199 9782
3208 4516
2243 5094
1423 1559
788 7875
585 8461
1723 2000
2025 5028
3845 3943
1793 1855
1911 3866
4430 4718
5552 6881
3952 7391
2853 3696
4017 7125
4414 4429
4902 5373
4590 6368
5792 9956
5676 7097
5115 6083
5438 7155
738 2450
2956 9901
6827 7435
24 2389
716 7677
2581 6845
677 4587
1638 2908
6268 7550
605 8197
3433 3766
4578 5812
4085 8385
1269 3875
160 3332
2865 8315
1294 5124
8140 8190
266 5504
2423 7466
1705 9192
530 5706
8725 9581
2396 3588
375 2616
483 1971
1263 5582
2533 4322
2358 3105
1241 5448
2950 3091
1444 2134
1361 7522
1468 6532
664 6608
1659 7159
213 3731
194 2327
6396 8494
5766 7888
3254 9172
4036 9645
6676 9924
4439 5197
768 7008
4391 7135
7525 8695
3545 8372
1597 7118
714 8588
3275 6899
900 6334
8416 9050
2005 8379
2833 4630
1054 9341
6122 9574
3724 5842
6839 9510
2938 3477
241 534
2543 4045
1846 3840
1243 9689
4118 8001
3704 6566
5486 6065
5199 8051
3102 4214
4064 9478
256 5670
3420 5354
1794 8797
2228 4408
3469 4336
5977 8123
2882 8642
2179 2359
1892 6063
6251 8083
2183 4359
494 7430
3351 6742
6603 9953
2303 3331
7628 9706
5943 9591
7907 9877
4888 7046
1044 2064
48 1668
680 6938
200 6726
5777 9012
2879 6203
8846 9542
1045 8523
6334 8192
7063 9788
2289 8913
7952 9364
4448 7731
2434 9011
2259 8664
554 2492
5480 8914
387 7720
3475 8920
3387 8067
3604 8166
7826 9482
3254 4311
2270 8346
4994 8330
443 7775
7090 8976
3546 6486
4510 6231
6742 9711
4854 9277
3663 5893
2660 4742
3112 7480
1270 6718
6044 7210
2804 9666
5144 6624
2470 7069
3624 7929
412 2980
508 9427
7000 8956
6309 7995
766 6846
3013 6970
7020 9357
6354 8184
5138 7951
820 6552
5567 9233
723 2418
6719 9275
211 6166
6052 7957
7725 9644
6114 8758
8092 8155
3326 5560
3854 5572
1505 9459
2099 9945
1486 8644
2997 7616
5223 9032
5743 6838
344 2065
4077 4902
3083 9429
1998 7212
2363 5328
2815 7149
8414 9017
613 8072
1810 2092
2029 5791
6836 7777
2036 8313
3892 9076
776 8340
2435 6754
5601 7616
6969 8060
4112 6069
46 1901
2785 8355
3022 3824
800 5786
2123 9404
3612 8256
1216 6107
3591 6363
2339 4103
288 4227
2952 8459
7074 8617
1684 9177
6872 8014
1479 6223
384 6884
5037 5846
5964 8646
7198 8569
2316 4094
3186 5158
3041 3685
3279 8711
6155 9639
1196 6960
8463 8685
5457 9979
3903 7481
1214 9559
1151 7024
3489 5271
2523 7897
730 9010
9283 9762
885 9641
2532 5734
4084 6088
5899 5987
2305 6367
4050 4497
1899 7285
8411 8662
584 7965
7193 7880
1516 3488
3848 5546
23 715
342 6023
1314 1371
4043 7948
143 6333
7541 9708
7334 8493
2043 5791
3074 6258
26 8920
466 6607
2462 5785
6551 9451
1705 7938
1493 9565
2602 6503
923 7410
357 3235
5257 8580
1866 2762
6878 7636
6130 8166
9170 9233
2142 2823
2463 6124
5885 9823
8322 9448
7062 9568
664 4760
38 9284
5505 7616
5402 5495
3505 7828
103 8287
116 1652
4057 7070
3484 8328
5 9497
112 193
1001 3531
2915 7485
331 1214
2736 6735
2408 8732
1203 4259
1136 3926
670 4269
5150 7007
4452 8201
7488 8361
1594 2092
4535 8332
5013 9164
586 7259
7294 9826
1084 1889
1391 8071
7507 7850
6332 8727
4403 5042
1022 9546
3879 8425
6016 7308
1120 6307
2776 5203
839 8973
8141 8153
811 5467
1114 8359
2360 5363
3279 6117
2040 7341
4413 5486
649 2625
5976 7291
3161 8406
2459 6930
274 8121
7789 8635
8045 9664
158 4703
1285 5251
8300 8389
1078 8722
4529 9001
3343 9474
730 1753
319 8611
2382 7098
2760 5109
5624 8511
784 3707
83 5797
651 3555
2832 3974
6826 7108
2910 8666
3884 6005
1375 6563
4264 4618
931 2958
1108 9360
1108 2563
2370 4681
2617 7164
5284 9808
407 1802
393 2806
3459 5403
4932 5194
208 8594
2878 4939
8586 9067
904 5810
3008 3985
6898 8058
5124 8113
991 3053
412 1132
3197 7681
3473 9723
135 4872
100 754
3092 4731
5829 8816
417 1833
6371 8246
5285 5769
3561 8133
7561 8056
2963 8904
1111 9241
1643 4850
697 4079
4100 6194
874 7460
970 4931
6987 8169
3131 5989
4411 7452
739 7687
1525 4508
3170 6105
986 3824
191 1134
2486 8371
2627 4552
4486 7191
4015 7443
3861 4032
4513 6398
2901 4345
1872 9417
8625 9172
3775 6355
569 4051
1587 8035
202 1478
1371 6341
7636 9940
3820 8433
8791 9991
1192 6001
2216 5781
8788 9465
3552 8052
4140 6329
536 4841
4761 9264
3218 5852
6913 8795
4128 5524
634 735
3298 8903
3187 6726
2892 5734
642 8695
3975 5273
4375 6839
1563 5669
1536 2927
972 7462
1281 2974
428 2684
180 9650
6596 8615
3974 9378
2495 6429
1560 4865
8520 8669
4217 9849
6729 9598
2772 5115
2093 3393
1673 5211
7714 8133
1776 7421
3036 7868
6506 8399
2633 6708
3627 7095
351 1133
2855 9364
2378 6846
6995 7097
7744 8132
832 5268
3597 7360
3382 8244
31 4930
2568 4370
7817 9570
2090 6610
5830 7724
5626 6294
4852 6395
6843 6891
4726 9990
4942 7661
5674 7965
667 8741
1582 6423
1882 4387
3721 8122
470 1349
7337 9532
5170 8264
4585 5107
3862 6755
8883 9050
1963 3806
1748 5462
1020 9519
1353 1756
4997 7436
50 8174
9026 9742
2500 5906
4206 5005
7888 9625
2308 5326
2207 3579
4380 4606
3009 6098
1105 6131
3289 9198
4878 9263
9397 9782
5201 7533
1913 6909
2696 6776
3188 7309
1263 9192
4648 8349
1205 8762
1992 9914
2521 6425
1382 9520
5575 7720
4044 7477
169 1300
1852 6439
7751 8383
5873 6985
3596 9604
4113 9415
4118 7286
266 6284
846 3002
3609 9775
1609 2784
7206 7274
4086 4598
2252 9635
3220 4585
1248 8722
7757 9111
3522 5733
2350 6170
1525 2079
5486 8658
1973 5999
86 433
2083 8402
347 2239
476 653
4747 5215
4094 6108
3139 6821
7738 9932
4148 8812
2452 9175
6189 7529
7160 9551
3588 5306
472 3084
756 5892
6815 7224
3081 4303
8583 8798
3313 8884
2826 5187
5188 9263
474 9556
3415 9446
1115 2253
991 998
6575 7612
1331 2228
4736 8067
1000 1180
2566 3061
4285 5059
3079 6135
5174 6354
4847 7688
2559 3987
2615 8282
5930 7998
3523 5217
1233 5955
1614 1757
5004 9284
963 8677
1036 2230
1220 2469
8108 9571
5503 9167
6694 8995
734 1209
1138 8817
2272 2612
2367 6845
3666 7248
329 8097
2177 7426
4861 5775
3423 9916
5904 9981
3377 6988
6925 8273
1892 6206
2851 8848
3648 6905
2074 7663
4689 8635
6288 7785
3166 9268
2120 2225
984 5953
432 8298
6670 9133
6863 8739
4360 4991
7147 7576
833 7794
4267 7963
5608 9242
3733 9318
1868 5212
5832 7427
6813 8451
8465 9437
4516 9756
3528 7475
3840 5276
6914 9906
4875 8326
2461 7586
6939 7277
253 4754
9869 9975
6850 9619
394 3829
7705 8398
5951 7250
9146 9577
1630 6408
6579 9588
8598 8755
5924 8835
3190 7138
3404 4517
2660 7194
6493 9909
2713 5004
4984 9345
7557 9371
2211 6977
575 2681
2185 5612
6762 8444
3248 9895
2373 9741
2285 3249
7417 8052
2878 4959
1977 3528
7606 9132
5997 6781
5710 8586
3957 6636
6157 9751
6998 8847
978 5534
1673 4973
7401 7521
4169 8948
2940 4319
1117 9486
3508 5110
51 4331
30 4062
1123 4823
3173 6938
2805 7985
772 1448
693 6730
2654 5653
4670 8397
1002 3425
3145 5643
4296 6130
3837 6453
3091 7516
1874 9484
1732 7859
1278 7908
3413 6410
3632 7976
4661 8165
7658 8720
6311 8978
1017 3685
7304 7700
921 2294
61 159
6195 8570
3234 5537
4982 5543
5980 6441
7941 8332
3282 4688
1691 9060
2431 7891
1153 6022
1091 6045
4075 8631
2748 4149
3103 4193
4993 7156
6606 9731
4557 7654
2012 5785
578 4059
5609 8032
1644 9614
3251 9831
4095 8652
472 9331
4399 6627
1561 9510
1079 5639
6950 9476
1489 3511
9262 9664
1061 3816
808 3569
2155 8551
270 7944
3581 4772
8115 8577
3479 4555
1682 8926
2609 9014
5427 5757
3231 8107
8133 8500
2528 8782
1605 4863
3821 8170
1492 9564
1451 5112
3857 7792
6334 9411
5613 9277
6487 9274
2667 8742
4691 6668
1761 7836
7211 8178
1327 8801
3260 4612
6905 8129
4570 5377
1309 7907
4819 7112
2501 3890
5706 6966
161 9426
3831 9783
2913 6312
344 6364
2456 3116
687 5680
5486 9835
800 2229
9369 9429
5615 8056
8258 9889
3160 9341
4448 8937
6044 8601
5844 8940
3521 6562
4697 6536
1077 5212
7134 9003
6817 7474
1814 8561
1890 2214
130 6256
3082 3409
1313 5948
6800 9274
5155 9017
6242 8994
372 3336
662 1929
7038 8974
277 5005
4052 6046
993 3962
4827 9098
2974 3571
583 9070
1326 1760
439 2824
158 8215
2833 7965
2626 9865
1216 4932
3672 7302
4349 8749
2729 4735
4280 4801
1299 8757
1405 9409
1502 7137
563 4615
4213 7003
3595 4088
1710 5040
4233 6196
2607 5700
2144 3253
2360 4195
802 9488
2342 3400
671 6102
1227 7732
1984 7707
1608 6992
1681 9377
2233 9678
276 5819
1023 3743
1410 1541
2738 9855
2951 4047
1440 2152
3483 5270
2766 6249
1043 1647
93 5369
1101 2679
794 5823
4873 9354
2046 5628
3945 9568
1158 2797
1000 1730
6314 9451
5286 8648
136 8490
2213 7618
9171 9265
4366 8339
5097 6057
5282 9695
30 7741
1497 9821
3583 8962
1217 8880
1421 1496
5670 7465
2489 5164
6120 8902
1373 9467
3533 3649
767 4168
4911 7569
965 3571
3139 5509
148 6357
1209 1221
1274 9790
499 6013
3301 6838
1521 7115
160 1547
1048 3892
2896 4268
798 3652
1604 3358
4019 4454
2297 6892
8128 8307
4951 9373
1376 6351
3356 6810
6991 8736
3122 9381
2415 7073
6651 9383
7956 9573
780 8717
5931 9346
502 2906
5044 9354
1349 6937
2486 2561
697 1647
2852 6837
3355 6050
1964 7907
6103 8974
4684 7314
6519 9717
1505 2160
2587 8697
3745 9112
1231 5066
3088 7972
752 9970
1697 3228
3680 3685
3250 4651
1002 6801
3097 8154
2400 7213
2795 2843
5287 7054
3522 8410
4139 6307
3840 8035
4150 8842
4193 6656
334 4748
608 4951
4139 6799
5772 8850
5785 6650
2808 6556
4218 6620
522 6716
2072 7526
34 7149
3248 7514
5265 5913
5412 5981
486 7458
4438 8506
1013 6929
327 3907
9437 9677
1527 7542
1087 9040
2031 5008
6359 8338
1036 5564
3105 4350
2075 6540
513 7109
215 5070
3259 7198
4221 4647
2458 5988
1863 9602
739 1487
9082 9889
7073 7387
4469 7512
4557 5562
2845 7915
2364 9635
2462 9252
909 2381
149 9478
5231 7740
461 6060
2184 9771
703 2052
5131 5552
5361 6379
2428 3881
2067 3099
5690 8973
6929 9117
5793 8195
1817 4009
5688 8710
4896 6489
2403 5336
3730 8118
9235 9401
4550 7123
1503 1973
3996 9661
104 5862
1033 5954
1552 3093
1079 4295
2974 7261
2696 6815
6148 8523
1515 2680
1840 3420
32 5554
1498 4174
4917 8579
246 8958
658 8550
5546 8326
2163 7651
2269 9263
5588 6279
4826 8109
6460 7632
1255 5228
1473 4104
2679 7492
7748 8581
871 9116
102 5104
8547 9850
5587 6950
1935 3744
2032 7653
4688 6663
3241 4190
2720 3897
3498 8779
1386 6082
942 5230
3854 6308
2632 2993
2327 8274
5092 8722
1095 9073
5012 6478
3310 9998
3995 8216
3039 9739
3298 5486
1861 2354
215 7193
5817 6530
4849 4881
462 6764
1068 9572
5299 9791
1536 5051
849 6631
6211 8159
2442 6772
220 6363
5315 9152
3986 6554
757 1475
4659 7450
4462 4826
4127 5082
3417 7890
2255 3368
1080 7665
141 3120
1673 6939
1566 3091
4662 7262
17 534
3629 8015
455 6833
2347 4906
5062 7066
1001 2076
3102 7174
6350 8825
6259 9749
1903 5861
4826 4998
2129 6315
6357 7919
1107 5701
7056 8897
3811 4645
3181 9156
107 7593
3708 4670
1018 7480
3125 6305
1626 1928
2484 6822
1485 7653
4227 9868
2468 8569
8797 9757
1512 4146
8388 9022
4568 6445
1342 3046
5213 7938
610 6508
4761 8889
1480 9236
2700 7932
1230 4143
1687 9324
4671 9677
3930 9029
6496 9598
4465 9177
466 4937
1092 8484
4799 4930
1292 5226
957 8443
6600 9517
1203 9397
6991 8213
5375 5928
5442 6930
1033 2061
6544 7976
4127 6382
2730 6555
2376 4765
4085 6670
3590 3786
160 9777
4172 9435
6062 9019
5967 7148
4884 9768
7596 8001
372 8906
926 3738
1417 1659
818 5978
823 860
3975 9681
7167 7649
5665 9843
564 5087
8183 8857
3671 3814
2914 3951
4688 5652
1392 6181
518 5851
6356 7903
304 4590
1537 4222
6287 6876
1792 3984
8092 8445
4736 4749
1696 9433
1285 6698
7066 7541
2192 4111
1498 1970
7994 9204
4029 4257
5181 7557
2492 5285
663 4838
1082 7081
907 4800
4787 5422
6583 9471
313 8115
5229 5825
8689 9913
3538 9615
3795 3873
1314 3430
1924 9082
5240 8979
878 5982
1298 3127
2586 7914
7474 7893
9829 9958
158 6746
4891 5858
885 8252
3293 9520
356 9953
759 3870
6845 7722
4178 9036
1185 4876
494 1532
161 300
2343 7723
1285 4133
8716 9843
2059 8484
1221 3066
3311 3578
4288 6285
8182 9572
4401 6343
1488 2777
768 8754
6378 7143
5716 8374
1418 2537
2813 7213
3599 5942
3411 4299
4516 7862
1522 6808
3172 5835
2048 8887
3353 6886
984 3887
1684 5364
1056 8040
7934 8359
2697 3488
8878 9947
2275 6118
2048 3136
5225 6564
5574 6761
1317 9326
3130 4562
3866 7572
1096 1387
3135 7569
2749 8978
2262 5392
2881 7001
2248 8622
6295 9583
8988 9313
524 9965
1184 7236
3209 5429
1107 4826
5002 5717
2237 6629
1319 6192
3761 8323
2927 9532
3635 6678
497 9129
94 3227
2215 6012
4387 9843
3346 8866
502 4041
5407 6436
389 7280
3552 6830
4681 5831
6287 9260
7450 7970
411 3743
746 4454
4596 9205
3722 5695
3502 7803
7684 8356
1768 6306
2378 6755
178 2361
990 4816
4416 6693
3312 3588
4454 5306
2141 5912
889 1278
522 3174
7988 8996
3881 6167
5167 7092
4357 7122
772 8756
5498 7572
1715 9590
1536 6106
6277 8546
3278 8059
2025 9598
354 5447
2211 9785
6394 9765
6416 8778
7578 8563
5505 9782
5344 7602
121 2235
6125 7042
3784 5600
2305 7882
648 7018
1866 5436
3783 7124
770 1324
4588 8110
2636 9380
981 4893
723 2227
837 8722
349 5824
7852 9851
2683 5816
3127 4600
3472 6023
1053 8947
8221 9504
2998 6266
6423 6443
3100 8620
1000 1024
932 9971
1272 3127
8899 9626
2179 5763
4271 4518
7232 9327
4080 6101
6839 9970
1551 8100
4285 7292
4905 6361
8663 8739
3370 4134
5220 6793
688 3587
3941 5488
291 3699
4401 6835
5727 7186
4020 6829
5171 6307
7106 9173
2350 9288
2755 5080
1690 6201
4179 4262
434 9901
2354 7123
8984 9875
293 2807
4932 7207
8500 9918
3471 5345
7632 8723
4896 8993
2001 8266
5279 7905
4050 5988
3693 9485
7935 9401
3885 9464
3327 9099
1086 5092
4359 6076
4643 6099
11 4461
5442 7670
3694 7339
3267 7497
6013 6866
2959 8464
2375 3439
2232 7932
5071 5369
2350 4963
502 6428
4978 5746
764 6081
2316 2828
2108 4783
496 8535
3610 7703
1828 8403
7929 8451
1751 5117
1093 3045
2371 5746
5510 5926
6367 8904
1037 1339
1077 7079
3437 6557
6427 8692
6775 9192
1379 6166
8502 9322
908 4993
8044 9661
185 4700
8374 9669
7297 9517
381 2592
1594 9936
4928 6106
3511 4855
734 9820
3408 8690
4968 6363
2021 5399
1669 4618
382 2920
368 4058
3210 7888
2282 9980
252 7346
821 1116
1851 5369
3899 4348
2523 5628
6239 8123
5885 8283
1290 4906
2537 2738
873 8451
2721 4875
2552 3889
1344 5205
4056 7515
4375 9328
708 5558
2275 6331
1717 6286
3564 9643
2064 5595
486 4226
555 719
938 3036
454 2785
7510 8831
1299 3233
1230 9237
1505 3994
2014 4435
7076 8553
5234 6686
5659 7287
28 5316
3264 9496
1267 4320
1823 4112
2814 4706
7781 8271
8038 9976
2430 9974
684 9004
5986 6678
2045 7349
5816 8004
5969 7647
1536 7270
2308 8248
6467 8219
5527 5681
154 9504
61 3113
1153 8586
5885 6595
2310 7158
2000 7166
7161 9746
1122 7140
1369 6470
3182 4597
7995 8257
7053 8867
1955 3802
4473 5144
4776 6004
1663 2404
4146 5379
6842 8426
4127 9369
3178 9863
3148 4350
2358 3085
6304 9380
285 6249
4958 9839
4817 8484
619 6160
126 5490
1433 7279
3587 7770
8078 9050
1336 3238
3125 9760
4173 9370
1126 1554
9127 9792
2289 9110
5897 9062
976 9334
4184 9945
2551 3884
4583 8663
520 3023
942 6694
6399 6589
6748 6756
7087 9103
1103 5898
581 3719
7864 9030
2566 4806
3619 9942
4700 7517
497 9782
4200 7112
3670 3978
4508 6029
3516 9665
2581 2796
3112 8789
2248 6906
6143 8480
1504 7065
5191 8087
7122 9153
6902 7413
4221 4756
1071 9765
4348 6654
3704 4793
3012 6070
3090 4724
3917 7013
9033 9695
1616 3572
5648 7479
2018 5806
143 9384
2948 4285
1170 8320
4484 7579
1719 9838
637 2342
52 468
3491 6098
3195 3832
3051 5693
2079 8776
833 3230
3561 4926
1690 9778
715 4370
873 5248
3631 4436
342 5547
4602 9142
27 4651
4348 8950
841 9178
898 7071
5599 5888
6703 8114
1363 9376
2078 5144
7976 8928
4770 5756
1024 8010
4134 6526
1582 4536
6004 7028
2694 7198
8807 9614
7504 8937
2590 3912
4358 9893
4796 8291
4150 7415
4967 7623
8449 9962
3162 4071
4017 4938
2989 3687
5122 6617
1373 9454
3403 6793
1970 4574
4050 5148
5603 5644
2798 8229
132 4515
973 4896
3671 6023
1042 4448
2659 4183
6889 9106
318 7895
967 9405
417 8744
2563 6218
2577 7703
2378 5945
4263 9128
2066 7161
1058 4333
7836 8544
647 3100
2371 6452
2230 3111
5146 8667
875 7352
3826 6067
1923 5289
4359 7767
2640 2862
5633 7642
7291 8045
8364 9444
2053 4558
3949 9017
3629 9706
6740 8321
4847 8575
943 2020
4920 5340
3949 4681
4908 8561
3972 8242
5092 9496
2498 5000
1103 8735
8074 9413
530 1777
3740 5186
3077 3402
5121 8494
573 811
1153 4201
1339 5732
699 7863
9415 9856
2395 4983
1079 9323
1300 2994
4174 5124
812 1431
5133 5639
1409 6929
13 1446
175 5283
3282 7550
6174 7548
186 1536
5184 7232
4642 5653
2843 6356
5714 6835
3535 8221
795 7099
586 3864
508 3873
1690 9659
2544 4796
96 6225
165 458
3856 6385
3164 6603
3212 6450
2035 4279
4521 5742
834 7227
1472 1948
6857 9813
1079 3520
483 4230
1514 9630
544 7396
786 7705
5063 7600
748 765
5809 6584
2528 7461
330 575
6075 6586
2405 6499
7128 7425
24 6534
7340 7627
1859 8789
2126 3200
925 8231
1589 5152
1220 9579
523 6808
2879 3664
1476 8801
597 2576
2822 8815
3777 8224
791 1826
5897 6060
1555 4507
3249 4837
260 9279
572 9694
448 3170
4962 7721
7997 9275
3070 8127
916 5554
3010 3220
2213 7845
2835 5488
1300 6884
483 912
849 8300
8270 9139
3684 6241
3992 4439
2002 7282
2595 3736
8973 8999
3242 5245
2761 5560
7978 9830
1589 3251
943 6658
1157 3044
2959 8535
4469 7279
243 8852
2405 2714
4589 7394
3417 4139
1108 5862
4479 5465
601 9290
7588 9726
3117 8497
527 9972
7174 9909
3606 8874
2200 4313
6084 6902
6555 9529
4558 6578
7384 8347
2946 4343
2303 2761
4215 6829
1720 4536
391 9475
3002 6970
4543 7332
3826 7902
856 3160
342 9590
1775 3839
506 6347
7427 8293
5431 8487
2108 7252
4255 4695
284 4897
3947 9153
314 8896
1995 5291
513 2831
5016 6020
7395 7414
5476 5566
8606 8930
2466 9008
5836 8538
1390 1406
1403 5048
4362 9136
155 2308
3939 7086
2116 7625
3184 8165
6604 6845
479 1851
3458 8915
6402 7451
4616 9728
2513 3733
5153 5879
6248 9403
6475 7129
2896 9149
2942 8476
6839 7872
2670 3003
1573 5227
8051 8983
1703 4114
7899 8796
4802 6898
3619 4673
3171 6271
1959 3345
2887 8882
1206 4848
2959 8200
1193 1673
6 2756
478 7603
1098 7079
1971 3290
5299 5396
5073 7665
3091 6606
7130 9336
7314 9840
449 2285
6588 9026
2535 6019
6207 8303
4106 6502
1604 4494
5019 9659
7267 7654
5982 6347
2284 5295
1541 5789
705 7778
3728 9672
4688 4699
371 6778
2486 7450
3281 4791
2377 3899
4086 9172
814 3085
2176 3412
6518 7685
689 7207
2752 8254
813 4872
127 7712
2981 9922
85 1982
4689 8290
2201 4761
2007 5132
6705 7733
3374 9831
2137 4000
9353 9497
669 7406
3397 5700
4701 9109
549 9630
6936 8585
2925 8244
198 5180
847 2782
4423 6179
4683 6627
507 3749
390 4760
813 2574
1498 3455
2556 9452
2963 7553
3691 8186
277 9809
2286 6039
4644 5968
5642 8163
3021 7773
520 8751
418 845
2637 8154
2067 8052
1089 2347
3626 9421
7500 7651
7859 9267
1228 1753
4479 7703
633 8901
4681 7621
6327 7811
1858 2665
1049 3799
4681 9268
1354 3858
1772 4137
5966 6991
2211 5868
6871 9003
1557 6418
7106 8001
928 5486
5997 6019
5851 6008
3904 7758
1824 3251
3865 8897
7205 7861
3889 3945
9373 9507
16 7913
4207 8213
5260 6773
7915 8151
5694 7745
6216 7943
7368 8482
430 7898
1685 4885
6163 9861
769 1055
3461 7767
9421 9901
4826 9656
1640 9113
634 9307
3501 5789
5968 6917
1128 9275
244 6996
507 4606
8631 9795
3013 4544
242 1380
2853 5199
4255 8498
6220 7516
6621 9597
3113 8808
901 7376
23 5275
1384 6618
3012 8150
1674 7271
9029 9780
1076 7548
2953 8635
3555 7137
1464 3725
4213 8039
1557 4181
4013 6757
9115 9160
2653 3143
2106 6391
762 3330
8232 8470
392 4259
2527 3250
1544 6260
934 4184
3049 9387
266 9579
1926 9357
2411 6232
557 2501
8839 8926
1083 6284
1833 5173
5145 5805
3777 5004
3053 5426
228 4324
2126 9489
2642 5172
1486 2070
289 4958
2224 6366
7552 8861
4100 8015
1918 4284
8644 9296
1891 6169
390 9791
112 119
3132 7472
283 2084
2267 4766
718 5266
3995 4896
1139 6572
2718 6434
5627 7219
149 9901
4170 9020
4261 8437
941 5183
1403 5862
817 5935
6723 7420
6564 7184
3435 5045
8073 9946
2241 3778
3584 3810
1312 9285
831 8108
5447 8563
1433 1879
4998 5518
4080 8434
2960 3453
7379 9299
4098 5185
6623 9983
757 4195
60 4501
274 1831
1787 2818
5241 7187
317 5498
6235 6601
8593 9238
2138 2742
1337 9174
544 3818
180 766
381 2989
7460 8929
178 5380
2897 7932
857 9114
816 9605
4482 5977
6222 8185
4686 9236
3052 7412
4736 9290
5919 7563
1419 2833
4312 8591
1200 3524
1759 9031
4833 8582
4302 8231
2430 4111
1541 7332
978 8643
3729 6888
1980 8519
5933 8991
404 7090
4707 7783
1616 6536
189 6042
4851 5499
4090 5203
1654 1820
501 7460
709 1216
966 9311
955 5722
9551 9591
1267 5051
2129 4736
1184 6946
1328 5303
3506 7178
2112 8681
8077 9664
5984 9224
4491 9272
6211 7715
1321 4300
1108 8418
1169 5926
1894 8572
2955 7310
5430 7534
1733 3281
612 6082
2334 5468
1437 6784
2956 9379
667 2858
3242 8021
7567 8920
5869 9798
1182 4468
6063 7242
3316 9712
3052 7682
3151 5918
1162 1470
2571 7128
914 3959
2444 8663
2421 9567
2857 6021
4273 5606
3846 9960
1298 8935
3013 4374
2525 2959
4031 8464
638 9560
1658 3600
2453 5463
199 282
2708 4115
3780 4060
3671 9745
7132 7532
3462 8920
390 1260
5508 9345
4576 6798
6478 7225
6335 6572
3705 8176
19 832
6044 6293
500 4180
5128 6057
2931 4460
5448 9414
7583 7617
3962 7773
1226 7287
1214 3721
1650 9365
4536 5222
5998 9029
2422 6924
4265 4546
818 4759
371 9378
2487 6298
2995 8274
476 3625
2780 3902
469 525
3138 7954
4381 7643
4796 7678
6625 7664
553 5831
617 3372
1246 6933
7641 8244
6127 8186
6616 8973
6517 8472
1836 2907
554 1941
6568 9639
2058 6287
1104 6166
4994 5742
2101 2711
3720 6839
1153 4892
640 7752
5013 8986
1146 2320
6797 8078
3329 7142
447 467
1639 4194
337 602
364 1978
3560 5392
231 9419
9294 9479
2422 7718
3240 4233
126 3995
43 1744
1214 6951
5502 6642
125 3863
1145 4575
5532 7065
2460 4944
3991 6457
4489 4541
1588 5020
6725 7301
508 1904
3457 7714
948 8952
1365 3743
9071 9400
1167 9267
3490 5368
2510 4178
875 4150
4646 6222
5816 6734
3039 6886
2482 4302
5340 9335
6070 8116
790 5983
7061 9950
1198 3241
4081 8024
3914 6324
5795 8699
670 2105
3528 7376
1273 2977
3421 7643
8879 9780
6281 9557
46 4399
1993 8617
1211 1579
7072 9183
65 6648
6295 9346
5257 8499
3875 7806
958 5192
4874 7686
9284 9322
3407 9077
3895 6991
1618 7164
1910 6300
909 7372
4518 6082
455 2555
3292 9524
974 2071
7026 8533
1689 8454
2085 9172
4499 7407
1894 7293
6824 7245
4607 5669
3203 6382
5766 6238
2237 8797
5038 6229
1884 3477
1600 3548
7825 7902
5798 7901
6121 7070
4567 8989
1570 6436
6633 7767
4306 9644
8893 9419
8411 8750
908 7926
3841 4676
4282 7674
1935 3406
2043 5745
2297 5630
8923 9204
811 2369
1758 3273
3270 3607
4227 5274
3739 6178
4817 7540
980 1001
3644 9877
1031 6032
6463 7796
2312 8438
3210 8768
1938 7362
4551 7744
2144 5483
5919 7040
5299 6945
7486 7589
202 7093
8396 8540
372 9074
6659 9345
881 8928
4019 4186
8878 9610
3581 6752
368 6382
5093 5583
2634 4840
6147 9443
3369 3384
524 4292
2829 6134
1788 5888
3283 6240
1412 7946
1423 4517
2022 5270
670 6636
3526 7907
156 3478
2085 9775
137 3578
2097 6567
8139 9049
3875 8939
7267 9142
6519 9029
738 2755
2320 7485
4008 6201
75 9216
3875 9989
634 8996
1550 2166
57 3969
2245 7060
2899 5439
1632 3096
5743 7115
3433 9065
2599 4283
534 8934
2437 2569
7875 9794
2373 5565
1310 9623
4517 8074
6928 9072
589 1606
4373 5935
4859 7930
4896 6654
2887 9649
2032 5242
7516 9155
1192 5139
3472 6548
1779 5054
3319 9602
4760 9337
2475 3515
1808 1963
7497 9672
5226 8833
71 9822
2040 5733
1513 7178
1853 5257
2685 3374
1052 8905
8310 9538
772 9366
2094 7986
7582 8034
5397 8357
6983 8500
1499 9473
537 5725
4380 9736
5128 8055
4184 9046
1129 8773
1390 5454
650 1969
7476 8895
526 3828
5620 6845
232 1995
3732 6861
4409 9586
2348 2651
1937 3075
4489 9158
4921 6212
218 520
2904 6341
3785 5160
1540 6197
3382 7007
2608 4865
8814 9294
3644 5858
1184 5845
7440 7459
7378 9587
457 4149
1252 6591
204 4410
999 4658
1004 6115
2507 8124
1041 7449
3818 7651
2396 7151
1834 7735
2509 7198
4759 9767
7545 9586
1874 7175
2142 7332
1558 2037
3945 4678
3839 7233
3209 7772
1353 1874
5598 5618
2196 2584
3417 9299
1401 9120
152 5975
4705 5878
1129 7208
4785 6340
380 7157
2649 4955
8301 8851
2996 3857
36 7753
1490 4344
1615 4193
1283 5316
1432 8114
4150 8769
4956 6809
1484 2779
2152 4557
6581 7669
1725 8088
2335 3664
7701 9076
1631 9139
8765 9244
4472 7111
3765 5728
5153 6998
2598 8522
1491 9330
1183 1811
2300 6202
2664 5019
6918 7608
310 8729
2382 7265
2126 5862
586 7009
7304 8498
336 3925
7996 9488
4519 9285
7974 8498
6746 8575
2044 5116
963 7970
3381 4875
4160 5509
397 4310
599 2928
1493 3475
3362 9610
1673 5539
