632
1003 1002
1002 1001
999 1001
998 1001
1001 1000
997 1000
996 1000
1000 995
995 989
994 989
989 984
993 984
984 982
992 982
991 982
982 980
990 980
988 980
980 976
987 976
986 976
976 967
967 956
956 955
955 953
953 952
952 942
985 942
983 942
942 939
981 939
939 936
936 933
979 933
978 933
933 931
977 931
975 931
931 927
974 927
927 921
921 919
973 919
972 919
919 918
971 918
970 918
918 908
969 908
968 908
908 907
966 907
965 907
907 901
964 901
963 901
901 898
962 898
961 898
898 896
960 896
959 896
896 890
958 890
957 890
890 885
954 885
885 884
951 884
884 875
950 875
949 875
875 869
948 869
947 869
869 865
865 862
862 858
946 858
945 858
858 857
944 857
943 857
857 854
941 854
940 854
854 847
938 847
937 847
847 844
935 844
934 844
844 843
932 843
843 839
930 839
929 839
839 837
928 837
837 828
926 828
925 828
828 827
924 827
827 824
824 820
923 820
922 820
820 819
819 808
808 805
920 805
805 803
917 803
803 802
916 802
915 802
802 801
914 801
913 801
801 796
912 796
796 795
911 795
910 795
795 793
909 793
906 793
793 789
905 789
904 789
789 785
903 785
902 785
785 783
900 783
783 774
899 774
897 774
774 768
895 768
768 763
894 763
763 761
761 760
893 760
760 759
892 759
891 759
759 757
889 757
757 755
888 755
755 752
887 752
886 752
752 749
883 749
882 749
749 748
881 748
748 747
880 747
879 747
747 741
878 741
741 739
877 739
876 739
739 735
874 735
873 735
735 733
872 733
871 733
733 732
870 732
868 732
732 727
867 727
866 727
727 724
864 724
863 724
724 722
861 722
860 722
722 720
859 720
720 709
709 708
856 708
708 707
855 707
853 707
707 704
852 704
704 696
851 696
850 696
696 694
849 694
848 694
694 693
846 693
693 692
845 692
692 690
690 689
842 689
689 686
841 686
686 682
840 682
682 677
838 677
677 672
836 672
835 672
672 669
834 669
669 666
833 666
832 666
666 655
655 651
831 651
830 651
651 650
829 650
826 650
650 646
825 646
823 646
646 645
645 640
822 640
640 638
821 638
818 638
638 637
817 637
816 637
637 631
815 631
814 631
631 629
813 629
629 625
812 625
625 624
811 624
810 624
624 618
618 616
809 616
807 616
616 597
806 597
597 593
804 593
593 591
800 591
799 591
591 588
798 588
588 585
797 585
794 585
585 580
580 578
792 578
791 578
578 573
573 572
572 568
790 568
788 568
568 567
787 567
567 565
786 565
784 565
565 546
782 546
546 538
781 538
538 535
780 535
535 534
779 534
778 534
534 533
533 530
777 530
530 524
776 524
775 524
773 524
524 523
772 523
771 523
770 523
523 522
769 522
767 522
522 521
521 520
766 520
520 519
765 519
764 519
519 517
762 517
758 517
756 517
517 516
754 516
753 516
751 516
516 513
513 510
750 510
746 510
510 508
745 508
744 508
743 508
508 506
742 506
740 506
506 501
738 501
737 501
736 501
501 497
734 497
731 497
730 497
497 496
729 496
728 496
496 495
726 495
725 495
723 495
495 494
721 494
719 494
494 492
718 492
717 492
716 492
492 490
490 488
715 488
714 488
713 488
488 486
486 485
712 485
711 485
710 485
485 484
706 484
484 483
705 483
703 483
483 482
702 482
482 478
478 475
701 475
700 475
699 475
475 473
698 473
473 470
697 470
695 470
470 468
691 468
688 468
687 468
468 466
685 466
466 463
684 463
683 463
463 459
681 459
680 459
679 459
459 451
678 451
451 450
676 450
450 448
675 448
674 448
448 446
673 446
671 446
446 444
670 444
444 443
668 443
667 443
665 443
443 442
664 442
663 442
662 442
442 441
661 441
660 441
659 441
441 440
658 440
657 440
440 438
656 438
654 438
438 437
653 437
652 437
437 433
649 433
648 433
433 432
647 432
432 431
644 431
643 431
642 431
431 428
641 428
639 428
636 428
428 427
635 427
427 423
634 423
633 423
423 421
632 421
630 421
628 421
421 419
627 419
626 419
419 415
623 415
622 415
415 412
621 412
620 412
412 411
619 411
617 411
615 411
411 406
614 406
613 406
406 405
612 405
405 402
611 402
610 402
402 401
609 401
608 401
401 400
607 400
606 400
400 396
605 396
604 396
603 396
396 395
602 395
601 395
600 395
395 394
599 394
598 394
394 393
596 393
595 393
594 393
393 390
390 388
592 388
590 388
589 388
388 386
587 386
586 386
584 386
386 383
583 383
582 383
383 381
581 381
579 381
381 380
577 380
576 380
575 380
380 378
574 378
571 378
378 377
570 377
569 377
377 376
566 376
564 376
563 376
376 370
562 370
561 370
560 370
370 369
559 369
558 369
369 365
557 365
556 365
365 363
555 363
554 363
553 363
363 361
552 361
361 358
551 358
550 358
358 357
549 357
548 357
547 357
357 355
545 355
544 355
543 355
355 354
542 354
541 354
540 354
354 350
539 350
537 350
536 350
350 347
532 347
531 347
529 347
347 344
528 344
527 344
344 336
526 336
336 335
525 335
518 335
335 333
515 333
514 333
512 333
333 332
511 332
509 332
332 331
507 331
505 331
331 330
504 330
503 330
502 330
330 329
500 329
499 329
498 329
329 324
493 324
324 319
491 319
319 318
489 318
487 318
318 315
481 315
480 315
479 315
315 314
314 313
477 313
476 313
474 313
313 311
472 311
471 311
469 311
311 309
467 309
465 309
309 308
464 308
462 308
308 306
461 306
460 306
306 302
458 302
457 302
302 299
456 299
455 299
454 299
299 298
453 298
452 298
298 297
297 295
449 295
447 295
295 294
445 294
439 294
436 294
294 293
435 293
434 293
293 292
430 292
292 287
429 287
426 287
425 287
287 286
424 286
286 283
422 283
420 283
283 281
418 281
417 281
416 281
281 277
277 276
414 276
413 276
410 276
276 274
409 274
274 273
408 273
273 269
407 269
404 269
403 269
269 265
399 265
398 265
397 265
265 263
392 263
391 263
263 261
389 261
387 261
261 257
385 257
257 255
384 255
382 255
379 255
255 254
375 254
374 254
254 252
373 252
252 250
372 250
250 249
371 249
368 249
367 249
249 247
247 246
366 246
246 241
364 241
362 241
360 241
241 239
359 239
356 239
239 238
353 238
352 238
351 238
238 237
349 237
348 237
346 237
237 236
345 236
236 235
343 235
342 235
235 233
341 233
233 232
340 232
232 225
339 225
338 225
337 225
225 224
334 224
328 224
224 221
327 221
326 221
325 221
221 219
323 219
322 219
321 219
219 218
320 218
317 218
218 215
316 215
312 215
215 214
310 214
214 211
211 209
307 209
305 209
209 205
304 205
303 205
301 205
205 203
300 203
296 203
291 203
203 202
290 202
289 202
288 202
202 198
285 198
198 195
284 195
282 195
195 194
280 194
194 193
279 193
193 192
278 192
192 188
275 188
272 188
271 188
188 179
270 179
268 179
267 179
179 178
178 177
266 177
264 177
262 177
177 174
260 174
174 173
259 173
258 173
256 173
173 172
253 172
172 170
251 170
248 170
245 170
170 165
244 165
243 165
242 165
165 164
240 164
234 164
164 162
231 162
162 157
230 157
229 157
157 155
228 155
227 155
226 155
155 154
223 154
222 154
154 152
220 152
152 147
217 147
216 147
147 145
213 145
212 145
145 144
210 144
208 144
207 144
144 142
142 137
206 137
204 137
137 135
201 135
200 135
135 134
199 134
197 134
196 134
134 133
191 133
133 130
190 130
189 130
187 130
130 128
186 128
185 128
184 128
128 126
183 126
126 124
182 124
124 120
181 120
180 120
120 119
176 119
175 119
119 118
171 118
118 114
169 114
114 111
168 111
167 111
166 111
111 110
163 110
161 110
110 109
160 109
159 109
158 109
109 106
156 106
153 106
151 106
106 98
150 98
149 98
98 97
148 97
146 97
97 94
143 94
141 94
94 91
140 91
139 91
91 90
138 90
136 90
90 87
132 87
87 85
131 85
129 85
127 85
85 81
125 81
123 81
81 76
122 76
121 76
76 75
117 75
116 75
115 75
75 73
73 72
113 72
72 71
112 71
108 71
107 71
71 70
105 70
104 70
103 70
70 69
102 69
101 69
100 69
69 68
99 68
96 68
95 68
68 67
93 67
92 67
67 66
89 66
66 64
88 64
86 64
84 64
64 63
83 63
82 63
63 62
80 62
62 61
79 61
61 60
78 60
77 60
74 60
60 59
65 59
58 59
59 57
53 57
51 57
50 57
57 56
49 56
48 56
47 56
56 55
46 55
44 55
55 54
43 54
42 54
41 54
54 52
40 52
38 52
52 45
37 45
36 45
45 39
35 39
33 39
31 39
39 34
30 34
29 34
27 34
34 32
25 32
32 28
23 28
28 26
22 26
26 24
24 15
21 15
20 15
19 15
15 14
18 14
17 14
16 14
14 13
12 13
13 11
9 11
8 11
7 11
11 10
6 10
10 4
5 4
3 4
2 4
4 0
0 1
