1001 1000
282 673
80 341
495 822
707 876
20 742
288 726
355 930
164 850
655 686
475 984
210 880
514 592
165 963
502 737
207 262
859 998
49 832
266 813
145 274
478 510
272 698
787 865
413 588
874 974
121 888
291 968
104 938
90 515
748 763
297 964
656 890
115 898
345 489
476 798
276 502
72 789
479 501
38 728
806 849
480 817
598 871
295 831
25 693
106 828
395 443
287 698
694 957
622 655
203 903
48 720
656 756
373 379
79 487
331 654
8 818
305 567
821 957
676 781
199 923
291 992
5 784
500 1000
223 354
346 932
327 543
208 441
405 959
374 607
567 982
338 840
9 570
529 569
527 566
119 601
231 414
758 762
35 229
229 562
0 721
636 836
61 598
137 601
479 611
55 409
374 770
475 819
852 892
271 475
338 801
506 921
311 398
141 408
61 708
258 425
130 391
122 178
116 825
510 581
374 644
560 638
50 889
211 435
828 857
426 868
791 924
665 959
631 819
104 263
168 950
615 898
597 620
344 858
553 723
17 975
423 603
431 632
114 976
317 436
379 660
136 502
541 880
666 867
436 906
587 991
347 989
912 915
267 805
795 837
463 888
169 541
279 484
361 880
108 229
234 447
334 729
142 277
80 767
477 693
826 877
493 981
86 918
926 993
295 949
549 786
191 218
44 798
485 841
167 269
410 855
36 285
372 773
704 810
857 929
311 812
138 427
140 423
340 568
461 874
508 788
30 91
348 722
307 568
290 334
256 678
68 554
69 564
376 445
601 799
556 684
394 403
71 393
712 836
266 401
254 372
13 539
557 712
586 791
440 785
764 958
73 114
45 409
282 778
686 923
749 866
48 979
271 684
212 259
263 713
130 576
470 516
284 910
415 654
206 683
590 680
81 668
354 506
173 547
759 844
57 227
348 942
314 823
112 425
361 688
439 801
523 945
554 800
26 332
470 891
358 722
201 580
194 458
16 402
789 878
1 194
384 533
2 831
21 462
624 861
366 901
373 479
257 289
521 1000
596 792
382 601
583 874
142 984
468 526
84 945
61 868
114 636
449 638
53 774
80 592
240 699
231 832
124 373
33 689
89 768
263 387
475 731
192 819
475 707
271 966
569 574
29 52
128 504
402 442
147 409
531 792
278 765
356 912
313 906
209 666
96 116
59 908
823 963
138 227
90 260
74 395
295 640
355 970
1 828
157 354
235 456
642 923
838 943
201 512
691 707
4 882
43 667
301 395
655 854
320 630
291 843
1 648
720 922
14 563
119 863
381 513
394 438
88 849
500 634
475 981
788 829
38 643
468 809
636 846
65 998
90 479
392 772
5 351
296 813
178 574
636 937
18 521
101 593
241 251
89 555
59 695
261 720
96 488
665 753
168 626
30 774
685 769
255 505
133 438
371 811
3 229
40 89
760 794
63 237
14 387
520 785
638 703
424 870
28 556
263 763
212 260
168 927
143 516
97 224
251 606
89 900
88 304
25 984
80 229
174 934
124 154
430 985
9 172
887 952
99 948
791 886
551 709
838 946
13 133
370 573
12 282
150 214
114 667
334 582
224 824
114 523
159 726
49 399
158 383
82 407
33 252
306 480
118 713
221 838
686 750
177 696
298 675
238 578
257 469
407 868
628 745
14 572
271 524
408 940
39 543
649 704
336 744
359 402
431 707
23 197
515 694
893 904
358 465
79 998
616 922
103 140
783 862
8 587
365 452
151 328
289 549
176 214
200 989
216 468
812 934
59 769
264 999
305 357
224 994
361 973
228 656
700 975
270 837
464 596
105 267
776 934
681 730
321 791
8 760
529 802
436 877
657 744
602 988
487 680
324 525
128 830
93 525
609 871
60 603
116 542
550 645
121 641
162 382
25 231
499 619
959 984
24 976
729 988
369 812
645 725
96 330
558 981
433 636
467 977
40 947
647 879
286 440
65 890
452 926
262 519
452 772
482 652
65 323
472 759
511 923
828 877
455 869
362 845
64 107
7 872
358 419
859 951
73 285
619 909
745 942
166 961
133 448
423 833
386 551
359 613
98 405
690 814
0 496
128 325
226 803
853 947
152 379
333 587
629 711
161 895
686 739
639 696
483 527
123 585
522 544
137 412
604 827
602 775
215 744
302 952
453 503
677 944
135 881
311 724
85 819
807 929
267 430
827 905
460 731
383 988
209 949
415 548
510 610
332 449
299 550
13 451
404 561
255 579
255 803
90 904
78 138
250 599
24 455
49 883
209 798
0 549
181 224
411 789
436 849
487 754
956 970
378 513
59 338
156 335
22 998
839 916
341 406
10 144
47 674
113 741
368 959
321 646
312 864
267 698
94 219
481 974
267 935
278 813
98 166
502 990
560 643
435 917
137 988
274 918
580 731
578 971
462 921
396 638
770 877
375 988
80 986
489 662
217 367
280 425
67 822
65 516
584 972
66 271
498 605
180 544
41 613
61 819
587 816
202 792
265 737
482 669
671 722
15 597
99 326
448 457
46 638
73 246
601 965
289 718
249 643
417 452
737 942
4 295
190 448
268 952
66 540
698 943
339 706
148 624
877 921
95 164
70 438
595 838
704 969
69 194
892 955
464 697
327 666
484 766
245 980
78 674
566 915
140 225
196 404
657 735
279 849
368 811
59 272
725 949
32 428
309 848
117 517
80 272
61 666
24 911
130 600
326 737
27 640
198 729
177 925
76 772
215 474
260 467
48 574
650 722
190 495
96 846
297 922
374 536
397 516
128 345
880 988
570 942
7 723
291 969
543 605
633 669
490 832
298 350
771 786
594 763
92 516
468 659
412 727
367 423
491 844
23 715
133 597
83 526
24 450
137 187
647 940
604 779
193 780
53 565
61 114
318 431
819 998
181 847
475 599
377 836
849 899
707 878
64 827
247 500
205 650
605 702
252 791
791 828
482 904
407 897
171 237
25 355
423 902
292 372
54 878
846 881
194 855
692 874
124 777
749 965
6 268
497 682
213 647
378 999
475 698
132 747
111 375
519 620
839 946
161 448
234 693
125 148
422 688
75 137
132 677
674 709
155 656
150 559
236 499
400 888
730 811
14 604
168 387
506 887
593 871
186 392
475 940
239 918
774 989
606 612
798 865
232 620
267 860
513 978
378 885
755 909
300 932
598 614
408 817
763 851
146 578
240 552
162 790
518 526
137 395
499 663
378 425
175 719
79 165
278 623
358 432
267 320
42 441
168 784
185 769
485 635
336 472
77 232
668 932
133 452
54 380
311 424
172 459
211 939
19 50
340 960
157 577
88 509
90 598
621 992
591 788
462 987
132 877
707 999
115 294
308 378
140 319
64 544
267 291
6 608
578 899
736 980
453 737
20 435
534 600
23 458
308 545
124 134
578 815
98 402
73 606
300 441
672 798
52 859
86 600
701 732
373 625
25 792
405 738
896 943
888 921
773 813
408 485
261 958
13 437
636 812
275 358
337 415
37 591
50 497
140 757
349 731
848 849
599 931
466 782
507 876
179 406
376 868
102 833
110 990
44 525
244 945
918 949
288 717
124 953
137 588
374 473
282 888
57 530
610 874
421 852
329 535
111 743
38 676
383 440
879 996
189 679
205 875
538 705
123 852
212 283
475 888
566 655
835 854
64 281
429 450
627 643
237 506
910 984
34 268
68 537
648 670
532 714
293 296
38 303
220 922
444 658
8 575
4 492
785 894
10 378
315 776
165 269
554 975
170 958
305 691
65 820
479 657
193 995
153 215
58 236
535 578
129 625
525 741
177 786
43 139
418 893
197 388
89 744
275 997
160 989
333 352
13 752
151 234
242 326
360 846
322 337
596 941
790 967
263 584
456 523
51 942
538 969
446 800
516 532
56 672
343 661
454 758
363 849
2 370
48 165
218 717
686 698
182 307
728 797
734 766
195 467
494 904
462 809
8 312
746 867
310 996
813 946
233 642
120 165
294 717
62 240
237 248
188 298
792 808
374 678
371 740
131 467
824 907
415 878
307 798
148 462
344 732
25 758
656 962
572 884
171 471
114 133
517 780
123 339
128 729
224 373
137 462
793 832
353 962
31 557
81 389
343 961
204 732
583 690
11 98
90 560
750 782
78 664
523 571
134 928
156 168
207 719
420 906
187 710
362 584
618 760
486 979
123 597
409 984
736 984
25 974
20 390
109 211
901 945
222 957
188 977
668 737
135 617
549 940
289 804
308 936
495 637
283 651
554 788
263 517
126 567
903 956
273 677
393 519
212 546
12 385
408 889
59 989
236 533
149 574
364 786
741 856
434 556
29 150
500 731
500 658
184 344
35 183
173 230
305 499
779 878
433 587
589 860
29 733
209 716
392 983
173 789
730 873
243 687
674 877
708 761
475 717
65 862
100 593
569 954
87 453
896 919
65 561
127 161
506 552
423 933
484 913
206 881
653 882
17 659
263 316
97 416
140 379
506 920
94 918
679 874
163 212
528 766
624 834
342 756
428 686
140 837
301 687
409 435
253 833
506 629
723 744
812 914
570 732
579 974
684 796
751 986
722 850
283 842
348 878
