6268
9997 9996
9994 9996
9993 9996
9996 9995
9992 9995
9990 9995
9995 9991
9989 9991
9991 9985
9988 9985
9987 9985
9985 9983
9986 9983
9984 9983
9983 9978
9978 9971
9982 9971
9971 9966
9966 9964
9964 9962
9981 9962
9980 9962
9962 9953
9979 9953
9953 9950
9977 9950
9976 9950
9950 9949
9975 9949
9974 9949
9949 9947
9973 9947
9972 9947
9947 9946
9970 9946
9969 9946
9946 9937
9937 9927
9968 9927
9967 9927
9927 9925
9965 9925
9963 9925
9925 9923
9961 9923
9923 9922
9922 9921
9960 9921
9959 9921
9921 9919
9958 9919
9957 9919
9919 9914
9956 9914
9955 9914
9914 9909
9954 9909
9952 9909
9909 9907
9951 9907
9948 9907
9907 9903
9945 9903
9903 9891
9944 9891
9943 9891
9891 9890
9942 9890
9941 9890
9890 9884
9940 9884
9939 9884
9884 9883
9938 9883
9883 9880
9936 9880
9880 9877
9935 9877
9934 9877
9877 9875
9933 9875
9932 9875
9875 9871
9931 9871
9871 9866
9930 9866
9929 9866
9866 9864
9864 9861
9928 9861
9861 9857
9926 9857
9857 9849
9849 9840
9924 9840
9920 9840
9840 9839
9918 9839
9839 9838
9917 9838
9916 9838
9838 9832
9915 9832
9913 9832
9832 9831
9912 9831
9911 9831
9831 9827
9910 9827
9908 9827
9827 9825
9825 9824
9824 9822
9906 9822
9905 9822
9822 9819
9819 9813
9904 9813
9902 9813
9813 9804
9901 9804
9900 9804
9804 9798
9899 9798
9798 9796
9898 9796
9897 9796
9796 9792
9896 9792
9792 9783
9895 9783
9783 9781
9894 9781
9893 9781
9781 9780
9892 9780
9889 9780
9780 9779
9888 9779
9779 9775
9775 9772
9772 9767
9887 9767
9886 9767
9767 9762
9885 9762
9882 9762
9762 9761
9881 9761
9879 9761
9761 9757
9878 9757
9757 9754
9754 9751
9751 9750
9876 9750
9874 9750
9750 9747
9873 9747
9747 9744
9872 9744
9744 9741
9870 9741
9869 9741
9741 9735
9868 9735
9867 9735
9735 9734
9734 9729
9729 9722
9865 9722
9722 9720
9863 9720
9720 9717
9717 9714
9862 9714
9860 9714
9714 9713
9859 9713
9858 9713
9713 9712
9856 9712
9855 9712
9712 9711
9854 9711
9711 9710
9853 9710
9710 9708
9852 9708
9708 9703
9851 9703
9703 9702
9850 9702
9848 9702
9702 9696
9696 9695
9847 9695
9695 9690
9846 9690
9690 9688
9845 9688
9844 9688
9688 9681
9843 9681
9842 9681
9681 9680
9841 9680
9680 9677
9837 9677
9677 9671
9836 9671
9835 9671
9671 9669
9834 9669
9833 9669
9669 9666
9830 9666
9666 9665
9829 9665
9828 9665
9665 9664
9826 9664
9823 9664
9664 9663
9821 9663
9663 9661
9820 9661
9661 9659
9818 9659
9817 9659
9659 9653
9816 9653
9653 9650
9815 9650
9814 9650
9650 9639
9812 9639
9811 9639
9639 9636
9810 9636
9809 9636
9636 9628
9808 9628
9807 9628
9628 9627
9806 9627
9627 9622
9805 9622
9803 9622
9622 9621
9802 9621
9801 9621
9621 9615
9800 9615
9799 9615
9615 9609
9797 9609
9609 9604
9795 9604
9604 9603
9603 9601
9794 9601
9601 9600
9793 9600
9600 9598
9791 9598
9598 9586
9790 9586
9789 9586
9586 9584
9788 9584
9787 9584
9584 9582
9786 9582
9785 9582
9582 9576
9784 9576
9576 9574
9782 9574
9778 9574
9574 9562
9562 9561
9777 9561
9561 9559
9559 9558
9776 9558
9774 9558
9558 9556
9773 9556
9771 9556
9556 9555
9555 9554
9770 9554
9554 9546
9546 9543
9543 9542
9542 9541
9769 9541
9541 9540
9768 9540
9766 9540
9540 9539
9765 9539
9764 9539
9539 9538
9763 9538
9760 9538
9538 9530
9759 9530
9758 9530
9530 9528
9756 9528
9528 9523
9755 9523
9523 9522
9522 9521
9753 9521
9752 9521
9521 9516
9749 9516
9748 9516
9516 9514
9514 9513
9746 9513
9745 9513
9513 9511
9743 9511
9742 9511
9511 9510
9740 9510
9739 9510
9510 9503
9503 9499
9738 9499
9499 9493
9737 9493
9736 9493
9493 9488
9733 9488
9732 9488
9488 9486
9731 9486
9486 9485
9730 9485
9485 9484
9484 9480
9480 9478
9728 9478
9478 9474
9727 9474
9726 9474
9474 9472
9725 9472
9472 9471
9724 9471
9723 9471
9471 9470
9721 9470
9470 9464
9719 9464
9464 9454
9718 9454
9716 9454
9454 9451
9451 9447
9715 9447
9709 9447
9447 9438
9707 9438
9706 9438
9438 9433
9705 9433
9433 9422
9704 9422
9701 9422
9422 9420
9420 9415
9415 9408
9700 9408
9699 9408
9408 9407
9407 9394
9698 9394
9697 9394
9394 9390
9694 9390
9693 9390
9390 9384
9692 9384
9384 9382
9691 9382
9382 9374
9689 9374
9687 9374
9374 9373
9373 9368
9686 9368
9685 9368
9368 9363
9363 9362
9684 9362
9362 9359
9683 9359
9682 9359
9359 9352
9679 9352
9678 9352
9352 9351
9676 9351
9351 9348
9675 9348
9674 9348
9348 9345
9673 9345
9345 9337
9672 9337
9670 9337
9337 9336
9668 9336
9336 9332
9667 9332
9662 9332
9332 9329
9660 9329
9329 9327
9658 9327
9657 9327
9327 9325
9656 9325
9655 9325
9325 9322
9654 9322
9322 9320
9652 9320
9651 9320
9320 9318
9649 9318
9648 9318
9318 9307
9647 9307
9646 9307
9307 9305
9645 9305
9644 9305
9305 9304
9643 9304
9642 9304
9304 9301
9641 9301
9640 9301
9301 9291
9638 9291
9637 9291
9291 9286
9286 9284
9635 9284
9634 9284
9284 9283
9633 9283
9632 9283
9283 9281
9281 9280
9631 9280
9280 9275
9630 9275
9629 9275
9275 9273
9626 9273
9625 9273
9273 9270
9624 9270
9270 9265
9623 9265
9265 9260
9620 9260
9619 9260
9260 9257
9618 9257
9617 9257
9257 9256
9616 9256
9256 9242
9614 9242
9242 9237
9613 9237
9612 9237
9237 9236
9611 9236
9610 9236
9236 9235
9608 9235
9607 9235
9235 9233
9606 9233
9233 9223
9223 9218
9605 9218
9218 9217
9602 9217
9599 9217
9217 9214
9214 9210
9597 9210
9596 9210
9210 9205
9595 9205
9594 9205
9205 9202
9593 9202
9592 9202
9202 9188
9591 9188
9590 9188
9188 9182
9589 9182
9182 9177
9177 9172
9588 9172
9172 9170
9587 9170
9170 9169
9585 9169
9169 9164
9583 9164
9164 9161
9581 9161
9580 9161
9161 9160
9579 9160
9578 9160
9160 9159
9577 9159
9575 9159
9159 9154
9573 9154
9154 9150
9572 9150
9150 9148
9571 9148
9570 9148
9148 9145
9569 9145
9568 9145
9145 9142
9567 9142
9566 9142
9142 9141
9565 9141
9564 9141
9141 9135
9563 9135
9135 9133
9560 9133
9133 9130
9557 9130
9553 9130
9130 9125
9552 9125
9551 9125
9125 9122
9550 9122
9549 9122
9122 9118
9548 9118
9547 9118
9118 9116
9545 9116
9544 9116
9116 9113
9537 9113
9536 9113
9113 9112
9535 9112
9534 9112
9112 9108
9533 9108
9108 9107
9532 9107
9107 9097
9531 9097
9097 9095
9529 9095
9527 9095
9095 9084
9526 9084
9525 9084
9084 9082
9524 9082
9520 9082
9082 9080
9519 9080
9518 9080
9080 9077
9517 9077
9077 9074
9515 9074
9512 9074
9074 9068
9509 9068
9508 9068
9068 9065
9507 9065
9506 9065
9065 9063
9505 9063
9063 9060
9504 9060
9060 9058
9502 9058
9501 9058
9058 9057
9500 9057
9057 9052
9498 9052
9497 9052
9052 9048
9496 9048
9048 9035
9495 9035
9494 9035
9035 9034
9492 9034
9491 9034
9034 9033
9490 9033
9489 9033
9033 9030
9487 9030
9483 9030
9030 9029
9482 9029
9481 9029
9029 9028
9479 9028
9028 9027
9477 9027
9476 9027
9027 9021
9475 9021
9021 9019
9473 9019
9019 9002
9469 9002
9468 9002
9002 8999
9467 8999
9466 8999
8999 8992
9465 8992
8992 8990
9463 8990
9462 8990
8990 8989
9461 8989
9460 8989
8989 8988
9459 8988
8988 8983
9458 8983
9457 8983
8983 8981
9456 8981
9455 8981
8981 8976
9453 8976
8976 8975
9452 8975
9450 8975
8975 8973
8973 8963
9449 8963
9448 8963
8963 8961
9446 8961
8961 8960
8960 8959
9445 8959
9444 8959
8959 8955
9443 8955
8955 8953
9442 8953
9441 8953
8953 8952
9440 8952
8952 8951
9439 8951
9437 8951
8951 8950
9436 8950
9435 8950
8950 8946
8946 8944
9434 8944
9432 8944
8944 8943
8943 8942
9431 8942
8942 8939
9430 8939
9429 8939
8939 8933
9428 8933
9427 8933
8933 8927
8927 8926
9426 8926
9425 8926
8926 8923
9424 8923
9423 8923
8923 8921
8921 8919
9421 8919
9419 8919
8919 8910
9418 8910
9417 8910
8910 8908
9416 8908
9414 8908
8908 8907
9413 8907
9412 8907
8907 8897
9411 8897
9410 8897
8897 8894
9409 8894
8894 8891
9406 8891
8891 8877
9405 8877
9404 8877
8877 8876
9403 8876
9402 8876
8876 8873
9401 8873
9400 8873
8873 8871
9399 8871
8871 8870
9398 8870
8870 8867
9397 8867
9396 8867
8867 8863
8863 8862
9395 8862
9393 8862
8862 8860
9392 8860
9391 8860
8860 8859
9389 8859
9388 8859
8859 8850
9387 8850
8850 8845
9386 8845
8845 8842
9385 8842
9383 8842
8842 8837
8837 8836
9381 8836
9380 8836
8836 8835
8835 8830
9379 8830
9378 8830
8830 8824
9377 8824
8824 8819
9376 8819
9375 8819
8819 8813
9372 8813
9371 8813
8813 8812
9370 8812
8812 8809
9369 8809
9367 8809
8809 8805
9366 8805
9365 8805
8805 8804
9364 8804
8804 8802
9361 8802
9360 8802
8802 8799
9358 8799
9357 8799
8799 8795
9356 8795
9355 8795
8795 8792
9354 8792
8792 8787
8787 8786
9353 8786
9350 8786
8786 8784
9349 8784
9347 8784
8784 8783
9346 8783
9344 8783
8783 8776
9343 8776
8776 8763
9342 8763
8763 8761
9341 8761
8761 8755
9340 8755
9339 8755
8755 8750
9338 8750
8750 8748
9335 8748
9334 8748
8748 8743
9333 8743
8743 8742
9331 8742
9330 8742
8742 8739
8739 8732
9328 8732
9326 8732
8732 8730
8730 8726
9324 8726
8726 8722
9323 8722
9321 8722
8722 8721
9319 8721
8721 8716
9317 8716
8716 8715
9316 8715
9315 8715
8715 8712
9314 8712
9313 8712
8712 8709
9312 8709
9311 8709
8709 8707
9310 8707
9309 8707
8707 8701
9308 8701
9306 8701
8701 8695
9303 8695
8695 8685
9302 8685
8685 8684
9300 8684
9299 8684
8684 8683
9298 8683
9297 8683
8683 8682
9296 8682
8682 8681
9295 8681
9294 8681
8681 8671
9293 8671
9292 8671
8671 8670
8670 8666
9290 8666
9289 8666
8666 8665
9288 8665
8665 8664
9287 8664
9285 8664
8664 8662
9282 8662
8662 8658
8658 8653
9279 8653
9278 8653
8653 8650
8650 8647
9277 8647
9276 8647
8647 8646
9274 8646
9272 8646
8646 8644
9271 8644
9269 8644
8644 8633
9268 8633
8633 8631
9267 8631
8631 8626
9266 8626
8626 8625
9264 8625
9263 8625
8625 8621
9262 8621
9261 8621
8621 8619
9259 8619
8619 8613
9258 8613
9255 8613
8613 8609
9254 8609
9253 8609
8609 8605
9252 8605
8605 8600
9251 8600
8600 8598
9250 8598
8598 8592
9249 8592
9248 8592
8592 8588
9247 8588
8588 8582
9246 8582
8582 8575
9245 8575
9244 8575
8575 8574
9243 8574
8574 8573
9241 8573
9240 8573
8573 8571
9239 8571
9238 8571
8571 8569
8569 8568
8568 8561
9234 8561
9232 8561
8561 8556
9231 8556
9230 8556
8556 8553
9229 8553
8553 8551
9228 8551
9227 8551
8551 8550
8550 8548
8548 8546
9226 8546
9225 8546
8546 8542
9224 8542
8542 8541
9222 8541
8541 8534
8534 8525
8525 8524
9221 8524
9220 8524
8524 8521
9219 8521
9216 8521
8521 8519
9215 8519
8519 8512
9213 8512
9212 8512
8512 8511
9211 8511
8511 8506
9209 8506
9208 8506
8506 8505
9207 8505
8505 8504
9206 8504
8504 8503
9204 8503
9203 8503
8503 8500
8500 8497
8497 8495
9201 8495
9200 8495
8495 8489
9199 8489
9198 8489
8489 8486
9197 8486
8486 8483
9196 8483
9195 8483
8483 8478
8478 8475
9194 8475
8475 8472
9193 8472
9192 8472
8472 8455
8455 8452
9191 8452
8452 8449
8449 8440
9190 8440
9189 8440
8440 8431
8431 8429
9187 8429
8429 8426
9186 8426
9185 8426
8426 8421
9184 8421
9183 8421
8421 8418
9181 8418
9180 8418
8418 8416
9179 8416
9178 8416
8416 8406
9176 8406
9175 8406
8406 8397
9174 8397
9173 8397
8397 8393
9171 8393
9168 8393
8393 8388
9167 8388
9166 8388
8388 8386
9165 8386
9163 8386
8386 8382
8382 8373
9162 8373
9158 8373
8373 8367
9157 8367
9156 8367
8367 8364
9155 8364
9153 8364
8364 8362
9152 8362
8362 8357
9151 8357
9149 8357
8357 8353
9147 8353
9146 8353
8353 8347
8347 8343
9144 8343
9143 8343
8343 8340
9140 8340
9139 8340
8340 8339
9138 8339
9137 8339
8339 8336
9136 8336
9134 8336
8336 8335
9132 8335
9131 8335
8335 8333
9129 8333
9128 8333
8333 8326
9127 8326
9126 8326
8326 8325
9124 8325
9123 8325
8325 8324
9121 8324
9120 8324
8324 8322
9119 8322
9117 8322
8322 8315
9115 8315
9114 8315
8315 8312
9111 8312
8312 8306
9110 8306
9109 8306
8306 8305
9106 8305
8305 8304
8304 8295
8295 8294
9105 8294
9104 8294
8294 8292
9103 8292
8292 8291
9102 8291
9101 8291
8291 8290
9100 8290
8290 8285
9099 8285
8285 8282
9098 8282
8282 8280
9096 8280
9094 8280
8280 8278
9093 8278
8278 8274
9092 8274
8274 8273
9091 8273
9090 8273
8273 8269
9089 8269
9088 8269
8269 8267
9087 8267
8267 8264
8264 8261
9086 8261
9085 8261
8261 8259
8259 8255
9083 8255
8255 8251
8251 8244
9081 8244
9079 8244
8244 8242
9078 8242
9076 8242
8242 8241
9075 8241
9073 8241
8241 8239
9072 8239
9071 8239
8239 8237
9070 8237
8237 8230
9069 8230
8230 8226
9067 8226
8226 8225
9066 8225
8225 8221
9064 8221
9062 8221
8221 8220
9061 8220
9059 8220
8220 8216
8216 8215
8215 8213
9056 8213
8213 8212
9055 8212
8212 8206
9054 8206
9053 8206
8206 8202
8202 8200
9051 8200
9050 8200
8200 8197
9049 8197
8197 8196
9047 8196
9046 8196
8196 8190
9045 8190
9044 8190
8190 8187
9043 8187
8187 8185
9042 8185
8185 8183
9041 8183
8183 8181
9040 8181
8181 8176
9039 8176
9038 8176
8176 8172
9037 8172
9036 8172
8172 8170
9032 8170
8170 8167
9031 8167
9026 8167
8167 8164
9025 8164
9024 8164
8164 8161
8161 8156
9023 8156
8156 8150
9022 8150
8150 8147
9020 8147
9018 8147
8147 8135
8135 8120
9017 8120
9016 8120
8120 8115
8115 8112
9015 8112
9014 8112
8112 8108
9013 8108
8108 8106
9012 8106
9011 8106
8106 8098
8098 8093
9010 8093
9009 8093
8093 8092
9008 8092
9007 8092
8092 8090
8090 8089
8089 8087
9006 8087
8087 8086
9005 8086
9004 8086
8086 8083
9003 8083
9001 8083
8083 8077
9000 8077
8998 8077
8077 8075
8997 8075
8996 8075
8075 8071
8995 8071
8994 8071
8071 8066
8993 8066
8991 8066
8066 8065
8987 8065
8986 8065
8065 8063
8985 8063
8984 8063
8063 8048
8982 8048
8048 8047
8980 8047
8979 8047
8047 8045
8978 8045
8045 8033
8033 8029
8029 8024
8977 8024
8974 8024
8024 8021
8021 8018
8972 8018
8971 8018
8018 8007
8970 8007
8969 8007
8007 8005
8968 8005
8967 8005
8005 8004
8966 8004
8965 8004
8004 8003
8003 8002
8964 8002
8962 8002
8002 8000
8958 8000
8000 7999
8957 7999
8956 7999
7999 7998
8954 7998
8949 7998
7998 7996
8948 7996
8947 7996
7996 7993
8945 7993
8941 7993
7993 7982
8940 7982
8938 7982
7982 7976
7976 7968
8937 7968
7968 7964
8936 7964
8935 7964
7964 7960
8934 7960
7960 7956
7956 7954
8932 7954
7954 7947
8931 7947
7947 7944
8930 7944
8929 7944
7944 7938
8928 7938
8925 7938
7938 7934
8924 7934
8922 7934
7934 7933
7933 7932
8920 7932
7932 7931
8918 7931
8917 7931
7931 7929
8916 7929
8915 7929
7929 7928
8914 7928
8913 7928
7928 7927
8912 7927
7927 7918
8911 7918
8909 7918
7918 7914
8906 7914
7914 7912
8905 7912
8904 7912
7912 7910
8903 7910
8902 7910
7910 7909
8901 7909
8900 7909
7909 7905
8899 7905
7905 7901
7901 7900
8898 7900
7900 7899
8896 7899
7899 7891
8895 7891
8893 7891
7891 7889
8892 7889
7889 7885
8890 7885
8889 7885
7885 7878
8888 7878
8887 7878
7878 7875
8886 7875
7875 7871
8885 7871
8884 7871
7871 7868
8883 7868
8882 7868
7868 7866
8881 7866
8880 7866
7866 7865
8879 7865
7865 7855
8878 7855
8875 7855
7855 7854
7854 7849
8874 7849
7849 7848
8872 7848
8869 7848
7848 7846
8868 7846
8866 7846
7846 7843
7843 7840
8865 7840
7840 7838
8864 7838
7838 7835
8861 7835
8858 7835
7835 7833
8857 7833
8856 7833
7833 7832
8855 7832
8854 7832
7832 7829
8853 7829
8852 7829
7829 7828
8851 7828
7828 7827
8849 7827
7827 7825
7825 7813
8848 7813
7813 7811
7811 7810
8847 7810
8846 7810
7810 7807
8844 7807
8843 7807
7807 7806
8841 7806
8840 7806
7806 7805
7805 7803
8839 7803
7803 7802
7802 7800
8838 7800
8834 7800
7800 7799
8833 7799
7799 7798
8832 7798
8831 7798
7798 7792
8829 7792
8828 7792
7792 7779
8827 7779
8826 7779
7779 7778
7778 7773
8825 7773
8823 7773
7773 7772
8822 7772
7772 7766
8821 7766
8820 7766
7766 7765
8818 7765
8817 7765
7765 7762
8816 7762
8815 7762
7762 7761
7761 7759
8814 7759
8811 7759
7759 7757
8810 7757
7757 7750
8808 7750
7750 7748
8807 7748
7748 7746
8806 7746
8803 7746
7746 7736
8801 7736
8800 7736
7736 7734
8798 7734
7734 7732
8797 7732
8796 7732
7732 7717
8794 7717
8793 7717
7717 7716
8791 7716
7716 7715
8790 7715
8789 7715
7715 7713
7713 7710
8788 7710
8785 7710
7710 7708
8782 7708
8781 7708
7708 7707
8780 7707
8779 7707
7707 7705
8778 7705
7705 7703
8777 7703
8775 7703
7703 7701
8774 7701
8773 7701
7701 7698
8772 7698
8771 7698
7698 7690
8770 7690
8769 7690
7690 7687
7687 7683
8768 7683
8767 7683
7683 7680
8766 7680
7680 7679
8765 7679
8764 7679
7679 7672
8762 7672
8760 7672
7672 7670
8759 7670
7670 7669
8758 7669
7669 7668
8757 7668
8756 7668
7668 7664
8754 7664
8753 7664
7664 7660
7660 7658
8752 7658
8751 7658
7658 7653
8749 7653
7653 7650
8747 7650
7650 7645
8746 7645
8745 7645
7645 7643
8744 7643
7643 7642
8741 7642
7642 7640
7640 7634
8740 7634
7634 7633
8738 7633
7633 7628
8737 7628
8736 7628
7628 7624
8735 7624
8734 7624
7624 7623
8733 7623
7623 7622
8731 7622
7622 7621
7621 7617
8729 7617
8728 7617
7617 7616
8727 7616
8725 7616
7616 7612
8724 7612
8723 7612
7612 7611
8720 7611
8719 7611
7611 7603
8718 7603
8717 7603
7603 7601
8714 7601
8713 7601
7601 7597
8711 7597
7597 7595
8710 7595
8708 7595
7595 7592
8706 7592
8705 7592
7592 7588
8704 7588
7588 7578
8703 7578
7578 7575
8702 7575
8700 7575
7575 7574
8699 7574
7574 7573
8698 7573
7573 7570
8697 7570
8696 7570
7570 7569
8694 7569
8693 7569
7569 7568
8692 7568
7568 7565
8691 7565
8690 7565
7565 7563
8689 7563
8688 7563
7563 7560
8687 7560
7560 7558
7558 7557
8686 7557
8680 7557
7557 7556
8679 7556
8678 7556
7556 7554
8677 7554
7554 7553
8676 7553
8675 7553
7553 7552
8674 7552
8673 7552
7552 7550
8672 7550
7550 7546
8669 7546
7546 7542
8668 7542
8667 7542
7542 7540
8663 7540
8661 7540
7540 7538
8660 7538
8659 7538
7538 7536
8657 7536
8656 7536
7536 7533
8655 7533
7533 7531
8654 7531
8652 7531
7531 7522
7522 7513
8651 7513
7513 7510
7510 7507
8649 7507
7507 7501
8648 7501
7501 7500
8645 7500
8643 7500
7500 7498
8642 7498
8641 7498
7498 7497
8640 7497
7497 7495
8639 7495
7495 7493
8638 7493
8637 7493
7493 7492
8636 7492
7492 7489
8635 7489
8634 7489
7489 7483
8632 7483
8630 7483
7483 7479
7479 7473
8629 7473
8628 7473
7473 7470
8627 7470
8624 7470
7470 7469
8623 7469
8622 7469
7469 7464
8620 7464
8618 7464
7464 7457
8617 7457
8616 7457
7457 7456
8615 7456
7456 7455
8614 7455
7455 7454
8612 7454
8611 7454
7454 7452
7452 7449
8610 7449
8608 7449
7449 7441
8607 7441
7441 7437
8606 7437
7437 7435
7435 7425
8604 7425
8603 7425
7425 7419
8602 7419
7419 7416
8601 7416
8599 7416
7416 7414
8597 7414
8596 7414
7414 7408
8595 7408
7408 7405
8594 7405
7405 7404
8593 7404
7404 7403
8591 7403
7403 7399
8590 7399
8589 7399
7399 7394
8587 7394
8586 7394
7394 7389
8585 7389
8584 7389
7389 7386
8583 7386
8581 7386
7386 7383
7383 7376
8580 7376
7376 7372
8579 7372
7372 7361
8578 7361
8577 7361
7361 7357
8576 7357
7357 7353
8572 7353
7353 7352
8570 7352
8567 7352
7352 7351
8566 7351
8565 7351
7351 7348
7348 7346
8564 7346
8563 7346
7346 7337
8562 7337
7337 7335
7335 7333
8560 7333
8559 7333
7333 7331
8558 7331
8557 7331
7331 7326
8555 7326
8554 7326
7326 7323
8552 7323
8549 7323
7323 7320
8547 7320
8545 7320
7320 7314
8544 7314
7314 7309
8543 7309
7309 7303
8540 7303
8539 7303
7303 7301
7301 7299
8538 7299
8537 7299
7299 7298
8536 7298
7298 7290
8535 7290
8533 7290
7290 7284
7284 7283
8532 7283
7283 7282
8531 7282
7282 7278
8530 7278
8529 7278
7278 7276
8528 7276
8527 7276
7276 7273
8526 7273
8523 7273
7273 7266
7266 7259
8522 7259
8520 7259
7259 7258
8518 7258
8517 7258
7258 7257
8516 7257
8515 7257
7257 7252
8514 7252
8513 7252
7252 7243
8510 7243
7243 7240
8509 7240
8508 7240
7240 7239
8507 7239
7239 7237
8502 7237
8501 7237
7237 7234
8499 7234
7234 7220
8498 7220
8496 7220
7220 7215
8494 7215
8493 7215
7215 7214
8492 7214
7214 7212
8491 7212
7212 7204
8490 7204
8488 7204
7204 7198
8487 7198
8485 7198
7198 7197
8484 7197
8482 7197
7197 7195
8481 7195
8480 7195
7195 7193
8479 7193
7193 7189
8477 7189
8476 7189
7189 7182
8474 7182
7182 7176
8473 7176
7176 7175
7175 7172
8471 7172
8470 7172
7172 7171
8469 7171
7171 7164
7164 7159
7159 7158
7158 7157
8468 7157
7157 7153
8467 7153
8466 7153
7153 7152
8465 7152
8464 7152
7152 7147
8463 7147
8462 7147
7147 7146
8461 7146
8460 7146
7146 7140
8459 7140
8458 7140
7140 7139
8457 7139
7139 7138
7138 7137
8456 7137
7137 7134
7134 7133
8454 7133
8453 7133
7133 7130
8451 7130
7130 7129
8450 7129
8448 7129
7129 7120
8447 7120
8446 7120
7120 7118
8445 7118
7118 7116
8444 7116
8443 7116
7116 7115
8442 7115
7115 7113
7113 7107
8441 7107
8439 7107
7107 7100
8438 7100
7100 7098
8437 7098
7098 7097
8436 7097
7097 7091
8435 7091
8434 7091
7091 7090
8433 7090
7090 7085
8432 7085
8430 7085
7085 7084
8428 7084
8427 7084
7084 7081
8425 7081
8424 7081
7081 7076
7076 7070
8423 7070
8422 7070
7070 7054
8420 7054
7054 7049
8419 7049
8417 7049
7049 7047
8415 7047
8414 7047
7047 7046
8413 7046
7046 7045
8412 7045
7045 7042
8411 7042
7042 7039
8410 7039
8409 7039
7039 7038
8408 7038
8407 7038
7038 7035
8405 7035
8404 7035
7035 7034
8403 7034
8402 7034
7034 7032
8401 7032
7032 7031
8400 7031
8399 7031
7031 7027
8398 7027
7027 7019
8396 7019
8395 7019
7019 7018
8394 7018
7018 7015
8392 7015
8391 7015
7015 7012
8390 7012
8389 7012
7012 7008
7008 7001
8387 7001
7001 7000
7000 6995
6995 6991
8385 6991
6991 6989
8384 6989
6989 6987
8383 6987
8381 6987
6987 6981
8380 6981
6981 6974
8379 6974
6974 6967
8378 6967
6967 6966
8377 6966
6966 6963
8376 6963
8375 6963
6963 6959
8374 6959
8372 6959
6959 6954
8371 6954
8370 6954
6954 6953
8369 6953
6953 6952
8368 6952
6952 6949
8366 6949
8365 6949
6949 6939
8363 6939
6939 6938
8361 6938
6938 6936
6936 6933
6933 6930
8360 6930
6930 6929
8359 6929
8358 6929
6929 6925
8356 6925
6925 6920
8355 6920
6920 6919
8354 6919
8352 6919
6919 6918
8351 6918
6918 6917
6917 6912
8350 6912
6912 6910
8349 6910
6910 6909
8348 6909
8346 6909
6909 6908
6908 6905
8345 6905
8344 6905
6905 6892
6892 6889
8342 6889
6889 6884
8341 6884
6884 6882
8338 6882
8337 6882
6882 6879
8334 6879
8332 6879
6879 6876
8331 6876
6876 6874
6874 6872
8330 6872
8329 6872
6872 6870
8328 6870
8327 6870
6870 6866
8323 6866
6866 6865
8321 6865
6865 6864
8320 6864
8319 6864
6864 6863
6863 6859
8318 6859
8317 6859
6859 6856
6856 6854
8316 6854
6854 6847
6847 6845
8314 6845
6845 6836
8313 6836
8311 6836
6836 6834
8310 6834
8309 6834
6834 6831
8308 6831
6831 6830
8307 6830
6830 6821
8303 6821
8302 6821
6821 6820
8301 6820
6820 6818
8300 6818
8299 6818
6818 6816
8298 6816
6816 6815
8297 6815
6815 6810
6810 6808
8296 6808
8293 6808
6808 6807
8289 6807
6807 6806
8288 6806
8287 6806
6806 6802
8286 6802
8284 6802
6802 6798
8283 6798
6798 6797
8281 6797
6797 6796
8279 6796
8277 6796
6796 6794
8276 6794
6794 6791
8275 6791
6791 6788
8272 6788
6788 6786
8271 6786
6786 6785
8270 6785
8268 6785
6785 6782
8266 6782
8265 6782
6782 6778
8263 6778
6778 6772
6772 6771
8262 6771
6771 6769
8260 6769
8258 6769
6769 6767
8257 6767
8256 6767
6767 6766
8254 6766
6766 6762
8253 6762
6762 6761
8252 6761
6761 6758
8250 6758
8249 6758
6758 6757
8248 6757
8247 6757
6757 6753
8246 6753
8245 6753
6753 6751
8243 6751
8240 6751
6751 6737
8238 6737
8236 6737
6737 6734
6734 6730
6730 6725
8235 6725
6725 6724
6724 6719
8234 6719
8233 6719
6719 6718
8232 6718
8231 6718
6718 6717
8229 6717
6717 6715
8228 6715
8227 6715
6715 6708
8224 6708
6708 6703
8223 6703
6703 6702
8222 6702
6702 6700
8219 6700
6700 6696
8218 6696
6696 6694
8217 6694
8214 6694
6694 6692
8211 6692
8210 6692
6692 6691
8209 6691
6691 6686
8208 6686
6686 6681
8207 6681
8205 6681
6681 6675
6675 6673
8204 6673
8203 6673
6673 6662
8201 6662
6662 6659
8199 6659
8198 6659
6659 6658
8195 6658
8194 6658
6658 6656
6656 6655
8193 6655
8192 6655
6655 6652
8191 6652
8189 6652
6652 6651
8188 6651
8186 6651
6651 6650
8184 6650
8182 6650
6650 6643
8180 6643
6643 6638
8179 6638
6638 6634
8178 6634
6634 6629
8177 6629
6629 6628
8175 6628
8174 6628
6628 6626
8173 6626
8171 6626
6626 6624
6624 6623
8169 6623
8168 6623
6623 6612
8166 6612
6612 6607
8165 6607
8163 6607
6607 6604
8162 6604
8160 6604
6604 6601
8159 6601
8158 6601
6601 6597
8157 6597
6597 6593
8155 6593
8154 6593
6593 6591
8153 6591
8152 6591
6591 6588
8151 6588
6588 6587
8149 6587
8148 6587
6587 6585
8146 6585
8145 6585
6585 6578
8144 6578
8143 6578
6578 6572
8142 6572
8141 6572
6572 6570
8140 6570
8139 6570
6570 6567
8138 6567
6567 6566
8137 6566
8136 6566
6566 6564
8134 6564
6564 6558
8133 6558
8132 6558
6558 6553
8131 6553
8130 6553
6553 6552
8129 6552
8128 6552
6552 6551
6551 6549
8127 6549
6549 6546
8126 6546
8125 6546
6546 6537
8124 6537
8123 6537
6537 6536
8122 6536
6536 6535
8121 6535
6535 6534
8119 6534
8118 6534
6534 6533
8117 6533
8116 6533
6533 6531
8114 6531
8113 6531
6531 6526
6526 6521
6521 6520
8111 6520
8110 6520
6520 6518
8109 6518
8107 6518
6518 6516
8105 6516
8104 6516
6516 6513
6513 6511
8103 6511
6511 6509
8102 6509
8101 6509
6509 6507
8100 6507
8099 6507
6507 6506
8097 6506
8096 6506
6506 6493
6493 6488
8095 6488
8094 6488
6488 6481
8091 6481
8088 6481
6481 6478
8085 6478
8084 6478
6478 6477
8082 6477
8081 6477
6477 6475
8080 6475
6475 6473
8079 6473
8078 6473
6473 6469
8076 6469
8074 6469
6469 6466
8073 6466
8072 6466
6466 6464
6464 6463
8070 6463
8069 6463
6463 6457
8068 6457
8067 6457
6457 6455
6455 6451
8064 6451
8062 6451
6451 6449
8061 6449
6449 6444
8060 6444
6444 6441
8059 6441
6441 6436
6436 6432
8058 6432
8057 6432
6432 6427
8056 6427
8055 6427
6427 6424
8054 6424
8053 6424
6424 6423
6423 6415
8052 6415
8051 6415
6415 6408
8050 6408
8049 6408
6408 6404
8046 6404
8044 6404
6404 6400
8043 6400
6400 6399
8042 6399
6399 6398
8041 6398
8040 6398
6398 6397
8039 6397
8038 6397
6397 6396
6396 6395
8037 6395
8036 6395
6395 6391
8035 6391
8034 6391
6391 6389
8032 6389
8031 6389
6389 6387
8030 6387
8028 6387
6387 6378
8027 6378
6378 6373
8026 6373
6373 6372
8025 6372
8023 6372
6372 6370
8022 6370
6370 6363
8020 6363
8019 6363
6363 6358
8017 6358
6358 6354
8016 6354
8015 6354
6354 6346
8014 6346
8013 6346
6346 6345
8012 6345
6345 6337
8011 6337
8010 6337
6337 6333
8009 6333
6333 6332
8008 6332
6332 6331
8006 6331
8001 6331
6331 6326
6326 6324
6324 6322
6322 6320
7997 6320
7995 6320
6320 6318
7994 6318
7992 6318
6318 6316
7991 6316
6316 6314
7990 6314
6314 6311
7989 6311
7988 6311
6311 6310
7987 6310
6310 6309
7986 6309
7985 6309
6309 6308
7984 6308
7983 6308
6308 6306
7981 6306
6306 6305
7980 6305
7979 6305
6305 6299
6299 6296
7978 6296
7977 6296
6296 6295
7975 6295
7974 6295
6295 6290
7973 6290
6290 6289
7972 6289
7971 6289
6289 6285
7970 6285
7969 6285
6285 6276
7967 6276
7966 6276
6276 6271
7965 6271
7963 6271
6271 6265
7962 6265
6265 6261
6261 6259
7961 6259
7959 6259
6259 6255
7958 6255
6255 6250
7957 6250
7955 6250
6250 6244
7953 6244
7952 6244
6244 6242
7951 6242
7950 6242
6242 6235
7949 6235
6235 6234
7948 6234
7946 6234
6234 6232
7945 6232
7943 6232
6232 6224
7942 6224
6224 6222
6222 6215
7941 6215
7940 6215
6215 6212
7939 6212
7937 6212
6212 6203
7936 6203
7935 6203
6203 6190
7930 6190
7926 6190
6190 6184
6184 6181
7925 6181
6181 6173
7924 6173
6173 6169
7923 6169
7922 6169
6169 6168
7921 6168
6168 6167
7920 6167
6167 6159
7919 6159
6159 6153
7917 6153
6153 6146
7916 6146
6146 6143
7915 6143
6143 6142
7913 6142
6142 6133
7911 6133
7908 6133
6133 6132
7907 6132
7906 6132
6132 6130
7904 6130
6130 6128
7903 6128
7902 6128
6128 6127
7898 6127
7897 6127
6127 6126
7896 6126
7895 6126
6126 6116
7894 6116
6116 6114
7893 6114
6114 6113
7892 6113
7890 6113
6113 6109
7888 6109
6109 6108
6108 6095
7887 6095
7886 6095
6095 6094
7884 6094
7883 6094
6094 6084
7882 6084
7881 6084
6084 6080
7880 6080
7879 6080
6080 6079
7877 6079
6079 6078
7876 6078
7874 6078
6078 6074
7873 6074
6074 6073
7872 6073
6073 6072
7870 6072
7869 6072
6072 6071
7867 6071
7864 6071
6071 6069
7863 6069
6069 6063
7862 6063
7861 6063
6063 6059
7860 6059
6059 6055
7859 6055
7858 6055
6055 6054
7857 6054
6054 6053
7856 6053
6053 6052
7853 6052
6052 6051
7852 6051
7851 6051
6051 6048
7850 6048
7847 6048
6048 6039
7845 6039
7844 6039
6039 6037
7842 6037
6037 6035
7841 6035
6035 6032
7839 6032
7837 6032
6032 6031
7836 6031
6031 6028
7834 6028
6028 6024
6024 6021
7831 6021
6021 6018
7830 6018
7826 6018
6018 6017
7824 6017
6017 6016
6016 6015
7823 6015
7822 6015
6015 6009
7821 6009
7820 6009
6009 6008
7819 6008
6008 6007
7818 6007
6007 6002
7817 6002
6002 6001
7816 6001
7815 6001
6001 5999
7814 5999
7812 5999
5999 5998
5998 5996
7809 5996
5996 5994
7808 5994
7804 5994
5994 5989
7801 5989
7797 5989
5989 5983
7796 5983
7795 5983
5983 5981
7794 5981
7793 5981
5981 5975
7791 5975
5975 5971
7790 5971
7789 5971
5971 5969
5969 5968
7788 5968
7787 5968
5968 5960
7786 5960
7785 5960
5960 5953
7784 5953
7783 5953
5953 5949
7782 5949
7781 5949
5949 5948
7780 5948
5948 5945
7777 5945
7776 5945
5945 5944
7775 5944
7774 5944
5944 5938
7771 5938
5938 5937
7770 5937
5937 5930
7769 5930
5930 5929
7768 5929
7767 5929
5929 5928
7764 5928
7763 5928
5928 5927
5927 5922
5922 5918
5918 5915
7760 5915
7758 5915
5915 5906
7756 5906
7755 5906
5906 5905
7754 5905
5905 5903
7753 5903
7752 5903
5903 5901
7751 5901
7749 5901
5901 5894
7747 5894
7745 5894
5894 5893
5893 5891
7744 5891
5891 5888
7743 5888
7742 5888
5888 5884
7741 5884
7740 5884
5884 5881
7739 5881
7738 5881
5881 5878
7737 5878
7735 5878
5878 5876
7733 5876
7731 5876
5876 5874
7730 5874
5874 5869
7729 5869
7728 5869
5869 5862
7727 5862
5862 5859
7726 5859
5859 5858
5858 5853
7725 5853
5853 5852
7724 5852
5852 5851
7723 5851
7722 5851
5851 5847
7721 5847
5847 5841
7720 5841
5841 5839
7719 5839
7718 5839
5839 5838
7714 5838
5838 5836
7712 5836
7711 5836
5836 5835
7709 5835
7706 5835
5835 5834
7704 5834
7702 5834
5834 5832
7700 5832
7699 5832
5832 5828
7697 5828
5828 5827
7696 5827
7695 5827
5827 5825
7694 5825
5825 5821
7693 5821
7692 5821
5821 5820
5820 5811
7691 5811
7689 5811
5811 5808
7688 5808
5808 5806
7686 5806
5806 5803
7685 5803
7684 5803
5803 5802
7682 5802
7681 5802
5802 5800
5800 5798
7678 5798
5798 5796
5796 5786
7677 5786
7676 5786
5786 5776
7675 5776
7674 5776
5776 5774
7673 5774
7671 5774
5774 5771
7667 5771
7666 5771
5771 5769
7665 5769
7663 5769
5769 5766
5766 5753
7662 5753
7661 5753
5753 5751
7659 5751
7657 5751
5751 5750
7656 5750
5750 5742
7655 5742
5742 5741
7654 5741
7652 5741
5741 5734
5734 5730
7651 5730
7649 5730
5730 5724
7648 5724
7647 5724
5724 5722
5722 5718
7646 5718
5718 5713
7644 5713
7641 5713
5713 5707
7639 5707
5707 5706
7638 5706
7637 5706
5706 5698
7636 5698
5698 5697
7635 5697
7632 5697
5697 5693
7631 5693
5693 5690
7630 5690
7629 5690
5690 5688
7627 5688
7626 5688
5688 5672
7625 5672
5672 5671
7620 5671
5671 5669
7619 5669
7618 5669
5669 5665
7615 5665
7614 5665
5665 5663
7613 5663
7610 5663
5663 5660
7609 5660
7608 5660
5660 5658
7607 5658
5658 5657
7606 5657
5657 5652
7605 5652
5652 5651
5651 5650
7604 5650
7602 5650
5650 5648
5648 5647
7600 5647
5647 5645
7599 5645
7598 5645
5645 5640
7596 5640
7594 5640
5640 5636
7593 5636
7591 5636
5636 5635
7590 5635
7589 5635
5635 5630
7587 5630
7586 5630
5630 5629
7585 5629
7584 5629
5629 5628
7583 5628
5628 5626
5626 5621
7582 5621
7581 5621
5621 5620
5620 5616
7580 5616
7579 5616
5616 5615
5615 5614
7577 5614
7576 5614
5614 5606
7572 5606
7571 5606
5606 5601
7567 5601
7566 5601
5601 5600
7564 5600
5600 5595
7562 5595
7561 5595
5595 5593
7559 5593
5593 5592
5592 5585
7555 5585
5585 5581
7551 5581
7549 5581
5581 5580
7548 5580
7547 5580
5580 5576
7545 5576
5576 5556
7544 5556
7543 5556
5556 5552
7541 5552
5552 5551
7539 5551
7537 5551
5551 5549
5549 5546
7535 5546
5546 5541
5541 5540
7534 5540
7532 5540
5540 5537
7530 5537
5537 5528
7529 5528
7528 5528
5528 5523
7527 5523
5523 5517
7526 5517
7525 5517
5517 5514
7524 5514
5514 5513
5513 5512
7523 5512
5512 5511
7521 5511
5511 5505
7520 5505
5505 5503
7519 5503
7518 5503
5503 5500
7517 5500
5500 5498
7516 5498
7515 5498
5498 5491
7514 5491
7512 5491
5491 5485
7511 5485
7509 5485
5485 5480
7508 5480
5480 5478
7506 5478
7505 5478
5478 5476
7504 5476
5476 5464
7503 5464
7502 5464
5464 5461
7499 5461
5461 5450
5450 5448
7496 5448
7494 5448
5448 5444
7491 5444
5444 5443
5443 5437
7490 5437
7488 5437
5437 5436
5436 5432
7487 5432
7486 5432
5432 5429
7485 5429
7484 5429
5429 5421
7482 5421
5421 5417
7481 5417
7480 5417
5417 5415
7478 5415
7477 5415
5415 5414
7476 5414
7475 5414
5414 5413
7474 5413
7472 5413
5413 5409
7471 5409
5409 5408
7468 5408
5408 5407
5407 5389
7467 5389
7466 5389
5389 5384
7465 5384
7463 5384
5384 5379
5379 5374
7462 5374
7461 5374
5374 5367
7460 5367
7459 5367
5367 5363
5363 5360
7458 5360
7453 5360
5360 5358
7451 5358
5358 5357
7450 5357
7448 5357
5357 5354
7447 5354
7446 5354
5354 5348
7445 5348
7444 5348
5348 5347
5347 5340
7443 5340
7442 5340
5340 5329
7440 5329
7439 5329
5329 5327
7438 5327
7436 5327
5327 5322
5322 5321
7434 5321
5321 5320
7433 5320
7432 5320
5320 5319
7431 5319
7430 5319
5319 5311
7429 5311
5311 5309
7428 5309
7427 5309
5309 5299
7426 5299
7424 5299
5299 5294
7423 5294
7422 5294
5294 5291
7421 5291
5291 5288
7420 5288
7418 5288
5288 5287
7417 5287
5287 5284
5284 5282
7415 5282
7413 5282
5282 5274
7412 5274
7411 5274
5274 5273
7410 5273
7409 5273
5273 5271
7407 5271
7406 5271
5271 5270
7402 5270
5270 5266
7401 5266
5266 5262
7400 5262
7398 5262
5262 5260
7397 5260
5260 5258
7396 5258
5258 5257
7395 5257
5257 5254
7393 5254
5254 5252
7392 5252
7391 5252
5252 5248
7390 5248
7388 5248
5248 5247
5247 5243
7387 5243
7385 5243
5243 5240
7384 5240
7382 5240
5240 5239
7381 5239
5239 5233
7380 5233
7379 5233
5233 5228
7378 5228
5228 5226
7377 5226
7375 5226
5226 5222
7374 5222
7373 5222
5222 5220
5220 5215
7371 5215
5215 5210
7370 5210
7369 5210
5210 5209
7368 5209
5209 5204
7367 5204
5204 5199
7366 5199
7365 5199
5199 5197
7364 5197
5197 5196
7363 5196
7362 5196
5196 5195
7360 5195
7359 5195
5195 5191
7358 5191
7356 5191
5191 5188
7355 5188
7354 5188
5188 5185
7350 5185
5185 5183
7349 5183
7347 5183
5183 5182
7345 5182
7344 5182
7343 5182
5182 5180
5180 5179
7342 5179
7341 5179
7340 5179
5179 5174
7339 5174
7338 5174
7336 5174
5174 5171
7334 5171
7332 5171
7330 5171
5171 5169
7329 5169
7328 5169
5169 5167
7327 5167
5167 5166
7325 5166
7324 5166
7322 5166
5166 5164
7321 5164
7319 5164
7318 5164
5164 5163
7317 5163
7316 5163
5163 5161
7315 5161
7313 5161
5161 5160
5160 5158
7312 5158
7311 5158
7310 5158
5158 5156
7308 5156
7307 5156
5156 5148
7306 5148
7305 5148
5148 5147
5147 5143
7304 5143
7302 5143
7300 5143
5143 5142
5142 5139
7297 5139
5139 5138
7296 5138
7295 5138
5138 5136
7294 5136
7293 5136
5136 5133
7292 5133
7291 5133
7289 5133
5133 5132
7288 5132
5132 5131
5131 5127
7287 5127
7286 5127
7285 5127
5127 5123
7281 5123
7280 5123
5123 5122
7279 5122
7277 5122
5122 5121
7275 5121
7274 5121
5121 5120
7272 5120
7271 5120
5120 5119
7270 5119
7269 5119
7268 5119
5119 5115
7267 5115
7265 5115
5115 5113
7264 5113
7263 5113
7262 5113
5113 5111
7261 5111
7260 5111
5111 5110
7256 5110
7255 5110
5110 5109
7254 5109
7253 5109
7251 5109
5109 5108
7250 5108
7249 5108
5108 5106
7248 5106
7247 5106
5106 5105
7246 5105
7245 5105
7244 5105
5105 5101
7242 5101
7241 5101
5101 5100
7238 5100
7236 5100
5100 5099
7235 5099
7233 5099
7232 5099
5099 5098
7231 5098
5098 5097
7230 5097
7229 5097
7228 5097
5097 5092
7227 5092
7226 5092
7225 5092
5092 5087
7224 5087
7223 5087
7222 5087
5087 5084
7221 5084
7219 5084
5084 5080
7218 5080
7217 5080
5080 5079
7216 5079
7213 5079
7211 5079
5079 5075
5075 5072
7210 5072
7209 5072
5072 5071
7208 5071
7207 5071
7206 5071
5071 5067
7205 5067
7203 5067
7202 5067
5067 5063
7201 5063
7200 5063
7199 5063
5063 5062
7196 5062
7194 5062
7192 5062
5062 5061
7191 5061
7190 5061
7188 5061
5061 5060
7187 5060
5060 5054
7186 5054
7185 5054
7184 5054
5054 5052
7183 5052
5052 5051
7181 5051
7180 5051
5051 5048
7179 5048
7178 5048
7177 5048
5048 5046
7174 5046
7173 5046
5046 5044
7170 5044
7169 5044
7168 5044
5044 5041
5041 5039
7167 5039
5039 5038
7166 5038
5038 5037
7165 5037
7163 5037
7162 5037
5037 5035
7161 5035
7160 5035
5035 5034
7156 5034
7155 5034
7154 5034
5034 5033
7151 5033
7150 5033
5033 5032
7149 5032
7148 5032
7145 5032
5032 5031
7144 5031
7143 5031
5031 5028
7142 5028
7141 5028
7136 5028
5028 5025
7135 5025
5025 5016
7132 5016
7131 5016
5016 5015
7128 5015
7127 5015
5015 5013
7126 5013
7125 5013
7124 5013
5013 5012
7123 5012
7122 5012
5012 5004
7121 5004
7119 5004
5004 5003
7117 5003
7114 5003
5003 5002
7112 5002
7111 5002
7110 5002
5002 5000
7109 5000
7108 5000
5000 4998
7106 4998
7105 4998
7104 4998
4998 4997
7103 4997
7102 4997
4997 4996
7101 4996
7099 4996
7096 4996
4996 4995
7095 4995
7094 4995
4995 4991
4991 4989
4989 4987
7093 4987
7092 4987
4987 4986
7089 4986
7088 4986
7087 4986
4986 4983
7086 4983
7083 4983
4983 4981
7082 4981
7080 4981
7079 4981
4981 4978
7078 4978
7077 4978
4978 4977
7075 4977
7074 4977
7073 4977
4977 4975
7072 4975
7071 4975
7069 4975
4975 4970
7068 4970
4970 4967
7067 4967
4967 4965
7066 4965
7065 4965
4965 4964
7064 4964
7063 4964
4964 4962
7062 4962
7061 4962
4962 4960
7060 4960
4960 4959
7059 4959
7058 4959
4959 4956
7057 4956
7056 4956
4956 4955
7055 4955
7053 4955
7052 4955
4955 4954
7051 4954
4954 4953
7050 4953
4953 4952
7048 4952
7044 4952
4952 4951
7043 4951
7041 4951
7040 4951
4951 4949
4949 4948
7037 4948
7036 4948
4948 4947
7033 4947
7030 4947
7029 4947
4947 4944
7028 4944
4944 4943
7026 4943
7025 4943
4943 4942
7024 4942
7023 4942
4942 4940
4940 4939
7022 4939
4939 4938
7021 4938
4938 4936
7020 4936
4936 4934
7017 4934
7016 4934
4934 4933
7014 4933
4933 4932
7013 4932
4932 4931
4931 4926
7011 4926
7010 4926
7009 4926
4926 4924
7007 4924
7006 4924
7005 4924
4924 4922
7004 4922
7003 4922
7002 4922
4922 4919
6999 4919
6998 4919
4919 4910
4910 4909
6997 4909
6996 4909
6994 4909
4909 4905
6993 4905
6992 4905
6990 4905
4905 4904
6988 4904
6986 4904
4904 4900
6985 4900
6984 4900
4900 4898
6983 4898
6982 4898
4898 4897
6980 4897
6979 4897
4897 4896
6978 4896
6977 4896
6976 4896
4896 4895
4895 4894
4894 4892
6975 4892
6973 4892
4892 4890
6972 4890
4890 4889
4889 4885
6971 4885
6970 4885
6969 4885
4885 4882
6968 4882
6965 4882
6964 4882
4882 4881
6962 4881
6961 4881
4881 4872
6960 4872
6958 4872
6957 4872
4872 4871
6956 4871
6955 4871
6951 4871
4871 4869
6950 4869
6948 4869
4869 4868
6947 4868
4868 4867
6946 4867
6945 4867
6944 4867
4867 4866
6943 4866
6942 4866
6941 4866
4866 4864
6940 4864
6937 4864
4864 4861
6935 4861
6934 4861
6932 4861
4861 4859
4859 4857
6931 4857
6928 4857
4857 4853
6927 4853
6926 4853
6924 4853
4853 4852
6923 4852
6922 4852
4852 4851
6921 4851
4851 4849
6916 4849
6915 4849
4849 4848
6914 4848
6913 4848
6911 4848
4848 4846
6907 4846
6906 4846
6904 4846
4846 4840
6903 4840
4840 4839
4839 4837
6902 4837
6901 4837
6900 4837
4837 4834
6899 4834
6898 4834
4834 4830
6897 4830
6896 4830
6895 4830
4830 4828
6894 4828
6893 4828
6891 4828
4828 4826
6890 4826
4826 4825
6888 4825
6887 4825
6886 4825
4825 4824
6885 4824
6883 4824
6881 4824
4824 4822
6880 4822
6878 4822
6877 4822
4822 4819
6875 4819
6873 4819
4819 4817
4817 4816
6871 4816
6869 4816
6868 4816
4816 4813
4813 4812
6867 4812
6862 4812
6861 4812
4812 4809
6860 4809
6858 4809
6857 4809
4809 4808
6855 4808
6853 4808
6852 4808
4808 4806
6851 4806
4806 4804
6850 4804
6849 4804
4804 4800
6848 4800
4800 4798
6846 4798
6844 4798
6843 4798
4798 4797
4797 4796
4796 4795
6842 4795
6841 4795
6840 4795
4795 4793
6839 4793
4793 4792
6838 4792
6837 4792
4792 4791
6835 4791
6833 4791
4791 4787
4787 4785
6832 4785
6829 4785
6828 4785
4785 4784
6827 4784
4784 4782
4782 4779
6826 4779
6825 4779
6824 4779
4779 4778
6823 4778
6822 4778
4778 4777
4777 4776
6819 4776
4776 4775
6817 4775
6814 4775
6813 4775
4775 4771
6812 4771
6811 4771
6809 4771
4771 4769
6805 4769
4769 4767
6804 4767
4767 4766
6803 4766
6801 4766
4766 4765
6800 4765
6799 4765
6795 4765
4765 4763
6793 4763
6792 4763
6790 4763
4763 4760
4760 4757
6789 4757
6787 4757
6784 4757
4757 4755
6783 4755
6781 4755
4755 4751
6780 4751
6779 4751
6777 4751
4751 4750
4750 4748
6776 4748
6775 4748
6774 4748
4748 4745
6773 4745
6770 4745
4745 4742
6768 4742
6765 4742
6764 4742
4742 4741
4741 4740
6763 4740
6760 4740
6759 4740
4740 4734
6756 4734
6755 4734
6754 4734
4734 4733
6752 4733
4733 4732
6750 4732
6749 4732
4732 4727
6748 4727
6747 4727
6746 4727
4727 4724
6745 4724
4724 4722
6744 4722
6743 4722
6742 4722
4722 4719
6741 4719
6740 4719
6739 4719
4719 4716
6738 4716
6736 4716
6735 4716
4716 4713
6733 4713
6732 4713
4713 4712
6731 4712
6729 4712
6728 4712
4712 4707
6727 4707
6726 4707
6723 4707
4707 4705
6722 4705
6721 4705
4705 4702
6720 4702
6716 4702
6714 4702
4702 4700
4700 4694
6713 4694
6712 4694
4694 4687
6711 4687
4687 4685
6710 4685
6709 4685
4685 4682
6707 4682
6706 4682
6705 4682
4682 4681
4681 4680
6704 4680
6701 4680
4680 4675
6699 4675
4675 4674
6698 4674
4674 4666
6697 4666
6695 4666
4666 4665
6693 4665
6690 4665
6689 4665
4665 4659
6688 4659
4659 4657
6687 4657
6685 4657
4657 4655
6684 4655
6683 4655
4655 4650
6682 4650
6680 4650
6679 4650
4650 4646
6678 4646
6677 4646
6676 4646
4646 4645
6674 4645
6672 4645
6671 4645
4645 4643
6670 4643
6669 4643
4643 4639
4639 4634
6668 4634
6667 4634
4634 4632
6666 4632
6665 4632
4632 4628
4628 4627
4627 4619
6664 4619
6663 4619
4619 4615
6661 4615
4615 4613
6660 4613
4613 4612
6657 4612
6654 4612
4612 4611
6653 4611
4611 4610
6649 4610
6648 4610
4610 4606
6647 4606
6646 4606
6645 4606
4606 4604
6644 4604
4604 4602
6642 4602
6641 4602
4602 4601
4601 4599
6640 4599
6639 4599
6637 4599
4599 4597
6636 4597
6635 4597
4597 4596
6633 4596
6632 4596
6631 4596
4596 4595
6630 4595
6627 4595
4595 4590
6625 4590
6622 4590
4590 4589
6621 4589
4589 4586
6620 4586
6619 4586
6618 4586
4586 4584
6617 4584
4584 4582
6616 4582
6615 4582
4582 4581
6614 4581
6613 4581
6611 4581
4581 4580
6610 4580
6609 4580
6608 4580
4580 4574
6606 4574
6605 4574
4574 4569
6603 4569
4569 4564
6602 4564
6600 4564
6599 4564
4564 4562
6598 4562
6596 4562
6595 4562
4562 4561
6594 4561
4561 4559
6592 4559
6590 4559
4559 4558
6589 4558
6586 4558
4558 4557
6584 4557
4557 4550
6583 4550
6582 4550
6581 4550
4550 4548
6580 4548
6579 4548
4548 4547
6577 4547
6576 4547
4547 4546
6575 4546
6574 4546
6573 4546
4546 4543
4543 4542
6571 4542
6569 4542
6568 4542
4542 4541
6565 4541
6563 4541
4541 4538
6562 4538
4538 4536
6561 4536
4536 4533
6560 4533
6559 4533
6557 4533
4533 4532
6556 4532
6555 4532
6554 4532
4532 4530
6550 4530
4530 4529
6548 4529
6547 4529
6545 4529
4529 4528
6544 4528
4528 4526
6543 4526
6542 4526
6541 4526
4526 4525
6540 4525
4525 4521
6539 4521
6538 4521
4521 4518
6532 4518
6530 4518
6529 4518
4518 4515
6528 4515
6527 4515
6525 4515
4515 4511
6524 4511
6523 4511
6522 4511
4511 4508
6519 4508
6517 4508
6515 4508
4508 4504
6514 4504
6512 4504
4504 4503
6510 4503
6508 4503
4503 4501
6505 4501
4501 4500
6504 4500
4500 4499
6503 4499
6502 4499
4499 4496
6501 4496
6500 4496
6499 4496
4496 4494
6498 4494
6497 4494
6496 4494
4494 4493
6495 4493
4493 4491
6494 4491
6492 4491
6491 4491
4491 4490
6490 4490
4490 4489
4489 4486
6489 4486
4486 4484
6487 4484
6486 4484
6485 4484
4484 4482
4482 4481
6484 4481
6483 4481
4481 4478
6482 4478
6480 4478
4478 4477
6479 4477
6476 4477
6474 4477
4477 4476
6472 4476
6471 4476
6470 4476
4476 4474
6468 4474
6467 4474
6465 4474
4474 4467
4467 4464
6462 4464
4464 4462
6461 4462
6460 4462
6459 4462
4462 4459
6458 4459
4459 4457
6456 4457
6454 4457
4457 4456
6453 4456
6452 4456
4456 4454
6450 4454
4454 4446
6448 4446
6447 4446
6446 4446
4446 4442
6445 4442
6443 4442
6442 4442
4442 4441
6440 4441
6439 4441
4441 4439
6438 4439
6437 4439
6435 4439
4439 4437
6434 4437
6433 4437
4437 4436
6431 4436
6430 4436
6429 4436
4436 4435
6428 4435
6426 4435
4435 4430
6425 4430
4430 4425
6422 4425
6421 4425
6420 4425
4425 4424
6419 4424
6418 4424
6417 4424
4424 4421
6416 4421
6414 4421
6413 4421
4421 4418
6412 4418
6411 4418
4418 4414
6410 4414
4414 4413
6409 4413
6407 4413
4413 4408
6406 4408
6405 4408
6403 4408
4408 4407
6402 4407
4407 4406
6401 4406
6394 4406
6393 4406
4406 4405
6392 4405
6390 4405
4405 4403
6388 4403
6386 4403
4403 4402
6385 4402
6384 4402
6383 4402
4402 4399
6382 4399
4399 4398
6381 4398
6380 4398
4398 4397
6379 4397
4397 4395
6377 4395
6376 4395
6375 4395
4395 4394
6374 4394
4394 4393
6371 4393
6369 4393
6368 4393
4393 4386
6367 4386
6366 4386
6365 4386
4386 4384
4384 4381
6364 4381
6362 4381
4381 4380
6361 4380
6360 4380
6359 4380
4380 4379
6357 4379
6356 4379
4379 4377
6355 4377
6353 4377
6352 4377
4377 4376
6351 4376
6350 4376
6349 4376
4376 4375
6348 4375
6347 4375
6344 4375
4375 4370
6343 4370
4370 4369
6342 4369
6341 4369
4369 4367
4367 4366
6340 4366
4366 4365
6339 4365
6338 4365
4365 4362
6336 4362
6335 4362
6334 4362
4362 4359
6330 4359
6329 4359
6328 4359
4359 4358
6327 4358
6325 4358
4358 4355
4355 4353
6323 4353
6321 4353
6319 4353
4353 4350
6317 4350
4350 4348
6315 4348
6313 4348
6312 4348
4348 4341
6307 4341
6304 4341
4341 4338
6303 4338
6302 4338
4338 4337
6301 4337
6300 4337
4337 4336
6298 4336
6297 4336
4336 4333
6294 4333
6293 4333
6292 4333
4333 4331
4331 4330
6291 4330
4330 4329
6288 4329
6287 4329
6286 4329
4329 4328
6284 4328
6283 4328
6282 4328
4328 4327
6281 4327
4327 4326
6280 4326
4326 4324
6279 4324
6278 4324
6277 4324
4324 4323
6275 4323
6274 4323
6273 4323
4323 4322
6272 4322
6270 4322
6269 4322
4322 4318
6268 4318
6267 4318
4318 4317
6266 4317
6264 4317
6263 4317
4317 4314
4314 4312
6262 4312
4312 4310
6260 4310
6258 4310
6257 4310
4310 4309
6256 4309
6254 4309
4309 4308
6253 4308
6252 4308
6251 4308
4308 4306
6249 4306
6248 4306
6247 4306
4306 4305
6246 4305
6245 4305
4305 4302
6243 4302
6241 4302
6240 4302
4302 4298
6239 4298
6238 4298
6237 4298
4298 4295
6236 4295
6233 4295
4295 4294
6231 4294
4294 4293
6230 4293
6229 4293
4293 4292
6228 4292
6227 4292
4292 4289
6226 4289
4289 4284
6225 4284
6223 4284
4284 4283
6221 4283
6220 4283
4283 4278
6219 4278
6218 4278
4278 4277
6217 4277
6216 4277
6214 4277
4277 4275
6213 4275
6211 4275
4275 4271
6210 4271
6209 4271
4271 4265
6208 4265
6207 4265
4265 4264
6206 4264
6205 4264
6204 4264
4264 4261
6202 4261
4261 4260
6201 4260
6200 4260
6199 4260
4260 4257
6198 4257
6197 4257
6196 4257
4257 4250
6195 4250
6194 4250
4250 4247
6193 4247
6192 4247
4247 4245
6191 4245
4245 4242
6189 4242
4242 4238
6188 4238
6187 4238
6186 4238
4238 4236
6185 4236
4236 4234
6183 4234
4234 4232
6182 4232
4232 4230
6180 4230
6179 4230
6178 4230
4230 4227
6177 4227
6176 4227
4227 4226
4226 4225
4225 4223
6175 4223
4223 4222
6174 4222
6172 4222
6171 4222
4222 4221
6170 4221
6166 4221
6165 4221
4221 4218
6164 4218
4218 4215
6163 4215
4215 4214
6162 4214
6161 4214
6160 4214
4214 4213
4213 4211
6158 4211
4211 4210
6157 4210
6156 4210
6155 4210
4210 4209
6154 4209
4209 4206
4206 4203
6152 4203
6151 4203
4203 4202
6150 4202
4202 4200
6149 4200
6148 4200
6147 4200
4200 4198
4198 4194
4194 4192
4192 4191
6145 4191
4191 4190
6144 4190
4190 4187
6141 4187
4187 4186
6140 4186
6139 4186
6138 4186
4186 4185
6137 4185
6136 4185
6135 4185
4185 4184
6134 4184
6131 4184
4184 4183
6129 4183
6125 4183
4183 4182
6124 4182
6123 4182
4182 4179
6122 4179
4179 4176
6121 4176
4176 4175
6120 4175
6119 4175
6118 4175
4175 4173
4173 4172
6117 4172
4172 4171
4171 4168
6115 4168
6112 4168
6111 4168
4168 4167
6110 4167
4167 4163
6107 4163
6106 4163
6105 4163
4163 4162
6104 4162
6103 4162
4162 4161
6102 4161
6101 4161
4161 4158
6100 4158
6099 4158
4158 4156
6098 4156
6097 4156
4156 4155
6096 4155
4155 4154
6093 4154
6092 4154
4154 4153
6091 4153
6090 4153
4153 4151
4151 4148
6089 4148
4148 4147
6088 4147
6087 4147
4147 4146
6086 4146
6085 4146
6083 4146
4146 4138
6082 4138
6081 4138
4138 4136
6077 4136
6076 4136
6075 4136
4136 4135
4135 4132
6070 4132
6068 4132
6067 4132
4132 4131
6066 4131
6065 4131
6064 4131
4131 4124
6062 4124
6061 4124
6060 4124
4124 4121
6058 4121
6057 4121
6056 4121
4121 4117
4117 4114
6050 4114
6049 4114
6047 4114
4114 4112
6046 4112
6045 4112
4112 4111
6044 4111
6043 4111
4111 4110
6042 4110
4110 4106
6041 4106
4106 4105
6040 4105
6038 4105
4105 4104
6036 4104
6034 4104
6033 4104
4104 4103
6030 4103
4103 4102
6029 4102
6027 4102
4102 4100
6026 4100
6025 4100
6023 4100
4100 4098
6022 4098
4098 4097
4097 4096
6020 4096
6019 4096
6014 4096
4096 4095
6013 4095
6012 4095
4095 4094
6011 4094
6010 4094
6006 4094
4094 4093
6005 4093
6004 4093
6003 4093
4093 4091
6000 4091
5997 4091
5995 4091
4091 4085
5993 4085
4085 4084
4084 4082
5992 4082
4082 4081
5991 4081
4081 4076
5990 4076
5988 4076
4076 4075
5987 4075
5986 4075
5985 4075
4075 4073
5984 4073
5982 4073
5980 4073
4073 4068
5979 4068
5978 4068
5977 4068
4068 4066
5976 4066
4066 4063
5974 4063
5973 4063
5972 4063
4063 4061
5970 4061
5967 4061
5966 4061
4061 4059
5965 4059
4059 4057
5964 4057
4057 4056
5963 4056
5962 4056
4056 4055
5961 4055
5959 4055
5958 4055
4055 4053
5957 4053
5956 4053
4053 4049
5955 4049
5954 4049
4049 4048
5952 4048
5951 4048
4048 4047
5950 4047
5947 4047
5946 4047
4047 4046
5943 4046
5942 4046
4046 4043
5941 4043
5940 4043
4043 4041
5939 4041
4041 4036
5936 4036
5935 4036
5934 4036
4036 4034
5933 4034
5932 4034
4034 4033
5931 4033
5926 4033
5925 4033
4033 4032
5924 4032
5923 4032
5921 4032
4032 4027
5920 4027
5919 4027
5917 4027
4027 4023
5916 4023
5914 4023
5913 4023
4023 4021
5912 4021
4021 4019
5911 4019
4019 4017
5910 4017
4017 4014
5909 4014
4014 4013
5908 4013
5907 4013
5904 4013
4013 4011
5902 4011
5900 4011
4011 4008
5899 4008
5898 4008
4008 4007
5897 4007
5896 4007
4007 4006
5895 4006
4006 4002
5892 4002
5890 4002
4002 4001
5889 4001
4001 3997
5887 3997
3997 3995
5886 3995
5885 3995
5883 3995
3995 3994
5882 3994
5880 3994
3994 3993
5879 3993
5877 3993
5875 3993
3993 3990
5873 3990
5872 3990
3990 3989
5871 3989
3989 3988
5870 3988
5868 3988
3988 3986
5867 3986
5866 3986
3986 3985
5865 3985
5864 3985
3985 3984
5863 3984
3984 3981
5861 3981
5860 3981
3981 3980
3980 3978
5857 3978
5856 3978
5855 3978
3978 3975
5854 3975
5850 3975
5849 3975
3975 3971
5848 3971
5846 3971
3971 3969
5845 3969
5844 3969
5843 3969
3969 3963
5842 3963
5840 3963
5837 3963
3963 3957
5833 3957
5831 3957
5830 3957
3957 3954
5829 3954
3954 3952
3952 3950
5826 3950
5824 3950
5823 3950
3950 3949
5822 3949
5819 3949
5818 3949
3949 3941
5817 3941
5816 3941
3941 3940
5815 3940
5814 3940
5813 3940
3940 3938
5812 3938
5810 3938
3938 3935
5809 3935
5807 3935
3935 3921
5805 3921
3921 3919
5804 3919
5801 3919
5799 3919
3919 3918
5797 3918
3918 3911
5795 3911
5794 3911
3911 3900
5793 3900
5792 3900
3900 3898
5791 3898
5790 3898
3898 3897
5789 3897
5788 3897
5787 3897
3897 3896
5785 3896
5784 3896
3896 3894
5783 3894
5782 3894
5781 3894
3894 3893
3893 3890
5780 3890
5779 3890
5778 3890
3890 3889
5777 3889
5775 3889
3889 3888
5773 3888
5772 3888
5770 3888
3888 3884
5768 3884
3884 3881
5767 3881
3881 3880
5765 3880
5764 3880
5763 3880
3880 3879
5762 3879
5761 3879
5760 3879
3879 3878
5759 3878
5758 3878
3878 3876
3876 3875
5757 3875
5756 3875
5755 3875
3875 3874
5754 3874
3874 3873
5752 3873
5749 3873
5748 3873
3873 3872
5747 3872
5746 3872
5745 3872
3872 3871
3871 3868
3868 3867
3867 3866
5744 3866
5743 3866
5740 3866
3866 3864
5739 3864
5738 3864
3864 3863
5737 3863
5736 3863
5735 3863
3863 3862
3862 3861
5733 3861
5732 3861
5731 3861
3861 3858
5729 3858
3858 3857
5728 3857
3857 3854
5727 3854
5726 3854
3854 3852
5725 3852
5723 3852
5721 3852
3852 3851
5720 3851
5719 3851
3851 3850
5717 3850
5716 3850
3850 3845
5715 3845
5714 3845
3845 3844
5712 3844
5711 3844
3844 3842
5710 3842
5709 3842
5708 3842
3842 3838
5705 3838
5704 3838
5703 3838
3838 3837
5702 3837
5701 3837
3837 3836
5700 3836
5699 3836
3836 3834
5696 3834
5695 3834
3834 3833
5694 3833
5692 3833
5691 3833
3833 3827
5689 3827
5687 3827
5686 3827
3827 3821
3821 3818
5685 3818
5684 3818
3818 3817
5683 3817
5682 3817
5681 3817
3817 3812
5680 3812
5679 3812
5678 3812
3812 3810
5677 3810
3810 3809
5676 3809
5675 3809
5674 3809
3809 3807
5673 3807
3807 3806
5670 3806
3806 3805
5668 3805
5667 3805
5666 3805
3805 3802
5664 3802
5662 3802
5661 3802
3802 3800
5659 3800
5656 3800
3800 3798
5655 3798
3798 3797
5654 3797
5653 3797
3797 3796
5649 3796
5646 3796
5644 3796
3796 3795
5643 3795
5642 3795
5641 3795
3795 3794
5639 3794
5638 3794
5637 3794
3794 3790
5634 3790
5633 3790
3790 3788
5632 3788
3788 3787
3787 3780
5631 3780
5627 3780
3780 3776
5625 3776
5624 3776
3776 3775
5623 3775
5622 3775
3775 3773
3773 3764
5619 3764
3764 3763
5618 3763
3763 3762
5617 3762
5613 3762
5612 3762
3762 3759
5611 3759
3759 3758
5610 3758
5609 3758
5608 3758
3758 3757
5607 3757
5605 3757
5604 3757
3757 3756
5603 3756
3756 3754
5602 3754
5599 3754
3754 3753
5598 3753
5597 3753
3753 3752
5596 3752
3752 3749
5594 3749
5591 3749
3749 3748
5590 3748
5589 3748
5588 3748
3748 3747
3747 3745
5587 3745
5586 3745
5584 3745
3745 3742
5583 3742
3742 3740
5582 3740
3740 3739
5579 3739
5578 3739
3739 3738
5577 3738
5575 3738
3738 3737
5574 3737
5573 3737
5572 3737
3737 3736
5571 3736
5570 3736
5569 3736
3736 3735
5568 3735
5567 3735
5566 3735
3735 3729
5565 3729
5564 3729
3729 3728
5563 3728
5562 3728
3728 3721
5561 3721
5560 3721
5559 3721
3721 3717
5558 3717
5557 3717
3717 3715
5555 3715
5554 3715
3715 3712
5553 3712
5550 3712
5548 3712
3712 3706
5547 3706
5545 3706
5544 3706
3706 3704
5543 3704
3704 3700
5542 3700
3700 3699
5539 3699
5538 3699
5536 3699
3699 3695
5535 3695
5534 3695
5533 3695
3695 3694
5532 3694
5531 3694
3694 3693
5530 3693
5529 3693
3693 3687
5527 3687
5526 3687
3687 3686
5525 3686
5524 3686
5522 3686
3686 3685
5521 3685
3685 3684
5520 3684
5519 3684
3684 3682
5518 3682
5516 3682
5515 3682
3682 3679
5510 3679
5509 3679
5508 3679
3679 3677
5507 3677
3677 3676
5506 3676
3676 3673
5504 3673
5502 3673
3673 3672
5501 3672
5499 3672
3672 3668
3668 3667
5497 3667
5496 3667
3667 3666
5495 3666
3666 3664
5494 3664
5493 3664
5492 3664
3664 3659
5490 3659
5489 3659
3659 3658
5488 3658
5487 3658
3658 3657
5486 3657
3657 3654
5484 3654
5483 3654
3654 3652
5482 3652
3652 3651
3651 3650
5481 3650
5479 3650
3650 3649
5477 3649
5475 3649
3649 3647
5474 3647
3647 3645
5473 3645
5472 3645
3645 3643
5471 3643
5470 3643
5469 3643
3643 3642
5468 3642
3642 3640
3640 3639
5467 3639
5466 3639
5465 3639
3639 3638
5463 3638
5462 3638
5460 3638
3638 3633
5459 3633
5458 3633
3633 3632
5457 3632
5456 3632
3632 3630
5455 3630
5454 3630
5453 3630
3630 3629
5452 3629
5451 3629
5449 3629
3629 3628
5447 3628
3628 3627
5446 3627
5445 3627
5442 3627
3627 3625
5441 3625
5440 3625
5439 3625
3625 3621
5438 3621
5435 3621
3621 3620
5434 3620
5433 3620
3620 3618
5431 3618
3618 3615
3615 3614
5430 3614
5428 3614
3614 3613
5427 3613
5426 3613
3613 3611
5425 3611
5424 3611
5423 3611
3611 3606
5422 3606
5420 3606
3606 3604
5419 3604
5418 3604
5416 3604
3604 3603
5412 3603
3603 3598
5411 3598
3598 3597
5410 3597
3597 3596
5406 3596
3596 3595
5405 3595
5404 3595
5403 3595
3595 3593
5402 3593
5401 3593
3593 3592
5400 3592
5399 3592
5398 3592
3592 3590
5397 3590
5396 3590
5395 3590
3590 3589
5394 3589
5393 3589
5392 3589
3589 3582
3582 3578
3578 3573
5391 3573
5390 3573
3573 3571
5388 3571
5387 3571
5386 3571
3571 3567
5385 3567
5383 3567
3567 3566
5382 3566
3566 3563
5381 3563
5380 3563
5378 3563
3563 3555
5377 3555
5376 3555
3555 3554
5375 3554
5373 3554
5372 3554
3554 3553
5371 3553
5370 3553
3553 3551
5369 3551
5368 3551
3551 3547
5366 3547
5365 3547
5364 3547
3547 3545
5362 3545
5361 3545
5359 3545
3545 3543
5356 3543
5355 3543
3543 3540
5353 3540
5352 3540
5351 3540
3540 3539
5350 3539
5349 3539
5346 3539
3539 3536
3536 3532
3532 3530
5345 3530
5344 3530
5343 3530
3530 3527
3527 3524
5342 3524
5341 3524
5339 3524
3524 3520
5338 3520
5337 3520
3520 3518
5336 3518
3518 3516
5335 3516
3516 3510
5334 3510
3510 3506
5333 3506
5332 3506
5331 3506
3506 3503
5330 3503
3503 3502
5328 3502
3502 3501
5326 3501
5325 3501
5324 3501
3501 3500
5323 3500
5318 3500
5317 3500
3500 3499
3499 3498
5316 3498
5315 3498
3498 3497
5314 3497
5313 3497
3497 3494
5312 3494
3494 3492
5310 3492
3492 3491
5308 3491
5307 3491
3491 3487
5306 3487
5305 3487
3487 3486
5304 3486
5303 3486
5302 3486
3486 3484
5301 3484
5300 3484
3484 3481
5298 3481
5297 3481
5296 3481
3481 3480
5295 3480
3480 3475
5293 3475
5292 3475
5290 3475
3475 3474
5289 3474
5286 3474
5285 3474
3474 3473
5283 3473
5281 3473
3473 3468
5280 3468
5279 3468
5278 3468
3468 3467
5277 3467
5276 3467
3467 3464
5275 3464
5272 3464
3464 3461
5269 3461
5268 3461
5267 3461
3461 3460
5265 3460
5264 3460
5263 3460
3460 3455
5261 3455
3455 3452
5259 3452
5256 3452
3452 3451
5255 3451
5253 3451
3451 3450
5251 3450
5250 3450
5249 3450
3450 3446
3446 3444
5246 3444
5245 3444
3444 3441
5244 3441
5242 3441
3441 3440
5241 3440
3440 3439
5238 3439
5237 3439
5236 3439
3439 3437
5235 3437
3437 3434
5234 3434
3434 3432
5232 3432
5231 3432
3432 3424
5230 3424
5229 3424
3424 3422
5227 3422
5225 3422
5224 3422
3422 3421
3421 3418
5223 3418
3418 3414
5221 3414
3414 3412
5219 3412
5218 3412
3412 3411
5217 3411
5216 3411
5214 3411
3411 3409
5213 3409
3409 3406
3406 3405
5212 3405
5211 3405
3405 3400
5208 3400
5207 3400
5206 3400
3400 3398
5205 3398
3398 3395
5203 3395
5202 3395
5201 3395
3395 3389
3389 3388
5200 3388
5198 3388
5194 3388
3388 3387
5193 3387
5192 3387
3387 3379
5190 3379
5189 3379
3379 3378
5187 3378
3378 3377
3377 3370
5186 3370
3370 3369
5184 3369
5181 3369
5178 3369
3369 3368
5177 3368
5176 3368
3368 3362
5175 3362
5173 3362
3362 3357
5172 3357
5170 3357
5168 3357
3357 3356
5165 3356
3356 3353
5162 3353
5159 3353
3353 3351
5157 3351
5155 3351
3351 3349
5154 3349
3349 3348
5153 3348
5152 3348
5151 3348
3348 3344
5150 3344
3344 3340
5149 3340
5146 3340
3340 3338
5145 3338
5144 3338
5141 3338
3338 3337
3337 3334
5140 3334
5137 3334
5135 3334
3334 3333
5134 3333
5130 3333
5129 3333
3333 3331
5128 3331
5126 3331
5125 3331
3331 3328
5124 3328
3328 3326
5118 3326
3326 3324
5117 3324
3324 3323
5116 3323
5114 3323
5112 3323
3323 3322
5107 3322
5104 3322
5103 3322
3322 3318
5102 3318
5096 3318
5095 3318
3318 3317
5094 3317
5093 3317
3317 3314
5091 3314
5090 3314
5089 3314
3314 3312
5088 3312
5086 3312
3312 3310
5085 3310
5083 3310
5082 3310
3310 3309
5081 3309
3309 3308
5078 3308
5077 3308
5076 3308
3308 3305
5074 3305
5073 3305
5070 3305
3305 3300
5069 3300
5068 3300
5066 3300
3300 3299
5065 3299
5064 3299
5059 3299
3299 3297
5058 3297
5057 3297
5056 3297
3297 3294
5055 3294
5053 3294
3294 3289
5050 3289
5049 3289
5047 3289
3289 3279
5045 3279
5043 3279
3279 3276
5042 3276
5040 3276
3276 3274
3274 3271
5036 3271
5030 3271
3271 3268
5029 3268
3268 3267
5027 3267
5026 3267
3267 3266
5024 3266
5023 3266
5022 3266
3266 3264
5021 3264
5020 3264
3264 3253
5019 3253
5018 3253
5017 3253
3253 3252
5014 3252
5011 3252
3252 3248
5010 3248
5009 3248
5008 3248
3248 3247
3247 3246
5007 3246
5006 3246
3246 3244
5005 3244
5001 3244
4999 3244
3244 3243
4994 3243
4993 3243
4992 3243
3243 3242
4990 3242
4988 3242
4985 3242
3242 3238
4984 3238
4982 3238
4980 3238
3238 3237
4979 3237
3237 3235
4976 3235
3235 3232
4974 3232
4973 3232
3232 3230
4972 3230
4971 3230
4969 3230
3230 3229
4968 3229
4966 3229
3229 3228
4963 3228
4961 3228
4958 3228
3228 3227
4957 3227
3227 3224
4950 3224
3224 3222
4946 3222
4945 3222
4941 3222
3222 3215
3215 3212
4937 3212
4935 3212
4930 3212
3212 3209
4929 3209
4928 3209
3209 3204
4927 3204
4925 3204
4923 3204
3204 3199
4921 3199
4920 3199
4918 3199
3199 3198
4917 3198
4916 3198
4915 3198
3198 3194
4914 3194
3194 3188
4913 3188
4912 3188
4911 3188
3188 3187
4908 3187
4907 3187
3187 3186
3186 3183
4906 3183
3183 3182
4903 3182
4902 3182
4901 3182
3182 3180
3180 3179
4899 3179
4893 3179
4891 3179
3179 3178
3178 3175
4888 3175
3175 3171
4887 3171
4886 3171
4884 3171
3171 3168
4883 3168
3168 3163
4880 3163
4879 3163
4878 3163
3163 3157
4877 3157
3157 3155
4876 3155
4875 3155
3155 3153
4874 3153
3153 3148
4873 3148
3148 3146
4870 3146
4865 3146
4863 3146
3146 3142
4862 3142
4860 3142
4858 3142
3142 3141
4856 3141
3141 3139
4855 3139
4854 3139
3139 3137
4850 3137
3137 3134
4847 3134
4845 3134
4844 3134
3134 3133
4843 3133
4842 3133
3133 3131
4841 3131
3131 3130
4838 3130
4836 3130
3130 3128
4835 3128
4833 3128
3128 3127
4832 3127
4831 3127
3127 3126
4829 3126
4827 3126
3126 3119
4823 3119
3119 3118
4821 3118
4820 3118
4818 3118
3118 3116
4815 3116
3116 3115
4814 3115
3115 3114
4811 3114
4810 3114
3114 3113
4807 3113
4805 3113
4803 3113
3113 3112
4802 3112
4801 3112
3112 3110
4799 3110
4794 3110
4790 3110
3110 3105
4789 3105
4788 3105
3105 3104
4786 3104
4783 3104
3104 3099
4781 3099
4780 3099
4774 3099
3099 3098
4773 3098
4772 3098
4770 3098
3098 3097
4768 3097
4764 3097
3097 3092
4762 3092
4761 3092
4759 3092
3092 3089
4758 3089
4756 3089
3089 3087
4754 3087
4753 3087
3087 3082
4752 3082
4749 3082
3082 3081
4747 3081
4746 3081
4744 3081
3081 3079
4743 3079
4739 3079
4738 3079
3079 3078
4737 3078
4736 3078
4735 3078
3078 3077
4731 3077
4730 3077
4729 3077
3077 3076
4728 3076
3076 3073
4726 3073
4725 3073
3073 3069
4723 3069
4721 3069
4720 3069
3069 3067
4718 3067
4717 3067
3067 3066
4715 3066
4714 3066
4711 3066
3066 3063
4710 3063
4709 3063
4708 3063
3063 3062
4706 3062
4704 3062
4703 3062
3062 3061
4701 3061
4699 3061
3061 3060
4698 3060
3060 3059
4697 3059
4696 3059
3059 3057
4695 3057
3057 3056
4693 3056
4692 3056
3056 3051
3051 3048
4691 3048
4690 3048
4689 3048
3048 3042
4688 3042
3042 3041
4686 3041
4684 3041
4683 3041
3041 3040
3040 3039
4679 3039
3039 3038
4678 3038
4677 3038
4676 3038
3038 3037
4673 3037
4672 3037
3037 3036
4671 3036
3036 3032
4670 3032
4669 3032
4668 3032
3032 3029
4667 3029
4664 3029
4663 3029
3029 3027
4662 3027
4661 3027
4660 3027
3027 3025
3025 3019
4658 3019
3019 3015
4656 3015
3015 3014
4654 3014
4653 3014
4652 3014
3014 3013
4651 3013
4649 3013
4648 3013
3013 3010
4647 3010
4644 3010
4642 3010
3010 3008
4641 3008
4640 3008
3008 3007
4638 3007
4637 3007
3007 3005
4636 3005
4635 3005
4633 3005
3005 3003
4631 3003
3003 2999
4630 2999
2999 2997
4629 2997
4626 2997
2997 2989
4625 2989
4624 2989
2989 2981
4623 2981
4622 2981
4621 2981
2981 2979
4620 2979
4618 2979
2979 2964
4617 2964
2964 2963
4616 2963
4614 2963
2963 2960
2960 2956
4609 2956
4608 2956
4607 2956
2956 2954
4605 2954
4603 2954
2954 2952
4600 2952
2952 2948
4598 2948
4594 2948
2948 2946
4593 2946
4592 2946
2946 2943
4591 2943
2943 2942
2942 2939
4588 2939
4587 2939
2939 2937
4585 2937
2937 2936
4583 2936
4579 2936
2936 2935
4578 2935
4577 2935
4576 2935
2935 2929
4575 2929
4573 2929
4572 2929
2929 2928
4571 2928
2928 2925
4570 2925
4568 2925
4567 2925
2925 2924
4566 2924
4565 2924
4563 2924
2924 2923
4560 2923
4556 2923
2923 2922
4555 2922
2922 2920
4554 2920
2920 2917
4553 2917
2917 2916
4552 2916
4551 2916
2916 2915
4549 2915
4545 2915
4544 2915
2915 2914
2914 2909
4540 2909
4539 2909
4537 2909
2909 2908
4535 2908
4534 2908
2908 2907
4531 2907
4527 2907
4524 2907
2907 2903
4523 2903
4522 2903
4520 2903
2903 2902
4519 2902
4517 2902
2902 2900
4516 2900
4514 2900
2900 2889
4513 2889
4512 2889
4510 2889
2889 2884
4509 2884
4507 2884
4506 2884
2884 2882
4505 2882
4502 2882
4498 2882
2882 2880
4497 2880
2880 2879
2879 2872
4495 2872
2872 2869
4492 2869
2869 2865
4488 2865
4487 2865
2865 2859
4485 2859
4483 2859
4480 2859
2859 2858
2858 2856
4479 2856
4475 2856
4473 2856
2856 2855
4472 2855
4471 2855
2855 2854
4470 2854
4469 2854
2854 2851
4468 2851
4466 2851
2851 2850
4465 2850
4463 2850
2850 2847
4461 2847
4460 2847
4458 2847
2847 2844
4455 2844
4453 2844
2844 2842
4452 2842
4451 2842
4450 2842
2842 2841
2841 2840
4449 2840
2840 2839
4448 2839
4447 2839
4445 2839
2839 2838
4444 2838
4443 2838
2838 2837
4440 2837
4438 2837
2837 2836
4434 2836
4433 2836
4432 2836
2836 2835
4431 2835
4429 2835
4428 2835
2835 2832
4427 2832
2832 2829
4426 2829
2829 2827
4423 2827
2827 2826
4422 2826
4420 2826
2826 2824
2824 2815
4419 2815
4417 2815
2815 2814
2814 2813
4416 2813
4415 2813
2813 2812
4412 2812
2812 2807
4411 2807
2807 2802
4410 2802
2802 2800
4409 2800
4404 2800
4401 2800
2800 2797
4400 2797
4396 2797
4392 2797
2797 2791
4391 2791
4390 2791
4389 2791
2791 2788
4388 2788
4387 2788
2788 2786
4385 2786
4383 2786
2786 2780
4382 2780
4378 2780
4374 2780
2780 2779
4373 2779
4372 2779
2779 2777
4371 2777
4368 2777
4364 2777
2777 2775
2775 2772
4363 2772
4361 2772
4360 2772
2772 2770
4357 2770
4356 2770
4354 2770
2770 2768
4352 2768
4351 2768
4349 2768
2768 2767
4347 2767
2767 2765
2765 2764
4346 2764
4345 2764
4344 2764
2764 2760
4343 2760
4342 2760
2760 2759
4340 2759
4339 2759
2759 2755
4335 2755
4334 2755
4332 2755
2755 2754
2754 2753
4325 2753
4321 2753
4320 2753
2753 2752
4319 2752
2752 2750
4316 2750
4315 2750
2750 2748
4313 2748
4311 2748
4307 2748
2748 2740
4304 2740
4303 2740
2740 2733
4301 2733
4300 2733
2733 2732
4299 2732
4297 2732
2732 2731
4296 2731
4291 2731
2731 2730
4290 2730
2730 2729
4288 2729
4287 2729
4286 2729
2729 2728
4285 2728
2728 2725
4282 2725
4281 2725
2725 2724
4280 2724
4279 2724
4276 2724
2724 2723
4274 2723
4273 2723
4272 2723
2723 2719
4270 2719
4269 2719
2719 2717
4268 2717
4267 2717
4266 2717
2717 2714
4263 2714
4262 2714
4259 2714
2714 2710
2710 2709
4258 2709
4256 2709
2709 2707
4255 2707
4254 2707
4253 2707
2707 2704
4252 2704
2704 2700
4251 2700
4249 2700
4248 2700
2700 2699
4246 2699
4244 2699
2699 2698
4243 2698
4241 2698
2698 2697
4240 2697
4239 2697
4237 2697
2697 2694
4235 2694
4233 2694
2694 2692
4231 2692
4229 2692
4228 2692
2692 2691
4224 2691
4220 2691
2691 2686
4219 2686
4217 2686
4216 2686
2686 2685
4212 2685
4208 2685
2685 2684
4207 2684
2684 2683
4205 2683
2683 2678
4204 2678
4201 2678
4199 2678
2678 2677
4197 2677
4196 2677
2677 2673
4195 2673
4193 2673
2673 2672
4189 2672
4188 2672
4181 2672
2672 2670
4180 2670
4178 2670
4177 2670
2670 2667
2667 2666
4174 2666
2666 2663
2663 2662
4170 2662
4169 2662
4166 2662
2662 2661
4165 2661
4164 2661
4160 2661
2661 2659
4159 2659
2659 2657
4157 2657
2657 2652
4152 2652
4150 2652
4149 2652
2652 2650
2650 2648
4145 2648
4144 2648
4143 2648
2648 2647
4142 2647
4141 2647
4140 2647
2647 2643
4139 2643
4137 2643
2643 2640
4134 2640
4133 2640
4130 2640
2640 2639
4129 2639
2639 2638
4128 2638
2638 2637
4127 2637
2637 2635
4126 2635
4125 2635
4123 2635
2635 2633
4122 2633
4120 2633
4119 2633
2633 2630
4118 2630
4116 2630
4115 2630
2630 2629
4113 2629
2629 2625
4109 2625
4108 2625
4107 2625
2625 2624
4101 2624
4099 2624
2624 2623
4092 2623
4090 2623
4089 2623
2623 2619
4088 2619
2619 2617
4087 2617
4086 2617
4083 2617
2617 2616
4080 2616
4079 2616
2616 2614
4078 2614
4077 2614
2614 2612
4074 2612
4072 2612
2612 2611
4071 2611
4070 2611
4069 2611
2611 2610
4067 2610
4065 2610
2610 2607
4064 2607
2607 2606
2606 2602
4062 2602
4060 2602
2602 2601
4058 2601
4054 2601
4052 2601
2601 2599
4051 2599
2599 2596
4050 2596
2596 2592
4045 2592
2592 2589
4044 2589
4042 2589
4040 2589
2589 2588
4039 2588
4038 2588
2588 2587
4037 2587
4035 2587
4031 2587
2587 2586
4030 2586
4029 2586
4028 2586
2586 2581
4026 2581
2581 2577
4025 2577
4024 2577
4022 2577
2577 2574
4020 2574
4018 2574
4016 2574
2574 2570
4015 2570
4012 2570
4010 2570
2570 2565
2565 2564
4009 2564
2564 2560
4005 2560
4004 2560
4003 2560
2560 2559
4000 2559
3999 2559
3998 2559
2559 2555
3996 2555
2555 2551
3992 2551
3991 2551
2551 2550
3987 2550
3983 2550
3982 2550
2550 2549
3979 2549
3977 2549
2549 2548
3976 2548
3974 2548
2548 2547
3973 2547
3972 2547
2547 2543
3970 2543
3968 2543
3967 2543
2543 2542
3966 2542
2542 2539
3965 2539
3964 2539
3962 2539
2539 2537
3961 2537
3960 2537
2537 2535
3959 2535
3958 2535
2535 2534
3956 2534
2534 2533
2533 2531
3955 2531
3953 2531
2531 2530
3951 2530
3948 2530
3947 2530
2530 2528
3946 2528
3945 2528
3944 2528
2528 2526
2526 2524
3943 2524
3942 2524
2524 2521
3939 2521
2521 2519
2519 2518
3937 2518
3936 2518
2518 2517
3934 2517
3933 2517
2517 2511
2511 2509
3932 2509
3931 2509
3930 2509
2509 2508
3929 2508
2508 2506
3928 2506
3927 2506
3926 2506
2506 2502
3925 2502
3924 2502
3923 2502
2502 2499
3922 2499
3920 2499
3917 2499
2499 2496
3916 2496
3915 2496
3914 2496
2496 2495
3913 2495
3912 2495
3910 2495
2495 2491
3909 2491
3908 2491
2491 2488
3907 2488
3906 2488
3905 2488
2488 2487
3904 2487
3903 2487
2487 2485
3902 2485
2485 2483
3901 2483
3899 2483
3895 2483
2483 2482
3892 2482
3891 2482
3887 2482
2482 2480
3886 2480
3885 2480
2480 2477
3883 2477
3882 2477
2477 2476
3877 2476
2476 2474
3870 2474
3869 2474
3865 2474
2474 2472
3860 2472
2472 2471
3859 2471
3856 2471
3855 2471
2471 2470
3853 2470
3849 2470
3848 2470
2470 2468
3847 2468
2468 2467
3846 2467
2467 2465
3843 2465
3841 2465
3840 2465
2465 2461
3839 2461
3835 2461
2461 2457
3832 2457
3831 2457
2457 2456
3830 2456
2456 2455
3829 2455
3828 2455
2455 2454
3826 2454
3825 2454
3824 2454
2454 2453
3823 2453
3822 2453
2453 2450
3820 2450
3819 2450
3816 2450
2450 2445
3815 2445
2445 2443
3814 2443
3813 2443
2443 2439
3811 2439
3808 2439
3804 2439
2439 2437
3803 2437
3801 2437
3799 2437
2437 2430
3793 2430
3792 2430
3791 2430
2430 2426
3789 2426
3786 2426
3785 2426
2426 2424
3784 2424
2424 2422
3783 2422
3782 2422
3781 2422
2422 2420
2420 2418
3779 2418
3778 2418
2418 2413
3777 2413
3774 2413
3772 2413
2413 2412
3771 2412
3770 2412
3769 2412
2412 2411
3768 2411
2411 2410
3767 2410
3766 2410
2410 2409
3765 2409
3761 2409
3760 2409
2409 2407
3755 2407
3751 2407
3750 2407
2407 2406
3746 2406
3744 2406
2406 2404
3743 2404
2404 2403
3741 2403
3734 2403
3733 2403
2403 2401
3732 2401
3731 2401
2401 2400
2400 2399
3730 2399
3727 2399
3726 2399
2399 2394
3725 2394
3724 2394
3723 2394
2394 2393
3722 2393
3720 2393
2393 2391
3719 2391
3718 2391
3716 2391
2391 2389
2389 2386
3714 2386
2386 2384
3713 2384
2384 2378
3711 2378
2378 2376
3710 2376
3709 2376
2376 2375
3708 2375
3707 2375
2375 2373
2373 2370
3705 2370
3703 2370
2370 2369
3702 2369
3701 2369
2369 2366
3698 2366
3697 2366
2366 2361
3696 2361
3692 2361
3691 2361
2361 2360
3690 2360
3689 2360
2360 2358
3688 2358
3683 2358
2358 2357
3681 2357
2357 2355
3680 2355
3678 2355
3675 2355
2355 2353
3674 2353
3671 2353
2353 2351
3670 2351
2351 2349
3669 2349
3665 2349
3663 2349
2349 2348
3662 2348
2348 2347
2347 2342
2342 2340
3661 2340
3660 2340
2340 2339
3656 2339
3655 2339
2339 2337
3653 2337
2337 2335
3648 2335
2335 2334
3646 2334
3644 2334
3641 2334
2334 2332
3637 2332
3636 2332
3635 2332
2332 2330
3634 2330
3631 2330
2330 2328
3626 2328
2328 2324
3624 2324
3623 2324
3622 2324
2324 2321
3619 2321
3617 2321
3616 2321
2321 2320
3612 2320
3610 2320
2320 2319
3609 2319
3608 2319
2319 2318
2318 2317
3607 2317
2317 2316
3605 2316
3602 2316
2316 2315
3601 2315
3600 2315
2315 2313
3599 2313
3594 2313
3591 2313
2313 2310
3588 2310
3587 2310
3586 2310
2310 2309
3585 2309
3584 2309
3583 2309
2309 2308
3581 2308
3580 2308
2308 2305
3579 2305
2305 2304
3577 2304
3576 2304
3575 2304
2304 2299
3574 2299
2299 2297
3572 2297
3570 2297
3569 2297
2297 2287
3568 2287
3565 2287
2287 2286
3564 2286
3562 2286
3561 2286
2286 2283
3560 2283
3559 2283
2283 2282
3558 2282
3557 2282
3556 2282
2282 2280
3552 2280
3550 2280
2280 2277
3549 2277
3548 2277
3546 2277
2277 2276
3544 2276
2276 2275
3542 2275
3541 2275
3538 2275
2275 2274
3537 2274
3535 2274
3534 2274
2274 2271
3533 2271
3531 2271
3529 2271
2271 2270
3528 2270
2270 2268
2268 2267
3526 2267
3525 2267
2267 2265
3523 2265
3522 2265
2265 2262
3521 2262
3519 2262
3517 2262
2262 2260
3515 2260
3514 2260
3513 2260
2260 2259
3512 2259
3511 2259
3509 2259
2259 2255
2255 2250
2250 2248
3508 2248
3507 2248
3505 2248
2248 2245
3504 2245
3496 2245
2245 2239
3495 2239
3493 2239
3490 2239
2239 2235
3489 2235
2235 2233
3488 2233
3485 2233
2233 2232
3483 2232
2232 2231
3482 2231
3479 2231
3478 2231
2231 2230
3477 2230
3476 2230
3472 2230
2230 2222
3471 2222
2222 2221
3470 2221
3469 2221
3466 2221
2221 2220
3465 2220
3463 2220
3462 2220
2220 2217
3459 2217
3458 2217
3457 2217
2217 2216
3456 2216
3454 2216
2216 2214
3453 2214
3449 2214
2214 2212
3448 2212
3447 2212
3445 2212
2212 2211
3443 2211
2211 2209
3442 2209
2209 2206
3438 2206
3436 2206
3435 2206
2206 2205
3433 2205
2205 2203
3431 2203
3430 2203
3429 2203
2203 2202
3428 2202
3427 2202
2202 2200
3426 2200
2200 2199
3425 2199
3423 2199
3420 2199
2199 2195
3419 2195
3417 2195
2195 2193
3416 2193
3415 2193
3413 2193
2193 2188
3410 2188
3408 2188
3407 2188
2188 2180
3404 2180
3403 2180
3402 2180
2180 2179
3401 2179
3399 2179
2179 2175
3397 2175
3396 2175
3394 2175
2175 2173
3393 2173
3392 2173
2173 2170
3391 2170
3390 2170
3386 2170
2170 2169
3385 2169
3384 2169
2169 2167
2167 2159
3383 2159
3382 2159
2159 2158
3381 2158
3380 2158
2158 2155
3376 2155
3375 2155
3374 2155
2155 2148
3373 2148
2148 2146
3372 2146
3371 2146
2146 2142
3367 2142
3366 2142
3365 2142
2142 2134
3364 2134
3363 2134
3361 2134
2134 2131
3360 2131
3359 2131
3358 2131
2131 2129
3355 2129
3354 2129
3352 2129
2129 2124
3350 2124
2124 2118
3347 2118
2118 2114
3346 2114
3345 2114
2114 2110
3343 2110
3342 2110
3341 2110
2110 2106
3339 2106
3336 2106
2106 2104
3335 2104
3332 2104
3330 2104
2104 2102
3329 2102
2102 2099
3327 2099
3325 2099
2099 2098
3321 2098
3320 2098
3319 2098
2098 2093
3316 2093
3315 2093
2093 2092
3313 2092
3311 2092
3307 2092
2092 2091
3306 2091
2091 2090
3304 2090
2090 2087
2087 2086
3303 2086
3302 2086
3301 2086
2086 2082
3298 2082
3296 2082
3295 2082
2082 2081
3293 2081
2081 2078
3292 2078
3291 2078
2078 2071
3290 2071
3288 2071
2071 2070
2070 2069
3287 2069
3286 2069
3285 2069
2069 2066
3284 2066
3283 2066
2066 2065
3282 2065
3281 2065
2065 2064
3280 2064
3278 2064
3277 2064
2064 2062
3275 2062
2062 2060
3273 2060
3272 2060
2060 2055
3270 2055
3269 2055
3265 2055
2055 2054
3263 2054
2054 2053
3262 2053
3261 2053
2053 2052
3260 2052
3259 2052
2052 2049
3258 2049
2049 2046
3257 2046
3256 2046
2046 2045
3255 2045
3254 2045
3251 2045
2045 2044
3250 2044
3249 2044
3245 2044
2044 2042
3241 2042
2042 2039
3240 2039
3239 2039
3236 2039
2039 2036
3234 2036
2036 2035
3233 2035
3231 2035
3226 2035
2035 2033
3225 2033
3223 2033
2033 2032
3221 2032
3220 2032
2032 2030
3219 2030
3218 2030
2030 2028
3217 2028
3216 2028
3214 2028
2028 2027
3213 2027
2027 2026
3211 2026
3210 2026
3208 2026
2026 2021
3207 2021
3206 2021
3205 2021
2021 2020
2020 2016
3203 2016
3202 2016
3201 2016
2016 2013
3200 2013
3197 2013
2013 2009
3196 2009
3195 2009
2009 2005
3193 2005
3192 2005
3191 2005
2005 2004
3190 2004
3189 2004
3185 2004
2004 2003
2003 2002
3184 2002
3181 2002
2002 2001
3177 2001
3176 2001
2001 2000
3174 2000
3173 2000
3172 2000
2000 1993
1993 1989
3170 1989
3169 1989
1989 1988
3167 1988
3166 1988
1988 1986
3165 1986
3164 1986
3162 1986
1986 1984
1984 1983
3161 1983
3160 1983
1983 1982
3159 1982
3158 1982
3156 1982
1982 1978
1978 1976
3154 1976
3152 1976
1976 1974
3151 1974
3150 1974
3149 1974
1974 1973
3147 1973
1973 1970
3145 1970
3144 1970
3143 1970
1970 1969
3140 1969
1969 1967
3138 1967
3136 1967
1967 1963
3135 1963
3132 1963
1963 1962
3129 1962
3125 1962
1962 1960
1960 1959
3124 1959
3123 1959
1959 1958
3122 1958
1958 1956
3121 1956
3120 1956
3117 1956
1956 1954
3111 1954
3109 1954
3108 1954
1954 1952
3107 1952
3106 1952
1952 1948
3103 1948
1948 1946
3102 1946
3101 1946
3100 1946
1946 1942
1942 1940
3096 1940
3095 1940
3094 1940
1940 1939
1939 1938
3093 1938
3091 1938
3090 1938
1938 1936
3088 1936
3086 1936
3085 1936
1936 1933
3084 1933
1933 1931
3083 1931
3080 1931
1931 1930
1930 1928
3075 1928
3074 1928
1928 1927
3072 1927
3071 1927
3070 1927
1927 1925
3068 1925
3065 1925
3064 1925
1925 1924
3058 1924
3055 1924
3054 1924
1924 1923
1923 1920
3053 1920
3052 1920
3050 1920
1920 1919
3049 1919
1919 1915
3047 1915
3046 1915
3045 1915
1915 1913
3044 1913
3043 1913
1913 1906
3035 1906
3034 1906
3033 1906
1906 1903
3031 1903
1903 1902
3030 1902
3028 1902
3026 1902
1902 1896
1896 1894
3024 1894
3023 1894
1894 1893
3022 1893
3021 1893
3020 1893
1893 1892
3018 1892
3017 1892
3016 1892
1892 1889
3012 1889
1889 1885
3011 1885
3009 1885
3006 1885
1885 1884
1884 1883
3004 1883
3002 1883
3001 1883
1883 1882
1882 1879
3000 1879
1879 1875
1875 1874
2998 1874
2996 1874
1874 1873
2995 1873
2994 1873
2993 1873
1873 1872
2992 1872
2991 1872
2990 1872
1872 1870
2988 1870
2987 1870
1870 1867
2986 1867
1867 1863
1863 1861
2985 1861
1861 1855
2984 1855
2983 1855
2982 1855
1855 1854
2980 1854
2978 1854
2977 1854
1854 1852
2976 1852
1852 1851
2975 1851
2974 1851
2973 1851
1851 1850
2972 1850
1850 1848
2971 1848
2970 1848
2969 1848
1848 1846
2968 1846
1846 1845
2967 1845
2966 1845
1845 1843
2965 1843
2962 1843
1843 1842
2961 1842
2959 1842
1842 1839
2958 1839
2957 1839
1839 1838
1838 1837
2955 1837
2953 1837
1837 1834
2951 1834
2950 1834
1834 1832
2949 1832
2947 1832
2945 1832
1832 1830
2944 1830
2941 1830
2940 1830
1830 1829
1829 1828
2938 1828
2934 1828
1828 1826
2933 1826
2932 1826
2931 1826
1826 1820
2930 1820
2927 1820
2926 1820
1820 1818
1818 1816
2921 1816
2919 1816
1816 1815
2918 1815
2913 1815
2912 1815
1815 1814
2911 1814
2910 1814
2906 1814
1814 1811
2905 1811
1811 1809
2904 1809
1809 1807
2901 1807
2899 1807
2898 1807
1807 1805
2897 1805
2896 1805
1805 1802
2895 1802
2894 1802
2893 1802
1802 1800
2892 1800
2891 1800
2890 1800
1800 1799
2888 1799
2887 1799
1799 1796
2886 1796
2885 1796
1796 1795
2883 1795
2881 1795
2878 1795
1795 1793
1793 1792
2877 1792
2876 1792
2875 1792
1792 1790
2874 1790
1790 1787
2873 1787
2871 1787
2870 1787
1787 1785
2868 1785
1785 1782
2867 1782
2866 1782
1782 1778
1778 1777
2864 1777
2863 1777
2862 1777
1777 1775
2861 1775
1775 1774
2860 1774
2857 1774
2853 1774
1774 1772
2852 1772
2849 1772
2848 1772
1772 1771
2846 1771
2845 1771
2843 1771
1771 1770
1770 1768
2834 1768
1768 1767
2833 1767
2831 1767
2830 1767
1767 1765
2828 1765
2825 1765
1765 1764
2823 1764
2822 1764
2821 1764
1764 1763
1763 1761
2820 1761
1761 1759
2819 1759
2818 1759
2817 1759
1759 1758
2816 1758
1758 1756
2811 1756
2810 1756
2809 1756
1756 1755
2808 1755
2806 1755
2805 1755
1755 1754
2804 1754
1754 1753
2803 1753
2801 1753
2799 1753
1753 1751
2798 1751
1751 1749
2796 1749
2795 1749
2794 1749
1749 1747
2793 1747
2792 1747
1747 1746
2790 1746
2789 1746
2787 1746
1746 1744
2785 1744
2784 1744
1744 1742
2783 1742
2782 1742
2781 1742
1742 1738
2778 1738
2776 1738
1738 1736
2774 1736
2773 1736
1736 1734
2771 1734
2769 1734
2766 1734
1734 1733
1733 1732
2763 1732
2762 1732
2761 1732
1732 1731
2758 1731
2757 1731
1731 1729
2756 1729
2751 1729
1729 1728
2749 1728
2747 1728
1728 1726
2746 1726
2745 1726
2744 1726
1726 1725
2743 1725
2742 1725
1725 1724
2741 1724
1724 1723
2739 1723
2738 1723
2737 1723
1723 1722
1722 1721
2736 1721
1721 1720
2735 1720
2734 1720
2727 1720
1720 1719
2726 1719
2722 1719
1719 1718
2721 1718
2720 1718
2718 1718
1718 1716
2716 1716
2715 1716
1716 1715
1715 1711
2713 1711
2712 1711
2711 1711
1711 1709
2708 1709
2706 1709
2705 1709
1709 1708
2703 1708
1708 1702
2702 1702
1702 1701
2701 1701
2696 1701
2695 1701
1701 1698
2693 1698
2690 1698
1698 1694
2689 1694
2688 1694
1694 1689
2687 1689
2682 1689
2681 1689
1689 1688
2680 1688
2679 1688
2676 1688
1688 1687
1687 1686
2675 1686
2674 1686
2671 1686
1686 1684
2669 1684
1684 1680
2668 1680
2665 1680
2664 1680
1680 1677
2660 1677
2658 1677
2656 1677
1677 1676
2655 1676
2654 1676
1676 1674
1674 1673
2653 1673
2651 1673
2649 1673
1673 1670
2646 1670
2645 1670
2644 1670
1670 1669
2642 1669
2641 1669
2636 1669
1669 1668
2634 1668
2632 1668
1668 1664
2631 1664
1664 1663
2628 1663
2627 1663
1663 1662
2626 1662
2622 1662
1662 1658
2621 1658
2620 1658
2618 1658
1658 1656
2615 1656
2613 1656
1656 1655
2609 1655
2608 1655
1655 1653
2605 1653
1653 1651
2604 1651
2603 1651
1651 1650
2600 1650
1650 1648
2598 1648
2597 1648
2595 1648
1648 1642
2594 1642
2593 1642
2591 1642
1642 1641
2590 1641
2585 1641
2584 1641
1641 1637
1637 1634
2583 1634
2582 1634
1634 1633
2580 1633
2579 1633
2578 1633
1633 1630
1630 1628
2576 1628
2575 1628
1628 1626
2573 1626
1626 1624
2572 1624
1624 1623
2571 1623
1623 1621
2569 1621
2568 1621
2567 1621
1621 1618
2566 1618
2563 1618
2562 1618
1618 1615
2561 1615
2558 1615
1615 1613
2557 1613
2556 1613
1613 1612
2554 1612
2553 1612
2552 1612
1612 1611
2546 1611
2545 1611
2544 1611
1611 1607
2541 1607
2540 1607
2538 1607
1607 1604
2536 1604
2532 1604
2529 1604
1604 1602
2527 1602
1602 1600
2525 1600
2523 1600
2522 1600
1600 1599
2520 1599
2516 1599
1599 1595
2515 1595
2514 1595
2513 1595
1595 1594
2512 1594
2510 1594
2507 1594
1594 1593
2505 1593
2504 1593
1593 1590
2503 1590
2501 1590
1590 1589
2500 1589
2498 1589
2497 1589
1589 1588
1588 1587
2494 1587
2493 1587
2492 1587
1587 1586
2490 1586
2489 1586
2486 1586
1586 1585
2484 1585
1585 1584
2481 1584
2479 1584
2478 1584
1584 1582
2475 1582
2473 1582
2469 1582
1582 1580
2466 1580
1580 1575
2464 1575
2463 1575
1575 1574
1574 1572
2462 1572
2460 1572
1572 1566
2459 1566
2458 1566
2452 1566
1566 1561
2451 1561
2449 1561
2448 1561
1561 1556
2447 1556
1556 1555
2446 1555
2444 1555
1555 1553
2442 1553
2441 1553
2440 1553
1553 1551
2438 1551
1551 1550
2436 1550
2435 1550
2434 1550
1550 1549
2433 1549
1549 1548
2432 1548
2431 1548
2429 1548
1548 1547
2428 1547
1547 1546
2427 1546
2425 1546
1546 1545
2423 1545
2421 1545
2419 1545
1545 1544
2417 1544
1544 1541
2416 1541
2415 1541
2414 1541
1541 1540
2408 1540
1540 1534
2405 1534
2402 1534
2398 1534
1534 1532
2397 1532
2396 1532
2395 1532
1532 1530
2392 1530
1530 1529
2390 1529
1529 1528
2388 1528
2387 1528
1528 1527
2385 1527
2383 1527
2382 1527
1527 1526
1526 1523
2381 1523
1523 1521
1521 1516
2380 1516
2379 1516
1516 1514
2377 1514
2374 1514
1514 1512
2372 1512
2371 1512
2368 1512
1512 1510
2367 1510
2365 1510
1510 1508
2364 1508
2363 1508
2362 1508
1508 1507
2359 1507
2356 1507
1507 1505
2354 1505
2352 1505
2350 1505
1505 1504
2346 1504
2345 1504
1504 1503
2344 1503
2343 1503
1503 1496
2341 1496
1496 1495
2338 1495
2336 1495
2333 1495
1495 1492
2331 1492
2329 1492
1492 1491
2327 1491
1491 1489
2326 1489
2325 1489
2323 1489
1489 1487
1487 1484
2322 1484
1484 1483
1483 1482
2314 1482
2312 1482
1482 1480
2311 1480
2307 1480
2306 1480
1480 1479
2303 1479
2302 1479
1479 1478
2301 1478
2300 1478
2298 1478
1478 1476
2296 1476
2295 1476
2294 1476
1476 1471
2293 1471
1471 1470
2292 1470
2291 1470
2290 1470
1470 1469
2289 1469
1469 1467
2288 1467
2285 1467
1467 1461
2284 1461
1461 1460
2281 1460
2279 1460
2278 1460
1460 1458
2273 1458
2272 1458
1458 1453
2269 1453
2266 1453
2264 1453
1453 1451
2263 1451
2261 1451
1451 1450
2258 1450
1450 1449
2257 1449
2256 1449
1449 1444
2254 1444
1444 1441
1441 1440
2253 1440
2252 1440
2251 1440
1440 1439
2249 1439
2247 1439
1439 1438
2246 1438
2244 1438
2243 1438
1438 1434
2242 1434
1434 1433
2241 1433
2240 1433
1433 1432
2238 1432
2237 1432
1432 1429
2236 1429
2234 1429
1429 1428
2229 1428
1428 1427
2228 1427
1427 1423
2227 1423
2226 1423
1423 1422
1422 1421
2225 1421
2224 1421
1421 1418
2223 1418
2219 1418
2218 1418
1418 1416
1416 1415
2215 1415
2213 1415
2210 1415
1415 1414
2208 1414
1414 1412
2207 1412
1412 1410
2204 1410
2201 1410
1410 1409
2198 1409
2197 1409
2196 1409
1409 1406
2194 1406
1406 1401
1401 1400
2192 1400
2191 1400
2190 1400
1400 1398
1398 1395
2189 1395
2187 1395
1395 1391
2186 1391
2185 1391
1391 1389
2184 1389
1389 1386
2183 1386
1386 1383
2182 1383
2181 1383
2178 1383
1383 1378
2177 1378
2176 1378
2174 1378
1378 1377
2172 1377
2171 1377
2168 1377
1377 1376
2166 1376
2165 1376
1376 1373
1373 1371
1371 1368
2164 1368
2163 1368
2162 1368
1368 1367
2161 1367
2160 1367
2157 1367
1367 1364
2156 1364
2154 1364
1364 1361
2153 1361
1361 1360
2152 1360
2151 1360
2150 1360
1360 1359
2149 1359
2147 1359
2145 1359
1359 1358
2144 1358
2143 1358
1358 1357
1357 1356
2141 1356
1356 1353
2140 1353
2139 1353
2138 1353
1353 1347
2137 1347
2136 1347
2135 1347
1347 1344
2133 1344
2132 1344
2130 1344
1344 1343
2128 1343
2127 1343
2126 1343
1343 1339
2125 1339
2123 1339
1339 1338
2122 1338
2121 1338
2120 1338
1338 1336
2119 1336
1336 1335
2117 1335
2116 1335
2115 1335
1335 1333
2113 1333
2112 1333
2111 1333
1333 1326
2109 1326
2108 1326
2107 1326
1326 1325
2105 1325
2103 1325
2101 1325
1325 1324
2100 1324
1324 1323
2097 1323
2096 1323
2095 1323
1323 1322
2094 1322
1322 1321
2089 1321
2088 1321
1321 1320
1320 1315
2085 1315
1315 1310
1310 1308
2084 1308
2083 1308
2080 1308
1308 1305
2079 1305
1305 1304
2077 1304
2076 1304
2075 1304
1304 1301
2074 1301
2073 1301
1301 1300
2072 1300
1300 1299
2068 1299
2067 1299
2063 1299
1299 1295
1295 1293
2061 1293
2059 1293
1293 1292
2058 1292
2057 1292
2056 1292
1292 1291
2051 1291
2050 1291
2048 1291
1291 1287
2047 1287
2043 1287
2041 1287
1287 1286
2040 1286
1286 1285
1285 1284
2038 1284
2037 1284
2034 1284
1284 1283
2031 1283
2029 1283
1283 1282
2025 1282
2024 1282
2023 1282
1282 1278
2022 1278
2019 1278
2018 1278
1278 1272
2017 1272
2015 1272
1272 1270
2014 1270
2012 1270
1270 1268
1268 1264
2011 1264
2010 1264
1264 1263
2008 1263
2007 1263
2006 1263
1263 1262
1999 1262
1262 1261
1261 1260
1998 1260
1997 1260
1260 1258
1996 1258
1995 1258
1258 1254
1994 1254
1992 1254
1254 1253
1991 1253
1990 1253
1253 1252
1252 1249
1987 1249
1985 1249
1249 1247
1247 1245
1981 1245
1980 1245
1245 1244
1979 1244
1977 1244
1244 1239
1975 1239
1972 1239
1239 1237
1971 1237
1968 1237
1237 1236
1966 1236
1965 1236
1964 1236
1236 1234
1961 1234
1957 1234
1234 1232
1955 1232
1953 1232
1951 1232
1232 1230
1950 1230
1230 1229
1949 1229
1947 1229
1945 1229
1229 1222
1944 1222
1943 1222
1941 1222
1222 1219
1937 1219
1219 1217
1935 1217
1934 1217
1932 1217
1217 1215
1929 1215
1215 1211
1926 1211
1922 1211
1921 1211
1211 1210
1918 1210
1917 1210
1916 1210
1210 1204
1914 1204
1912 1204
1911 1204
1204 1203
1910 1203
1909 1203
1908 1203
1203 1200
1907 1200
1905 1200
1904 1200
1200 1198
1901 1198
1900 1198
1899 1198
1198 1194
1194 1193
1898 1193
1897 1193
1895 1193
1193 1190
1891 1190
1890 1190
1190 1189
1888 1189
1189 1188
1887 1188
1188 1183
1886 1183
1183 1181
1881 1181
1880 1181
1181 1180
1878 1180
1877 1180
1876 1180
1180 1179
1871 1179
1869 1179
1868 1179
1179 1175
1866 1175
1865 1175
1864 1175
1175 1167
1862 1167
1860 1167
1859 1167
1167 1164
1164 1161
1858 1161
1857 1161
1856 1161
1161 1160
1853 1160
1849 1160
1847 1160
1160 1158
1844 1158
1841 1158
1840 1158
1158 1155
1836 1155
1835 1155
1833 1155
1155 1151
1831 1151
1827 1151
1151 1150
1825 1150
1824 1150
1150 1149
1823 1149
1822 1149
1821 1149
1149 1146
1819 1146
1817 1146
1813 1146
1146 1142
1812 1142
1810 1142
1808 1142
1142 1139
1806 1139
1804 1139
1803 1139
1139 1138
1801 1138
1798 1138
1138 1136
1797 1136
1794 1136
1791 1136
1136 1135
1789 1135
1788 1135
1786 1135
1135 1131
1784 1131
1783 1131
1131 1129
1781 1129
1780 1129
1779 1129
1129 1125
1776 1125
1125 1114
1773 1114
1769 1114
1114 1112
1766 1112
1762 1112
1760 1112
1112 1111
1757 1111
1752 1111
1111 1110
1750 1110
1748 1110
1745 1110
1110 1109
1743 1109
1109 1107
1741 1107
1740 1107
1107 1106
1739 1106
1737 1106
1735 1106
1106 1104
1104 1103
1730 1103
1727 1103
1103 1102
1717 1102
1714 1102
1102 1101
1713 1101
1712 1101
1710 1101
1101 1098
1707 1098
1706 1098
1098 1097
1705 1097
1704 1097
1097 1095
1703 1095
1700 1095
1699 1095
1095 1093
1697 1093
1696 1093
1093 1092
1695 1092
1693 1092
1092 1090
1692 1090
1691 1090
1690 1090
1090 1089
1685 1089
1683 1089
1682 1089
1089 1081
1681 1081
1679 1081
1678 1081
1081 1080
1675 1080
1672 1080
1080 1079
1671 1079
1667 1079
1079 1077
1666 1077
1665 1077
1077 1073
1661 1073
1660 1073
1073 1069
1659 1069
1657 1069
1654 1069
1069 1068
1652 1068
1649 1068
1068 1067
1067 1066
1647 1066
1646 1066
1645 1066
1066 1063
1063 1062
1644 1062
1643 1062
1640 1062
1062 1061
1639 1061
1638 1061
1636 1061
1061 1060
1635 1060
1632 1060
1631 1060
1060 1057
1057 1055
1629 1055
1627 1055
1055 1053
1625 1053
1622 1053
1620 1053
1053 1052
1052 1051
1619 1051
1617 1051
1616 1051
1051 1047
1614 1047
1610 1047
1047 1043
1043 1037
1609 1037
1608 1037
1606 1037
1037 1036
1605 1036
1036 1035
1603 1035
1035 1034
1601 1034
1598 1034
1034 1032
1597 1032
1596 1032
1032 1031
1592 1031
1591 1031
1583 1031
1031 1030
1581 1030
1030 1029
1579 1029
1578 1029
1577 1029
1029 1028
1576 1028
1573 1028
1571 1028
1028 1026
1026 1020
1570 1020
1569 1020
1568 1020
1020 1019
1567 1019
1565 1019
1564 1019
1019 1016
1563 1016
1562 1016
1016 1015
1560 1015
1015 1013
1559 1013
1013 1011
1558 1011
1557 1011
1011 1010
1554 1010
1552 1010
1543 1010
1010 1009
1542 1009
1539 1009
1009 1003
1003 1000
1000 999
1538 999
999 997
997 995
1537 995
1536 995
995 994
1535 994
1533 994
1531 994
994 993
1525 993
1524 993
993 992
1522 992
1520 992
992 990
1519 990
1518 990
1517 990
990 989
1515 989
989 986
1513 986
1511 986
1509 986
986 984
1506 984
1502 984
1501 984
984 982
1500 982
1499 982
982 981
1498 981
1497 981
1494 981
981 979
1493 979
979 978
1490 978
1488 978
978 976
1486 976
1485 976
976 971
1481 971
1477 971
1475 971
971 967
1474 967
1473 967
1472 967
967 965
1468 965
965 964
1466 964
964 959
1465 959
1464 959
959 958
1463 958
1462 958
1459 958
958 957
1457 957
1456 957
957 955
1455 955
955 954
1454 954
1452 954
1448 954
954 949
1447 949
1446 949
1445 949
949 945
1443 945
1442 945
945 939
1437 939
1436 939
939 933
1435 933
1431 933
1430 933
933 929
1426 929
1425 929
1424 929
929 927
1420 927
927 926
1419 926
1417 926
1413 926
926 924
1411 924
924 922
922 915
1408 915
1407 915
915 914
1405 914
1404 914
914 911
1403 911
1402 911
1399 911
911 907
1397 907
1396 907
1394 907
907 906
1393 906
1392 906
1390 906
906 905
905 903
1388 903
1387 903
1385 903
903 902
1384 902
1382 902
1381 902
902 900
1380 900
1379 900
1375 900
900 898
1374 898
1372 898
1370 898
898 897
1369 897
1366 897
1365 897
897 895
1363 895
1362 895
1355 895
895 894
1354 894
1352 894
894 893
1351 893
1350 893
893 889
1349 889
1348 889
889 885
1346 885
885 880
1345 880
880 879
879 877
1342 877
1341 877
877 876
1340 876
1337 876
1334 876
876 875
1332 875
875 874
1331 874
1330 874
874 873
1329 873
1328 873
873 872
1327 872
1319 872
1318 872
872 869
1317 869
1316 869
1314 869
869 865
865 861
1313 861
1312 861
861 859
1311 859
1309 859
1307 859
859 855
1306 855
1303 855
1302 855
855 851
1298 851
1297 851
851 850
1296 850
1294 850
1290 850
850 848
1289 848
1288 848
1281 848
848 847
1280 847
1279 847
1277 847
847 845
1276 845
1275 845
845 841
841 840
1274 840
1273 840
840 837
1271 837
1269 837
1267 837
837 835
1266 835
1265 835
1259 835
835 834
1257 834
1256 834
834 833
1255 833
1251 833
1250 833
833 832
1248 832
1246 832
832 829
1243 829
1242 829
829 823
1241 823
1240 823
823 816
1238 816
1235 816
1233 816
816 815
1231 815
1228 815
815 814
1227 814
814 810
1226 810
810 809
1225 809
1224 809
809 802
1223 802
1221 802
1220 802
802 801
1218 801
1216 801
1214 801
801 800
1213 800
1212 800
1209 800
800 799
1208 799
1207 799
799 796
1206 796
1205 796
1202 796
796 794
794 792
1201 792
1199 792
1197 792
792 788
1196 788
1195 788
788 787
1192 787
1191 787
787 786
1187 786
1186 786
1185 786
786 779
1184 779
1182 779
1178 779
779 773
1177 773
773 771
1176 771
1174 771
1173 771
771 770
1172 770
1171 770
770 766
1170 766
1169 766
766 764
1168 764
1166 764
1165 764
764 761
1163 761
761 760
1162 760
1159 760
1157 760
760 757
1156 757
1154 757
1153 757
757 754
1152 754
1148 754
1147 754
754 753
1145 753
1144 753
753 752
1143 752
1141 752
1140 752
752 751
1137 751
751 749
1134 749
1133 749
1132 749
749 745
1130 745
1128 745
745 739
1127 739
1126 739
739 738
1124 738
738 737
1123 737
1122 737
737 735
1121 735
1120 735
735 734
1119 734
1118 734
1117 734
734 728
1116 728
1115 728
728 727
1113 727
1108 727
1105 727
727 726
1100 726
1099 726
1096 726
726 725
1094 725
1091 725
725 724
724 723
1088 723
1087 723
723 721
1086 721
1085 721
1084 721
721 720
1083 720
1082 720
1078 720
720 718
1076 718
718 712
1075 712
1074 712
1072 712
712 709
1071 709
1070 709
709 705
1065 705
1064 705
705 703
1059 703
1058 703
1056 703
703 700
1054 700
1050 700
1049 700
700 697
1048 697
1046 697
697 696
1045 696
1044 696
696 693
1042 693
1041 693
693 692
1040 692
1039 692
1038 692
692 689
1033 689
1027 689
1025 689
689 687
1024 687
1023 687
687 683
1022 683
1021 683
1018 683
683 679
679 677
677 676
676 675
1017 675
1014 675
1012 675
675 673
1008 673
1007 673
1006 673
673 668
1005 668
1004 668
1002 668
668 667
667 664
664 663
1001 663
998 663
663 661
996 661
991 661
661 660
988 660
987 660
660 658
985 658
983 658
980 658
658 655
977 655
975 655
655 654
974 654
973 654
972 654
654 653
970 653
969 653
653 651
968 651
651 648
966 648
963 648
962 648
648 643
961 643
643 637
960 637
637 628
956 628
953 628
628 627
952 627
951 627
950 627
627 625
948 625
625 624
947 624
624 623
946 623
944 623
943 623
623 620
942 620
941 620
940 620
620 618
618 617
938 617
937 617
617 613
936 613
935 613
934 613
613 609
609 606
932 606
931 606
606 605
930 605
928 605
925 605
605 604
923 604
604 602
921 602
920 602
602 600
919 600
600 598
918 598
598 597
917 597
597 596
916 596
913 596
596 594
912 594
910 594
594 593
909 593
593 592
908 592
592 591
904 591
901 591
899 591
591 581
896 581
581 580
892 580
580 578
891 578
578 575
890 575
888 575
887 575
575 572
886 572
884 572
883 572
572 570
570 569
882 569
881 569
878 569
569 567
871 567
870 567
567 564
868 564
867 564
564 563
866 563
864 563
863 563
563 562
562 561
862 561
561 560
860 560
858 560
857 560
560 558
856 558
854 558
853 558
558 557
852 557
849 557
557 553
846 553
844 553
553 548
843 548
842 548
548 546
839 546
838 546
836 546
546 544
831 544
830 544
544 542
828 542
827 542
542 541
826 541
825 541
541 540
540 537
824 537
822 537
537 536
821 536
820 536
536 532
819 532
818 532
532 531
817 531
531 527
813 527
812 527
811 527
527 524
808 524
807 524
524 521
806 521
805 521
804 521
521 518
803 518
798 518
518 517
797 517
517 516
795 516
793 516
791 516
516 514
790 514
789 514
514 512
785 512
784 512
512 511
783 511
782 511
511 506
781 506
506 505
780 505
778 505
777 505
505 504
776 504
775 504
774 504
504 496
772 496
769 496
496 495
768 495
767 495
765 495
495 493
763 493
762 493
759 493
493 491
758 491
756 491
491 490
755 490
750 490
748 490
490 487
747 487
746 487
744 487
487 484
743 484
742 484
484 483
741 483
740 483
736 483
483 481
733 481
481 478
732 478
731 478
478 471
730 471
729 471
722 471
471 469
719 469
717 469
469 467
716 467
715 467
714 467
467 466
713 466
711 466
710 466
466 463
708 463
707 463
706 463
463 461
461 459
459 457
704 457
702 457
701 457
457 456
699 456
698 456
695 456
456 454
694 454
691 454
454 452
690 452
688 452
686 452
452 451
685 451
684 451
451 448
682 448
681 448
680 448
448 447
678 447
674 447
447 446
446 444
672 444
671 444
444 442
442 439
670 439
669 439
666 439
439 437
665 437
662 437
437 434
659 434
657 434
434 432
656 432
432 431
652 431
650 431
649 431
431 429
647 429
646 429
429 421
645 421
421 420
420 416
644 416
416 415
642 415
415 413
641 413
413 412
640 412
639 412
638 412
412 411
636 411
635 411
411 410
634 410
633 410
410 407
632 407
407 401
631 401
401 396
630 396
629 396
396 394
626 394
622 394
394 391
621 391
619 391
391 390
390 381
616 381
615 381
381 378
614 378
612 378
378 376
611 376
376 369
610 369
608 369
369 361
607 361
603 361
601 361
361 360
599 360
595 360
590 360
360 355
589 355
588 355
587 355
355 353
586 353
585 353
584 353
353 352
583 352
352 350
582 350
350 347
579 347
577 347
347 346
576 346
574 346
346 345
573 345
571 345
568 345
345 340
566 340
565 340
340 339
559 339
339 337
556 337
337 336
555 336
336 334
554 334
552 334
551 334
334 331
550 331
549 331
547 331
331 330
545 330
330 327
543 327
539 327
327 324
538 324
535 324
534 324
324 317
533 317
317 315
530 315
529 315
528 315
315 312
526 312
312 310
525 310
523 310
522 310
310 309
520 309
519 309
515 309
309 307
513 307
510 307
509 307
307 306
508 306
507 306
503 306
306 304
304 302
502 302
501 302
302 300
500 300
499 300
498 300
300 299
497 299
494 299
299 298
492 298
489 298
488 298
298 296
486 296
485 296
296 293
482 293
480 293
293 291
479 291
477 291
291 290
476 290
475 290
290 287
474 287
287 285
473 285
472 285
285 284
470 284
468 284
284 278
465 278
464 278
278 277
277 273
462 273
460 273
458 273
273 272
455 272
272 271
453 271
450 271
449 271
271 269
445 269
443 269
441 269
269 262
262 261
440 261
438 261
261 258
436 258
258 257
435 257
433 257
257 256
430 256
428 256
427 256
256 254
426 254
425 254
424 254
254 253
423 253
422 253
419 253
253 252
252 251
418 251
417 251
414 251
251 249
409 249
249 247
408 247
406 247
247 240
240 239
405 239
404 239
239 236
403 236
402 236
400 236
236 235
399 235
398 235
235 234
397 234
395 234
393 234
234 233
392 233
233 231
389 231
388 231
387 231
231 230
386 230
385 230
230 226
384 226
383 226
382 226
226 224
380 224
379 224
377 224
224 220
375 220
374 220
220 218
373 218
372 218
371 218
218 217
370 217
368 217
367 217
217 216
366 216
365 216
364 216
216 215
363 215
215 212
362 212
212 210
359 210
358 210
357 210
210 209
356 209
354 209
351 209
209 207
349 207
348 207
344 207
207 206
206 203
343 203
342 203
341 203
203 202
338 202
335 202
202 201
333 201
201 199
332 199
329 199
328 199
199 197
326 197
325 197
197 195
323 195
322 195
195 191
321 191
320 191
191 189
319 189
189 188
318 188
316 188
188 184
314 184
313 184
311 184
184 182
308 182
182 180
180 179
305 179
303 179
179 175
301 175
297 175
175 172
295 172
294 172
172 169
292 169
169 168
289 168
288 168
286 168
168 167
283 167
167 166
282 166
281 166
280 166
166 165
279 165
276 165
275 165
165 164
274 164
270 164
268 164
164 162
267 162
266 162
162 161
265 161
264 161
161 159
263 159
159 157
260 157
259 157
157 154
154 151
255 151
250 151
151 150
248 150
246 150
245 150
150 149
244 149
149 148
243 148
148 143
242 143
143 141
241 141
238 141
237 141
141 137
232 137
229 137
137 136
228 136
136 135
227 135
225 135
223 135
135 132
222 132
221 132
219 132
132 131
214 131
213 131
211 131
131 129
208 129
205 129
204 129
129 128
200 128
128 127
198 127
196 127
127 125
194 125
193 125
192 125
125 122
190 122
122 121
187 121
121 119
186 119
185 119
183 119
119 116
181 116
178 116
177 116
116 114
176 114
114 112
174 112
173 112
171 112
112 111
170 111
163 111
160 111
111 109
158 109
156 109
155 109
109 107
153 107
152 107
147 107
107 105
146 105
145 105
105 104
144 104
142 104
140 104
104 103
139 103
138 103
134 103
103 100
133 100
130 100
126 100
100 99
124 99
99 98
123 98
120 98
118 98
98 92
117 92
92 89
115 89
89 86
113 86
110 86
86 81
108 81
81 79
106 79
102 79
101 79
79 77
97 77
96 77
77 76
95 76
94 76
76 74
93 74
91 74
74 72
72 71
90 71
88 71
87 71
71 67
85 67
84 67
67 66
83 66
82 66
66 63
80 63
78 63
63 62
75 62
62 60
73 60
70 60
69 60
60 57
68 57
65 57
64 57
57 54
61 54
54 51
59 51
58 51
51 49
56 49
55 49
53 49
49 48
48 47
52 47
47 40
50 40
40 39
46 39
45 39
39 37
44 37
37 36
43 36
42 36
41 36
36 27
38 27
35 27
34 27
27 25
33 25
32 25
25 24
31 24
24 20
30 20
29 20
28 20
20 18
18 15
26 15
23 15
22 15
15 14
21 14
19 14
14 10
17 10
10 8
16 8
13 8
8 6
12 6
11 6
9 6
6 4
7 4
5 4
4 1
1 0
3 0
0 2
