42
102 101
100 101
101 99
99 95
95 93
98 93
93 87
97 87
87 84
96 84
84 83
94 83
83 81
81 77
92 77
77 74
74 73
73 72
91 72
72 69
90 69
69 65
89 65
88 65
65 63
86 63
85 63
63 62
82 62
62 61
80 61
79 61
61 59
59 58
78 58
58 57
76 57
57 55
75 55
55 54
71 54
54 53
53 52
70 52
68 52
52 50
50 49
67 49
66 49
49 48
48 46
64 46
60 46
46 45
45 42
56 42
42 40
51 40
47 40
40 38
44 38
38 36
43 36
36 35
41 35
35 33
39 33
33 32
37 32
32 31
31 29
34 29
30 29
29 26
28 26
26 25
27 25
25 22
24 22
23 22
22 19
19 16
21 16
16 13
20 13
13 10
18 10
10 9
17 9
9 8
15 8
8 7
14 7
7 6
6 5
5 3
12 3
3 1
11 1
1 0
4 0
0 2
