0.000000000 0.744286000
0.000000000 -2.000000000
0.000000000 0.767142000
0.000000000 0.000000000
0.000000000 0.000000000
-0.003116074 -1.232858000
0.000000000 1.488572000
0.000000000 -0.255714000
0.000000000 0.000000000
0.000000000 0.000000000
0.000000000 0.488572000
0.000000000 -1.420004000
-0.418353427 -3.164290000
0.000000000 0.000000000
-0.104588357 -2.232858000
0.000000000 0.744286000
0.000000000 -2.000000000
-0.044211009 -0.420004000
0.000000000 0.000000000
0.000000000 0.000000000
-0.003116074 -0.977144000
0.000000000 0.000000000
0.000000000 0.744286000
0.104588357 0.000000000
0.000000000 -0.721430000
0.000000000 -0.255714000
0.000000000 0.744286000
-0.136335068 0.000000000
-0.044211009 -0.908576000
0.000000000 1.000000000
0.000000000 1.278570000
0.000000000 0.000000000
0.000000000 0.511428000
0.000000000 -1.488572000
0.000000000 2.977144000
0.000000000 -1.721430000
0.000000000 0.000000000
0.136335068 2.000000000
0.000000000 -3.000000000
0.000000000 0.000000000
0.000000000 0.255714000
0.000000000 -0.255714000
-0.418353427 -3.164290000
0.000000000 0.744286000
0.000000000 0.000000000
0.000000000 2.000000000
0.000000000 3.000000000
-0.003116074 -0.232858000
0.000000000 0.000000000
0.000000000 -0.255714000
0.000000000 0.000000000
0.000000000 0.000000000
0.000000000 1.000000000
0.000000000 0.000000000
0.000000000 -1.488572000
0.000000000 0.000000000
0.000000000 -0.255714000
0.000000000 -1.744286000
0.104588357 0.465716000
-0.282018359 -0.908576000
0.000000000 2.000000000
0.000000000 -3.000000000
0.000000000 -5.000000000
0.000000000 0.000000000
0.000000000 0.000000000
0.000000000 0.000000000
0.000000000 -0.255714000
0.000000000 0.721430000
0.000000000 0.255714000
0.000000000 0.000000000
0.000000000 1.000000000
0.009348223 2.908576000
0.000000000 1.000000000
0.000000000 -0.488572000
0.000000000 2.232858000
0.000000000 0.000000000
0.000000000 0.000000000
-0.101472282 -1.255714000
0.000000000 -1.000000000
0.000000000 0.000000000
0.000000000 1.977144000
0.000000000 -1.000000000
0.000000000 -1.255714000
0.000000000 -1.465716000
0.000000000 -0.511428000
0.000000000 -1.022856000
-0.104588357 -1.698574000
0.000000000 2.977144000
0.000000000 1.465716000
0.000000000 0.000000000
0.000000000 -0.255714000
0.000000000 1.744286000
0.000000000 0.000000000
0.000000000 -0.232858000
-0.009348223 -0.420004000
0.000000000 0.744286000
0.000000000 0.488572000
0.000000000 1.488572000
-0.136335068 -2.721430000
0.000000000 1.022856000
0.000000000 0.000000000
0.000000000 0.000000000
0.000000000 0.000000000
0.000000000 -0.744286000
0.418353427 3.164290000
0.000000000 0.000000000
0.000000000 0.000000000
0.101472282 2.000000000
0.000000000 0.000000000
0.136335068 0.000000000
0.000000000 0.000000000
0.000000000 -5.000000000
0.000000000 0.000000000
0.000000000 0.000000000
0.000000000 -0.255714000
0.000000000 -0.744286000
0.000000000 -0.488572000
0.104588357 1.465716000
0.104588357 0.744286000
0.000000000 2.000000000
0.000000000 -1.000000000
0.000000000 0.000000000
0.000000000 -1.255714000
0.000000000 2.000000000
-0.104588357 -1.232858000
0.000000000 1.744286000
0.000000000 -2.488572000
0.000000000 -4.000000000
-0.104588357 -0.721430000
0.000000000 4.255714000
0.000000000 0.000000000
0.000000000 0.000000000
-0.383490641 -0.187146000
0.000000000 0.000000000
0.000000000 0.000000000
0.000000000 0.000000000
0.237807350 0.000000000
0.000000000 0.255714000
-0.101472282 -2.000000000
0.000000000 0.000000000
0.000000000 0.000000000
0.000000000 -0.255714000
0.136335068 1.977144000
0.000000000 -2.488572000
0.000000000 -1.000000000
-0.003116074 -7.977144000
0.000000000 -1.000000000
0.000000000 0.000000000
0.000000000 0.000000000
0.000000000 -1.744286000
0.000000000 0.488572000
0.000000000 0.488572000
0.000000000 0.000000000
-0.104588357 0.000000000
0.000000000 0.000000000
0.000000000 1.000000000
0.000000000 -1.278570000
0.110820505 0.187146000
0.009348223 2.908576000
0.000000000 -2.000000000
-0.101472282 -1.255714000
0.000000000 0.000000000
0.000000000 0.232858000
0.000000000 0.000000000
0.000000000 2.232858000
-0.136335068 -1.977144000
0.000000000 0.000000000
0.000000000 -1.255714000
0.000000000 0.000000000
-0.104588357 -0.954288000
0.000000000 -1.744286000
0.104588357 5.164290000
0.000000000 0.000000000
-0.104588357 -2.721430000
0.000000000 -0.255714000
0.000000000 -1.744286000
0.000000000 0.000000000
0.000000000 -0.744286000
0.101472282 0.000000000
0.000000000 0.000000000
0.000000000 -2.210002000
0.418353427 0.908576000
0.003116074 0.977144000
0.000000000 0.000000000
0.000000000 0.000000000
0.000000000 -2.977144000
0.104588357 4.442860000
0.000000000 2.488572000
-0.101472282 -0.000000000
0.000000000 0.789998000
0.409005204 0.000000000
0.000000000 -1.744286000
0.000000000 0.000000000
0.044211009 0.420004000
-0.418353427 -0.931432000
0.000000000 0.000000000
0.000000000 0.000000000
0.000000000 0.744286000
0.000000000 0.000000000
0.000000000 -1.000000000
0.000000000 -0.255714000
0.000000000 1.000000000
-0.104588357 -6.931432000
0.000000000 0.000000000
0.000000000 -0.511428000
0.000000000 1.000000000
0.000000000 1.232858000
0.044211009 0.908576000
0.000000000 0.000000000
0.000000000 -0.022856000
0.000000000 -2.255714000
0.000000000 0.000000000
0.000000000 0.000000000
0.000000000 0.000000000
0.000000000 0.000000000
0.000000000 -2.000000000
0.000000000 0.000000000
0.000000000 0.000000000
0.272670136 0.000000000
0.000000000 0.767142000
0.000000000 0.000000000
0.000000000 2.977144000
0.000000000 0.000000000
0.000000000 -0.488572000
-0.136335068 -0.232858000
0.000000000 0.488572000
0.000000000 0.000000000
0.000000000 -0.488572000
0.000000000 3.000000000
0.000000000 0.000000000
0.000000000 1.000000000
0.000000000 0.000000000
0.000000000 2.000000000
0.000000000 -1.000000000
0.104588357 0.000000000
0.000000000 -1.022856000
0.000000000 0.000000000
0.000000000 -2.000000000
0.104588357 1.232858000
0.000000000 0.255714000
0.000000000 -2.488572000
0.000000000 -1.488572000
0.000000000 2.977144000
0.000000000 0.000000000
0.000000000 0.744286000
0.000000000 -2.000000000
0.000000000 2.721430000
0.000000000 -0.488572000
0.000000000 0.000000000
0.104588357 1.465716000
0.000000000 -2.977144000
0.000000000 0.000000000
0.034862786 0.000000000
0.000000000 1.744286000
0.000000000 0.255714000
-0.003116074 -0.977144000
0.000000000 0.000000000
0.000000000 2.744286000
0.272670136 0.000000000
0.000000000 0.000000000
0.000000000 1.255714000
0.000000000 0.000000000
0.000000000 0.000000000
-0.044211009 -0.420004000
0.000000000 5.000000000
-0.136335068 -2.000000000
0.104588357 1.977144000
0.044211009 0.420004000
0.000000000 -1.000000000
0.000000000 -1.488572000
0.000000000 -7.000000000
0.000000000 1.465716000
0.000000000 -2.000000000
0.000000000 3.232858000
0.000000000 0.000000000
0.000000000 0.255714000
0.418353427 0.187146000
0.000000000 0.000000000
0.272670136 0.000000000
0.000000000 -0.488572000
0.000000000 0.000000000
0.101472282 2.000000000
0.000000000 0.511428000
0.282018359 1.164290000
0.000000000 -1.744286000
0.000000000 4.000000000
0.000000000 0.000000000
0.009348223 0.420004000
0.000000000 0.000000000
0.000000000 1.000000000
0.000000000 1.000000000
0.000000000 0.000000000
0.000000000 0.744286000
0.000000000 -2.721430000
5.1037642227
