0.000000000 0.000000000
0.000000000 0.000000000
0.000000000 -3.000000000
0.000000000 0.000000000
0.000000000 -2.000000000
0.107580904 0.000000000
0.000000000 0.000000000
0.000000000 3.000000000
0.000000000 0.000000000
0.000000000 0.000000000
0.000000000 2.000000000
0.000000000 0.000000000
0.000000000 0.000000000
0.000000000 -2.000000000
0.000000000 0.000000000
0.000000000 0.000000000
0.000000000 0.000000000
0.000000000 0.000000000
0.000000000 0.000000000
0.000000000 0.000000000
0.000000000 3.000000000
0.000000000 -1.000000000
0.000000000 0.000000000
0.000000000 7.000000000
0.000000000 0.000000000
0.000000000 3.000000000
0.000000000 0.000000000
0.000000000 0.000000000
0.000000000 0.000000000
0.215161807 0.000000000
0.000000000 0.000000000
0.000000000 0.000000000
0.000000000 0.000000000
0.000000000 0.000000000
0.000000000 3.000000000
-0.215161807 -1.000000000
0.000000000 0.000000000
0.107580904 0.000000000
-0.430323614 0.000000000
0.000000000 0.000000000
0.000000000 -1.000000000
0.000000000 0.000000000
0.000000000 -2.000000000
0.000000000 0.000000000
0.000000000 0.000000000
0.537904518 0.000000000
0.000000000 -1.000000000
0.000000000 0.000000000
0.000000000 -3.000000000
0.000000000 0.000000000
0.107580904 0.000000000
0.000000000 0.000000000
0.000000000 0.000000000
0.000000000 0.000000000
0.215161807 0.000000000
0.000000000 0.000000000
0.000000000 7.000000000
-0.322742711 0.000000000
0.000000000 0.000000000
0.000000000 0.000000000
0.215161807 5.000000000
0.215161807 3.000000000
0.000000000 0.000000000
-0.215161807 0.000000000
-0.322742711 0.000000000
0.000000000 1.000000000
0.000000000 0.000000000
0.000000000 0.000000000
0.000000000 0.000000000
0.000000000 0.000000000
0.000000000 -3.000000000
0.000000000 0.000000000
0.000000000 0.000000000
0.000000000 0.000000000
0.215161807 2.000000000
0.000000000 0.000000000
0.000000000 -2.000000000
-0.215161807 0.000000000
0.537904518 0.000000000
0.000000000 0.000000000
0.000000000 0.000000000
0.000000000 0.000000000
0.000000000 -1.000000000
0.000000000 0.000000000
0.000000000 5.000000000
0.000000000 0.000000000
0.000000000 0.000000000
0.000000000 0.000000000
0.000000000 0.000000000
0.000000000 0.000000000
0.000000000 0.000000000
-0.645485421 0.000000000
-0.430323614 0.000000000
0.215161807 0.000000000
0.000000000 0.000000000
0.000000000 0.000000000
0.000000000 -1.000000000
0.000000000 0.000000000
0.000000000 -3.000000000
0.000000000 0.000000000
0.000000000 3.000000000
0.000000000 2.000000000
0.000000000 -2.000000000
0.000000000 4.000000000
0.000000000 0.000000000
0.000000000 1.000000000
-0.107580904 0.000000000
0.000000000 -3.000000000
0.000000000 0.000000000
0.000000000 0.000000000
0.000000000 -1.000000000
0.000000000 0.000000000
0.000000000 0.000000000
0.000000000 0.000000000
0.000000000 0.000000000
0.000000000 0.000000000
0.000000000 0.000000000
0.000000000 0.000000000
0.000000000 1.000000000
0.000000000 -1.000000000
0.000000000 0.000000000
0.000000000 -1.000000000
0.000000000 0.000000000
0.000000000 0.000000000
0.000000000 -2.000000000
0.000000000 0.000000000
0.000000000 0.000000000
0.000000000 0.000000000
0.000000000 5.000000000
0.000000000 0.000000000
0.107580904 5.000000000
0.000000000 0.000000000
-0.753066325 -1.000000000
0.000000000 0.000000000
0.000000000 0.000000000
0.000000000 0.000000000
0.000000000 0.000000000
0.000000000 0.000000000
-0.322742711 0.000000000
0.000000000 0.000000000
0.000000000 0.000000000
0.000000000 -2.000000000
0.000000000 -2.000000000
0.000000000 -4.000000000
0.000000000 2.000000000
0.000000000 0.000000000
0.000000000 0.000000000
0.000000000 0.000000000
0.000000000 0.000000000
0.000000000 0.000000000
0.000000000 0.000000000
0.000000000 0.000000000
0.000000000 0.000000000
-0.107580904 -4.000000000
0.000000000 -5.000000000
0.000000000 1.000000000
0.000000000 0.000000000
0.000000000 0.000000000
0.000000000 0.000000000
0.000000000 0.000000000
0.000000000 0.000000000
0.860647228 0.000000000
0.000000000 0.000000000
0.000000000 1.000000000
0.000000000 1.000000000
0.000000000 0.000000000
0.000000000 7.000000000
0.000000000 2.000000000
-0.215161807 0.000000000
0.000000000 1.000000000
0.000000000 -2.000000000
0.000000000 0.000000000
0.000000000 0.000000000
0.000000000 3.000000000
0.000000000 2.000000000
0.000000000 4.000000000
0.000000000 2.000000000
0.000000000 0.000000000
0.000000000 1.000000000
0.000000000 0.000000000
0.000000000 0.000000000
0.000000000 -1.000000000
0.000000000 0.000000000
0.000000000 0.000000000
0.000000000 5.000000000
0.000000000 0.000000000
0.000000000 2.000000000
0.000000000 -4.000000000
-0.215161807 0.000000000
0.322742711 0.000000000
0.000000000 0.000000000
0.000000000 3.000000000
0.000000000 0.000000000
0.000000000 0.000000000
0.000000000 1.000000000
0.000000000 0.000000000
0.000000000 2.000000000
0.000000000 0.000000000
0.000000000 0.000000000
-0.107580904 0.000000000
0.000000000 1.000000000
0.000000000 2.000000000
0.000000000 2.000000000
0.000000000 0.000000000
0.000000000 -1.000000000
-0.107580904 0.000000000
0.000000000 0.000000000
0.000000000 2.000000000
0.000000000 -2.000000000
0.000000000 0.000000000
0.000000000 0.000000000
0.000000000 0.000000000
0.000000000 0.000000000
0.000000000 0.000000000
0.000000000 0.000000000
-0.430323614 0.000000000
0.000000000 0.000000000
0.000000000 2.000000000
0.107580904 0.000000000
0.000000000 0.000000000
0.000000000 -2.000000000
0.000000000 0.000000000
0.000000000 3.000000000
0.000000000 0.000000000
0.000000000 0.000000000
0.000000000 4.000000000
0.000000000 4.000000000
0.000000000 0.000000000
0.000000000 0.000000000
0.000000000 1.000000000
0.000000000 0.000000000
0.000000000 1.000000000
0.000000000 1.000000000
0.000000000 0.000000000
0.000000000 -2.000000000
0.000000000 0.000000000
0.000000000 0.000000000
0.000000000 0.000000000
0.000000000 0.000000000
0.000000000 0.000000000
0.000000000 0.000000000
0.000000000 0.000000000
0.000000000 1.000000000
0.000000000 4.000000000
0.000000000 0.000000000
-0.322742711 0.000000000
0.000000000 0.000000000
0.000000000 0.000000000
0.000000000 0.000000000
0.000000000 1.000000000
-0.107580904 0.000000000
0.000000000 0.000000000
0.215161807 0.000000000
0.000000000 0.000000000
0.000000000 0.000000000
-0.537904518 -3.000000000
0.000000000 -3.000000000
0.000000000 0.000000000
0.000000000 0.000000000
0.000000000 3.000000000
0.000000000 0.000000000
0.000000000 1.000000000
0.000000000 -3.000000000
0.000000000 -1.000000000
0.000000000 6.000000000
0.000000000 0.000000000
0.000000000 6.000000000
0.000000000 0.000000000
0.430323614 0.000000000
0.000000000 0.000000000
0.000000000 0.000000000
0.000000000 0.000000000
0.000000000 6.000000000
0.000000000 0.000000000
0.000000000 1.000000000
0.000000000 0.000000000
0.000000000 1.000000000
0.000000000 0.000000000
0.000000000 0.000000000
-0.107580904 0.000000000
0.000000000 3.000000000
0.000000000 0.000000000
0.000000000 0.000000000
0.000000000 -4.000000000
0.000000000 -2.000000000
0.000000000 0.000000000
0.000000000 0.000000000
0.000000000 2.000000000
0.000000000 0.000000000
0.000000000 0.000000000
0.000000000 0.000000000
-0.322742711 -6.000000000
0.000000000 0.000000000
0.000000000 2.000000000
0.000000000 0.000000000
0.000000000 0.000000000
0.000000000 -2.000000000
0.000000000 0.000000000
0.000000000 7.000000000
0.000000000 0.000000000
0.000000000 1.000000000
0.000000000 3.000000000
0.000000000 0.000000000
0.000000000 0.000000000
0.107580904 2.000000000
0.107580904 5.000000000
0.000000000 0.000000000
0.000000000 1.000000000
0.000000000 -2.000000000
0.000000000 2.000000000
0.000000000 -5.000000000
0.000000000 0.000000000
0.000000000 0.000000000
0.000000000 0.000000000
0.000000000 0.000000000
0.000000000 -1.000000000
0.000000000 -6.000000000
0.000000000 1.000000000
0.000000000 0.000000000
0.000000000 0.000000000
0.000000000 0.000000000
0.000000000 0.000000000
0.000000000 0.000000000
0.107580904 0.000000000
0.000000000 2.000000000
0.000000000 -1.000000000
0.000000000 -1.000000000
0.000000000 0.000000000
0.000000000 2.000000000
0.000000000 0.000000000
0.322742711 3.000000000
0.000000000 0.000000000
0.000000000 0.000000000
0.000000000 0.000000000
0.000000000 0.000000000
0.000000000 -2.000000000
0.107580904 2.000000000
0.000000000 0.000000000
0.000000000 0.000000000
0.000000000 2.000000000
0.000000000 0.000000000
0.000000000 -1.000000000
0.000000000 0.000000000
0.000000000 0.000000000
0.000000000 0.000000000
0.000000000 1.000000000
0.000000000 0.000000000
0.000000000 -1.000000000
0.000000000 4.000000000
0.000000000 0.000000000
0.000000000 0.000000000
0.000000000 -1.000000000
0.000000000 0.000000000
0.000000000 0.000000000
0.000000000 0.000000000
0.000000000 -1.000000000
0.000000000 0.000000000
0.000000000 0.000000000
0.000000000 -3.000000000
0.000000000 -3.000000000
0.215161807 2.000000000
0.000000000 2.000000000
0.000000000 -5.000000000
0.000000000 7.000000000
0.000000000 0.000000000
0.000000000 0.000000000
0.000000000 0.000000000
0.000000000 -2.000000000
0.000000000 1.000000000
0.000000000 2.000000000
0.000000000 0.000000000
0.000000000 0.000000000
-0.107580904 0.000000000
-0.107580904 0.000000000
-0.215161807 0.000000000
0.000000000 -1.000000000
0.000000000 0.000000000
0.000000000 4.000000000
0.000000000 1.000000000
0.000000000 0.000000000
0.000000000 0.000000000
0.000000000 0.000000000
0.000000000 0.000000000
0.000000000 -8.000000000
0.000000000 2.000000000
0.000000000 0.000000000
0.000000000 0.000000000
0.000000000 -3.000000000
0.000000000 2.000000000
0.000000000 0.000000000
-0.215161807 0.000000000
0.000000000 0.000000000
0.000000000 0.000000000
0.000000000 0.000000000
0.000000000 -1.000000000
0.000000000 6.000000000
0.000000000 0.000000000
0.000000000 -1.000000000
0.000000000 1.000000000
0.000000000 0.000000000
-0.215161807 0.000000000
-0.322742711 -3.000000000
0.000000000 0.000000000
-0.107580904 -4.000000000
0.000000000 1.000000000
0.000000000 6.000000000
0.000000000 0.000000000
0.000000000 0.000000000
0.107580904 0.000000000
0.215161807 0.000000000
0.107580904 0.000000000
0.000000000 0.000000000
0.000000000 0.000000000
0.000000000 0.000000000
0.000000000 0.000000000
0.000000000 0.000000000
0.000000000 0.000000000
0.000000000 -2.000000000
0.000000000 -1.000000000
0.000000000 9.000000000
0.000000000 0.000000000
0.000000000 -2.000000000
-0.215161807 0.000000000
-0.107580904 0.000000000
0.000000000 0.000000000
0.000000000 0.000000000
0.000000000 0.000000000
0.537904518 3.000000000
0.000000000 0.000000000
0.000000000 0.000000000
0.107580904 0.000000000
0.000000000 0.000000000
0.215161807 0.000000000
0.000000000 0.000000000
0.000000000 0.000000000
0.000000000 0.000000000
0.000000000 1.000000000
0.000000000 0.000000000
-0.107580904 0.000000000
0.000000000 0.000000000
0.000000000 0.000000000
-0.107580904 0.000000000
0.000000000 0.000000000
0.000000000 9.000000000
-0.322742711 0.000000000
0.000000000 0.000000000
0.000000000 0.000000000
0.000000000 0.000000000
0.000000000 0.000000000
0.000000000 0.000000000
0.000000000 0.000000000
0.000000000 0.000000000
0.000000000 0.000000000
0.000000000 0.000000000
0.000000000 -3.000000000
0.000000000 0.000000000
0.000000000 0.000000000
-0.322742711 -6.000000000
0.000000000 0.000000000
0.000000000 2.000000000
0.000000000 3.000000000
0.000000000 0.000000000
0.000000000 -4.000000000
0.000000000 0.000000000
0.000000000 0.000000000
0.000000000 0.000000000
0.000000000 -2.000000000
0.000000000 0.000000000
0.000000000 8.000000000
0.000000000 -1.000000000
0.000000000 5.000000000
0.000000000 0.000000000
0.000000000 3.000000000
0.107580904 0.000000000
0.000000000 0.000000000
0.000000000 1.000000000
0.000000000 0.000000000
0.000000000 0.000000000
0.000000000 0.000000000
0.000000000 0.000000000
0.000000000 2.000000000
0.000000000 1.000000000
0.000000000 -1.000000000
-0.107580904 0.000000000
0.000000000 0.000000000
0.000000000 1.000000000
0.000000000 0.000000000
0.000000000 0.000000000
0.000000000 0.000000000
0.000000000 0.000000000
0.000000000 0.000000000
0.000000000 0.000000000
0.000000000 0.000000000
0.000000000 0.000000000
0.000000000 0.000000000
0.000000000 0.000000000
0.000000000 0.000000000
0.000000000 -1.000000000
-0.430323614 0.000000000
0.000000000 0.000000000
0.000000000 0.000000000
0.000000000 0.000000000
0.000000000 0.000000000
0.000000000 0.000000000
0.000000000 0.000000000
0.000000000 0.000000000
-0.107580904 0.000000000
0.000000000 0.000000000
0.000000000 -1.000000000
0.000000000 -2.000000000
0.000000000 0.000000000
0.000000000 0.000000000
0.000000000 0.000000000
0.000000000 3.000000000
0.000000000 -1.000000000
0.000000000 0.000000000
0.000000000 0.000000000
0.000000000 0.000000000
0.000000000 0.000000000
0.000000000 0.000000000
0.000000000 0.000000000
0.000000000 0.000000000
0.000000000 4.000000000
-0.430323614 0.000000000
0.000000000 -5.000000000
0.000000000 2.000000000
0.000000000 0.000000000
0.000000000 0.000000000
0.000000000 -1.000000000
0.000000000 0.000000000
0.000000000 0.000000000
0.000000000 0.000000000
0.000000000 0.000000000
0.000000000 0.000000000
0.000000000 0.000000000
0.000000000 0.000000000
0.000000000 0.000000000
0.000000000 -1.000000000
0.000000000 0.000000000
0.000000000 0.000000000
0.000000000 0.000000000
0.000000000 0.000000000
0.000000000 1.000000000
0.000000000 -1.000000000
0.000000000 0.000000000
0.000000000 0.000000000
0.000000000 0.000000000
0.000000000 0.000000000
0.000000000 -4.000000000
0.000000000 0.000000000
0.000000000 1.000000000
0.000000000 0.000000000
0.000000000 0.000000000
0.000000000 0.000000000
-0.322742711 0.000000000
0.000000000 0.000000000
0.000000000 0.000000000
0.000000000 0.000000000
0.000000000 0.000000000
0.000000000 -1.000000000
0.000000000 0.000000000
0.000000000 0.000000000
0.000000000 -1.000000000
0.000000000 0.000000000
0.000000000 0.000000000
0.322742711 0.000000000
0.000000000 0.000000000
0.000000000 0.000000000
0.000000000 0.000000000
0.000000000 0.000000000
0.000000000 -5.000000000
0.000000000 0.000000000
0.000000000 0.000000000
0.000000000 0.000000000
0.000000000 0.000000000
0.000000000 -3.000000000
0.000000000 0.000000000
0.215161807 0.000000000
0.000000000 -6.000000000
0.000000000 0.000000000
0.000000000 0.000000000
0.000000000 0.000000000
0.000000000 5.000000000
0.000000000 0.000000000
0.000000000 2.000000000
0.000000000 3.000000000
0.000000000 0.000000000
0.000000000 0.000000000
0.000000000 1.000000000
0.000000000 0.000000000
0.322742711 0.000000000
0.000000000 2.000000000
0.000000000 0.000000000
0.000000000 0.000000000
0.000000000 0.000000000
0.000000000 0.000000000
0.000000000 0.000000000
0.000000000 3.000000000
0.000000000 0.000000000
0.000000000 0.000000000
0.000000000 0.000000000
0.000000000 0.000000000
0.000000000 0.000000000
0.000000000 0.000000000
0.000000000 -2.000000000
0.000000000 0.000000000
0.000000000 0.000000000
0.000000000 0.000000000
0.107580904 3.000000000
0.000000000 0.000000000
0.000000000 2.000000000
0.000000000 2.000000000
-0.107580904 0.000000000
0.322742711 0.000000000
0.000000000 1.000000000
-0.107580904 0.000000000
0.645485421 0.000000000
0.000000000 0.000000000
0.107580904 0.000000000
0.000000000 0.000000000
0.000000000 -1.000000000
0.000000000 0.000000000
0.000000000 1.000000000
0.000000000 0.000000000
-0.215161807 -1.000000000
0.000000000 0.000000000
0.000000000 0.000000000
0.000000000 0.000000000
-0.430323614 0.000000000
0.107580904 0.000000000
0.000000000 0.000000000
0.000000000 2.000000000
0.000000000 0.000000000
0.000000000 1.000000000
0.000000000 -1.000000000
0.000000000 0.000000000
0.000000000 0.000000000
0.000000000 0.000000000
0.000000000 0.000000000
0.000000000 2.000000000
0.000000000 0.000000000
0.000000000 0.000000000
0.000000000 0.000000000
0.000000000 0.000000000
0.000000000 0.000000000
-0.537904518 -2.000000000
0.000000000 0.000000000
0.107580904 0.000000000
0.000000000 3.000000000
0.000000000 0.000000000
0.000000000 3.000000000
0.000000000 -3.000000000
0.000000000 0.000000000
0.000000000 -1.000000000
0.322742711 1.000000000
0.000000000 0.000000000
-0.322742711 0.000000000
0.000000000 0.000000000
0.000000000 1.000000000
0.000000000 0.000000000
0.000000000 1.000000000
0.000000000 0.000000000
0.000000000 3.000000000
0.000000000 -3.000000000
0.000000000 1.000000000
0.000000000 0.000000000
0.000000000 0.000000000
0.000000000 0.000000000
0.000000000 1.000000000
0.000000000 -6.000000000
0.000000000 4.000000000
0.000000000 0.000000000
0.000000000 0.000000000
0.000000000 0.000000000
0.000000000 0.000000000
0.000000000 0.000000000
0.000000000 1.000000000
0.000000000 0.000000000
0.000000000 0.000000000
0.000000000 0.000000000
0.000000000 0.000000000
0.000000000 0.000000000
-0.107580904 -2.000000000
0.000000000 0.000000000
0.000000000 0.000000000
0.000000000 0.000000000
0.000000000 0.000000000
0.000000000 0.000000000
-0.215161807 0.000000000
0.000000000 7.000000000
0.000000000 0.000000000
0.000000000 2.000000000
0.000000000 -2.000000000
0.000000000 0.000000000
0.000000000 1.000000000
0.000000000 -1.000000000
0.000000000 -4.000000000
0.215161807 0.000000000
0.000000000 0.000000000
0.000000000 -2.000000000
0.000000000 1.000000000
-0.322742711 0.000000000
0.000000000 0.000000000
0.000000000 4.000000000
0.000000000 0.000000000
0.000000000 0.000000000
0.000000000 0.000000000
0.000000000 0.000000000
-0.430323614 0.000000000
0.000000000 0.000000000
0.000000000 0.000000000
0.000000000 -7.000000000
0.645485421 0.000000000
0.000000000 0.000000000
0.000000000 0.000000000
0.000000000 0.000000000
0.000000000 -1.000000000
-0.537904518 0.000000000
0.000000000 0.000000000
0.000000000 0.000000000
-0.645485421 0.000000000
0.000000000 -5.000000000
0.000000000 0.000000000
0.000000000 0.000000000
0.000000000 -9.000000000
0.000000000 0.000000000
-0.107580904 -1.000000000
0.000000000 0.000000000
0.000000000 0.000000000
0.000000000 0.000000000
0.000000000 0.000000000
0.000000000 0.000000000
0.000000000 0.000000000
0.000000000 0.000000000
0.000000000 0.000000000
0.000000000 0.000000000
0.000000000 1.000000000
0.000000000 0.000000000
0.000000000 -2.000000000
0.000000000 3.000000000
0.322742711 0.000000000
0.000000000 -3.000000000
0.000000000 0.000000000
0.000000000 0.000000000
0.000000000 -2.000000000
0.000000000 -5.000000000
0.000000000 0.000000000
0.000000000 0.000000000
0.000000000 0.000000000
0.000000000 0.000000000
0.000000000 0.000000000
0.645485421 0.000000000
0.000000000 0.000000000
0.000000000 -2.000000000
0.000000000 0.000000000
0.000000000 0.000000000
0.000000000 0.000000000
0.000000000 9.000000000
0.107580904 3.000000000
-0.537904518 -1.000000000
0.000000000 4.000000000
0.000000000 0.000000000
0.000000000 0.000000000
0.107580904 1.000000000
0.000000000 0.000000000
0.000000000 0.000000000
0.000000000 0.000000000
0.000000000 0.000000000
0.000000000 -4.000000000
-0.537904518 0.000000000
0.000000000 0.000000000
0.000000000 -6.000000000
0.000000000 0.000000000
0.000000000 0.000000000
0.000000000 -1.000000000
0.000000000 -1.000000000
0.000000000 -1.000000000
0.000000000 0.000000000
0.000000000 0.000000000
0.000000000 0.000000000
0.000000000 1.000000000
0.000000000 0.000000000
0.000000000 0.000000000
0.000000000 1.000000000
-0.215161807 0.000000000
0.000000000 0.000000000
0.000000000 1.000000000
0.000000000 0.000000000
0.000000000 0.000000000
0.000000000 0.000000000
0.000000000 -4.000000000
0.000000000 0.000000000
0.000000000 0.000000000
0.000000000 0.000000000
0.000000000 0.000000000
0.000000000 0.000000000
0.000000000 1.000000000
0.000000000 0.000000000
0.000000000 0.000000000
0.537904518 1.000000000
0.000000000 0.000000000
0.000000000 2.000000000
0.000000000 0.000000000
0.322742711 0.000000000
0.000000000 0.000000000
0.000000000 0.000000000
0.000000000 0.000000000
0.645485421 0.000000000
0.000000000 0.000000000
0.000000000 -3.000000000
0.000000000 -1.000000000
0.000000000 0.000000000
0.000000000 0.000000000
0.000000000 0.000000000
0.000000000 1.000000000
0.430323614 3.000000000
0.000000000 1.000000000
0.000000000 0.000000000
0.000000000 0.000000000
0.000000000 0.000000000
0.000000000 0.000000000
0.000000000 0.000000000
0.000000000 -1.000000000
0.000000000 0.000000000
0.000000000 -1.000000000
0.000000000 0.000000000
0.000000000 0.000000000
0.000000000 -3.000000000
0.000000000 0.000000000
0.000000000 0.000000000
0.322742711 0.000000000
0.000000000 -7.000000000
0.107580904 0.000000000
0.000000000 0.000000000
-0.430323614 0.000000000
0.000000000 0.000000000
0.000000000 2.000000000
0.000000000 -4.000000000
0.000000000 0.000000000
0.000000000 -3.000000000
0.000000000 2.000000000
0.000000000 3.000000000
0.000000000 0.000000000
0.000000000 0.000000000
0.000000000 0.000000000
0.000000000 0.000000000
0.000000000 0.000000000
0.000000000 0.000000000
0.000000000 4.000000000
0.322742711 2.000000000
0.000000000 0.000000000
0.000000000 0.000000000
0.000000000 0.000000000
0.000000000 -2.000000000
0.000000000 0.000000000
0.000000000 -2.000000000
0.000000000 0.000000000
0.000000000 0.000000000
0.000000000 0.000000000
0.000000000 3.000000000
0.000000000 6.000000000
0.000000000 0.000000000
0.107580904 0.000000000
0.000000000 0.000000000
0.000000000 -1.000000000
0.000000000 0.000000000
0.000000000 0.000000000
0.215161807 0.000000000
0.000000000 0.000000000
-0.107580904 -2.000000000
0.000000000 0.000000000
0.000000000 0.000000000
0.000000000 0.000000000
0.000000000 0.000000000
0.000000000 0.000000000
0.000000000 -3.000000000
0.000000000 1.000000000
0.000000000 4.000000000
0.000000000 5.000000000
0.000000000 0.000000000
0.000000000 0.000000000
0.000000000 -2.000000000
0.000000000 4.000000000
-0.322742711 0.000000000
0.000000000 0.000000000
0.000000000 0.000000000
0.000000000 -1.000000000
0.000000000 0.000000000
0.860647228 1.000000000
0.000000000 0.000000000
0.000000000 0.000000000
0.000000000 1.000000000
0.000000000 0.000000000
0.000000000 -3.000000000
0.430323614 0.000000000
0.215161807 1.000000000
0.000000000 -2.000000000
0.000000000 0.000000000
0.000000000 0.000000000
0.000000000 1.000000000
-0.107580904 0.000000000
0.000000000 0.000000000
0.000000000 0.000000000
0.000000000 0.000000000
0.000000000 0.000000000
0.000000000 0.000000000
0.000000000 0.000000000
0.000000000 1.000000000
0.000000000 0.000000000
0.000000000 2.000000000
0.000000000 0.000000000
0.000000000 0.000000000
0.000000000 -5.000000000
0.000000000 4.000000000
0.000000000 0.000000000
0.000000000 10.000000000
0.000000000 0.000000000
0.000000000 -2.000000000
0.000000000 0.000000000
0.000000000 0.000000000
0.107580904 0.000000000
0.000000000 0.000000000
0.000000000 5.000000000
0.000000000 0.000000000
0.000000000 0.000000000
0.000000000 0.000000000
0.000000000 -1.000000000
0.000000000 0.000000000
-0.215161807 0.000000000
0.000000000 -2.000000000
0.000000000 0.000000000
0.000000000 0.000000000
-0.107580904 0.000000000
0.215161807 0.000000000
0.000000000 0.000000000
0.000000000 0.000000000
0.000000000 0.000000000
0.000000000 0.000000000
0.000000000 0.000000000
0.000000000 0.000000000
-0.215161807 0.000000000
0.000000000 0.000000000
0.000000000 -2.000000000
0.000000000 5.000000000
0.000000000 0.000000000
0.000000000 2.000000000
0.000000000 0.000000000
0.000000000 1.000000000
0.000000000 0.000000000
0.000000000 0.000000000
0.000000000 0.000000000
0.000000000 0.000000000
0.000000000 -1.000000000
0.000000000 -2.000000000
0.000000000 5.000000000
0.000000000 1.000000000
0.000000000 0.000000000
0.000000000 0.000000000
0.000000000 0.000000000
0.000000000 -2.000000000
0.000000000 -1.000000000
0.000000000 -1.000000000
0.000000000 0.000000000
0.000000000 0.000000000
0.000000000 -2.000000000
0.000000000 0.000000000
0.000000000 0.000000000
0.000000000 0.000000000
0.000000000 0.000000000
0.000000000 0.000000000
0.000000000 -2.000000000
0.000000000 0.000000000
0.000000000 0.000000000
0.107580904 0.000000000
0.107580904 0.000000000
0.000000000 0.000000000
0.000000000 0.000000000
0.000000000 0.000000000
0.000000000 2.000000000
0.000000000 4.000000000
0.000000000 4.000000000
0.000000000 2.000000000
0.430323614 2.000000000
0.000000000 0.000000000
0.000000000 0.000000000
0.322742711 0.000000000
0.000000000 2.000000000
0.000000000 1.000000000
0.000000000 0.000000000
0.000000000 0.000000000
0.000000000 0.000000000
-0.107580904 0.000000000
0.000000000 1.000000000
0.000000000 2.000000000
0.000000000 0.000000000
0.000000000 -5.000000000
0.215161807 0.000000000
0.000000000 0.000000000
-0.860647228 0.000000000
0.000000000 1.000000000
0.000000000 -8.000000000
0.000000000 4.000000000
0.000000000 2.000000000
0.000000000 0.000000000
0.000000000 0.000000000
0.000000000 0.000000000
0.000000000 5.000000000
0.000000000 -2.000000000
0.000000000 0.000000000
0.000000000 0.000000000
0.000000000 0.000000000
0.000000000 0.000000000
-0.107580904 0.000000000
0.000000000 0.000000000
0.000000000 0.000000000
0.000000000 0.000000000
-0.322742711 0.000000000
0.000000000 1.000000000
0.000000000 0.000000000
0.000000000 0.000000000
0.000000000 4.000000000
-0.107580904 -1.000000000
0.000000000 0.000000000
0.000000000 0.000000000
0.000000000 2.000000000
0.000000000 0.000000000
0.000000000 -4.000000000
0.000000000 0.000000000
0.000000000 0.000000000
0.322742711 0.000000000
0.000000000 0.000000000
0.000000000 -6.000000000
0.000000000 0.000000000
0.000000000 4.000000000
0.000000000 1.000000000
0.000000000 0.000000000
0.000000000 0.000000000
0.000000000 -1.000000000
0.000000000 0.000000000
0.000000000 0.000000000
0.000000000 0.000000000
0.000000000 3.000000000
0.000000000 0.000000000
-0.322742711 0.000000000
0.000000000 0.000000000
0.000000000 0.000000000
0.000000000 0.000000000
0.000000000 3.000000000
0.000000000 0.000000000
0.000000000 0.000000000
0.000000000 0.000000000
0.000000000 0.000000000
0.000000000 -2.000000000
0.000000000 4.000000000
0.215161807 0.000000000
0.000000000 0.000000000
0.000000000 0.000000000
0.000000000 0.000000000
0.000000000 0.000000000
-0.215161807 0.000000000
0.000000000 0.000000000
0.000000000 0.000000000
0.000000000 2.000000000
0.000000000 0.000000000
0.000000000 0.000000000
0.000000000 0.000000000
-0.537904518 0.000000000
-0.107580904 -3.000000000
0.000000000 0.000000000
0.000000000 -3.000000000
0.000000000 0.000000000
0.000000000 0.000000000
0.000000000 0.000000000
0.000000000 -1.000000000
0.000000000 -2.000000000
0.000000000 9.000000000
0.107580904 6.000000000
0.000000000 -3.000000000
0.000000000 0.000000000
0.000000000 0.000000000
0.000000000 0.000000000
0.000000000 0.000000000
0.000000000 -2.000000000
0.000000000 0.000000000
0.107580904 0.000000000
0.000000000 0.000000000
0.000000000 2.000000000
-0.107580904 0.000000000
0.000000000 0.000000000
0.645485421 0.000000000
0.000000000 0.000000000
0.000000000 0.000000000
0.000000000 1.000000000
0.000000000 0.000000000
0.000000000 0.000000000
0.000000000 0.000000000
0.000000000 0.000000000
0.537904518 0.000000000
0.000000000 0.000000000
0.000000000 0.000000000
0.000000000 -1.000000000
0.000000000 0.000000000
0.000000000 2.000000000
0.215161807 1.000000000
0.000000000 6.000000000
0.000000000 0.000000000
0.000000000 0.000000000
0.000000000 0.000000000
0.000000000 0.000000000
0.000000000 0.000000000
0.000000000 0.000000000
0.000000000 1.000000000
0.000000000 -1.000000000
-0.215161807 0.000000000
0.000000000 0.000000000
0.000000000 0.000000000
0.107580904 0.000000000
0.000000000 3.000000000
0.000000000 0.000000000
0.000000000 0.000000000
-0.215161807 0.000000000
0.000000000 0.000000000
0.000000000 0.000000000
0.000000000 0.000000000
0.000000000 0.000000000
0.000000000 1.000000000
0.000000000 4.000000000
0.000000000 1.000000000
0.000000000 0.000000000
0.000000000 0.000000000
0.000000000 0.000000000
0.000000000 0.000000000
0.322742711 0.000000000
0.000000000 0.000000000
0.000000000 0.000000000
0.000000000 3.000000000
0.000000000 0.000000000
0.000000000 -4.000000000
0.000000000 -6.000000000
-0.430323614 0.000000000
0.000000000 0.000000000
0.000000000 -5.000000000
-0.322742711 0.000000000
0.000000000 0.000000000
0.000000000 0.000000000
0.000000000 0.000000000
0.000000000 0.000000000
0.000000000 0.000000000
0.000000000 0.000000000
0.000000000 -1.000000000
0.215161807 0.000000000
0.000000000 0.000000000
0.000000000 -9.000000000
0.000000000 -4.000000000
0.000000000 0.000000000
0.000000000 0.000000000
0.430323614 0.000000000
0.000000000 -1.000000000
-0.107580904 0.000000000
0.000000000 0.000000000
0.000000000 0.000000000
0.000000000 0.000000000
0.000000000 0.000000000
0.000000000 1.000000000
0.000000000 -2.000000000
0.000000000 -5.000000000
-0.107580904 -2.000000000
-0.107580904 0.000000000
0.000000000 0.000000000
0.000000000 0.000000000
0.000000000 0.000000000
0.107580904 0.000000000
0.000000000 0.000000000
0.000000000 0.000000000
-0.107580904 -2.000000000
0.000000000 -1.000000000
-0.107580904 0.000000000
0.000000000 0.000000000
0.000000000 6.000000000
0.000000000 0.000000000
0.000000000 0.000000000
0.000000000 0.000000000
0.000000000 0.000000000
0.000000000 -1.000000000
0.000000000 -2.000000000
0.000000000 0.000000000
0.000000000 0.000000000
0.000000000 0.000000000
0.000000000 0.000000000
0.000000000 1.000000000
0.000000000 1.000000000
0.000000000 -1.000000000
0.107580904 0.000000000
0.000000000 0.000000000
0.000000000 1.000000000
0.000000000 -2.000000000
0.537904518 0.000000000
0.000000000 0.000000000
0.000000000 0.000000000
0.322742711 0.000000000
0.000000000 0.000000000
0.000000000 0.000000000
0.000000000 0.000000000
0.107580904 0.000000000
0.000000000 0.000000000
0.000000000 0.000000000
0.000000000 2.000000000
0.000000000 2.000000000
0.000000000 0.000000000
0.000000000 0.000000000
0.000000000 0.000000000
0.000000000 0.000000000
0.000000000 0.000000000
0.000000000 0.000000000
0.000000000 0.000000000
0.000000000 -1.000000000
0.000000000 0.000000000
-0.215161807 -4.000000000
0.000000000 0.000000000
0.000000000 0.000000000
0.000000000 0.000000000
0.000000000 0.000000000
0.000000000 3.000000000
0.000000000 0.000000000
0.000000000 4.000000000
-0.645485421 0.000000000
0.000000000 0.000000000
0.000000000 -2.000000000
0.000000000 0.000000000
0.000000000 0.000000000
0.000000000 0.000000000
0.000000000 -1.000000000
0.000000000 0.000000000
-0.537904518 0.000000000
0.000000000 2.000000000
0.000000000 0.000000000
0.000000000 8.000000000
0.000000000 0.000000000
0.000000000 0.000000000
0.000000000 7.000000000
0.322742711 1.000000000
0.000000000 4.000000000
0.000000000 2.000000000
0.000000000 0.000000000
0.000000000 0.000000000
0.430323614 0.000000000
-0.107580904 0.000000000
0.000000000 2.000000000
0.000000000 0.000000000
0.000000000 5.000000000
0.000000000 -1.000000000
0.000000000 2.000000000
0.000000000 0.000000000
0.000000000 0.000000000
0.000000000 -2.000000000
0.107580904 0.000000000
0.000000000 -2.000000000
0.000000000 0.000000000
0.000000000 -3.000000000
0.000000000 -1.000000000
0.000000000 1.000000000
0.000000000 0.000000000
0.000000000 7.000000000
0.537904518 3.000000000
0.000000000 0.000000000
0.000000000 0.000000000
0.000000000 0.000000000
0.000000000 -2.000000000
0.000000000 0.000000000
0.000000000 0.000000000
0.000000000 0.000000000
0.000000000 -7.000000000
0.000000000 0.000000000
-0.322742711 -1.000000000
0.000000000 0.000000000
0.000000000 -1.000000000
0.000000000 0.000000000
0.107580904 0.000000000
0.000000000 0.000000000
0.000000000 -2.000000000
0.000000000 0.000000000
0.000000000 -1.000000000
0.000000000 -2.000000000
0.000000000 0.000000000
-0.107580904 0.000000000
0.000000000 0.000000000
0.000000000 0.000000000
0.000000000 8.000000000
0.000000000 0.000000000
0.000000000 1.000000000
0.000000000 0.000000000
0.000000000 0.000000000
0.000000000 0.000000000
0.000000000 -1.000000000
0.000000000 0.000000000
0.000000000 0.000000000
0.000000000 0.000000000
0.000000000 -2.000000000
0.000000000 0.000000000
0.000000000 -1.000000000
0.000000000 -7.000000000
0.537904518 0.000000000
-0.322742711 0.000000000
0.000000000 0.000000000
0.000000000 0.000000000
0.000000000 0.000000000
0.000000000 1.000000000
0.000000000 0.000000000
0.107580904 6.000000000
0.000000000 0.000000000
0.645485421 0.000000000
0.000000000 -2.000000000
0.537904518 0.000000000
0.000000000 0.000000000
0.000000000 0.000000000
0.860647228 0.000000000
0.000000000 0.000000000
0.000000000 0.000000000
0.000000000 -7.000000000
0.000000000 0.000000000
0.000000000 0.000000000
0.000000000 5.000000000
0.000000000 2.000000000
0.000000000 -1.000000000
0.000000000 0.000000000
0.000000000 1.000000000
0.000000000 7.000000000
0.000000000 6.000000000
-0.322742711 0.000000000
0.000000000 0.000000000
0.000000000 0.000000000
0.000000000 0.000000000
0.000000000 0.000000000
0.000000000 0.000000000
0.000000000 1.000000000
0.000000000 2.000000000
0.000000000 0.000000000
0.000000000 0.000000000
0.000000000 1.000000000
0.000000000 -1.000000000
0.000000000 7.000000000
0.000000000 0.000000000
0.000000000 0.000000000
0.000000000 0.000000000
-0.215161807 0.000000000
0.000000000 -3.000000000
0.000000000 0.000000000
0.000000000 0.000000000
0.322742711 0.000000000
0.000000000 0.000000000
0.000000000 -5.000000000
0.000000000 0.000000000
0.000000000 0.000000000
0.000000000 0.000000000
0.000000000 0.000000000
0.753066325 0.000000000
0.000000000 4.000000000
0.000000000 0.000000000
-0.107580904 0.000000000
0.000000000 -7.000000000
0.000000000 0.000000000
0.000000000 0.000000000
0.430323614 3.000000000
-0.430323614 0.000000000
0.000000000 0.000000000
0.000000000 0.000000000
0.000000000 0.000000000
0.000000000 0.000000000
0.000000000 0.000000000
0.000000000 -1.000000000
0.000000000 3.000000000
0.000000000 0.000000000
0.000000000 0.000000000
-0.107580904 0.000000000
-0.753066325 0.000000000
0.000000000 0.000000000
0.000000000 -1.000000000
0.000000000 3.000000000
0.000000000 0.000000000
0.537904518 3.000000000
-0.107580904 0.000000000
0.000000000 0.000000000
0.000000000 0.000000000
-0.107580904 0.000000000
0.000000000 0.000000000
-0.860647228 0.000000000
0.000000000 -1.000000000
0.000000000 -5.000000000
0.000000000 0.000000000
0.000000000 4.000000000
0.000000000 0.000000000
0.000000000 9.000000000
0.000000000 -1.000000000
0.000000000 0.000000000
-0.215161807 0.000000000
0.000000000 4.000000000
0.000000000 0.000000000
0.000000000 0.000000000
0.000000000 0.000000000
0.000000000 0.000000000
0.000000000 0.000000000
0.000000000 -2.000000000
0.000000000 0.000000000
0.000000000 1.000000000
0.000000000 0.000000000
0.000000000 0.000000000
0.000000000 0.000000000
0.000000000 3.000000000
0.000000000 0.000000000
0.000000000 -1.000000000
0.000000000 0.000000000
0.000000000 9.000000000
0.000000000 0.000000000
0.537904518 2.000000000
-0.322742711 -2.000000000
0.000000000 2.000000000
0.000000000 0.000000000
0.000000000 1.000000000
0.000000000 0.000000000
0.000000000 -1.000000000
0.000000000 0.000000000
0.000000000 0.000000000
0.000000000 4.000000000
0.000000000 0.000000000
0.000000000 0.000000000
0.107580904 4.000000000
0.000000000 0.000000000
0.000000000 0.000000000
-0.107580904 0.000000000
0.000000000 0.000000000
0.000000000 0.000000000
0.000000000 -1.000000000
0.000000000 -4.000000000
0.000000000 0.000000000
0.645485421 0.000000000
0.000000000 0.000000000
0.000000000 0.000000000
0.000000000 0.000000000
0.000000000 3.000000000
0.000000000 0.000000000
-0.215161807 0.000000000
0.645485421 0.000000000
0.215161807 5.000000000
0.000000000 0.000000000
0.000000000 0.000000000
0.000000000 4.000000000
0.000000000 0.000000000
0.000000000 0.000000000
0.000000000 0.000000000
0.107580904 1.000000000
0.000000000 0.000000000
0.000000000 2.000000000
0.215161807 0.000000000
0.000000000 0.000000000
0.000000000 2.000000000
0.000000000 0.000000000
0.215161807 7.000000000
0.000000000 0.000000000
0.000000000 0.000000000
0.000000000 0.000000000
0.000000000 3.000000000
0.000000000 1.000000000
0.000000000 3.000000000
0.000000000 -2.000000000
0.000000000 0.000000000
0.000000000 1.000000000
0.000000000 6.000000000
0.000000000 0.000000000
0.000000000 0.000000000
0.000000000 0.000000000
0.000000000 0.000000000
0.000000000 1.000000000
0.000000000 0.000000000
0.000000000 1.000000000
0.000000000 0.000000000
0.000000000 0.000000000
0.000000000 0.000000000
0.000000000 1.000000000
0.000000000 -3.000000000
0.000000000 0.000000000
0.000000000 0.000000000
0.000000000 -8.000000000
0.000000000 0.000000000
0.000000000 1.000000000
0.000000000 -6.000000000
1.075809035 0.000000000
0.000000000 4.000000000
0.107580904 0.000000000
-0.322742711 -1.000000000
0.000000000 0.000000000
0.000000000 0.000000000
0.000000000 0.000000000
0.000000000 0.000000000
0.000000000 0.000000000
0.000000000 0.000000000
0.000000000 -1.000000000
0.000000000 0.000000000
0.000000000 0.000000000
0.000000000 0.000000000
0.000000000 0.000000000
0.000000000 -1.000000000
0.000000000 0.000000000
0.645485421 0.000000000
0.000000000 0.000000000
0.000000000 0.000000000
0.000000000 3.000000000
0.000000000 -3.000000000
0.322742711 0.000000000
0.000000000 5.000000000
0.000000000 0.000000000
0.000000000 -3.000000000
-0.107580904 0.000000000
0.000000000 0.000000000
0.000000000 2.000000000
0.000000000 0.000000000
0.000000000 0.000000000
0.000000000 0.000000000
0.000000000 1.000000000
0.000000000 3.000000000
0.000000000 -2.000000000
0.000000000 0.000000000
0.000000000 0.000000000
0.000000000 -1.000000000
-0.215161807 0.000000000
0.000000000 0.000000000
0.215161807 0.000000000
0.000000000 0.000000000
0.000000000 0.000000000
0.000000000 5.000000000
0.000000000 0.000000000
0.000000000 9.000000000
-0.107580904 -2.000000000
0.000000000 0.000000000
0.000000000 0.000000000
0.000000000 0.000000000
0.000000000 0.000000000
0.000000000 0.000000000
0.000000000 1.000000000
0.000000000 -1.000000000
0.000000000 0.000000000
0.000000000 0.000000000
0.000000000 0.000000000
0.000000000 8.000000000
0.000000000 0.000000000
0.000000000 0.000000000
0.000000000 -3.000000000
0.000000000 0.000000000
0.430323614 1.000000000
0.000000000 0.000000000
0.000000000 0.000000000
0.000000000 -1.000000000
0.000000000 0.000000000
0.000000000 0.000000000
0.000000000 0.000000000
0.000000000 0.000000000
0.000000000 0.000000000
0.000000000 0.000000000
0.107580904 0.000000000
0.000000000 0.000000000
0.000000000 0.000000000
0.000000000 0.000000000
0.000000000 2.000000000
0.000000000 1.000000000
0.000000000 1.000000000
0.000000000 0.000000000
0.107580904 0.000000000
0.000000000 0.000000000
0.000000000 0.000000000
0.000000000 0.000000000
0.000000000 3.000000000
0.000000000 0.000000000
0.000000000 0.000000000
0.000000000 2.000000000
0.000000000 0.000000000
0.000000000 -3.000000000
0.000000000 2.000000000
0.000000000 2.000000000
0.000000000 -6.000000000
0.000000000 -9.000000000
0.000000000 1.000000000
0.000000000 0.000000000
0.000000000 0.000000000
0.000000000 2.000000000
0.000000000 0.000000000
0.000000000 0.000000000
0.000000000 0.000000000
0.000000000 -3.000000000
0.000000000 -1.000000000
0.000000000 0.000000000
0.000000000 0.000000000
0.000000000 0.000000000
0.000000000 2.000000000
0.000000000 0.000000000
-0.107580904 -6.000000000
0.000000000 3.000000000
0.000000000 0.000000000
0.000000000 0.000000000
0.000000000 -2.000000000
-0.107580904 -1.000000000
0.000000000 0.000000000
0.000000000 5.000000000
0.000000000 1.000000000
0.000000000 0.000000000
0.000000000 0.000000000
0.000000000 -1.000000000
0.000000000 0.000000000
0.000000000 0.000000000
0.537904518 3.000000000
0.000000000 -1.000000000
-0.322742711 0.000000000
0.000000000 0.000000000
0.000000000 -6.000000000
0.000000000 0.000000000
-0.645485421 0.000000000
0.000000000 -4.000000000
0.000000000 10.000000000
0.000000000 0.000000000
0.000000000 0.000000000
0.000000000 -2.000000000
0.000000000 0.000000000
0.000000000 -1.000000000
0.000000000 6.000000000
0.000000000 0.000000000
0.000000000 0.000000000
0.000000000 0.000000000
0.000000000 0.000000000
0.000000000 5.000000000
0.000000000 0.000000000
0.000000000 0.000000000
0.000000000 0.000000000
0.000000000 0.000000000
0.000000000 0.000000000
0.000000000 1.000000000
0.000000000 -1.000000000
0.000000000 0.000000000
0.000000000 3.000000000
0.000000000 0.000000000
0.000000000 0.000000000
0.000000000 0.000000000
0.000000000 4.000000000
0.000000000 0.000000000
0.000000000 0.000000000
0.000000000 0.000000000
0.430323614 0.000000000
0.000000000 0.000000000
0.968228132 0.000000000
0.000000000 0.000000000
0.000000000 -6.000000000
0.000000000 0.000000000
0.000000000 0.000000000
0.000000000 0.000000000
0.107580904 0.000000000
0.000000000 0.000000000
0.000000000 0.000000000
0.000000000 -3.000000000
0.000000000 0.000000000
0.000000000 0.000000000
0.000000000 0.000000000
0.000000000 1.000000000
0.000000000 -4.000000000
0.000000000 0.000000000
0.000000000 -3.000000000
48.3502766284
