0.000000000 0.000000000
0.000000000 0.000000000
0.000000000 -2.430353488
0.000000000 0.000000000
0.000000000 0.571725581
0.000000000 -0.143451163
0.000000000 0.000000000
0.000000000 0.000000000
0.000000000 -1.143451163
0.000000000 0.000000000
0.000000000 -3.856548837
0.000000000 0.000000000
0.028147407 3.721413953
0.000000000 0.000000000
0.000000000 8.143451163
0.000000000 2.713097674
0.000000000 0.000000000
0.000000000 0.000000000
0.000000000 0.000000000
-0.057337346 0.000000000
0.000000000 0.000000000
0.000000000 0.000000000
0.000000000 0.000000000
0.000000000 0.000000000
0.000000000 -2.286902326
0.000000000 0.000000000
0.000000000 0.000000000
0.000000000 0.000000000
0.000000000 0.000000000
0.000000000 1.000000000
0.000000000 0.000000000
0.486429160 1.577962791
0.000000000 0.000000000
0.000000000 0.000000000
0.000000000 2.143451163
0.000000000 0.000000000
0.000000000 0.000000000
0.000000000 0.000000000
0.000000000 0.000000000
0.366750786 5.058209302
0.000000000 0.000000000
0.000000000 0.000000000
0.000000000 0.000000000
0.000000000 0.000000000
0.000000000 0.000000000
0.000000000 0.000000000
0.000000000 0.000000000
0.000000000 0.000000000
0.000000000 2.856548837
0.000000000 0.000000000
0.000000000 0.000000000
0.000000000 0.000000000
0.000000000 3.141372093
0.000000000 0.000000000
0.000000000 0.000000000
0.000000000 -0.428274419
0.000000000 2.428274419
0.000000000 0.000000000
0.000000000 0.000000000
0.000000000 -0.428274419
0.000000000 0.000000000
0.000000000 0.000000000
0.000000000 -1.000000000
0.000000000 -2.143451163
0.000000000 -2.428274419
0.000000000 0.000000000
0.000000000 -2.284823256
0.000000000 0.000000000
0.000000000 0.000000000
0.000000000 0.000000000
0.000000000 0.000000000
0.000000000 0.000000000
0.000000000 0.000000000
0.000000000 0.000000000
0.014386463 1.143451163
0.000000000 2.000000000
0.000000000 0.000000000
0.000000000 0.000000000
0.000000000 0.000000000
0.000000000 -0.571725581
0.000000000 0.000000000
0.000000000 0.000000000
0.000000000 5.715176744
0.000000000 0.000000000
0.000000000 0.000000000
-0.117385272 -0.972972093
0.000000000 0.000000000
0.000000000 0.000000000
0.000000000 0.000000000
0.000000000 0.000000000
0.000000000 0.571725581
0.000000000 0.000000000
0.000000000 0.000000000
0.000000000 0.000000000
0.000000000 0.428274419
0.000000000 0.000000000
0.000000000 0.000000000
0.000000000 -0.571725581
0.000000000 0.000000000
0.000000000 -2.000000000
0.000000000 -1.000000000
0.000000000 1.571725581
0.000000000 0.000000000
0.000000000 0.000000000
0.000000000 0.000000000
0.000000000 0.000000000
0.000000000 -4.000000000
0.000000000 0.000000000
0.000000000 0.000000000
0.000000000 0.000000000
0.000000000 0.000000000
0.000000000 0.000000000
0.000000000 0.000000000
0.000000000 0.000000000
0.000000000 0.000000000
0.042950883 0.000000000
0.000000000 0.000000000
0.000000000 0.000000000
0.000000000 0.000000000
0.000000000 0.000000000
0.000000000 0.000000000
0.000000000 2.571725581
0.000000000 0.000000000
0.000000000 0.000000000
0.000000000 0.000000000
0.000000000 0.000000000
-0.078187035 -5.792102326
0.000000000 0.000000000
0.000000000 0.000000000
0.000000000 2.143451163
0.000000000 0.000000000
-0.200576457 0.000000000
0.000000000 0.000000000
0.000000000 0.000000000
0.000000000 0.000000000
0.000000000 -0.571725581
0.000000000 0.000000000
0.000000000 0.000000000
0.000000000 0.000000000
0.000000000 0.000000000
0.000000000 0.000000000
0.000000000 0.000000000
0.000000000 0.000000000
0.000000000 0.000000000
0.000000000 0.000000000
0.000000000 2.000000000
0.000000000 0.000000000
0.000000000 0.000000000
0.000000000 0.000000000
0.000000000 0.000000000
0.000000000 0.000000000
0.000000000 3.715176744
0.000000000 0.000000000
0.000000000 1.430353488
0.000000000 0.000000000
0.000000000 0.000000000
0.000000000 0.000000000
0.000000000 0.000000000
0.000000000 0.000000000
0.000000000 0.000000000
0.000000000 0.000000000
0.000000000 0.000000000
0.000000000 0.000000000
0.000000000 0.000000000
0.000000000 0.000000000
0.000000000 3.430353488
0.000000000 0.000000000
0.272300265 0.000000000
0.000000000 0.000000000
0.000000000 0.000000000
0.000000000 0.000000000
0.000000000 0.000000000
0.000000000 0.000000000
0.000000000 -4.000000000
0.000000000 0.000000000
0.000000000 -0.428274419
0.000000000 0.000000000
0.000000000 0.000000000
0.000000000 0.000000000
0.000000000 0.000000000
0.000000000 0.000000000
0.000000000 1.282744186
0.000000000 0.000000000
0.000000000 0.000000000
0.000000000 0.000000000
0.000000000 -1.286902326
0.000000000 0.000000000
-0.343815568 0.000000000
0.000000000 0.000000000
0.000000000 0.000000000
0.000000000 0.000000000
0.000000000 0.000000000
0.000000000 -1.000000000
0.000000000 0.000000000
0.000000000 0.000000000
0.000000000 0.000000000
0.000000000 0.000000000
0.000000000 0.000000000
0.000000000 0.000000000
0.000000000 -0.571725581
0.000000000 0.000000000
0.000000000 0.000000000
0.000000000 -2.000000000
0.000000000 0.000000000
0.000000000 0.000000000
0.000000000 -0.856548837
0.000000000 0.000000000
0.000000000 0.000000000
0.000000000 0.000000000
0.000000000 1.717255814
0.000000000 0.856548837
0.000000000 0.000000000
0.000000000 -3.000000000
0.000000000 0.000000000
0.000000000 0.000000000
0.000000000 0.000000000
0.000000000 5.145530233
0.000000000 0.000000000
0.000000000 3.284823256
0.000000000 -0.428274419
0.000000000 -2.430353488
-0.114674691 0.000000000
0.000000000 0.000000000
0.000000000 1.000000000
0.000000000 -4.000000000
0.000000000 0.000000000
0.000000000 0.000000000
0.000000000 0.000000000
0.000000000 3.141372093
-0.143447617 0.000000000
0.000000000 1.856548837
0.000000000 0.000000000
-0.015220488 -1.561330233
0.000000000 0.571725581
0.000000000 0.000000000
0.000000000 0.000000000
0.000000000 0.000000000
0.000000000 0.000000000
0.000000000 -1.571725581
0.000000000 0.000000000
-0.012718413 -0.729730233
0.000000000 0.428274419
0.000000000 -2.000000000
0.000000000 0.000000000
0.000000000 0.000000000
0.000000000 0.000000000
0.000000000 0.000000000
0.000000000 0.000000000
0.000000000 1.571725581
0.000000000 -1.143451163
0.000000000 0.000000000
0.000000000 0.000000000
0.000000000 0.000000000
0.000000000 0.000000000
0.000000000 7.284823256
0.000000000 0.000000000
-0.229349383 0.000000000
-0.200576457 0.000000000
0.000000000 -1.000000000
0.000000000 9.428274419
0.000000000 0.000000000
0.000000000 0.000000000
0.000000000 0.571725581
0.000000000 0.000000000
0.000000000 -1.000000000
0.000000000 0.571725581
0.000000000 0.000000000
0.000000000 0.000000000
0.000000000 0.000000000
0.000000000 0.000000000
0.000000000 0.000000000
0.000000000 0.000000000
0.257705296 0.000000000
0.000000000 0.000000000
0.000000000 0.000000000
0.000000000 0.000000000
0.000000000 0.143451163
0.000000000 -1.000000000
0.000000000 0.000000000
0.000000000 0.000000000
0.000000000 0.000000000
0.000000000 5.856548837
0.000000000 0.000000000
0.000000000 -2.000000000
0.000000000 0.000000000
0.000000000 0.000000000
0.000000000 0.000000000
0.000000000 0.000000000
0.000000000 0.000000000
0.000000000 0.000000000
0.000000000 -1.858627907
0.000000000 0.569646512
0.000000000 0.000000000
0.000000000 0.000000000
0.000000000 0.000000000
0.000000000 1.141372093
0.006046680 1.367981395
-0.100288228 0.000000000
0.000000000 0.000000000
0.405323038 3.530144186
0.000000000 0.000000000
0.000000000 0.000000000
0.000000000 0.000000000
0.000000000 1.143451163
0.000000000 0.000000000
0.000000000 -0.571725581
0.000000000 1.715176744
0.000000000 0.000000000
0.000000000 0.000000000
0.000000000 4.286902326
0.000000000 -0.428274419
0.000000000 -2.715176744
0.000000000 0.000000000
0.000000000 0.000000000
0.000000000 0.000000000
0.000000000 0.000000000
0.000000000 1.428274419
0.000000000 0.000000000
0.000000000 0.000000000
0.000000000 0.000000000
0.000000000 0.000000000
0.000000000 0.000000000
0.000000000 0.000000000
0.000000000 0.000000000
0.000000000 0.000000000
0.000000000 0.000000000
0.000000000 0.000000000
0.000000000 0.000000000
0.000000000 0.000000000
0.000000000 -1.143451163
0.000834025 2.419958140
0.000000000 0.000000000
0.000000000 3.715176744
0.000000000 0.000000000
0.000000000 0.000000000
0.000000000 -9.000000000
0.000000000 0.000000000
0.000000000 0.571725581
0.000000000 0.000000000
0.000000000 0.000000000
0.000000000 1.434511628
0.000000000 -0.143451163
0.143238645 5.571730233
0.000000000 0.000000000
0.000000000 0.000000000
0.000000000 0.000000000
0.000000000 -2.571725581
0.327761055 1.303534884
0.000000000 -0.571725581
0.000000000 -0.284823256
0.000000000 -3.856548837
0.000000000 0.000000000
-0.042950883 0.000000000
0.293149955 4.507279070
0.000000000 0.000000000
-0.128852648 -0.000000000
0.000000000 0.000000000
0.000000000 0.000000000
0.000000000 0.000000000
0.000000000 0.000000000
0.000000000 -3.143451163
-0.143239111 0.000000000
0.000000000 0.000000000
0.000000000 -3.000000000
0.000000000 -0.428274419
0.000000000 0.000000000
0.000000000 0.000000000
-0.085901765 -0.000000000
0.000000000 0.000000000
0.000000000 -0.428274419
0.000000000 0.000000000
0.000000000 -0.428274419
0.000000000 0.000000000
0.000000000 0.000000000
0.000000000 0.000000000
0.000000000 0.000000000
0.000000000 0.000000000
0.000000000 0.571725581
0.000000000 0.000000000
0.000000000 0.000000000
0.000000000 0.000000000
0.000000000 0.000000000
0.000000000 0.000000000
0.000000000 -1.000000000
0.000000000 0.000000000
0.000000000 0.000000000
0.000000000 0.000000000
0.000000000 0.000000000
0.000000000 0.000000000
0.000000000 0.000000000
0.000000000 0.000000000
0.000000000 0.000000000
-0.015220488 -1.848232558
0.000000000 0.000000000
0.000000000 0.000000000
0.000000000 0.000000000
0.000000000 0.000000000
0.000000000 0.000000000
0.000000000 0.000000000
0.000000000 0.000000000
0.000000000 -5.000000000
0.000000000 0.000000000
0.000000000 0.000000000
0.000000000 0.000000000
0.000000000 0.000000000
0.000000000 0.000000000
-0.100705241 -1.139293023
0.000000000 0.000000000
0.000000000 0.000000000
0.000000000 -1.000000000
0.000000000 8.143451163
0.000000000 2.286902326
0.000000000 0.000000000
0.000000000 0.000000000
0.114466185 0.000000000
0.000000000 0.000000000
0.000000000 0.000000000
0.000000000 0.000000000
0.000000000 6.428274419
0.000000000 0.000000000
0.000000000 0.428274419
0.000000000 0.000000000
0.000000000 0.000000000
0.000000000 0.000000000
0.000000000 0.000000000
0.000000000 0.000000000
0.000000000 0.000000000
0.000000000 1.000000000
0.000000000 0.000000000
0.000000000 0.000000000
0.000000000 0.000000000
0.000000000 -2.428274419
0.000000000 0.000000000
-0.802305827 0.000000000
0.000000000 4.573804651
0.200576457 0.000000000
0.000000000 0.000000000
0.000000000 0.000000000
0.000000000 0.000000000
0.000000000 0.000000000
-0.171803531 -0.000000000
0.000000000 0.000000000
0.000000000 0.000000000
0.000000000 0.000000000
0.000000000 0.000000000
0.000000000 0.000000000
0.000000000 0.000000000
0.000000000 0.284823256
0.000000000 0.000000000
0.000000000 0.428274419
0.000000000 0.000000000
0.000000000 0.000000000
0.000000000 0.000000000
0.000000000 0.000000000
0.000000000 -4.284823256
0.000000000 0.000000000
0.000000000 0.000000000
0.000000000 0.000000000
0.000000000 -0.428274419
0.000000000 -0.571725581
0.000000000 0.000000000
0.000000000 0.000000000
0.000000000 0.000000000
0.000000000 0.000000000
0.000000000 0.000000000
0.000000000 0.000000000
0.000000000 4.002079070
0.000000000 0.000000000
-0.778953596 -1.232851163
-0.042950883 0.000000000
0.000000000 0.000000000
0.000000000 0.000000000
0.000000000 4.000000000
0.000000000 0.000000000
0.000000000 2.428274419
0.000000000 -3.286902326
0.000000000 1.286902326
0.000000000 0.000000000
0.000000000 0.000000000
0.000000000 0.000000000
-0.128852648 0.000000000
0.000000000 0.000000000
0.000000000 0.000000000
0.000000000 -0.571725581
0.000000000 0.000000000
0.000000000 0.000000000
0.000000000 0.000000000
0.000000000 0.000000000
0.000000000 0.000000000
0.000000000 0.000000000
0.000000000 0.000000000
0.000000000 0.000000000
0.000000000 0.571725581
0.000000000 0.000000000
0.000000000 8.000000000
0.000000000 0.000000000
0.000000000 -0.571725581
0.000000000 0.000000000
0.000000000 2.858627907
0.000000000 0.000000000
0.000000000 0.000000000
0.000000000 0.000000000
0.000000000 0.000000000
0.000000000 2.000000000
0.000000000 0.000000000
0.000000000 0.000000000
0.000000000 1.000000000
0.000000000 4.571725581
0.000000000 -0.571725581
0.000000000 0.000000000
0.000000000 0.143451163
0.000000000 0.000000000
0.000000000 0.000000000
-0.128852648 -0.000000000
0.000000000 0.000000000
0.000000000 -0.141372093
0.000000000 0.000000000
0.000000000 0.000000000
0.000000000 0.000000000
0.000000000 0.000000000
0.000000000 0.000000000
0.000000000 0.000000000
0.000000000 0.000000000
0.000000000 4.571725581
0.000000000 0.000000000
0.000000000 0.000000000
0.000000000 0.000000000
0.000000000 0.000000000
0.000000000 -0.428274419
0.028147407 7.719334884
0.000000000 0.000000000
0.000000000 0.000000000
0.000000000 0.000000000
0.000000000 5.000000000
0.000000000 4.428274419
0.000000000 0.000000000
0.000000000 0.000000000
0.000000000 0.000000000
0.000000000 -2.713097674
0.014386463 0.000000000
0.000000000 -0.571725581
-0.057337346 0.000000000
0.000000000 0.000000000
0.000000000 0.000000000
0.000000000 0.000000000
0.000000000 -1.143451163
0.000000000 0.000000000
0.000000000 -2.858627907
0.000000000 0.000000000
0.000000000 -0.571725581
0.000000000 0.000000000
0.000000000 0.000000000
0.000000000 0.000000000
0.000000000 0.717255814
0.000000000 0.000000000
-0.128852648 0.000000000
0.000000000 6.145530233
0.000000000 -0.856548837
0.000000000 -0.286902326
0.000000000 0.000000000
0.000000000 -1.428274419
0.000000000 2.997920930
0.000000000 0.000000000
0.000000000 0.000000000
0.000000000 0.000000000
0.000000000 0.000000000
0.000000000 -0.571725581
0.000000000 0.000000000
0.000000000 0.000000000
0.000000000 0.000000000
0.000000000 0.000000000
0.000000000 0.000000000
0.000000000 0.000000000
0.000000000 0.000000000
0.000000000 -2.000000000
0.000000000 0.000000000
0.000000000 -4.713097674
0.000000000 1.428274419
0.000000000 0.000000000
0.000000000 -2.715176744
0.000000000 0.000000000
0.000000000 0.000000000
0.000000000 2.000000000
0.000000000 0.000000000
0.000000000 0.000000000
0.000000000 -2.286902326
0.000000000 0.000000000
-0.401361420 0.000000000
0.000000000 0.000000000
0.000000000 0.000000000
0.000000000 0.143451163
0.000000000 0.000000000
0.000000000 0.000000000
0.000000000 0.000000000
0.458490259 0.000000000
0.000000000 -0.571725581
0.000000000 0.000000000
0.000000000 0.143451163
0.000000000 0.000000000
0.702017599 0.000000000
0.000000000 1.000000000
0.000000000 0.000000000
0.000000000 0.000000000
0.051082625 1.918916279
-0.214754413 0.000000000
0.000000000 0.000000000
0.000000000 0.000000000
0.000000000 0.000000000
0.000000000 0.000000000
0.000000000 0.000000000
0.000000000 0.000000000
0.000000000 0.000000000
0.000000000 0.000000000
0.000000000 0.000000000
0.000000000 0.000000000
0.000000000 0.000000000
0.000000000 0.856548837
0.000000000 0.000000000
0.000000000 0.000000000
0.000000000 0.000000000
0.000000000 0.000000000
0.000000000 0.000000000
0.000000000 0.000000000
0.000000000 0.000000000
0.000000000 3.000000000
0.000000000 0.000000000
0.000000000 0.000000000
0.000000000 0.000000000
0.000000000 0.000000000
0.000000000 -0.143451163
-0.200784963 0.000000000
0.000000000 0.000000000
-0.100913747 -1.565488372
0.000000000 0.000000000
0.000000000 0.000000000
0.000000000 0.000000000
0.000000000 0.000000000
0.000000000 0.000000000
0.701183574 2.008316279
0.000000000 0.000000000
0.000000000 0.000000000
0.000000000 0.000000000
0.000000000 0.000000000
0.000000000 -3.282744186
0.000000000 0.856548837
0.000000000 -1.571725581
0.000000000 0.000000000
0.000000000 1.000000000
0.000000000 0.000000000
0.000000000 0.000000000
0.000000000 0.573804651
0.000000000 -0.571725581
0.000000000 0.000000000
0.000000000 0.000000000
0.000000000 0.000000000
0.000000000 -0.571725581
0.000000000 0.000000000
0.000000000 0.000000000
0.000000000 6.000000000
0.000000000 0.000000000
0.000000000 -1.143451163
0.000000000 1.143451163
-0.085901765 0.000000000
0.000000000 0.000000000
-0.200576457 0.000000000
0.000000000 -1.428274419
0.000000000 -1.428274419
0.000000000 0.571725581
0.000000000 0.000000000
0.000000000 0.000000000
0.000000000 -0.571725581
0.000000000 2.143451163
0.000000000 2.858627907
0.000000000 0.000000000
0.000000000 0.000000000
0.000000000 0.000000000
0.000000000 0.000000000
0.000000000 0.000000000
0.000000000 0.000000000
0.000000000 8.000000000
0.000000000 1.856548837
0.000000000 0.000000000
0.000000000 3.141372093
0.000000000 0.000000000
0.000000000 0.000000000
0.000000000 0.000000000
0.000000000 0.000000000
0.000000000 0.000000000
0.000000000 0.000000000
0.000000000 -1.858627907
0.000000000 0.000000000
0.000000000 -1.143451163
0.000000000 0.000000000
0.000000000 0.000000000
0.000000000 0.000000000
0.000000000 4.000000000
0.000000000 0.000000000
0.000000000 1.428274419
0.000000000 0.000000000
0.902594055 0.000000000
0.000000000 0.000000000
0.000000000 0.000000000
0.000000000 0.000000000
-0.272300265 0.000000000
0.000000000 0.000000000
0.000000000 0.000000000
0.000000000 0.000000000
0.000000000 0.000000000
0.000000000 3.428274419
0.000000000 0.000000000
0.000000000 0.000000000
0.000000000 0.000000000
0.000000000 -2.286902326
0.000000000 0.000000000
0.000000000 0.000000000
0.000000000 0.000000000
-0.000000000 -1.715176744
0.000000000 0.000000000
0.000000000 0.000000000
0.000000000 0.000000000
0.000000000 0.000000000
0.000000000 0.000000000
0.000000000 0.000000000
0.000000000 0.000000000
0.000000000 0.000000000
0.000000000 0.000000000
0.000000000 0.000000000
0.129686673 1.850311628
-0.343607062 0.000000000
-0.057337346 -0.000000000
0.000000000 0.000000000
0.000000000 0.000000000
0.000000000 0.000000000
0.000000000 0.000000000
0.000000000 0.000000000
0.000000000 3.000000000
0.000000000 1.000000000
0.000000000 0.000000000
0.014177957 0.000000000
0.000000000 0.000000000
0.000000000 -0.428274419
0.000000000 0.000000000
0.000000000 0.000000000
0.000000000 -0.717255814
0.000000000 -2.858627907
0.000000000 0.000000000
0.000000000 1.143451163
0.000000000 10.000000000
0.000000000 0.000000000
0.000000000 0.000000000
0.000000000 0.000000000
0.000000000 0.000000000
0.000000000 0.000000000
-0.014386463 0.000000000
0.000000000 0.000000000
0.000000000 0.000000000
0.000000000 -1.000000000
0.000000000 0.000000000
0.000000000 0.000000000
0.000000000 0.000000000
0.000000000 0.000000000
0.000000000 0.000000000
0.000000000 0.000000000
0.000000000 0.000000000
0.000000000 -2.284823256
0.000000000 0.000000000
0.000000000 0.000000000
0.000000000 0.000000000
0.000000000 0.000000000
0.000000000 0.000000000
0.100288228 0.000000000
0.000000000 0.000000000
0.000000000 -0.428274419
0.000000000 0.000000000
0.000000000 0.000000000
0.000000000 0.000000000
0.000000000 0.000000000
0.000000000 0.717255814
0.000000000 -1.715176744
0.000000000 0.000000000
0.000000000 0.141372093
0.000000000 0.000000000
-0.128852648 0.000000000
0.000000000 1.428274419
0.000000000 0.000000000
0.000000000 -0.571725581
0.000000000 0.000000000
0.000000000 0.000000000
0.000000000 0.000000000
0.000000000 0.000000000
0.000000000 0.000000000
0.000000000 -0.428274419
0.000000000 0.000000000
0.000000000 0.000000000
0.000000000 0.000000000
0.000000000 -1.000000000
0.000000000 -1.143451163
0.000000000 0.000000000
0.000000000 4.002079070
0.000000000 0.000000000
0.000000000 0.000000000
0.000000000 0.000000000
0.000000000 -3.143451163
0.000000000 0.000000000
0.000000000 0.000000000
0.000000000 0.000000000
0.000000000 0.000000000
0.000000000 0.000000000
0.000000000 0.000000000
0.000000000 -0.571725581
0.000000000 0.000000000
0.000000000 0.000000000
0.000000000 0.000000000
0.716404062 0.000000000
0.000000000 0.000000000
0.000000000 -0.428274419
0.013969451 5.862786047
0.000000000 1.000000000
0.000000000 0.000000000
0.000000000 1.000000000
0.000000000 1.713097674
-0.125308042 -0.178795349
0.000000000 0.000000000
0.000000000 0.000000000
0.000000000 0.000000000
0.000000000 0.000000000
0.000000000 -0.288981395
0.000000000 0.000000000
0.000000000 3.284823256
0.676997785 1.677753488
0.000000000 0.000000000
0.000000000 0.000000000
0.000000000 -0.571725581
0.071515302 0.000000000
0.000000000 0.000000000
0.000000000 2.000000000
0.157625574 0.000000000
0.000000000 0.000000000
0.000000000 -0.428274419
0.000000000 0.000000000
0.000000000 0.000000000
0.000000000 6.000000000
0.000000000 6.715176744
0.000000000 0.000000000
0.000000000 0.000000000
0.000000000 0.000000000
0.000000000 0.000000000
0.015220488 1.419958140
0.587342907 0.000000000
0.000000000 0.000000000
0.000000000 0.000000000
0.000000000 0.000000000
0.000000000 -5.000000000
0.000000000 0.000000000
0.000000000 0.000000000
0.000000000 0.000000000
0.000000000 0.000000000
0.000000000 0.000000000
0.000000000 0.000000000
0.000000000 -0.856548837
0.000000000 3.286902326
0.000000000 0.000000000
0.000000000 0.000000000
0.000000000 0.000000000
0.000000000 4.571725581
0.000000000 0.000000000
0.000000000 2.000000000
0.000000000 0.000000000
0.000000000 0.000000000
0.000000000 0.000000000
0.000000000 0.000000000
0.000000000 0.000000000
0.000000000 0.000000000
0.000000000 0.000000000
0.000000000 0.000000000
0.000000000 0.000000000
0.000000000 0.000000000
0.000000000 0.000000000
0.000000000 0.000000000
-0.128852648 0.000000000
0.000000000 0.000000000
0.000000000 0.000000000
1.002882284 0.000000000
0.000000000 0.000000000
0.000000000 0.000000000
0.000000000 0.000000000
0.000000000 0.000000000
0.000000000 -0.713097674
0.000000000 0.000000000
0.000000000 -1.284823256
0.000000000 0.000000000
0.000000000 -1.000000000
0.000000000 -0.428274419
0.000000000 0.000000000
0.000000000 0.000000000
0.000000000 0.000000000
0.000000000 0.000000000
0.000000000 0.000000000
0.000000000 0.000000000
0.100288228 0.000000000
0.000000000 0.000000000
0.000000000 1.000000000
0.000000000 0.571725581
0.000000000 0.000000000
0.000000000 -0.571725581
0.000000000 0.000000000
0.644471747 1.145530233
0.000000000 0.000000000
0.000000000 0.000000000
0.000000000 0.000000000
0.000000000 0.000000000
0.000000000 -2.143451163
0.128852648 3.000000000
0.000000000 0.000000000
0.000000000 0.000000000
0.000000000 -1.000000000
-0.300656179 0.000000000
0.000000000 0.000000000
0.000000000 0.000000000
0.000000000 0.000000000
0.000000000 0.000000000
0.000000000 0.000000000
0.000000000 0.000000000
0.000000000 0.000000000
0.000000000 0.000000000
0.000000000 0.000000000
0.000000000 -0.571725581
0.000000000 0.000000000
0.000000000 0.000000000
0.000000000 0.000000000
0.000000000 0.000000000
0.000000000 0.000000000
0.000000000 0.000000000
0.000000000 3.286902326
0.000000000 0.000000000
0.000000000 0.000000000
0.000000000 0.000000000
0.000000000 0.856548837
-0.134690356 -0.800418605
0.000000000 0.000000000
0.000000000 0.000000000
0.000000000 -0.856548837
0.000000000 1.000000000
0.000000000 0.000000000
0.000000000 -6.143451163
0.000000000 0.000000000
0.000000000 0.571725581
0.000000000 0.000000000
0.000000000 0.000000000
0.000000000 -0.428274419
0.000000000 0.000000000
0.000000000 0.000000000
0.000000000 0.000000000
0.000000000 1.000000000
0.000000000 0.000000000
0.000000000 0.000000000
-0.200576457 0.000000000
-0.046703995 -0.106027907
0.000000000 0.000000000
-0.171803531 0.000000000
0.000000000 9.000000000
0.000000000 0.000000000
0.000000000 -1.428274419
0.000000000 -2.000000000
0.000000000 7.141372093
0.000000000 -0.571725581
0.000000000 3.713097674
0.000000000 0.000000000
0.000000000 0.000000000
0.000000000 0.000000000
0.000000000 0.000000000
0.000000000 0.000000000
0.000000000 1.428274419
0.000000000 1.428274419
0.000000000 0.000000000
-0.057337346 -0.000000000
0.000000000 5.000000000
-0.286478222 -0.000000000
0.000000000 0.000000000
0.000000000 0.000000000
0.000000000 0.000000000
0.000000000 0.000000000
0.000000000 0.000000000
0.000000000 0.000000000
0.000000000 0.000000000
0.000000000 3.000000000
0.000000000 0.000000000
0.000000000 1.571725581
0.000000000 0.000000000
0.000000000 0.000000000
0.000000000 -4.143451163
0.000000000 -4.000000000
0.000000000 0.000000000
0.000000000 -0.713097674
0.000000000 0.000000000
0.000000000 0.000000000
0.000000000 0.000000000
0.000000000 0.000000000
0.000000000 0.000000000
0.000000000 1.856548837
0.000000000 0.000000000
0.000000000 0.000000000
0.000000000 0.000000000
0.000000000 0.000000000
0.000000000 0.000000000
0.000000000 0.000000000
0.000000000 0.000000000
0.000000000 -1.428274419
0.000000000 0.000000000
0.000000000 -4.715176744
0.000000000 2.715176744
0.000000000 0.000000000
0.000000000 -0.143451163
0.000000000 0.000000000
0.000000000 0.000000000
0.000000000 0.000000000
0.000000000 0.000000000
0.000000000 -1.000000000
0.000000000 0.000000000
-0.243527339 0.000000000
0.000000000 0.000000000
0.000000000 0.000000000
0.000000000 0.000000000
0.000000000 0.000000000
0.000000000 0.000000000
0.000000000 -2.713097674
0.000000000 0.000000000
0.000000000 0.000000000
0.000000000 0.000000000
0.000000000 0.000000000
0.000000000 1.000000000
0.000000000 1.428274419
0.000000000 0.000000000
0.000000000 0.000000000
0.000000000 3.000000000
0.000000000 -1.000000000
0.000000000 -0.571725581
0.000000000 0.000000000
0.000000000 0.000000000
0.000000000 -0.856548837
0.000000000 6.284823256
0.050456640 2.783786047
0.000000000 0.000000000
0.000000000 0.428274419
0.000000000 -2.000000000
0.000000000 0.000000000
0.000000000 0.000000000
0.000000000 0.000000000
0.000000000 0.000000000
0.019598652 4.091479070
0.000000000 -0.571725581
0.000000000 0.000000000
0.000000000 0.000000000
0.000000000 0.000000000
0.000000000 0.000000000
0.000000000 0.000000000
0.000000000 0.000000000
0.000000000 0.000000000
0.000000000 0.000000000
0.000000000 0.000000000
0.000000000 0.000000000
0.000000000 0.000000000
0.000000000 0.000000000
0.000000000 0.000000000
0.000000000 0.000000000
0.000000000 0.000000000
0.000000000 0.000000000
0.000000000 0.571725581
0.000000000 0.000000000
0.000000000 0.000000000
0.000000000 0.000000000
0.000000000 0.000000000
0.000000000 0.000000000
0.000000000 0.000000000
0.000000000 0.000000000
0.000000000 0.000000000
0.000000000 0.000000000
0.000000000 0.000000000
0.000000000 0.000000000
0.000000000 -3.430353488
0.000000000 0.000000000
0.000000000 0.000000000
0.000000000 0.000000000
0.000000000 0.000000000
0.000000000 0.000000000
0.000000000 0.000000000
0.000000000 0.000000000
0.000000000 0.000000000
0.000000000 0.000000000
0.000000000 0.000000000
0.000000000 0.000000000
0.000000000 0.000000000
0.000000000 -2.000000000
0.000000000 0.000000000
0.000000000 0.000000000
0.000000000 0.000000000
0.000000000 0.000000000
0.000000000 0.000000000
0.000000000 0.000000000
0.000000000 0.000000000
0.000000000 0.000000000
0.000000000 0.000000000
0.000000000 -3.428274419
0.000000000 0.000000000
0.000000000 5.571725581
0.000000000 0.000000000
0.000000000 0.000000000
0.000000000 0.000000000
0.000000000 0.000000000
0.000000000 0.000000000
0.000000000 0.000000000
0.000000000 0.000000000
0.000000000 0.000000000
0.000000000 0.000000000
0.329637611 0.000000000
0.000000000 0.000000000
0.000000000 0.000000000
0.000000000 0.000000000
0.000000000 1.713097674
0.000000000 0.000000000
0.000000000 0.000000000
0.000000000 -1.428274419
0.000000000 0.000000000
0.000000000 0.000000000
0.000000000 0.000000000
0.000000000 0.000000000
0.000000000 0.000000000
0.000000000 -0.571725581
0.000000000 0.000000000
0.000000000 6.143451163
0.000000000 0.000000000
0.000000000 0.000000000
0.000000000 0.000000000
0.000000000 0.000000000
0.000000000 0.000000000
0.000000000 0.000000000
0.000000000 3.571725581
0.000000000 0.000000000
0.000000000 0.000000000
0.000000000 0.000000000
0.000000000 0.000000000
0.000000000 0.000000000
0.000000000 -2.286902326
0.000000000 0.000000000
0.000000000 0.000000000
0.000000000 0.000000000
0.000000000 -7.000000000
-0.186398500 -0.000000000
0.000000000 0.000000000
0.000000000 2.715176744
0.000000000 0.000000000
0.000000000 -1.715176744
0.000000000 0.000000000
0.000000000 0.000000000
0.000000000 0.000000000
0.000000000 0.000000000
0.000000000 1.000000000
0.000000000 0.000000000
0.000000000 1.000000000
-0.171803531 0.000000000
0.000000000 0.000000000
0.000000000 0.000000000
0.000000000 0.000000000
0.000000000 0.000000000
0.000000000 -4.143451163
0.000000000 3.143451163
0.000000000 0.000000000
0.000000000 0.000000000
0.000000000 3.000000000
0.000000000 -0.571725581
0.000000000 0.000000000
0.000000000 0.286902326
0.000000000 0.000000000
-0.163463748 -0.370060465
0.000000000 -2.000000000
0.000000000 0.000000000
0.000000000 0.000000000
0.000000000 0.000000000
0.000000000 1.143451163
0.000000000 0.000000000
0.000000000 0.000000000
0.000000000 -1.143451163
0.000000000 0.000000000
0.000000000 -2.143451163
0.000000000 0.000000000
0.000000000 0.000000000
-0.329429105 0.000000000
0.000000000 0.000000000
0.000000000 0.000000000
0.000000000 0.000000000
0.000000000 0.000000000
-0.444312302 0.000000000
0.000000000 0.000000000
0.000000000 5.143451163
0.000000000 0.000000000
0.000000000 0.000000000
0.000000000 0.000000000
0.000000000 0.000000000
0.000000000 1.715176744
0.000000000 -1.143451163
0.000000000 0.000000000
0.000000000 1.571725581
0.000000000 2.573804651
0.000000000 0.000000000
0.000000000 0.000000000
0.000000000 -0.428274419
0.000000000 0.000000000
0.000000000 0.000000000
0.000000000 0.000000000
-0.006046680 -1.083158140
0.000000000 1.000000000
-0.601729370 0.000000000
0.000000000 0.000000000
0.000000000 1.428274419
0.000000000 0.000000000
0.000000000 0.000000000
0.959931401 0.000000000
0.000000000 0.000000000
0.000000000 -1.000000000
0.000000000 0.000000000
0.000000000 0.000000000
0.000000000 0.000000000
0.000000000 0.000000000
0.000000000 0.428274419
0.000000000 0.000000000
0.000000000 0.000000000
0.000000000 0.000000000
0.000000000 0.000000000
0.000000000 1.715176744
0.000000000 0.000000000
0.000000000 0.000000000
0.000000000 0.000000000
0.000000000 1.428274419
0.000000000 0.000000000
0.000000000 0.000000000
0.000000000 0.000000000
0.000000000 4.000000000
0.000000000 -3.571725581
0.000000000 0.000000000
0.000000000 0.000000000
0.000000000 0.000000000
0.000000000 0.000000000
0.000000000 0.000000000
0.000000000 0.000000000
0.000000000 -0.571725581
0.000000000 0.000000000
0.000000000 0.571725581
0.193278739 3.644493023
-0.200576457 0.000000000
0.000000000 -1.428274419
0.000000000 0.000000000
0.000000000 0.000000000
0.000000000 0.000000000
0.000000000 0.000000000
0.000000000 0.000000000
0.000000000 0.000000000
0.000000000 0.000000000
-0.186189994 0.000000000
0.000000000 0.000000000
0.000000000 0.000000000
0.000000000 0.000000000
-0.085901765 -0.000000000
0.000000000 0.000000000
0.000000000 -9.000000000
0.000000000 9.000000000
0.000000000 0.000000000
0.000000000 -1.143451163
0.000000000 0.000000000
0.000000000 0.000000000
0.000000000 0.000000000
0.000000000 0.000000000
0.000000000 -1.571725581
0.000000000 0.000000000
0.000000000 0.000000000
0.000000000 0.000000000
0.000000000 0.000000000
0.000000000 -1.000000000
0.000000000 0.000000000
0.000000000 0.143451163
0.000000000 0.000000000
0.057337346 0.000000000
0.000000000 0.000000000
0.000000000 4.713097674
0.000000000 -0.571725581
0.000000000 0.000000000
0.000000000 0.000000000
0.000000000 0.000000000
0.000000000 0.000000000
0.100288228 0.000000000
0.000000000 0.000000000
0.000000000 0.000000000
0.000000000 2.286902326
0.000000000 0.000000000
0.000000000 0.000000000
0.000000000 0.000000000
0.000000000 0.000000000
0.000000000 0.000000000
0.000000000 -9.000000000
0.000000000 0.000000000
0.000000000 0.000000000
0.000000000 -0.428274419
0.000000000 0.000000000
0.000000000 0.000000000
0.000000000 5.571725581
0.000000000 0.000000000
0.000000000 0.000000000
0.000000000 0.000000000
-0.200576457 0.000000000
0.000000000 0.000000000
0.199116913 2.873181395
0.000000000 0.000000000
0.000000000 0.000000000
0.000000000 0.000000000
0.000000000 0.000000000
0.000000000 -0.428274419
0.000000000 0.000000000
0.000000000 0.000000000
0.000000000 0.000000000
0.000000000 6.428274419
0.000000000 0.000000000
0.000000000 0.000000000
0.000000000 0.000000000
0.000000000 0.000000000
0.000000000 0.000000000
0.000000000 -1.000000000
0.000000000 -2.000000000
0.000000000 0.000000000
0.000000000 5.428274419
0.000000000 0.000000000
0.000000000 -0.286902326
0.000000000 0.428274419
0.000000000 0.000000000
0.000000000 -0.428274419
0.000000000 0.000000000
-0.042950883 -4.571725581
0.000000000 0.000000000
0.000000000 0.428274419
0.000000000 0.000000000
0.000000000 0.000000000
0.000000000 0.000000000
0.000000000 -2.000000000
0.000000000 4.571725581
0.000000000 0.000000000
0.000000000 0.000000000
0.000000000 0.000000000
0.000000000 -0.571725581
0.000000000 0.000000000
0.000000000 0.000000000
0.000000000 0.000000000
-0.014386463 0.000000000
0.000000000 0.000000000
0.000000000 0.000000000
0.000000000 0.000000000
0.000000000 0.000000000
0.000000000 0.000000000
0.100288228 0.000000000
0.000000000 0.000000000
0.000000000 0.000000000
0.000000000 3.856548837
0.000000000 0.000000000
0.000000000 0.000000000
0.000000000 0.000000000
0.000000000 0.000000000
0.000000000 0.000000000
0.000000000 0.000000000
0.000000000 0.000000000
0.000000000 0.000000000
0.000000000 0.000000000
0.000000000 0.000000000
0.000000000 0.000000000
0.000000000 0.000000000
0.000000000 0.000000000
0.000000000 0.000000000
0.000000000 0.000000000
0.000000000 0.000000000
0.000000000 0.000000000
0.000000000 0.000000000
0.000000000 -1.428274419
0.000000000 0.000000000
0.000000000 0.000000000
0.000000000 0.000000000
0.000000000 -0.571725581
0.000000000 -4.000000000
-0.085067741 -1.149688372
0.000000000 -0.571725581
0.000000000 0.000000000
0.000000000 -1.143451163
-0.114674691 0.000000000
0.042950883 0.000000000
0.000000000 0.000000000
0.000000000 -1.571725581
0.134273810 1.661120930
0.000000000 0.000000000
0.000000000 0.000000000
0.000000000 0.000000000
0.000000000 0.000000000
0.000000000 0.000000000
0.028772926 7.141372093
-0.042950883 0.000000000
0.000000000 0.000000000
0.000000000 0.000000000
0.000000000 1.428274419
0.000000000 0.000000000
0.000000000 0.000000000
0.000000000 0.000000000
0.000000000 0.000000000
0.000000000 0.000000000
0.000000000 0.000000000
0.000000000 0.000000000
0.000000000 -0.856548837
0.000000000 2.000000000
0.084025209 3.305613953
0.000000000 0.000000000
0.000000000 0.000000000
0.000000000 0.000000000
0.000000000 0.000000000
0.000000000 2.143451163
0.000000000 0.000000000
0.000000000 0.000000000
0.000000000 0.000000000
0.000000000 7.000000000
0.000000000 0.000000000
0.000000000 0.000000000
0.000000000 3.715176744
0.000000000 0.000000000
0.000000000 0.000000000
0.000000000 0.000000000
0.000000000 1.428274419
0.000000000 0.000000000
0.000000000 0.000000000
0.000000000 0.571725581
0.000000000 0.000000000
0.000000000 0.000000000
0.000000000 0.000000000
0.015220488 2.135134884
0.000000000 0.000000000
0.000000000 -3.858627907
0.000000000 0.000000000
0.000000000 0.000000000
0.000000000 0.000000000
0.000000000 1.000000000
0.000000000 0.000000000
0.000000000 -0.428274419
0.000000000 0.000000000
0.000000000 -2.000000000
0.000000000 0.571725581
0.000000000 2.000000000
0.000000000 0.000000000
0.000000000 1.000000000
0.100705241 2.995841860
0.000000000 0.000000000
0.000000000 0.000000000
0.000000000 0.000000000
0.000000000 1.428274419
0.000000000 1.428274419
0.000000000 0.000000000
0.001251037 1.559251163
0.000000000 0.000000000
0.000000000 0.000000000
0.000000000 0.000000000
-0.057337346 -0.000000000
0.015220488 1.848232558
0.000000000 0.000000000
0.000000000 0.000000000
0.000000000 1.856548837
0.000000000 0.000000000
0.000000000 0.000000000
0.000000000 0.000000000
0.000000000 0.000000000
0.000000000 0.000000000
0.000000000 -2.428274419
0.000000000 0.000000000
0.000000000 0.000000000
-0.114674691 -0.000000000
0.000000000 0.000000000
-0.171803531 0.000000000
0.000000000 -6.430353488
0.000000000 0.000000000
0.000000000 5.713097674
0.000000000 0.000000000
0.000000000 0.000000000
0.000000000 0.000000000
0.000000000 0.000000000
0.000000000 0.000000000
0.000000000 0.000000000
0.000000000 0.000000000
0.000000000 -2.143451163
0.000000000 0.000000000
0.000000000 0.000000000
0.000000000 0.000000000
0.000000000 0.000000000
0.000000000 0.000000000
0.000000000 -0.571725581
0.000000000 0.000000000
0.000000000 0.000000000
0.000000000 0.000000000
0.000000000 0.000000000
0.000000000 0.000000000
0.000000000 0.000000000
0.000000000 0.000000000
0.000000000 2.428274419
0.000000000 -3.000000000
0.000000000 0.141372093
0.000000000 0.000000000
0.000000000 0.000000000
0.000000000 0.571725581
0.000000000 -1.000000000
0.000000000 0.000000000
0.000000000 0.000000000
0.000000000 0.000000000
0.000000000 0.000000000
0.000000000 0.000000000
0.000000000 0.000000000
0.000000000 0.000000000
0.000000000 0.000000000
0.000000000 3.000000000
0.000000000 -0.571725581
0.000000000 0.000000000
0.000000000 0.000000000
0.000000000 0.000000000
0.000000000 1.428274419
0.000000000 0.000000000
0.000000000 0.000000000
0.000000000 0.000000000
0.000000000 0.000000000
0.000000000 0.000000000
0.000000000 0.000000000
0.000000000 0.000000000
0.000000000 0.000000000
0.000000000 0.000000000
0.000000000 0.000000000
0.000000000 0.000000000
0.000000000 0.000000000
0.000000000 0.000000000
0.000000000 0.000000000
0.000000000 0.000000000
0.000000000 0.000000000
0.000000000 0.000000000
0.000000000 0.000000000
0.000000000 0.000000000
0.000000000 0.000000000
0.000000000 0.000000000
-0.028564420 0.000000000
0.000000000 0.000000000
0.000000000 0.000000000
0.000000000 -3.000000000
0.000000000 -5.573804651
0.000000000 0.000000000
0.000000000 0.000000000
0.000000000 -1.000000000
0.000000000 1.284823256
0.000000000 0.000000000
0.000000000 -2.143451163
-0.386974957 0.000000000
0.000000000 0.000000000
0.000000000 0.000000000
0.000000000 1.143451163
0.000000000 -5.715176744
-0.057337346 0.000000000
0.000000000 0.000000000
0.000000000 -0.428274419
0.000000000 0.000000000
0.000000000 0.000000000
0.000000000 0.000000000
0.000000000 1.000000000
0.000000000 0.000000000
0.000000000 -0.856548837
0.000000000 -1.428274419
0.000000000 0.000000000
0.000000000 0.000000000
0.000000000 -5.000000000
0.000000000 0.000000000
0.000000000 0.000000000
0.000000000 -3.430353488
0.000000000 0.000000000
0.000000000 0.000000000
0.000000000 0.000000000
0.000000000 0.000000000
0.000000000 0.000000000
0.000000000 0.000000000
0.000000000 0.000000000
0.000000000 0.000000000
0.000000000 0.000000000
0.000000000 0.000000000
0.000000000 0.000000000
0.000000000 0.000000000
0.000000000 1.284823256
0.000000000 0.000000000
0.000000000 4.000000000
0.000000000 0.000000000
0.000000000 0.000000000
0.000000000 0.000000000
0.000000000 0.000000000
0.057337346 0.428274419
0.000000000 0.000000000
0.000000000 0.000000000
0.000000000 0.000000000
0.000000000 7.000000000
0.000000000 0.000000000
0.000000000 3.000000000
0.000000000 0.000000000
0.000000000 0.000000000
0.000000000 0.000000000
0.000000000 0.000000000
0.000000000 0.000000000
0.000000000 -0.428274419
0.000000000 0.000000000
0.000000000 0.000000000
0.000000000 0.000000000
0.000000000 0.000000000
0.000000000 0.000000000
0.000000000 0.000000000
-0.085901765 -0.000000000
0.000000000 0.000000000
0.000000000 0.000000000
0.000000000 0.000000000
0.000000000 0.000000000
0.000000000 0.000000000
0.000000000 0.000000000
0.000000000 0.000000000
0.300864685 0.000000000
0.000000000 0.000000000
0.000000000 0.571725581
0.000000000 0.000000000
0.000000000 -1.000000000
0.000000000 0.000000000
0.000000000 0.000000000
-0.143239111 0.000000000
0.000000000 0.000000000
0.000000000 0.000000000
0.000000000 0.000000000
0.000000000 0.000000000
0.000000000 0.000000000
0.000000000 2.000000000
0.182019869 1.898130233
0.000000000 0.711018605
0.000000000 0.000000000
0.000000000 0.000000000
0.000000000 0.143451163
0.000000000 0.428274419
0.000000000 0.000000000
0.000000000 -2.143451163
0.000000000 0.000000000
0.000000000 0.000000000
0.000000000 0.000000000
0.000000000 0.000000000
0.000000000 0.000000000
0.000000000 0.000000000
0.000000000 0.000000000
0.141779568 2.160083721
0.000000000 -2.569646512
0.000000000 0.428274419
0.000000000 0.000000000
0.000000000 5.286902326
0.000000000 0.000000000
0.000000000 0.000000000
0.000000000 0.000000000
0.000000000 -0.571725581
0.000000000 0.000000000
0.000000000 0.000000000
0.000000000 0.000000000
0.000000000 0.000000000
0.000000000 0.000000000
0.000000000 0.000000000
0.000000000 0.860706977
0.000000000 0.000000000
0.000000000 -0.428274419
0.000000000 0.856548837
-0.100288228 0.000000000
0.000000000 0.000000000
0.000000000 0.000000000
0.000000000 0.000000000
0.000000000 0.000000000
0.000000000 0.000000000
0.000000000 0.000000000
0.000000000 0.000000000
0.000000000 -3.286902326
0.000000000 0.000000000
0.000000000 0.000000000
0.000000000 3.713097674
0.000000000 0.000000000
0.000000000 0.000000000
0.000000000 0.000000000
0.000000000 0.715176744
0.100288228 0.000000000
0.000000000 0.000000000
0.000000000 0.000000000
0.000000000 0.000000000
0.000000000 0.000000000
0.000000000 0.000000000
0.000000000 0.000000000
0.000000000 0.000000000
0.000000000 0.000000000
0.000000000 0.000000000
0.000000000 0.571725581
0.000000000 0.000000000
0.000000000 0.000000000
0.000000000 -2.571725581
0.000000000 2.286902326
0.000000000 2.000000000
0.000000000 0.000000000
0.000000000 1.571725581
0.000000000 0.000000000
0.000000000 0.000000000
-0.000834025 -2.135134884
0.000000000 -0.143451163
0.000000000 0.000000000
0.000000000 0.000000000
0.000000000 0.000000000
0.132396787 5.108111628
0.000000000 -3.571725581
0.000000000 -7.000000000
0.000000000 0.000000000
0.000000000 0.000000000
0.000000000 0.000000000
0.000000000 0.000000000
0.000000000 0.000000000
0.000000000 -1.000000000
0.000000000 0.000000000
0.000000000 0.000000000
0.000000000 0.000000000
0.000000000 0.000000000
0.000000000 0.000000000
0.000000000 0.000000000
0.000000000 -1.428274419
0.000000000 0.000000000
0.000000000 -1.428274419
0.000000000 0.000000000
0.000000000 0.000000000
0.000000000 0.143451163
0.000000000 0.000000000
0.000000000 0.000000000
0.171803531 0.000000000
0.000000000 0.000000000
0.000000000 -0.143451163
0.000000000 0.000000000
0.000000000 -0.428274419
0.000000000 0.428274419
0.000000000 0.000000000
0.000000000 0.000000000
0.000000000 0.000000000
0.000000000 4.571725581
0.000000000 0.000000000
0.000000000 -1.571725581
0.000000000 0.000000000
0.000000000 0.000000000
0.000000000 -0.143451163
0.000000000 0.000000000
0.000000000 0.000000000
0.000000000 0.000000000
0.000000000 0.000000000
0.000000000 0.000000000
0.515619099 0.000000000
0.000000000 0.000000000
0.000000000 0.000000000
0.000000000 -0.571725581
0.000000000 -2.858627907
0.000000000 0.000000000
0.000000000 0.000000000
0.000000000 0.000000000
0.000000000 0.000000000
0.000000000 0.000000000
0.000000000 1.428274419
0.000000000 0.143451163
0.000000000 0.000000000
0.000000000 0.000000000
0.000000000 0.000000000
0.000000000 2.000000000
0.000000000 0.000000000
0.000000000 -0.428274419
0.000000000 0.000000000
0.000000000 3.002079070
0.000000000 3.284823256
0.000000000 0.000000000
0.000000000 0.000000000
0.000000000 0.000000000
0.000000000 2.000000000
-0.329637611 -0.000000000
0.000000000 0.000000000
0.902594055 0.000000000
0.000000000 0.000000000
0.000000000 0.000000000
0.000000000 0.000000000
0.000000000 -0.571725581
0.000000000 0.000000000
0.000000000 0.428274419
0.000000000 0.000000000
0.000000000 -0.571725581
0.000000000 0.000000000
0.000000000 0.000000000
0.000000000 0.000000000
0.000000000 0.000000000
0.000000000 0.000000000
0.000000000 0.000000000
0.000000000 0.000000000
0.000000000 -2.571725581
0.000000000 0.000000000
0.000000000 0.000000000
0.000000000 0.000000000
0.000000000 0.000000000
0.000000000 -0.856548837
0.000000000 0.000000000
0.000000000 0.000000000
0.000000000 0.000000000
0.000000000 0.000000000
0.000000000 0.000000000
0.000000000 -1.284823256
0.000000000 0.000000000
-0.902594055 0.000000000
0.000000000 0.000000000
0.000000000 -1.428274419
0.000000000 0.000000000
0.000000000 0.000000000
0.000000000 0.000000000
0.000000000 0.000000000
0.000000000 0.000000000
0.000000000 -3.856548837
0.000000000 2.141372093
0.000000000 0.000000000
0.000000000 0.000000000
0.000000000 0.000000000
0.000000000 0.000000000
0.000000000 0.000000000
0.000000000 0.000000000
-0.014386463 0.000000000
0.000000000 0.000000000
0.229349383 0.000000000
-0.148660273 -3.519748837
0.000000000 0.000000000
0.000000000 0.000000000
0.000000000 0.000000000
0.000000000 0.000000000
0.000000000 0.000000000
0.000000000 0.428274419
-0.200576457 0.000000000
0.000000000 0.000000000
0.000000000 0.000000000
0.000000000 0.000000000
0.000000000 0.000000000
0.000000000 0.000000000
0.000000000 0.000000000
0.000000000 0.000000000
0.000000000 0.000000000
0.000000000 0.000000000
0.000000000 0.000000000
0.000000000 -5.428274419
0.000000000 0.000000000
0.000000000 0.000000000
0.000000000 2.000000000
-0.544392025 0.000000000
0.000000000 0.000000000
0.000000000 0.000000000
0.000000000 -3.002079070
0.000000000 0.000000000
0.000000000 2.715176744
0.000000000 0.000000000
0.000000000 0.000000000
-0.014386463 -2.428274419
0.415539376 0.000000000
0.000000000 0.000000000
0.000000000 0.000000000
0.000000000 0.000000000
0.000000000 3.571725581
0.000000000 0.713097674
0.000000000 2.143451163
0.000000000 0.000000000
0.000000000 0.000000000
0.588593945 0.130976744
0.000000000 -0.571725581
0.000000000 0.000000000
0.000000000 1.569646512
0.000000000 0.000000000
0.000000000 0.000000000
0.000000000 -4.000000000
0.000000000 0.000000000
0.014177957 0.000000000
0.000000000 0.000000000
0.000000000 -0.856548837
0.000000000 0.428274419
-0.051082625 -0.062367442
0.000000000 0.000000000
-0.042325364 -0.006237209
0.000000000 0.000000000
0.000000000 0.000000000
0.000000000 0.000000000
0.000000000 0.000000000
0.000000000 0.000000000
0.000000000 0.000000000
0.000000000 0.000000000
0.100288228 0.000000000
0.000000000 0.000000000
0.000000000 0.000000000
0.000000000 0.000000000
0.000000000 0.000000000
0.000000000 0.000000000
0.000000000 0.000000000
0.000000000 0.000000000
0.000000000 9.000000000
0.000000000 0.000000000
0.000000000 0.000000000
0.000000000 1.571725581
0.000000000 0.000000000
0.000000000 0.571725581
0.000000000 0.000000000
0.000000000 0.000000000
0.000000000 0.000000000
0.000000000 0.000000000
0.000000000 -0.571725581
0.000000000 0.000000000
0.000000000 0.000000000
0.501441142 0.000000000
0.000000000 4.002079070
0.000000000 0.000000000
-0.229349383 0.000000000
0.000000000 0.000000000
0.000000000 0.571725581
0.000000000 0.000000000
0.000000000 0.000000000
0.000000000 1.713097674
0.000000000 0.000000000
0.000000000 0.000000000
0.000000000 0.000000000
0.000000000 0.000000000
0.000000000 0.000000000
-0.071306796 -1.288981395
0.000000000 7.571725581
0.000000000 0.000000000
0.000000000 2.856548837
0.000000000 0.000000000
0.000000000 0.000000000
0.000000000 0.000000000
-0.200576457 -0.000000000
0.000000000 1.000000000
0.000000000 0.284823256
0.000000000 0.000000000
0.000000000 6.143451163
0.000000000 0.000000000
0.000000000 0.000000000
0.000000000 0.000000000
0.000000000 0.000000000
0.000000000 0.000000000
0.000000000 0.000000000
0.000000000 0.000000000
0.000000000 1.573804651
0.000000000 0.000000000
0.000000000 -1.571725581
0.000000000 0.000000000
0.000000000 0.000000000
0.000000000 0.000000000
0.000000000 4.428274419
0.000000000 0.000000000
0.000000000 0.000000000
0.000000000 0.000000000
0.000000000 0.000000000
0.000000000 0.000000000
0.000000000 0.000000000
0.000000000 0.000000000
0.000000000 0.000000000
-0.200784963 -0.000000000
0.000000000 0.000000000
0.028564420 5.715176744
0.000000000 4.000000000
0.000000000 0.143451163
0.000000000 0.000000000
0.000000000 0.000000000
0.000000000 0.000000000
0.000000000 0.000000000
0.085901765 0.000000000
-0.134273810 -0.661120930
0.000000000 0.000000000
0.000000000 0.000000000
0.000000000 0.000000000
0.000000000 0.000000000
0.000000000 0.000000000
0.000000000 0.000000000
0.000000000 0.000000000
0.000000000 0.000000000
0.000000000 0.000000000
0.000000000 0.000000000
0.000000000 0.000000000
0.000000000 0.000000000
0.000000000 -0.284823256
0.000000000 0.000000000
0.000000000 1.000000000
0.000000000 -0.571725581
0.000000000 -0.571725581
0.000000000 0.000000000
0.000000000 0.000000000
0.000000000 1.143451163
0.000000000 -2.571725581
0.000000000 0.000000000
0.000000000 0.000000000
0.000000000 0.000000000
0.000000000 0.000000000
0.000000000 0.000000000
0.000000000 0.000000000
0.000000000 0.000000000
0.000000000 3.571725581
0.000000000 0.000000000
0.000000000 -0.428274419
0.000000000 3.286902326
0.000000000 0.000000000
0.000000000 0.000000000
0.000000000 0.000000000
-0.343815568 0.000000000
0.000000000 0.000000000
0.000000000 0.000000000
0.013552438 1.008316279
0.300864685 0.000000000
0.000000000 0.000000000
0.000000000 -2.000000000
-0.401152913 0.000000000
0.000000000 0.000000000
0.000000000 0.000000000
0.000000000 0.000000000
0.000000000 0.000000000
0.184938956 0.440748837
0.000000000 0.000000000
0.000000000 0.000000000
0.000000000 1.143451163
0.000000000 -1.428274419
0.000000000 0.000000000
-0.186189994 0.000000000
0.000000000 -2.856548837
0.000000000 0.000000000
0.000000000 0.000000000
0.000000000 0.000000000
0.000000000 0.000000000
0.300864685 0.000000000
0.000000000 0.000000000
0.000000000 -0.571725581
0.000000000 -1.858627907
0.000000000 0.000000000
0.000000000 2.715176744
0.000000000 0.000000000
0.000000000 0.571725581
0.000000000 0.000000000
0.000000000 0.000000000
0.000000000 3.000000000
0.000000000 0.000000000
0.000000000 0.000000000
0.000000000 0.000000000
0.000000000 -0.571725581
0.000000000 0.000000000
0.000000000 0.000000000
0.000000000 0.000000000
0.000000000 -0.571725581
0.000000000 4.143451163
0.000000000 0.000000000
0.000000000 0.000000000
0.000000000 0.000000000
-0.000000000 -3.000000000
0.000000000 0.000000000
0.000000000 0.000000000
0.000000000 0.000000000
0.000000000 0.000000000
-0.041699845 -0.727651163
-0.057337346 0.000000000
0.000000000 1.713097674
0.000000000 0.000000000
0.000000000 0.000000000
-0.030023963 -1.987525581
0.000000000 0.000000000
0.000000000 0.000000000
0.000000000 0.000000000
0.000000000 0.000000000
0.000000000 3.430353488
0.000000000 0.000000000
0.000000000 0.000000000
0.000000000 -3.571725581
-0.143239111 0.000000000
0.000000000 0.000000000
0.000000000 0.000000000
0.000000000 0.000000000
0.000000000 0.000000000
0.000000000 9.000000000
0.000000000 3.428274419
0.000000000 0.000000000
0.000000000 3.000000000
0.000000000 0.000000000
0.000000000 0.000000000
0.000000000 0.000000000
0.000000000 0.000000000
0.000000000 0.000000000
0.000000000 0.000000000
0.000000000 0.000000000
0.000000000 0.000000000
0.000000000 0.000000000
0.000000000 -0.428274419
0.000000000 0.000000000
-0.042950883 0.000000000
0.000000000 0.000000000
0.000000000 0.000000000
0.000000000 0.000000000
0.000000000 0.000000000
0.000000000 0.000000000
0.000000000 0.000000000
0.000000000 0.000000000
0.000000000 0.000000000
0.000000000 -1.143451163
0.000000000 0.000000000
-0.071515302 -0.143451163
0.143239111 0.000000000
0.000000000 0.000000000
0.000000000 0.000000000
0.000000000 0.000000000
-0.100288228 0.000000000
0.000000000 0.000000000
0.000000000 0.000000000
0.000000000 0.000000000
0.000000000 -2.000000000
0.000000000 -0.428274419
0.000000000 0.000000000
0.000000000 -0.571725581
0.000000000 0.000000000
0.000000000 0.000000000
0.000000000 0.000000000
0.000000000 0.000000000
0.000000000 0.000000000
0.000000000 0.000000000
0.000000000 0.000000000
0.000000000 0.000000000
0.000000000 0.000000000
0.000000000 1.571725581
0.000000000 0.000000000
0.000000000 0.000000000
0.000000000 0.000000000
-0.042950883 0.000000000
0.000000000 0.000000000
0.000000000 -1.000000000
0.000000000 0.000000000
0.000000000 3.143451163
0.000000000 0.000000000
0.000000000 2.143451163
0.000000000 0.000000000
0.000000000 0.000000000
0.000000000 0.000000000
0.000000000 0.000000000
0.000000000 0.000000000
0.000000000 3.000000000
0.000000000 0.000000000
0.000000000 0.000000000
0.000000000 0.000000000
0.000000000 -2.143451163
0.000000000 0.000000000
0.000000000 1.000000000
0.000000000 0.000000000
0.000000000 -5.145530233
0.000000000 0.000000000
0.000000000 0.000000000
0.000000000 1.284823256
0.000000000 4.856548837
0.000000000 0.000000000
0.000000000 0.000000000
0.000000000 0.000000000
0.000000000 0.000000000
0.000000000 2.571725581
-0.031692013 -0.683990698
0.000000000 0.284823256
0.000000000 0.571725581
0.000000000 0.000000000
0.000000000 0.000000000
0.000000000 0.000000000
0.000208506 0.141372093
0.000000000 0.000000000
0.000000000 0.000000000
0.000000000 4.428274419
0.000000000 0.000000000
0.000000000 0.000000000
0.000000000 0.000000000
0.000000000 0.000000000
0.000000000 1.430353488
0.000000000 0.000000000
0.000000000 0.000000000
0.123222980 0.773390698
0.100288228 0.000000000
0.000000000 0.000000000
0.000000000 0.000000000
0.000000000 0.000000000
0.028355914 0.288981395
0.000000000 0.000000000
0.000000000 0.000000000
0.000000000 0.000000000
0.000000000 0.000000000
0.171803531 0.000000000
0.000000000 0.000000000
0.000000000 0.000000000
0.000000000 0.000000000
0.000000000 0.000000000
0.000000000 0.000000000
0.000000000 0.428274419
0.000000000 0.000000000
0.000000000 0.000000000
0.000000000 0.000000000
0.085901765 0.000000000
0.000000000 -5.428274419
0.000000000 1.430353488
0.000000000 0.000000000
0.000000000 0.000000000
0.000000000 0.000000000
0.000000000 0.000000000
0.000000000 0.000000000
0.000000000 0.000000000
0.000000000 4.000000000
0.000000000 -2.428274419
0.000000000 0.000000000
0.000000000 0.000000000
0.000000000 0.000000000
0.000000000 0.000000000
0.353406854 2.476088372
0.000000000 -3.143451163
0.000000000 0.000000000
0.902594055 0.000000000
0.000000000 0.000000000
0.000000000 9.000000000
0.830870247 0.286902326
0.000000000 0.000000000
0.000000000 1.286902326
0.000000000 0.000000000
0.000000000 0.000000000
-0.157625574 -0.000000000
0.200576457 0.000000000
0.000000000 0.000000000
0.000000000 0.000000000
0.000000000 3.143451163
0.000000000 0.000000000
0.000000000 0.000000000
0.000000000 0.000000000
0.000000000 0.000000000
0.000000000 0.000000000
0.109045023 0.912683721
0.000000000 0.000000000
0.000000000 0.000000000
0.000000000 -7.000000000
0.000000000 0.000000000
0.000000000 0.000000000
0.000000000 0.000000000
0.000000000 0.000000000
0.000000000 0.000000000
0.000000000 0.000000000
-0.057545852 0.000000000
0.000000000 0.000000000
0.000000000 0.000000000
0.000000000 5.143451163
0.000000000 0.000000000
0.000000000 0.000000000
0.000000000 0.000000000
0.000000000 0.000000000
0.487054679 1.143451163
0.000000000 0.000000000
0.000000000 0.000000000
0.000000000 0.000000000
0.000000000 0.000000000
0.000000000 0.000000000
0.000000000 0.143451163
0.000000000 0.000000000
0.000000000 0.000000000
0.000000000 0.000000000
0.114466185 4.858627907
0.000000000 -0.571725581
0.000000000 0.000000000
0.000000000 0.000000000
0.000000000 -10.000000000
0.000000000 0.000000000
0.000000000 7.856548837
0.000000000 0.000000000
0.000000000 0.000000000
0.000000000 0.000000000
0.000000000 0.000000000
0.000000000 0.000000000
0.000000000 0.000000000
0.000000000 0.000000000
0.000000000 0.000000000
0.000000000 0.000000000
0.000000000 0.000000000
0.000000000 0.000000000
0.000000000 2.000000000
0.000000000 0.000000000
0.100288228 0.000000000
0.000000000 -0.428274419
0.000000000 0.000000000
-0.042950883 0.000000000
0.000000000 0.000000000
-0.214754413 -0.000000000
0.000000000 0.000000000
0.000000000 0.000000000
0.000000000 0.000000000
0.000000000 0.000000000
0.000000000 0.000000000
-0.229140876 0.000000000
0.000000000 0.000000000
0.000000000 0.000000000
0.000000000 1.143451163
0.000000000 0.000000000
0.000000000 0.000000000
0.744968481 0.000000000
0.000000000 0.000000000
0.000000000 0.000000000
0.000000000 0.000000000
0.000000000 0.000000000
0.000000000 5.000000000
0.000000000 0.000000000
0.000000000 0.000000000
0.000000000 0.000000000
0.000000000 0.000000000
0.000000000 -2.000000000
0.000000000 0.428274419
0.000000000 -0.428274419
0.000000000 0.000000000
0.343815568 0.000000000
0.000000000 0.000000000
0.000000000 0.000000000
0.000000000 0.000000000
0.215171426 3.569646512
0.000000000 0.000000000
0.000000000 -1.571725581
0.000000000 0.000000000
0.000000000 0.000000000
0.000000000 1.715176744
0.000000000 -2.856548837
0.000000000 0.000000000
0.000000000 0.000000000
-0.171803531 0.000000000
0.000000000 0.000000000
0.000000000 -6.000000000
0.000000000 0.000000000
0.000000000 0.000000000
0.000000000 0.000000000
0.000000000 0.000000000
0.000000000 -7.000000000
0.100288228 0.000000000
0.000000000 0.000000000
0.000000000 0.000000000
0.000000000 0.000000000
0.000000000 0.000000000
0.000000000 0.000000000
0.000000000 0.000000000
0.000000000 -1.143451163
0.000000000 0.000000000
0.000000000 0.000000000
0.000000000 -0.143451163
0.000000000 0.000000000
0.000000000 0.000000000
0.000000000 4.143451163
0.000000000 0.000000000
0.000000000 -0.002079070
0.000000000 0.000000000
-0.128852648 0.000000000
0.000000000 0.000000000
0.000000000 0.000000000
0.000000000 0.000000000
0.000000000 0.000000000
0.000000000 0.000000000
0.000000000 0.000000000
0.000000000 0.000000000
0.000000000 -0.428274419
0.000000000 0.000000000
0.000000000 2.571725581
-0.456614170 -0.018706977
0.000000000 0.000000000
0.000000000 0.000000000
0.000000000 -2.000000000
0.000000000 0.000000000
0.000000000 0.000000000
0.000000000 0.000000000
0.000000000 0.000000000
0.000000000 -1.000000000
0.000000000 0.000000000
0.000000000 0.000000000
0.000000000 0.000000000
0.000000000 0.000000000
0.000000000 0.000000000
0.000000000 -0.428274419
0.000000000 -0.571725581
0.000000000 0.000000000
0.000000000 0.000000000
0.000000000 0.000000000
0.000000000 0.000000000
0.000000000 0.000000000
0.000000000 0.000000000
0.000000000 0.000000000
0.000000000 2.286902326
0.143239111 0.000000000
0.000000000 0.000000000
0.000000000 0.000000000
0.000000000 0.143451163
0.000000000 0.000000000
0.000000000 0.000000000
0.000000000 0.147609302
0.773324395 2.288981395
0.000000000 0.000000000
0.000000000 0.000000000
0.000000000 0.856548837
0.000000000 0.000000000
0.000000000 0.000000000
0.000000000 0.000000000
0.000000000 0.000000000
0.000000000 0.000000000
0.000000000 0.000000000
0.000000000 0.000000000
0.000000000 0.000000000
0.000000000 0.000000000
-0.164297307 -0.220376744
0.000000000 0.000000000
0.000000000 0.000000000
0.000000000 0.000000000
0.000000000 0.000000000
0.000000000 0.000000000
0.000000000 0.000000000
0.000000000 -0.571725581
0.000000000 0.000000000
0.000000000 0.000000000
0.000000000 0.000000000
0.000000000 0.000000000
0.000000000 1.430353488
0.000000000 0.000000000
0.000000000 0.000000000
0.000000000 0.000000000
0.000000000 0.000000000
0.000000000 4.717255814
0.000000000 -0.571725581
0.000000000 0.000000000
-0.100079722 -0.000000000
0.000000000 0.000000000
0.000000000 -0.571725581
0.000000000 0.000000000
0.000000000 0.000000000
0.000000000 0.000000000
-0.501441142 0.000000000
0.000000000 0.000000000
0.000000000 0.000000000
0.000000000 0.000000000
0.000000000 0.000000000
0.000000000 0.000000000
0.000000000 0.000000000
0.000000000 -0.571725581
0.000000000 0.000000000
0.000000000 -1.715176744
0.000000000 0.000000000
0.000000000 0.000000000
-0.042950883 0.000000000
-0.013552438 -1.293139535
0.000000000 0.000000000
0.000000000 0.000000000
0.000000000 -0.428274419
0.000000000 0.000000000
0.000000000 -0.571725581
0.000000000 0.000000000
0.000000000 0.000000000
0.000000000 0.000000000
0.000000000 -5.000000000
0.000000000 0.000000000
0.000000000 0.000000000
0.000000000 0.000000000
0.000000000 0.000000000
0.000000000 0.000000000
0.000000000 0.000000000
0.000000000 0.000000000
0.000000000 0.000000000
0.000000000 0.000000000
0.000000000 0.000000000
-0.015220488 -0.419958140
0.000000000 0.000000000
0.000000000 0.000000000
0.000000000 0.000000000
0.000000000 0.000000000
0.000000000 0.000000000
-0.057337346 -2.428274419
0.000000000 5.856548837
0.000000000 0.000000000
0.000000000 0.000000000
0.000000000 0.000000000
0.000000000 0.000000000
0.744968481 0.000000000
0.000000000 0.000000000
0.386557944 0.000000000
0.773741407 0.000000000
0.000000000 0.000000000
0.000000000 0.000000000
0.000000000 -3.430353488
0.000000000 0.000000000
0.000000000 0.571725581
0.000000000 0.000000000
0.000000000 0.000000000
0.000000000 0.000000000
0.000000000 0.000000000
-0.100288228 0.000000000
0.286478222 3.856548837
0.000000000 0.000000000
0.000000000 0.000000000
0.000000000 0.000000000
0.000000000 -0.571725581
0.000000000 0.000000000
0.000000000 0.000000000
0.000000000 0.000000000
0.000000000 -0.428274419
0.000000000 1.143451163
0.000000000 0.000000000
0.000000000 0.000000000
0.000000000 0.000000000
0.000000000 0.000000000
0.000000000 0.000000000
0.000000000 -1.856548837
-0.042950883 0.000000000
0.000000000 0.000000000
0.000000000 0.000000000
0.000000000 0.000000000
0.000000000 0.000000000
0.000000000 0.858627907
0.000000000 0.000000000
0.000000000 -1.715176744
0.000000000 -1.143451163
0.000000000 0.715176744
0.100288228 0.000000000
0.000000000 0.000000000
0.000000000 0.000000000
0.000000000 0.428274419
0.000000000 0.000000000
0.000000000 5.713097674
0.000000000 -0.428274419
0.000000000 0.000000000
0.000000000 0.000000000
0.000000000 -1.143451163
0.000000000 -0.571725581
0.170552493 1.014553488
0.000000000 0.000000000
0.000000000 0.000000000
0.000000000 4.002079070
0.000000000 0.000000000
0.000000000 1.002079070
0.000000000 0.000000000
-0.157625574 0.000000000
0.000000000 0.000000000
0.000000000 0.000000000
0.000000000 0.000000000
0.000000000 2.000000000
0.000000000 0.000000000
0.000000000 0.000000000
0.000000000 0.000000000
0.558569981 0.000000000
0.000000000 0.000000000
0.000000000 0.000000000
0.000000000 0.000000000
-0.098411672 -1.018711628
0.000000000 0.428274419
0.000000000 0.000000000
0.000000000 0.000000000
0.000000000 0.143451163
0.000000000 -1.000000000
0.000000000 0.000000000
0.000000000 0.000000000
0.000000000 -0.715176744
0.000000000 0.000000000
0.000000000 -0.571725581
0.000000000 0.000000000
0.000000000 0.000000000
0.000000000 0.000000000
0.000000000 0.571725581
0.000000000 0.713097674
-1.002882284 0.000000000
0.000000000 0.000000000
0.000000000 0.000000000
0.000000000 0.000000000
0.000000000 0.000000000
0.000000000 0.000000000
0.000000000 -0.571725581
0.000000000 0.000000000
0.000000000 0.000000000
0.000000000 0.856548837
0.000000000 0.000000000
0.000000000 2.571725581
0.000000000 0.000000000
0.000000000 0.000000000
0.000000000 0.000000000
0.000000000 0.000000000
0.000000000 0.000000000
0.000000000 0.000000000
0.000000000 0.000000000
-0.214754413 -3.858627907
0.000000000 0.000000000
0.000000000 0.000000000
-0.300864685 0.000000000
0.000000000 -0.571725581
0.000000000 0.000000000
0.000000000 0.000000000
0.000000000 0.428274419
0.000000000 0.000000000
0.000000000 -4.002079070
0.000000000 0.000000000
0.000000000 7.856548837
0.000000000 6.430353488
0.000000000 0.000000000
0.000000000 0.000000000
0.000000000 -0.571725581
0.000000000 0.000000000
-0.171803531 0.000000000
0.000000000 0.000000000
0.000000000 0.000000000
0.000000000 1.143451163
0.000000000 0.000000000
0.000000000 0.000000000
0.000000000 0.000000000
0.000000000 0.000000000
0.000000000 0.000000000
0.000000000 2.858627907
0.000000000 0.000000000
0.000000000 0.000000000
0.000000000 -4.000000000
0.257913802 0.000000000
0.000000000 0.000000000
0.000000000 0.000000000
0.000000000 0.000000000
0.000000000 -1.428274419
-0.057337346 0.000000000
0.000000000 0.000000000
0.000000000 0.000000000
-0.386766450 0.000000000
0.000000000 0.000000000
0.000000000 0.000000000
0.000000000 0.000000000
0.000000000 0.000000000
0.000000000 -1.715176744
0.000000000 0.000000000
0.000000000 0.000000000
0.000000000 -0.856548837
0.000000000 0.000000000
0.000000000 0.000000000
0.000000000 1.000000000
0.000000000 0.000000000
0.000000000 0.000000000
0.000000000 0.000000000
0.000000000 0.000000000
0.000000000 1.713097674
0.000000000 0.000000000
0.000000000 0.000000000
0.000000000 0.000000000
0.000000000 0.000000000
-0.000000000 -0.286902326
0.000000000 0.000000000
0.000000000 0.000000000
0.000000000 0.000000000
0.000000000 0.000000000
0.000000000 0.000000000
0.715987049 1.717255814
0.000000000 0.000000000
0.000000000 -0.571725581
0.000000000 0.000000000
0.000000000 0.000000000
0.000000000 -1.000000000
0.000000000 0.000000000
0.000000000 0.571725581
0.000000000 0.000000000
0.000000000 0.000000000
-0.028564420 -2.715176744
0.000000000 0.000000000
0.000000000 0.000000000
0.000000000 0.000000000
0.000000000 0.000000000
0.000000000 0.000000000
0.000000000 0.000000000
0.000000000 2.000000000
0.000000000 0.000000000
0.000000000 0.000000000
0.000000000 0.000000000
0.000000000 1.858627907
0.000000000 0.000000000
-0.000208506 -7.713097674
0.000000000 -3.143451163
0.000000000 -0.571725581
0.000000000 0.000000000
0.000000000 1.143451163
0.000000000 0.000000000
0.000000000 3.573804651
0.000000000 0.000000000
0.000000000 0.000000000
0.000000000 0.000000000
0.000000000 0.428274419
0.000000000 0.000000000
0.000000000 0.000000000
0.000000000 0.000000000
0.000000000 0.000000000
0.000000000 0.000000000
0.000000000 -0.571725581
0.000000000 -0.147609302
0.000000000 0.000000000
0.000000000 -4.000000000
0.000000000 0.000000000
0.000000000 0.000000000
0.000000000 0.000000000
0.000000000 0.000000000
0.458490259 0.000000000
0.000000000 0.000000000
0.000000000 0.000000000
0.000000000 0.000000000
0.000000000 0.000000000
0.000000000 -0.571725581
0.000000000 0.000000000
0.000000000 0.000000000
0.000000000 0.000000000
0.000000000 0.000000000
0.000000000 -0.571725581
0.000000000 0.000000000
0.000000000 0.000000000
0.000000000 0.000000000
0.000000000 0.000000000
0.000000000 -1.571725581
0.000000000 0.000000000
0.000000000 0.000000000
0.000000000 0.000000000
0.000000000 5.000000000
0.000000000 0.000000000
0.214962920 0.000000000
0.000000000 1.000000000
0.000000000 0.000000000
0.000000000 0.000000000
0.000000000 0.000000000
0.000000000 0.000000000
0.000000000 0.000000000
0.000000000 0.000000000
0.000000000 0.000000000
0.732875587 0.548855814
0.000000000 0.000000000
0.000000000 0.000000000
0.000000000 0.000000000
0.000000000 -1.571725581
0.000000000 -0.856548837
0.000000000 0.000000000
0.000000000 0.000000000
0.000000000 -0.856548837
0.000000000 0.000000000
0.000000000 9.571725581
0.000000000 0.000000000
0.000000000 0.000000000
0.000000000 0.000000000
0.000000000 0.000000000
0.000000000 -0.143451163
0.000000000 0.000000000
0.000000000 0.000000000
0.057337346 0.000000000
0.000000000 0.000000000
0.000000000 0.000000000
0.000000000 0.000000000
0.000000000 0.000000000
0.000000000 0.000000000
0.000000000 0.000000000
0.000000000 0.000000000
0.000000000 0.000000000
0.000000000 0.000000000
0.000000000 0.000000000
0.000000000 -2.000000000
0.529588549 1.291060465
0.000000000 0.000000000
0.000000000 0.000000000
0.000000000 -0.571725581
0.000000000 0.000000000
0.000000000 0.000000000
0.000000000 0.000000000
0.000000000 0.000000000
0.000000000 0.000000000
0.000000000 0.000000000
0.000000000 0.000000000
0.000000000 0.000000000
0.000000000 5.000000000
0.601729370 0.000000000
0.000000000 0.000000000
0.000000000 0.000000000
0.000000000 3.426195349
0.000000000 4.428274419
0.000000000 0.000000000
0.000000000 -0.856548837
0.000000000 0.000000000
0.000000000 -1.434511628
0.000000000 0.000000000
0.000000000 0.000000000
0.000000000 2.571725581
0.000000000 0.000000000
0.000000000 0.000000000
0.000000000 -1.000000000
0.000000000 0.000000000
0.000000000 0.000000000
0.000000000 3.286902326
0.000000000 0.000000000
0.000000000 0.000000000
0.000000000 1.856548837
0.000000000 -2.858627907
0.000000000 0.000000000
-0.272717278 0.000000000
0.000000000 0.000000000
0.000000000 0.000000000
0.000000000 -1.143451163
0.000000000 0.000000000
0.000000000 3.573804651
0.000000000 0.858627907
0.000000000 0.000000000
0.000000000 0.000000000
0.000000000 0.000000000
0.000000000 0.000000000
0.000000000 5.145530233
0.000000000 0.000000000
0.000000000 0.000000000
0.000000000 0.000000000
0.000000000 0.000000000
0.000000000 0.000000000
0.000000000 0.000000000
0.000000000 0.000000000
0.257913802 0.000000000
0.000000000 0.000000000
0.000000000 0.000000000
0.000000000 0.000000000
0.000000000 1.428274419
0.000000000 0.000000000
0.000000000 0.000000000
0.400735901 1.575883721
0.000000000 0.000000000
0.000000000 0.000000000
0.000000000 0.000000000
0.000000000 0.000000000
0.000000000 0.000000000
0.213294870 2.301455814
0.000000000 0.000000000
0.000000000 -1.286902326
0.000000000 0.000000000
0.000000000 0.000000000
0.000000000 0.000000000
0.000000000 0.000000000
0.000000000 0.000000000
0.000000000 0.000000000
0.000000000 -0.143451163
0.000000000 -1.571725581
0.000000000 0.000000000
0.000000000 0.000000000
0.000000000 0.000000000
0.000000000 0.000000000
0.000000000 0.000000000
0.000000000 0.000000000
-0.100288228 0.000000000
0.000000000 0.000000000
0.000000000 1.000000000
-0.000208506 -0.000000000
0.000000000 0.571725581
0.000000000 -0.571725581
0.000000000 0.000000000
0.000000000 0.000000000
0.000000000 -1.428274419
0.000000000 0.000000000
0.000000000 0.000000000
0.000000000 -0.428274419
0.071723809 4.284823256
0.028564420 2.858627907
0.000000000 0.000000000
0.000000000 -4.428274419
0.000000000 0.000000000
0.000000000 0.000000000
0.000000000 0.000000000
0.000000000 -0.284823256
0.000000000 0.000000000
0.000000000 -1.143451163
0.000000000 0.000000000
0.000000000 -2.286902326
0.000000000 2.571725581
0.000000000 -1.000000000
0.000000000 0.000000000
0.000000000 0.000000000
0.000000000 0.000000000
0.000000000 0.428274419
0.000000000 0.000000000
0.000000000 0.000000000
0.000000000 0.000000000
0.000000000 0.000000000
0.000000000 0.000000000
0.000000000 0.000000000
0.000000000 0.000000000
0.000000000 0.000000000
0.000000000 0.000000000
0.000000000 -1.000000000
0.000000000 0.000000000
0.000000000 0.000000000
0.000000000 -0.571725581
0.000000000 0.000000000
-0.042950883 0.000000000
0.000000000 0.000000000
0.000000000 0.856548837
0.000000000 0.000000000
0.000000000 -1.571725581
0.000000000 0.000000000
0.000000000 0.000000000
0.000000000 0.000000000
0.000000000 0.000000000
0.000000000 0.000000000
0.000000000 0.000000000
0.000000000 7.284823256
0.000000000 0.000000000
0.000000000 0.000000000
0.000000000 2.000000000
0.000000000 0.000000000
0.000000000 3.428274419
0.000000000 0.000000000
0.000000000 0.000000000
0.000000000 -2.000000000
0.000000000 2.000000000
0.000000000 0.000000000
0.000000000 -0.856548837
-0.014386463 0.000000000
0.000000000 0.000000000
0.000000000 0.000000000
0.000000000 0.000000000
0.000000000 0.000000000
0.000000000 0.000000000
0.000000000 0.000000000
0.000000000 0.000000000
0.000000000 0.000000000
0.000000000 0.000000000
0.000000000 0.000000000
0.000000000 0.000000000
0.000000000 -1.000000000
0.300656179 0.000000000
0.000000000 0.000000000
0.000000000 0.282744186
0.000000000 2.000000000
0.000000000 0.000000000
-0.000208506 -0.426195349
0.000000000 -1.430353488
0.000000000 2.141372093
0.000000000 0.000000000
0.000000000 0.000000000
0.000000000 0.000000000
0.000000000 -0.428274419
0.000000000 0.000000000
0.000000000 6.428274419
0.000000000 3.000000000
0.000000000 0.000000000
0.000000000 0.000000000
0.814190682 0.881493023
0.000000000 0.000000000
0.000000000 0.000000000
0.000000000 0.000000000
0.601729370 0.000000000
-0.057337346 0.000000000
0.000000000 0.000000000
0.000000000 0.000000000
0.000000000 0.000000000
0.000000000 0.000000000
0.000000000 1.858627907
0.000000000 0.000000000
0.000000000 0.000000000
0.000000000 0.000000000
0.000000000 0.000000000
0.000000000 0.000000000
0.000000000 0.000000000
0.000000000 0.000000000
0.000000000 0.000000000
0.000000000 0.571725581
0.000000000 -1.000000000
0.000000000 0.000000000
0.000000000 0.428274419
0.000000000 0.000000000
0.000000000 1.143451163
0.000000000 0.000000000
0.000000000 0.000000000
0.000000000 0.000000000
0.000000000 0.000000000
0.000000000 -7.000000000
0.000000000 0.000000000
0.000000000 0.000000000
0.000000000 0.000000000
0.000000000 -1.428274419
0.000000000 -2.000000000
0.000000000 0.000000000
0.000000000 0.000000000
0.000000000 0.000000000
0.000000000 0.000000000
0.000000000 0.000000000
0.000000000 0.000000000
0.000000000 0.000000000
0.000000000 0.000000000
0.000000000 0.000000000
0.000000000 0.000000000
0.000000000 0.000000000
0.000000000 0.000000000
0.000000000 2.571725581
0.000000000 0.000000000
0.000000000 0.000000000
0.000000000 0.000000000
0.000000000 0.000000000
0.000000000 -0.428274419
0.000000000 0.000000000
0.000000000 0.000000000
0.000000000 0.000000000
0.000000000 0.000000000
0.000000000 0.000000000
0.000000000 0.000000000
0.000000000 -0.571725581
0.000000000 4.715176744
0.000000000 -2.286902326
-0.000000000 -0.428274419
-0.000000000 -2.000000000
0.000000000 0.000000000
0.000000000 0.000000000
0.000000000 0.000000000
0.000000000 0.000000000
0.000000000 0.000000000
0.000000000 0.000000000
0.000000000 0.000000000
0.000000000 0.000000000
0.000000000 -0.428274419
0.000000000 -0.571725581
0.000000000 -2.000000000
0.000000000 2.000000000
0.000000000 4.286902326
0.000000000 0.000000000
0.000000000 0.000000000
0.000000000 0.000000000
0.000000000 -3.000000000
0.000000000 -0.428274419
0.000000000 0.000000000
0.000000000 0.000000000
0.515410592 4.860706977
0.000000000 0.000000000
0.000000000 0.000000000
0.000000000 0.000000000
0.000000000 -0.571725581
0.000000000 0.000000000
0.000000000 0.284823256
0.000000000 0.000000000
0.000000000 0.000000000
0.000000000 0.000000000
0.000000000 0.000000000
0.000000000 0.000000000
0.000000000 9.000000000
0.000000000 0.000000000
0.000000000 -1.002079070
0.000000000 0.000000000
0.000000000 0.000000000
0.000000000 0.000000000
0.000000000 -1.000000000
0.000000000 0.000000000
0.000000000 0.000000000
0.000000000 0.000000000
0.000000000 -1.856548837
0.000000000 -0.571725581
0.000000000 -0.571725581
0.000000000 0.000000000
0.000000000 0.000000000
0.000000000 0.000000000
0.000000000 0.000000000
0.000000000 0.000000000
0.000208506 6.139293023
0.000000000 0.000000000
0.028564420 0.571725581
0.000000000 0.000000000
0.000000000 0.000000000
0.000000000 0.000000000
0.085276247 1.149688372
0.000000000 0.000000000
0.000000000 0.000000000
0.000000000 0.000000000
0.000000000 -0.428274419
0.000000000 0.000000000
0.000000000 0.000000000
0.000000000 0.000000000
0.000000000 0.000000000
0.000000000 10.000000000
0.000000000 0.000000000
0.000000000 0.000000000
0.000000000 0.000000000
0.000000000 0.000000000
0.000000000 0.000000000
0.000000000 0.000000000
0.000000000 0.000000000
0.000000000 0.856548837
0.000000000 0.000000000
0.000000000 0.000000000
0.321714841 1.792097674
0.000000000 1.430353488
0.000000000 0.000000000
0.000000000 0.000000000
0.000000000 0.000000000
0.000000000 0.000000000
0.000000000 0.428274419
0.000000000 0.000000000
0.000000000 0.000000000
0.000000000 0.000000000
0.000000000 0.000000000
0.000000000 0.000000000
0.000000000 0.000000000
0.000000000 0.000000000
0.000000000 0.000000000
0.000000000 0.000000000
0.000000000 0.143451163
0.000000000 0.000000000
0.000000000 5.715176744
0.000000000 0.715176744
0.000000000 0.000000000
0.000000000 0.000000000
0.000000000 0.000000000
0.000000000 0.000000000
0.000000000 0.000000000
0.000000000 -1.571725581
0.000000000 -1.143451163
0.000000000 3.858627907
0.000000000 0.000000000
0.000000000 0.000000000
0.143030605 0.000000000
0.000000000 0.000000000
0.000000000 1.000000000
0.000000000 0.000000000
0.000000000 0.000000000
0.000000000 0.000000000
0.000000000 -0.856548837
0.000000000 0.000000000
0.000000000 2.284823256
0.000000000 4.002079070
0.000000000 0.000000000
0.000000000 0.000000000
0.000000000 0.000000000
0.000000000 0.000000000
0.000000000 0.000000000
0.000000000 1.428274419
0.000000000 0.000000000
0.000000000 0.000000000
0.000000000 3.713097674
0.000000000 6.428274419
0.000000000 0.000000000
0.000000000 0.000000000
0.000000000 0.000000000
0.460575321 1.407483721
0.000000000 2.143451163
0.000000000 1.141372093
0.000000000 0.000000000
0.000000000 0.000000000
0.000000000 0.000000000
0.000000000 0.000000000
0.000000000 0.000000000
0.000000000 -0.428274419
0.000000000 0.000000000
0.000000000 0.000000000
0.000000000 0.000000000
0.000000000 -1.000000000
0.000000000 -0.569646512
0.000000000 -0.428274419
0.000000000 0.000000000
-0.085901765 -0.000000000
0.000000000 0.000000000
-0.429925839 0.000000000
0.000000000 0.000000000
0.000000000 0.000000000
0.000000000 0.000000000
0.000000000 -1.856548837
0.000000000 0.000000000
0.000000000 2.000000000
0.100288228 0.000000000
0.000000000 0.000000000
0.000000000 0.000000000
0.000000000 0.000000000
0.114674691 0.856548837
0.057545852 4.426195349
0.000000000 0.000000000
0.000000000 0.000000000
0.000000000 0.000000000
0.000000000 -0.715176744
0.000000000 0.000000000
0.000000000 0.000000000
0.000000000 0.000000000
0.000000000 0.000000000
0.000000000 0.000000000
0.000000000 0.000000000
0.000000000 0.000000000
0.000000000 0.000000000
0.343607062 0.000000000
0.000000000 4.000000000
0.000000000 0.000000000
0.000000000 -0.428274419
0.000000000 0.000000000
-0.054209752 -1.602911628
0.000000000 3.430353488
-0.902594055 0.000000000
0.000000000 0.000000000
0.000000000 1.713097674
0.000000000 0.000000000
0.000000000 0.000000000
0.000000000 -0.428274419
0.000000000 0.000000000
0.000000000 0.000000000
0.000000000 0.000000000
0.000000000 4.573804651
0.000000000 0.000000000
0.000000000 0.000000000
0.000000000 0.143451163
0.000000000 0.000000000
0.000000000 0.000000000
0.000000000 0.000000000
0.000000000 0.000000000
0.000000000 0.000000000
0.000000000 0.000000000
0.000000000 0.000000000
0.000000000 0.000000000
0.000000000 0.428274419
0.000000000 0.000000000
0.000000000 0.000000000
0.859643173 0.000000000
0.000000000 4.288981395
0.000000000 0.000000000
0.000000000 0.000000000
0.000000000 0.000000000
0.000000000 7.000000000
0.000000000 -0.571725581
-0.042950883 -5.571725581
0.171803531 0.000000000
0.000000000 0.000000000
0.000000000 0.000000000
0.000000000 0.000000000
0.000000000 -0.428274419
0.000000000 0.000000000
0.000000000 0.000000000
0.000000000 7.000000000
0.000000000 0.000000000
0.000000000 0.000000000
0.000000000 0.000000000
0.000000000 0.000000000
0.000000000 0.000000000
0.214754413 0.000000000
0.000000000 0.000000000
0.000000000 -0.571725581
0.000000000 0.000000000
0.000000000 0.000000000
0.000000000 0.000000000
0.000000000 2.000000000
0.000000000 0.571725581
0.000000000 0.000000000
0.000000000 0.000000000
0.000000000 0.000000000
0.000000000 0.000000000
0.000000000 -0.428274419
0.000000000 0.000000000
0.000000000 0.000000000
0.000000000 0.000000000
0.000000000 2.571725581
0.000000000 0.000000000
0.000000000 0.000000000
0.000000000 0.000000000
0.000000000 -0.571725581
0.000000000 0.000000000
0.000000000 0.000000000
0.000000000 0.000000000
0.000000000 0.000000000
0.000000000 0.000000000
0.000000000 0.000000000
0.000000000 0.000000000
0.000000000 0.000000000
0.000000000 -0.428274419
0.000000000 0.000000000
0.000000000 0.000000000
0.000000000 0.000000000
0.000000000 -0.571725581
0.000000000 0.000000000
0.000000000 0.000000000
0.000000000 -1.858627907
0.000000000 1.143451163
0.000000000 0.000000000
0.000000000 -1.000000000
0.000000000 0.000000000
0.000000000 0.000000000
0.000000000 0.000000000
0.000000000 0.000000000
0.000000000 5.000000000
0.000000000 0.000000000
0.000000000 0.000000000
0.000000000 1.000000000
0.000000000 0.000000000
0.000000000 0.000000000
0.000000000 0.000000000
-0.013969451 -0.291060465
0.000000000 0.000000000
0.000000000 0.000000000
0.000000000 0.000000000
0.000000000 0.000000000
0.000000000 0.000000000
0.000000000 4.286902326
0.000000000 0.000000000
0.000000000 0.000000000
-0.128852648 0.000000000
0.046703995 6.534302326
0.000000000 0.000000000
0.000000000 0.000000000
0.000000000 0.000000000
-0.000000000 -5.284823256
0.000000000 0.000000000
0.000000000 0.143451163
0.000000000 0.000000000
0.000000000 3.571725581
0.000000000 -0.715176744
0.000000000 0.000000000
0.000000000 0.000000000
0.000000000 0.000000000
0.000000000 0.000000000
0.000000000 0.000000000
0.000000000 0.000000000
0.000000000 0.000000000
0.000000000 0.428274419
0.000000000 0.000000000
0.000000000 0.000000000
0.000000000 0.000000000
0.000000000 2.143451163
0.000000000 0.000000000
0.000000000 0.000000000
0.000000000 2.286902326
0.000000000 0.000000000
0.000000000 0.000000000
0.000000000 0.000000000
0.000000000 0.000000000
0.000000000 0.000000000
0.000000000 0.000000000
-0.691801260 -0.101869767
0.000000000 0.000000000
0.000000000 0.571725581
0.000000000 0.000000000
0.000000000 0.000000000
0.000000000 0.000000000
0.000000000 -0.428274419
0.000000000 -0.428274419
0.000000000 0.000000000
0.000000000 -1.000000000
0.000000000 0.000000000
0.000000000 0.000000000
0.000000000 -1.000000000
0.000000000 0.000000000
0.000000000 0.000000000
0.000000000 0.000000000
0.000000000 0.000000000
0.144490148 0.130976744
0.000000000 0.000000000
0.000000000 0.571725581
0.000000000 0.000000000
0.000000000 0.000000000
0.000000000 0.000000000
0.000000000 0.000000000
0.000000000 1.004158140
0.000000000 4.571725581
0.044410426 6.985446512
0.000000000 0.000000000
0.000000000 0.000000000
0.000000000 -1.284823256
0.000000000 -1.856548837
0.000000000 5.571725581
0.000000000 -1.856548837
0.000000000 0.000000000
0.000000000 6.428274419
0.000000000 0.000000000
0.000000000 0.000000000
0.000000000 -10.000000000
0.000000000 0.000000000
0.000000000 0.571725581
0.000000000 0.000000000
0.000000000 0.000000000
0.000000000 0.000000000
0.000000000 0.000000000
0.000000000 0.000000000
0.000000000 0.000000000
0.000000000 0.000000000
0.206414631 4.513511628
0.000000000 0.000000000
0.000000000 0.000000000
0.000000000 0.000000000
-0.200576457 -0.000000000
0.000000000 -0.856548837
0.000000000 -0.284823256
0.000000000 -0.428274419
0.000000000 0.000000000
-0.329429105 0.000000000
0.000000000 0.000000000
0.000000000 0.000000000
0.000000000 0.000000000
0.000000000 0.000000000
-0.012301401 -2.733888372
0.000000000 0.000000000
0.000000000 0.000000000
0.000000000 0.000000000
0.000000000 0.000000000
0.000000000 0.000000000
0.000000000 0.000000000
0.000000000 0.000000000
0.000000000 9.143451163
0.000000000 0.000000000
0.000000000 0.000000000
0.000000000 0.000000000
0.000000000 0.000000000
0.000000000 0.000000000
0.000000000 -1.000000000
0.000000000 0.000000000
0.000000000 0.000000000
0.000000000 0.000000000
0.000000000 0.000000000
0.000000000 0.000000000
0.000000000 -0.428274419
0.000000000 3.000000000
0.000000000 0.000000000
0.000000000 0.000000000
0.000000000 0.000000000
0.000000000 0.000000000
0.000000000 0.000000000
0.000000000 0.000000000
0.000000000 0.000000000
0.000000000 0.000000000
0.000000000 0.000000000
-0.042950883 0.000000000
0.000000000 0.000000000
0.000000000 0.000000000
0.000000000 0.000000000
0.000000000 0.000000000
0.000000000 0.571725581
0.000000000 2.143451163
0.000000000 0.000000000
0.000000000 0.000000000
0.000000000 0.000000000
0.000000000 0.000000000
0.000000000 0.143451163
-0.099871216 -6.432432558
0.000000000 0.000000000
0.000000000 -0.428274419
0.000000000 0.000000000
0.429508827 0.000000000
0.000000000 0.000000000
0.000000000 0.000000000
0.000000000 0.000000000
0.000000000 0.000000000
-0.114674691 0.000000000
0.229349383 0.000000000
0.000000000 -0.428274419
0.000000000 0.000000000
0.000000000 0.000000000
0.000000000 0.000000000
0.000000000 0.000000000
0.000000000 0.000000000
0.000000000 0.000000000
0.000000000 0.000000000
-0.043159389 0.000000000
0.000000000 0.000000000
0.000000000 0.000000000
0.000000000 0.000000000
0.000000000 0.000000000
0.000000000 0.000000000
0.000000000 0.000000000
0.000000000 0.000000000
0.000000000 0.000000000
0.000000000 0.143451163
0.000000000 0.000000000
0.000000000 0.000000000
0.000000000 0.000000000
0.000000000 1.715176744
0.000000000 0.000000000
0.000000000 0.000000000
0.071306796 0.000000000
0.000000000 -1.428274419
0.000000000 0.428274419
0.000000000 0.000000000
0.000000000 0.000000000
0.000000000 0.000000000
0.000000000 0.000000000
0.000000000 1.000000000
0.000000000 0.000000000
0.415747883 2.141372093
0.000000000 0.000000000
0.000000000 0.000000000
-0.114674691 0.000000000
-0.200576457 -0.000000000
0.000000000 0.000000000
0.000000000 0.000000000
0.000000000 0.000000000
0.000000000 -6.000000000
0.000000000 0.000000000
0.028564420 0.000000000
0.000000000 0.000000000
0.000000000 1.858627907
0.000000000 0.000000000
0.000000000 0.000000000
0.000000000 0.000000000
0.000000000 2.141372093
0.000000000 0.000000000
0.000000000 0.000000000
0.000000000 0.000000000
0.000000000 0.000000000
0.000000000 0.000000000
0.000000000 0.143451163
0.000000000 0.000000000
0.000000000 -0.428274419
0.000000000 0.000000000
0.000000000 0.000000000
0.000000000 0.143451163
0.000000000 0.000000000
0.000000000 -0.428274419
0.000000000 0.000000000
0.000000000 0.000000000
0.000000000 0.000000000
0.000000000 0.000000000
0.042950883 0.000000000
0.000000000 0.000000000
0.000000000 1.000000000
0.000000000 0.000000000
0.000000000 0.000000000
0.000000000 0.000000000
0.000000000 4.143451163
0.000000000 1.000000000
-0.257913802 0.000000000
0.000000000 1.428274419
0.000000000 0.000000000
0.000000000 0.000000000
0.000000000 0.000000000
0.000000000 0.000000000
0.000000000 1.145530233
0.000000000 -1.715176744
0.000000000 0.000000000
0.000000000 0.000000000
0.000000000 0.571725581
0.000000000 0.000000000
0.000000000 -0.143451163
0.186189994 0.000000000
0.000000000 0.000000000
0.000000000 0.000000000
0.000000000 0.000000000
-0.257705296 -0.000000000
0.000000000 -4.000000000
0.000000000 0.000000000
0.000000000 0.000000000
0.000000000 0.000000000
0.000000000 0.000000000
0.000000000 0.000000000
0.000000000 0.000000000
0.000000000 0.000000000
0.000000000 -2.000000000
0.000000000 -0.428274419
0.000000000 1.141372093
0.000000000 0.000000000
0.000000000 0.000000000
0.000000000 0.000000000
0.000000000 0.000000000
0.000000000 0.000000000
0.000000000 0.000000000
0.000000000 0.000000000
0.000000000 0.000000000
0.000000000 0.000000000
0.000000000 0.000000000
0.000000000 0.000000000
0.000000000 0.000000000
0.000000000 0.000000000
0.000000000 0.000000000
0.000000000 0.000000000
0.000000000 0.000000000
0.000000000 0.000000000
0.000000000 0.000000000
0.000000000 -0.428274419
0.000000000 0.000000000
0.000000000 1.000000000
-0.214754413 0.000000000
0.000000000 0.000000000
0.000000000 0.000000000
0.000000000 -0.004158140
0.000000000 0.000000000
0.000000000 0.000000000
0.000000000 0.000000000
0.000000000 0.000000000
0.000000000 0.000000000
0.000000000 1.715176744
0.000000000 0.000000000
0.000000000 0.000000000
0.000000000 0.571725581
0.000000000 -3.143451163
0.000000000 -0.856548837
0.000000000 0.000000000
0.000000000 0.000000000
0.000000000 -0.143451163
0.000000000 0.000000000
0.000000000 0.000000000
0.000000000 0.000000000
0.000000000 0.000000000
0.000000000 0.000000000
0.429508827 0.000000000
0.000000000 -0.571725581
0.000000000 0.000000000
0.000000000 7.000000000
0.000000000 0.000000000
0.300864685 0.000000000
0.171803531 0.000000000
0.000000000 0.000000000
0.000000000 1.284823256
0.000000000 0.000000000
0.000000000 0.000000000
0.097786154 1.024948837
0.000000000 0.000000000
0.000000000 0.000000000
0.000000000 1.000000000
0.000000000 0.000000000
0.000000000 0.854469767
0.000000000 0.000000000
0.000000000 0.000000000
0.157834080 2.143451163
0.000000000 2.997920930
0.000000000 0.000000000
0.000000000 0.000000000
0.000000000 0.000000000
0.000000000 0.000000000
0.000000000 -0.428274419
0.000000000 0.000000000
0.000000000 0.000000000
0.000000000 0.143451163
0.000000000 0.000000000
0.000000000 0.000000000
0.000000000 2.715176744
0.000000000 0.000000000
0.000000000 0.000000000
0.000000000 0.000000000
0.000000000 0.000000000
0.000000000 0.000000000
0.000000000 0.571725581
0.000000000 -9.000000000
0.000000000 0.000000000
0.000000000 0.000000000
0.000000000 0.000000000
0.000000000 -1.143451163
0.000000000 0.000000000
0.000000000 -1.428274419
0.000000000 0.000000000
0.000000000 0.000000000
0.000000000 1.571725581
0.000000000 1.000000000
0.000000000 0.000000000
0.000000000 0.000000000
0.000000000 0.571725581
0.000000000 0.000000000
0.000000000 0.000000000
0.000000000 0.000000000
0.000000000 4.856548837
-0.143239111 0.000000000
0.000000000 -0.428274419
0.000000000 0.000000000
0.000000000 0.000000000
0.000000000 0.000000000
0.000000000 0.000000000
0.000000000 1.143451163
0.000000000 0.000000000
0.000000000 0.000000000
0.000000000 0.000000000
0.000000000 0.000000000
0.000000000 0.000000000
0.000000000 1.284823256
0.000000000 0.000000000
0.000000000 -1.000000000
0.257913802 0.000000000
0.000000000 -1.571725581
-0.128852648 0.000000000
0.000000000 0.000000000
0.000000000 5.145530233
0.000000000 0.000000000
0.000000000 0.000000000
0.102581797 1.405404651
0.000000000 0.000000000
0.000000000 0.000000000
0.000000000 0.000000000
0.000000000 0.000000000
0.000000000 0.000000000
0.000000000 0.571725581
0.000000000 0.000000000
0.000000000 0.000000000
0.000000000 0.000000000
0.000000000 0.000000000
0.000000000 0.000000000
0.000000000 0.000000000
0.000000000 3.856548837
0.000000000 4.428274419
0.000000000 0.000000000
0.000000000 -1.000000000
0.000000000 0.000000000
0.000000000 0.000000000
0.000000000 0.000000000
0.000000000 0.000000000
0.000000000 0.284823256
0.000000000 2.856548837
0.200576457 0.000000000
0.000000000 0.000000000
0.000000000 0.000000000
0.000000000 4.571725581
0.000000000 -0.428274419
0.000000000 0.000000000
0.000000000 0.000000000
0.000000000 0.000000000
0.000000000 1.284823256
0.000000000 -0.428274419
0.000000000 0.000000000
0.000000000 0.000000000
0.013552438 0.864865116
0.000000000 0.000000000
0.000000000 0.000000000
0.000000000 0.000000000
0.000000000 0.000000000
0.000000000 0.000000000
0.000000000 0.000000000
0.000000000 1.856548837
0.000000000 0.000000000
0.000000000 0.000000000
0.085901765 0.000000000
0.000000000 0.000000000
0.000000000 2.284823256
0.000000000 0.000000000
0.000000000 0.000000000
0.000000000 0.000000000
0.000000000 0.571725581
0.000000000 -0.428274419
0.000000000 -2.286902326
0.000000000 0.000000000
0.000000000 0.000000000
0.000000000 0.000000000
0.000000000 0.000000000
0.000000000 0.000000000
0.000000000 0.000000000
0.000000000 0.000000000
0.000000000 0.000000000
0.000000000 9.000000000
0.000000000 0.000000000
0.000000000 2.856548837
0.000000000 0.000000000
-0.042950883 0.000000000
0.000000000 0.000000000
0.000000000 9.000000000
0.000000000 -0.571725581
0.000000000 0.000000000
0.000000000 0.000000000
0.000000000 0.000000000
0.000000000 0.000000000
0.000000000 0.000000000
0.000000000 0.000000000
0.000000000 0.000000000
0.000000000 0.000000000
0.000000000 0.000000000
0.000000000 0.000000000
0.000000000 5.715176744
0.000000000 -1.143451163
0.000000000 0.000000000
0.000000000 0.000000000
0.000000000 0.000000000
0.000000000 0.000000000
0.000000000 0.000000000
0.000000000 2.571725581
0.000000000 0.000000000
0.000000000 0.000000000
-0.315251148 0.000000000
0.000000000 0.000000000
0.000000000 0.000000000
0.000000000 -0.715176744
0.000000000 0.000000000
0.000000000 0.000000000
0.000000000 0.000000000
0.356325475 0.729730233
0.000000000 0.000000000
0.000000000 0.000000000
0.000000000 9.428274419
0.000000000 1.000000000
0.000000000 6.428274419
0.000000000 0.000000000
0.000000000 0.000000000
0.000000000 0.000000000
0.000000000 0.000000000
0.000000000 0.000000000
0.000000000 -1.000000000
0.000000000 0.000000000
0.000000000 1.715176744
0.000000000 0.856548837
0.000000000 0.000000000
0.000000000 0.000000000
0.000000000 0.000000000
0.000000000 -5.000000000
0.000000000 0.000000000
0.000000000 0.000000000
0.000000000 0.000000000
-0.042950883 0.000000000
0.000000000 -0.284823256
0.000000000 2.713097674
0.000000000 0.000000000
0.000000000 -1.715176744
0.000000000 0.000000000
0.000000000 0.000000000
0.000000000 0.000000000
0.000000000 0.000000000
0.000000000 0.000000000
0.000000000 0.000000000
0.000000000 0.000000000
0.000000000 0.000000000
0.000000000 0.000000000
0.000000000 0.000000000
0.000000000 0.000000000
0.000000000 3.856548837
0.000000000 0.000000000
0.000000000 0.000000000
0.000000000 0.000000000
0.000000000 0.000000000
0.501441142 0.000000000
-0.171803531 0.000000000
0.000000000 0.000000000
0.000000000 0.000000000
0.000000000 0.000000000
0.000000000 5.571725581
0.000000000 0.000000000
0.000000000 0.428274419
0.042950883 0.000000000
0.000000000 0.000000000
0.000000000 5.428274419
0.000000000 0.000000000
0.000000000 0.000000000
0.000000000 0.000000000
0.000000000 0.000000000
0.000000000 0.000000000
0.000000000 0.000000000
0.000000000 1.000000000
-0.229140876 -0.000000000
0.000000000 0.000000000
0.000000000 0.428274419
0.000000000 0.000000000
0.000000000 0.000000000
0.000000000 -0.428274419
0.000000000 0.000000000
-0.372379988 0.000000000
0.000000000 0.000000000
0.000000000 0.000000000
0.000000000 0.000000000
0.000000000 0.000000000
0.000000000 0.000000000
0.000000000 0.000000000
0.000000000 0.000000000
0.000000000 9.000000000
0.000000000 0.000000000
0.000000000 0.000000000
0.000000000 0.000000000
0.000000000 0.000000000
0.000000000 0.000000000
0.000000000 0.000000000
0.000000000 0.000000000
0.000000000 7.000000000
-0.057337346 -0.000000000
0.000000000 0.000000000
0.000000000 -3.000000000
0.000000000 0.000000000
0.000000000 0.000000000
0.000000000 0.000000000
0.000000000 0.000000000
0.000000000 -1.143451163
0.000000000 4.000000000
0.000000000 0.000000000
0.000000000 0.571725581
0.000000000 0.000000000
0.000000000 0.000000000
0.000000000 -3.000000000
0.000000000 0.000000000
0.000000000 0.000000000
-0.071723342 -1.284827907
0.000000000 -1.571725581
0.000000000 -1.571725581
0.000000000 0.000000000
0.000000000 -3.000000000
0.000000000 3.284823256
0.028981432 0.000000000
0.000000000 2.143451163
0.000000000 -0.284823256
0.000000000 -0.571725581
0.000000000 0.569646512
0.000000000 -2.856548837
0.000000000 0.000000000
0.000000000 0.000000000
0.000000000 4.571725581
0.000000000 0.000000000
0.000000000 6.143451163
0.000000000 5.428274419
-0.000000000 -0.571725581
0.000000000 -2.428274419
0.000000000 0.000000000
0.000000000 0.000000000
0.000000000 0.000000000
0.000000000 0.000000000
0.000000000 0.000000000
0.000000000 0.000000000
0.000000000 1.284823256
0.000000000 0.000000000
0.000000000 0.000000000
0.000000000 0.000000000
0.000000000 -1.000000000
0.000000000 0.000000000
0.000000000 0.000000000
0.000000000 0.000000000
0.000000000 -2.428274419
0.000000000 0.000000000
0.000000000 0.000000000
0.000000000 0.000000000
0.000000000 0.000000000
0.185772981 8.147609302
0.000000000 0.000000000
0.000000000 0.000000000
0.000000000 0.000000000
-0.401152913 0.000000000
0.000000000 0.000000000
0.000000000 0.000000000
0.000000000 0.000000000
0.000000000 0.000000000
0.000000000 0.000000000
0.000000000 4.286902326
0.000000000 0.713097674
0.000000000 0.000000000
0.000000000 0.000000000
0.000000000 3.000000000
0.000000000 0.000000000
0.000000000 0.000000000
0.500398611 1.010395349
0.000000000 0.000000000
0.000000000 0.000000000
0.000000000 0.000000000
0.000000000 0.000000000
0.000000000 0.000000000
0.000000000 0.000000000
0.000000000 0.000000000
0.000000000 0.000000000
0.702017599 0.000000000
0.000000000 0.000000000
0.000000000 0.000000000
0.000000000 0.000000000
0.000000000 1.428274419
0.000000000 0.000000000
0.000000000 0.000000000
0.000000000 2.715176744
0.000000000 0.000000000
0.000000000 0.000000000
0.000000000 0.000000000
0.000000000 0.000000000
0.000000000 0.000000000
0.000000000 0.000000000
0.000000000 1.000000000
0.000000000 10.000000000
0.000000000 0.000000000
0.000000000 0.000000000
0.000000000 0.000000000
0.000000000 0.000000000
0.000000000 -1.143451163
0.000000000 0.000000000
0.000000000 0.000000000
0.000000000 0.143451163
0.000000000 1.284823256
0.000000000 0.000000000
0.000000000 0.000000000
0.000000000 0.000000000
0.000000000 0.000000000
0.000000000 0.000000000
0.185981488 0.000000000
0.000000000 0.000000000
0.000000000 0.000000000
0.000000000 0.000000000
0.000000000 0.000000000
0.659066716 0.000000000
0.000000000 0.000000000
0.000000000 -1.856548837
0.000000000 0.000000000
-0.114883198 -8.854469767
0.000000000 0.000000000
0.000000000 0.000000000
0.000000000 0.000000000
0.000000000 -0.856548837
0.000000000 -1.000000000
0.000000000 0.000000000
0.644680253 0.000000000
0.000000000 0.000000000
0.000000000 0.000000000
0.000000000 3.143451163
0.000000000 0.000000000
0.000000000 4.569646512
0.000000000 -0.571725581
0.000000000 0.000000000
48.0921514874
