200 322 4.2568200000 0.2438190000
139 188 3
186 200 6
68 127 4
1 70 10
2 145 8
129 137 2
125 188 1
14 31 1
106 194 9
105 126 4
37 135 5
5 130 4
2 65 10
90 161 8
10 154 5
25 158 7
24 159 2
44 163 7
72 183 8
126 187 7
162 169 10
1 8 4
39 200 2
15 160 5
98 102 5
30 124 7
49 92 3
24 172 6
2 6 4
135 197 2
33 108 6
1 38 6
2 123 5
119 147 7
82 189 8
18 138 6
113 164 9
102 147 4
107 175 8
170 193 8
160 184 7
29 103 5
71 103 8
131 162 8
68 98 5
17 195 4
81 154 5
35 73 3
106 173 3
125 136 2
41 196 5
154 173 4
78 151 3
7 37 7
66 171 8
50 123 9
78 88 3
64 200 7
83 141 7
57 191 7
150 171 10
75 152 2
36 124 3
48 169 6
21 51 4
168 178 2
55 143 9
56 117 2
129 167 4
62 65 9
82 137 3
83 193 2
55 80 9
128 177 10
105 187 8
9 14 10
55 184 10
74 121 2
104 141 4
16 69 7
68 84 1
148 173 8
57 107 6
14 72 7
48 126 3
95 124 6
69 148 5
95 134 8
62 92 1
65 72 2
43 44 7
41 86 10
43 99 6
89 173 6
6 114 4
54 124 1
7 185 8
32 135 1
30 168 8
59 89 1
3 98 8
116 164 2
55 148 10
49 183 4
10 19 9
7 177 10
170 178 9
81 149 1
45 154 3
4 36 7
91 188 9
71 86 5
71 151 9
93 122 6
43 148 7
16 117 6
2 69 5
12 18 6
109 150 2
101 179 2
61 143 6
117 194 3
88 129 2
40 174 5
2 60 1
46 95 9
2 167 4
61 167 7
56 194 9
82 86 6
1 128 5
99 163 9
15 167 1
22 68 7
11 96 4
101 104 9
114 157 3
76 188 4
138 182 10
103 196 9
167 196 10
53 132 2
78 129 5
14 158 10
107 136 3
154 166 10
52 189 9
44 167 9
87 165 4
52 79 7
35 92 7
128 188 9
14 62 8
171 195 1
58 159 9
141 193 7
45 173 10
57 111 5
79 161 9
26 100 8
146 180 2
112 194 1
100 110 1
25 139 7
1 178 7
51 193 10
21 140 5
3 26 3
7 116 2
132 140 9
77 162 6
53 58 8
40 98 3
80 173 6
131 159 2
106 184 9
34 178 3
133 177 10
146 186 5
76 133 2
21 24 2
163 167 6
65 175 10
42 101 3
49 121 4
91 183 3
37 74 8
117 149 1
87 106 2
84 96 4
149 166 5
109 119 5
154 198 7
76 92 5
113 135 10
94 106 8
66 143 3
16 59 8
30 193 2
5 48 3
57 102 2
25 200 1
82 195 1
133 139 10
1 186 7
95 179 10
30 46 8
97 139 9
37 91 4
2 92 4
61 114 2
27 142 2
28 165 6
111 113 9
86 88 4
127 195 2
80 149 7
45 160 3
3 88 3
2 115 6
91 97 9
26 71 10
112 138 4
54 169 7
173 182 2
50 87 5
79 98 9
92 180 7
28 56 10
33 168 7
104 132 5
63 66 1
88 142 6
160 198 8
9 186 4
129 147 7
72 75 3
4 174 5
76 152 1
5 33 5
142 196 3
3 67 4
85 96 3
123 144 2
93 153 10
62 186 3
113 197 3
136 158 9
34 48 3
62 164 6
122 156 10
20 129 5
46 172 9
35 74 9
81 123 8
54 104 2
69 99 7
18 99 3
192 196 9
129 155 7
81 194 8
79 88 9
25 115 10
58 156 2
134 199 8
92 200 3
52 78 1
45 138 9
60 184 4
6 16 7
79 110 5
108 131 3
112 167 6
2 194 4
26 147 10
12 182 8
11 66 10
3 47 9
146 185 5
61 138 2
18 56 8
13 167 3
105 168 8
1 14 4
84 90 3
4 90 1
1 176 2
14 200 9
128 164 7
46 83 5
41 162 5
39 78 8
46 162 6
1 193 2
64 152 9
18 182 2
73 197 5
21 162 3
84 142 3
56 144 1
94 144 7
121 197 6
41 118 7
37 186 8
48 193 5
23 183 10
126 193 10
3 195 9
2 120 5
144 165 5
50 106 4
130 170 6
36 190 2
85 110 1
101 169 2
135 158 10
18 45 9
98 183 8
181 194 5
16 55 2
12 80 5
4 52 4
