200 475 9.8280200000 0.1133280000
22 190 2
118 172 1
169 180 2
48 122 2
111 145 2
96 166 3
9 169 3
24 143 2
19 31 2
51 174 2
66 90 2
53 130 2
32 102 2
56 70 1
52 160 2
2 83 3
22 113 3
64 194 2
30 34 2
14 25 3
4 46 3
141 173 2
96 199 1
78 103 3
42 134 3
4 103 2
85 103 3
112 171 3
30 104 1
20 38 2
43 193 2
107 191 2
57 143 1
36 78 3
99 197 1
12 92 1
50 137 3
4 185 1
116 182 1
26 101 2
61 77 3
70 196 3
9 39 1
51 168 2
58 78 1
185 198 3
104 153 2
96 137 1
171 177 2
108 116 2
110 124 1
187 193 1
131 181 1
97 108 2
186 193 2
12 176 2
120 162 2
47 148 3
92 101 2
9 11 1
94 153 3
80 106 3
98 162 3
54 178 2
157 184 1
15 22 3
92 163 1
9 92 2
50 115 3
135 198 1
3 166 3
77 125 1
64 158 1
20 146 1
51 109 2
4 107 2
57 161 1
1 85 1
51 156 1
65 101 1
2 192 4
139 198 1
75 148 3
56 160 1
63 106 3
74 77 1
2 168 1
106 153 3
153 176 2
41 158 2
113 122 1
89 132 3
75 162 1
93 173 1
101 138 3
13 21 3
74 156 1
126 146 1
23 66 1
86 115 3
45 169 3
32 193 3
25 121 1
47 169 2
61 130 2
22 153 1
19 187 3
119 163 3
97 177 3
13 166 1
36 60 3
34 144 1
1 41 1
114 123 3
170 174 2
19 95 1
113 151 3
45 153 3
142 165 3
53 101 2
66 106 1
53 197 2
3 108 1
3 199 1
52 115 2
23 102 3
98 99 3
46 121 2
126 152 1
111 185 3
148 168 2
11 106 2
13 46 1
32 34 3
4 199 2
8 109 1
41 168 3
23 109 2
62 91 2
183 191 1
32 71 3
23 176 3
59 166 1
50 145 3
106 188 1
71 169 1
13 81 3
29 114 1
123 151 3
15 53 1
58 167 1
45 106 3
63 168 1
73 134 3
50 96 3
181 185 2
30 144 1
75 140 1
129 191 1
1 92 3
129 196 3
98 168 2
1 34 1
31 39 3
42 44 1
69 115 1
101 158 2
121 170 1
4 109 2
140 162 2
17 125 2
51 178 3
16 36 3
68 96 3
69 120 1
11 114 1
7 127 1
62 164 1
136 138 2
19 56 3
43 156 3
17 63 1
13 199 2
97 133 2
47 99 1
131 167 3
116 165 1
72 115 2
6 70 3
160 199 3
63 80 3
86 133 2
16 174 1
137 164 1
11 89 2
123 143 1
31 94 2
4 100 3
81 154 3
54 80 3
122 136 2
25 93 3
106 122 1
62 155 3
2 141 1
113 176 1
28 105 3
5 198 1
29 180 3
136 141 3
2 10 1
52 149 1
114 184 3
43 94 1
111 164 3
15 84 1
69 166 3
99 180 1
107 183 3
140 172 2
68 70 3
50 67 1
8 61 3
15 61 1
39 122 2
11 180 2
7 162 3
92 146 3
139 170 3
47 48 2
128 141 1
88 149 1
33 107 1
46 107 2
30 65 3
151 162 1
77 184 2
39 127 3
77 156 3
51 189 2
95 158 2
140 141 3
1 163 3
96 155 2
75 99 3
11 63 1
156 179 2
25 177 2
67 81 1
28 121 1
78 161 1
96 185 2
51 194 1
21 165 3
64 141 3
3 172 3
31 92 3
72 116 3
102 197 3
87 138 3
106 157 1
84 126 2
8 138 3
42 170 2
135 173 1
11 79 3
127 161 3
95 194 2
137 171 1
14 112 2
127 130 1
21 118 1
1 63 2
37 67 1
40 121 3
99 186 2
54 179 1
55 74 3
43 141 2
9 90 3
178 184 1
64 143 3
73 170 1
65 194 2
11 34 3
18 57 2
94 102 3
88 113 3
23 30 3
74 188 2
164 199 2
93 117 3
67 82 2
136 178 1
100 120 3
120 198 3
131 155 3
7 143 3
149 169 2
31 138 3
71 79 1
2 53 2
50 135 2
71 163 3
89 141 2
36 62 3
29 189 1
139 183 1
153 197 3
23 148 1
74 123 3
37 91 2
96 110 2
115 147 3
48 178 3
7 157 1
176 193 3
165 173 2
91 164 1
14 155 2
110 200 2
97 172 2
20 188 1
51 151 1
12 18 3
60 96 3
56 141 1
20 71 1
135 170 1
153 198 2
94 197 2
44 124 1
55 194 3
71 95 1
96 139 3
65 153 2
8 12 1
53 74 2
33 81 3
32 179 1
18 144 2
123 132 3
124 195 3
109 159 2
57 77 3
114 126 3
46 142 3
26 128 2
25 60 1
8 32 2
58 150 1
4 137 2
11 127 1
85 121 2
87 144 1
2 126 2
14 165 1
64 175 1
49 197 2
114 154 1
73 195 3
85 165 3
82 155 1
77 148 3
34 157 3
69 139 2
154 185 2
138 193 2
18 179 1
164 166 1
45 187 1
27 40 2
72 191 3
19 186 3
13 42 2
59 151 3
114 175 3
1 104 1
69 103 3
144 169 3
15 127 1
56 132 3
74 180 3
104 157 1
174 196 3
8 41 3
77 169 1
84 127 3
115 181 3
11 158 1
34 63 1
75 186 3
76 133 2
66 176 2
40 72 1
51 138 3
54 122 3
95 149 2
54 77 2
25 172 3
24 141 3
129 147 1
8 89 1
69 70 1
92 151 3
79 87 3
43 122 1
120 134 2
27 134 2
167 170 3
78 181 1
9 146 1
73 93 3
24 66 3
22 178 2
69 145 1
12 17 2
51 77 3
129 154 2
161 162 3
81 116 3
2 113 2
130 138 1
49 186 3
63 109 2
33 103 3
11 104 1
2 186 3
134 183 3
26 138 1
109 188 2
79 88 1
24 29 1
75 146 1
101 114 1
7 43 1
123 168 3
77 95 2
74 86 1
37 60 1
24 114 3
48 88 3
44 73 1
7 144 3
54 175 3
26 59 2
39 113 2
35 52 1
21 42 3
84 149 3
12 63 2
104 128 3
51 188 1
65 92 3
130 194 1
58 67 2
46 195 1
65 125 1
11 32 1
49 92 1
13 177 2
43 180 1
61 162 2
48 140 1
30 101 3
77 189 3
33 177 3
53 193 3
104 178 2
77 132 2
14 180 1
85 167 3
19 34 2
140 188 1
76 174 3
