200 1472 9.4406300000 0.5482020000
68 108 6
71 185 4
54 90 5
77 142 9
82 83 3
44 53 2
128 133 8
128 150 2
5 153 10
56 57 6
134 191 9
44 101 3
21 47 8
60 199 10
21 41 3
38 161 4
39 61 6
31 68 3
98 116 10
44 113 10
1 50 8
102 188 5
40 77 1
149 177 4
171 183 9
48 121 2
32 122 5
40 178 4
35 151 1
76 150 9
33 122 6
62 179 5
39 179 3
67 168 6
94 160 7
44 194 1
106 137 8
20 181 6
89 173 5
60 163 3
31 135 1
33 73 1
54 62 7
74 192 6
22 103 4
21 126 3
22 176 7
70 132 10
108 135 2
126 160 4
64 185 7
24 159 10
38 117 6
72 109 9
94 156 1
35 124 8
44 162 6
131 133 2
36 97 2
26 71 4
21 142 7
69 153 9
89 90 10
187 193 4
46 93 5
36 62 6
22 74 7
150 171 5
19 96 6
18 196 6
45 161 3
70 74 1
34 68 1
48 107 1
57 77 4
101 162 6
101 128 5
2 105 2
107 128 8
168 197 7
52 111 6
69 105 4
10 94 7
19 175 6
112 132 3
15 174 3
80 194 6
93 180 5
76 170 5
15 96 9
35 121 5
58 149 6
33 54 3
39 49 6
65 94 2
56 140 8
74 136 9
14 175 4
57 136 2
93 102 5
142 176 5
60 68 1
190 192 1
63 70 7
26 35 8
10 29 5
61 139 9
49 97 4
44 190 7
22 193 4
154 190 4
133 180 4
89 199 5
13 71 7
53 126 7
74 79 6
154 180 4
6 109 9
13 93 6
46 163 3
56 167 3
7 140 5
37 89 7
41 137 2
41 171 4
163 195 7
83 125 8
106 156 9
80 132 2
114 176 2
76 131 6
44 165 3
114 156 6
73 173 9
10 44 8
112 170 3
6 97 5
119 156 7
101 131 8
40 93 3
46 55 3
112 113 6
90 152 2
14 81 1
138 181 3
167 193 9
52 121 5
98 121 3
47 127 6
18 135 2
53 137 7
88 110 1
31 147 3
111 137 4
182 199 9
8 139 7
11 148 10
85 132 3
144 158 2
1 90 5
57 103 2
39 68 1
56 98 7
156 195 1
162 165 4
124 187 1
71 154 2
42 200 1
39 73 7
53 101 9
39 124 3
139 189 3
109 152 8
64 180 9
128 146 4
21 44 6
2 174 2
64 79 4
12 78 6
62 100 7
108 122 2
54 189 7
70 82 4
59 90 1
34 147 5
35 76 6
70 138 2
86 185 5
98 133 10
4 115 10
18 97 1
134 145 3
25 143 9
44 116 9
18 37 10
65 116 1
152 179 9
40 71 5
68 189 5
26 112 1
16 155 2
71 157 6
10 163 4
57 82 1
35 165 1
71 170 6
101 126 6
68 135 6
37 135 7
53 63 2
74 80 5
153 155 6
98 107 3
71 128 2
94 165 3
106 113 2
24 175 1
103 192 7
21 83 4
36 152 6
46 127 4
36 100 4
33 49 9
82 133 1
114 126 4
26 98 9
131 132 8
150 160 8
83 193 10
50 184 9
21 124 7
47 103 10
101 156 7
95 162 3
57 107 8
69 172 5
72 135 3
10 27 3
43 153 6
164 196 2
41 186 5
36 58 9
47 74 2
78 159 5
139 177 3
149 152 7
32 179 1
47 142 8
12 161 4
3 66 3
10 79 2
74 163 8
53 167 5
85 177 9
127 165 3
70 77 10
1 189 10
164 181 3
1 110 8
71 127 1
65 165 6
60 149 3
26 167 5
107 167 10
146 159 6
6 58 7
84 200 6
10 86 8
109 181 7
153 161 5
148 172 1
10 183 6
70 137 6
71 187 2
46 131 2
160 162 7
10 111 6
8 152 5
22 171 7
85 173 7
162 190 1
43 168 8
143 148 8
150 165 2
60 126 3
13 121 4
116 125 7
50 189 7
150 180 1
75 169 4
29 128 6
55 80 8
63 160 1
7 93 2
70 157 6
21 188 2
20 90 7
110 135 6
7 63 3
130 147 6
133 183 4
93 111 4
21 151 3
40 47 1
113 170 6
62 152 8
86 132 2
116 192 3
120 136 4
91 161 9
62 87 5
171 190 2
83 103 10
133 151 4
134 159 8
57 124 2
131 171 5
9 88 8
8 50 10
69 144 7
3 77 10
2 45 7
97 104 6
27 82 2
40 74 2
93 171 10
55 170 4
53 128 3
49 169 3
76 111 9
88 109 10
94 142 9
7 180 9
56 195 3
101 183 8
94 101 6
141 146 7
99 147 6
58 196 2
14 45 7
89 109 10
112 124 9
117 143 9
47 170 2
101 190 5
141 143 5
94 127 8
27 80 4
157 167 5
63 140 2
56 111 7
93 194 8
117 198 2
142 186 10
33 147 3
46 192 5
28 148 1
74 127 2
56 71 5
93 154 10
16 158 2
126 171 2
114 190 8
160 170 2
98 127 6
9 31 9
173 177 7
40 194 5
2 161 4
77 134 1
34 173 8
40 107 2
5 155 4
39 138 3
82 136 6
21 180 1
42 78 4
155 168 2
56 63 7
93 190 3
7 179 1
41 83 7
63 183 8
6 182 1
129 166 8
57 111 3
46 116 5
55 86 5
52 192 5
89 99 4
71 136 1
127 142 5
133 157 7
74 125 1
114 121 10
47 64 6
111 126 4
181 184 4
100 199 9
56 163 4
115 166 5
44 187 5
12 62 1
43 91 3
193 195 7
125 192 4
55 140 4
40 113 7
13 119 7
5 78 9
6 190 2
94 116 6
131 160 9
37 108 2
6 39 1
48 120 8
23 198 9
49 85 8
4 30 8
88 108 3
137 154 10
123 159 5
112 192 5
132 154 9
141 198 5
27 47 7
34 37 3
93 133 5
116 133 9
96 161 8
50 75 10
50 199 3
27 55 4
83 95 3
60 177 4
108 177 9
70 125 3
22 137 3
5 198 6
85 135 3
91 166 4
70 180 7
121 150 7
75 130 7
27 113 4
23 166 4
117 172 2
9 20 5
72 130 5
70 79 7
39 109 2
25 172 7
121 195 4
186 195 4
37 49 1
143 161 2
95 195 5
72 149 10
142 190 7
130 177 4
125 170 6
49 90 8
10 26 8
41 170 8
53 95 10
86 103 10
54 109 9
10 102 7
35 154 8
62 196 2
46 186 10
21 66 5
83 119 9
79 107 5
31 34 4
128 132 5
75 109 3
13 178 7
22 93 1
16 45 3
102 126 5
59 173 9
66 113 2
53 188 5
47 107 2
140 178 5
106 124 10
125 180 6
174 198 9
21 64 8
119 120 6
72 100 2
14 146 2
97 135 4
87 135 10
63 186 9
7 163 2
33 97 5
81 96 2
69 191 10
102 120 5
56 185 5
57 167 2
3 26 3
76 95 1
41 160 5
84 146 10
137 185 10
59 147 6
19 161 4
163 165 10
119 154 3
52 170 5
111 133 1
124 125 2
103 194 10
5 45 6
41 76 3
65 142 6
15 159 3
2 134 5
19 145 9
79 121 9
69 161 8
22 163 2
48 70 2
28 105 1
6 199 9
9 72 9
36 182 3
64 111 9
52 71 2
60 147 3
34 104 1
3 44 5
113 132 8
56 133 10
149 182 3
48 180 3
97 181 1
156 171 6
179 189 4
40 98 8
109 169 2
175 197 10
34 177 6
11 113 4
28 191 3
47 187 2
77 131 2
79 103 2
53 163 10
72 179 7
120 121 6
152 173 2
3 125 2
63 83 2
108 110 6
88 173 9
53 124 9
4 117 1
1 49 4
82 183 1
67 166 6
44 180 8
86 111 4
132 192 6
90 160 1
32 73 10
124 131 8
105 129 1
68 100 4
23 25 10
3 35 9
102 127 8
50 110 10
39 72 9
83 133 2
21 86 4
52 95 3
72 189 4
87 189 6
4 51 6
75 88 6
184 189 8
35 64 5
58 104 2
6 110 10
46 126 5
141 175 9
44 142 3
48 186 7
40 165 2
163 194 1
27 157 1
59 199 3
136 154 1
113 131 2
46 79 8
141 144 9
40 187 10
93 120 3
97 152 6
124 193 4
28 159 3
94 157 5
111 194 4
27 131 1
49 60 4
94 193 7
23 84 6
7 170 7
1 139 8
41 190 6
13 21 3
107 124 10
53 125 1
64 71 7
117 146 4
132 151 5
18 49 9
101 137 3
87 152 3
38 123 5
83 157 3
73 181 8
9 104 9
49 181 4
101 180 4
88 179 1
74 86 4
178 188 1
80 137 1
7 66 9
2 24 2
82 156 8
149 173 2
67 148 1
148 161 10
84 159 10
86 131 2
107 142 8
18 60 2
156 185 9
10 76 9
132 195 3
38 134 5
9 149 3
17 42 9
151 176 10
56 82 1
52 186 3
15 64 2
80 183 1
38 67 6
141 174 1
56 107 1
66 187 2
92 127 1
127 185 2
120 132 9
17 144 10
101 150 8
17 158 3
64 178 2
27 52 7
95 193 5
77 95 1
155 197 5
187 194 10
21 128 3
65 180 4
22 160 3
7 186 10
16 148 6
82 142 7
9 34 4
30 174 4
36 149 10
7 57 2
82 95 5
75 177 2
114 185 4
3 40 4
44 186 4
27 163 9
5 19 8
95 185 10
23 168 4
95 137 9
25 148 5
66 188 4
79 188 3
76 151 1
40 111 7
7 94 1
25 155 7
4 24 3
35 136 4
65 150 8
35 187 7
3 114 7
95 165 3
37 68 4
66 176 2
66 86 5
106 114 3
17 43 1
184 199 1
11 118 3
156 186 7
67 155 9
69 168 10
21 82 1
49 58 1
92 188 4
12 81 4
43 172 8
44 95 3
126 136 2
188 190 8
15 123 9
5 129 2
155 174 1
62 97 9
80 106 4
169 182 1
6 62 6
133 176 10
143 144 10
41 178 10
80 116 4
4 191 3
11 144 6
72 108 2
22 165 3
71 195 7
142 180 3
113 185 1
145 159 6
37 173 4
57 71 7
40 126 9
46 98 10
156 157 8
75 182 8
15 17 5
86 126 4
113 136 2
106 183 6
140 142 6
144 159 5
92 116 6
151 193 8
2 96 4
75 104 1
70 107 2
14 16 10
65 86 2
74 82 8
1 36 4
53 121 10
135 196 4
107 157 2
106 193 4
47 195 10
29 71 10
4 198 2
79 95 4
139 173 6
49 149 9
8 68 5
107 163 7
80 193 10
10 113 4
34 87 3
42 145 3
140 151 8
63 188 3
106 162 9
127 190 7
67 118 2
119 151 10
78 146 7
53 92 8
22 27 10
170 178 4
7 136 5
45 141 4
10 136 1
34 36 10
4 183 4
37 130 1
77 103 1
74 77 7
97 196 10
133 156 5
126 157 3
57 93 9
63 163 7
73 149 9
66 74 8
10 127 5
73 147 4
39 59 6
135 184 3
83 194 8
41 56 4
13 126 2
22 125 6
19 197 6
9 62 3
66 127 8
157 163 8
163 187 2
12 159 7
27 116 3
67 129 2
15 134 3
25 118 6
53 142 3
69 117 3
94 107 4
124 133 7
99 122 7
36 110 6
68 110 9
23 144 1
94 120 4
127 192 8
157 190 10
22 131 2
75 110 10
167 190 7
70 176 4
18 104 4
84 96 6
7 162 5
116 186 9
71 176 3
23 30 6
58 182 8
6 189 3
54 75 1
61 164 6
29 80 1
97 138 4
92 154 4
121 167 3
19 28 5
105 159 7
36 196 2
12 168 8
101 194 1
24 172 9
71 112 3
187 192 4
85 128 2
51 197 7
183 194 1
8 85 8
83 101 8
13 151 7
154 167 5
110 164 10
62 75 5
13 163 2
89 152 5
124 192 3
53 178 6
6 50 5
20 169 7
154 194 8
1 97 2
82 193 5
30 96 10
5 43 6
74 194 5
37 72 5
35 66 1
119 190 1
73 169 4
3 131 10
71 132 2
6 72 4
173 181 10
58 85 6
26 106 3
91 144 9
103 178 4
81 175 7
92 126 5
106 171 5
66 162 3
36 173 8
29 44 9
167 194 6
1 85 4
94 171 6
126 190 1
68 122 4
48 63 8
32 196 4
79 150 3
163 171 6
48 170 8
127 193 10
111 171 8
33 179 5
62 135 10
57 185 3
70 112 8
26 80 6
32 135 2
6 184 6
60 189 5
125 133 5
79 131 5
29 94 10
107 154 10
142 170 9
15 145 3
10 80 2
124 170 2
4 81 3
71 133 2
58 184 7
41 44 2
106 195 5
102 190 6
181 196 10
22 124 1
143 200 4
50 72 7
66 178 6
136 160 3
84 197 9
58 59 1
84 129 10
33 164 8
156 160 6
18 36 5
2 198 1
70 131 7
155 200 3
13 127 10
51 129 5
139 147 1
7 48 6
52 113 7
98 186 7
126 162 7
138 152 1
20 85 9
171 195 10
145 174 8
115 148 5
57 121 6
98 160 3
62 164 9
126 192 7
52 162 3
31 39 9
56 94 8
71 140 1
8 196 7
76 156 6
139 196 8
46 83 10
3 157 8
75 164 10
86 150 8
116 162 7
45 129 2
162 180 10
31 139 6
1 83 2
160 185 1
78 148 1
158 191 8
56 125 1
22 170 10
102 128 6
91 96 2
83 187 9
93 176 7
10 137 10
1 87 2
66 125 5
116 178 4
82 167 2
106 125 2
80 151 9
13 70 3
3 82 1
74 112 7
4 123 8
32 97 4
26 128 10
86 119 1
21 22 5
21 95 1
125 132 2
29 119 4
63 170 3
120 140 1
13 113 1
35 83 4
25 123 1
66 156 4
106 127 9
79 93 10
17 28 10
39 184 1
71 162 5
68 90 7
163 185 3
94 113 7
17 129 2
49 199 4
124 186 5
74 83 6
22 111 6
16 134 3
92 157 3
2 16 4
50 182 2
63 124 5
32 108 6
12 174 10
83 112 4
48 101 10
82 162 4
128 185 2
93 112 6
7 101 3
104 169 7
2 4 7
99 179 1
7 195 8
17 148 5
150 167 9
102 162 7
15 23 7
74 133 5
49 135 8
52 142 10
15 117 9
31 138 7
53 83 5
40 103 10
5 26 1
59 68 8
113 194 1
114 167 5
164 182 9
70 140 9
11 191 7
109 177 6
80 171 2
138 196 7
5 115 6
8 135 10
64 142 4
85 184 6
105 148 1
27 120 10
144 155 6
116 131 7
75 181 8
92 98 5
25 105 10
49 164 9
10 13 7
26 194 6
164 173 5
74 156 8
117 144 7
74 151 8
58 111 3
91 148 9
95 144 3
41 114 4
46 119 6
97 199 2
44 131 10
136 193 4
73 109 1
77 98 6
162 178 1
31 164 9
13 52 4
16 198 10
29 93 10
124 127 6
55 187 10
18 33 9
19 23 10
70 86 4
163 190 5
133 193 1
63 125 7
120 133 6
64 137 10
4 148 8
20 60 8
178 190 8
111 119 2
9 196 5
101 195 2
39 87 2
61 87 2
16 84 7
111 176 3
8 59 2
22 83 10
7 86 1
86 112 3
58 100 9
48 137 8
6 31 2
47 186 8
91 191 4
38 148 6
41 157 4
21 186 4
62 73 2
62 99 10
10 46 2
103 142 9
14 153 8
32 58 6
33 87 1
125 137 2
60 85 4
3 165 4
92 170 7
51 198 9
93 128 4
165 183 10
78 144 3
52 187 3
180 188 1
20 72 10
20 152 4
55 176 4
64 65 10
79 83 2
121 190 8
63 106 2
55 76 10
58 61 8
26 103 3
136 150 6
79 82 2
65 167 2
39 62 10
53 160 4
48 154 1
151 156 8
44 141 2
130 182 5
80 82 6
45 84 9
146 158 1
31 130 2
71 167 6
33 50 1
113 142 5
48 165 3
66 140 4
7 98 3
70 154 7
180 193 8
58 181 5
8 49 8
53 176 10
41 63 10
1 18 1
24 129 5
26 93 9
143 158 3
77 183 6
42 146 10
55 120 5
38 45 3
92 140 2
95 187 9
121 132 3
42 43 4
47 157 6
40 140 4
33 182 6
156 190 5
3 136 8
119 126 9
90 184 5
56 70 7
139 169 7
7 80 1
47 76 10
81 117 3
106 157 3
66 157 7
76 102 2
129 141 6
7 116 3
13 86 6
12 198 2
165 170 8
55 157 10
21 157 9
47 190 8
135 179 1
8 72 8
21 35 2
115 129 3
1 75 7
127 151 10
105 118 10
35 82 5
86 133 1
9 122 10
35 86 10
124 190 9
48 77 5
38 84 6
1 152 3
8 199 7
44 112 2
32 75 1
116 127 9
61 130 9
98 163 6
68 169 1
82 178 1
66 121 4
107 113 1
53 71 1
9 50 9
82 171 8
92 195 5
57 64 9
52 57 5
41 193 7
35 163 8
13 77 7
61 122 7
79 127 10
13 44 9
48 185 1
5 23 4
7 194 2
1 34 1
103 107 3
148 153 10
185 186 1
111 165 1
41 156 3
27 126 1
37 75 10
35 47 8
18 179 7
49 173 6
35 94 3
70 93 5
127 167 8
94 185 1
34 60 6
74 167 9
92 95 9
54 89 1
59 145 6
99 152 2
40 55 7
128 192 8
18 58 4
77 180 4
155 159 6
32 33 1
63 126 8
55 188 1
165 171 1
38 191 10
27 79 9
102 124 9
53 127 1
116 121 9
46 160 3
133 187 5
92 131 2
61 196 1
125 185 1
17 45 6
120 128 9
73 138 6
80 156 2
4 174 1
3 94 8
21 111 1
90 169 2
63 98 5
29 163 1
28 42 6
32 182 4
135 169 8
157 194 5
94 140 1
77 156 10
96 144 8
73 152 5
41 132 9
80 133 7
173 182 6
46 187 5
37 149 7
111 188 10
61 109 8
11 115 1
167 171 6
165 176 8
12 51 4
60 110 3
39 177 5
145 165 2
37 109 7
35 160 1
40 157 2
82 127 5
69 81 2
142 188 10
111 156 8
111 163 4
106 107 3
1 177 9
142 156 10
29 154 5
8 62 10
26 27 1
98 171 9
29 160 5
45 91 1
3 48 7
11 15 9
80 89 5
60 184 2
63 187 6
6 9 6
9 58 7
142 183 6
152 189 2
40 136 10
14 149 2
63 77 5
190 194 5
50 177 2
158 174 7
6 181 6
42 129 10
122 149 8
14 60 1
57 156 8
22 95 3
103 149 1
106 120 10
17 168 7
1 8 2
1 122 1
180 192 8
157 186 4
43 142 4
186 188 3
65 126 3
74 150 2
5 148 4
27 107 1
7 160 6
17 78 7
2 159 4
156 176 9
31 85 8
121 127 6
25 101 4
52 131 8
140 190 9
14 38 9
146 172 5
7 192 6
171 193 10
103 156 9
53 93 6
153 198 6
6 135 10
13 92 10
4 200 7
132 167 8
46 57 4
112 185 2
162 192 6
76 136 4
47 92 4
71 98 2
150 190 2
50 99 4
27 137 3
85 130 9
40 101 5
100 108 3
4 143 3
40 44 4
44 114 9
85 109 10
60 89 10
68 104 1
135 189 6
36 109 9
30 118 10
10 126 6
171 192 4
32 184 3
3 178 9
41 57 3
50 196 8
121 192 6
29 52 8
6 35 1
122 181 10
88 135 5
26 163 8
43 96 3
61 62 1
63 178 3
56 119 7
99 130 4
49 109 4
46 82 1
56 157 9
27 57 3
55 56 7
87 181 3
89 139 9
85 122 6
121 133 4
44 94 2
3 124 10
108 173 8
76 126 6
21 185 4
14 172 4
76 146 2
98 137 8
54 184 4
124 140 6
77 127 2
27 150 5
114 180 3
105 175 1
102 150 2
95 103 1
18 34 6
87 149 7
133 165 9
84 155 1
77 85 2
32 72 5
33 60 7
116 190 2
20 99 5
95 154 5
119 127 2
13 116 4
87 196 10
