196 195 9.4991600000 0.5726350000
95 144 10
176 180 9
66 167 7
21 24 9
41 56 5
19 159 8
25 121 8
62 161 5
18 108 10
42 181 8
53 177 9
45 163 9
27 155 8
117 142 9
7 93 7
40 188 6
41 99 7
57 123 10
170 196 8
45 75 9
18 102 6
1 47 8
14 81 6
137 176 8
133 173 8
76 172 9
68 98 6
61 104 8
46 125 10
32 65 6
97 156 6
129 175 7
61 107 5
126 190 8
91 125 5
103 120 9
76 196 10
46 158 7
23 195 6
66 94 7
110 177 10
168 192 7
107 153 7
12 116 8
2 89 8
59 141 8
47 53 10
30 108 5
5 91 6
113 139 10
75 96 10
8 109 5
130 131 8
58 187 9
62 100 7
122 183 5
82 164 8
69 140 8
19 183 5
70 132 10
55 154 9
52 151 9
88 128 6
35 87 10
37 64 8
33 127 9
171 189 6
122 162 5
96 106 7
134 194 9
12 191 8
86 159 8
52 187 7
150 182 9
79 85 9
15 65 7
59 193 6
134 166 8
113 169 9
49 141 5
137 178 8
151 180 7
81 149 7
44 97 5
11 190 5
95 157 5
48 167 10
34 42 8
48 184 10
169 194 9
33 60 5
14 138 8
15 161 7
57 165 8
143 153 5
114 160 9
74 164 9
36 128 7
92 119 5
29 124 7
105 106 7
54 129 5
28 89 7
118 147 6
30 133 10
22 105 8
100 130 7
102 146 6
40 184 6
10 55 6
39 101 7
25 26 10
4 9 6
10 191 6
50 174 9
148 179 6
82 116 7
16 69 6
9 17 6
114 181 8
115 148 9
11 149 9
93 156 7
83 185 5
5 36 5
1 58 8
29 92 8
70 72 8
104 126 10
51 142 5
37 51 8
71 143 7
68 157 7
7 50 5
21 90 7
103 188 5
13 83 8
32 150 8
20 49 7
84 112 8
26 38 7
20 73 6
54 173 5
147 154 8
144 195 6
16 175 5
109 118 9
23 35 8
8 112 6
78 111 9
162 170 5
28 145 7
60 111 8
124 186 9
22 171 9
3 135 8
4 64 6
138 152 5
94 160 9
43 117 9
88 119 10
31 71 6
44 136 9
90 168 8
24 31 5
6 85 5
56 135 6
145 178 7
72 110 10
63 174 5
84 165 10
67 99 8
121 140 10
38 182 6
98 193 10
77 80 5
27 79 9
74 101 6
120 127 10
34 67 10
6 192 6
86 158 8
166 189 9
17 146 8
39 73 10
179 185 10
132 163 8
136 139 6
63 155 9
123 131 7
152 172 10
13 78 9
43 186 8
77 87 5
80 115 6
