0.000000000 0.000000000
-0.591561960 0.000000000
-0.062395392 0.000000000
0.000000000 1.000000000
0.000000000 4.050719000
0.000000000 0.000000000
0.000000000 -1.367146000
-0.808751568 0.000000000
0.000000000 0.000000000
-1.203126208 -0.847843000
0.197187320 0.000000000
-0.134791928 0.000000000
-0.134791928 0.000000000
0.000000000 2.050719000
0.124790784 0.000000000
0.000000000 0.000000000
0.000000000 -2.000000000
-1.548389177 -2.147623000
0.000000000 0.000000000
-0.134791928 0.000000000
0.000000000 -0.683573000
1.380311240 0.000000000
0.000000000 3.000000000
0.578725263 0.115818000
0.000000000 0.000000000
0.072396536 0.000000000
-0.249581569 0.000000000
0.000000000 0.000000000
-0.134791928 -0.000000000
0.000000000 0.000000000
0.000000000 0.000000000
0.000000000 0.000000000
0.000000000 0.000000000
0.331979248 0.000000000
0.020002287 0.000000000
0.000000000 -0.683573000
-0.269583856 0.000000000
0.000000000 0.000000000
-0.134791928 0.000000000
-0.384373496 0.000000000
0.000000000 0.000000000
0.000000000 0.000000000
0.000000000 -1.367146000
0.000000000 -1.000000000
-0.104788497 -2.101438000
0.000000000 -0.683573000
0.341980392 3.316427000
0.000000000 0.316427000
-0.259582712 0.000000000
-1.045049415 -3.700220000
0.000000000 0.000000000
-0.788749280 0.000000000
0.022390817 0.570022000
-0.124790784 0.000000000
0.985936600 0.000000000
0.054782778 2.038606000
0.000000000 0.000000000
0.000000000 0.000000000
0.052394248 0.101438000
-0.591561960 0.000000000
-0.062395392 0.000000000
0.000000000 -3.949281000
1.123564082 0.719912000
-0.434379215 0.000000000
-0.062395392 0.000000000
0.000000000 0.000000000
0.000000000 0.000000000
0.111954087 0.432245000
0.000000000 0.000000000
0.000000000 0.000000000
1.245519313 0.000000000
0.000000000 0.000000000
-0.134791928 0.000000000
0.000000000 0.000000000
0.000000000 0.000000000
-0.082397679 0.000000000
0.000000000 0.683573000
-1.971873201 0.000000000
0.000000000 0.683573000
0.000000000 0.316427000
0.713517191 0.115818000
0.000000000 0.000000000
0.000000000 0.316427000
0.000000000 0.000000000
0.000000000 0.000000000
0.591561960 0.000000000
0.000000000 0.000000000
0.197187320 0.000000000
0.000000000 2.316427000
0.000000000 0.000000000
0.052394248 0.000000000
0.000000000 0.000000000
0.266301279 4.016647000
0.000000000 0.050719000
-0.124790784 0.000000000
-0.249581569 0.000000000
0.000000000 0.000000000
0.000000000 0.000000000
0.000000000 0.000000000
0.000000000 -8.000000000
0.000000000 0.000000000
-0.102399967 -2.480697000
0.000000000 0.000000000
0.000000000 0.000000000
0.000000000 0.000000000
0.000000000 0.000000000
0.000000000 0.000000000
0.000000000 0.000000000
0.000000000 0.000000000
0.000000000 -0.316427000
0.000000000 0.000000000
0.000000000 0.000000000
-0.537226205 -1.591981000
0.032391961 2.570022000
-0.124790784 0.000000000
0.062395392 0.050719000
-0.967722408 -0.408797000
0.000000000 -1.000000000
-0.104788497 -3.785011000
0.000000000 1.000000000
0.000000000 0.000000000
0.000000000 0.000000000
0.701574541 0.492810000
0.000000000 -0.683573000
0.000000000 0.683573000
0.052394248 3.367146000
-0.062395392 0.000000000
-0.092398823 -5.531416000
0.000000000 0.000000000
0.013884156 2.929589000
0.000000000 0.000000000
0.000000000 0.000000000
-1.472710064 -1.898562000
-0.134791928 0.000000000
0.000000000 6.000000000
0.000000000 0.000000000
0.000000000 0.000000000
0.000000000 0.000000000
0.197187320 0.000000000
-0.197187320 0.000000000
0.114789641 0.000000000
0.000000000 0.316427000
0.861145816 0.000000000
0.000000000 2.050719000
0.134791928 0.000000000
0.000000000 0.000000000
0.127179314 3.772898000
0.072396536 0.000000000
-1.265521600 0.000000000
0.000000000 0.000000000
0.000000000 0.000000000
-0.112401111 -4.113551000
0.000000000 1.367146000
0.000000000 0.000000000
0.000000000 0.000000000
-0.197187320 0.000000000
0.000000000 0.000000000
0.000000000 0.000000000
0.000000000 0.000000000
0.000000000 0.000000000
0.000000000 0.000000000
0.000000000 0.000000000
-0.062395392 0.000000000
-0.933542352 0.000000000
0.000000000 0.683573000
0.000000000 0.000000000
0.000000000 0.000000000
0.000000000 0.000000000
0.000000000 0.000000000
0.000000000 0.000000000
0.000000000 0.000000000
-0.539167712 0.000000000
0.050005718 3.379259000
0.000000000 0.000000000
0.000000000 0.000000000
-0.331979248 0.000000000
0.000000000 0.000000000
0.000000000 0.000000000
0.000000000 0.000000000
0.000000000 0.000000000
0.000000000 1.050719000
0.351981535 0.847843000
0.000000000 0.000000000
0.000000000 2.000000000
0.000000000 -0.632854000
-0.134791928 0.000000000
0.000000000 0.000000000
-0.134791928 0.000000000
0.000000000 0.000000000
0.000000000 0.000000000
0.000000000 0.000000000
0.000000000 0.000000000
0.000000000 0.000000000
0.217189607 3.050719000
0.000000000 1.000000000
0.197187320 0.000000000
-0.197187320 0.000000000
0.394374640 0.000000000
-0.050005718 -1.797124000
0.663958496 0.050719000
0.000000000 0.000000000
0.384373496 0.000000000
-0.227190751 -1.062832000
1.577498561 0.000000000
0.234803365 0.176383000
0.269583856 0.000000000
0.000000000 0.000000000
-0.269583856 -0.000000000
0.636343595 1.507190000
0.000000000 0.000000000
0.000000000 0.000000000
-0.227190751 0.000000000
0.259582712 0.000000000
0.591561960 0.000000000
-0.187186176 0.000000000
0.000000000 -1.367146000
-0.591561960 0.000000000
0.975935457 0.000000000
0.000000000 -2.164270000
-0.331979248 0.000000000
-1.774685881 -0.000000000
-0.650674775 -0.750939000
0.000000000 0.000000000
0.000000000 0.000000000
-0.601563104 0.000000000
0.000000000 0.000000000
-0.197187320 0.000000000
-0.097175883 -2.456471000
0.000000000 1.683573000
0.000000000 0.000000000
-1.383146794 -0.719912000
0.134791928 0.000000000
0.000000000 0.000000000
-0.384373496 0.000000000
-0.092398823 -0.316427000
0.000000000 2.683573000
-0.933542352 0.000000000
0.601563104 0.000000000
0.000000000 -0.316427000
0.736355032 0.000000000
0.000000000 0.000000000
-0.663958496 0.000000000
-0.269583856 0.000000000
-0.167183889 -2.468584000
0.000000000 0.000000000
0.000000000 0.000000000
-0.641120655 -0.432245000
0.000000000 0.000000000
0.000000000 0.316427000
-0.030003431 -0.531416000
0.000000000 0.000000000
0.000000000 0.000000000
-0.394374640 0.000000000
0.000000000 -1.000000000
0.207188464 0.000000000
0.000000000 0.683573000
0.311976961 0.000000000
0.000000000 0.000000000
0.000000000 -0.683573000
0.420495058 1.449670000
0.673959640 0.000000000
0.000000000 0.000000000
0.049111671 0.067366000
0.000000000 0.000000000
0.000000000 0.000000000
0.249581569 1.101438000
-1.380311240 0.000000000
0.000000000 0.316427000
0.124790784 1.367146000
0.000000000 0.000000000
0.601563104 0.000000000
0.114789641 2.417865000
0.891149247 0.000000000
-0.092398823 -0.480697000
0.000000000 0.000000000
0.197187320 0.316427000
0.000000000 0.000000000
-0.509164281 -5.417865000
-0.134791928 0.000000000
0.167183889 1.202876000
0.601563104 0.000000000
0.000000000 -2.367146000
0.000000000 0.000000000
0.269136832 1.685840000
0.000000000 0.000000000
0.000000000 -1.000000000
0.361982679 0.000000000
0.000000000 0.000000000
0.588279383 3.333074000
0.000000000 0.000000000
0.403481737 1.105972000
0.000000000 0.000000000
-1.971873201 0.000000000
0.000000000 0.000000000
-0.054782778 -0.038606000
-0.154347192 -2.217256000
0.000000000 1.000000000
0.000000000 0.000000000
0.050005718 1.429978000
0.000000000 0.949281000
0.180467610 0.084791000
0.000000000 0.000000000
0.000000000 0.000000000
0.000000000 0.000000000
1.712290488 0.000000000
0.000000000 0.000000000
0.000000000 0.000000000
0.249581569 0.000000000
0.000000000 0.000000000
0.000000000 2.949281000
0.114789641 1.417865000
-1.417927285 -0.492810000
0.000000000 0.000000000
0.000000000 0.000000000
-0.062395392 0.000000000
0.000000000 1.000000000
0.000000000 0.000000000
-0.020002287 -0.898562000
-0.062395392 0.000000000
1.035942319 0.379259000
0.000000000 0.000000000
0.062395392 0.000000000
0.000000000 0.000000000
0.062395392 0.000000000
0.663958496 0.000000000
0.000000000 0.000000000
0.000000000 0.000000000
0.000000000 -2.202876000
0.000000000 4.152157000
0.382431990 0.111284000
0.000000000 0.000000000
0.000000000 0.000000000
0.000000000 0.000000000
-0.062395392 0.000000000
-0.197187320 -0.000000000
-0.384373496 0.000000000
0.000000000 0.000000000
0.000000000 0.000000000
0.000000000 0.000000000
0.000000000 0.316427000
0.519165424 0.000000000
0.000000000 -1.000000000
-0.183903599 -0.067366000
0.042393105 0.468584000
-0.234803365 -0.176383000
0.000000000 0.000000000
1.066392773 2.959127000
-0.269583856 0.000000000
1.694076296 0.408797000
0.000000000 0.000000000
-0.766805487 -0.111284000
0.000000000 0.000000000
0.000000000 0.000000000
0.000000000 0.000000000
0.000000000 0.000000000
-0.766358463 0.000000000
0.092398823 0.847843000
0.197187320 0.000000000
0.269583856 0.000000000
-0.217189607 0.000000000
0.009107096 1.485231000
0.000000000 0.000000000
-0.234803365 -0.176383000
1.307914705 0.000000000
0.134791928 0.000000000
0.000000000 0.000000000
0.851144672 0.316427000
0.000000000 0.000000000
0.000000000 -0.316427000
0.000000000 0.683573000
0.000000000 0.000000000
0.000000000 0.000000000
0.000000000 1.367146000
0.092398823 0.531416000
0.000000000 0.000000000
0.010001144 3.949281000
0.072396536 3.632854000
-0.394374640 0.000000000
0.000000000 0.000000000
0.000000000 0.000000000
-0.667241073 -0.034072000
0.000000000 0.000000000
0.000000000 0.000000000
0.000000000 0.000000000
-0.197187320 0.000000000
0.000000000 0.000000000
0.000000000 1.632854000
0.000000000 0.000000000
-0.740531656 -1.560954000
0.000000000 0.000000000
0.000000000 0.000000000
0.062395392 0.000000000
-0.650674775 -0.118085000
1.694076296 0.408797000
-0.100011437 -0.176383000
0.000000000 0.000000000
0.000000000 1.683573000
0.000000000 0.000000000
0.000000000 0.000000000
0.000000000 0.000000000
0.000000000 0.000000000
-0.124790784 0.000000000
0.000000000 0.000000000
-0.030003431 -2.898562000
0.000000000 0.000000000
0.000000000 0.000000000
0.121955231 0.014380000
0.000000000 0.000000000
-1.774685881 0.000000000
0.000000000 0.000000000
0.000000000 -0.316427000
-0.394374640 0.000000000
0.062395392 0.000000000
0.000000000 1.797124000
0.134791928 0.000000000
0.000000000 0.000000000
0.581560817 0.000000000
0.000000000 0.000000000
0.072396536 0.000000000
0.000000000 -0.316427000
0.000000000 2.000000000
-0.144793072 0.000000000
0.000000000 0.000000000
0.000000000 0.000000000
0.000000000 -0.683573000
-0.529166568 0.000000000
-0.269583856 -0.000000000
0.000000000 0.000000000
0.000000000 0.000000000
0.985936600 0.000000000
0.000000000 0.949281000
-0.466771176 0.000000000
0.000000000 0.000000000
0.062395392 0.000000000
0.000000000 0.000000000
0.000000000 0.000000000
0.000000000 0.000000000
0.000000000 1.683573000
0.000000000 0.000000000
-0.134791928 0.000000000
-0.049111671 -0.067366000
0.124790784 4.367146000
0.000000000 0.000000000
0.000000000 -3.316427000
-0.197187320 0.000000000
-0.118072218 -0.084791000
-0.331979248 0.000000000
0.000000000 0.000000000
0.000000000 0.000000000
0.000000000 -0.683573000
0.000000000 1.367146000
0.000000000 0.000000000
0.134791928 0.000000000
0.124790784 0.000000000
-0.112401111 -0.429978000
0.000000000 0.683573000
0.000000000 0.000000000
0.000000000 0.000000000
0.144793072 0.000000000
0.000000000 0.000000000
0.000000000 0.000000000
0.032391961 0.202876000
0.000000000 0.000000000
0.000000000 0.000000000
0.000000000 0.000000000
-0.007612614 -1.277821000
-0.114789641 -0.785011000
0.000000000 0.000000000
0.000000000 0.000000000
-1.223128495 -1.898562000
0.000000000 0.000000000
-0.062395392 0.000000000
0.000000000 0.000000000
0.000000000 0.000000000
-0.197187320 0.000000000
1.100726241 0.000000000
0.000000000 0.000000000
0.000000000 0.000000000
0.000000000 0.000000000
0.000000000 0.000000000
0.000000000 0.000000000
0.000000000 0.000000000
0.000000000 0.000000000
0.227190751 8.847843000
0.062395392 0.000000000
0.000000000 0.000000000
1.774685881 0.000000000
-0.134791928 0.000000000
0.000000000 0.000000000
0.000000000 0.000000000
-0.404375784 0.000000000
0.663958496 0.000000000
-0.207188464 0.000000000
0.000000000 0.000000000
-0.269583856 0.000000000
0.197187320 0.000000000
0.000000000 0.000000000
0.072396536 0.632854000
0.000000000 0.000000000
0.000000000 3.000000000
0.000000000 0.683573000
0.000000000 0.000000000
0.354817089 1.200609000
0.000000000 0.000000000
1.232682615 0.115818000
0.000000000 0.000000000
0.000000000 0.000000000
-0.092398823 -2.214989000
0.000000000 0.000000000
0.000000000 0.000000000
0.000000000 0.000000000
0.000000000 0.000000000
0.000000000 0.000000000
-0.381537943 -0.432245000
0.000000000 0.000000000
0.000000000 0.000000000
1.215515881 2.835730000
0.291974673 0.000000000
0.995937744 0.000000000
0.197187320 0.000000000
-0.424378071 0.000000000
0.000000000 0.000000000
1.712290488 0.000000000
0.000000000 0.000000000
1.577498561 0.000000000
0.000000000 0.000000000
0.000000000 0.000000000
0.092398823 0.531416000
0.000000000 0.000000000
0.000000000 0.000000000
0.000000000 -2.000000000
-0.162406829 -0.176383000
-0.134791928 0.000000000
-0.084786210 -1.835730000
0.000000000 0.000000000
0.000000000 0.000000000
0.351981535 0.632854000
0.439603299 1.770631000
0.000000000 0.000000000
0.000000000 0.000000000
-0.177185033 -1.519303000
0.000000000 0.000000000
0.394374640 0.000000000
0.000000000 0.000000000
0.000000000 0.000000000
0.000000000 0.000000000
0.000000000 0.000000000
0.000000000 -1.000000000
0.861145816 0.000000000
0.269583856 5.000000000
0.217189607 0.000000000
0.217189607 0.582135000
0.062395392 0.000000000
0.000000000 0.000000000
0.000000000 0.000000000
0.000000000 0.000000000
0.000000000 0.000000000
0.341980392 0.000000000
0.062395392 0.000000000
-0.269583856 0.000000000
0.000000000 0.000000000
0.000000000 0.000000000
0.217189607 0.898562000
0.000000000 0.000000000
0.000000000 0.000000000
0.443933335 0.432245000
-0.269583856 0.000000000
-0.519165424 0.000000000
0.394374640 0.000000000
-0.269583856 0.000000000
0.000000000 0.683573000
-0.259582712 0.000000000
0.000000000 0.000000000
0.000000000 0.000000000
1.577498561 0.000000000
-0.134791928 -0.683573000
0.000000000 0.000000000
-0.496774607 -0.000000000
0.062395392 0.000000000
0.000000000 0.000000000
-0.197187320 0.000000000
0.000000000 0.000000000
0.000000000 -0.949281000
0.000000000 0.000000000
0.062395392 0.000000000
0.000000000 0.000000000
0.164795359 1.214989000
-0.923541208 -0.000000000
0.000000000 -0.949281000
0.072396536 0.683573000
0.054782778 0.722179000
0.453934479 0.697953000
0.269583856 0.000000000
0.000000000 7.632854000
0.000000000 2.531416000
1.193125064 0.000000000
0.000000000 0.000000000
-0.995937744 0.000000000
0.000000000 0.632854000
0.000000000 4.000000000
0.000000000 0.000000000
0.000000000 1.000000000
0.000000000 0.000000000
-0.059559838 -0.381526000
0.000000000 0.000000000
0.000000000 0.000000000
0.000000000 0.000000000
0.000000000 0.000000000
0.000000000 0.000000000
0.010001144 0.582135000
0.000000000 0.000000000
-0.062395392 -0.683573000
0.000000000 0.000000000
0.269583856 0.000000000
-0.436320721 -0.103705000
0.000000000 0.000000000
-0.072396536 -0.265708000
0.000000000 0.000000000
0.000000000 0.000000000
0.331979248 0.000000000
0.000000000 0.000000000
-0.150911203 -1.019692000
0.000000000 0.000000000
0.000000000 0.000000000
-0.259582712 0.000000000
0.000000000 0.000000000
0.000000000 0.000000000
0.000000000 0.000000000
0.132403398 4.695686000
0.000000000 0.000000000
0.000000000 0.000000000
0.000000000 0.000000000
0.000000000 0.000000000
0.000000000 0.000000000
-0.134791928 0.000000000
0.000000000 0.000000000
0.000000000 -2.000000000
-0.134791928 0.000000000
0.000000000 0.316427000
-0.092398823 0.000000000
0.000000000 1.000000000
0.000000000 0.000000000
0.000000000 0.000000000
0.236744871 1.799391000
0.000000000 0.000000000
0.663958496 0.000000000
-0.062395392 0.000000000
-0.197187320 0.000000000
0.000000000 0.000000000
0.000000000 0.000000000
0.000000000 0.000000000
-0.091951800 -0.217256000
-0.187186176 0.000000000
0.000000000 0.000000000
0.000000000 0.000000000
0.040004575 1.480697000
0.000000000 0.000000000
0.607234211 0.604094000
0.180467610 1.768364000
-0.246746015 -0.432245000
0.072396536 0.000000000
0.000000000 0.000000000
-0.187186176 0.000000000
0.197187320 0.000000000
0.000000000 0.000000000
-0.529166568 0.000000000
0.000000000 0.000000000
0.000000000 0.000000000
0.000000000 0.000000000
0.174796503 1.746405000
0.112401111 3.113551000
0.000000000 0.000000000
0.000000000 0.000000000
0.000000000 0.000000000
0.062395392 0.000000000
-0.062395392 0.000000000
-0.062395392 0.000000000
0.269583856 0.316427000
0.000000000 0.000000000
0.394374640 0.000000000
-0.134791928 0.000000000
0.000000000 0.000000000
0.000000000 0.000000000
-0.134791928 0.000000000
0.000000000 0.000000000
0.000000000 0.000000000
0.000000000 -1.367146000
-0.062395392 0.000000000
0.000000000 0.000000000
0.788749280 0.000000000
0.000000000 0.000000000
0.000000000 -2.000000000
0.000000000 0.000000000
0.000000000 0.316427000
0.000000000 -1.000000000
0.000000000 0.000000000
0.788749280 0.000000000
0.000000000 0.000000000
0.466771176 0.000000000
0.000000000 0.000000000
0.000000000 0.000000000
0.456770032 0.000000000
0.000000000 0.000000000
0.000000000 0.316427000
0.000000000 0.000000000
0.394374640 0.000000000
0.000000000 0.000000000
0.000000000 0.000000000
0.010001144 0.000000000
0.000000000 0.316427000
0.000000000 0.000000000
0.000000000 0.000000000
0.000000000 0.000000000
0.000000000 -0.632854000
-0.269583856 0.000000000
0.000000000 0.000000000
-0.124790784 0.000000000
0.000000000 0.000000000
0.000000000 0.000000000
0.903538921 1.519303000
0.000000000 0.000000000
0.000000000 0.000000000
0.000000000 0.000000000
0.000000000 1.367146000
0.000000000 0.000000000
-0.049558695 -0.748672000
0.000000000 0.000000000
0.289586143 2.582135000
-0.134791928 0.000000000
-0.062395392 0.000000000
0.000000000 0.000000000
0.000000000 0.000000000
0.000000000 0.000000000
0.072396536 0.632854000
0.000000000 3.050719000
-0.453934479 -0.697953000
0.000000000 0.683573000
0.000000000 0.000000000
0.112401111 2.429978000
0.000000000 0.000000000
0.062395392 0.000000000
-0.020002287 0.000000000
0.000000000 0.000000000
0.000000000 -1.101438000
-0.052394248 0.000000000
0.404375784 0.000000000
0.000000000 0.000000000
0.000000000 0.000000000
0.000000000 0.000000000
0.000000000 2.367146000
0.331979248 0.000000000
0.000000000 0.000000000
-0.269583856 0.000000000
0.000000000 -1.265708000
0.000000000 0.000000000
-0.259582712 0.000000000
0.237191895 0.746405000
0.539167712 0.000000000
0.000000000 0.000000000
0.000000000 0.000000000
0.000000000 1.050719000
0.000000000 0.000000000
0.000000000 0.000000000
0.085233233 3.517036000
-0.466771176 0.000000000
0.124790784 0.000000000
0.000000000 -0.050719000
0.000000000 0.000000000
0.000000000 0.000000000
0.000000000 0.000000000
-0.134791928 0.000000000
-0.197187320 0.000000000
0.000000000 0.000000000
-0.022837841 -3.567755000
0.000000000 0.000000000
0.112401111 1.797124000
0.062395392 2.000000000
-0.118072218 -0.401218000
0.000000000 0.000000000
0.000000000 -1.898562000
0.000000000 0.000000000
-0.259582712 0.000000000
0.000000000 5.683573000
0.000000000 0.949281000
0.000000000 0.000000000
-1.462708920 0.000000000
0.384373496 0.000000000
0.000000000 -0.316427000
-0.985936600 0.000000000
-0.331979248 -0.000000000
-0.197187320 0.000000000
0.000000000 0.000000000
0.000000000 -0.316427000
0.000000000 -3.898562000
0.197187320 0.000000000
-1.884698461 -0.442091000
0.000000000 0.000000000
0.000000000 0.000000000
0.716352744 0.000000000
1.183123920 0.000000000
-0.269583856 -2.050719000
0.000000000 0.000000000
0.000000000 -1.000000000
-0.062395392 0.000000000
0.000000000 -0.632854000
0.072396536 0.000000000
0.601563104 0.000000000
0.000000000 0.000000000
1.183123920 0.000000000
0.000000000 0.468584000
0.000000000 0.000000000
0.000000000 0.000000000
0.000000000 -1.000000000
0.197187320 0.000000000
0.000000000 0.000000000
0.000000000 0.000000000
0.000000000 0.000000000
0.394374640 0.000000000
0.000000000 0.000000000
0.000000000 0.000000000
0.000000000 0.000000000
-0.539167712 0.000000000
0.000000000 -0.316427000
0.450498490 2.715378000
-0.052394248 0.000000000
0.000000000 0.000000000
-0.588279383 -1.333074000
0.121508207 6.383793000
0.000000000 -1.000000000
0.000000000 -1.316427000
0.000000000 0.000000000
1.847082416 0.000000000
0.000000000 0.000000000
0.000000000 0.000000000
1.487935291 1.137777000
1.120728528 0.000000000
0.000000000 1.000000000
0.000000000 0.000000000
0.000000000 0.000000000
-0.394374640 0.000000000
0.394374640 0.000000000
0.000000000 0.000000000
0.000000000 1.000000000
0.000000000 0.000000000
0.000000000 0.683573000
0.000000000 0.000000000
0.072396536 0.000000000
-1.380311240 0.000000000
0.000000000 2.000000000
0.074338042 0.255862000
0.000000000 2.000000000
0.299587287 4.797124000
0.000000000 0.000000000
0.000000000 0.000000000
-0.384373496 -0.050719000
0.082397679 1.582135000
-0.394374640 0.000000000
-0.259582712 0.000000000
-0.331979248 0.000000000
0.000000000 0.000000000
-0.134791928 0.000000000
0.000000000 -0.316427000
0.913540065 0.000000000
0.000000000 0.000000000
0.025226371 1.504923000
0.000000000 0.000000000
0.000000000 0.000000000
0.000000000 0.000000000
-0.134791928 0.000000000
0.000000000 1.316427000
-0.269583856 0.000000000
-0.197187320 0.000000000
0.000000000 1.367146000
0.000000000 0.000000000
-0.456770032 0.000000000
0.000000000 0.000000000
0.010001144 0.000000000
0.062395392 2.683573000
-0.394374640 0.000000000
0.000000000 0.316427000
0.000000000 0.000000000
0.000000000 0.000000000
0.000000000 2.000000000
0.000000000 0.000000000
-0.197187320 0.000000000
-0.187186176 0.000000000
0.000000000 0.000000000
0.000000000 -0.316427000
0.000000000 0.000000000
-1.452707776 0.000000000
-0.134791928 -1.367146000
0.000000000 0.000000000
0.000000000 0.000000000
0.000000000 0.000000000
0.000000000 0.367146000
0.404375784 0.000000000
-0.788749280 0.000000000
0.000000000 0.000000000
0.000000000 0.000000000
0.394374640 0.000000000
0.197187320 0.000000000
0.000000000 0.000000000
0.197187320 0.000000000
1.515103168 0.000000000
0.000000000 -0.316427000
-0.014778204 -5.925055000
0.014778204 0.925055000
-0.124790784 0.000000000
0.000000000 -1.000000000
0.000000000 -0.316427000
0.000000000 0.000000000
0.000000000 0.000000000
0.000000000 0.000000000
0.000000000 0.000000000
0.000000000 0.000000000
0.000000000 0.000000000
0.124790784 1.367146000
0.000000000 0.000000000
-0.062395392 0.000000000
-0.653957352 0.000000000
0.000000000 -1.683573000
0.000000000 2.847843000
-0.985936600 0.000000000
0.000000000 0.000000000
0.653957352 0.000000000
0.000000000 0.000000000
-0.736355032 0.000000000
0.000000000 0.000000000
0.000000000 0.000000000
1.255520456 0.000000000
0.000000000 -0.683573000
0.000000000 1.050719000
0.000000000 0.000000000
0.000000000 0.000000000
0.000000000 0.316427000
-0.144793072 0.000000000
0.000000000 0.000000000
0.000000000 0.000000000
0.000000000 -1.367146000
0.975935457 0.000000000
-0.197187320 0.000000000
0.000000000 -1.632854000
0.000000000 0.000000000
0.000000000 0.000000000
0.000000000 1.316427000
0.000000000 0.000000000
-0.663958496 0.000000000
0.000000000 0.000000000
-0.539167712 0.000000000
-0.473489742 -3.700220000
-0.187186176 0.000000000
0.000000000 0.000000000
0.000000000 0.000000000
0.000000000 0.000000000
0.000000000 0.683573000
0.331979248 0.000000000
0.000000000 2.000000000
0.134791928 0.000000000
1.347919279 0.000000000
0.000000000 -1.000000000
-0.985936600 0.000000000
0.000000000 0.000000000
0.985936600 0.000000000
0.394374640 0.000000000
0.000000000 0.000000000
0.000000000 0.000000000
0.000000000 0.000000000
0.000000000 0.000000000
0.072396536 0.000000000
0.000000000 0.000000000
0.000000000 0.000000000
0.062395392 0.000000000
-0.062395392 0.000000000
-0.394374640 0.000000000
0.591561960 0.000000000
0.000000000 1.683573000
0.000000000 0.000000000
0.985936600 0.000000000
-0.124790784 -2.050719000
0.000000000 0.000000000
0.000000000 0.000000000
0.134791928 0.000000000
0.000000000 0.000000000
0.000000000 0.000000000
-0.321978104 0.000000000
0.000000000 2.000000000
0.000000000 0.000000000
0.000000000 0.000000000
-0.404375784 0.000000000
0.000000000 0.000000000
-0.124790784 0.000000000
0.913540065 0.000000000
-0.134791928 0.000000000
0.000000000 0.000000000
0.000000000 0.000000000
0.000000000 0.000000000
0.000000000 0.000000000
0.000000000 1.367146000
0.000000000 0.000000000
0.000000000 0.000000000
0.000000000 0.000000000
0.000000000 0.000000000
-0.134791928 0.000000000
0.000000000 0.000000000
1.380311240 0.000000000
0.072396536 0.000000000
-0.259582712 0.000000000
0.000000000 0.000000000
0.000000000 0.000000000
0.000000000 0.000000000
0.000000000 0.000000000
0.279585000 0.000000000
0.000000000 4.316427000
0.000000000 0.000000000
0.000000000 0.000000000
0.000000000 0.000000000
0.082397679 0.582135000
-0.998773298 -1.352766000
0.062395392 0.000000000
0.000000000 -0.316427000
-0.197187320 0.000000000
0.000000000 1.683573000
0.000000000 1.632854000
0.000000000 0.000000000
-0.269583856 0.000000000
0.000000000 0.000000000
-0.798750424 0.000000000
0.000000000 0.000000000
0.000000000 0.000000000
0.000000000 0.000000000
0.581113793 1.685840000
0.197187320 0.000000000
-0.275701987 -2.601827000
0.000000000 0.000000000
0.000000000 0.000000000
0.943543496 0.000000000
0.000000000 2.000000000
-0.072396536 0.000000000
0.052394248 2.785011000
-0.020002287 0.000000000
0.000000000 0.000000000
0.000000000 0.000000000
0.000000000 2.265708000
0.000000000 0.000000000
0.000000000 0.000000000
0.000000000 0.000000000
0.000000000 1.050719000
0.000000000 0.000000000
0.985936600 0.000000000
0.000000000 -0.050719000
0.404375784 0.000000000
-0.798750424 0.000000000
0.321978104 0.000000000
0.000000000 0.113551000
0.000000000 0.000000000
0.000000000 0.000000000
-0.134791928 0.000000000
0.000000000 0.000000000
0.000000000 0.000000000
0.000000000 0.000000000
-0.197187320 0.000000000
0.923541208 0.000000000
0.197187320 0.000000000
0.000000000 0.000000000
0.000000000 0.000000000
0.000000000 1.683573000
0.000000000 -1.316427000
0.000000000 0.000000000
0.269583856 0.000000000
-0.331979248 0.000000000
-0.124790784 -0.000000000
0.436767745 0.152157000
0.000000000 -0.367146000
0.062395392 0.000000000
-0.197187320 0.000000000
-0.132403398 -4.328540000
0.100011437 0.176383000
0.000000000 0.000000000
-0.269583856 0.000000000
0.000000000 10.000000000
-0.456770032 0.000000000
-0.788749280 0.000000000
0.000000000 0.000000000
0.000000000 0.316427000
-0.216295560 -0.738826000
-0.591561960 0.000000000
0.000000000 0.000000000
0.000000000 0.000000000
0.000000000 0.000000000
0.000000000 0.000000000
0.000000000 -3.000000000
0.163901312 0.168804000
0.601563104 0.000000000
0.197187320 0.000000000
0.394374640 0.000000000
0.000000000 2.214989000
-0.076573160 -2.978819000
0.000000000 0.000000000
-0.144793072 -1.898562000
0.000000000 0.000000000
0.187186176 0.000000000
0.000000000 0.000000000
0.000000000 0.000000000
0.456770032 0.000000000
0.000000000 0.000000000
-0.601563104 0.000000000
-1.130282648 -0.002267000
0.000000000 0.000000000
0.000000000 0.000000000
0.000000000 0.000000000
0.000000000 0.000000000
0.000000000 0.000000000
0.000000000 0.000000000
0.505881703 3.434512000
-0.206741440 -1.685840000
0.000000000 0.000000000
0.000000000 -1.000000000
-0.269583856 0.000000000
-0.985936600 0.000000000
0.000000000 0.000000000
0.000000000 0.000000000
0.000000000 0.000000000
0.000000000 0.000000000
0.000000000 1.000000000
0.000000000 4.000000000
-0.985936600 0.000000000
-0.042393105 -3.101438000
0.000000000 0.000000000
0.000000000 0.000000000
-0.097175883 -3.507190000
0.000000000 0.000000000
0.000000000 1.632854000
0.716352744 0.000000000
0.000000000 0.000000000
-0.466771176 0.000000000
0.032391961 0.202876000
0.000000000 0.000000000
0.000000000 0.000000000
0.000000000 0.000000000
0.000000000 0.000000000
0.000000000 0.000000000
-1.347919279 0.000000000
0.000000000 0.000000000
-0.341980392 0.000000000
-0.197187320 -0.683573000
0.000000000 0.000000000
0.000000000 0.000000000
0.134791928 4.316427000
0.000000000 2.683573000
0.187186176 4.367146000
0.000000000 -0.316427000
0.723965358 0.000000000
0.207188464 1.683573000
-0.134791928 0.000000000
0.000000000 0.000000000
1.712290488 0.000000000
0.000000000 0.000000000
0.000000000 -1.101438000
0.000000000 1.367146000
0.000000000 0.000000000
0.000000000 0.000000000
0.000000000 -0.316427000
0.000000000 0.000000000
0.000000000 0.000000000
0.000000000 0.000000000
14.5571110388
