0.000000000 -0.000000000
0.000000000 0.000000000
0.000000000 0.000000000
0.040605116 0.000000000
0.000000000 0.000000000
0.000000000 -0.000000000
0.572881094 0.353926923
0.000000000 1.292146154
0.000000000 0.000000000
0.000000000 0.000000000
0.000000000 0.000000000
0.000000000 0.129214615
0.273640420 0.000000000
0.000000000 0.000000000
0.000000000 -0.000000000
0.000000000 0.000000000
-0.136820210 -0.000000000
-0.349552956 0.000000000
0.000000000 0.000000000
0.000000000 -0.000000000
0.000000000 -1.000000000
0.000000000 0.000000000
0.000000000 0.000000000
0.000000000 -0.000000000
0.000000000 -0.000000000
0.000000000 -0.000000000
-0.020302558 -0.000000000
-0.116517652 0.000000000
0.000000000 0.000000000
0.136820210 0.000000000
0.000000000 -0.000000000
0.000000000 0.000000000
0.000000000 2.000000000
0.000000000 0.000000000
0.000000000 -0.000000000
0.000000000 -1.000000000
0.000000000 0.000000000
-0.136820210 0.000000000
0.000000000 -0.000000000
0.000000000 -0.000000000
0.000000000 0.000000000
-0.197727884 -0.000000000
0.000000000 -0.000000000
0.000000000 -0.000000000
0.000000000 0.129214615
0.000000000 0.000000000
-0.253337862 -0.000000000
0.000000000 -0.000000000
0.000000000 -0.000000000
0.000000000 -0.000000000
0.000000000 -0.000000000
0.000000000 0.000000000
0.000000000 -0.000000000
-0.020302558 0.000000000
0.000000000 -0.258429231
0.000000000 -0.000000000
-0.075912536 -1.387643846
0.000000000 0.000000000
0.000000000 0.000000000
-0.628491071 0.000000000
0.000000000 0.000000000
0.000000000 0.000000000
0.000000000 -0.000000000
0.000000000 -0.000000000
0.000000000 0.000000000
0.004409469 0.971936154
-0.101512790 -1.095497692
-0.009707165 -0.550575385
0.000000000 0.000000000
0.000000000 -3.612356154
0.000000000 -0.000000000
-0.136820210 0.000000000
0.000000000 0.000000000
0.476666000 1.095497692
0.000000000 0.000000000
0.000000000 0.000000000
0.000000000 0.775287692
0.000000000 0.741570769
0.020302558 0.000000000
0.000000000 0.000000000
0.000000000 0.000000000
0.000000000 0.000000000
0.020302558 0.000000000
0.000000000 0.000000000
0.000000000 -0.000000000
0.000000000 0.000000000
0.000000000 -0.000000000
0.000000000 0.000000000
0.000000000 0.000000000
0.111219956 0.000000000
0.106810486 1.320210000
0.000000000 0.870785385
0.000000000 0.000000000
0.000000000 -0.000000000
0.000000000 0.000000000
0.000000000 -0.000000000
0.000000000 -0.000000000
0.000000000 0.000000000
-0.293942978 0.000000000
0.000000000 0.000000000
0.000000000 -0.000000000
0.000000000 0.000000000
-0.157122768 -0.000000000
0.000000000 1.741570769
0.000000000 0.000000000
0.000000000 0.000000000
0.978044027 3.387643846
-0.210099731 -1.662830769
0.000000000 0.000000000
0.000000000 0.000000000
0.233035304 0.000000000
0.000000000 -0.000000000
0.451065746 0.000000000
0.000000000 0.000000000
0.208323276 0.415707692
0.000000000 0.000000000
-0.177425326 -0.000000000
0.000000000 -0.000000000
0.288645281 0.162931538
0.000000000 0.000000000
0.142117906 0.000000000
0.000000000 -0.000000000
0.000000000 -0.000000000
-0.020302558 0.000000000
0.015004862 2.516858462
0.000000000 -0.129214615
0.000000000 0.000000000
0.000000000 0.000000000
0.000000000 0.000000000
0.000000000 0.000000000
0.000000000 0.000000000
0.000000000 3.000000000
0.000000000 -0.000000000
0.000000000 2.870785385
0.000000000 -0.000000000
0.000000000 0.000000000
0.000000000 -0.741570769
-0.020302558 -1.000000000
0.207435049 0.679790000
0.000000000 0.000000000
0.000000000 0.000000000
0.000000000 0.000000000
0.000000000 0.000000000
0.000000000 0.000000000
0.000000000 0.000000000
0.000000000 0.000000000
0.000000000 -0.000000000
0.000000000 0.000000000
0.273640420 0.000000000
0.000000000 -0.000000000
0.000000000 0.000000000
0.157122768 0.000000000
0.451065746 0.000000000
1.099859375 0.000000000
0.157122768 0.000000000
0.000000000 0.000000000
0.040605116 0.000000000
0.000000000 -1.129214615
0.096215094 0.000000000
-0.273640420 0.000000000
0.000000000 -0.000000000
0.000000000 0.000000000
0.000000000 0.000000000
0.000000000 -0.000000000
0.000000000 -0.000000000
0.000000000 -0.000000000
0.000000000 0.000000000
0.000000000 0.870785385
0.131522514 0.162931538
0.000000000 0.000000000
0.000000000 -0.000000000
0.000000000 -0.000000000
0.000000000 -0.000000000
0.000000000 -0.000000000
0.000000000 0.000000000
0.000000000 -0.000000000
0.000000000 -0.000000000
0.000000000 -0.000000000
0.000000000 0.000000000
0.000000000 -0.000000000
-0.060907674 0.000000000
0.000000000 0.000000000
0.000000000 -0.000000000
0.000000000 -0.000000000
0.410460630 0.000000000
0.237444773 0.618009231
0.308947839 2.550575385
0.000000000 -0.000000000
0.116517652 0.000000000
0.136820210 0.000000000
0.314245536 0.000000000
1.099859375 0.000000000
0.000000000 0.000000000
0.000000000 -0.000000000
-0.062652462 -0.342822308
0.000000000 0.000000000
0.000000000 2.000000000
0.136820210 0.000000000
0.000000000 -0.000000000
0.000000000 0.000000000
0.000000000 0.000000000
0.000000000 -0.000000000
0.395455768 0.000000000
0.000000000 0.129214615
0.096215094 0.904502308
0.000000000 -0.000000000
0.000000000 -0.000000000
0.000000000 0.000000000
0.000000000 0.000000000
0.000000000 -0.000000000
0.000000000 -0.000000000
0.000000000 0.000000000
0.000000000 0.000000000
0.000000000 0.000000000
0.000000000 -0.000000000
0.000000000 0.000000000
0.000000000 0.000000000
0.000000000 0.000000000
0.000000000 -0.000000000
0.613486210 2.190995385
0.000000000 -0.000000000
0.000000000 0.000000000
0.000000000 -0.129214615
0.000000000 0.000000000
0.000000000 -0.000000000
0.314245536 0.000000000
0.000000000 -0.000000000
0.157122768 0.000000000
0.000000000 0.000000000
0.471368304 0.870785385
0.000000000 3.000000000
0.000000000 -0.000000000
0.000000000 -0.000000000
0.000000000 0.000000000
-0.547280839 0.000000000
0.000000000 0.000000000
0.000000000 0.000000000
0.000000000 0.000000000
0.000000000 -0.870785385
-0.020302558 -0.000000000
0.000000000 0.000000000
0.000000000 -0.000000000
0.000000000 -0.000000000
0.000000000 -0.000000000
0.000000000 0.000000000
0.000000000 0.000000000
-0.253337862 -0.000000000
0.000000000 -0.000000000
0.000000000 -0.000000000
0.000000000 -0.000000000
0.000000000 -0.000000000
0.000000000 -0.000000000
0.000000000 0.000000000
0.000000000 0.000000000
0.000000000 0.000000000
0.000000000 0.000000000
0.000000000 3.870785385
0.000000000 -1.870785385
0.045902812 2.449424615
0.000000000 0.000000000
0.000000000 0.000000000
0.000000000 -0.000000000
-0.096215094 0.000000000
0.000000000 -0.000000000
0.000000000 2.870785385
0.000000000 -0.000000000
0.000000000 -0.000000000
0.000000000 0.000000000
-0.020302558 -0.741570769
0.000000000 0.000000000
0.000000000 -0.000000000
0.354850652 0.000000000
0.000000000 -0.000000000
0.000000000 0.000000000
-0.136820210 -0.000000000
-0.020302558 0.000000000
0.000000000 -0.000000000
-0.055609978 -2.387643846
0.000000000 0.000000000
0.000000000 0.000000000
0.000000000 -0.000000000
0.000000000 -0.000000000
0.288645281 0.421360769
0.000000000 -0.870785385
0.000000000 -0.000000000
0.000000000 -0.000000000
0.045902812 0.707853846
0.000000000 0.000000000
0.000888227 1.123561538
0.000000000 -0.000000000
0.000000000 0.000000000
-0.020302558 0.000000000
0.000000000 0.000000000
0.000000000 -0.000000000
0.000000000 -0.000000000
0.060907674 0.000000000
0.000000000 0.000000000
0.000000000 -0.000000000
0.000000000 -0.000000000
-0.263933254 -0.320210000
0.116517652 0.000000000
0.000000000 0.000000000
-0.177425326 0.000000000
0.000000000 -0.000000000
-0.704403607 0.000000000
0.000000000 -0.000000000
0.000000000 0.000000000
0.000000000 0.000000000
0.000000000 -0.000000000
-0.000000000 -0.870785385
0.000000000 -0.000000000
0.131522514 0.162931538
-0.187132491 -1.292146154
0.000000000 0.000000000
0.000000000 -0.000000000
0.000000000 -0.000000000
0.000000000 9.129214615
0.000000000 0.000000000
0.000000000 0.000000000
0.000000000 0.000000000
-0.314245536 -0.000000000
-0.051200509 -1.544922308
-0.314245536 0.000000000
0.000000000 -0.000000000
0.000000000 0.000000000
0.000000000 1.000000000
0.000000000 0.000000000
0.000000000 -0.000000000
0.000000000 0.000000000
0.000000000 0.000000000
0.000000000 -0.000000000
0.000000000 -0.000000000
0.000000000 -0.000000000
0.861526375 0.000000000
0.050312282 0.550575385
-0.177425326 -0.000000000
0.000000000 -0.000000000
0.136820210 0.000000000
0.000000000 0.000000000
0.000000000 0.000000000
-0.268342723 -0.000000000
0.000000000 0.000000000
0.000000000 0.000000000
0.375153210 0.000000000
0.000000000 -0.000000000
0.942736607 2.129214615
0.120927121 4.230365385
0.000000000 -0.000000000
0.000000000 0.000000000
0.121815348 0.000000000
0.001776454 0.988693846
0.000000000 -0.000000000
0.000000000 -2.000000000
0.000000000 -0.000000000
-0.029121496 -1.814657692
0.000000000 0.000000000
0.000000000 -0.000000000
0.000000000 -0.000000000
0.000000000 -6.516858462
0.000000000 0.000000000
-0.015004862 -0.000000000
0.000000000 0.000000000
0.000000000 -0.000000000
-0.628491071 0.000000000
0.000000000 -0.000000000
0.000000000 0.000000000
0.000000000 0.000000000
0.000000000 0.000000000
0.000000000 0.870785385
-0.136820210 -0.000000000
0.190685400 0.527963077
0.000000000 -0.000000000
0.000000000 -0.000000000
0.000000000 -0.000000000
0.000000000 -1.000000000
0.000000000 -0.000000000
-0.020302558 -0.000000000
0.000000000 -0.000000000
0.000000000 0.000000000
0.000000000 0.000000000
-0.767087736 -2.084191538
0.000000000 -0.000000000
0.035307420 0.000000000
0.957741469 0.000000000
-0.471368304 0.000000000
0.000000000 -0.000000000
0.000000000 0.000000000
0.000000000 0.000000000
0.000000000 0.000000000
0.000000000 -0.000000000
0.000000000 0.000000000
0.000000000 -0.000000000
0.000000000 0.000000000
0.000000000 -0.000000000
0.000000000 -0.000000000
-0.314245536 -0.000000000
0.000000000 0.000000000
0.000000000 0.000000000
0.000000000 0.000000000
0.000000000 0.000000000
0.000000000 0.000000000
0.000000000 0.000000000
0.000000000 -0.000000000
0.000000000 0.000000000
0.000000000 -0.000000000
0.000000000 0.000000000
0.000000000 -0.129214615
0.000000000 -0.000000000
0.000000000 -0.000000000
0.136820210 0.000000000
0.000000000 -0.000000000
-0.086507928 -2.190995385
-0.157122768 0.000000000
1.175771911 0.000000000
0.218030442 0.000000000
0.000000000 -0.000000000
0.000000000 0.000000000
0.000000000 -0.000000000
0.000000000 -0.000000000
0.000000000 -0.000000000
0.000000000 -0.000000000
0.000000000 0.000000000
0.000000000 -0.000000000
0.000000000 -0.000000000
0.000000000 -0.000000000
-0.242742469 -1.421360769
0.020302558 0.000000000
0.000000000 -0.000000000
0.000000000 0.129214615
0.000000000 -0.000000000
0.000000000 0.000000000
0.000000000 0.129214615
0.000000000 1.129214615
0.471368304 0.000000000
0.000000000 -0.129214615
0.841223817 0.000000000
0.000000000 -0.000000000
0.000000000 -0.000000000
0.000000000 -0.000000000
0.080322005 1.618009231
0.000000000 0.129214615
0.000000000 2.000000000
0.000000000 -0.000000000
-0.157122768 0.000000000
0.000000000 -0.000000000
0.000000000 0.000000000
-0.191541961 -0.780940769
0.000000000 0.000000000
0.000000000 0.000000000
0.000000000 0.000000000
0.000000000 -0.000000000
0.000000000 -0.000000000
0.157122768 0.000000000
0.000000000 0.000000000
0.942736607 0.000000000
-0.031786178 -0.668483846
0.000000000 0.000000000
0.000000000 0.000000000
0.000000000 0.870785385
0.000000000 -0.000000000
0.000000000 -1.095497692
0.000000000 0.000000000
0.000000000 0.000000000
0.000000000 0.000000000
-0.157122768 0.000000000
-0.785613839 -0.000000000
0.000000000 -0.000000000
0.000000000 0.000000000
0.000000000 -0.000000000
0.000000000 0.000000000
0.122703575 0.348273846
0.000000000 0.000000000
0.000000000 0.000000000
0.000000000 0.000000000
0.000000000 -0.000000000
0.000000000 3.612356154
0.000000000 -0.000000000
0.000000000 0.000000000
0.000000000 -0.000000000
0.000000000 0.000000000
0.466070607 0.000000000
0.000000000 0.000000000
-0.273640420 0.000000000
0.000000000 -2.741570769
0.000000000 -0.000000000
-0.770608978 -1.095497692
0.000000000 0.000000000
0.000000000 3.000000000
0.000000000 -0.000000000
0.000000000 0.000000000
0.000000000 -0.000000000
0.000000000 0.000000000
0.000000000 -0.000000000
0.000000000 -0.000000000
0.000000000 0.000000000
0.000000000 -0.000000000
0.000000000 -0.000000000
0.000000000 1.000000000
0.369855514 0.000000000
0.000000000 -0.000000000
-0.116517652 0.000000000
0.000000000 0.000000000
0.000000000 0.000000000
0.000000000 -0.000000000
0.000000000 0.000000000
0.000000000 -0.000000000
0.000000000 0.000000000
0.000000000 -0.000000000
0.204802034 1.696547692
0.000000000 0.000000000
0.000000000 -0.000000000
0.000000000 1.870785385
0.000000000 -0.000000000
-0.471368304 0.000000000
0.000000000 0.000000000
0.000000000 -0.000000000
0.000000000 0.000000000
0.136820210 0.000000000
0.045902812 0.578639231
0.000000000 -0.000000000
0.000000000 -0.000000000
0.704403607 0.000000000
0.000000000 0.000000000
0.000000000 -0.000000000
0.000000000 0.000000000
0.000000000 0.000000000
0.000000000 -0.258429231
-0.000000000 -0.870785385
0.000000000 0.000000000
0.000000000 -0.000000000
0.075912536 0.000000000
-0.293942978 0.000000000
0.000000000 0.000000000
0.000000000 -0.129214615
0.000000000 0.000000000
0.157122768 0.000000000
0.000000000 0.000000000
0.000000000 -0.000000000
0.000000000 0.000000000
0.000000000 -0.000000000
0.000000000 0.000000000
0.020302558 0.000000000
-0.060907674 0.000000000
0.000000000 0.000000000
0.000000000 0.000000000
0.000000000 0.000000000
0.000000000 -0.000000000
0.000000000 -0.000000000
0.000000000 0.000000000
0.000000000 0.000000000
0.000000000 -0.000000000
-0.136820210 0.000000000
0.000000000 0.612356154
0.000000000 1.258429231
0.000000000 -0.000000000
0.000000000 0.000000000
-0.096215094 -0.258429231
0.000000000 0.000000000
0.000000000 0.000000000
0.000000000 -0.000000000
0.000000000 0.000000000
0.000000000 -0.000000000
0.229514062 0.668483846
-0.136820210 0.000000000
0.000000000 0.000000000
0.000000000 0.000000000
-0.410460630 -0.000000000
0.000000000 0.000000000
-1.099859375 0.000000000
0.000000000 0.000000000
0.000000000 -0.000000000
0.000000000 0.000000000
0.000000000 0.000000000
0.000000000 -0.000000000
0.000000000 -0.000000000
0.000000000 0.000000000
0.000000000 0.000000000
0.000000000 -0.000000000
0.000000000 0.000000000
0.000000000 0.000000000
0.000000000 0.000000000
0.000000000 0.000000000
-0.090917398 -0.421360769
0.000000000 0.129214615
-0.020302558 -0.000000000
0.055609978 1.516858462
0.000000000 -0.000000000
0.000000000 0.000000000
0.000000000 -0.000000000
0.055609978 2.775287692
0.000000000 0.387643846
0.000000000 -0.000000000
0.000000000 -0.000000000
0.000000000 0.000000000
0.000000000 0.000000000
-0.314245536 -0.000000000
0.000000000 0.000000000
-0.785613839 -0.129214615
0.000000000 -0.000000000
0.000000000 0.000000000
0.000000000 -0.000000000
0.000000000 0.000000000
0.121815348 1.224712308
0.273640420 2.258429231
-0.334548094 0.000000000
0.000000000 0.000000000
0.000000000 0.000000000
0.000000000 1.483141538
0.000000000 0.000000000
-0.091805625 -0.415707692
-0.197727884 -0.000000000
-0.410460630 -0.000000000
-0.390158072 0.000000000
-0.314245536 0.000000000
0.000000000 -0.000000000
0.020302558 0.000000000
0.000000000 0.870785385
0.000000000 0.000000000
-0.430763188 -1.516858462
0.000000000 -0.000000000
0.000000000 0.000000000
-0.157122768 -0.000000000
0.000000000 -0.000000000
-0.942736607 0.000000000
0.000000000 -0.000000000
0.000000000 -0.000000000
0.375153210 0.000000000
0.000000000 0.000000000
0.000000000 0.000000000
0.000000000 -0.000000000
0.314245536 0.000000000
0.000000000 -0.000000000
0.000000000 0.000000000
0.000000000 0.000000000
0.000000000 -0.000000000
0.000000000 0.000000000
0.000000000 -0.000000000
-0.136820210 0.000000000
0.000000000 0.000000000
0.000000000 1.741570769
0.486373165 0.516858462
0.000000000 -0.000000000
0.000000000 -0.000000000
0.157122768 0.000000000
-0.314245536 -0.000000000
0.000000000 -0.000000000
0.000000000 -0.000000000
0.000000000 0.000000000
0.136820210 0.000000000
0.000000000 0.000000000
0.000000000 0.000000000
0.000000000 -0.000000000
-0.009707165 -0.455077692
0.000000000 -0.000000000
0.000000000 0.000000000
0.000000000 0.000000000
0.000000000 0.000000000
0.000000000 0.000000000
0.345143486 0.415707692
0.000000000 0.000000000
0.000000000 0.000000000
0.000000000 0.000000000
0.000000000 -1.741570769
0.000000000 0.000000000
0.000000000 -0.000000000
0.000000000 0.000000000
0.000000000 0.000000000
0.000000000 0.000000000
0.000000000 0.000000000
0.000000000 -0.000000000
0.000000000 -0.000000000
0.136820210 0.000000000
0.000000000 -0.000000000
0.000000000 -0.000000000
0.000000000 0.000000000
0.000000000 -0.000000000
0.000000000 -0.000000000
0.000000000 -0.000000000
0.000000000 0.000000000
0.000000000 -0.000000000
0.253337862 0.000000000
0.000000000 -0.000000000
0.111219956 1.325863077
0.000000000 -0.000000000
0.000000000 0.000000000
-0.192430188 -3.775287692
0.000000000 -0.000000000
0.000000000 0.000000000
0.000000000 1.000000000
0.000000000 0.258429231
0.000000000 0.000000000
0.000000000 0.000000000
0.000000000 0.000000000
0.000000000 0.000000000
0.000000000 0.000000000
-0.471368304 -0.000000000
0.000000000 0.000000000
0.000000000 -0.000000000
0.000000000 -0.000000000
0.177425326 0.000000000
0.000000000 0.000000000
0.000000000 0.258429231
0.000000000 0.000000000
0.020302558 0.000000000
-0.096215094 -1.387643846
0.000000000 -0.000000000
0.000000000 0.000000000
0.040605116 0.000000000
0.000000000 -0.000000000
0.000000000 0.000000000
-0.009707165 -0.938219231
-0.157122768 0.000000000
0.000000000 -0.000000000
0.000000000 0.000000000
0.136820210 0.000000000
0.000000000 -0.000000000
0.000000000 -0.000000000
0.000000000 -0.000000000
-0.273640420 -0.000000000
0.000000000 -0.000000000
0.000000000 0.000000000
-0.293942978 -0.000000000
0.000000000 0.000000000
0.000000000 -0.000000000
0.000000000 0.000000000
0.000000000 0.000000000
0.000000000 0.000000000
0.000000000 -2.000000000
0.000000000 0.000000000
-0.253337862 -1.292146154
0.000000000 0.000000000
0.000000000 -0.000000000
0.471368304 0.000000000
-0.765311281 0.000000000
0.000000000 0.000000000
0.785613839 0.000000000
-0.229514062 -0.410054615
0.000000000 0.000000000
0.000000000 -0.000000000
0.000000000 0.000000000
-0.136820210 0.000000000
0.000000000 -0.000000000
0.000000000 0.000000000
0.000000000 -0.258429231
0.000000000 0.000000000
0.000000000 -0.000000000
0.000000000 0.000000000
0.000000000 -1.741570769
0.116517652 0.000000000
0.000000000 -0.000000000
-0.157122768 -0.000000000
0.000000000 0.000000000
0.000000000 -0.000000000
0.000000000 0.000000000
0.000000000 -0.000000000
0.225104592 0.792045385
0.000000000 -0.000000000
0.000000000 0.000000000
0.000000000 -0.000000000
0.000000000 -0.000000000
0.000000000 0.000000000
0.000000000 -0.000000000
0.000000000 0.000000000
0.000000000 0.000000000
0.000000000 -0.000000000
0.000000000 0.000000000
0.000000000 -0.000000000
0.000000000 -0.000000000
0.000000000 0.000000000
0.000000000 0.000000000
0.273640420 0.000000000
0.000000000 -0.000000000
0.000000000 0.000000000
-0.314245536 -0.000000000
0.000000000 -0.000000000
0.000000000 -0.000000000
0.000000000 -0.000000000
0.000000000 0.000000000
0.000000000 -0.000000000
0.000000000 -0.000000000
-0.136820210 0.000000000
0.000000000 0.000000000
0.000000000 0.000000000
0.000000000 0.000000000
0.000000000 -0.000000000
0.021190785 4.252776154
0.000000000 -0.000000000
0.000000000 -0.000000000
0.000000000 -0.353926923
0.000000000 -0.000000000
0.000000000 0.258429231
0.000000000 -0.000000000
0.273640420 0.000000000
0.000000000 -0.000000000
0.000000000 0.000000000
0.000000000 0.000000000
0.000000000 -0.000000000
0.000000000 0.000000000
0.000000000 0.000000000
0.000000000 0.129214615
0.000000000 2.258429231
0.000000000 -0.000000000
0.000000000 -0.000000000
0.000000000 -1.000000000
0.000000000 0.000000000
0.000000000 0.000000000
0.000000000 1.033716923
0.000000000 -0.000000000
0.800618701 0.000000000
0.000000000 0.000000000
0.157122768 0.000000000
-0.101512790 -0.000000000
0.000000000 0.000000000
0.000000000 -0.000000000
0.000000000 -0.000000000
0.314245536 0.000000000
-0.029121496 -1.814657692
-0.081210232 -0.000000000
0.000000000 -0.000000000
0.000000000 0.000000000
0.000000000 0.000000000
0.000000000 -0.000000000
-0.314245536 -0.000000000
0.007074150 1.825762308
-0.116517652 0.000000000
0.000000000 -0.000000000
0.000000000 -0.646073077
0.000000000 -0.000000000
0.785613839 0.000000000
-0.273640420 0.000000000
0.000000000 0.000000000
0.000000000 -0.000000000
0.197727884 0.353926923
0.000000000 -0.000000000
0.000000000 -0.000000000
0.000000000 -0.000000000
0.000000000 -0.000000000
0.000000000 -0.000000000
0.000000000 -0.000000000
0.000000000 -0.000000000
-0.020302558 0.000000000
-0.096215094 -0.387643846
0.000000000 -0.000000000
0.000000000 0.000000000
0.000000000 -0.000000000
0.157122768 1.612356154
0.000000000 0.000000000
-0.273640420 -0.000000000
0.000000000 -0.000000000
-0.136820210 -0.000000000
-0.471368304 0.000000000
-0.061795901 -1.089844615
0.000000000 -0.000000000
0.000000000 0.741570769
0.000000000 -0.258429231
0.000000000 -0.000000000
0.136820210 0.000000000
-0.826218955 0.000000000
0.526978281 0.000000000
0.000000000 -0.000000000
0.240109454 3.471835385
0.000000000 -0.000000000
0.000000000 -0.870785385
0.000000000 0.000000000
0.157122768 0.000000000
0.000000000 -0.000000000
0.000000000 -0.000000000
0.467847062 0.022410769
-0.107698713 -0.797698462
0.000000000 0.000000000
-0.136820210 -0.000000000
0.062652462 0.342822308
0.000000000 -0.000000000
0.000000000 -0.612356154
0.000000000 -0.870785385
0.000000000 0.000000000
0.293942978 0.000000000
0.000000000 -0.000000000
0.000000000 0.000000000
0.000000000 -5.000000000
0.000000000 0.516858462
0.000000000 -0.000000000
0.000000000 0.000000000
0.000000000 0.000000000
0.000000000 0.000000000
0.000000000 0.000000000
0.000000000 -0.000000000
0.000000000 -0.000000000
0.000000000 0.000000000
0.000000000 0.000000000
0.000000000 0.000000000
0.029121496 0.427013846
0.000000000 -0.000000000
0.000000000 0.000000000
0.000000000 -0.000000000
0.000000000 -0.000000000
0.157122768 0.000000000
0.000000000 -0.000000000
0.000000000 -0.000000000
0.000000000 0.000000000
0.000000000 0.000000000
0.000000000 0.000000000
0.000000000 0.000000000
0.040605116 0.000000000
0.000000000 -0.000000000
0.000000000 -0.000000000
-0.040605116 0.000000000
0.000000000 0.000000000
0.000000000 -0.000000000
-1.414104911 0.000000000
0.000000000 -0.000000000
0.000000000 0.000000000
0.000000000 -0.000000000
0.000000000 -0.000000000
0.000000000 0.000000000
0.248928393 1.190995385
0.000000000 -0.000000000
0.000000000 0.000000000
0.000000000 0.000000000
0.000000000 1.741570769
0.000000000 0.000000000
0.000000000 0.000000000
1.571227679 0.000000000
0.136820210 0.000000000
-0.040605116 -0.741570769
0.000000000 -0.129214615
-0.192430188 -0.516858462
0.000000000 -0.000000000
0.000000000 0.000000000
-0.669096188 -5.741570769
0.000000000 0.000000000
0.197727884 0.000000000
0.471368304 0.000000000
0.136820210 0.000000000
0.000000000 0.000000000
0.000000000 0.000000000
-0.684101049 -0.000000000
0.000000000 -0.000000000
0.000000000 0.000000000
0.000000000 0.000000000
-0.040605116 0.000000000
0.000000000 0.000000000
-0.273640420 0.000000000
-0.157122768 0.000000000
0.000000000 -0.000000000
0.030009723 0.196648462
0.000000000 3.516858462
0.123560136 2.730466154
0.157122768 0.000000000
0.000000000 0.129214615
-0.197727884 -0.000000000
0.000000000 -0.000000000
0.233035304 0.000000000
0.000000000 0.000000000
0.000000000 0.000000000
0.000000000 7.000000000
0.000000000 -0.000000000
0.000000000 -0.000000000
0.000000000 -0.000000000
0.136820210 0.000000000
0.000000000 -0.000000000
-0.628491071 0.000000000
0.020302558 0.000000000
0.000000000 0.000000000
0.000000000 0.000000000
0.136820210 0.000000000
-0.624969829 -3.505552308
0.000000000 -0.000000000
0.000000000 0.000000000
0.055609978 3.646073077
0.000000000 -0.000000000
-0.157122768 -0.000000000
0.000000000 -0.000000000
-0.037083874 -1.634766923
0.000000000 0.000000000
-0.293942978 -0.000000000
0.000000000 -0.870785385
0.000000000 -0.000000000
0.000000000 -0.000000000
0.000000000 1.483141538
0.000000000 0.000000000
0.000000000 0.000000000
0.567583397 0.000000000
0.000000000 0.000000000
0.466070607 0.000000000
0.157122768 0.000000000
0.000000000 -0.000000000
0.000000000 0.000000000
0.000000000 -1.258429231
0.000000000 0.258429231
0.000000000 -0.000000000
0.000000000 -0.000000000
0.000000000 0.000000000
0.000000000 -0.000000000
0.000000000 -2.870785385
0.785613839 0.000000000
0.000000000 -0.000000000
0.000000000 0.000000000
0.116517652 0.000000000
0.000000000 0.000000000
0.157122768 0.000000000
0.000000000 -0.000000000
-0.157122768 0.000000000
0.526978281 0.000000000
0.000000000 -0.000000000
0.000000000 -0.000000000
0.157122768 0.000000000
0.000000000 1.870785385
0.157122768 0.000000000
0.000000000 -0.000000000
-0.354850652 -0.353926923
0.000000000 0.000000000
0.471368304 0.000000000
-0.157122768 -0.000000000
0.000000000 -2.387643846
0.000000000 0.000000000
0.000000000 -0.000000000
0.000000000 0.000000000
-0.136820210 0.000000000
0.000000000 -0.000000000
0.000000000 0.000000000
0.000000000 0.000000000
0.000000000 -0.000000000
0.000000000 0.000000000
0.000000000 0.000000000
0.000000000 0.000000000
0.000000000 0.000000000
0.000000000 -0.000000000
0.000000000 0.000000000
0.157122768 0.000000000
0.000000000 0.000000000
0.000000000 0.000000000
0.000000000 -0.000000000
0.000000000 -0.000000000
0.000000000 0.000000000
0.000000000 0.000000000
0.000000000 0.000000000
0.000000000 0.000000000
-0.097991548 -1.893196154
0.020302558 0.000000000
-0.020302558 -1.129214615
0.000000000 1.000000000
0.000000000 -0.000000000
0.000000000 -0.000000000
0.000000000 -0.129214615
0.000000000 0.000000000
0.015004862 5.516858462
0.000000000 -0.000000000
0.000000000 -0.000000000
0.000000000 -0.000000000
-0.466070607 -0.516858462
0.000000000 -7.387643846
-0.958629696 -1.898849231
0.000000000 0.000000000
0.000000000 0.129214615
0.000000000 -0.000000000
0.000000000 0.000000000
0.000000000 0.000000000
0.157122768 0.000000000
0.000000000 -0.000000000
0.314245536 0.000000000
0.000000000 -0.000000000
-0.157122768 -0.000000000
0.000000000 -0.000000000
0.000000000 0.000000000
0.000000000 0.000000000
0.000000000 1.387643846
-0.204770368 -4.921461538
0.000000000 0.000000000
0.000000000 -0.000000000
0.000000000 0.000000000
0.000000000 0.000000000
0.000000000 0.000000000
1.236679585 0.000000000
0.000000000 -0.000000000
0.000000000 0.000000000
0.820921259 0.000000000
-0.116517652 -0.000000000
0.000000000 0.000000000
0.000000000 -0.000000000
0.000000000 -0.129214615
0.000000000 -0.000000000
-0.026488481 -2.056127692
0.000000000 -0.870785385
-0.121815348 0.000000000
0.000000000 4.000000000
0.000000000 -0.000000000
0.000000000 0.000000000
0.000000000 -1.224712308
0.000000000 1.870785385
0.000000000 0.000000000
0.000000000 -0.000000000
0.000000000 1.258429231
0.314245536 0.000000000
0.000000000 -0.000000000
0.000000000 -0.000000000
0.000000000 0.000000000
0.000000000 0.000000000
0.000000000 -2.000000000
0.000000000 -0.000000000
0.000000000 -0.000000000
0.000000000 1.870785385
0.000000000 -0.000000000
0.000000000 -0.000000000
0.000000000 0.000000000
0.000000000 -1.870785385
0.000000000 -0.000000000
0.000000000 -0.000000000
0.000000000 -0.000000000
0.000000000 0.000000000
0.000000000 -0.000000000
1.175771911 0.000000000
0.000000000 -0.000000000
0.009707165 0.809004615
0.000000000 -0.000000000
0.000000000 0.000000000
0.000000000 3.000000000
-0.020302558 -0.000000000
0.000000000 0.000000000
0.020302558 0.000000000
0.000000000 0.000000000
0.000000000 0.000000000
0.000000000 0.000000000
0.000000000 -0.000000000
0.000000000 0.000000000
0.000000000 0.000000000
-0.628491071 0.000000000
-0.754715889 -2.455077692
-0.273640420 -0.000000000
0.000000000 -0.000000000
0.000000000 -0.000000000
-0.020302558 0.000000000
0.000000000 0.000000000
0.000000000 0.000000000
0.000000000 -0.000000000
0.000000000 -0.000000000
0.000000000 0.000000000
0.000000000 0.000000000
0.000000000 -0.000000000
0.000000000 -0.129214615
0.000000000 0.000000000
0.000000000 -0.000000000
0.000000000 -0.000000000
0.000000000 -0.000000000
0.000000000 0.000000000
0.000000000 0.000000000
0.000000000 -0.000000000
-0.684101049 0.000000000
0.000000000 0.000000000
0.000000000 0.000000000
0.000000000 -1.129214615
0.000000000 0.000000000
-0.491670862 0.000000000
-0.116517652 0.000000000
0.000000000 -0.258429231
0.000000000 -0.000000000
0.177425326 0.000000000
0.000000000 0.000000000
0.000000000 -0.000000000
0.000000000 0.000000000
0.000000000 -0.000000000
0.000000000 -0.000000000
0.000000000 0.000000000
0.000000000 0.000000000
0.000000000 0.000000000
0.000000000 0.000000000
0.000000000 0.000000000
0.000000000 -0.000000000
0.000000000 0.000000000
0.000000000 -0.000000000
0.000000000 0.000000000
-0.020302558 -0.000000000
0.000000000 0.000000000
0.000000000 -0.000000000
0.000000000 -0.000000000
0.000000000 0.000000000
0.000000000 0.000000000
0.000000000 0.000000000
0.000000000 0.000000000
-0.745008723 0.000000000
0.000000000 -0.000000000
0.471368304 0.000000000
0.000000000 -0.000000000
0.000000000 -0.000000000
-0.081210232 -0.000000000
0.000000000 0.000000000
-0.040605116 -0.000000000
0.000000000 -0.000000000
-0.157122768 0.000000000
0.000000000 -0.000000000
0.000000000 0.000000000
0.000000000 0.000000000
0.248040165 2.516858462
0.000000000 -0.000000000
0.000000000 1.000000000
0.000000000 0.000000000
0.000000000 -0.000000000
0.000000000 0.000000000
-0.541983143 -0.162931538
-0.020302558 0.000000000
0.000000000 -0.000000000
0.000000000 0.000000000
0.000000000 -0.000000000
-0.628491071 0.000000000
0.000000000 0.000000000
0.000000000 0.000000000
0.000000000 0.000000000
0.000000000 -0.129214615
-0.020302558 0.000000000
0.000000000 -0.000000000
0.022935573 0.983242308
0.000000000 0.000000000
-0.116517652 -0.000000000
0.000000000 0.129214615
0.136820210 0.000000000
-0.136820210 -0.000000000
-0.268342723 -0.162931538
0.000000000 0.870785385
0.000000000 -0.000000000
0.000000000 -0.000000000
-0.765311281 -0.578639231
0.000000000 0.000000000
0.000000000 -0.000000000
0.040605116 1.741570769
0.000000000 0.000000000
0.000000000 -0.000000000
0.000000000 0.000000000
0.000000000 0.129214615
0.000000000 0.000000000
0.000000000 -4.000000000
0.000000000 -1.612356154
0.000000000 0.000000000
-0.157122768 -0.000000000
0.000000000 0.000000000
0.000000000 -0.000000000
0.000000000 -0.000000000
0.020302558 0.000000000
0.157122768 0.000000000
-0.628491071 0.000000000
0.000000000 -1.000000000
0.162420464 3.966283077
0.000000000 -0.000000000
0.000000000 0.000000000
0.000000000 0.000000000
0.000000000 0.000000000
0.000000000 0.129214615
0.000000000 -0.000000000
0.000000000 0.000000000
0.000000000 -0.000000000
0.000000000 0.000000000
0.000000000 0.000000000
0.000000000 0.000000000
0.000000000 0.000000000
0.000000000 0.000000000
-0.136820210 0.000000000
0.000000000 -3.000000000
-0.020302558 -0.612356154
-0.628491071 0.000000000
0.000000000 -0.000000000
0.395455768 0.095497692
-0.314245536 -0.000000000
0.136820210 0.000000000
0.000000000 0.000000000
0.000000000 -0.000000000
0.000000000 -0.000000000
0.000000000 1.000000000
0.000000000 0.000000000
0.000000000 -0.000000000
0.000000000 -0.000000000
0.314245536 0.000000000
0.000000000 2.000000000
0.000000000 0.000000000
0.000000000 0.870785385
0.000000000 0.000000000
0.000000000 1.000000000
0.000000000 0.000000000
0.009707165 1.938219231
0.000000000 0.000000000
0.000000000 0.000000000
0.158899222 0.117908462
-0.020302558 -0.741570769
0.000000000 0.000000000
0.000000000 -0.000000000
0.000000000 -0.000000000
0.151825072 0.162931538
0.000000000 0.000000000
0.000000000 0.000000000
0.000000000 0.646073077
0.000000000 -0.000000000
0.000000000 -0.000000000
0.000000000 -0.000000000
0.000000000 -0.000000000
0.410460630 0.000000000
0.000000000 0.000000000
0.000000000 -0.000000000
0.000000000 0.000000000
0.000000000 -0.741570769
0.106810486 0.837068462
0.000000000 0.000000000
0.000000000 -0.000000000
0.000000000 0.000000000
0.111219956 0.000000000
-0.268342723 -1.033716923
-0.218030442 -0.000000000
-0.157122768 -0.000000000
0.000000000 -0.000000000
0.000000000 0.000000000
0.000000000 0.000000000
0.000000000 0.000000000
-0.273640420 0.000000000
-0.131522514 -1.162931538
0.672617430 4.719160000
0.000000000 -0.000000000
0.025600254 3.707853846
0.000000000 0.000000000
0.000000000 -0.000000000
-0.724706165 -0.000000000
0.035307420 0.000000000
0.000000000 0.000000000
-0.157122768 0.000000000
0.000000000 2.741570769
0.000000000 -0.129214615
0.000000000 -0.000000000
-0.020302558 -0.000000000
0.157122768 0.000000000
0.000000000 -0.000000000
0.000000000 -0.000000000
0.000000000 -0.741570769
0.000000000 0.837068462
0.000000000 -0.000000000
0.451065746 0.000000000
0.000000000 0.129214615
0.942736607 0.353926923
0.000000000 -0.000000000
0.000000000 0.000000000
0.097103321 0.123561538
0.000000000 2.741570769
-0.157122768 -0.000000000
0.000888227 0.994346923
0.000000000 -0.000000000
0.000000000 -0.000000000
-0.273640420 -0.000000000
0.000000000 -0.000000000
0.000000000 0.870785385
0.000000000 -0.000000000
0.000000000 0.000000000
0.000000000 0.000000000
0.000000000 0.000000000
0.000000000 0.000000000
0.157122768 0.000000000
0.000000000 -2.483141538
0.000000000 -0.000000000
0.000000000 0.000000000
0.000000000 0.000000000
0.000000000 -0.741570769
0.000000000 0.000000000
0.000000000 1.483141538
1.155469353 0.000000000
0.000000000 -0.000000000
0.000000000 -0.000000000
0.000000000 0.000000000
0.000000000 0.870785385
0.000000000 0.000000000
0.000000000 0.000000000
0.000000000 0.000000000
0.000000000 0.000000000
0.000000000 -0.000000000
0.000000000 -0.000000000
0.000000000 -1.000000000
0.000000000 -0.000000000
0.116517652 0.000000000
0.000000000 0.000000000
0.000000000 0.000000000
-0.106810486 -1.061780769
0.000000000 -0.000000000
0.000000000 -0.000000000
0.000000000 -0.000000000
0.116517652 0.000000000
0.000000000 -0.000000000
0.000000000 4.000000000
0.000000000 0.000000000
0.000000000 -0.000000000
0.000000000 0.000000000
-0.118294106 -0.117908462
0.000000000 0.000000000
0.000000000 0.000000000
0.000000000 -0.000000000
0.112108183 1.061780769
-0.081210232 0.000000000
0.000000000 0.000000000
0.466070607 0.000000000
0.000000000 0.000000000
0.000000000 -0.000000000
0.000000000 -0.129214615
0.820921259 0.000000000
0.000000000 -0.000000000
0.000000000 -0.000000000
0.000000000 -2.000000000
0.000000000 0.000000000
0.000000000 0.000000000
0.273640420 0.000000000
-0.020302558 -0.000000000
0.000000000 0.000000000
-0.471368304 -0.000000000
0.000000000 0.000000000
0.253337862 0.000000000
0.000000000 0.000000000
-0.314245536 0.000000000
0.000000000 0.000000000
0.785613839 0.000000000
0.000000000 0.000000000
0.020302558 0.000000000
0.000000000 -0.000000000
0.000000000 -0.000000000
0.273640420 0.000000000
0.000000000 0.000000000
0.000000000 0.000000000
0.000000000 0.000000000
0.000000000 1.387643846
-0.336324548 -1.859479231
0.000000000 0.000000000
0.000000000 1.000000000
0.000000000 0.000000000
0.000000000 -0.000000000
0.000000000 -0.000000000
0.000000000 0.000000000
0.000000000 0.000000000
0.628491071 0.000000000
0.000000000 -0.000000000
0.000000000 -0.000000000
0.000000000 -0.000000000
0.314245536 0.000000000
0.000000000 0.000000000
0.000000000 0.000000000
0.000000000 0.612356154
0.000000000 0.000000000
0.000000000 0.000000000
0.000000000 -1.000000000
0.000000000 0.000000000
0.136820210 0.000000000
0.157122768 0.000000000
0.000000000 0.646073077
0.000000000 -0.000000000
0.000000000 0.000000000
0.000000000 -0.000000000
0.000000000 -0.000000000
0.232147077 0.264082308
0.000000000 0.000000000
0.000000000 0.000000000
0.000000000 0.000000000
0.000000000 0.000000000
0.000000000 0.000000000
0.020302558 0.000000000
0.000000000 -0.870785385
0.430763188 0.000000000
-0.334548094 -0.000000000
0.000000000 -0.000000000
0.000000000 0.258429231
0.000000000 0.000000000
-0.014116635 -0.039370000
-0.136820210 0.000000000
0.000000000 -0.870785385
0.000000000 -0.000000000
0.000000000 -0.000000000
-0.910950430 -2.202301538
0.567583397 0.000000000
0.000000000 0.000000000
-0.314245536 -1.000000000
0.000000000 -0.000000000
0.000000000 0.000000000
0.745008723 0.000000000
0.000000000 -0.000000000
0.000000000 -0.000000000
0.000000000 -0.741570769
0.000000000 0.000000000
0.000000000 0.000000000
0.000000000 -0.000000000
0.942736607 0.000000000
0.136820210 0.000000000
-0.116517652 0.000000000
0.000000000 0.000000000
0.000888227 0.865132308
0.978044027 0.775287692
0.000000000 0.000000000
0.000000000 0.000000000
0.000000000 0.870785385
0.000000000 0.000000000
0.000000000 -0.000000000
0.000000000 -0.000000000
0.000000000 -0.000000000
-0.212732746 -0.000000000
0.000000000 -0.000000000
0.000000000 -0.000000000
0.000000000 1.516858462
0.000000000 0.000000000
0.000000000 -2.000000000
0.000000000 -0.000000000
0.000000000 -0.000000000
0.000000000 -0.000000000
0.000000000 -0.000000000
0.000000000 -0.000000000
0.000000000 0.000000000
0.000000000 0.000000000
0.000000000 0.000000000
0.000000000 0.000000000
0.000000000 -0.000000000
-0.293942978 -0.000000000
0.000000000 -0.000000000
0.000000000 3.870785385
0.233035304 0.000000000
0.000000000 0.000000000
0.000000000 0.000000000
0.000000000 -0.000000000
0.000000000 0.000000000
0.040605116 0.966283077
0.000000000 -0.000000000
0.000000000 -0.000000000
0.177425326 0.353926923
0.000000000 -0.000000000
0.000000000 -0.000000000
0.000000000 -0.000000000
-0.136820210 -0.516858462
0.000000000 -0.000000000
0.192430188 1.516858462
0.000000000 -0.000000000
-0.628491071 0.000000000
0.000000000 0.000000000
-0.157122768 0.000000000
0.000000000 -0.000000000
0.000000000 -0.000000000
0.000000000 0.000000000
-0.314245536 0.000000000
0.000000000 -0.000000000
-0.316021990 -2.730264615
0.000000000 0.000000000
0.000000000 0.000000000
0.000000000 3.741570769
-0.587885955 0.000000000
10.0573381886
