0.000000000 -1.000000000
0.000000000 0.000000000
0.000000000 0.000000000
-0.505300603 0.000000000
0.505300603 0.000000000
0.000000000 0.000000000
0.000000000 0.000000000
0.000000000 1.000000000
0.000000000 0.542271500
-0.505300603 0.000000000
-0.231290487 -1.542271500
0.000000000 0.000000000
0.000000000 -0.542271500
1.010601207 0.000000000
0.000000000 0.000000000
-0.505300603 0.000000000
-0.042719629 -0.915457000
-0.231290487 -1.542271500
0.000000000 0.000000000
0.000000000 0.000000000
-0.042719629 -0.915457000
0.736591091 0.000000000
0.000000000 0.000000000
0.000000000 0.000000000
0.042719629 0.457728500
-0.042719629 -0.457728500
0.000000000 0.457728500
0.231290487 0.000000000
0.000000000 0.000000000
0.000000000 0.000000000
0.000000000 0.000000000
0.042719629 0.000000000
-0.505300603 -0.457728500
0.000000000 0.000000000
0.000000000 0.542271500
-0.231290487 0.000000000
0.505300603 0.000000000
0.000000000 0.000000000
0.000000000 0.000000000
-0.548020232 -0.915457000
0.000000000 0.000000000
0.000000000 0.000000000
0.000000000 0.457728500
0.000000000 0.000000000
-0.505300603 -0.542271500
0.000000000 0.542271500
0.000000000 0.000000000
0.000000000 0.000000000
0.231290487 0.000000000
0.000000000 -0.542271500
0.000000000 0.542271500
0.042719629 0.915457000
0.000000000 0.000000000
0.000000000 0.457728500
0.000000000 0.000000000
0.042719629 0.000000000
0.000000000 0.000000000
0.000000000 -0.457728500
0.000000000 0.000000000
0.231290487 0.000000000
0.000000000 0.000000000
0.505300603 0.000000000
0.000000000 0.000000000
0.000000000 0.000000000
-0.505300603 0.000000000
0.000000000 0.000000000
0.000000000 0.000000000
0.000000000 0.000000000
-0.505300603 -0.542271500
0.000000000 0.542271500
0.000000000 0.000000000
0.000000000 0.000000000
-0.231290487 0.000000000
0.000000000 0.000000000
-0.274010116 0.000000000
0.000000000 0.000000000
0.000000000 0.000000000
0.000000000 0.000000000
0.000000000 0.457728500
0.000000000 0.000000000
-0.505300603 0.000000000
0.000000000 0.000000000
0.000000000 0.000000000
0.000000000 0.542271500
0.000000000 0.000000000
0.000000000 0.457728500
0.000000000 -0.457728500
0.000000000 0.000000000
0.000000000 0.000000000
0.000000000 0.000000000
0.231290487 0.000000000
0.000000000 -0.457728500
0.000000000 0.000000000
0.000000000 0.000000000
0.000000000 -0.542271500
-0.693871462 -0.626814500
0.000000000 -0.542271500
0.000000000 0.000000000
0.000000000 0.000000000
0.000000000 0.000000000
0.000000000 0.000000000
0.000000000 0.000000000
0.000000000 0.000000000
0.000000000 0.000000000
0.000000000 -0.542271500
0.693871462 0.626814500
0.000000000 0.000000000
-0.274010116 0.000000000
-0.505300603 0.000000000
0.000000000 0.000000000
0.000000000 1.000000000
0.000000000 0.000000000
0.000000000 0.000000000
0.000000000 0.000000000
0.000000000 0.000000000
-0.505300603 0.000000000
0.000000000 0.000000000
0.042719629 0.457728500
0.000000000 0.000000000
0.000000000 0.457728500
0.000000000 0.000000000
0.000000000 0.000000000
0.000000000 1.000000000
0.000000000 0.000000000
0.000000000 0.000000000
0.231290487 0.000000000
0.000000000 0.000000000
0.000000000 0.000000000
0.000000000 0.000000000
0.000000000 0.000000000
0.000000000 0.542271500
-0.419861346 -0.169086000
-0.231290487 -1.542271500
-0.505300603 0.000000000
0.000000000 -0.457728500
-0.505300603 0.000000000
0.231290487 0.000000000
0.000000000 0.000000000
0.000000000 0.000000000
0.000000000 0.000000000
0.000000000 0.000000000
0.000000000 0.000000000
0.000000000 0.000000000
0.000000000 -0.542271500
0.000000000 0.000000000
0.042719629 0.915457000
0.000000000 0.000000000
0.042719629 1.373185500
-0.505300603 0.000000000
0.000000000 0.000000000
-0.462580974 -0.084543000
0.000000000 0.000000000
0.000000000 -0.084543000
0.231290487 1.542271500
0.000000000 -0.457728500
0.000000000 0.542271500
0.000000000 0.084543000
0.505300603 0.000000000
0.000000000 0.000000000
-0.505300603 0.000000000
0.000000000 0.000000000
0.000000000 0.000000000
0.000000000 0.000000000
0.505300603 0.000000000
0.505300603 0.000000000
0.000000000 0.457728500
0.000000000 0.000000000
0.000000000 0.000000000
0.274010116 0.000000000
0.000000000 0.000000000
0.000000000 0.000000000
-0.231290487 0.000000000
0.000000000 1.000000000
0.000000000 0.000000000
0.000000000 0.000000000
0.000000000 0.000000000
0.000000000 0.542271500
0.000000000 0.000000000
0.231290487 0.000000000
-0.462580974 -0.084543000
-0.736591091 -0.542271500
0.000000000 0.000000000
0.000000000 0.000000000
0.000000000 0.000000000
0.231290487 0.000000000
0.000000000 -0.457728500
0.000000000 0.000000000
0.000000000 1.000000000
0.000000000 0.000000000
0.000000000 0.000000000
0.505300603 0.000000000
0.188570858 0.169086000
0.000000000 0.000000000
0.000000000 0.000000000
0.000000000 0.000000000
0.000000000 0.000000000
0.000000000 0.000000000
0.000000000 0.000000000
0.000000000 -0.542271500
0.000000000 0.000000000
0.000000000 0.000000000
-0.274010116 0.000000000
0.274010116 0.000000000
0.274010116 0.000000000
0.000000000 0.457728500
0.000000000 0.000000000
0.505300603 0.000000000
0.000000000 0.000000000
0.000000000 0.000000000
0.000000000 0.000000000
0.231290487 1.084543000
0.000000000 0.000000000
0.000000000 0.000000000
0.000000000 0.542271500
0.000000000 0.457728500
0.000000000 0.000000000
0.000000000 0.000000000
0.505300603 0.000000000
0.042719629 0.457728500
0.000000000 0.000000000
0.000000000 0.542271500
0.000000000 0.000000000
0.042719629 0.915457000
0.000000000 0.000000000
0.000000000 0.000000000
0.000000000 0.000000000
-0.505300603 0.000000000
0.000000000 0.000000000
0.000000000 0.000000000
0.000000000 0.000000000
0.000000000 0.000000000
0.462580974 0.084543000
0.000000000 -0.542271500
0.000000000 0.457728500
0.505300603 0.000000000
0.505300603 0.000000000
0.000000000 0.542271500
0.000000000 0.000000000
0.000000000 0.000000000
0.000000000 0.000000000
-0.505300603 0.000000000
0.000000000 -0.084543000
-0.042719629 -0.915457000
0.000000000 0.000000000
0.000000000 0.000000000
0.462580974 0.084543000
0.505300603 0.000000000
0.000000000 0.000000000
0.000000000 0.000000000
0.000000000 0.000000000
0.231290487 0.542271500
0.000000000 0.000000000
0.000000000 0.000000000
-0.231290487 0.000000000
0.000000000 0.000000000
0.000000000 0.000000000
0.274010116 0.000000000
0.000000000 0.000000000
-0.274010116 0.000000000
0.000000000 0.000000000
0.000000000 -0.457728500
0.000000000 0.000000000
-0.231290487 -1.542271500
0.000000000 0.000000000
0.000000000 0.000000000
0.000000000 0.000000000
-0.274010116 0.000000000
0.000000000 0.000000000
0.000000000 0.000000000
-0.042719629 -0.457728500
-0.231290487 0.000000000
0.000000000 0.000000000
0.505300603 0.000000000
-0.188570858 -0.626814500
0.000000000 0.000000000
0.000000000 0.000000000
0.000000000 0.000000000
-0.231290487 0.000000000
0.000000000 0.000000000
2.40610848307
