200 10088 1.0000000000 0.0100000000
7 118 10
7 31 1
35 41 4
37 162 6
191 194 8
52 77 5
42 126 6
14 140 5
9 51 7
47 134 4
3 187 6
54 87 1
19 74 9
8 124 9
79 102 3
25 44 2
27 104 2
45 60 9
18 83 7
68 122 2
65 118 1
48 155 1
173 186 4
116 150 3
20 168 9
65 83 5
122 181 8
64 150 3
37 80 4
114 129 7
76 118 6
41 123 10
96 163 2
28 170 3
89 145 2
11 165 10
28 45 9
71 108 1
38 94 7
128 180 2
88 174 8
84 106 7
14 180 1
86 165 10
182 189 10
23 149 2
25 46 10
16 39 6
79 135 4
53 145 2
82 122 7
168 189 8
138 189 2
47 157 9
52 182 1
60 127 3
40 133 8
10 169 7
22 70 10
12 63 2
3 48 5
91 114 3
14 76 4
123 192 10
3 44 7
79 153 4
135 155 10
69 176 5
149 153 10
119 194 2
43 160 7
88 118 1
15 176 5
63 85 2
92 193 6
44 126 8
110 192 1
91 186 8
18 198 5
62 140 9
36 129 9
65 120 3
3 172 9
100 157 1
127 165 6
6 108 1
59 166 6
63 77 6
112 131 6
23 64 8
66 133 10
6 181 3
72 167 6
118 133 3
68 178 9
84 133 10
74 136 6
64 168 7
22 194 1
129 172 4
12 196 5
94 154 6
104 128 4
35 147 5
10 154 10
1 56 5
40 78 3
16 37 6
146 179 5
48 108 5
75 86 6
13 138 8
59 186 9
167 178 6
7 66 2
60 111 10
73 74 10
60 198 7
49 181 5
87 111 8
12 89 1
52 149 7
57 147 9
32 65 9
73 178 8
145 149 3
95 119 2
19 115 10
30 31 9
14 26 8
83 171 1
108 122 9
3 60 3
29 173 3
30 162 3
36 128 4
125 140 2
64 74 3
38 60 10
121 197 9
43 50 7
31 101 5
53 193 3
119 150 4
42 186 1
180 182 9
132 197 6
103 179 9
128 142 5
41 77 5
107 143 4
66 127 8
91 169 2
18 56 4
120 133 4
61 195 1
3 75 10
151 155 8
67 184 6
32 143 5
16 173 2
169 200 5
59 123 8
22 81 8
57 189 7
22 59 4
36 123 3
68 134 1
31 48 10
10 176 10
1 134 5
65 189 4
15 105 8
68 175 2
14 108 7
90 116 6
33 75 1
155 192 9
65 84 2
5 28 2
77 147 6
161 165 1
13 84 10
104 110 3
9 181 9
27 168 9
91 162 2
13 81 1
63 134 3
82 87 2
11 185 5
121 123 3
100 158 2
23 195 2
72 166 4
40 59 4
29 145 6
120 190 1
7 20 9
111 115 3
6 176 7
100 178 6
12 200 7
10 136 8
16 165 8
5 150 9
9 182 9
138 149 1
85 155 5
165 166 3
82 189 7
65 173 1
144 190 2
80 149 1
102 176 8
11 147 10
73 105 7
34 108 2
128 194 4
51 166 9
52 192 7
160 165 5
49 91 10
43 90 6
28 55 10
133 151 6
62 156 1
161 178 6
39 195 9
54 102 5
1 154 7
160 198 9
194 197 5
30 112 1
58 182 2
32 130 9
2 80 1
41 100 7
57 142 2
8 46 6
116 198 8
88 187 3
26 97 5
145 197 2
1 26 8
158 188 4
148 185 5
1 109 5
163 184 5
3 78 7
3 117 7
166 169 7
81 163 6
22 186 3
20 31 8
95 141 3
13 104 1
24 101 1
17 95 8
29 182 8
5 32 10
37 175 7
71 140 10
58 163 6
173 175 4
14 16 10
81 194 10
24 83 1
87 180 5
126 135 2
74 197 2
12 95 8
69 72 2
36 41 1
33 40 5
29 43 2
144 198 3
10 115 7
9 70 10
18 177 4
99 136 2
64 172 10
141 168 3
5 72 1
108 124 9
28 150 2
13 105 5
14 177 8
116 145 8
117 167 5
9 73 7
114 184 3
164 184 2
40 58 10
131 181 2
47 172 10
38 154 9
11 142 9
5 38 7
14 181 4
175 182 5
64 141 4
6 53 4
52 175 2
20 177 7
42 68 9
166 197 3
40 87 2
112 167 3
46 83 4
97 122 9
71 154 6
70 135 3
13 92 9
3 55 10
45 192 5
71 89 5
112 180 7
110 167 8
74 186 4
69 188 7
15 193 4
3 124 7
3 131 7
76 166 3
167 179 10
144 189 3
65 193 1
20 32 1
63 66 3
82 183 2
166 186 3
112 148 4
160 197 10
35 151 7
15 198 6
98 147 4
54 134 7
166 182 6
10 177 3
40 60 3
155 176 2
69 126 8
26 159 10
53 74 2
9 34 8
19 26 10
15 79 10
36 91 2
60 160 2
8 140 6
155 187 8
22 146 7
149 165 6
30 92 10
70 110 9
165 172 2
127 134 2
69 160 5
17 152 9
126 174 5
142 161 4
91 115 10
151 183 4
18 102 3
84 162 7
62 119 9
143 171 9
3 156 9
1 139 10
9 27 2
8 67 1
175 196 8
71 173 2
96 168 8
61 141 3
78 194 9
95 99 3
37 67 6
118 175 1
3 167 10
121 141 8
108 160 5
135 165 6
39 197 7
159 195 8
5 178 4
147 194 10
17 73 8
96 187 10
164 174 9
27 135 6
84 156 9
75 184 1
17 54 10
43 68 1
10 43 6
59 130 2
47 113 6
60 196 10
85 191 6
45 99 2
62 158 10
21 172 3
122 179 1
103 168 3
14 103 7
88 188 8
85 124 9
21 173 6
110 123 7
11 175 2
147 180 5
60 125 3
62 66 1
61 192 9
71 139 6
51 71 2
70 134 10
9 41 4
11 193 1
5 95 10
168 187 10
30 68 3
62 80 4
62 94 3
91 128 1
52 60 5
17 139 3
20 61 4
35 44 4
17 109 9
72 162 6
105 182 7
51 58 4
19 25 9
48 141 4
18 117 5
163 200 10
12 139 2
99 104 6
40 65 5
20 123 3
1 108 9
117 174 8
60 63 8
84 154 5
1 121 10
70 149 2
57 162 2
11 57 3
122 143 7
149 193 8
97 98 1
106 117 4
45 100 5
54 122 7
89 111 7
11 72 2
21 133 7
83 120 6
55 109 2
99 152 6
53 116 9
28 144 6
72 151 5
17 147 9
83 166 1
91 121 2
69 173 5
168 174 4
4 25 3
156 159 9
31 61 5
182 184 2
56 150 6
48 133 6
30 72 10
134 172 3
146 188 4
164 167 5
115 136 4
153 159 9
20 126 3
25 95 7
113 135 9
29 157 1
128 185 6
50 61 9
32 180 4
19 35 10
128 157 4
9 92 8
127 139 5
60 169 4
12 77 2
37 187 2
111 153 7
14 102 8
76 132 6
54 56 10
39 132 7
16 53 8
45 180 7
110 144 6
27 33 9
163 199 7
55 177 1
167 181 1
137 156 3
14 195 8
71 187 1
10 89 8
61 175 6
77 126 3
28 68 5
111 179 2
34 200 1
113 171 6
115 196 9
12 55 4
40 126 2
6 188 1
57 141 4
1 164 7
62 87 7
9 103 10
23 57 4
41 147 7
58 120 7
57 106 7
109 186 9
7 119 7
164 199 5
94 103 3
166 200 7
33 125 4
157 167 2
68 177 9
34 47 3
54 82 4
106 138 10
3 143 8
47 164 8
3 116 10
134 140 2
174 188 2
55 138 1
32 50 2
71 95 7
164 193 1
40 48 9
20 45 9
36 109 10
43 183 6
31 74 3
3 7 6
152 180 8
31 147 4
160 169 3
92 152 3
3 89 5
87 162 8
52 121 1
51 143 3
19 89 8
60 71 2
174 196 4
29 92 8
36 122 9
70 126 7
15 45 1
3 140 7
133 137 5
99 142 2
77 187 5
78 171 5
22 180 2
47 88 7
154 164 9
157 190 3
30 197 7
103 199 10
73 138 1
190 191 5
54 112 7
23 151 6
17 136 5
146 177 1
16 59 4
54 135 10
49 100 1
123 139 3
112 135 8
21 153 8
44 177 9
157 158 5
30 89 10
128 132 3
41 149 6
147 193 6
105 155 10
70 108 2
42 154 9
14 114 4
72 113 2
164 179 3
58 169 2
114 124 2
1 188 3
46 111 10
11 152 7
154 188 7
30 100 6
8 179 10
142 174 10
18 178 10
19 132 7
20 77 2
111 132 4
39 162 8
1 47 10
47 120 7
173 179 3
22 57 2
84 173 10
27 89 8
69 132 7
73 117 2
10 93 8
53 79 5
35 140 5
15 133 7
36 135 1
41 124 6
74 181 8
109 121 8
122 146 6
1 11 6
101 165 1
76 94 8
69 98 9
139 164 3
105 125 5
143 157 1
8 173 1
119 154 6
70 196 1
66 166 8
53 80 6
45 113 1
87 93 3
19 142 5
102 112 10
115 145 6
104 193 5
54 101 2
58 63 1
46 63 2
191 199 9
58 152 7
162 193 4
10 58 7
18 172 3
8 145 2
27 153 6
43 48 10
47 179 7
14 123 1
72 137 7
148 158 10
25 125 7
94 157 1
165 167 8
76 137 7
73 182 9
66 103 5
31 64 9
133 149 10
143 181 3
87 194 4
151 168 10
69 158 3
20 166 2
14 127 5
170 172 1
112 140 7
30 95 7
111 200 5
20 155 2
47 59 2
85 197 4
12 99 1
44 99 5
19 182 3
107 179 8
4 190 9
9 99 6
189 191 9
48 100 1
19 58 8
16 119 7
58 98 8
62 197 8
19 164 2
42 141 10
1 57 10
6 125 8
135 182 10
3 94 5
79 143 8
48 174 3
17 93 7
113 137 5
153 186 5
13 83 1
120 141 4
10 127 10
15 156 8
42 62 3
50 125 4
26 105 4
55 127 8
192 199 5
12 134 10
85 115 7
9 185 10
106 112 9
67 111 1
67 81 2
47 63 6
169 192 6
116 122 8
1 197 8
17 124 9
81 91 8
130 161 7
66 189 6
122 169 9
34 71 2
153 175 8
3 93 10
167 180 6
72 73 5
117 182 4
17 53 4
6 165 10
16 168 7
97 134 1
158 168 4
42 47 2
96 152 6
49 110 8
133 171 7
19 110 1
54 117 1
60 89 9
9 62 3
32 117 1
171 194 7
163 164 9
41 156 7
123 182 6
31 156 10
1 50 7
129 181 2
15 33 3
73 124 1
44 145 6
46 91 3
181 193 3
19 195 9
98 200 6
40 51 6
32 33 9
47 163 10
182 186 6
66 184 9
136 152 2
19 87 4
142 179 7
99 169 3
44 194 10
37 132 8
53 122 6
7 56 1
3 92 10
74 195 2
140 142 10
76 167 5
1 153 10
82 170 2
121 165 1
74 75 3
182 188 7
97 144 7
134 162 8
86 139 6
45 163 4
18 73 4
37 130 1
187 188 7
185 187 8
44 161 5
108 117 8
185 189 5
80 169 6
5 69 5
57 199 7
167 170 7
122 187 6
80 122 6
85 135 6
7 189 1
36 172 2
26 54 9
64 92 10
42 187 1
110 146 6
50 184 6
11 78 8
76 197 3
40 153 6
30 41 2
165 174 2
44 112 1
85 96 10
70 118 2
24 51 3
81 172 4
31 91 9
96 112 7
8 72 3
80 98 6
81 168 8
39 75 1
21 60 7
51 177 4
29 142 1
137 170 10
84 116 8
66 147 8
65 166 4
99 129 7
122 198 3
13 155 8
8 65 10
154 193 5
43 102 4
8 37 10
80 92 10
57 70 8
13 129 9
90 177 8
35 116 9
49 191 6
70 193 5
107 195 2
79 131 1
32 82 4
126 184 5
116 124 9
54 170 5
4 121 5
40 138 1
97 196 4
71 130 8
69 167 7
8 141 2
14 153 10
167 187 6
119 176 9
131 169 2
151 190 1
19 175 3
10 111 4
45 81 2
48 199 9
137 174 8
161 190 3
161 200 1
171 180 2
108 173 3
26 171 6
89 92 4
87 143 1
123 184 3
102 106 8
78 89 5
58 177 2
135 191 9
55 200 3
8 14 10
54 157 10
28 89 2
42 97 9
166 181 6
1 146 9
56 87 2
25 69 3
41 138 9
29 53 5
53 123 2
22 29 3
63 146 6
90 160 8
3 107 10
67 95 5
70 145 6
30 83 2
45 120 2
37 182 1
64 122 7
15 87 2
74 144 3
24 86 1
10 47 3
20 36 7
23 133 7
12 43 2
96 101 9
36 137 9
104 187 10
29 52 5
34 118 2
109 135 8
110 127 7
13 187 3
60 183 7
32 172 4
68 90 9
17 142 3
37 50 7
48 111 3
54 171 10
83 138 4
48 165 2
68 193 9
54 193 9
87 161 7
30 141 1
4 44 5
77 124 9
1 165 5
76 148 6
129 189 6
161 189 9
26 60 1
15 99 7
49 144 1
131 153 7
58 148 9
66 196 8
80 81 1
9 134 1
108 134 1
13 107 8
118 160 3
54 71 7
124 163 4
183 190 5
25 171 6
24 166 9
62 163 10
14 92 1
118 138 4
34 140 5
20 169 10
15 103 4
26 96 9
31 138 2
110 190 1
38 53 5
31 65 3
10 133 6
3 67 6
67 153 2
32 51 4
43 82 8
147 158 3
93 94 10
66 80 5
18 65 6
103 157 10
19 137 10
160 162 7
146 149 1
3 24 9
8 75 10
67 164 5
146 195 4
98 131 9
45 191 1
43 148 4
112 162 2
43 172 3
135 184 1
1 5 10
46 169 9
71 197 2
157 184 1
96 124 4
1 92 6
13 111 5
104 122 4
32 54 3
97 155 7
34 75 8
84 115 10
12 41 7
80 187 4
63 187 2
166 199 7
51 85 7
1 82 10
15 119 7
86 179 4
155 172 8
133 162 10
6 186 2
22 68 3
79 126 3
49 198 1
12 79 1
1 94 10
46 107 5
50 179 10
74 161 6
78 82 9
166 188 9
20 128 3
130 155 9
31 51 6
105 149 4
54 130 10
64 175 4
15 124 2
158 175 4
71 135 3
19 165 5
81 167 3
85 98 4
14 55 3
121 137 5
56 94 2
147 155 8
17 48 8
65 99 8
18 49 9
40 54 5
42 84 6
66 106 2
116 180 5
32 126 10
26 71 6
19 136 6
4 136 4
103 122 8
113 193 2
69 82 9
39 152 1
9 45 10
24 195 7
11 113 7
153 182 2
95 148 1
139 189 3
152 187 1
63 191 4
167 199 2
10 166 7
50 74 6
27 166 8
61 137 10
7 160 8
46 183 1
56 157 6
78 134 9
163 192 3
25 99 5
68 196 10
54 109 7
31 43 8
80 107 2
66 112 2
71 178 1
95 103 3
23 181 9
1 149 10
84 93 2
74 158 4
44 159 5
17 31 1
77 116 7
119 161 2
89 150 7
84 157 10
76 154 9
53 84 8
96 114 10
67 130 9
66 121 5
109 173 9
117 185 7
71 105 10
76 121 5
60 94 6
38 105 1
169 191 7
91 179 8
52 89 3
100 186 4
63 116 9
26 189 3
59 168 1
26 58 1
10 96 1
10 17 4
103 162 4
150 172 8
74 92 10
96 169 3
72 173 1
38 66 10
85 102 3
85 144 8
149 155 5
6 115 7
75 115 3
83 175 7
53 185 4
47 133 3
48 154 10
42 103 4
56 95 9
35 107 7
70 183 2
54 165 10
63 200 9
20 92 9
115 183 1
139 200 9
62 64 6
157 195 7
56 193 9
45 71 10
59 105 6
4 145 6
131 143 6
137 191 10
62 133 10
80 109 6
100 155 3
88 114 4
135 141 10
83 185 6
172 190 1
129 134 7
56 138 1
67 141 9
61 145 2
103 159 9
40 184 7
101 120 6
49 177 10
58 170 2
129 175 10
174 197 2
50 176 9
59 63 1
78 198 10
164 177 2
17 19 5
44 109 5
31 141 9
75 172 7
39 88 7
15 107 4
70 72 7
22 122 3
66 170 3
74 180 5
1 179 9
29 91 7
87 146 5
110 153 1
75 174 6
59 164 2
58 190 10
72 198 7
53 125 8
143 160 2
134 174 6
32 195 2
150 161 7
36 161 6
4 91 9
16 175 10
80 88 1
87 92 6
18 52 4
11 138 10
77 82 6
42 94 2
67 76 1
126 132 7
100 166 2
1 8 7
116 197 8
20 194 9
50 111 2
3 70 10
83 91 3
106 174 4
8 132 6
38 49 3
16 111 2
27 199 2
18 44 9
76 123 8
106 108 8
45 56 3
45 158 1
92 160 5
140 178 4
122 133 5
50 171 1
4 17 7
166 172 6
58 74 6
20 196 9
65 114 4
69 155 8
9 139 5
194 199 2
37 64 5
68 124 8
182 197 5
155 171 10
130 158 7
16 23 7
22 161 2
104 184 2
88 108 4
57 170 10
43 131 5
11 139 5
80 170 1
157 161 4
46 54 7
47 80 5
41 46 8
70 179 1
57 135 10
57 84 6
50 162 5
37 75 3
89 94 2
99 128 4
36 179 1
30 176 4
60 140 6
78 85 3
58 184 3
106 146 9
86 128 3
120 155 4
70 173 5
105 108 9
3 69 10
33 198 9
26 138 5
3 130 9
156 174 7
18 55 6
8 103 6
65 128 6
48 119 7
115 151 2
164 192 5
94 147 8
175 186 9
93 114 7
141 165 4
64 198 10
114 144 9
109 119 5
143 178 9
68 114 7
163 166 5
111 121 5
55 147 5
8 82 8
33 54 3
80 91 6
47 178 4
95 182 1
124 127 2
21 40 7
91 95 4
151 195 9
25 133 2
1 183 7
70 178 10
155 183 4
144 157 2
40 88 5
66 178 5
32 140 1
83 122 4
8 159 3
50 98 1
35 126 1
7 150 3
86 111 8
40 147 4
136 137 10
34 46 4
32 122 10
48 58 8
35 125 10
5 68 1
10 173 9
5 78 4
107 197 1
19 77 5
82 180 2
71 99 7
5 6 8
84 142 2
98 144 7
165 194 3
55 65 8
4 26 4
61 89 7
23 50 10
20 81 8
94 140 10
18 59 10
1 168 6
40 183 3
91 151 6
137 172 4
37 166 5
29 130 9
48 125 10
120 149 9
88 191 2
14 192 6
74 112 1
61 160 7
13 63 4
61 199 9
11 35 2
29 100 3
67 98 10
74 179 9
33 61 2
41 136 6
62 82 4
123 148 5
24 48 8
171 190 1
86 146 10
58 116 6
94 125 9
126 153 6
32 77 1
86 178 6
17 145 8
83 103 10
17 69 7
186 187 2
8 176 10
90 143 1
63 103 8
78 147 8
32 157 10
58 171 4
6 58 4
80 85 5
99 185 7
4 53 2
191 200 6
11 17 10
95 138 8
41 126 3
43 190 10
20 66 3
6 195 7
69 197 4
64 128 8
20 100 2
65 131 10
50 173 5
15 52 7
93 190 3
25 56 5
167 172 3
65 158 4
26 111 2
12 65 9
137 180 9
14 134 9
7 161 1
73 93 8
141 157 6
43 157 10
35 136 8
34 36 6
110 154 3
29 166 8
68 145 6
35 91 8
106 137 6
33 80 2
15 191 9
6 131 7
31 176 5
1 175 7
86 149 2
98 154 2
34 38 3
88 160 3
75 87 7
134 167 5
19 38 1
86 119 9
47 96 4
1 192 5
19 156 1
43 135 6
147 171 6
127 161 6
62 142 3
137 173 7
112 113 6
16 95 5
48 121 3
3 9 8
138 178 2
27 70 2
9 168 2
7 63 3
38 173 1
174 181 2
28 113 1
21 125 8
4 164 7
102 174 7
25 131 9
27 131 5
35 105 10
34 40 10
14 98 4
3 162 10
57 195 3
173 198 5
49 124 4
143 156 6
7 130 4
76 140 10
179 186 1
131 133 10
109 139 6
70 128 5
103 108 8
70 105 6
10 65 1
26 187 8
111 137 2
41 150 2
15 188 8
161 177 2
71 111 6
64 93 3
124 184 3
11 91 2
155 195 6
79 130 5
31 151 9
93 111 6
18 171 2
172 176 5
180 186 5
137 187 7
148 167 4
77 130 8
71 181 6
3 36 7
16 66 3
11 42 5
14 54 10
25 64 10
83 149 10
40 53 8
129 192 7
17 180 2
59 81 7
46 78 2
19 133 7
168 182 10
89 195 3
15 134 10
69 113 1
29 133 6
122 140 9
99 155 3
3 17 10
8 78 4
98 152 3
12 44 8
66 92 4
74 83 4
80 127 2
162 168 2
21 91 8
16 30 4
91 177 2
118 147 10
16 72 9
33 183 6
134 169 5
83 102 8
75 119 6
80 104 4
66 120 10
24 161 6
11 26 10
1 48 10
49 92 9
126 200 4
74 146 6
14 184 6
27 177 8
149 198 7
51 200 2
80 119 5
3 39 9
6 12 3
5 102 7
38 110 10
79 129 9
54 75 4
77 138 3
40 56 3
74 142 6
7 148 5
11 140 7
45 53 2
96 144 5
64 129 7
1 38 4
95 185 6
85 186 6
22 103 8
79 169 3
89 184 2
108 172 1
47 165 10
136 187 10
21 162 3
20 145 8
63 73 7
80 159 5
8 95 9
27 69 9
24 26 1
129 188 3
116 139 1
125 188 10
3 99 7
147 163 10
42 82 7
10 42 10
63 71 8
170 179 8
178 188 3
28 96 9
20 121 8
134 168 9
45 89 4
27 138 1
54 60 1
33 53 7
26 73 7
15 169 3
39 172 3
39 140 9
45 135 2
99 103 8
93 182 6
31 95 3
56 61 10
100 156 6
105 168 2
51 91 8
5 66 1
55 78 1
26 95 1
61 148 3
11 116 5
108 113 7
111 148 7
138 187 5
111 178 4
14 59 1
14 30 2
80 123 9
117 186 6
50 154 9
11 105 9
58 79 2
13 25 8
115 139 4
9 100 4
4 56 8
96 175 5
132 162 6
97 183 8
12 15 1
114 156 9
117 124 3
93 133 5
14 43 8
69 70 3
83 100 10
90 94 7
163 180 8
12 14 3
15 190 8
98 190 2
40 108 7
140 172 3
127 169 2
63 79 10
16 104 7
101 189 10
43 63 1
5 147 8
102 169 1
4 33 8
44 170 3
91 165 3
100 119 8
67 90 9
101 148 3
44 80 9
35 177 4
124 192 6
41 179 10
53 137 8
97 173 6
152 181 5
5 64 8
3 34 8
190 199 3
50 51 10
75 159 9
107 180 10
96 160 7
169 190 3
61 96 6
58 157 10
65 168 7
35 139 3
118 144 10
59 66 10
70 88 6
110 163 4
118 157 8
4 140 10
10 200 4
43 142 6
81 184 5
5 193 3
60 164 3
56 140 3
19 150 5
25 38 4
90 195 8
98 178 7
148 200 7
81 95 5
113 183 4
30 57 2
191 195 5
30 184 9
122 196 8
27 115 6
18 100 5
148 153 6
65 185 10
3 168 7
104 129 7
3 120 8
114 115 8
10 172 6
10 121 7
4 167 5
124 135 3
12 126 4
105 162 1
103 174 1
163 187 8
1 7 9
81 199 1
10 60 5
93 147 9
25 172 5
3 109 7
6 54 10
78 159 7
37 86 8
141 199 10
18 30 7
30 127 8
96 120 2
55 95 1
178 186 5
18 138 1
78 183 9
114 143 1
91 107 6
42 60 7
45 76 3
68 103 3
145 158 4
16 42 3
61 83 5
4 172 10
36 105 3
187 192 3
181 186 8
5 25 8
60 150 6
19 60 8
79 137 8
20 96 6
143 164 8
171 177 5
62 121 3
21 139 7
7 65 8
64 98 1
109 196 3
124 190 10
102 146 5
90 183 2
156 188 9
19 154 3
51 190 10
3 98 5
29 35 6
24 149 1
11 167 4
183 199 3
3 103 10
49 175 10
87 122 1
67 93 7
173 183 10
7 140 1
82 83 4
173 190 9
66 154 5
22 92 10
134 157 6
9 140 5
105 146 2
70 107 4
63 93 1
81 164 8
10 86 7
82 85 2
61 84 6
137 175 3
59 77 1
16 76 7
123 144 3
39 160 10
1 44 10
41 132 4
31 96 2
1 91 9
89 141 10
40 145 5
48 194 2
93 122 2
24 119 10
46 90 1
133 193 4
129 142 2
7 9 9
120 134 2
135 199 4
113 150 6
175 185 1
172 187 1
24 72 4
144 182 1
55 133 1
103 172 10
106 191 4
145 192 2
77 89 10
106 197 7
77 161 2
42 72 3
43 115 2
33 38 5
146 176 10
172 183 9
89 151 10
24 168 2
14 148 5
46 62 4
53 81 1
87 199 8
90 141 6
65 90 5
23 140 2
76 180 9
16 19 1
179 183 5
34 165 5
104 167 9
42 178 1
45 108 3
25 71 2
144 153 4
32 92 10
86 126 3
48 175 5
59 139 1
60 171 10
6 17 8
19 134 2
70 99 10
87 169 3
18 25 8
11 183 10
18 185 1
31 58 10
57 150 4
176 188 5
50 77 8
45 156 8
32 183 6
45 181 10
55 126 3
170 177 8
8 113 6
42 121 7
156 192 9
53 56 10
25 49 4
102 161 7
49 66 9
49 52 4
28 30 7
30 117 1
79 139 8
122 199 4
56 129 9
1 103 10
21 181 3
3 102 10
133 178 4
28 154 2
150 180 10
146 155 4
1 138 8
115 150 1
66 145 9
173 180 8
4 46 8
19 159 6
6 106 7
5 47 3
55 128 5
110 178 4
34 113 9
30 147 6
101 177 9
101 161 7
3 144 8
48 138 7
75 144 1
3 63 10
170 198 8
24 110 4
52 145 7
23 160 8
28 110 2
46 181 2
108 137 10
23 147 4
95 193 9
4 126 2
1 147 9
5 176 2
65 115 10
46 47 2
128 140 2
45 186 8
43 162 2
86 133 2
33 165 9
78 90 5
64 197 8
48 192 10
165 192 8
38 123 3
91 147 5
142 149 10
148 157 10
108 116 4
134 173 8
32 44 6
3 123 10
38 62 7
66 69 5
51 173 4
119 125 4
31 111 7
54 184 2
5 21 4
190 192 10
34 37 8
52 184 8
84 180 6
71 83 8
60 78 10
86 177 2
126 167 3
121 140 8
105 181 2
130 164 10
6 150 3
55 197 6
3 189 9
143 159 6
23 76 1
18 98 9
22 110 6
77 90 2
128 162 7
28 195 3
95 121 1
1 191 9
22 41 2
81 145 3
73 131 5
186 195 10
66 94 3
32 142 3
54 64 1
53 151 9
153 179 5
97 157 4
13 32 5
163 186 5
52 164 8
17 193 9
62 193 2
130 170 1
3 127 10
128 167 3
10 186 3
189 193 10
127 186 3
66 97 7
10 18 3
133 199 8
103 144 3
42 168 10
54 173 9
26 119 8
133 175 2
24 114 6
4 106 1
124 183 3
164 180 9
26 106 2
68 147 7
49 197 10
7 112 6
148 182 10
97 119 3
58 118 4
75 98 7
23 129 8
78 115 4
121 155 2
36 92 4
1 167 10
29 47 3
38 106 4
34 80 1
60 114 2
1 113 10
52 151 4
19 95 7
76 192 9
7 97 1
103 125 4
33 162 5
3 176 9
160 164 1
155 194 6
150 189 9
41 92 8
174 194 10
67 158 2
139 178 8
33 83 6
29 120 8
94 158 9
85 170 7
115 129 10
3 27 8
88 90 7
97 101 3
96 100 1
24 98 10
22 47 6
6 84 6
113 157 8
140 196 4
78 138 3
30 105 9
73 97 4
101 175 10
19 99 2
14 191 9
45 104 6
52 67 4
105 166 5
39 150 4
54 198 7
11 174 8
125 185 10
76 162 3
101 147 3
18 19 8
102 167 4
65 98 10
103 141 2
87 141 10
82 178 10
176 189 9
60 74 3
9 33 8
61 169 8
59 100 7
112 191 10
91 132 6
105 122 5
25 185 6
50 83 2
103 167 1
173 176 2
115 165 10
95 196 4
57 79 9
28 172 3
124 148 5
69 133 6
19 193 10
28 137 4
90 196 10
141 154 5
82 176 5
55 180 1
1 97 10
49 118 1
62 171 8
110 174 1
44 102 2
141 173 7
150 166 2
159 165 2
15 26 7
86 101 10
44 165 3
3 197 10
60 69 4
81 113 8
184 191 3
135 149 4
73 120 2
90 174 4
96 99 1
70 177 1
5 149 6
154 196 1
56 199 7
65 179 7
124 174 6
72 100 3
27 58 10
11 76 6
89 199 8
10 146 9
118 122 8
76 82 2
4 24 5
1 111 10
130 186 9
25 188 8
10 183 1
83 176 1
14 117 9
21 110 2
47 170 9
71 169 8
115 154 3
100 191 3
89 172 3
43 53 10
103 164 10
11 179 7
31 98 1
43 151 8
78 93 7
110 117 5
7 116 10
59 177 2
13 197 2
130 140 8
126 129 1
16 196 5
24 79 3
46 130 2
43 60 4
92 103 2
7 58 5
32 147 6
92 111 8
152 182 3
5 98 2
40 86 4
6 41 5
141 181 1
12 30 7
7 84 10
88 122 9
85 158 7
113 191 3
120 178 6
64 134 5
11 88 7
176 199 8
9 188 8
76 122 1
103 169 10
53 180 3
71 112 2
119 159 5
102 114 7
50 180 7
19 71 4
12 140 1
13 62 3
86 137 5
53 138 6
156 164 2
97 113 2
71 151 7
64 143 6
11 56 3
75 178 2
16 152 7
103 189 9
25 186 10
148 149 8
79 166 8
2 174 1
85 112 3
89 189 6
169 173 4
55 188 8
60 136 2
85 94 1
122 159 3
15 65 7
20 111 9
4 39 5
3 52 10
49 196 7
97 140 6
117 169 1
28 125 1
169 170 6
96 136 3
148 161 4
69 85 5
79 114 5
33 123 4
3 166 10
132 186 6
143 179 6
37 129 5
36 72 1
134 200 6
134 154 3
29 72 7
47 159 3
18 180 6
12 169 4
49 143 10
86 148 6
76 87 10
95 104 6
75 146 9
2 198 1
120 142 3
22 175 1
153 177 5
91 113 2
153 178 7
66 132 2
3 4 9
35 121 5
70 187 10
82 95 9
68 197 2
29 194 7
111 129 5
169 198 10
24 76 3
33 169 5
10 163 10
94 112 2
68 152 5
82 139 1
57 104 9
10 118 5
20 167 1
76 143 3
47 174 3
28 51 4
84 100 1
94 114 1
62 104 6
37 147 6
116 183 5
15 128 2
121 194 3
13 122 4
6 62 8
78 106 1
60 187 8
4 113 10
3 86 9
68 97 3
53 179 9
11 144 4
13 145 2
142 157 9
26 81 5
170 176 1
18 161 9
1 40 10
43 105 1
160 171 5
64 183 6
67 83 7
50 113 4
113 116 2
94 161 5
97 180 9
58 197 1
43 66 7
120 193 5
79 116 3
33 171 7
31 152 3
94 186 9
14 138 5
18 104 10
182 196 4
40 116 5
31 120 5
40 129 5
46 103 4
127 183 1
3 59 10
102 156 3
123 140 10
94 178 3
34 62 1
116 199 2
152 186 4
184 185 1
2 190 1
53 187 9
159 176 3
40 135 1
16 116 9
22 140 8
163 172 4
76 79 4
78 83 9
155 197 10
9 68 2
122 125 9
4 101 10
113 121 5
93 183 3
12 191 3
132 199 2
78 155 5
85 196 6
8 22 2
117 143 1
79 122 3
21 112 7
53 108 3
176 193 3
65 85 9
41 71 4
44 200 3
6 15 3
1 34 7
54 167 9
37 61 7
3 13 9
91 164 2
72 165 8
7 196 2
77 162 9
138 157 2
6 8 2
6 44 7
28 80 2
21 155 1
116 158 5
43 71 9
27 132 5
74 86 1
89 185 8
110 150 6
15 181 6
46 58 8
88 92 4
61 109 8
126 163 3
47 177 1
81 143 8
1 172 10
7 68 9
58 93 2
159 197 5
10 27 10
92 185 4
117 150 5
62 172 6
141 158 3
26 30 6
47 181 6
82 94 10
139 179 8
6 78 7
31 160 1
22 106 9
18 81 2
34 89 10
71 191 5
55 125 2
79 159 9
121 188 7
30 130 5
33 156 6
67 187 9
103 142 5
67 126 4
69 184 10
57 200 7
80 188 4
55 124 7
108 112 2
76 160 2
26 175 7
52 133 3
23 124 4
48 93 3
70 104 3
52 197 7
10 33 8
146 174 10
144 167 7
145 169 7
143 152 4
65 106 4
131 199 10
147 199 6
17 123 2
122 178 7
62 78 5
60 106 7
52 119 10
34 160 7
167 184 6
15 125 2
15 92 3
166 194 7
18 119 1
43 139 5
95 169 8
108 109 7
60 165 3
27 165 5
83 154 1
3 139 10
81 105 2
70 111 4
101 145 6
8 171 2
13 190 9
24 84 4
115 200 10
64 135 3
34 50 10
15 120 1
1 156 9
145 160 8
113 133 2
27 63 2
145 198 3
23 132 2
124 126 8
126 166 7
25 70 8
46 115 9
42 100 8
72 105 9
26 145 1
108 149 9
156 199 7
92 142 3
114 160 3
19 103 5
45 86 7
126 168 1
134 145 7
18 145 3
45 114 2
125 186 9
122 124 7
28 183 4
77 115 1
99 127 1
33 71 10
148 170 7
155 179 10
87 184 2
63 199 9
88 159 9
74 162 1
84 171 5
106 178 1
107 109 4
43 133 2
99 172 5
3 8 10
17 26 6
41 165 7
33 100 2
12 22 6
150 179 1
20 148 10
69 168 9
112 119 3
112 134 4
14 71 8
94 160 1
99 133 5
42 183 6
34 142 3
7 39 3
27 194 6
145 148 6
71 127 6
1 199 10
24 171 6
146 197 2
62 128 8
89 104 3
72 179 3
53 119 8
1 133 7
6 64 6
7 129 7
74 171 9
27 101 6
162 164 1
32 43 5
49 95 9
46 195 1
47 77 2
116 170 3
4 6 3
54 107 6
24 59 1
43 168 8
12 50 8
13 15 10
145 161 4
1 49 10
10 178 7
59 96 2
19 128 9
27 102 10
5 96 9
6 96 6
62 97 5
13 125 8
63 88 5
4 128 5
148 190 2
36 197 6
16 157 10
100 194 4
26 191 3
76 171 4
90 164 5
60 180 5
144 165 3
73 181 1
174 175 1
93 156 9
104 151 3
95 128 9
172 175 10
22 85 8
186 191 3
178 193 6
7 155 8
62 157 6
1 194 10
87 171 6
143 168 4
26 148 1
42 180 3
70 162 6
3 148 6
40 186 1
8 144 1
146 193 8
29 143 9
4 8 3
42 57 8
32 57 8
71 179 4
108 176 9
90 112 8
71 94 4
33 88 10
90 170 8
20 95 1
112 179 1
178 195 5
119 179 10
19 163 8
55 187 4
46 199 5
114 126 7
63 74 6
132 173 10
66 72 3
185 194 6
1 143 9
78 102 3
62 164 7
20 170 5
14 139 4
74 137 5
3 12 7
9 117 4
13 166 8
128 164 2
17 63 8
21 70 2
129 131 5
126 185 3
39 130 7
109 181 7
7 144 1
53 72 4
59 93 6
167 193 10
83 159 3
22 191 7
11 12 3
8 148 4
172 173 7
141 188 4
63 67 8
124 169 10
4 105 2
111 192 6
93 168 10
8 142 10
18 67 10
152 185 4
1 190 4
88 156 6
157 182 6
17 87 7
1 142 5
131 136 6
18 36 6
40 49 10
27 178 3
64 72 3
82 120 1
19 42 10
96 167 2
133 183 1
21 140 7
88 135 5
79 170 10
12 111 4
169 172 9
57 183 10
3 105 6
144 172 6
12 48 5
1 70 10
63 164 9
113 152 7
108 166 10
41 195 10
127 173 8
23 169 1
30 102 10
123 149 10
20 190 10
18 47 5
88 119 4
120 130 8
82 127 9
48 101 5
63 160 9
15 179 7
190 197 2
13 50 6
146 175 7
34 148 4
8 121 1
56 163 8
31 63 2
29 177 1
30 157 8
24 117 3
71 117 1
133 134 5
173 189 1
4 89 9
87 97 3
55 140 9
25 182 3
61 139 3
121 129 5
75 130 10
32 47 8
78 95 6
104 145 7
75 96 8
5 44 7
57 86 1
17 121 7
66 155 7
66 116 1
118 178 6
88 128 6
76 147 9
21 176 10
32 115 9
63 177 8
47 186 2
12 128 1
42 95 2
151 162 9
86 112 2
95 184 7
83 141 2
118 162 9
40 64 3
19 196 7
56 156 2
35 188 4
55 195 1
58 160 1
13 74 8
100 160 10
21 145 1
3 188 5
77 113 8
22 38 7
34 128 6
9 72 10
13 18 4
149 187 7
18 111 4
16 47 8
13 134 2
41 170 7
21 170 4
134 156 7
21 79 2
46 166 10
81 112 1
93 97 6
73 159 3
53 58 7
10 193 4
24 109 2
65 134 1
6 83 9
10 51 10
106 200 2
80 174 5
105 117 2
72 88 10
6 92 5
105 112 9
25 128 4
9 80 8
86 152 9
45 171 8
80 100 1
127 196 5
76 124 7
4 143 3
149 162 8
95 154 6
36 111 8
56 78 9
98 106 8
98 136 1
15 158 10
30 42 5
37 124 4
130 196 7
122 138 6
1 32 9
81 185 1
104 130 9
24 142 8
61 69 6
88 185 1
92 182 10
26 114 2
39 143 7
11 161 8
61 74 1
45 179 6
11 141 2
15 28 5
1 158 8
124 164 1
8 54 5
80 151 6
113 182 3
36 96 2
82 142 10
107 161 4
5 90 7
121 127 6
84 188 9
1 119 4
82 199 3
3 183 10
136 193 5
75 151 2
3 53 6
82 111 4
50 175 9
113 197 5
86 157 8
5 65 7
90 172 8
62 198 1
149 160 9
39 121 1
82 144 2
4 62 9
134 141 1
128 129 1
88 94 10
57 198 3
13 182 4
56 146 10
95 116 9
84 185 3
8 182 2
11 94 6
35 60 1
90 105 1
124 137 2
29 144 7
31 45 1
16 41 2
82 119 2
45 175 6
53 186 4
22 113 4
11 59 2
69 81 2
109 183 8
82 154 6
10 142 7
10 84 4
15 160 7
47 66 9
61 176 8
10 197 10
70 181 8
31 154 9
31 188 2
1 120 10
61 77 9
80 118 3
18 174 5
57 173 3
28 163 8
5 42 6
16 140 8
38 70 5
148 176 1
120 152 8
29 115 10
42 153 5
107 123 1
8 84 3
48 134 10
143 165 10
6 187 4
78 137 4
106 140 6
44 76 8
42 176 1
31 140 10
54 62 7
76 149 5
8 81 9
161 194 3
93 103 8
17 143 2
90 159 8
159 188 8
94 183 8
51 179 8
9 172 5
8 77 9
30 78 1
9 122 6
55 62 7
34 185 6
172 186 8
45 90 10
66 146 3
31 178 7
22 151 9
25 77 6
134 196 8
29 94 9
99 160 3
102 118 4
26 134 10
14 173 8
36 171 7
126 148 8
78 199 7
110 159 4
34 119 8
154 182 2
143 200 4
30 129 4
80 198 7
6 61 4
122 154 6
3 200 9
98 100 3
71 156 6
110 151 4
62 123 6
92 199 5
20 114 5
59 162 10
50 65 4
107 184 9
7 33 6
45 59 4
27 51 9
54 108 9
20 65 10
43 80 7
108 200 4
10 88 6
136 149 4
74 95 4
115 173 1
3 185 9
24 103 1
70 161 7
46 105 3
184 187 7
13 181 6
34 157 9
20 184 6
126 193 3
86 117 4
101 134 7
137 168 10
6 183 10
27 179 4
15 31 9
33 113 8
174 192 9
168 194 8
42 67 8
136 139 10
57 121 8
145 165 1
6 65 6
44 59 6
33 163 2
88 112 10
13 117 5
105 132 6
112 155 7
37 191 4
109 128 5
30 91 5
25 59 5
32 123 7
33 37 6
92 129 1
111 134 1
175 178 4
44 73 6
175 188 8
116 140 9
126 149 8
110 176 9
44 190 9
23 73 2
104 199 6
113 178 4
73 128 7
79 149 7
26 53 3
37 143 5
120 192 5
50 157 4
56 198 9
59 165 6
14 82 7
52 118 3
136 195 4
13 44 4
73 123 2
50 200 8
101 167 5
27 103 5
119 144 8
52 92 10
66 105 3
140 154 4
104 105 4
93 150 8
24 172 5
39 183 9
119 123 2
81 196 7
31 121 7
1 41 5
81 139 10
104 148 5
91 170 4
44 179 10
60 93 9
26 178 3
48 76 5
68 194 7
182 192 2
69 105 10
129 169 9
65 169 2
9 63 7
79 132 5
77 179 7
102 103 1
5 73 1
15 63 4
18 75 10
1 132 7
25 34 3
4 30 8
64 73 4
64 131 10
42 91 8
72 80 5
100 187 3
37 197 6
27 183 5
35 96 7
126 198 5
19 192 10
92 164 3
40 171 7
33 86 8
51 61 8
70 151 3
22 164 7
23 31 8
193 194 6
50 108 10
9 120 10
33 121 4
41 82 6
63 133 7
40 185 2
49 156 7
92 183 1
90 126 3
73 99 4
148 184 3
36 54 8
165 193 4
36 58 3
57 175 10
26 85 2
85 140 1
88 140 1
100 110 2
71 77 2
7 151 10
133 197 4
64 101 5
132 172 2
7 21 8
25 154 7
11 198 7
96 164 9
96 97 4
25 145 1
21 183 8
20 30 4
19 88 4
86 90 5
60 176 2
39 159 4
46 87 3
39 61 1
83 196 8
52 191 2
101 109 1
9 44 4
69 198 8
90 152 9
86 192 9
172 199 2
145 162 6
47 198 1
36 73 7
103 119 6
33 79 5
14 178 7
72 183 4
14 166 9
145 154 3
1 96 9
49 84 5
107 158 2
133 173 7
91 122 7
94 171 7
74 163 6
59 150 8
84 107 8
63 163 6
57 160 6
37 194 2
14 49 10
83 114 1
7 42 8
20 54 2
99 126 4
26 166 1
71 196 1
49 171 5
12 46 6
153 162 4
47 156 5
159 193 2
75 114 9
26 192 2
3 111 5
55 123 3
63 78 1
50 161 6
160 200 4
21 174 9
35 82 1
120 162 3
101 181 5
31 110 9
90 175 4
57 152 4
39 192 8
161 187 5
15 77 8
25 41 3
155 169 3
114 175 10
26 69 7
37 119 4
67 172 1
140 158 7
21 56 10
85 142 7
4 88 9
94 194 3
64 125 5
78 189 5
147 187 8
122 151 10
83 187 1
70 198 1
49 146 10
3 115 6
62 162 5
119 196 10
53 77 7
3 37 6
95 125 10
3 66 9
30 40 1
50 132 3
51 117 9
27 140 10
64 80 9
31 112 9
135 144 9
58 104 4
39 198 6
19 54 2
53 86 7
27 111 4
92 168 8
195 200 3
77 199 6
49 162 6
19 161 7
59 125 3
1 126 10
86 136 2
26 108 7
65 87 5
73 153 10
57 88 8
146 163 1
51 168 9
26 196 10
82 188 6
127 135 10
146 178 9
31 104 6
79 193 8
60 129 10
23 145 4
14 46 4
33 149 2
17 35 5
85 87 5
27 155 9
44 84 4
95 197 8
69 143 8
146 158 2
146 191 8
95 187 4
14 29 1
44 124 2
37 112 4
196 197 5
11 146 1
12 149 9
15 109 6
99 111 8
7 166 8
88 186 10
20 75 1
110 114 10
122 191 8
64 127 7
41 95 8
5 52 10
112 138 10
51 132 9
14 124 9
74 120 1
35 112 9
92 95 9
105 110 3
27 96 3
145 177 5
47 122 9
135 185 3
79 98 9
116 138 10
88 126 7
59 94 6
126 130 7
67 119 7
16 88 1
88 130 1
11 93 3
1 21 10
26 199 9
73 173 4
31 54 2
119 200 5
26 173 2
50 104 4
172 196 2
24 87 5
116 162 8
96 116 9
30 125 6
78 144 2
13 56 6
40 154 9
15 93 6
118 173 8
31 68 8
30 50 10
4 138 5
21 49 7
52 185 5
15 27 3
3 74 8
194 198 5
89 114 10
174 183 1
95 108 7
24 61 2
127 133 5
8 13 4
102 192 1
93 170 8
98 161 9
127 160 9
126 195 8
56 104 3
12 76 1
68 182 9
111 197 5
123 161 6
107 190 1
166 174 3
57 60 8
20 176 6
47 49 4
74 148 9
113 144 10
64 156 2
115 169 6
111 130 3
22 78 4
1 141 9
117 136 5
50 128 9
27 42 5
28 115 4
20 106 2
50 146 10
46 66 10
32 42 2
92 173 9
33 144 9
8 25 10
139 170 8
67 89 5
150 178 8
70 182 4
75 168 5
76 117 2
1 33 10
16 137 7
21 68 1
36 37 5
27 149 6
160 173 5
121 189 9
28 196 2
15 142 4
110 156 1
52 196 5
58 113 9
27 91 2
28 131 5
61 88 1
58 96 9
147 196 8
32 67 10
36 94 3
77 167 10
101 135 4
43 108 5
66 67 6
58 145 4
95 140 7
89 190 3
11 79 9
34 135 2
124 176 3
85 93 5
61 191 4
162 169 6
36 49 4
98 150 10
53 154 8
47 185 7
45 166 2
65 137 9
73 92 3
108 129 3
152 175 9
140 143 2
101 199 4
133 144 3
132 155 6
163 183 5
44 58 5
7 170 4
34 94 9
42 80 3
111 124 8
112 118 5
26 65 10
8 28 5
146 148 2
58 85 7
2 150 1
196 199 4
29 167 5
89 182 9
83 109 2
66 104 7
18 22 4
160 199 8
114 158 10
31 171 2
121 159 9
65 95 4
149 154 8
25 45 6
88 102 2
12 193 2
9 187 3
71 152 2
42 171 6
77 143 5
19 40 8
73 83 7
8 51 7
18 197 7
11 32 9
78 122 2
51 70 1
115 198 6
149 169 8
55 159 2
5 18 8
144 159 10
67 72 9
17 82 9
34 127 5
85 86 8
159 184 10
129 164 9
42 197 9
22 54 8
21 141 9
81 200 1
110 155 1
113 189 2
162 182 7
8 184 2
19 169 2
115 193 1
54 133 2
168 181 3
61 173 2
73 141 7
45 164 5
99 195 2
11 118 8
9 12 7
27 121 1
65 75 1
142 171 2
23 188 8
84 165 6
119 186 4
20 86 2
32 192 2
158 163 10
98 164 5
99 150 8
39 70 1
58 122 10
62 127 3
60 95 4
69 140 4
4 67 2
169 185 6
149 185 6
48 62 1
66 161 5
60 92 4
35 77 9
21 115 5
22 97 1
15 162 4
129 199 4
18 103 3
108 125 3
91 98 5
149 192 1
50 181 4
86 145 3
1 170 9
101 182 5
49 164 3
107 185 10
158 193 3
19 199 10
49 166 10
185 192 3
154 168 5
75 132 5
91 163 10
66 122 10
41 193 10
11 31 7
49 186 10
16 45 4
75 123 8
21 98 2
19 117 6
35 191 3
33 159 3
122 123 8
23 114 6
100 179 3
91 125 5
72 182 8
52 157 6
137 152 5
134 155 2
143 146 7
20 78 7
35 117 6
23 122 9
109 172 10
33 135 9
142 172 8
78 139 2
86 187 8
12 141 10
37 158 5
59 181 1
171 185 2
112 163 7
29 148 2
82 149 6
63 143 6
66 195 9
158 165 1
44 187 5
56 173 5
28 74 10
77 141 10
21 123 8
75 185 5
114 138 6
29 171 5
42 127 2
103 128 2
5 79 7
37 71 3
125 142 9
135 186 2
42 132 10
74 118 5
4 129 9
168 169 4
106 161 10
114 185 5
10 147 8
21 175 2
68 171 4
80 200 6
32 35 4
134 197 2
152 153 9
49 185 1
25 194 2
141 143 5
4 19 6
31 41 2
9 60 10
83 156 8
121 142 8
50 133 10
15 53 3
89 101 8
37 40 5
170 195 1
99 122 3
38 114 8
34 161 7
92 181 10
66 98 4
13 103 10
66 180 4
46 124 5
126 160 9
20 186 7
75 198 1
121 164 5
37 102 4
34 117 2
168 178 9
46 155 1
46 134 2
56 162 4
150 153 9
7 154 1
28 175 4
63 76 4
63 138 4
54 84 2
133 148 2
17 51 8
58 155 6
23 183 8
4 59 2
49 126 7
63 167 4
3 152 6
26 93 10
37 113 6
23 52 7
91 96 1
83 164 6
121 172 9
20 83 8
66 111 7
55 87 4
72 177 3
143 144 4
40 83 1
3 175 9
85 122 8
106 150 7
24 196 4
159 177 10
6 175 3
6 14 1
49 193 10
59 146 7
54 137 7
184 197 8
37 85 8
186 193 5
1 54 10
88 134 7
142 184 6
25 27 9
102 199 3
134 184 10
103 166 9
57 71 9
63 185 8
82 195 10
75 79 7
157 174 8
83 192 5
78 148 5
81 102 1
9 87 6
37 192 6
138 143 8
13 184 7
38 92 1
100 139 6
65 101 9
24 38 8
5 140 10
45 136 9
7 14 3
138 164 1
68 173 5
45 177 8
49 102 7
35 134 7
16 34 7
172 174 6
143 173 9
49 160 4
93 98 2
11 65 3
14 135 8
84 117 6
15 177 5
168 170 9
58 183 2
42 139 4
98 167 8
124 132 7
113 180 3
28 105 2
91 92 4
46 131 9
97 152 8
51 188 5
42 50 10
111 161 7
68 123 7
94 196 10
38 158 9
58 119 9
31 119 1
3 134 10
77 177 7
23 30 8
94 139 7
128 158 9
71 146 9
20 89 7
47 54 2
20 29 5
132 179 10
17 74 8
98 111 6
41 174 4
35 37 7
8 128 9
133 172 6
8 33 6
29 42 5
4 169 6
61 174 1
9 46 4
43 44 7
109 185 6
85 166 3
75 108 4
40 118 1
3 121 10
71 153 7
98 107 7
135 172 7
32 198 4
31 105 2
20 103 2
29 118 5
140 192 7
113 147 7
59 117 6
72 144 8
48 54 8
107 115 4
158 189 10
156 161 2
109 166 2
54 169 5
59 90 2
28 178 7
72 116 4
109 174 4
6 99 7
181 197 3
37 177 8
153 195 1
125 174 7
26 172 7
54 113 2
24 112 8
56 171 9
7 52 10
82 115 10
18 82 5
70 114 9
55 191 4
87 156 4
136 170 10
53 150 5
11 160 4
3 41 10
53 64 8
103 188 5
87 163 7
5 76 2
109 184 3
69 151 7
30 160 2
24 163 6
113 115 6
89 187 1
126 157 6
145 179 7
40 179 3
26 76 9
18 68 3
59 198 5
127 170 3
17 144 8
35 199 2
15 82 6
12 84 7
99 105 3
169 184 1
6 180 1
120 165 2
135 145 6
14 155 1
15 67 10
21 171 6
152 196 8
51 118 6
83 174 7
72 153 5
55 181 4
21 116 4
78 142 3
41 55 2
17 159 9
159 199 8
87 144 4
20 119 4
121 166 10
19 30 5
147 198 6
101 162 5
83 116 9
24 127 1
115 195 3
41 148 5
12 127 3
126 180 5
79 168 10
131 195 8
16 181 7
31 127 8
179 194 7
14 152 7
30 136 9
125 194 7
28 152 2
62 96 8
8 88 2
77 127 9
1 144 10
73 169 6
8 31 2
135 167 7
27 62 6
12 42 7
15 149 3
132 193 6
81 189 4
22 183 2
26 183 2
26 46 3
192 193 2
106 170 2
65 121 8
79 163 8
3 199 5
7 26 7
132 195 1
52 62 1
76 159 2
75 149 1
13 94 6
112 173 8
78 178 9
57 166 1
79 87 6
7 167 8
108 199 7
25 168 5
71 198 3
84 146 10
19 44 1
14 167 7
36 168 6
10 39 3
33 148 2
109 155 8
15 32 9
34 181 1
97 179 10
18 74 9
7 44 4
77 111 8
44 57 7
9 81 3
63 178 3
6 133 9
7 174 1
79 150 1
100 150 7
78 80 8
165 171 10
143 175 1
80 101 6
27 147 2
46 173 5
34 67 7
66 152 9
20 55 9
32 86 3
50 151 8
111 188 8
35 39 3
126 147 8
134 159 1
37 94 2
110 120 3
44 140 6
33 146 4
16 91 2
109 112 2
96 109 6
96 125 2
37 148 1
127 167 7
23 93 1
159 178 2
88 153 6
81 104 9
11 194 4
12 52 5
9 102 4
35 85 4
81 155 6
29 76 4
107 175 6
35 79 10
22 83 6
129 198 6
73 98 5
11 134 9
64 115 5
102 133 4
25 90 6
57 148 4
120 174 5
112 136 1
119 160 7
121 182 3
88 141 2
93 140 2
68 165 2
171 186 9
74 169 8
3 56 6
112 143 3
89 153 5
39 71 8
110 121 5
92 106 3
68 121 3
178 200 8
125 162 1
38 147 2
94 137 4
4 159 4
150 169 5
67 163 8
35 99 1
34 190 10
78 135 2
11 82 6
50 101 6
84 161 10
138 169 7
116 136 1
51 180 6
25 156 6
120 181 4
118 196 10
38 159 5
37 43 1
162 189 1
18 124 6
9 180 2
135 138 6
61 171 4
41 97 5
30 96 7
99 173 2
61 166 4
110 171 8
55 85 9
37 189 1
19 57 2
186 192 5
33 168 10
4 144 8
31 150 6
163 175 7
73 176 6
17 183 6
52 97 5
156 179 8
133 195 7
12 114 4
108 110 4
49 180 7
106 171 10
181 183 7
48 193 5
135 179 3
11 62 6
8 21 5
69 135 5
30 74 6
55 143 5
6 63 5
133 159 3
20 22 5
22 107 10
73 167 4
46 136 3
113 188 6
43 192 1
3 137 10
62 86 6
79 158 6
131 141 8
142 166 5
43 57 6
16 150 3
106 143 9
87 193 8
173 193 5
44 77 3
188 196 8
57 176 5
16 83 9
56 167 1
33 147 6
123 170 8
40 194 6
82 173 1
47 51 6
57 95 8
172 178 3
10 170 8
61 159 6
70 170 5
19 45 5
147 151 10
163 176 9
6 140 8
155 178 6
15 183 4
143 166 6
130 138 5
44 135 1
37 185 3
48 105 7
115 130 2
54 74 1
26 161 1
57 186 1
37 152 5
192 198 5
19 97 7
53 118 4
76 195 3
54 65 5
60 84 7
13 87 2
183 194 9
25 113 1
24 122 10
154 199 1
180 200 3
71 98 8
83 127 10
69 93 5
48 123 3
51 165 8
19 144 8
87 142 1
85 133 6
32 111 5
128 136 7
5 180 5
125 151 3
45 55 1
88 177 4
86 116 9
93 151 3
101 124 8
36 173 3
107 194 7
26 125 10
119 149 3
41 172 5
17 110 2
52 148 2
128 181 7
134 147 7
76 127 4
105 127 6
67 183 1
44 108 7
93 131 4
1 22 8
60 70 9
76 114 9
43 70 6
61 128 8
51 164 9
9 149 7
64 83 6
14 51 5
63 182 5
88 136 1
9 184 5
3 90 6
131 182 5
178 197 1
149 151 10
163 195 9
35 183 8
149 179 6
158 160 3
12 115 10
104 131 4
131 176 4
12 34 6
138 163 9
125 158 9
170 200 2
85 194 6
112 139 3
95 178 7
113 194 8
91 161 7
51 89 5
131 197 7
10 75 6
9 32 8
146 192 10
143 177 9
59 107 4
27 114 9
34 168 7
99 117 3
149 180 8
10 139 9
64 105 7
28 48 8
182 185 3
115 122 7
3 119 10
6 162 9
68 189 8
1 19 5
51 94 10
57 123 8
18 143 4
22 63 8
78 192 7
69 101 6
25 50 7
86 200 5
1 122 10
79 125 5
147 162 3
101 168 1
49 104 5
9 35 8
46 85 8
56 111 8
68 88 1
78 119 9
51 185 7
18 90 10
30 187 5
31 50 2
162 188 7
47 98 6
30 140 6
33 47 1
21 54 3
61 71 3
147 156 1
104 166 9
58 62 4
122 164 2
137 183 7
71 119 3
20 193 2
8 194 2
151 182 5
68 164 8
29 116 7
7 173 7
79 152 1
27 191 2
14 147 8
42 156 3
29 197 7
59 173 5
109 157 2
109 165 10
61 66 4
53 126 5
103 136 7
64 163 10
74 79 9
39 76 6
41 160 9
118 125 7
18 76 5
15 102 2
52 127 9
1 62 7
109 156 3
185 199 9
41 181 1
139 191 9
26 155 2
36 116 3
41 102 8
10 56 8
16 121 2
77 184 8
120 157 9
67 174 2
43 111 6
41 175 6
49 50 1
28 153 5
17 68 4
111 119 1
22 43 10
14 38 1
86 155 7
36 60 5
132 187 3
8 188 7
58 198 6
30 69 5
25 117 1
9 105 6
75 150 6
48 117 4
24 73 8
37 198 2
62 72 5
169 188 8
172 179 8
38 194 8
36 196 8
39 82 8
3 64 9
51 86 8
32 103 3
13 69 5
12 56 9
36 182 5
38 188 7
39 112 1
90 106 2
60 121 5
43 118 7
23 164 3
14 85 3
128 143 1
14 118 10
61 94 3
129 182 8
41 72 5
74 89 2
133 176 6
61 95 7
1 112 6
158 164 2
56 125 2
91 146 10
26 80 6
23 68 9
7 24 5
26 156 10
26 83 5
145 166 10
170 194 10
125 160 9
160 190 8
77 84 1
43 120 8
46 127 2
38 58 9
84 137 10
40 43 7
59 116 7
6 160 3
31 113 5
136 176 7
107 187 2
132 169 9
23 91 2
29 180 6
39 86 2
27 125 5
92 161 8
30 101 3
40 195 6
130 182 10
68 82 4
55 135 4
98 121 9
171 176 3
62 75 10
30 164 5
41 177 8
133 191 2
42 148 2
56 70 1
64 178 1
9 177 1
110 136 9
104 173 1
13 33 6
130 192 10
41 98 1
61 82 10
75 179 4
1 42 10
59 70 3
11 40 2
16 22 4
16 108 7
13 183 4
8 108 5
71 81 5
145 194 5
156 184 7
8 126 4
61 127 4
69 169 8
31 134 5
149 172 8
63 112 3
103 116 6
29 78 1
50 188 4
93 139 2
80 154 9
27 59 3
26 198 4
6 74 8
120 184 4
45 145 8
16 186 9
34 130 10
112 185 10
66 193 4
15 129 3
12 109 7
168 191 9
14 137 10
89 161 9
21 61 7
15 76 7
182 193 4
30 173 9
51 120 3
13 116 3
126 154 6
115 135 1
98 114 1
3 51 8
25 136 2
1 87 8
58 131 1
154 162 4
16 176 9
78 125 4
29 121 4
71 118 4
31 191 8
88 194 8
63 130 10
42 79 8
73 134 4
180 190 3
131 138 7
127 147 1
73 111 3
1 76 9
76 174 9
9 29 3
45 118 3
64 139 4
98 163 1
39 123 10
9 52 6
66 109 1
89 91 5
49 151 8
105 140 10
98 128 5
112 183 2
127 171 1
30 104 4
88 162 10
123 132 3
66 140 2
132 156 3
81 121 6
1 74 10
56 69 2
121 131 8
140 186 6
33 139 8
55 163 6
121 193 9
106 166 8
19 61 2
115 199 4
133 185 7
24 32 9
24 99 2
19 141 5
147 195 2
51 189 2
44 171 1
88 180 5
56 123 7
65 144 6
118 139 9
96 156 8
8 168 3
58 133 9
69 146 8
24 164 10
102 108 9
40 96 9
106 195 6
121 144 4
106 125 10
42 117 4
68 96 4
34 106 5
47 148 6
40 81 10
98 105 1
3 58 8
23 137 6
33 115 9
52 176 4
43 136 8
64 104 4
36 44 6
66 130 5
49 65 1
74 184 5
61 129 7
14 37 2
74 129 2
82 197 10
34 86 6
101 176 5
28 160 7
40 180 3
132 159 9
103 126 6
154 195 4
74 76 7
18 91 4
17 182 6
89 158 10
115 191 4
104 162 1
92 148 6
161 181 4
33 173 4
44 106 10
53 97 3
68 101 3
13 118 8
8 133 7
97 184 9
49 137 10
120 196 10
4 112 5
7 61 3
51 103 8
18 26 8
4 122 5
47 182 7
72 194 6
68 72 9
60 64 5
24 178 6
14 99 6
109 111 8
68 83 6
62 68 4
22 80 3
65 145 9
140 166 4
98 127 1
14 143 7
98 142 2
30 154 6
48 170 3
1 75 10
31 71 9
131 177 8
35 65 3
108 151 3
33 51 10
113 166 1
22 152 8
12 199 7
42 137 6
49 158 4
150 163 6
46 102 5
21 124 6
95 194 2
70 184 3
1 163 10
15 78 8
3 173 8
39 133 9
21 156 3
65 150 2
95 174 1
45 65 7
140 152 9
119 147 10
175 187 5
17 170 5
78 164 5
89 103 6
158 192 5
156 157 9
39 177 5
93 158 6
55 59 3
114 150 5
88 100 1
40 161 5
51 149 6
130 177 7
88 137 6
113 153 1
25 166 7
80 126 7
68 188 9
93 105 1
162 192 10
39 193 8
11 37 3
106 124 4
135 168 8
22 196 2
95 162 4
183 188 4
183 191 8
106 142 3
68 168 6
59 61 10
67 146 5
6 55 5
24 60 8
14 130 3
96 166 9
98 140 9
121 126 3
54 200 8
28 106 3
133 179 3
33 175 1
29 32 8
160 176 4
80 163 9
197 199 7
102 195 9
7 200 5
64 113 8
1 59 10
120 199 7
62 199 10
74 80 2
10 44 2
129 179 3
7 41 5
81 123 8
89 136 1
17 47 10
99 118 3
14 68 1
3 79 7
104 152 3
22 66 3
22 62 9
16 184 4
62 188 1
65 109 6
60 137 2
77 109 8
161 188 3
31 116 8
154 166 1
141 193 4
99 197 10
66 183 10
106 169 4
101 157 10
140 198 5
1 17 6
152 168 2
118 136 1
147 181 8
47 139 4
98 175 1
28 138 7
37 83 7
22 77 1
55 193 8
19 39 7
128 197 10
52 86 6
42 73 6
93 132 2
66 108 7
115 141 4
40 72 10
79 160 6
51 119 1
97 132 6
40 47 1
75 142 5
59 72 9
4 99 1
132 176 2
95 195 1
3 57 10
11 153 10
56 118 10
135 170 7
115 124 3
161 193 7
142 199 1
57 137 1
93 117 3
39 174 6
74 178 5
100 152 8
61 122 9
48 190 3
184 189 6
30 128 7
23 117 8
7 11 6
9 55 6
144 168 2
176 195 4
33 43 4
28 71 3
13 59 1
96 127 3
17 57 5
148 191 3
4 110 3
103 107 4
145 173 4
61 157 2
109 137 2
1 130 6
21 45 9
113 125 4
102 186 2
92 114 2
11 121 1
25 149 3
55 101 9
11 111 9
96 177 4
87 101 1
51 121 10
36 88 8
114 135 3
13 113 2
73 156 2
3 14 9
15 127 7
3 191 4
112 151 2
98 146 2
6 194 8
146 181 10
70 77 9
177 193 8
100 180 8
49 132 7
17 66 3
76 185 2
133 141 1
50 89 1
118 120 6
16 75 6
70 155 4
18 58 5
73 135 10
10 85 8
15 29 3
108 136 2
73 152 4
46 82 5
87 106 4
13 86 7
83 121 4
41 114 9
62 152 2
46 193 7
145 181 7
78 188 1
146 184 7
30 189 7
3 88 7
92 146 5
37 126 7
98 165 2
20 34 3
13 170 5
30 99 7
82 186 10
10 141 8
59 71 2
162 176 7
61 163 1
48 86 8
40 101 8
33 116 1
46 192 2
49 147 2
91 152 10
123 157 7
21 131 10
85 164 8
32 161 4
24 69 9
70 158 2
53 155 7
33 180 1
102 149 7
163 185 2
149 167 6
145 163 8
114 116 10
30 158 9
1 177 9
11 70 4
72 200 1
62 106 8
10 36 6
16 123 4
24 82 4
158 172 5
160 184 8
77 183 3
117 152 9
5 118 7
102 110 6
72 152 8
19 167 9
49 152 2
110 113 3
62 145 4
88 161 6
78 114 1
39 117 5
127 153 2
12 49 1
180 198 5
1 73 10
157 180 10
62 147 4
8 49 1
8 129 6
98 148 4
7 30 8
7 18 5
105 126 5
31 76 7
83 123 3
82 190 5
20 71 4
66 124 1
72 82 6
136 145 7
73 189 8
5 131 8
41 57 9
118 194 9
93 118 1
43 77 4
56 57 2
20 149 5
105 113 9
93 172 6
24 111 4
123 138 8
58 103 10
130 145 8
24 75 2
6 137 1
92 191 10
13 42 10
44 158 4
22 134 5
76 177 5
111 158 4
20 131 10
61 70 9
59 149 10
17 167 9
136 173 3
35 95 5
12 154 2
45 79 7
41 157 4
51 150 2
15 74 9
51 147 8
89 152 8
72 161 3
73 148 2
8 149 5
146 150 7
18 186 3
88 151 3
22 53 10
97 194 10
106 184 2
18 173 7
133 157 3
28 161 1
161 191 10
124 144 2
124 167 6
134 170 1
153 163 3
140 162 7
60 132 1
58 117 5
130 185 3
20 28 9
82 157 4
37 131 7
16 194 6
92 144 4
49 82 2
71 72 5
139 162 4
67 97 5
48 116 4
97 114 5
111 139 6
32 46 4
4 70 10
193 198 4
13 54 6
143 199 5
13 31 7
90 146 10
62 166 3
7 28 9
129 167 1
17 135 6
93 101 1
35 46 9
26 174 6
28 53 5
91 195 3
152 159 9
146 186 3
8 100 3
80 153 1
110 116 1
76 139 2
79 81 3
95 183 3
1 4 8
1 83 10
80 179 3
196 200 9
120 121 7
30 132 4
98 159 9
43 138 7
23 158 10
20 139 8
110 137 4
29 69 9
16 94 2
13 178 7
37 88 5
46 188 1
46 129 8
70 147 6
11 52 2
81 180 1
107 160 8
89 149 5
83 140 2
75 82 1
3 155 9
40 144 4
130 133 9
51 123 9
68 92 6
50 122 4
18 112 8
165 170 1
103 137 7
36 200 3
113 155 1
17 165 7
70 82 9
87 176 5
18 61 7
93 126 2
114 154 2
29 198 3
26 133 10
30 139 8
195 197 5
37 173 6
51 54 6
26 180 2
14 164 8
75 163 2
21 33 1
165 184 6
34 44 4
74 193 10
112 168 9
75 197 3
90 171 10
139 194 3
40 198 10
74 183 5
20 84 6
55 92 9
18 168 2
32 101 10
23 126 9
68 183 7
57 139 10
63 64 3
43 186 9
121 175 6
164 191 9
62 76 5
51 88 6
175 199 1
46 100 9
113 156 2
164 182 9
46 144 7
143 190 1
130 200 9
23 148 7
115 159 2
169 189 1
21 85 8
108 154 10
131 200 10
11 19 2
73 137 4
41 42 2
160 179 3
99 110 4
108 118 1
21 169 8
27 146 6
65 74 4
40 139 7
32 83 4
78 111 5
66 113 9
33 98 2
43 45 1
27 40 9
4 174 9
27 60 6
64 108 8
166 178 6
45 47 6
48 52 2
9 162 5
45 133 10
78 91 5
159 187 7
84 125 4
77 151 8
102 190 5
166 183 1
50 91 4
124 130 6
71 158 7
84 96 6
35 168 9
19 65 5
173 200 1
88 139 2
40 67 10
42 115 2
14 47 9
92 93 1
30 45 5
8 193 9
1 148 8
155 157 8
13 120 6
109 178 5
30 51 8
14 69 5
62 79 4
48 162 10
77 200 4
157 160 5
58 71 8
11 44 4
28 177 1
35 58 1
23 98 8
91 199 5
83 190 4
62 115 3
41 143 2
65 170 7
124 125 1
123 190 7
24 159 5
177 194 7
77 182 2
114 139 4
150 154 5
33 118 7
145 187 5
24 144 7
101 180 5
8 102 5
17 191 3
16 114 8
84 94 9
50 148 8
21 127 10
3 6 5
32 63 1
134 192 6
1 36 8
143 182 9
30 36 8
139 183 9
47 114 9
36 184 6
75 181 4
97 104 4
17 179 5
144 163 3
104 137 10
138 197 8
62 138 6
51 142 5
73 109 6
114 120 7
120 182 7
61 182 10
29 31 6
47 85 4
75 143 9
28 121 6
68 99 9
7 57 10
137 157 10
113 129 3
22 60 10
101 141 8
59 158 6
93 107 1
79 100 2
55 72 9
42 164 4
65 107 7
12 108 7
99 106 2
84 149 1
109 138 2
80 133 8
45 80 7
40 80 7
49 188 5
38 64 5
96 186 2
31 167 9
99 175 1
71 200 2
107 198 8
107 168 4
76 179 1
16 27 6
30 143 8
50 190 2
96 173 7
19 23 6
138 182 1
11 80 8
36 45 5
46 197 10
126 176 4
41 67 9
6 102 1
18 188 6
19 33 2
27 185 10
37 154 3
17 148 9
6 111 5
188 194 5
128 174 9
154 176 6
80 161 5
56 91 2
51 181 3
22 108 4
105 179 2
43 65 4
84 118 8
16 153 5
65 199 2
10 41 10
101 138 3
62 124 5
156 170 7
77 168 9
153 198 8
27 170 7
95 135 2
65 147 7
102 184 8
93 197 7
17 187 5
25 55 4
83 158 2
21 195 2
124 181 7
135 142 3
92 118 5
51 97 8
31 193 5
157 173 7
96 179 8
85 130 7
13 51 1
145 155 5
48 142 1
179 181 2
23 194 1
68 156 9
148 198 9
9 59 4
59 151 4
97 189 2
139 165 10
12 152 4
168 172 5
37 39 2
62 92 1
11 74 2
1 55 6
47 105 8
163 190 7
41 194 8
21 25 9
13 133 9
8 85 10
44 46 9
63 156 1
3 25 7
40 200 8
27 110 10
120 195 7
29 176 3
127 185 10
157 186 4
165 186 3
48 67 4
96 157 2
63 119 8
63 141 10
94 123 5
77 198 10
79 151 6
80 138 10
54 138 8
87 109 10
125 180 8
40 162 2
107 155 8
3 145 9
44 183 8
15 22 8
15 49 10
43 195 4
64 121 3
53 191 5
77 120 3
186 200 4
15 72 8
168 188 6
12 70 3
20 33 3
123 200 2
5 22 2
81 100 8
45 51 5
92 176 2
92 125 7
116 168 5
135 171 8
39 67 8
44 66 9
56 192 10
37 149 8
84 140 4
150 174 1
103 198 5
79 123 5
11 14 10
152 200 9
148 160 7
171 188 10
14 96 10
1 106 10
39 127 8
87 189 5
80 171 8
134 139 6
17 89 5
23 97 7
112 194 2
8 68 2
99 116 1
12 82 6
115 146 5
99 123 6
53 82 10
170 173 7
54 197 6
68 146 3
13 196 7
62 165 3
167 182 9
9 159 9
18 107 2
101 106 7
12 88 6
23 187 1
36 82 4
141 159 10
122 162 4
26 101 5
37 96 3
38 61 9
100 184 5
17 62 10
23 96 2
97 166 9
27 128 2
124 185 9
112 165 4
37 155 3
117 187 9
93 124 8
140 182 2
23 184 6
4 61 2
52 103 6
7 100 7
136 191 10
43 143 1
148 164 6
145 175 5
38 171 3
16 120 6
19 111 5
80 95 7
13 174 5
38 197 7
17 59 4
1 20 10
133 146 6
7 180 5
39 80 3
98 122 5
9 18 9
42 43 8
129 184 7
127 152 5
112 144 10
47 110 2
41 47 8
137 198 8
32 99 7
92 135 5
46 171 7
126 177 3
95 161 5
16 87 3
52 81 6
136 194 7
16 178 4
98 99 2
3 150 5
20 80 2
30 131 8
16 79 4
18 199 2
139 198 6
48 81 2
120 200 7
7 12 1
43 123 1
64 180 9
7 142 2
140 159 1
105 176 10
18 95 3
43 194 4
24 68 4
67 160 6
30 183 9
121 191 8
39 99 7
54 105 1
16 171 10
82 179 4
26 103 7
87 128 1
52 72 7
15 54 10
16 191 1
10 155 4
90 122 10
96 192 5
1 173 9
29 82 9
52 183 10
18 134 8
33 117 9
4 186 2
30 107 6
95 124 3
124 147 9
59 187 7
26 67 6
48 51 6
98 194 5
108 183 5
167 186 6
46 142 10
160 191 6
80 132 10
118 137 2
90 156 2
23 146 6
1 157 6
157 159 8
22 32 3
146 162 5
136 183 1
140 161 5
25 48 7
126 182 10
13 143 10
22 55 9
112 133 7
19 108 10
52 114 1
36 40 9
26 32 1
73 81 2
22 199 8
42 116 6
61 130 3
148 174 2
47 91 5
102 198 9
69 131 10
24 63 5
51 174 2
143 193 1
36 151 2
77 96 10
10 57 6
17 99 10
103 165 7
77 154 2
8 170 4
50 168 3
56 190 4
71 97 7
56 79 8
27 78 1
185 195 10
77 92 2
93 179 4
14 125 5
120 158 5
95 155 9
53 120 8
66 74 3
108 142 4
36 51 4
160 188 7
31 180 3
109 148 4
49 142 10
38 184 4
96 191 2
18 21 6
29 181 8
95 190 6
8 147 7
37 116 3
25 37 7
47 130 7
35 94 9
131 162 1
125 193 7
84 86 8
134 151 1
78 107 4
36 130 9
95 112 2
136 167 6
3 84 4
118 177 10
29 191 9
13 24 1
28 128 5
43 144 6
14 72 8
20 173 4
165 187 8
3 32 8
162 196 7
1 182 4
44 192 7
39 128 2
32 152 4
98 162 6
84 121 5
27 81 9
46 67 1
59 122 10
38 84 10
27 133 7
14 42 1
177 189 6
125 129 10
12 33 2
39 50 4
170 191 4
114 133 7
38 168 9
34 64 1
54 59 8
80 83 4
166 195 4
18 72 4
77 123 5
127 178 2
120 166 10
112 147 5
59 138 4
125 143 2
167 173 9
1 151 10
91 101 9
131 189 6
16 86 2
36 119 8
54 95 10
64 146 5
28 126 2
42 158 1
22 142 1
131 173 6
22 121 3
31 59 10
119 189 3
107 153 7
29 85 5
79 89 10
7 139 8
79 196 9
70 165 10
104 172 7
31 102 1
54 128 5
123 194 5
3 82 7
4 102 5
44 95 2
44 175 8
50 165 3
50 54 6
166 192 5
21 101 1
63 125 5
4 22 10
53 98 10
75 77 1
42 185 4
4 194 7
33 131 5
140 155 4
35 184 4
43 83 7
18 23 2
10 148 9
94 169 3
102 111 2
57 61 4
96 105 9
20 93 6
163 167 4
32 107 10
82 194 1
184 190 9
89 179 9
67 186 10
62 113 1
144 191 4
54 114 3
49 182 10
78 181 3
101 158 8
134 161 1
126 191 6
23 33 10
5 175 7
61 92 7
102 124 6
172 193 9
31 144 6
43 178 7
96 132 1
17 88 10
37 138 8
28 84 3
82 136 6
57 146 1
7 78 9
102 166 7
99 176 9
143 147 1
63 174 5
178 180 6
9 148 8
39 185 5
51 90 7
54 97 4
10 71 7
21 103 6
63 165 1
85 173 7
64 196 8
37 101 8
92 151 7
49 165 10
43 127 3
103 115 7
26 31 10
103 112 5
83 160 7
122 139 3
67 116 4
49 168 10
4 162 6
108 168 9
31 107 5
58 106 6
4 48 7
91 156 6
96 193 5
122 192 10
132 177 6
168 197 6
133 138 6
16 180 2
6 164 6
96 148 2
110 177 8
129 176 9
38 148 8
23 29 10
8 165 6
14 78 4
172 182 8
35 53 7
155 165 1
35 42 1
5 104 2
1 125 7
110 164 10
2 88 1
23 47 10
112 181 5
4 189 1
29 162 10
151 166 8
94 155 5
27 167 9
1 161 10
101 154 8
86 122 4
79 191 5
36 133 2
151 179 9
126 181 9
66 128 3
194 195 2
123 168 2
70 109 6
85 190 7
100 126 9
111 152 8
98 126 6
93 115 1
114 167 9
1 13 6
29 163 6
109 115 5
90 123 6
151 171 2
5 198 5
144 149 4
130 150 5
59 141 3
89 118 9
111 159 8
1 131 6
4 57 10
112 166 10
30 133 6
116 126 7
65 122 2
15 23 9
54 160 10
154 171 10
29 112 1
23 62 8
151 194 2
3 133 10
111 167 5
1 174 10
79 103 6
11 24 8
22 198 5
14 182 4
51 152 8
92 132 4
3 171 10
99 189 10
5 99 5
10 195 8
17 176 10
54 126 5
1 128 10
129 193 5
84 128 8
122 134 2
16 138 2
133 152 1
36 149 8
150 159 2
61 110 9
55 164 10
5 177 8
17 29 3
9 158 7
80 176 6
26 169 8
3 31 10
3 106 7
11 75 10
14 107 5
3 147 7
3 195 10
27 150 3
146 168 6
134 179 4
135 137 1
55 137 9
186 189 2
94 179 1
126 194 1
79 192 4
122 184 4
8 117 10
76 113 5
144 181 2
55 120 8
73 130 2
32 69 3
19 64 5
11 155 10
85 160 7
75 156 9
70 119 3
122 147 7
66 88 7
85 180 2
51 95 5
49 145 5
91 138 7
88 95 3
1 176 10
35 100 5
91 200 7
145 185 3
138 156 10
56 189 4
60 188 4
67 167 3
20 53 2
32 179 7
84 126 10
1 30 8
52 85 5
97 149 8
62 83 3
61 118 6
134 180 1
8 90 8
135 166 6
3 153 10
11 97 5
12 104 6
57 134 2
19 85 6
4 21 5
31 90 2
30 149 6
166 176 6
19 184 1
77 140 3
91 133 1
71 75 5
73 143 9
148 186 9
92 120 9
110 183 2
90 107 3
157 171 2
6 136 3
119 172 7
61 123 2
47 144 9
22 172 2
22 148 4
61 178 9
25 106 2
1 93 8
22 76 4
60 197 6
58 125 1
3 45 4
74 166 10
7 109 10
151 181 1
52 165 1
28 173 9
49 79 3
120 167 8
84 98 5
104 121 9
49 139 2
99 187 4
44 176 6
59 115 5
110 197 4
52 55 10
34 56 8
1 196 8
154 194 9
49 93 9
70 129 9
86 135 8
3 5 9
182 183 2
146 183 8
92 157 7
103 104 8
136 162 9
43 104 1
114 192 9
3 73 10
104 195 3
61 164 1
3 142 6
19 56 7
76 89 4
47 135 4
131 184 7
22 23 7
56 101 6
121 154 9
44 198 7
104 120 4
77 175 9
39 46 7
63 188 7
38 170 10
104 156 7
56 184 6
151 157 1
50 136 6
1 72 7
10 14 7
66 149 3
16 18 6
109 158 9
1 89 10
81 90 10
40 89 7
84 85 6
104 111 9
51 170 4
53 73 10
54 110 10
155 167 9
62 93 6
96 180 6
10 189 9
29 67 8
73 150 4
10 131 8
128 168 8
57 64 9
67 166 2
21 120 1
111 157 2
48 77 5
23 186 9
52 189 3
145 157 7
4 142 9
43 78 1
79 162 8
135 180 2
108 188 3
101 125 9
74 98 9
56 71 7
12 176 1
47 117 3
90 138 8
87 183 3
72 74 7
39 47 3
47 112 10
9 193 3
17 163 10
21 122 3
25 103 2
26 130 3
41 118 6
111 149 8
173 199 5
39 191 9
73 90 9
112 189 6
115 116 10
127 129 2
10 29 7
72 94 3
97 170 2
41 89 8
176 187 7
131 190 2
59 152 1
8 187 3
29 38 1
117 134 3
90 198 4
69 157 9
100 159 9
14 19 8
49 53 6
109 114 9
12 64 7
106 199 1
16 192 1
11 130 3
50 102 3
37 181 4
120 187 5
16 129 7
33 102 10
48 153 3
27 88 4
84 127 4
30 150 5
56 164 9
30 171 1
1 6 10
29 195 3
105 115 8
18 169 10
50 62 2
114 174 3
111 180 9
47 152 8
16 69 3
32 191 10
180 192 5
126 138 9
62 129 5
9 16 7
62 105 8
21 157 1
16 29 6
101 111 8
1 155 9
13 132 2
3 21 6
36 97 5
64 76 3
22 65 10
12 119 3
64 96 2
36 157 5
55 105 9
30 49 8
12 103 10
54 189 5
128 169 1
103 191 2
3 165 8
23 176 10
16 174 2
102 158 2
137 169 3
78 132 9
41 111 2
24 96 7
68 86 5
69 145 9
60 138 9
33 81 5
97 178 10
96 103 7
26 143 4
31 72 5
31 164 9
3 174 5
185 197 5
27 144 3
131 139 1
16 81 8
38 59 4
5 39 6
15 111 2
136 143 5
3 19 10
98 133 10
31 92 2
23 153 7
36 139 3
67 99 4
55 152 5
125 132 10
4 182 6
72 110 6
95 200 1
46 122 5
48 168 9
49 96 10
4 43 7
10 110 8
167 174 3
28 118 7
114 121 2
49 123 6
58 139 7
54 192 1
13 194 9
14 66 1
38 97 7
164 196 10
111 126 10
182 195 3
20 138 7
54 136 4
145 195 7
25 177 9
48 150 8
75 139 8
48 159 3
44 74 2
99 182 10
135 151 6
65 172 9
18 41 7
83 146 8
44 143 10
86 169 2
83 148 10
108 161 9
29 41 9
69 164 1
136 197 7
139 172 1
122 141 6
58 153 4
87 191 3
58 73 8
167 190 1
93 178 6
151 191 10
95 189 10
44 101 2
132 145 6
181 194 4
70 91 8
128 166 7
85 148 1
67 77 2
1 117 8
76 168 4
86 174 7
81 156 8
43 69 2
79 121 6
114 164 1
39 154 8
84 102 5
59 74 8
118 141 10
145 178 9
91 180 4
52 99 1
140 194 1
75 175 7
34 132 3
33 194 4
3 87 10
92 170 1
91 109 4
84 88 1
65 129 2
42 133 7
49 69 9
48 183 2
86 138 3
89 139 9
64 157 2
66 177 4
99 162 7
19 113 1
21 178 5
13 137 6
79 117 3
136 196 10
40 63 6
86 98 3
17 200 9
11 159 10
94 100 1
87 139 2
30 65 10
32 39 5
34 159 1
38 81 4
22 130 6
34 105 2
16 185 3
54 185 6
135 195 5
33 189 5
5 169 8
132 174 3
150 151 4
113 142 3
91 197 2
148 187 3
158 176 3
64 162 7
84 158 5
27 151 1
7 102 4
21 84 2
139 185 4
1 45 10
99 159 7
98 179 2
19 104 3
119 156 7
100 115 6
18 71 1
68 133 3
118 127 3
20 112 2
49 111 8
29 83 3
177 196 7
58 195 8
65 162 3
7 19 10
70 131 1
35 38 9
91 112 8
179 198 5
126 140 1
91 143 5
50 178 6
80 142 5
116 152 2
61 76 4
80 114 5
31 133 2
113 132 9
95 110 1
52 156 1
82 182 10
141 169 4
143 174 1
83 153 10
40 77 8
6 71 4
69 183 10
62 65 7
108 123 2
7 110 5
77 95 7
127 156 10
101 200 9
140 164 10
47 89 6
49 60 2
32 164 10
88 105 8
95 157 9
85 134 3
5 159 10
38 200 8
130 152 3
3 35 7
67 69 8
21 66 6
15 189 8
16 163 3
88 116 2
53 156 1
69 84 8
7 10 9
54 116 8
6 23 10
68 160 10
122 142 8
97 128 9
99 108 10
131 194 3
147 173 5
38 140 1
104 123 2
140 188 3
39 95 6
37 93 4
21 93 5
86 92 3
76 102 5
34 125 7
88 132 6
143 145 7
64 70 9
67 139 7
68 172 8
29 174 6
3 33 7
1 124 5
105 177 8
15 144 2
55 145 1
140 163 8
15 121 7
152 167 6
106 122 10
121 174 1
83 151 6
5 157 4
94 184 3
42 173 4
63 147 8
116 196 8
70 199 1
8 177 3
67 133 2
56 62 10
11 123 3
83 162 8
86 186 10
114 127 2
35 40 5
87 158 7
34 129 4
141 179 2
35 108 6
32 169 6
33 196 5
144 195 5
61 136 9
87 124 9
17 160 9
94 129 10
9 89 8
125 127 2
60 123 4
43 79 6
18 196 7
38 177 8
114 137 8
102 107 4
62 117 7
115 174 10
100 117 9
69 192 7
94 181 9
83 130 2
5 172 6
113 167 2
11 168 2
158 169 9
92 136 4
79 186 6
131 149 7
168 190 10
6 93 5
24 183 10
31 192 1
23 130 4
97 164 2
6 170 10
15 71 7
107 134 8
29 196 6
106 182 4
58 176 3
82 152 5
21 113 7
39 176 6
3 38 5
51 116 8
1 181 6
109 187 9
31 125 4
100 135 2
3 91 10
149 178 2
20 172 2
140 200 3
85 141 7
10 144 9
159 183 2
21 152 4
63 148 10
5 115 7
23 199 2
64 103 6
1 184 10
57 119 9
53 101 9
7 80 6
45 162 9
80 195 7
163 169 7
86 183 2
42 198 9
36 188 2
109 118 5
25 146 7
30 56 5
52 68 10
7 96 5
76 184 2
60 83 7
45 111 7
44 182 4
102 113 4
111 199 9
184 199 6
66 176 8
49 178 10
43 164 6
88 181 9
166 190 9
33 64 9
66 157 9
80 157 5
166 184 6
61 131 3
144 171 2
91 144 10
22 138 9
39 110 4
40 131 9
48 198 10
70 103 4
92 122 5
71 168 1
92 200 1
88 178 2
14 122 2
138 188 4
89 163 3
23 49 1
171 187 1
8 41 10
4 63 7
63 190 4
36 113 5
9 192 3
23 115 5
5 179 1
34 154 8
117 130 5
60 151 10
91 160 4
161 180 10
112 149 2
123 179 2
41 60 5
65 140 10
51 159 7
58 78 10
21 186 4
54 129 5
21 137 10
96 131 4
98 153 2
5 54 9
101 171 9
12 100 2
64 79 9
126 172 2
100 169 1
88 133 10
140 167 7
3 29 9
93 152 9
82 90 1
8 62 2
21 30 4
59 135 1
74 116 8
23 152 6
24 25 1
9 155 10
137 176 6
130 163 5
11 145 2
12 156 4
11 33 3
165 176 8
88 148 4
121 185 7
143 162 9
63 96 5
63 196 6
37 199 3
137 165 3
189 196 3
70 120 10
50 84 10
1 77 8
95 113 3
61 147 9
74 81 8
72 106 3
8 64 4
100 136 10
48 112 10
59 184 6
88 106 1
167 194 6
42 101 10
3 132 9
61 102 9
97 102 2
20 183 9
42 169 4
14 61 9
35 158 7
55 194 6
68 120 4
56 114 8
84 135 5
103 150 9
10 158 10
45 131 8
35 101 2
30 119 8
67 161 6
47 93 6
72 125 2
88 117 4
87 94 7
5 23 3
91 117 1
3 161 10
69 94 6
46 116 7
34 145 2
120 150 8
63 100 5
74 173 3
10 175 7
8 55 6
113 172 8
133 187 3
121 184 3
107 157 10
3 108 6
81 140 9
86 167 9
125 171 8
57 169 6
63 80 4
115 177 3
29 62 7
81 182 5
168 186 6
3 154 7
136 138 3
55 154 1
61 103 2
14 36 2
1 15 10
150 170 3
62 90 2
1 137 10
144 186 6
122 197 6
53 92 3
26 152 6
91 130 3
134 191 4
52 181 7
37 54 7
10 119 8
35 153 6
139 177 1
35 104 6
133 143 3
44 154 8
143 189 4
7 192 5
68 162 1
84 101 5
83 142 2
120 151 1
1 95 6
83 197 5
19 66 7
81 153 4
65 167 9
111 176 7
63 128 4
65 182 5
142 156 4
67 86 5
62 146 7
17 150 7
110 130 8
103 148 1
89 198 8
1 129 7
21 184 1
102 196 7
136 169 9
13 141 4
82 137 7
23 168 6
122 194 7
23 171 3
83 108 4
1 23 6
80 181 2
7 91 7
122 161 8
151 199 4
112 132 10
18 64 1
55 186 6
1 107 9
75 187 9
51 183 5
130 178 5
44 82 2
13 57 1
40 73 10
55 178 10
138 185 7
114 172 1
118 170 8
128 198 3
59 133 3
22 98 1
135 139 6
13 164 5
81 97 10
112 156 5
105 138 7
64 171 4
6 124 8
29 165 7
13 30 2
28 140 6
61 79 3
7 25 7
90 190 2
130 183 9
145 164 2
130 172 4
44 96 7
29 155 2
150 187 9
175 189 8
66 95 1
53 153 3
20 23 7
6 19 7
42 129 9
37 170 1
32 170 7
120 188 9
10 64 9
13 169 8
39 200 1
108 141 10
3 47 7
3 77 10
50 124 10
125 161 5
99 145 3
104 192 5
147 197 7
1 27 9
90 124 5
84 181 9
176 181 10
4 125 9
8 48 6
44 141 8
88 190 2
115 138 1
68 166 1
10 12 4
90 200 2
23 192 8
60 143 10
99 112 3
1 51 7
11 87 6
69 137 3
31 62 6
156 182 7
50 192 4
85 183 9
151 170 9
97 139 5
84 198 3
132 198 3
89 175 8
152 194 10
3 113 7
25 88 8
55 76 6
19 69 9
84 109 2
130 179 5
27 46 1
16 195 10
37 122 3
141 197 1
40 85 4
121 186 1
66 76 5
83 113 9
147 164 4
38 46 5
79 97 1
34 85 2
61 156 8
7 169 9
72 155 4
1 136 9
74 139 9
16 145 4
69 128 3
95 145 3
7 117 8
177 183 2
24 174 5
90 97 10
21 135 3
22 34 2
14 111 6
66 84 1
51 156 7
66 129 6
112 125 4
69 161 10
10 72 5
179 188 3
124 187 3
50 164 8
93 171 1
82 128 2
6 161 2
58 75 7
64 169 6
67 91 10
107 181 9
8 169 2
67 106 1
16 35 1
60 190 3
57 68 10
25 164 8
9 19 3
82 200 8
54 196 4
151 192 6
13 21 3
28 32 8
56 194 1
23 108 9
87 188 1
80 97 4
3 129 3
5 126 4
149 159 5
114 197 6
35 155 7
69 150 5
17 104 8
16 60 9
47 81 2
6 98 2
16 33 8
79 197 4
75 83 9
7 158 3
67 102 1
66 137 1
29 168 5
32 160 6
25 183 6
61 197 10
17 71 10
43 81 9
19 81 4
96 126 5
104 108 10
117 139 7
12 136 2
14 186 10
85 169 9
52 134 8
23 83 6
9 15 1
58 91 2
28 165 8
14 112 7
21 105 7
107 141 4
117 151 2
34 138 6
104 149 6
41 64 6
44 54 2
61 116 6
117 156 2
47 184 8
14 87 4
108 197 4
37 106 1
107 151 10
12 190 7
130 194 4
100 141 5
23 58 3
29 140 9
123 176 1
33 112 8
41 139 9
152 189 3
28 69 10
122 173 7
34 116 6
41 105 2
123 186 6
23 110 7
44 62 6
57 158 5
57 110 5
161 183 3
3 196 10
54 182 6
78 167 9
50 135 5
29 48 3
45 85 9
66 100 8
31 66 6
92 112 5
3 16 10
101 156 4
55 64 6
89 115 7
111 168 10
69 118 9
39 134 9
145 190 3
7 93 1
1 178 5
10 132 1
171 192 3
48 115 3
93 186 4
171 175 6
31 194 2
37 109 1
59 97 8
40 169 4
65 177 3
99 178 10
26 140 1
128 141 10
78 128 2
61 158 5
121 167 6
81 179 3
70 168 4
112 117 8
71 170 5
68 119 10
12 178 3
33 109 10
29 160 8
47 61 2
26 40 3
120 180 3
179 200 6
54 69 9
3 184 7
50 87 7
74 141 10
107 177 6
64 117 3
46 135 1
155 173 2
132 142 10
56 97 8
118 192 3
107 119 1
120 140 6
98 198 3
40 130 9
2 113 1
34 66 2
2 68 1
115 166 5
45 97 10
1 198 7
119 195 2
46 161 9
33 182 1
30 85 7
43 166 4
148 163 10
129 141 7
115 176 5
164 185 7
71 121 4
156 163 7
48 114 9
52 168 3
51 187 7
28 135 4
150 193 8
112 169 3
50 118 10
63 162 10
78 156 4
3 186 8
74 157 7
13 68 3
150 186 3
114 189 7
58 178 2
120 198 8
37 89 10
51 79 7
54 115 7
14 95 5
118 146 6
103 160 2
21 121 8
127 174 4
99 196 10
63 123 1
54 199 8
84 194 7
106 168 1
58 114 9
85 149 2
24 200 9
101 144 1
33 62 10
57 181 10
64 84 9
8 40 9
78 179 6
3 110 4
30 90 1
111 146 9
6 16 8
104 194 3
23 90 7
95 191 6
33 199 4
69 87 4
55 155 4
60 147 4
92 180 5
37 120 6
86 182 5
29 109 8
37 104 1
98 171 5
25 79 7
25 161 9
12 81 7
114 151 4
38 45 4
105 143 5
27 77 10
23 159 1
24 150 7
168 185 4
144 180 10
52 144 3
53 93 5
169 195 8
63 109 5
26 135 10
117 170 3
30 166 2
31 88 10
98 137 2
33 104 1
17 125 2
7 137 9
44 128 10
123 181 5
67 71 1
74 194 10
93 149 2
7 176 1
50 127 1
93 155 3
73 197 6
6 185 8
151 173 1
45 67 3
43 59 7
78 186 5
80 111 2
8 189 10
112 187 9
101 186 4
111 170 1
30 33 1
30 48 2
3 146 9
63 110 4
163 191 8
43 122 2
28 107 1
50 131 2
180 189 7
53 112 8
82 140 7
1 115 3
38 139 1
172 189 6
22 139 6
55 141 4
22 58 6
24 71 7
45 144 3
63 118 2
31 81 8
42 184 5
83 135 9
86 96 9
118 167 1
68 140 8
34 59 4
183 184 9
96 147 2
101 123 5
160 163 5
86 130 2
76 157 6
59 126 4
131 161 4
4 80 1
60 101 8
47 87 9
63 150 5
54 178 6
78 173 1
147 189 8
120 177 2
20 116 7
40 119 5
54 100 1
125 168 2
3 169 10
54 104 10
79 133 7
164 194 6
90 111 4
43 130 3
3 20 10
5 132 6
1 88 10
76 194 8
17 116 5
37 172 3
48 79 7
35 146 9
50 99 6
87 116 10
170 175 1
81 120 2
51 154 2
51 175 7
34 55 10
57 159 9
83 93 9
115 178 5
121 156 2
16 154 5
173 177 2
17 102 5
47 126 8
79 124 8
123 171 3
79 188 8
158 197 9
7 105 5
79 85 4
174 199 6
132 200 4
70 80 3
33 178 1
48 149 3
109 123 6
1 60 10
93 134 2
57 90 10
83 107 1
66 86 1
4 191 2
134 194 6
133 156 9
3 42 5
61 117 3
119 124 5
6 110 1
115 194 2
87 200 3
16 82 9
6 166 10
164 166 2
32 129 5
22 114 9
119 142 2
13 106 1
56 169 8
76 99 7
81 171 10
1 127 8
8 27 5
92 195 1
63 173 6
1 67 7
34 96 6
5 93 5
45 132 10
125 173 3
1 116 10
49 159 4
82 103 2
120 186 9
77 195 2
53 124 1
42 200 4
65 127 5
25 129 7
60 68 10
13 90 5
101 153 2
126 158 4
185 198 5
28 147 7
43 109 1
1 25 8
10 16 5
121 196 7
8 107 4
58 92 10
12 189 3
77 80 5
3 177 10
81 141 7
136 175 7
105 167 4
69 180 9
30 123 8
21 142 4
69 109 9
7 89 5
64 189 6
78 176 3
56 159 8
156 166 7
54 63 7
34 49 2
32 59 7
72 84 10
8 131 4
22 89 2
55 88 5
11 43 7
32 45 9
59 196 3
98 118 8
104 164 1
183 189 7
26 98 4
89 178 7
143 176 9
74 140 9
101 159 3
79 141 6
175 193 4
31 184 5
5 170 9
13 28 8
94 98 10
15 41 4
64 133 6
63 157 10
19 140 10
35 180 4
62 185 5
5 89 2
17 112 8
17 184 5
70 83 2
22 27 1
81 148 5
81 150 5
1 86 4
58 70 8
127 198 1
46 180 5
133 192 9
89 109 6
5 121 5
78 158 10
172 180 4
47 168 2
23 165 5
24 41 8
1 61 5
102 123 1
173 182 8
40 170 6
153 174 7
52 110 7
43 88 2
31 73 5
40 149 9
83 105 5
22 150 9
130 188 3
182 199 8
49 86 8
187 191 2
25 85 5
72 193 7
23 150 1
32 66 10
70 176 10
123 195 10
7 45 8
52 100 4
5 41 8
66 101 8
113 114 5
30 113 4
98 156 8
61 62 7
110 128 6
159 161 9
70 159 4
129 194 1
20 143 9
121 160 3
70 124 5
97 177 8
14 154 4
11 50 3
95 164 5
171 182 2
27 76 8
3 68 10
133 189 2
120 132 10
118 150 3
11 73 1
67 129 2
142 178 7
100 130 2
42 175 7
13 149 10
98 104 8
94 151 9
32 118 10
39 52 7
69 123 8
39 153 10
129 140 2
80 167 10
58 102 5
30 181 2
1 31 8
3 72 10
26 33 9
87 167 6
54 103 4
21 31 7
75 141 7
71 73 2
73 107 1
47 137 4
100 182 2
44 144 2
1 152 9
35 48 8
91 173 3
19 24 2
24 160 3
15 150 8
9 191 7
58 132 2
89 180 5
160 185 1
76 92 4
11 166 6
128 177 6
8 104 1
26 51 7
39 69 4
64 160 10
125 167 1
54 120 10
72 99 3
65 180 10
131 198 2
5 110 10
25 30 1
26 50 9
76 98 7
23 66 2
11 186 4
136 147 2
12 166 5
45 138 7
3 76 10
135 193 5
105 141 1
9 91 10
23 59 4
7 27 4
151 196 8
74 192 10
174 190 10
59 176 5
137 181 9
26 150 5
142 150 10
108 153 10
58 149 3
32 36 9
39 115 6
49 195 1
8 12 2
26 59 1
151 177 1
79 104 3
10 165 6
68 70 9
146 169 3
81 186 3
92 137 8
99 101 2
32 128 8
158 184 3
59 180 5
89 99 8
33 106 4
29 127 5
126 171 10
159 172 8
18 116 1
65 153 6
59 113 2
64 192 2
164 169 6
148 188 7
1 104 6
16 177 7
168 173 6
32 84 2
8 190 2
82 89 8
23 174 10
45 116 2
66 139 1
7 133 2
52 124 3
101 164 4
75 94 2
155 158 4
22 42 8
8 99 3
9 165 1
78 81 2
76 86 10
114 153 9
11 71 3
129 171 1
42 151 10
107 120 1
23 39 7
100 176 9
3 135 10
35 88 1
17 181 10
27 82 5
3 22 7
137 163 5
98 191 10
58 95 9
76 141 2
1 37 9
1 195 3
80 189 9
110 161 4
104 133 3
50 82 4
24 189 8
131 163 4
72 127 8
3 18 6
46 110 6
93 96 3
23 139 9
9 96 8
60 99 5
153 166 10
59 129 9
48 75 8
46 177 2
48 107 7
20 151 2
15 70 2
41 56 7
14 142 9
27 193 9
40 125 8
124 159 7
49 58 3
53 106 9
67 181 8
114 152 4
56 134 9
107 173 7
10 20 3
143 163 6
93 143 8
40 79 3
71 116 8
82 125 7
145 167 7
1 81 10
1 53 6
78 104 1
19 188 8
4 15 6
64 91 10
81 87 10
102 168 6
194 196 1
165 180 7
50 73 10
81 129 4
149 191 5
95 107 6
71 93 2
177 199 10
27 57 9
134 163 7
92 134 1
21 88 8
131 183 8
108 162 5
22 154 7
152 190 5
18 147 7
65 126 4
57 192 9
60 172 7
37 76 6
106 148 5
143 154 7
79 94 4
115 133 9
14 77 2
39 138 3
90 179 3
3 180 4
130 174 8
49 57 6
77 114 2
12 147 5
12 192 6
90 153 8
82 121 3
13 175 7
68 104 9
144 145 7
18 31 7
67 140 6
79 175 9
117 171 4
48 158 9
38 115 5
20 90 6
46 172 2
26 170 5
44 199 5
6 168 5
100 200 4
64 149 1
49 155 10
102 144 5
117 176 4
40 61 8
54 55 9
7 70 3
1 79 6
50 145 5
30 93 6
48 74 5
54 81 1
1 18 8
94 130 5
77 79 6
17 67 2
7 172 7
35 129 9
18 122 6
85 103 7
94 185 10
91 100 8
100 188 9
92 119 4
31 155 9
41 182 6
33 166 2
132 139 4
14 89 5
23 135 8
18 156 6
172 198 2
49 184 1
106 189 7
108 167 10
147 152 8
25 140 4
86 89 1
105 116 7
112 126 7
116 123 3
16 77 3
69 148 1
74 117 7
49 85 7
159 163 2
127 175 9
8 152 7
72 81 7
98 138 8
33 192 7
91 175 6
52 198 9
102 181 1
45 46 10
114 142 2
162 175 10
25 116 6
153 187 4
12 121 8
37 51 5
108 164 2
149 177 2
38 90 2
24 123 1
38 152 8
72 187 9
80 180 5
144 154 4
30 180 10
72 128 10
128 200 8
78 190 6
9 135 8
44 172 5
158 196 6
97 150 1
20 102 10
43 175 10
110 129 1
159 160 7
21 182 7
16 98 10
74 174 4
88 150 3
100 106 3
83 155 1
50 120 2
39 101 3
69 153 3
51 57 9
70 148 1
79 172 3
67 115 9
60 135 2
187 197 7
45 187 7
15 122 9
115 190 9
35 102 6
113 185 5
99 144 10
137 190 1
116 189 1
50 199 7
97 137 5
20 124 6
5 125 6
186 194 5
27 116 10
8 24 1
45 188 4
26 79 2
67 154 4
107 126 10
8 36 4
82 118 6
100 101 1
51 192 5
122 195 7
58 72 7
40 46 5
39 166 10
31 190 9
18 139 1
96 133 5
75 160 3
72 157 5
49 176 2
102 137 6
99 125 1
44 163 1
38 120 8
91 118 1
40 45 6
89 127 5
86 160 10
56 60 6
121 161 3
122 183 2
4 103 7
41 53 6
39 100 4
27 106 6
38 192 9
75 183 7
116 127 10
63 111 2
96 111 8
48 200 8
36 120 1
90 147 8
124 140 4
26 200 10
24 135 5
44 148 8
87 88 2
79 189 4
30 59 2
10 30 3
14 179 10
78 197 1
82 192 10
113 130 9
1 35 7
70 175 5
128 139 10
11 84 4
3 190 4
162 178 4
1 105 10
1 169 10
41 163 6
191 196 3
83 172 3
89 129 4
172 185 4
117 162 4
128 193 9
22 37 8
135 164 2
3 10 8
197 200 8
88 184 6
44 132 4
58 90 8
6 157 6
23 87 7
106 152 2
119 137 7
116 153 3
6 141 1
65 200 6
56 187 5
21 48 1
179 191 1
47 75 10
79 136 4
139 154 2
34 99 4
57 107 5
42 81 7
134 144 4
107 169 10
6 56 3
40 178 3
147 186 5
127 150 1
120 144 9
136 142 3
64 145 2
10 66 1
148 189 10
123 174 8
12 62 8
57 85 5
48 49 6
55 111 9
100 173 8
19 131 6
43 61 5
58 60 8
92 139 3
31 35 1
137 142 9
41 162 5
31 136 1
1 123 4
184 194 10
59 200 3
18 101 4
18 88 2
44 156 3
172 188 6
71 92 4
22 173 2
86 129 9
30 121 9
191 192 2
105 175 3
15 147 1
20 182 9
18 32 5
14 24 9
53 157 8
37 159 7
16 102 5
29 65 6
70 98 8
20 57 10
14 25 10
26 44 4
108 193 1
5 36 10
1 66 5
80 128 4
8 127 4
10 95 8
51 66 6
66 168 8
89 117 2
71 180 8
9 176 7
30 58 10
58 84 3
51 74 4
42 46 6
126 131 8
10 128 9
95 129 5
3 43 7
45 146 7
88 89 5
73 155 1
114 131 5
125 133 8
42 118 4
3 178 10
25 192 10
45 174 9
14 17 1
30 188 4
15 114 4
60 90 4
13 199 10
107 162 4
46 93 9
1 118 10
68 126 5
92 138 6
58 165 1
65 187 10
85 161 4
97 103 8
51 146 3
25 107 5
54 150 1
67 198 2
37 144 6
4 10 2
92 117 4
75 111 4
15 178 9
57 128 10
73 158 8
12 87 9
125 144 6
18 27 5
49 75 1
35 86 1
48 196 10
32 166 5
1 24 7
41 190 6
151 156 4
3 160 8
3 159 10
33 134 4
62 134 10
46 152 4
171 172 5
157 170 8
41 197 5
13 70 7
5 9 6
177 181 2
170 178 7
1 98 5
71 190 3
35 36 10
1 71 6
44 104 7
118 135 5
104 112 7
8 35 2
34 144 7
1 135 7
72 159 4
43 64 6
3 182 8
12 113 9
20 157 3
22 157 4
36 176 10
129 157 7
104 155 1
121 145 8
42 136 6
7 175 4
91 191 7
25 121 8
153 194 6
62 107 4
66 198 7
144 184 1
74 138 4
25 152 5
84 172 8
26 176 9
167 185 10
51 106 7
113 195 4
164 165 1
159 189 8
81 89 5
124 153 8
112 114 4
98 116 7
96 162 7
11 126 4
92 194 3
126 155 8
97 195 7
141 166 2
15 81 2
53 184 3
55 184 2
73 191 6
52 136 3
77 176 8
34 170 4
34 163 6
75 136 3
159 182 3
112 146 1
53 198 2
134 165 9
7 114 3
69 162 5
15 152 1
122 176 5
110 180 9
80 129 2
33 200 7
21 180 5
90 108 2
104 116 7
85 154 1
87 182 9
134 137 6
72 117 3
37 121 10
46 139 3
44 65 2
36 52 7
38 172 3
119 182 2
88 171 6
87 129 9
57 129 10
82 191 5
18 189 3
59 109 6
6 52 8
25 134 6
36 99 1
90 167 2
11 98 9
40 105 9
1 145 10
24 152 4
29 50 10
25 193 1
120 135 7
17 129 5
74 111 4
44 92 7
106 160 5
137 162 4
24 43 2
171 184 5
6 60 7
111 122 3
53 105 1
99 184 5
1 166 6
16 67 2
60 156 8
171 191 3
35 83 2
8 198 4
64 148 9
133 150 5
97 107 6
64 110 1
14 88 10
176 190 6
115 179 4
9 141 7
3 118 10
35 154 2
30 142 4
66 150 2
3 192 7
150 199 7
58 97 7
24 139 8
96 195 3
20 118 10
84 192 5
41 52 1
59 78 7
65 190 10
111 175 2
137 146 5
71 88 8
43 114 3
20 115 6
17 85 5
111 163 10
69 141 6
53 127 3
8 183 5
73 129 5
169 174 3
8 59 2
102 153 9
147 169 9
65 178 1
161 173 10
54 106 4
24 198 7
55 70 7
180 197 6
115 148 7
74 105 10
123 154 3
94 149 2
74 168 2
35 167 4
173 188 9
20 179 3
59 91 9
20 24 9
36 158 2
57 131 7
61 64 9
96 198 2
156 196 5
13 89 10
137 150 1
20 105 10
125 157 7
5 114 6
42 152 8
30 199 10
142 153 1
117 132 4
71 102 9
15 197 6
16 28 10
93 125 3
83 157 5
5 87 10
13 154 5
84 197 1
164 181 9
12 163 8
44 49 1
90 102 9
71 142 6
1 9 8
58 156 9
101 191 7
51 199 7
100 109 6
65 146 8
84 193 6
18 109 2
118 186 4
30 82 6
1 140 8
49 119 1
25 115 3
69 88 8
1 12 10
24 133 10
106 196 1
33 151 1
38 196 10
32 120 5
17 130 9
102 138 3
68 142 6
106 192 7
40 84 10
58 128 9
86 194 4
90 193 3
47 140 7
161 192 7
89 200 2
150 176 10
55 90 2
27 93 1
39 54 2
8 138 2
27 109 8
21 80 4
78 191 3
3 157 9
56 115 5
52 154 6
6 45 8
114 186 7
34 109 9
52 88 10
48 120 3
49 56 8
91 157 10
22 181 10
27 145 6
80 166 2
5 139 7
140 199 6
9 137 10
158 198 10
48 171 7
123 159 5
85 137 1
117 172 10
55 168 3
100 138 7
14 121 7
144 146 1
164 187 10
27 68 9
11 51 9
139 142 5
40 113 6
100 131 6
72 176 7
171 173 6
20 69 3
62 81 3
1 29 10
104 140 2
78 87 6
14 174 10
3 194 9
41 153 5
100 103 2
13 172 8
3 136 7
135 146 8
19 189 4
54 91 2
111 194 10
66 91 9
170 182 2
22 102 6
58 140 10
12 138 3
35 120 2
1 114 9
65 151 7
131 167 4
91 105 10
52 63 9
63 158 8
81 109 6
82 131 6
1 160 5
78 172 1
62 120 10
118 151 1
30 179 8
134 175 2
108 130 7
94 152 8
40 117 6
58 138 7
58 67 1
36 84 8
186 190 4
61 155 6
10 156 8
28 148 5
1 187 10
27 190 4
75 192 8
26 110 1
120 172 7
93 200 1
87 152 6
26 68 6
26 141 8
14 159 8
98 101 1
46 88 4
46 119 4
38 93 4
40 41 8
92 169 9
68 185 9
18 130 9
95 167 3
1 58 6
90 128 6
30 54 7
77 103 6
80 164 7
114 187 2
44 131 4
40 68 6
28 42 4
48 109 7
3 125 10
19 72 7
112 120 4
158 159 10
115 144 7
101 190 8
148 177 4
55 114 1
115 152 7
60 67 4
37 161 8
18 153 6
3 26 8
22 127 5
41 131 8
62 195 1
94 173 4
80 94 3
98 112 9
51 130 10
81 134 4
12 170 6
63 172 3
112 188 9
100 102 6
79 113 2
14 53 10
25 35 1
33 141 4
87 91 3
85 105 1
26 94 9
26 102 10
51 101 9
132 149 1
116 184 2
3 49 8
49 141 7
60 200 8
23 51 5
44 146 8
67 157 10
102 115 1
67 179 2
101 143 5
56 102 7
95 179 8
45 197 10
142 173 4
47 142 7
28 174 6
1 150 9
55 199 4
3 71 9
6 81 8
45 184 1
45 64 5
60 126 3
3 65 8
77 132 4
175 179 7
20 165 9
72 196 4
19 37 7
28 78 10
51 78 4
76 128 3
103 106 10
27 123 1
61 99 6
65 79 5
174 198 8
1 101 10
179 187 1
125 154 5
9 71 7
92 94 6
118 158 4
104 182 7
113 190 3
7 121 9
97 175 6
19 178 4
20 76 6
85 128 2
26 167 7
32 102 9
18 160 2
3 61 9
95 105 10
13 195 3
21 185 4
1 43 10
43 165 2
48 71 7
1 28 8
16 115 2
28 31 5
24 34 6
47 160 6
63 186 1
35 150 1
69 104 4
146 182 3
150 152 9
7 86 8
66 173 7
10 150 3
33 94 8
31 83 6
129 160 3
21 189 9
39 44 8
77 91 10
63 114 9
114 140 7
114 146 3
14 200 6
124 175 7
52 64 4
104 159 3
59 112 3
12 188 2
158 171 3
7 108 4
46 64 2
19 181 3
52 94 4
15 48 1
190 193 4
15 186 1
43 112 7
61 115 3
75 180 5
13 110 4
53 171 3
17 126 1
3 85 10
39 194 6
17 189 5
28 158 7
1 46 10
97 120 8
84 92 3
21 36 10
116 176 3
56 76 2
31 44 9
128 138 4
52 128 4
17 58 1
71 177 6
38 199 5
43 153 4
5 152 4
5 194 2
123 166 7
109 192 3
50 103 4
11 136 1
10 100 1
17 115 2
16 133 5
106 193 10
3 179 8
27 169 10
56 85 6
29 184 8
85 116 4
27 197 6
36 57 1
21 51 4
155 180 9
39 62 1
27 41 2
110 189 2
125 197 4
89 169 9
117 144 9
3 97 10
60 116 2
25 81 8
55 185 3
11 83 8
111 135 8
61 144 1
177 186 4
114 119 6
90 96 10
15 94 10
78 118 8
35 72 4
132 133 10
62 98 1
54 195 4
9 197 3
19 70 7
44 52 8
95 100 7
39 77 7
45 94 2
71 115 3
98 173 7
13 198 10
59 85 6
13 157 3
32 110 6
123 155 7
53 89 1
67 175 5
80 106 3
105 185 7
12 73 5
53 69 6
52 56 9
22 141 7
1 64 10
1 39 10
39 48 2
3 62 3
35 98 9
43 188 7
27 90 5
17 49 7
29 46 8
156 195 7
123 199 4
9 174 7
62 95 7
97 118 3
114 165 1
68 77 3
27 108 5
136 184 4
150 162 4
70 140 2
82 147 7
64 177 9
25 162 6
3 46 8
75 76 7
112 192 8
86 107 7
118 131 4
5 57 3
134 149 3
32 199 3
53 192 3
24 102 5
56 139 8
166 168 5
75 190 3
71 79 6
53 54 3
1 102 10
137 178 7
65 112 10
48 167 9
91 168 1
8 199 10
118 174 5
41 90 1
70 127 3
118 164 5
28 114 8
142 154 1
156 198 4
54 159 8
110 169 10
16 109 7
12 181 7
108 187 6
158 190 9
28 94 4
91 99 2
9 77 5
17 195 4
46 120 1
50 92 1
37 146 2
82 184 4
72 133 3
92 102 6
68 111 4
162 172 10
181 189 2
17 32 9
98 186 9
83 101 6
159 200 8
91 116 7
149 152 7
26 118 1
52 102 3
10 59 3
39 58 8
84 167 6
1 84 10
1 85 10
11 28 3
160 178 5
14 129 3
73 188 4
23 88 9
108 147 10
4 27 4
45 123 6
29 183 4
29 192 8
91 149 7
89 164 2
81 137 6
15 175 3
139 161 5
113 168 4
23 111 4
39 184 8
138 141 9
96 172 10
12 101 3
124 189 1
19 63 10
102 200 2
46 99 8
54 89 10
63 115 4
28 62 5
96 159 8
47 129 5
100 124 2
57 118 3
168 200 8
23 138 10
140 145 3
4 153 9
112 142 10
3 151 10
21 111 5
90 91 8
136 200 9
145 146 8
174 195 3
84 177 5
16 200 4
24 125 5
84 129 4
39 108 8
123 127 7
137 145 5
81 158 6
158 161 7
88 172 9
24 158 4
176 200 3
65 143 7
180 184 2
16 52 10
88 179 10
110 172 9
6 95 6
65 132 3
177 187 7
28 151 9
8 119 9
12 72 3
27 172 10
15 58 4
13 52 7
17 50 4
21 37 8
138 198 7
33 197 9
165 183 8
86 150 6
108 146 6
56 117 3
60 119 1
175 197 7
9 40 9
21 73 6
138 139 4
8 191 6
45 98 7
179 199 2
87 140 6
69 80 1
4 66 9
6 151 2
142 183 3
85 174 4
151 186 5
84 122 3
125 148 7
143 180 4
38 79 10
131 185 10
128 191 2
115 164 4
37 179 6
27 43 9
161 197 1
108 186 2
187 198 10
3 163 6
79 178 2
20 63 6
36 144 5
50 57 10
88 98 5
101 173 5
112 123 9
42 111 1
20 40 6
33 158 7
52 146 2
108 179 2
15 51 3
108 174 9
13 75 9
142 176 1
71 147 2
124 179 2
116 163 3
71 122 2
12 146 5
130 169 10
8 34 10
35 66 3
60 145 9
13 193 1
156 193 8
109 122 5
41 99 7
47 53 7
131 170 2
42 44 2
73 87 8
10 80 7
44 118 3
102 171 10
98 151 8
104 196 8
14 94 5
23 179 4
178 185 7
16 96 10
39 60 4
29 161 10
37 55 7
75 85 5
26 109 2
71 80 1
133 177 5
103 129 7
1 110 10
42 93 10
35 157 9
6 82 9
57 177 4
132 188 6
71 90 10
155 168 5
19 153 1
76 186 8
28 98 5
23 170 7
101 129 5
7 13 8
46 94 1
62 67 2
98 188 6
122 165 9
34 134 2
66 138 9
116 149 4
55 153 10
25 109 7
153 161 2
66 96 3
108 126 3
16 135 8
3 28 8
151 188 6
17 119 5
42 96 1
32 81 8
43 152 9
100 164 5
29 122 3
77 186 1
61 65 9
76 78 5
43 116 8
39 65 2
3 164 10
33 105 7
55 150 9
51 82 10
8 161 7
1 171 7
25 57 7
21 166 5
167 198 1
24 132 10
45 143 10
9 104 2
53 144 9
23 99 6
56 130 10
16 56 6
51 75 4
75 103 4
37 100 9
35 106 9
123 153 6
61 189 8
54 67 5
116 169 2
86 189 10
46 101 2
28 37 1
24 116 1
48 90 2
79 190 10
12 142 4
127 176 4
14 81 6
31 89 7
26 177 10
19 82 6
33 195 10
174 177 10
26 86 9
13 121 9
9 194 2
80 197 7
81 98 8
39 49 10
38 100 6
70 85 7
36 190 8
30 175 3
26 78 10
113 119 8
13 14 6
63 107 9
82 93 1
5 192 8
31 187 7
52 111 8
101 131 10
73 186 4
13 80 3
42 194 5
91 123 7
8 163 6
20 56 4
83 94 6
44 71 6
145 156 9
60 120 7
17 162 2
55 93 6
20 146 8
189 200 2
50 72 6
31 103 3
77 196 8
127 166 8
26 139 5
100 148 1
29 86 4
142 155 5
130 135 4
37 95 4
164 171 10
23 36 2
119 198 4
32 194 2
55 151 3
61 179 6
64 193 5
80 162 2
35 90 1
110 184 4
7 149 6
30 81 8
106 129 8
5 82 2
128 135 9
15 116 5
142 168 2
72 142 3
121 138 9
169 199 4
20 197 3
94 146 3
174 200 10
47 150 2
101 193 10
15 85 4
104 109 9
23 155 8
69 127 7
157 177 8
24 129 2
35 93 2
62 114 9
95 198 3
73 196 7
50 88 6
26 77 3
27 71 9
72 170 9
34 131 9
98 177 3
56 180 9
46 55 3
105 106 6
122 128 10
118 198 6
57 144 7
1 14 6
9 36 10
101 121 5
43 100 3
77 112 6
70 146 2
121 180 8
68 127 3
51 122 8
132 194 5
9 123 9
26 112 3
4 173 1
62 175 2
18 166 8
21 63 7
171 181 7
90 145 7
120 138 9
65 188 6
32 96 3
33 57 10
51 141 9
119 152 8
29 33 5
143 155 1
105 128 1
162 173 8
39 170 9
165 185 6
5 80 9
102 155 2
56 86 10
6 123 2
89 137 8
36 127 4
111 127 1
71 172 9
7 115 1
47 101 10
136 156 3
93 130 9
100 162 8
66 171 6
116 185 10
81 101 7
8 162 7
29 132 4
40 52 10
5 109 9
34 42 9
21 83 4
106 116 9
60 148 9
195 196 6
3 198 6
1 185 9
71 86 8
3 138 7
55 98 10
159 194 1
64 78 10
16 199 9
73 116 4
64 71 1
148 181 1
84 159 6
33 68 4
74 198 7
54 142 6
88 163 8
86 95 1
163 188 4
3 128 8
76 80 4
17 80 7
165 190 5
14 20 10
124 162 2
112 200 8
130 137 6
30 196 2
119 174 10
59 156 9
50 121 8
47 155 8
81 190 8
135 163 2
5 144 7
112 164 5
82 135 6
109 129 10
63 97 9
67 196 5
159 192 9
31 129 3
26 184 2
10 105 10
29 80 8
12 137 7
15 140 8
25 110 9
74 110 6
18 35 3
9 157 8
51 55 4
3 30 10
52 150 5
43 87 5
102 116 8
16 158 10
71 103 10
83 177 5
143 197 4
110 185 3
107 172 8
89 134 6
41 106 6
44 151 10
75 81 9
6 28 3
73 94 2
54 127 3
1 189 10
59 179 8
128 137 4
68 112 5
45 110 2
6 20 5
139 186 7
57 165 3
65 141 10
171 174 7
175 191 1
11 190 5
77 172 5
55 66 8
50 129 2
55 58 7
3 193 10
28 34 7
38 136 7
168 180 1
33 91 8
195 198 1
79 140 10
17 105 1
104 114 3
99 132 10
30 63 10
37 92 7
50 80 5
38 43 7
69 156 4
12 117 2
79 120 9
123 162 6
70 115 4
92 165 1
46 74 2
124 142 3
58 161 8
38 83 7
113 162 6
129 149 7
28 119 9
22 25 4
115 157 8
47 67 2
23 89 4
52 83 4
6 155 1
14 163 6
4 104 2
120 164 8
123 142 5
96 178 8
3 80 4
55 165 1
116 156 3
118 152 10
5 48 5
3 11 10
165 182 3
133 188 10
14 75 1
8 196 8
76 130 9
77 192 2
31 182 1
44 153 1
104 132 10
25 68 7
51 128 2
70 136 1
53 104 3
29 55 5
19 119 6
128 134 10
84 195 7
173 178 8
9 195 5
48 99 9
7 141 9
193 199 7
127 199 7
53 168 10
15 91 1
26 188 1
90 114 8
91 119 1
76 187 6
85 167 5
178 191 7
138 147 7
36 65 3
17 18 3
19 20 5
142 160 4
19 147 2
35 123 3
111 154 4
3 141 10
136 157 1
29 97 6
121 177 7
11 30 1
144 197 5
68 84 3
79 176 7
112 195 5
47 127 4
113 149 8
52 70 3
7 85 9
99 135 9
55 57 1
63 144 4
145 193 6
84 105 6
136 159 3
104 160 8
16 155 3
132 175 2
70 96 5
97 185 9
10 92 5
22 118 7
4 148 1
48 78 2
5 19 3
31 84 6
77 169 10
68 195 6
54 121 6
4 36 7
154 185 9
59 79 6
71 159 3
41 61 3
150 173 10
148 151 7
92 154 3
119 171 10
140 150 9
70 189 3
39 89 3
3 100 8
50 156 1
124 173 2
122 148 6
103 133 8
70 86 4
16 148 10
42 70 8
84 143 7
86 143 4
23 180 5
81 157 6
40 94 8
87 190 1
188 199 7
52 199 9
137 158 2
31 60 4
45 126 5
3 50 8
106 127 3
72 140 4
94 117 7
28 184 10
144 156 3
25 173 8
82 160 7
114 168 8
74 182 10
116 191 4
74 151 6
47 200 10
26 82 10
145 152 7
93 187 4
152 188 3
61 162 5
166 167 9
37 169 2
62 144 1
87 138 7
46 123 3
94 180 9
56 191 3
35 144 4
8 122 3
31 166 6
67 107 2
22 187 10
111 116 2
56 65 5
58 126 3
34 191 8
26 181 7
136 155 7
89 96 10
126 159 5
34 87 9
129 133 5
5 161 2
11 49 7
121 134 2
73 164 6
14 165 9
74 143 1
9 126 9
3 81 7
100 108 10
3 95 10
125 136 3
71 175 6
26 131 10
189 195 3
177 184 3
109 199 3
174 178 7
130 146 2
93 120 5
43 173 9
92 147 7
35 128 6
128 172 4
75 84 4
57 114 5
1 159 9
93 166 9
67 117 5
42 161 8
24 80 5
74 125 8
40 91 2
108 155 9
111 190 6
4 18 5
97 161 10
113 128 6
88 146 2
2 41 1
119 120 3
176 191 1
34 124 8
30 110 8
111 198 6
110 196 10
20 47 5
87 154 8
17 133 10
93 138 8
17 107 2
152 193 3
179 195 4
88 143 9
83 144 5
10 49 7
79 88 5
63 175 4
128 159 9
146 160 10
160 174 5
23 34 1
29 146 9
11 184 1
85 147 7
127 187 9
129 159 5
4 193 3
50 60 6
101 119 9
101 152 6
18 79 10
22 87 3
21 192 6
3 101 6
151 169 4
86 118 9
72 172 8
18 28 3
50 76 6
82 150 4
60 79 1
88 173 10
47 57 5
35 45 3
46 179 2
14 86 6
39 92 5
11 129 1
6 77 10
16 55 6
17 45 1
19 124 7
31 196 2
153 156 5
6 89 6
114 178 2
43 156 5
68 186 6
65 117 6
34 102 10
23 198 2
43 72 8
120 191 6
67 80 10
10 22 6
13 76 8
68 100 3
60 103 4
11 124 2
133 200 5
46 79 10
153 168 1
44 93 9
21 95 1
86 198 9
158 186 7
102 187 4
41 43 5
82 126 4
68 113 4
95 149 2
104 118 5
164 198 8
75 118 5
35 161 2
39 124 7
185 193 10
89 167 1
22 67 10
1 78 5
157 176 1
49 170 5
27 192 3
53 90 6
30 111 2
13 71 8
75 89 8
81 126 7
24 108 5
30 53 6
60 177 4
101 105 1
155 198 9
123 126 1
9 171 2
164 173 4
111 117 1
40 177 4
117 165 6
3 40 10
14 157 5
104 175 9
96 106 1
15 36 8
59 134 3
84 110 8
60 146 8
1 162 10
20 127 7
67 120 8
92 105 8
129 183 6
64 188 9
175 190 1
93 128 8
5 168 2
44 116 6
143 192 4
35 92 8
89 160 10
45 185 2
26 151 6
14 27 6
51 93 10
14 170 9
25 87 5
170 186 5
14 50 9
71 137 4
75 112 10
98 187 7
74 187 4
3 104 10
32 156 1
23 46 4
75 134 1
72 112 4
1 193 10
7 125 9
43 191 9
81 187 2
8 79 4
114 134 2
105 156 5
110 165 3
114 193 3
106 163 8
21 78 3
60 62 4
29 128 10
3 122 9
64 173 4
23 81 9
27 92 2
100 199 2
38 124 4
65 183 5
72 124 7
32 100 7
83 104 8
11 16 10
54 61 9
107 113 2
82 167 8
68 181 2
113 165 3
33 179 6
79 84 4
20 87 2
160 189 5
10 62 4
133 174 9
68 85 10
104 106 2
32 61 4
57 161 9
19 112 3
111 174 10
119 148 9
10 153 5
120 131 7
47 78 3
37 153 9
51 68 8
38 133 2
37 44 6
106 153 1
93 153 4
35 179 9
89 148 10
71 184 1
31 93 4
77 136 8
50 177 7
30 185 9
75 140 5
96 184 4
146 154 9
39 145 5
100 181 8
76 136 4
31 131 8
53 149 1
122 157 3
96 181 2
117 197 2
85 91 8
68 158 1
48 197 7
19 55 1
34 76 6
7 48 10
125 198 9
41 103 1
8 73 6
45 170 5
52 173 1
72 93 10
69 99 5
69 185 7
65 66 10
104 126 9
41 187 10
44 64 9
15 136 8
27 67 4
142 147 5
41 113 6
32 95 9
52 137 4
118 197 10
78 131 1
90 125 2
169 197 6
106 118 1
13 139 2
129 158 5
26 137 10
80 183 8
46 73 4
80 190 4
74 164 4
103 114 1
57 97 10
12 148 9
29 64 2
33 136 9
35 156 1
6 34 2
87 90 2
71 189 10
56 197 2
33 103 1
183 198 2
130 175 8
29 149 9
140 190 4
116 151 4
33 49 7
8 87 5
79 99 3
148 169 3
138 153 6
40 192 3
1 52 7
12 106 4
3 114 10
118 191 8
26 88 4
68 144 9
29 185 9
22 52 9
36 186 5
109 162 5
93 106 6
38 144 3
49 153 10
69 191 7
67 112 9
42 159 7
60 97 9
61 105 9
57 62 7
135 162 5
39 114 4
84 123 3
97 169 3
85 107 10
89 143 1
111 118 1
83 195 4
49 154 3
34 176 10
17 94 2
5 130 4
121 124 7
21 41 8
80 86 9
127 128 3
121 168 2
108 178 7
125 199 10
89 123 7
105 169 5
176 186 9
50 158 8
72 150 3
108 158 2
43 177 10
107 174 9
55 73 2
53 65 10
103 134 9
148 192 8
15 88 10
146 180 8
106 183 4
146 170 5
163 182 10
115 156 3
151 175 4
25 51 3
30 155 8
102 178 4
43 182 7
84 190 1
17 161 9
13 16 6
101 178 3
21 47 1
4 200 7
20 181 9
117 149 7
116 131 6
53 135 10
15 194 1
67 70 3
84 120 1
67 144 7
38 76 6
17 146 1
107 164 9
87 177 10
83 89 7
51 83 9
158 166 9
62 137 5
76 111 1
11 191 3
103 183 1
8 74 9
59 170 9
125 179 5
6 69 6
63 152 3
67 156 8
22 72 5
24 46 2
107 124 8
35 192 2
33 77 10
120 145 6
64 136 6
33 101 10
95 132 5
93 199 8
156 167 3
73 151 1
21 168 3
140 181 7
36 198 6
114 161 4
71 185 9
113 131 7
29 189 6
86 193 6
142 194 2
73 115 9
118 161 5
86 190 3
68 135 10
154 160 9
99 147 9
29 151 1
19 135 7
15 57 9
41 93 8
78 193 1
52 135 10
95 101 5
97 135 3
102 128 8
17 106 3
24 118 5
115 125 8
59 80 4
93 108 5
53 75 6
53 114 10
89 144 9
111 114 8
92 141 10
93 119 1
5 33 3
73 103 9
152 184 10
41 69 9
29 68 5
146 187 1
11 180 1
11 99 2
13 180 6
17 198 8
119 166 1
41 62 5
33 50 8
73 102 2
130 184 3
52 82 4
21 42 7
72 91 4
75 194 1
55 129 9
30 77 8
36 178 8
12 53 3
18 106 5
121 176 7
31 145 9
72 97 1
104 176 10
100 146 9
89 154 6
34 156 8
53 129 3
70 166 3
28 149 2
138 165 2
33 132 2
55 83 1
31 106 3
64 200 5
93 137 10
9 198 8
132 141 7
78 154 9
128 145 9
70 144 10
32 158 8
79 108 1
92 121 6
33 56 9
58 191 5
175 200 1
111 112 7
100 153 9
71 160 6
38 118 3
118 171 6
124 141 2
38 73 5
61 150 6
72 126 1
63 139 10
111 184 1
74 199 10
126 169 1
20 180 7
11 192 8
169 179 4
37 135 4
133 163 3
1 10 10
110 140 1
13 162 9
7 123 6
8 172 10
9 166 4
48 65 9
30 61 2
69 97 7
41 154 9
27 130 2
78 110 7
27 126 1
62 167 3
77 137 5
96 171 7
72 104 1
77 181 3
118 121 9
125 139 5
83 191 6
82 130 2
135 176 10
44 103 2
180 193 1
139 169 3
8 20 2
1 69 8
11 196 4
9 94 7
8 181 1
20 137 3
13 34 5
138 150 2
63 72 10
7 191 1
16 183 4
75 145 10
84 182 1
173 185 4
38 95 5
72 92 8
59 82 8
48 60 10
41 152 5
48 103 7
24 93 7
50 85 2
52 142 4
72 156 1
162 170 1
11 102 3
66 159 9
79 187 3
35 143 9
76 84 3
26 55 10
44 142 9
133 147 4
90 109 10
91 145 9
86 132 6
86 142 7
115 123 7
98 102 3
106 172 3
2 134 1
21 179 6
2 165 1
119 188 7
21 190 8
156 186 10
101 133 4
83 168 8
141 142 9
19 125 4
15 184 6
113 160 4
95 163 7
124 133 7
18 126 8
55 108 2
134 188 10
135 198 2
108 163 7
115 171 2
22 155 5
40 107 1
44 48 5
20 39 10
134 186 3
1 65 9
51 107 8
11 66 2
137 193 1
69 142 8
39 45 5
33 45 8
64 142 10
7 37 8
10 181 7
116 179 1
3 126 7
91 185 8
92 156 6
143 188 1
42 105 6
119 193 6
75 133 7
131 144 6
56 73 8
6 163 6
21 129 9
134 181 8
100 197 2
127 181 8
77 105 5
17 190 8
9 39 4
69 195 7
43 46 9
159 162 10
70 94 10
122 180 1
140 191 9
185 186 9
6 10 1
67 171 6
71 148 7
12 20 9
42 125 1
22 177 9
9 88 6
66 169 4
10 99 7
22 71 7
85 178 1
84 153 6
132 143 6
67 137 2
119 177 2
26 36 10
25 102 7
50 81 1
196 198 2
31 199 7
49 189 9
107 122 8
65 71 3
53 177 7
124 196 4
108 195 8
56 82 8
1 186 10
32 165 1
62 196 5
80 177 7
94 197 7
36 48 4
12 78 4
118 190 5
73 190 10
171 198 4
45 154 4
78 127 4
125 135 8
69 144 10
14 56 9
110 126 5
91 155 6
99 140 1
8 111 4
11 135 8
10 28 7
105 134 2
20 199 3
133 198 5
163 189 7
15 80 2
61 146 5
105 165 3
96 121 7
113 173 6
52 69 1
56 188 9
119 153 7
15 83 9
48 57 6
96 139 4
59 95 1
165 189 2
102 148 8
61 154 2
74 99 3
32 136 3
21 64 8
48 110 8
106 198 5
46 162 3
90 134 9
65 181 9
22 128 5
32 62 10
114 196 8
118 159 2
22 136 2
25 148 6
103 195 1
119 190 6
105 194 9
162 183 8
5 145 6
21 132 2
75 188 2
6 152 4
62 190 4
63 135 2
167 197 1
87 136 1
93 189 7
32 171 7
29 193 3
141 178 9
63 68 4
84 191 8
103 186 9
144 187 1
83 111 1
12 91 10
92 104 5
109 188 6
55 68 5
33 129 10
63 104 1
107 196 5
6 47 6
89 116 4
168 176 1
3 149 10
89 97 4
188 197 5
33 114 10
13 77 7
31 177 4
24 74 8
81 149 5
33 119 8
105 133 2
59 87 2
32 75 5
16 167 8
53 160 2
85 127 3
81 191 8
29 135 5
132 183 7
9 112 1
85 118 5
58 65 1
59 154 7
17 156 8
67 200 9
27 119 10
141 167 3
1 90 8
151 178 9
41 146 9
141 163 1
22 133 7
138 160 1
27 136 3
1 200 8
87 96 9
28 73 5
130 173 3
24 197 4
8 26 10
34 139 4
85 195 1
52 158 4
10 15 7
110 134 8
42 51 9
115 147 8
38 195 7
19 27 5
20 85 9
32 38 10
152 179 8
25 123 8
49 71 4
57 196 3
101 172 4
140 160 4
164 178 3
80 160 7
81 117 3
12 59 6
6 100 1
26 43 4
84 131 9
112 116 7
52 163 5
65 157 10
30 88 2
6 109 5
35 176 8
153 155 4
27 73 10
2 52 2
144 188 3
5 141 2
150 164 8
18 37 4
37 81 7
42 52 2
6 7 5
29 172 6
68 131 6
6 148 4
140 169 1
60 184 8
131 158 1
1 68 7
129 166 10
36 169 3
44 83 4
162 199 7
41 49 2
124 146 9
25 175 6
35 196 3
137 196 3
43 91 1
4 141 5
30 76 6
3 181 8
105 192 9
138 186 4
124 139 5
141 185 7
21 161 7
43 49 9
177 200 3
108 182 6
14 39 10
17 138 8
35 55 9
142 152 3
13 153 2
74 88 1
28 36 2
3 158 10
17 141 8
93 192 10
44 56 8
98 189 6
80 120 1
3 96 10
80 199 9
43 180 7
62 154 4
10 198 5
121 147 7
1 99 5
76 103 4
160 161 6
76 91 6
31 56 4
19 177 5
36 143 9
83 126 10
13 26 2
15 73 7
63 198 10
3 54 7
3 23 10
104 178 3
81 159 5
159 198 9
56 136 1
24 77 7
3 15 8
119 138 2
1 100 10
176 183 10
138 176 2
51 96 2
125 170 10
24 95 7
53 94 9
18 108 5
20 142 6
56 133 2
150 195 2
114 136 7
98 197 5
69 200 2
171 195 7
32 181 10
23 123 8
18 120 4
86 168 1
5 165 10
80 141 7
29 84 10
24 173 4
69 76 8
88 189 4
9 78 7
9 20 5
28 29 1
26 74 7
53 60 7
93 99 5
3 83 9
23 61 2
112 124 1
96 119 7
35 195 1
56 109 5
137 200 4
40 167 1
21 39 8
92 107 7
149 194 5
101 139 6
49 128 10
36 76 1
33 167 8
43 129 2
97 199 10
93 95 3
4 35 6
103 109 2
43 196 5
111 187 6
43 99 4
46 69 5
90 136 8
90 182 6
16 189 4
14 169 6
66 190 1
39 144 4
37 174 6
25 174 6
27 87 1
105 190 5
23 175 8
174 186 5
12 162 6
18 123 3
164 176 1
108 159 9
66 182 4
4 120 1
72 174 9
39 155 8
57 194 10
30 145 4
7 181 3
10 135 1
149 195 4
79 82 4
118 155 2
104 139 7
50 197 10
38 198 8
137 149 10
99 146 3
107 163 1
34 103 8
38 157 4
107 170 8
47 169 6
25 100 2
75 165 5
15 126 1
28 97 1
148 179 7
143 169 10
79 93 6
18 142 2
11 69 3
139 192 5
159 167 5
31 78 4
19 130 6
99 154 10
13 40 10
67 104 5
84 163 8
73 79 7
51 184 2
131 188 6
1 180 3
14 156 6
37 136 8
27 65 1
55 136 2
29 93 7
44 123 4
167 183 3
48 124 4
45 83 6
27 35 7
160 187 8
4 34 1
52 79 6
51 157 8
75 127 7
52 166 7
188 189 1
17 194 3
105 154 5
105 184 6
62 181 5
115 158 8
41 145 10
49 183 5
125 183 10
110 139 9
140 176 9
69 75 8
84 152 8
41 129 3
61 196 5
18 191 10
96 155 4
9 23 2
5 49 7
157 183 4
3 170 10
33 41 1
5 158 4
19 107 1
42 155 6
182 194 8
64 111 10
56 143 2
116 144 7
51 172 4
67 110 1
22 124 4
48 195 1
115 185 3
5 182 9
91 124 2
27 184 4
101 185 10
50 193 3
77 170 4
15 64 7
28 168 1
76 145 4
24 47 1
56 145 10
170 196 9
75 120 4
99 148 4
28 87 2
124 191 6
104 163 4
114 176 9
34 199 4
95 171 2
120 147 10
39 186 4
16 159 5
29 154 10
85 92 4
25 92 4
22 90 7
1 16 5
64 167 5
59 185 6
105 161 4
58 108 7
30 151 5
33 126 10
53 165 8
35 76 9
76 131 3
1 63 10
53 117 9
3 112 10
106 179 5
90 95 9
72 119 2
25 189 1
48 151 1
131 172 2
83 133 10
113 176 6
69 116 1
59 174 3
138 162 2
131 168 9
145 170 8
4 71 6
49 187 5
14 74 3
177 180 9
4 79 2
89 107 3
25 94 5
107 125 8
39 178 3
60 199 4
42 167 4
105 197 3
56 135 3
53 166 9
82 107 9
123 169 5
4 60 5
73 76 6
9 125 7
34 182 9
91 94 2
122 166 2
11 177 5
64 68 5
12 26 10
10 38 4
99 165 9
169 194 10
154 187 5
21 72 9
35 165 5
32 106 2
72 186 4
38 75 7
42 83 10
136 166 7
28 65 9
55 79 5
25 96 5
97 171 5
1 80 10
72 185 8
26 38 6
