0.000000000 0.000000000
-0.000000000 0.000000000
0.000000000 0.000000000
0.000000000 0.725191000
0.000000000 0.000000000
-0.000000000 0.000000000
0.000000000 0.000000000
0.000000000 0.000000000
0.000000000 0.000000000
0.000000000 0.000000000
0.407081591 0.000000000
0.000000000 0.000000000
0.000000000 0.000000000
0.000000000 0.000000000
0.000000000 0.000000000
-0.074579790 0.000000000
-0.399830383 -7.053438000
-0.000000000 0.000000000
-0.000000000 -1.000000000
0.000000000 6.274809000
0.000000000 0.000000000
0.000000000 0.000000000
0.000000000 0.000000000
0.000000000 0.000000000
0.000000000 0.000000000
0.000000000 -1.000000000
0.000000000 0.000000000
0.000000000 0.000000000
0.000000000 0.000000000
0.000000000 0.000000000
0.000000000 0.000000000
0.000000000 0.000000000
0.000000000 0.000000000
0.000000000 0.000000000
0.000000000 0.000000000
0.000000000 0.000000000
0.000000000 0.000000000
0.000000000 -1.351146000
0.000000000 0.000000000
0.000000000 0.000000000
0.000000000 0.000000000
0.000000000 0.000000000
0.000000000 0.274809000
0.000000000 0.000000000
0.000000000 0.000000000
0.000000000 0.000000000
0.000000000 0.000000000
0.000000000 0.000000000
0.000000000 2.000000000
-0.000000000 0.000000000
0.000000000 0.000000000
0.000000000 0.000000000
-0.000000000 -0.274809000
0.000000000 0.175573000
0.000000000 0.000000000
0.000000000 0.000000000
0.000000000 0.000000000
0.000000000 0.000000000
0.000000000 0.000000000
0.000000000 0.000000000
0.000000000 0.000000000
-0.000000000 -3.000000000
0.000000000 -0.450382000
-0.000000000 -1.725191000
-0.000000000 0.000000000
0.369791696 0.000000000
0.000000000 0.000000000
0.000000000 0.000000000
0.000000000 0.000000000
0.000000000 0.000000000
-0.000000000 0.000000000
0.000000000 0.000000000
-0.000000000 -0.274809000
0.000000000 0.000000000
0.000000000 0.000000000
0.000000000 0.000000000
0.000000000 0.000000000
0.000000000 0.000000000
-0.037289895 0.000000000
0.000000000 0.000000000
0.000000000 0.000000000
0.000000000 0.000000000
0.000000000 0.000000000
0.165732550 1.778629000
0.000000000 0.000000000
0.000000000 0.000000000
0.000000000 0.000000000
-0.000000000 0.000000000
0.308677623 0.000000000
0.000000000 0.000000000
0.000000000 0.000000000
0.000000000 0.000000000
0.000000000 0.000000000
0.000000000 0.000000000
0.000000000 0.000000000
0.000000000 2.000000000
0.000000000 0.000000000
0.000000000 0.000000000
0.000000000 0.000000000
0.000000000 0.000000000
0.000000000 0.000000000
0.000000000 0.000000000
0.000000000 0.000000000
0.000000000 0.000000000
0.000000000 0.000000000
-0.000000000 -0.274809000
0.000000000 0.000000000
0.111869685 0.900764000
0.000000000 0.000000000
0.000000000 0.000000000
0.000000000 0.000000000
-0.325250593 -0.053438000
0.000000000 0.000000000
0.000000000 0.000000000
0.000000000 0.000000000
0.000000000 0.000000000
0.000000000 0.000000000
-0.020716925 -0.122135000
-0.023824179 0.000000000
0.000000000 1.824427000
0.000000000 0.000000000
0.000000000 0.000000000
0.000000000 0.000000000
0.000000000 0.000000000
0.000000000 0.000000000
0.000000000 0.725191000
0.000000000 0.000000000
-0.098403969 -1.274809000
-0.149159580 -2.625955000
-0.098403969 -1.000000000
-0.000000000 0.000000000
0.000000000 0.000000000
-0.000000000 -0.725191000
0.000000000 0.000000000
0.000000000 0.000000000
0.000000000 0.000000000
0.000000000 1.000000000
0.000000000 1.450382000
-0.000000000 0.000000000
-0.000000000 0.000000000
-0.000000000 0.000000000
0.000000000 0.000000000
0.000000000 0.000000000
-0.000000000 0.000000000
0.000000000 -0.450382000
0.000000000 0.000000000
0.000000000 0.000000000
0.000000000 0.000000000
-0.000000000 -0.274809000
0.000000000 0.000000000
-0.213380908 -1.152674000
0.000000000 0.000000000
0.000000000 0.000000000
0.000000000 0.000000000
0.000000000 0.000000000
0.000000000 2.000000000
0.000000000 0.000000000
0.000000000 0.000000000
0.000000000 0.725191000
0.000000000 0.000000000
0.000000000 2.000000000
-0.000000000 0.000000000
0.000000000 0.000000000
0.000000000 0.000000000
-0.000000000 0.000000000
0.000000000 0.000000000
0.000000000 0.000000000
0.000000000 0.000000000
0.000000000 0.000000000
0.000000000 -0.274809000
-0.000000000 0.000000000
0.000000000 0.000000000
-0.037289895 0.000000000
0.000000000 0.900764000
0.000000000 0.000000000
0.000000000 0.000000000
0.000000000 0.000000000
0.000000000 -0.274809000
0.000000000 0.000000000
0.108762431 0.099236000
-0.172983759 0.000000000
0.000000000 0.000000000
0.000000000 0.000000000
0.000000000 0.000000000
0.000000000 0.000000000
-0.111869685 -0.175573000
0.000000000 0.000000000
0.000000000 0.000000000
0.000000000 0.000000000
0.000000000 0.000000000
0.000000000 0.000000000
0.000000000 0.000000000
0.000000000 0.000000000
-0.013465716 -2.351146000
0.000000000 0.000000000
0.000000000 0.000000000
0.000000000 0.000000000
-0.000000000 0.000000000
0.000000000 0.000000000
0.000000000 0.000000000
0.000000000 0.000000000
0.000000000 1.000000000
0.000000000 0.000000000
0.000000000 0.000000000
0.000000000 0.000000000
0.000000000 0.000000000
0.000000000 0.000000000
0.061114074 0.099236000
0.000000000 0.274809000
0.000000000 0.000000000
0.000000000 1.450382000
-0.159518043 -0.099236000
0.000000000 0.000000000
0.037289895 0.000000000
-0.000000000 0.000000000
0.000000000 0.000000000
0.000000000 0.000000000
0.000000000 0.000000000
0.077687044 0.877865000
-0.468195665 -3.549618000
0.000000000 0.000000000
0.000000000 0.000000000
0.000000000 0.000000000
0.000000000 0.000000000
0.000000000 0.000000000
0.000000000 0.000000000
0.000000000 0.000000000
0.000000000 0.000000000
0.000000000 0.000000000
0.000000000 0.000000000
0.000000000 0.000000000
0.000000000 0.000000000
0.000000000 0.000000000
0.000000000 0.000000000
0.000000000 0.000000000
0.000000000 0.000000000
-0.000000000 -0.274809000
0.000000000 0.000000000
0.000000000 0.000000000
0.000000000 0.274809000
0.000000000 0.000000000
0.000000000 0.000000000
0.000000000 0.000000000
0.000000000 0.000000000
0.000000000 0.000000000
0.000000000 0.000000000
0.000000000 0.000000000
0.000000000 0.000000000
0.000000000 0.000000000
0.000000000 0.000000000
0.000000000 -3.000000000
0.000000000 0.000000000
-0.000000000 0.000000000
-0.000000000 -1.175573000
0.000000000 1.450382000
0.000000000 0.000000000
0.000000000 0.000000000
0.000000000 0.000000000
0.000000000 0.000000000
0.000000000 0.000000000
-0.572814141 -2.778629000
-0.000000000 0.000000000
0.000000000 0.000000000
0.000000000 0.000000000
0.000000000 0.000000000
0.000000000 0.000000000
0.000000000 0.000000000
0.000000000 0.000000000
0.000000000 0.000000000
0.000000000 0.000000000
0.000000000 0.000000000
0.000000000 0.000000000
0.000000000 0.000000000
0.000000000 1.450382000
0.000000000 0.000000000
0.000000000 0.000000000
0.000000000 0.000000000
0.000000000 0.000000000
0.058006820 1.022899000
0.000000000 0.000000000
0.000000000 0.000000000
-0.000000000 0.000000000
0.000000000 1.000000000
0.000000000 0.000000000
0.000000000 1.000000000
0.000000000 0.000000000
0.000000000 1.274809000
0.295211906 0.000000000
0.000000000 -0.725191000
0.000000000 0.000000000
0.247563549 1.725191000
0.000000000 0.725191000
0.000000000 0.725191000
0.000000000 0.000000000
0.000000000 0.000000000
0.000000000 0.000000000
0.000000000 0.000000000
0.000000000 0.000000000
0.000000000 0.000000000
0.000000000 0.000000000
0.000000000 0.000000000
0.000000000 0.000000000
0.000000000 0.000000000
0.000000000 0.725191000
-0.000000000 0.000000000
0.000000000 0.000000000
0.000000000 0.000000000
0.000000000 0.000000000
0.000000000 0.000000000
0.000000000 0.000000000
0.000000000 0.000000000
0.000000000 0.000000000
0.000000000 0.000000000
0.000000000 0.000000000
0.000000000 0.000000000
-0.186449475 0.000000000
0.000000000 0.000000000
0.000000000 0.000000000
0.000000000 0.000000000
-0.000000000 -1.725191000
0.000000000 0.000000000
0.000000000 0.000000000
-0.000000000 -1.450382000
0.000000000 0.000000000
0.000000000 0.000000000
0.000000000 0.000000000
-0.000000000 0.000000000
0.000000000 0.000000000
0.000000000 0.000000000
0.000000000 0.000000000
0.000000000 0.000000000
0.000000000 0.274809000
0.000000000 0.000000000
0.000000000 0.000000000
0.000000000 0.000000000
-0.135693864 0.000000000
0.074579790 0.175573000
0.000000000 0.000000000
0.000000000 0.000000000
0.000000000 0.000000000
0.000000000 0.000000000
-0.000000000 -2.274809000
0.000000000 3.000000000
-0.000000000 -1.000000000
0.000000000 0.000000000
0.000000000 0.000000000
0.000000000 0.450382000
0.000000000 0.000000000
0.000000000 0.000000000
-0.000000000 0.000000000
0.135693864 2.824427000
-0.247563549 -2.175573000
0.000000000 1.000000000
-0.000000000 0.000000000
0.000000000 0.000000000
0.000000000 1.351146000
-0.135693864 0.000000000
-0.000000000 -0.175573000
0.000000000 0.000000000
0.061114074 0.000000000
0.000000000 0.000000000
0.000000000 0.000000000
0.000000000 0.000000000
0.000000000 0.725191000
0.000000000 0.000000000
-0.000000000 0.000000000
0.000000000 0.000000000
0.000000000 0.000000000
-0.000000000 0.000000000
0.000000000 0.000000000
0.000000000 -0.450382000
0.000000000 0.000000000
-0.000000000 0.000000000
0.000000000 1.000000000
0.000000000 0.000000000
0.000000000 0.000000000
0.000000000 0.000000000
0.000000000 1.549618000
0.000000000 0.000000000
0.000000000 0.000000000
0.000000000 0.000000000
0.000000000 0.000000000
0.000000000 0.000000000
0.000000000 0.000000000
0.000000000 0.000000000
0.000000000 0.000000000
-0.000000000 -0.824427000
0.000000000 0.000000000
0.000000000 0.000000000
-0.000000000 -0.099236000
0.000000000 0.725191000
0.000000000 0.000000000
0.000000000 0.000000000
0.000000000 0.000000000
0.000000000 0.000000000
0.000000000 0.000000000
0.000000000 0.000000000
0.000000000 0.000000000
0.000000000 0.000000000
0.000000000 0.000000000
0.000000000 0.000000000
0.000000000 0.450382000
-0.088045506 -0.625955000
0.000000000 0.000000000
-0.023824179 0.000000000
-0.000000000 0.000000000
0.000000000 0.000000000
-0.000000000 0.000000000
-0.000000000 0.000000000
0.000000000 0.000000000
0.000000000 0.000000000
0.000000000 0.000000000
0.000000000 0.000000000
0.000000000 0.000000000
0.138801118 1.877865000
0.000000000 0.000000000
0.000000000 0.000000000
0.000000000 1.274809000
0.000000000 0.000000000
0.000000000 0.000000000
-0.223739370 -0.801528000
0.000000000 0.000000000
0.000000000 0.000000000
0.000000000 0.000000000
0.000000000 0.000000000
0.000000000 0.000000000
0.016572970 3.954202000
-0.000000000 0.000000000
0.000000000 0.000000000
0.074579790 1.175573000
0.000000000 0.000000000
0.000000000 0.000000000
0.000000000 0.000000000
0.000000000 0.000000000
0.000000000 0.000000000
0.000000000 0.000000000
0.000000000 0.000000000
0.000000000 0.000000000
-0.053862865 -1.152674000
0.000000000 0.000000000
0.000000000 0.000000000
0.000000000 0.000000000
0.000000000 0.000000000
0.000000000 0.000000000
-0.053862865 -0.603056000
0.000000000 0.000000000
0.000000000 0.000000000
0.000000000 0.000000000
0.000000000 0.000000000
0.332501801 3.549618000
0.000000000 -0.099236000
0.000000000 0.000000000
-0.000000000 0.000000000
0.000000000 0.000000000
0.000000000 0.000000000
0.023824179 1.549618000
0.000000000 0.000000000
0.000000000 -0.725191000
0.000000000 0.274809000
0.000000000 0.000000000
0.000000000 0.000000000
0.000000000 0.000000000
0.000000000 0.000000000
0.098403969 0.000000000
0.000000000 0.000000000
0.000000000 0.274809000
0.000000000 0.000000000
0.000000000 -0.274809000
0.000000000 0.000000000
-0.000000000 0.000000000
0.000000000 0.000000000
0.000000000 0.000000000
0.000000000 0.000000000
0.000000000 0.000000000
0.000000000 0.000000000
0.000000000 0.000000000
0.000000000 1.549618000
0.000000000 0.000000000
0.000000000 0.000000000
0.000000000 1.000000000
-0.114976939 -1.603056000
0.000000000 0.000000000
0.000000000 0.000000000
0.000000000 0.000000000
0.000000000 0.000000000
0.000000000 0.000000000
-0.000000000 -2.351146000
0.000000000 0.725191000
0.000000000 -0.274809000
0.000000000 0.000000000
0.000000000 0.000000000
0.000000000 0.000000000
0.000000000 -0.725191000
0.000000000 0.000000000
0.000000000 0.000000000
0.000000000 0.000000000
0.189556729 2.152674000
0.000000000 0.000000000
-0.037289895 -0.175573000
0.000000000 0.000000000
0.000000000 0.000000000
-0.000000000 0.000000000
-0.135693864 0.000000000
0.074579790 0.000000000
0.000000000 0.000000000
0.000000000 0.450382000
0.000000000 0.000000000
0.000000000 0.000000000
0.000000000 0.000000000
0.000000000 0.000000000
0.000000000 0.000000000
0.000000000 0.000000000
0.000000000 0.000000000
0.000000000 0.000000000
0.000000000 0.000000000
0.000000000 0.000000000
0.000000000 0.000000000
0.000000000 0.000000000
0.000000000 0.000000000
0.000000000 -0.725191000
0.000000000 0.725191000
0.000000000 0.000000000
0.000000000 0.000000000
0.000000000 0.000000000
0.000000000 0.000000000
0.000000000 0.000000000
0.000000000 0.000000000
0.000000000 0.000000000
0.000000000 0.000000000
0.000000000 0.000000000
0.146052326 1.374045000
0.000000000 0.000000000
0.000000000 0.000000000
0.000000000 -0.725191000
0.000000000 -0.725191000
0.000000000 -1.625955000
0.000000000 0.000000000
0.000000000 0.000000000
0.000000000 -1.725191000
0.000000000 0.000000000
0.196807938 2.648854000
-0.000000000 0.000000000
0.000000000 0.000000000
0.000000000 0.000000000
0.000000000 0.000000000
0.000000000 0.000000000
0.000000000 0.000000000
-0.000000000 -0.274809000
0.000000000 1.374045000
0.000000000 0.549618000
0.000000000 0.000000000
0.061114074 2.274809000
0.000000000 0.000000000
0.000000000 0.000000000
0.000000000 0.000000000
0.000000000 0.000000000
-0.000000000 -0.725191000
0.000000000 2.175573000
0.000000000 0.274809000
-0.000000000 -0.549618000
0.000000000 0.000000000
0.000000000 0.000000000
-0.000000000 0.000000000
0.000000000 0.000000000
0.000000000 0.000000000
0.000000000 0.000000000
0.000000000 0.000000000
0.000000000 0.000000000
0.000000000 0.000000000
0.000000000 0.000000000
0.000000000 0.000000000
0.000000000 0.274809000
0.000000000 1.450382000
0.000000000 0.000000000
0.000000000 0.000000000
0.000000000 0.000000000
0.000000000 0.000000000
0.000000000 1.725191000
0.000000000 0.000000000
0.000000000 3.000000000
0.000000000 0.000000000
0.016572970 0.702292000
0.000000000 0.000000000
0.000000000 0.000000000
0.329394548 1.572517000
0.000000000 0.000000000
0.000000000 0.000000000
-0.000000000 -1.274809000
0.000000000 0.000000000
0.000000000 0.000000000
-0.000000000 -1.725191000
0.000000000 0.000000000
0.108762431 0.473281000
0.000000000 0.000000000
0.037289895 0.000000000
0.000000000 1.099236000
0.000000000 0.000000000
0.000000000 -0.175573000
0.000000000 0.000000000
0.000000000 0.000000000
0.000000000 0.000000000
0.000000000 -1.900764000
0.000000000 0.000000000
0.141908371 3.404584000
-0.000000000 0.000000000
0.000000000 -1.450382000
0.000000000 0.000000000
0.000000000 0.000000000
0.000000000 0.000000000
0.000000000 0.725191000
0.000000000 0.000000000
0.000000000 0.000000000
0.000000000 0.000000000
0.000000000 0.000000000
0.074579790 0.000000000
0.000000000 0.000000000
0.000000000 0.000000000
0.000000000 0.000000000
0.000000000 0.000000000
0.000000000 0.000000000
0.000000000 0.000000000
0.000000000 0.000000000
0.000000000 0.000000000
0.000000000 0.000000000
0.000000000 0.000000000
0.000000000 0.000000000
0.000000000 0.000000000
0.000000000 0.000000000
0.000000000 0.000000000
0.000000000 -0.274809000
0.000000000 0.000000000
0.000000000 0.000000000
0.000000000 0.000000000
0.000000000 0.000000000
-0.058006820 -0.122135000
-0.000000000 0.000000000
0.000000000 0.000000000
0.000000000 0.000000000
0.234097833 0.000000000
-0.000000000 0.000000000
0.000000000 0.000000000
0.000000000 0.000000000
0.000000000 0.000000000
0.000000000 0.000000000
0.000000000 0.000000000
-0.000000000 -0.549618000
0.000000000 0.000000000
0.000000000 0.000000000
0.000000000 0.000000000
0.000000000 0.000000000
0.000000000 0.000000000
0.000000000 0.000000000
0.000000000 0.000000000
0.077687044 0.877865000
0.000000000 0.000000000
0.000000000 0.000000000
0.000000000 0.000000000
0.000000000 0.000000000
0.000000000 0.000000000
0.000000000 0.000000000
-0.000000000 0.000000000
0.000000000 0.000000000
0.000000000 0.000000000
0.000000000 0.000000000
0.000000000 0.000000000
0.000000000 0.000000000
0.000000000 0.000000000
-0.000000000 0.000000000
0.000000000 0.274809000
0.000000000 0.000000000
0.000000000 0.000000000
0.000000000 0.000000000
0.000000000 0.274809000
-0.037289895 -1.175573000
0.074579790 2.076337000
0.000000000 0.000000000
0.000000000 0.000000000
0.000000000 0.000000000
0.037289895 0.000000000
0.000000000 0.000000000
0.000000000 0.000000000
0.000000000 1.351146000
-0.000000000 -0.725191000
0.000000000 0.000000000
0.000000000 0.000000000
0.000000000 0.000000000
0.000000000 0.000000000
0.000000000 0.000000000
0.000000000 0.000000000
0.000000000 0.000000000
0.101511223 0.251910000
0.000000000 2.725191000
0.000000000 0.000000000
-0.000000000 0.000000000
0.000000000 0.000000000
-0.165732550 -0.328247000
0.000000000 0.000000000
-0.000000000 0.000000000
0.000000000 0.000000000
0.000000000 0.000000000
0.000000000 0.000000000
0.000000000 0.000000000
0.000000000 0.000000000
0.000000000 0.000000000
0.098403969 0.824427000
0.000000000 0.000000000
0.000000000 0.000000000
-0.000000000 -0.725191000
0.000000000 0.000000000
-0.000000000 0.000000000
0.000000000 1.000000000
-0.141908371 -2.778629000
0.000000000 0.000000000
0.000000000 0.000000000
0.000000000 0.000000000
-0.013465716 0.000000000
0.000000000 0.000000000
0.000000000 0.000000000
0.000000000 -0.274809000
0.000000000 0.000000000
0.000000000 0.000000000
0.000000000 0.000000000
0.000000000 0.000000000
0.000000000 0.000000000
-0.000000000 0.000000000
0.000000000 0.000000000
0.000000000 0.000000000
0.000000000 0.000000000
0.000000000 0.000000000
0.000000000 0.000000000
-0.000000000 0.000000000
0.000000000 0.000000000
0.000000000 0.000000000
0.000000000 0.000000000
0.000000000 0.000000000
0.000000000 0.000000000
0.000000000 0.000000000
-0.000000000 0.000000000
0.000000000 0.000000000
0.000000000 0.000000000
0.000000000 0.000000000
0.000000000 1.000000000
0.000000000 0.000000000
0.000000000 0.000000000
0.000000000 0.000000000
0.000000000 0.725191000
-0.111869685 -1.450382000
0.000000000 0.000000000
-0.000000000 0.000000000
0.000000000 0.000000000
0.000000000 0.000000000
0.000000000 0.000000000
0.000000000 0.000000000
0.000000000 0.000000000
0.000000000 0.000000000
-0.000000000 0.000000000
0.000000000 0.000000000
0.000000000 0.000000000
0.000000000 0.000000000
0.000000000 0.000000000
0.000000000 0.000000000
0.000000000 0.000000000
0.000000000 1.000000000
0.000000000 0.000000000
0.000000000 0.000000000
0.000000000 0.000000000
0.000000000 0.000000000
0.000000000 0.000000000
0.000000000 0.000000000
0.000000000 0.000000000
0.000000000 0.000000000
0.000000000 0.000000000
0.000000000 0.000000000
0.000000000 1.549618000
-0.000000000 0.000000000
0.000000000 0.000000000
0.000000000 0.000000000
0.000000000 0.000000000
0.000000000 -3.000000000
0.000000000 0.000000000
0.040397149 0.977101000
0.000000000 0.000000000
0.000000000 0.000000000
0.000000000 0.000000000
-0.020716925 -1.297708000
0.000000000 0.000000000
0.000000000 2.000000000
0.000000000 0.000000000
0.000000000 0.000000000
-0.040397149 -0.877865000
-0.000000000 -2.175573000
0.000000000 0.000000000
0.000000000 0.000000000
0.067328581 2.229011000
0.000000000 0.000000000
0.000000000 0.000000000
0.000000000 0.000000000
0.000000000 0.000000000
0.000000000 0.000000000
0.000000000 0.000000000
0.000000000 0.000000000
0.000000000 0.000000000
0.284853444 0.000000000
0.077687044 2.877865000
0.000000000 0.000000000
0.000000000 2.000000000
0.000000000 0.000000000
0.000000000 0.000000000
0.000000000 0.000000000
0.000000000 0.000000000
0.000000000 0.000000000
0.000000000 0.000000000
0.000000000 0.274809000
0.000000000 0.000000000
-0.061114074 -2.549618000
0.000000000 0.000000000
0.000000000 0.000000000
-0.064221328 -0.977101000
0.016572970 4.603056000
0.000000000 0.000000000
0.000000000 0.000000000
0.000000000 0.000000000
0.000000000 -0.725191000
0.000000000 0.000000000
0.000000000 -0.549618000
0.000000000 0.000000000
0.000000000 0.000000000
0.000000000 0.000000000
0.000000000 0.000000000
0.095296715 0.122135000
0.000000000 0.000000000
0.000000000 0.274809000
0.000000000 0.725191000
-0.000000000 0.000000000
0.000000000 0.000000000
-0.037289895 0.000000000
0.020716925 1.122135000
0.000000000 0.000000000
0.000000000 0.274809000
0.000000000 0.000000000
0.000000000 0.000000000
0.430905770 0.725191000
0.000000000 0.000000000
0.000000000 0.000000000
0.000000000 0.000000000
0.000000000 0.000000000
-0.000000000 0.000000000
-0.000000000 0.000000000
-0.000000000 0.000000000
0.000000000 0.000000000
0.000000000 0.000000000
0.000000000 0.000000000
-0.189556729 -2.053438000
-0.098403969 -3.725191000
0.000000000 0.000000000
0.000000000 1.000000000
0.000000000 0.000000000
0.000000000 0.000000000
0.000000000 -0.274809000
0.000000000 0.000000000
0.000000000 -0.274809000
0.000000000 0.000000000
0.000000000 0.000000000
-0.000000000 -0.450382000
0.000000000 0.000000000
0.000000000 1.000000000
0.000000000 0.000000000
0.000000000 0.000000000
0.000000000 0.725191000
0.000000000 0.000000000
0.000000000 0.000000000
0.000000000 0.000000000
0.000000000 1.000000000
-0.376006204 -1.305348000
0.000000000 0.000000000
0.000000000 3.625955000
0.000000000 0.000000000
-0.000000000 0.000000000
0.000000000 0.000000000
0.000000000 0.000000000
0.000000000 0.000000000
0.000000000 0.000000000
-0.000000000 -0.274809000
0.000000000 0.000000000
0.000000000 0.000000000
0.000000000 0.000000000
0.000000000 0.000000000
0.000000000 0.000000000
0.000000000 0.000000000
0.298319160 1.351146000
0.000000000 0.000000000
0.261029265 5.625955000
0.000000000 0.000000000
0.000000000 0.000000000
0.000000000 0.000000000
0.000000000 0.000000000
-0.013465716 0.000000000
0.000000000 0.000000000
0.000000000 0.000000000
0.000000000 0.000000000
0.000000000 0.000000000
0.000000000 0.000000000
0.000000000 0.000000000
0.000000000 0.000000000
0.000000000 0.000000000
0.000000000 0.000000000
0.000000000 0.000000000
0.000000000 0.000000000
0.098403969 1.549618000
0.000000000 0.000000000
0.000000000 0.000000000
0.000000000 0.000000000
0.000000000 0.000000000
0.000000000 0.000000000
0.000000000 0.000000000
0.000000000 0.000000000
0.000000000 0.000000000
0.000000000 0.000000000
0.000000000 -1.274809000
0.000000000 0.000000000
0.000000000 0.000000000
0.000000000 0.000000000
-0.572814141 -2.778629000
0.000000000 0.000000000
0.000000000 0.000000000
0.000000000 0.000000000
0.000000000 0.000000000
0.165732550 0.229011000
0.000000000 0.000000000
-0.111869685 -1.000000000
0.000000000 0.000000000
0.047648357 0.000000000
0.000000000 0.000000000
0.000000000 0.000000000
0.000000000 0.000000000
0.000000000 0.000000000
0.000000000 0.000000000
0.000000000 0.000000000
-0.000000000 -0.274809000
-0.098403969 0.000000000
-0.023824179 0.000000000
0.000000000 -0.725191000
0.000000000 0.000000000
0.000000000 0.000000000
0.000000000 0.000000000
0.000000000 0.000000000
0.000000000 0.175573000
0.000000000 0.000000000
0.000000000 -1.549618000
0.000000000 0.000000000
0.000000000 0.274809000
0.000000000 0.000000000
0.000000000 0.000000000
0.000000000 0.000000000
0.000000000 0.000000000
0.000000000 0.000000000
0.000000000 0.000000000
0.000000000 0.000000000
0.000000000 0.000000000
0.000000000 0.000000000
0.000000000 0.000000000
0.000000000 0.000000000
0.000000000 0.000000000
0.000000000 0.000000000
0.000000000 0.000000000
-0.000000000 0.000000000
0.000000000 0.000000000
0.000000000 0.000000000
0.000000000 0.000000000
0.000000000 0.000000000
0.000000000 0.000000000
0.000000000 0.000000000
0.000000000 0.000000000
0.000000000 0.000000000
0.000000000 0.000000000
0.000000000 0.725191000
0.000000000 0.000000000
0.000000000 0.000000000
0.000000000 0.000000000
0.000000000 0.000000000
0.000000000 0.000000000
0.000000000 0.000000000
0.000000000 -2.274809000
-0.037289895 0.000000000
0.000000000 0.000000000
0.000000000 0.000000000
0.000000000 0.000000000
0.000000000 0.648854000
0.000000000 0.000000000
0.000000000 0.000000000
0.000000000 -0.274809000
-0.000000000 0.000000000
0.000000000 0.000000000
0.000000000 0.000000000
-0.189556729 -0.328247000
0.000000000 0.450382000
0.000000000 0.000000000
0.000000000 0.000000000
0.000000000 0.000000000
-0.000000000 0.000000000
0.000000000 0.000000000
-0.000000000 0.000000000
0.000000000 0.000000000
0.000000000 0.000000000
0.000000000 0.000000000
-0.000000000 0.000000000
0.000000000 0.000000000
0.000000000 0.000000000
0.000000000 0.000000000
0.000000000 0.000000000
0.000000000 0.000000000
-0.000000000 -0.725191000
0.000000000 0.000000000
0.000000000 0.000000000
0.000000000 0.000000000
0.000000000 0.000000000
0.000000000 0.000000000
0.000000000 0.000000000
-0.000000000 0.000000000
0.000000000 1.725191000
0.000000000 0.000000000
0.000000000 0.000000000
0.000000000 0.000000000
0.000000000 0.000000000
-0.000000000 0.000000000
-0.000000000 0.000000000
0.000000000 0.000000000
-0.020716925 -0.847326000
0.000000000 0.000000000
0.000000000 0.000000000
0.000000000 0.000000000
0.000000000 0.000000000
0.000000000 0.000000000
0.000000000 0.000000000
0.000000000 -0.549618000
0.000000000 0.000000000
0.000000000 0.000000000
0.000000000 0.000000000
0.000000000 0.000000000
0.000000000 0.000000000
0.000000000 0.000000000
0.000000000 0.000000000
0.000000000 0.000000000
0.000000000 0.000000000
-0.107725730 -1.030539000
0.000000000 0.000000000
0.000000000 0.000000000
0.000000000 0.000000000
0.000000000 0.000000000
-0.000000000 -0.450382000
0.000000000 -1.000000000
0.000000000 0.000000000
0.000000000 0.000000000
0.000000000 0.000000000
0.000000000 0.000000000
0.000000000 0.000000000
0.000000000 0.000000000
0.000000000 0.000000000
0.000000000 0.000000000
0.000000000 0.000000000
0.061114074 0.000000000
0.000000000 0.000000000
0.000000000 -0.274809000
-0.077687044 -1.152674000
0.000000000 0.000000000
0.000000000 0.000000000
0.013465716 0.450382000
0.000000000 0.000000000
0.000000000 0.000000000
0.000000000 0.000000000
0.000000000 0.000000000
0.000000000 0.000000000
0.000000000 0.000000000
0.000000000 0.000000000
0.000000000 0.000000000
0.000000000 0.000000000
0.000000000 0.000000000
0.000000000 0.000000000
0.000000000 0.000000000
0.000000000 0.000000000
0.000000000 0.274809000
-0.013465716 -0.351146000
0.000000000 1.000000000
0.000000000 2.000000000
0.000000000 0.000000000
0.000000000 0.000000000
-0.000000000 0.000000000
0.000000000 0.725191000
0.000000000 0.000000000
0.196807938 0.000000000
0.000000000 0.000000000
0.000000000 0.000000000
0.000000000 0.000000000
0.000000000 0.000000000
0.000000000 0.000000000
0.000000000 0.000000000
0.000000000 0.725191000
0.000000000 0.000000000
-0.000000000 0.000000000
0.074579790 2.175573000
0.000000000 0.000000000
0.000000000 -0.274809000
0.000000000 0.000000000
0.000000000 0.000000000
0.000000000 0.000000000
0.000000000 0.000000000
-0.000000000 -1.450382000
0.000000000 0.000000000
-0.000000000 0.000000000
0.000000000 1.000000000
0.000000000 -0.274809000
0.000000000 0.000000000
0.000000000 0.000000000
0.000000000 0.000000000
0.000000000 0.000000000
0.000000000 0.000000000
0.000000000 0.000000000
0.000000000 0.000000000
-0.098403969 0.000000000
0.000000000 0.000000000
-0.000000000 -0.725191000
0.000000000 0.000000000
0.000000000 0.000000000
-0.074579790 -0.625955000
0.000000000 0.274809000
0.000000000 0.000000000
0.000000000 0.000000000
0.000000000 0.000000000
0.000000000 0.000000000
0.047648357 0.648854000
0.000000000 0.000000000
0.000000000 0.000000000
0.000000000 0.000000000
0.000000000 0.000000000
0.000000000 0.000000000
0.000000000 0.000000000
0.000000000 0.000000000
0.000000000 -0.274809000
-0.369791696 0.000000000
0.000000000 0.000000000
0.000000000 0.000000000
0.000000000 0.000000000
0.000000000 0.000000000
-0.023824179 0.000000000
0.000000000 0.000000000
-0.000000000 -0.274809000
0.013465716 0.450382000
0.000000000 0.000000000
0.000000000 0.000000000
0.000000000 0.000000000
0.037289895 0.000000000
0.000000000 0.000000000
0.000000000 0.000000000
0.000000000 0.725191000
0.081830999 0.847326000
0.000000000 0.000000000
-0.098403969 0.000000000
0.000000000 1.000000000
0.000000000 0.000000000
0.000000000 0.000000000
0.000000000 0.000000000
0.000000000 0.000000000
0.000000000 0.000000000
0.000000000 0.000000000
0.000000000 0.000000000
0.000000000 0.000000000
0.000000000 0.000000000
0.043504403 0.503820000
0.000000000 0.000000000
0.000000000 0.000000000
0.000000000 0.000000000
0.000000000 0.000000000
0.000000000 0.000000000
0.000000000 0.000000000
0.000000000 -1.000000000
0.000000000 0.000000000
0.000000000 2.000000000
0.000000000 0.000000000
0.000000000 0.000000000
0.000000000 0.000000000
0.000000000 0.000000000
-0.000000000 0.000000000
0.000000000 1.549618000
-0.000000000 0.000000000
0.000000000 0.000000000
0.000000000 0.000000000
0.000000000 0.274809000
0.000000000 0.000000000
0.000000000 0.000000000
0.000000000 0.000000000
-0.000000000 0.000000000
0.000000000 0.000000000
0.000000000 0.000000000
-0.000000000 -0.725191000
0.000000000 0.000000000
0.000000000 0.000000000
0.000000000 0.000000000
0.000000000 0.000000000
0.000000000 0.000000000
0.000000000 0.000000000
0.000000000 0.000000000
0.000000000 0.000000000
-0.000000000 0.000000000
0.000000000 0.000000000
0.000000000 0.000000000
0.000000000 1.725191000
0.000000000 0.000000000
0.000000000 0.000000000
0.000000000 0.000000000
0.088045506 1.175573000
0.000000000 0.274809000
0.000000000 0.000000000
0.000000000 0.000000000
0.000000000 0.274809000
0.000000000 0.000000000
0.000000000 0.000000000
0.000000000 0.000000000
0.000000000 0.000000000
0.000000000 0.000000000
0.000000000 0.274809000
0.026931433 0.427483000
0.000000000 0.000000000
0.000000000 0.000000000
-0.383257413 -1.000000000
0.067328581 0.404584000
0.627713708 1.274809000
0.000000000 0.000000000
0.000000000 0.000000000
0.000000000 -1.000000000
0.000000000 0.000000000
-0.000000000 0.000000000
0.000000000 0.000000000
0.000000000 0.000000000
0.000000000 0.000000000
0.000000000 0.000000000
0.000000000 0.000000000
0.159518043 6.824427000
0.000000000 0.000000000
0.000000000 0.000000000
0.000000000 0.000000000
0.000000000 0.000000000
0.000000000 0.000000000
0.000000000 0.000000000
0.000000000 0.000000000
0.000000000 0.000000000
0.000000000 0.000000000
0.000000000 1.000000000
0.284853444 3.351146000
0.000000000 0.000000000
-0.322143339 -0.725191000
0.000000000 0.000000000
0.000000000 0.000000000
0.000000000 0.000000000
0.000000000 0.000000000
0.000000000 1.549618000
0.000000000 0.000000000
0.000000000 0.000000000
0.000000000 0.000000000
0.000000000 0.000000000
0.000000000 0.000000000
0.000000000 0.000000000
-0.023824179 -0.549618000
-0.000000000 0.000000000
0.000000000 0.000000000
0.000000000 -0.725191000
0.000000000 0.000000000
0.000000000 0.000000000
-0.016572970 -0.603056000
0.000000000 0.000000000
0.000000000 0.000000000
-0.023824179 0.000000000
0.000000000 0.000000000
0.000000000 0.000000000
0.000000000 0.000000000
0.000000000 0.000000000
0.000000000 0.000000000
0.091152760 0.328247000
0.000000000 0.000000000
0.000000000 0.000000000
-0.000000000 0.000000000
0.000000000 0.000000000
0.000000000 0.000000000
0.000000000 0.000000000
0.098403969 0.099236000
-0.454729949 -2.000000000
-0.000000000 -0.725191000
0.000000000 0.000000000
0.000000000 0.000000000
0.000000000 -0.824427000
0.000000000 0.000000000
0.000000000 0.000000000
0.000000000 0.000000000
-0.000000000 0.000000000
-0.000000000 -0.274809000
0.000000000 0.000000000
0.000000000 0.000000000
0.000000000 0.000000000
-0.444371486 0.000000000
0.000000000 0.000000000
0.000000000 0.000000000
0.000000000 0.000000000
0.000000000 0.549618000
0.000000000 0.000000000
0.159518043 0.000000000
0.000000000 0.000000000
0.000000000 0.000000000
0.000000000 0.000000000
0.000000000 0.000000000
0.345967518 0.000000000
0.000000000 0.000000000
0.000000000 0.000000000
0.000000000 0.000000000
0.000000000 0.000000000
0.000000000 0.000000000
0.000000000 0.000000000
0.000000000 0.000000000
0.000000000 0.000000000
0.000000000 0.000000000
-0.000000000 0.000000000
-0.189556729 -3.603056000
0.000000000 0.000000000
0.000000000 0.000000000
0.000000000 0.000000000
-0.000000000 0.000000000
0.000000000 0.000000000
0.000000000 0.000000000
0.000000000 0.000000000
-0.000000000 -0.725191000
0.000000000 -0.274809000
0.000000000 0.000000000
0.000000000 0.000000000
0.000000000 0.000000000
0.000000000 1.725191000
0.000000000 0.000000000
0.000000000 0.000000000
0.000000000 0.000000000
0.000000000 0.000000000
0.000000000 0.000000000
0.000000000 -0.274809000
-0.000000000 -3.000000000
0.000000000 0.000000000
-0.000000000 0.000000000
0.000000000 0.000000000
0.000000000 0.000000000
0.000000000 0.000000000
0.000000000 0.000000000
0.000000000 0.000000000
0.000000000 -0.274809000
0.000000000 0.000000000
-0.552097217 -3.931303000
0.000000000 0.000000000
0.000000000 0.000000000
-0.210273654 -2.450382000
0.552097217 3.480921000
0.000000000 0.000000000
0.000000000 0.000000000
-0.061114074 -0.274809000
0.000000000 0.000000000
-0.026931433 -0.526719000
0.000000000 0.000000000
0.000000000 0.000000000
0.000000000 0.000000000
0.000000000 0.000000000
0.000000000 0.000000000
0.000000000 -0.274809000
0.000000000 0.725191000
0.000000000 0.000000000
0.000000000 0.000000000
0.000000000 1.000000000
-0.000000000 -0.549618000
0.000000000 0.000000000
-0.000000000 0.000000000
0.037289895 0.000000000
0.000000000 0.000000000
0.000000000 0.000000000
0.000000000 0.000000000
0.000000000 0.000000000
0.000000000 -0.725191000
0.000000000 0.000000000
0.000000000 0.000000000
0.000000000 0.000000000
0.000000000 0.000000000
-0.000000000 -0.274809000
0.000000000 0.000000000
0.000000000 0.274809000
0.000000000 0.000000000
0.000000000 0.000000000
0.000000000 0.000000000
0.000000000 0.000000000
0.000000000 -2.549618000
-0.000000000 -4.000000000
0.000000000 0.274809000
0.000000000 0.000000000
0.000000000 -1.450382000
-0.122228148 -0.099236000
0.000000000 0.000000000
0.000000000 0.000000000
0.000000000 0.000000000
0.000000000 0.000000000
0.000000000 0.000000000
-0.037289895 0.000000000
-0.000000000 0.000000000
-0.000000000 -1.000000000
-0.000000000 0.000000000
0.000000000 0.000000000
0.000000000 0.000000000
0.000000000 0.000000000
-0.000000000 0.000000000
0.000000000 0.000000000
0.000000000 0.000000000
0.000000000 0.000000000
0.000000000 0.000000000
-0.013465716 -0.351146000
0.000000000 0.000000000
0.000000000 0.000000000
0.000000000 0.000000000
0.000000000 0.000000000
0.000000000 0.000000000
0.000000000 0.000000000
0.000000000 0.000000000
0.000000000 0.000000000
0.000000000 0.000000000
0.000000000 -0.450382000
0.000000000 0.000000000
0.000000000 0.000000000
0.000000000 0.000000000
0.000000000 0.000000000
0.000000000 0.000000000
0.000000000 0.000000000
0.000000000 0.000000000
0.000000000 0.000000000
-0.061114074 0.000000000
0.000000000 0.000000000
-0.000000000 0.000000000
0.000000000 0.000000000
0.061114074 0.549618000
0.000000000 0.000000000
0.000000000 0.000000000
0.000000000 0.000000000
0.000000000 0.000000000
0.000000000 0.000000000
0.000000000 0.000000000
0.000000000 0.000000000
0.000000000 0.000000000
0.189556729 1.877865000
0.000000000 0.000000000
0.000000000 0.000000000
0.000000000 0.000000000
0.000000000 0.000000000
0.000000000 0.000000000
0.000000000 0.000000000
0.023824179 0.099236000
0.000000000 0.000000000
0.000000000 0.000000000
-0.000000000 0.000000000
-0.040397149 -0.702292000
-0.111869685 -0.175573000
-0.098403969 0.000000000
0.000000000 0.000000000
0.000000000 0.000000000
0.000000000 0.000000000
0.000000000 0.000000000
0.000000000 0.000000000
0.064221328 0.000000000
0.000000000 0.000000000
0.040397149 3.152674000
-0.023824179 -0.824427000
0.000000000 0.000000000
0.098403969 2.725191000
0.000000000 0.725191000
0.000000000 0.000000000
0.000000000 0.725191000
-0.000000000 0.000000000
0.000000000 0.000000000
0.000000000 0.000000000
-0.135693864 0.000000000
0.000000000 0.000000000
0.000000000 0.000000000
0.000000000 0.000000000
0.000000000 0.000000000
0.000000000 0.000000000
0.000000000 0.000000000
-0.356325980 -0.374045000
0.000000000 0.000000000
0.000000000 0.000000000
0.000000000 -0.450382000
0.372898950 0.702292000
0.000000000 0.000000000
-0.098403969 0.000000000
0.000000000 0.000000000
-0.000000000 0.000000000
0.000000000 0.274809000
0.098403969 0.000000000
0.000000000 0.000000000
0.000000000 0.000000000
0.084938253 0.000000000
0.000000000 0.000000000
0.000000000 0.725191000
0.000000000 0.900764000
0.000000000 0.000000000
0.000000000 0.000000000
0.000000000 2.175573000
0.000000000 0.000000000
-0.034182641 -1.099236000
0.000000000 0.000000000
0.000000000 0.000000000
0.000000000 1.274809000
0.000000000 0.000000000
-0.000000000 0.000000000
0.000000000 0.000000000
-0.037289895 0.000000000
0.000000000 0.000000000
0.000000000 0.000000000
0.000000000 0.000000000
0.000000000 0.000000000
-0.105655177 -1.045798000
0.000000000 -0.725191000
0.000000000 0.000000000
0.000000000 0.000000000
0.000000000 0.000000000
0.000000000 0.000000000
0.000000000 0.000000000
0.020716925 0.396944000
0.000000000 0.000000000
-0.000000000 0.000000000
0.000000000 0.000000000
0.000000000 0.000000000
0.037289895 0.549618000
0.000000000 0.000000000
-0.000000000 0.000000000
-0.284853444 -0.900764000
0.000000000 0.000000000
0.000000000 0.000000000
0.000000000 0.000000000
-0.000000000 0.000000000
0.000000000 0.000000000
0.376006204 6.503820000
0.000000000 0.000000000
0.000000000 0.000000000
-0.000000000 0.000000000
0.000000000 0.000000000
-0.000000000 0.000000000
0.000000000 0.000000000
0.000000000 0.000000000
0.000000000 0.000000000
0.000000000 0.000000000
0.000000000 0.000000000
0.000000000 0.000000000
0.000000000 0.000000000
0.000000000 0.000000000
0.000000000 0.000000000
0.000000000 0.274809000
0.000000000 0.000000000
-0.050755611 -1.625955000
0.000000000 0.000000000
0.000000000 0.000000000
0.000000000 0.175573000
-0.000000000 0.000000000
0.000000000 0.000000000
0.000000000 0.000000000
0.000000000 0.000000000
0.000000000 0.000000000
0.000000000 0.000000000
0.000000000 0.000000000
0.000000000 0.000000000
0.000000000 0.000000000
0.000000000 0.000000000
0.000000000 0.000000000
0.000000000 0.000000000
0.000000000 0.000000000
0.000000000 0.000000000
0.000000000 0.000000000
0.000000000 0.000000000
0.000000000 0.000000000
0.000000000 0.000000000
0.000000000 0.549618000
0.000000000 0.000000000
0.000000000 0.000000000
0.000000000 0.000000000
0.000000000 0.274809000
0.000000000 1.000000000
0.000000000 0.000000000
0.000000000 -1.549618000
0.000000000 0.000000000
-0.000000000 -1.000000000
0.000000000 -0.274809000
0.000000000 0.000000000
0.000000000 2.725191000
0.000000000 1.000000000
0.000000000 0.000000000
0.000000000 0.000000000
0.000000000 0.000000000
0.000000000 0.000000000
-0.317999384 -1.656494000
0.000000000 0.000000000
-0.000000000 0.000000000
0.000000000 0.000000000
0.000000000 0.000000000
0.000000000 0.000000000
0.000000000 0.000000000
0.000000000 0.000000000
0.000000000 0.000000000
0.000000000 0.000000000
0.000000000 0.000000000
0.000000000 0.000000000
0.000000000 0.000000000
0.000000000 0.000000000
0.000000000 0.000000000
0.000000000 1.274809000
0.000000000 0.000000000
0.000000000 0.000000000
0.000000000 0.000000000
0.000000000 -0.725191000
0.000000000 0.000000000
0.000000000 0.000000000
0.000000000 0.000000000
0.000000000 0.000000000
0.000000000 0.000000000
0.000000000 0.000000000
0.000000000 0.000000000
-0.000000000 0.000000000
0.000000000 0.000000000
0.000000000 0.000000000
0.000000000 0.000000000
0.000000000 0.000000000
0.000000000 0.000000000
0.000000000 0.000000000
0.000000000 0.000000000
-0.020716925 -1.847326000
-0.000000000 -0.725191000
0.000000000 0.000000000
-0.000000000 0.000000000
0.000000000 0.000000000
0.000000000 0.274809000
0.000000000 0.000000000
-0.000000000 -3.725191000
0.000000000 0.000000000
0.000000000 0.000000000
0.000000000 -0.274809000
0.000000000 0.000000000
0.000000000 0.000000000
0.000000000 0.000000000
0.000000000 0.000000000
0.000000000 0.000000000
-0.088045506 -0.076337000
0.213380908 2.977101000
0.000000000 0.000000000
0.000000000 0.000000000
0.000000000 -0.274809000
0.000000000 0.000000000
0.000000000 0.000000000
0.000000000 1.000000000
-0.234097833 -0.450382000
0.000000000 0.000000000
-0.000000000 0.000000000
0.000000000 0.000000000
0.000000000 0.000000000
0.000000000 3.725191000
0.040397149 1.603056000
0.000000000 0.000000000
0.000000000 0.000000000
0.000000000 0.000000000
0.000000000 1.725191000
0.000000000 0.000000000
0.000000000 0.000000000
0.000000000 0.000000000
-0.037289895 0.000000000
0.000000000 0.000000000
0.000000000 0.000000000
-0.098403969 -1.274809000
0.000000000 0.000000000
0.000000000 0.000000000
0.000000000 0.000000000
-0.000000000 -3.000000000
0.000000000 0.000000000
0.000000000 0.000000000
0.000000000 0.000000000
0.000000000 0.000000000
0.000000000 0.000000000
0.000000000 0.000000000
0.000000000 0.000000000
0.000000000 0.000000000
0.000000000 0.725191000
0.000000000 0.000000000
0.000000000 0.000000000
0.000000000 0.000000000
0.000000000 0.000000000
0.000000000 0.000000000
0.000000000 0.000000000
0.000000000 0.000000000
0.000000000 0.000000000
0.000000000 0.000000000
-0.098403969 -0.000000000
0.000000000 0.000000000
0.000000000 0.000000000
0.000000000 0.000000000
0.000000000 0.000000000
0.000000000 -1.000000000
0.000000000 0.000000000
0.000000000 0.000000000
0.349074771 0.877865000
0.000000000 0.000000000
0.000000000 0.000000000
0.000000000 0.000000000
0.000000000 0.000000000
0.000000000 -1.450382000
0.000000000 0.000000000
0.000000000 0.000000000
0.000000000 0.000000000
0.135693864 0.000000000
-0.000000000 0.000000000
0.000000000 0.000000000
0.000000000 0.000000000
0.213380908 1.152674000
0.000000000 0.000000000
0.000000000 0.000000000
0.000000000 1.000000000
0.047648357 2.625955000
0.000000000 0.000000000
0.000000000 0.549618000
0.000000000 0.000000000
0.000000000 0.000000000
-0.000000000 0.000000000
0.000000000 0.000000000
0.000000000 0.000000000
0.000000000 0.000000000
0.000000000 0.000000000
0.000000000 0.000000000
0.000000000 1.000000000
0.000000000 0.000000000
0.000000000 0.000000000
0.000000000 0.000000000
0.000000000 0.000000000
-0.000000000 -1.000000000
0.000000000 0.000000000
0.000000000 0.000000000
0.000000000 0.000000000
0.000000000 0.000000000
-0.000000000 -0.175573000
0.000000000 0.000000000
0.000000000 0.000000000
0.000000000 0.000000000
0.000000000 0.274809000
-0.043504403 -0.679393000
0.000000000 0.000000000
0.000000000 0.000000000
0.000000000 1.000000000
0.000000000 1.450382000
0.000000000 0.000000000
-0.000000000 0.000000000
0.000000000 0.000000000
0.000000000 0.000000000
0.000000000 -1.000000000
0.000000000 0.000000000
0.000000000 0.000000000
0.000000000 1.725191000
0.026931433 0.000000000
0.000000000 0.000000000
0.000000000 0.000000000
-0.000000000 0.000000000
0.000000000 0.000000000
-0.135693864 0.000000000
-0.000000000 -0.725191000
0.000000000 0.000000000
0.000000000 0.000000000
0.000000000 0.000000000
0.000000000 0.000000000
0.000000000 0.000000000
0.000000000 0.000000000
0.000000000 0.000000000
0.000000000 0.000000000
-0.210273654 -1.450382000
0.000000000 0.000000000
0.000000000 0.000000000
0.000000000 0.000000000
0.000000000 0.000000000
0.000000000 0.000000000
0.000000000 0.000000000
0.000000000 0.000000000
0.000000000 0.000000000
0.000000000 0.000000000
0.000000000 0.000000000
0.000000000 0.000000000
-0.000000000 0.000000000
0.000000000 0.000000000
0.000000000 0.000000000
0.000000000 0.000000000
0.000000000 0.000000000
0.000000000 0.000000000
0.000000000 0.000000000
0.000000000 0.000000000
0.000000000 -0.274809000
0.000000000 0.000000000
0.000000000 0.000000000
0.000000000 0.000000000
0.000000000 0.000000000
0.189556729 3.778629000
0.000000000 0.000000000
0.000000000 0.000000000
0.000000000 0.000000000
0.000000000 -0.725191000
0.000000000 0.000000000
0.000000000 0.000000000
0.000000000 0.000000000
0.000000000 0.000000000
0.000000000 0.000000000
0.000000000 0.000000000
0.000000000 0.000000000
0.000000000 0.000000000
0.000000000 0.000000000
0.000000000 0.450382000
0.000000000 0.000000000
0.000000000 1.450382000
-0.000000000 0.000000000
0.000000000 0.000000000
-0.111869685 0.000000000
0.000000000 0.000000000
0.000000000 0.274809000
-0.000000000 -3.000000000
0.000000000 0.000000000
0.000000000 0.000000000
-0.047648357 -2.198472000
0.000000000 0.000000000
0.000000000 0.000000000
0.000000000 0.000000000
0.000000000 0.000000000
0.000000000 -1.450382000
0.000000000 0.725191000
0.000000000 0.000000000
0.000000000 0.000000000
0.000000000 0.000000000
0.000000000 0.000000000
0.000000000 0.000000000
0.000000000 0.000000000
0.000000000 0.000000000
0.000000000 0.000000000
0.000000000 0.000000000
0.000000000 0.000000000
0.000000000 0.000000000
-0.000000000 0.000000000
0.000000000 0.000000000
0.000000000 0.000000000
0.000000000 0.000000000
0.000000000 0.000000000
-0.000000000 0.000000000
-0.000000000 0.000000000
0.000000000 0.000000000
0.003107254 0.427483000
-0.000000000 0.000000000
-0.013465716 -1.900764000
0.000000000 0.274809000
0.000000000 0.000000000
0.000000000 0.000000000
0.000000000 -1.725191000
0.000000000 0.000000000
0.000000000 0.000000000
0.000000000 0.000000000
0.000000000 0.000000000
-0.000000000 0.000000000
0.000000000 0.000000000
0.000000000 0.000000000
0.000000000 0.000000000
0.000000000 0.824427000
0.000000000 0.000000000
-0.000000000 0.000000000
0.000000000 0.000000000
0.000000000 0.000000000
0.000000000 0.000000000
0.000000000 0.000000000
-0.000000000 0.000000000
-0.000000000 0.000000000
-0.000000000 0.000000000
0.000000000 0.000000000
-0.026931433 -0.251910000
0.000000000 0.000000000
0.000000000 1.549618000
-0.000000000 -0.450382000
0.000000000 0.000000000
0.000000000 0.000000000
0.000000000 -0.274809000
0.000000000 0.000000000
0.000000000 0.000000000
0.000000000 0.000000000
0.000000000 0.000000000
0.026931433 3.526719000
0.000000000 0.000000000
0.000000000 0.725191000
0.000000000 0.000000000
0.000000000 0.000000000
0.000000000 0.000000000
0.000000000 0.000000000
0.196807938 0.000000000
0.000000000 -2.725191000
0.111869685 0.000000000
0.000000000 0.000000000
0.000000000 0.000000000
0.000000000 0.000000000
0.000000000 0.000000000
0.000000000 0.000000000
0.000000000 0.000000000
0.000000000 0.000000000
0.000000000 0.000000000
0.000000000 0.000000000
-0.000000000 0.000000000
0.000000000 0.000000000
-0.000000000 -2.175573000
0.000000000 0.000000000
0.000000000 0.000000000
0.410188845 0.152674000
0.000000000 -0.725191000
0.000000000 0.000000000
0.000000000 0.000000000
0.000000000 0.000000000
0.000000000 0.000000000
0.000000000 0.000000000
0.000000000 0.000000000
0.000000000 0.000000000
0.000000000 0.000000000
0.000000000 0.000000000
0.000000000 0.000000000
0.000000000 0.000000000
0.000000000 0.274809000
0.000000000 0.000000000
0.000000000 0.000000000
0.000000000 0.000000000
0.000000000 0.000000000
0.000000000 0.000000000
0.000000000 0.000000000
0.000000000 0.000000000
0.000000000 0.000000000
0.000000000 0.000000000
0.000000000 0.000000000
0.000000000 0.000000000
0.000000000 0.000000000
0.000000000 0.000000000
0.000000000 0.000000000
0.037289895 0.000000000
0.000000000 0.000000000
0.000000000 0.725191000
0.000000000 2.000000000
0.000000000 0.000000000
0.000000000 0.000000000
0.000000000 0.000000000
0.000000000 0.000000000
0.000000000 0.000000000
0.000000000 0.000000000
0.000000000 0.000000000
0.000000000 0.000000000
0.000000000 0.000000000
0.000000000 0.000000000
-0.000000000 -1.000000000
0.000000000 0.000000000
0.000000000 0.000000000
0.000000000 0.725191000
-0.095296715 -1.572517000
0.000000000 0.000000000
0.000000000 0.000000000
-0.013465716 -0.625955000
0.000000000 0.000000000
0.053862865 0.603056000
0.362540488 1.877865000
0.000000000 0.000000000
0.000000000 0.000000000
0.000000000 0.000000000
0.000000000 0.000000000
0.000000000 0.000000000
0.000000000 0.000000000
0.000000000 0.000000000
-0.000000000 0.000000000
0.000000000 0.000000000
0.000000000 0.000000000
0.000000000 0.000000000
0.000000000 0.000000000
0.000000000 0.000000000
0.000000000 0.000000000
0.000000000 1.175573000
-0.020716925 -0.122135000
0.000000000 0.000000000
0.000000000 0.000000000
0.000000000 0.000000000
0.000000000 0.000000000
0.000000000 0.000000000
0.000000000 0.000000000
0.000000000 -0.450382000
0.067328581 0.229011000
0.000000000 0.000000000
0.000000000 0.000000000
0.000000000 0.000000000
0.000000000 0.000000000
0.000000000 0.000000000
0.071472536 0.374045000
0.000000000 0.000000000
0.000000000 0.000000000
-0.000000000 0.000000000
0.000000000 0.000000000
0.000000000 0.000000000
0.000000000 0.000000000
0.000000000 0.000000000
0.000000000 0.000000000
0.000000000 0.725191000
0.000000000 0.000000000
0.000000000 0.000000000
0.000000000 0.000000000
0.000000000 0.000000000
0.000000000 0.000000000
0.000000000 0.000000000
0.000000000 -0.725191000
0.000000000 0.000000000
0.000000000 0.000000000
0.095296715 1.022899000
0.000000000 0.000000000
0.000000000 0.000000000
0.000000000 0.000000000
0.000000000 0.000000000
0.000000000 0.000000000
0.000000000 0.000000000
0.000000000 0.000000000
0.000000000 0.000000000
0.000000000 0.000000000
0.000000000 0.000000000
0.000000000 0.000000000
0.000000000 0.000000000
-0.000000000 0.000000000
0.000000000 0.000000000
0.000000000 0.000000000
0.000000000 0.000000000
0.000000000 0.000000000
0.000000000 0.000000000
-0.000000000 0.000000000
0.000000000 0.000000000
0.000000000 0.000000000
0.000000000 0.000000000
0.000000000 0.000000000
0.000000000 0.000000000
0.000000000 0.000000000
0.000000000 0.000000000
0.000000000 0.000000000
0.000000000 0.000000000
0.000000000 0.000000000
0.000000000 0.000000000
0.000000000 0.000000000
0.000000000 0.000000000
0.000000000 0.000000000
0.000000000 0.000000000
0.000000000 0.000000000
-0.000000000 0.000000000
0.000000000 0.000000000
0.000000000 0.000000000
0.000000000 0.000000000
0.000000000 0.000000000
-0.000000000 0.000000000
0.000000000 0.000000000
-0.000000000 0.000000000
0.000000000 0.000000000
-0.000000000 0.000000000
0.000000000 0.000000000
0.000000000 0.000000000
-0.000000000 0.000000000
0.000000000 0.000000000
5.77476400604
