200 6009 6.16244 0.43354
47 52 2
55 93 7
86 194 9
143 182 9
5 155 1
43 78 4
138 155 8
10 76 6
104 198 4
159 189 1
96 111 1
67 200 1
19 193 9
160 182 4
63 175 5
5 76 1
21 132 7
108 178 8
6 28 7
148 169 6
3 17 5
79 112 2
2 146 7
20 32 4
56 90 1
14 134 6
33 44 8
89 105 8
13 99 6
38 100 6
65 98 3
144 194 7
14 173 6
57 168 10
85 112 8
88 145 8
97 116 9
48 66 10
5 159 8
41 115 7
78 90 7
122 146 2
41 133 6
100 129 4
34 196 10
110 171 4
63 101 10
81 91 9
5 169 9
3 40 3
35 118 7
122 141 3
55 171 2
131 180 7
36 56 6
183 198 6
14 176 4
157 169 7
88 125 10
159 172 10
116 160 2
157 175 9
4 31 8
4 71 9
123 164 7
37 179 2
70 151 9
41 118 1
140 193 5
113 155 1
148 180 10
24 68 2
27 137 4
109 165 8
85 131 4
11 123 3
13 198 3
56 180 2
68 109 3
56 69 10
42 174 1
4 151 2
135 145 7
143 180 1
9 137 7
87 167 9
3 83 7
119 183 1
19 56 9
14 136 1
47 50 6
15 36 6
97 167 4
54 191 8
181 190 7
60 116 10
54 98 10
8 34 6
26 56 4
10 170 9
46 189 5
90 162 7
65 138 9
41 85 10
32 94 9
9 105 7
34 113 3
79 190 2
35 56 6
1 27 4
28 91 10
50 150 8
26 193 6
52 108 9
67 82 6
78 163 10
16 92 1
134 186 7
141 186 2
154 182 7
63 155 9
23 78 4
3 151 7
2 139 3
21 186 4
13 74 8
27 170 2
102 181 7
62 184 5
16 185 7
153 182 10
74 109 5
25 36 10
71 80 4
33 152 1
113 168 7
13 184 3
37 144 6
108 155 4
21 142 3
97 171 9
41 132 10
58 130 9
126 133 7
76 178 8
162 188 9
28 109 1
44 122 6
28 194 5
4 174 10
49 169 4
5 85 5
121 169 3
18 128 9
16 77 9
73 126 3
75 136 10
62 106 1
24 145 7
36 140 9
20 57 7
159 178 2
12 178 1
183 195 3
10 92 3
11 190 10
130 171 1
91 92 3
18 186 2
170 177 7
97 158 4
154 185 4
83 148 4
18 21 7
38 132 7
79 155 5
46 105 3
113 152 4
149 188 9
29 128 7
110 180 6
59 72 5
171 188 2
63 89 2
12 92 2
35 41 7
14 167 8
93 94 4
33 49 8
46 154 8
42 146 7
118 199 4
13 60 2
25 42 4
37 48 5
2 163 9
16 53 6
94 199 5
6 119 10
24 99 4
108 189 7
23 158 10
162 199 10
10 28 8
176 187 5
21 85 10
47 190 2
30 103 6
90 139 9
93 151 10
64 130 4
50 62 7
90 193 4
58 191 6
139 181 2
30 169 6
78 96 6
86 159 9
82 138 3
31 83 3
24 36 7
18 81 10
1 128 10
43 146 4
33 166 7
79 98 1
19 38 1
126 191 1
96 197 7
7 158 5
179 196 8
128 186 10
64 171 3
75 157 2
114 155 2
62 77 10
94 114 5
21 136 6
39 67 7
126 135 4
71 97 6
41 153 3
68 96 6
9 78 5
28 43 2
120 162 3
123 155 8
120 170 7
70 141 8
138 197 8
2 104 3
97 194 8
39 182 7
54 72 7
8 60 9
124 183 4
41 194 7
118 178 8
5 136 1
91 159 8
78 104 5
78 167 7
27 94 2
18 112 9
87 136 5
15 187 5
23 122 4
20 35 3
4 24 9
43 194 9
25 122 8
21 78 9
14 87 3
26 100 3
84 111 7
124 126 3
92 185 7
2 116 1
39 187 5
8 136 4
168 181 10
8 122 2
65 195 7
12 66 1
19 63 2
134 172 8
33 114 1
149 150 1
112 179 1
48 182 8
12 94 3
6 69 6
36 161 2
88 150 9
50 105 1
82 87 4
135 154 2
77 171 1
36 127 2
28 52 3
9 99 6
31 92 7
12 60 1
115 176 6
42 77 10
3 104 3
42 192 9
1 158 9
28 47 10
153 192 7
74 184 10
48 91 1
82 161 4
102 114 8
154 184 5
9 142 6
61 78 8
85 136 7
137 186 4
38 124 7
68 95 2
16 48 2
176 196 6
43 125 1
30 165 5
58 85 2
9 149 9
3 133 2
30 80 7
45 135 4
91 173 10
103 183 10
150 174 1
42 114 5
85 122 10
15 120 8
25 26 9
150 157 1
15 157 3
85 183 10
92 102 6
61 159 6
123 197 9
49 94 4
45 154 10
77 180 4
27 77 10
56 143 2
16 54 4
173 188 10
36 62 7
2 83 4
5 152 2
3 26 7
179 199 1
44 180 1
133 151 7
24 153 1
68 151 1
57 157 3
49 98 4
58 97 5
54 67 5
93 165 2
17 197 4
114 135 2
24 64 8
61 79 3
35 192 1
85 120 1
10 58 3
22 84 8
131 192 3
116 169 1
31 65 2
8 182 5
117 142 1
45 156 2
102 166 3
72 93 6
36 187 9
15 78 2
29 187 1
53 158 2
150 172 9
59 105 9
65 66 10
65 112 7
69 91 6
6 159 7
12 148 8
146 152 7
19 31 7
58 140 4
84 114 4
77 147 8
25 198 7
10 89 8
42 151 4
6 105 1
19 153 10
80 115 8
9 112 9
176 190 3
60 95 1
53 115 9
169 170 6
44 123 5
8 112 8
38 136 9
107 193 4
126 139 10
84 169 1
129 183 6
41 64 5
68 112 6
82 171 7
91 99 8
92 142 2
120 199 9
48 187 7
46 61 6
134 143 9
58 88 1
35 61 1
107 162 2
30 82 4
95 119 8
104 183 4
66 120 4
124 155 6
16 127 8
2 111 6
112 115 4
19 37 6
23 33 2
46 63 7
80 161 5
9 109 9
183 193 6
78 118 9
26 172 10
26 59 6
59 175 1
87 155 3
73 153 7
7 140 8
103 120 5
9 107 2
130 162 3
128 196 2
67 127 2
43 169 1
1 156 3
91 196 3
51 199 1
86 89 1
24 186 5
57 70 3
95 137 7
104 121 2
6 169 2
90 176 3
22 88 1
41 195 10
113 158 2
33 154 6
32 54 9
31 168 5
78 82 1
129 141 3
72 198 9
173 195 1
191 195 9
51 112 2
112 125 2
108 176 3
78 119 3
114 187 7
29 152 8
37 129 2
150 195 4
53 200 8
27 196 6
113 144 6
96 183 2
17 177 10
71 110 4
106 113 5
107 117 9
81 187 1
89 136 2
111 121 9
59 167 9
136 149 3
39 195 3
121 174 4
100 150 7
50 183 10
118 200 6
38 143 3
116 129 8
63 72 9
37 40 3
147 163 1
58 161 2
88 118 2
91 182 1
15 185 5
139 184 2
29 33 2
8 50 10
33 38 7
90 117 4
1 29 1
164 185 7
28 92 7
120 177 6
17 39 3
12 65 8
106 114 2
76 153 9
69 70 4
13 29 1
197 199 7
16 84 4
4 42 8
13 193 9
40 98 9
7 75 4
39 197 8
86 123 9
23 61 5
75 106 2
142 181 4
54 165 8
62 152 9
11 169 4
19 137 8
134 197 10
53 170 6
81 163 8
53 181 10
3 78 8
47 178 9
113 185 6
100 122 10
44 179 6
19 139 2
89 106 9
9 156 8
2 108 4
79 125 4
133 170 7
8 171 7
22 57 9
20 60 6
46 95 3
74 186 3
49 185 3
70 178 5
9 21 7
61 107 1
173 175 9
15 81 5
132 145 6
79 126 6
137 189 5
76 129 4
133 176 2
56 153 6
26 48 7
87 104 10
23 68 2
23 120 7
163 178 1
29 193 3
121 134 2
53 143 8
17 186 7
20 97 4
41 175 8
48 193 2
65 186 8
86 147 9
28 182 3
16 63 8
123 135 7
35 134 10
64 71 7
182 196 3
14 126 3
100 165 6
2 140 8
14 187 3
66 128 8
24 106 2
28 147 5
46 50 6
23 197 6
47 200 7
117 162 10
128 140 9
18 39 5
105 138 4
40 82 6
48 169 2
32 149 10
89 159 6
43 121 3
3 96 4
22 122 6
27 129 3
8 187 3
110 189 9
22 127 1
124 129 1
173 190 4
27 184 5
10 110 2
103 137 3
47 82 7
12 113 4
12 62 3
107 196 4
94 191 7
37 67 7
54 73 8
23 164 9
68 153 6
24 180 9
87 137 2
115 118 3
77 146 2
42 172 6
149 190 10
62 122 8
34 126 9
31 103 8
119 132 4
125 165 9
30 86 2
11 142 6
14 91 1
58 160 3
38 144 8
59 163 10
95 166 10
81 132 4
74 159 6
15 194 10
33 128 6
51 89 7
59 164 6
31 43 4
64 164 5
30 124 5
124 127 1
101 111 4
144 171 8
147 172 6
57 98 1
49 74 5
19 120 3
39 64 6
5 83 6
55 69 5
55 164 5
28 62 9
56 195 3
96 176 8
31 194 3
79 100 10
13 110 8
183 196 4
12 105 6
36 133 3
120 175 6
70 185 6
103 143 8
76 102 10
94 174 2
78 93 4
31 125 6
58 111 2
158 181 3
43 112 10
97 124 5
62 79 2
70 132 9
12 21 8
100 141 2
171 199 8
160 172 9
25 145 4
87 158 8
51 75 4
7 189 2
26 36 1
60 138 6
29 95 5
33 117 5
30 42 8
15 108 10
20 157 7
158 192 9
26 186 3
58 106 2
122 164 4
8 58 8
50 103 4
113 181 3
32 166 5
27 54 1
29 35 6
86 113 3
46 85 8
45 157 3
3 121 2
54 59 3
6 80 4
46 170 7
9 42 1
29 115 2
71 73 4
17 195 6
172 189 8
9 70 10
24 156 8
47 116 4
41 110 6
74 143 5
1 146 3
25 162 1
96 131 8
52 166 4
87 103 2
22 87 7
44 160 3
100 108 4
154 190 5
26 117 1
7 86 2
31 186 10
55 170 2
18 194 8
87 94 3
81 95 4
13 125 5
69 161 5
55 84 8
71 171 5
130 172 5
40 84 4
4 175 7
150 175 7
5 194 1
76 150 1
81 192 7
55 101 5
28 70 5
84 133 4
170 187 3
13 185 9
143 156 5
120 179 9
75 89 8
71 128 7
67 75 7
107 110 1
13 191 8
100 135 1
155 160 4
10 95 4
70 179 8
41 66 9
98 113 2
117 185 8
18 183 3
166 189 4
53 76 10
84 100 10
179 184 4
141 171 9
39 132 2
73 94 6
58 189 4
31 108 7
30 98 4
56 77 1
32 44 5
1 5 3
71 199 3
36 46 6
41 191 8
20 59 9
172 191 2
7 125 8
116 144 9
67 131 7
23 49 7
8 20 3
45 83 3
77 107 5
103 105 6
86 115 10
10 68 7
141 159 4
38 64 6
51 167 10
56 159 9
16 199 7
19 172 3
108 126 7
154 193 4
132 143 8
58 135 10
61 176 2
130 156 5
96 128 6
49 143 5
35 100 4
21 151 4
105 200 6
100 126 4
51 192 7
75 191 5
62 190 2
3 50 9
79 189 10
42 65 1
134 189 10
55 130 1
37 151 2
79 199 7
7 186 7
15 119 1
13 63 3
97 151 7
90 152 8
17 31 3
161 167 4
60 91 9
24 196 1
157 187 9
86 140 9
31 66 5
140 187 9
20 62 1
61 199 5
150 164 2
28 57 9
30 148 8
50 77 2
27 40 10
56 112 3
55 95 7
154 192 1
111 166 2
2 62 7
16 39 5
178 195 5
59 130 4
128 161 1
26 86 4
10 107 9
14 62 4
66 137 5
52 62 3
107 173 4
29 99 7
70 116 2
59 166 9
92 179 7
102 148 8
79 168 4
148 154 2
3 162 4
8 9 6
126 145 10
68 107 3
84 127 1
63 199 10
116 185 3
84 94 8
112 168 1
145 199 9
36 183 7
150 169 1
141 160 4
19 182 8
168 186 9
47 134 4
51 96 4
58 61 7
43 168 6
120 123 6
142 162 9
54 154 6
94 195 2
8 147 3
115 178 8
31 162 9
59 153 6
73 141 9
30 69 3
102 152 3
16 160 2
50 177 6
75 100 1
4 171 4
23 148 7
62 123 2
68 165 2
38 118 8
149 192 8
186 196 5
67 91 1
122 186 6
90 200 8
13 75 3
4 131 8
98 194 9
24 102 2
23 31 6
13 139 7
30 106 5
130 194 3
47 162 6
59 73 5
31 69 7
168 197 6
82 179 7
110 167 2
50 156 8
51 149 10
112 182 4
126 167 7
39 57 7
128 150 6
44 146 3
79 194 10
118 184 4
101 158 5
85 195 1
122 165 8
28 177 9
96 169 6
102 136 6
27 57 3
117 120 4
69 137 4
127 137 4
81 136 4
20 39 10
114 125 5
6 34 10
108 167 2
119 128 9
33 139 3
65 134 10
41 57 10
8 140 4
87 89 4
86 116 1
69 152 2
121 184 7
57 86 5
47 107 3
71 123 1
74 113 5
7 193 5
152 157 1
53 129 5
83 156 4
145 155 2
141 185 10
166 179 4
17 158 3
117 150 7
10 150 7
12 174 8
125 170 5
43 142 10
115 151 6
116 154 10
31 161 8
45 92 10
26 102 2
54 112 7
41 55 3
68 162 1
69 172 8
86 148 1
62 169 4
109 131 8
137 180 8
44 80 5
61 193 9
168 199 9
21 196 9
89 170 8
55 61 5
10 137 10
85 177 3
38 102 1
7 199 4
59 89 3
30 196 8
67 88 9
13 187 10
41 75 9
89 114 7
38 133 6
128 180 1
73 179 1
24 172 6
99 146 7
64 179 10
40 137 4
13 138 9
63 162 3
53 87 4
74 92 6
11 25 7
68 90 5
57 65 1
28 49 3
20 170 4
13 114 7
60 126 10
99 171 3
15 105 8
129 179 3
10 182 8
63 96 3
41 112 8
24 78 6
80 111 10
167 200 7
53 92 5
50 182 9
133 169 8
84 99 8
61 116 6
27 47 4
64 124 9
125 192 8
93 117 1
36 52 3
69 88 2
60 72 9
131 151 7
57 97 7
70 101 7
31 107 5
67 120 5
52 74 10
70 181 4
3 90 3
36 70 5
118 163 10
88 122 2
112 138 2
12 109 3
23 139 3
2 55 9
145 179 4
49 141 1
50 189 2
39 145 7
44 145 4
9 39 2
24 55 2
155 200 7
83 104 2
7 38 10
131 142 6
97 199 3
74 153 9
65 199 7
30 89 4
85 128 5
4 103 4
65 67 8
118 182 1
80 185 6
59 189 5
17 99 4
85 148 10
21 60 10
19 187 2
32 47 6
39 175 9
66 194 8
33 59 8
57 189 3
45 115 9
59 75 2
55 166 5
16 132 1
25 30 7
143 187 6
59 191 5
111 122 6
88 93 7
20 40 8
46 175 5
88 154 6
113 160 8
60 111 8
1 153 4
34 161 3
130 190 10
64 162 8
53 166 1
133 174 7
40 118 2
70 95 1
60 107 3
12 171 7
20 158 7
27 139 10
182 197 3
8 15 2
148 193 8
44 119 6
98 105 7
65 116 7
80 141 1
7 196 1
32 53 8
18 36 8
36 159 9
22 26 1
18 67 1
56 141 6
32 64 5
29 98 3
50 80 8
107 150 1
32 195 8
26 133 7
43 149 4
62 76 1
86 178 2
36 175 8
86 185 7
58 167 7
187 192 6
23 56 7
100 177 10
179 192 10
15 44 6
113 197 3
124 178 1
127 188 3
33 66 8
14 135 9
22 149 2
52 115 4
20 44 9
69 108 4
15 186 8
103 146 5
80 108 4
6 195 5
11 55 3
151 159 10
30 45 9
70 81 6
150 184 3
50 85 7
92 148 9
46 67 8
19 64 2
114 149 1
130 147 3
109 144 3
112 151 2
183 189 8
20 197 8
93 194 7
113 177 2
88 193 4
80 150 4
51 103 1
53 154 3
61 169 9
168 169 5
36 176 1
110 188 9
77 141 10
10 133 1
11 174 1
26 85 10
20 48 5
33 150 7
11 71 6
33 113 6
44 64 7
2 134 2
6 145 9
33 87 2
74 164 8
95 180 6
5 137 5
103 200 4
129 160 8
34 163 6
46 164 4
106 176 2
53 197 10
80 114 8
36 94 4
10 113 6
156 186 1
94 136 2
149 170 9
5 26 8
1 48 2
17 63 2
6 175 8
181 200 4
38 192 6
12 143 5
117 179 8
3 196 8
76 127 10
13 188 1
125 153 6
40 128 7
108 174 7
105 128 3
16 57 3
8 160 5
119 153 9
77 117 4
89 166 10
10 15 10
146 188 3
107 113 7
111 178 1
12 79 2
76 79 2
45 121 9
50 199 4
198 199 7
34 136 4
83 115 3
14 74 2
2 151 5
30 66 8
92 162 2
7 74 10
42 85 3
6 110 4
26 55 3
61 105 1
33 115 1
51 178 9
30 137 8
18 156 1
86 174 3
151 200 4
123 183 6
70 128 3
42 155 4
133 155 1
52 71 9
142 143 1
22 104 2
13 62 4
132 187 5
44 108 8
150 151 7
56 127 1
20 75 2
56 163 6
129 140 3
35 152 2
66 180 2
44 137 1
95 173 8
14 194 5
121 164 5
40 97 3
56 82 2
51 173 2
48 126 10
30 128 9
34 61 2
9 140 2
47 161 10
17 120 9
53 70 3
22 73 7
83 87 2
52 103 4
95 113 3
41 52 7
191 196 2
78 154 3
94 150 5
42 45 4
80 106 10
43 87 7
20 161 6
5 173 5
69 114 7
154 171 6
23 131 3
15 22 9
109 158 6
151 183 2
6 168 2
122 157 4
6 113 2
87 187 8
57 141 3
58 156 1
138 142 8
95 106 10
66 193 9
1 78 3
54 75 4
136 178 6
12 84 4
25 124 9
68 182 2
69 78 8
101 117 2
48 125 9
156 177 2
50 160 9
163 180 10
137 183 6
45 150 9
130 144 2
13 53 10
155 172 6
51 100 10
67 145 1
66 118 7
39 82 10
130 151 10
142 199 4
42 99 8
71 77 7
15 177 8
48 77 5
64 121 1
79 119 3
17 113 10
4 47 6
86 93 4
56 89 7
147 194 7
120 152 2
56 168 3
33 61 4
106 131 4
185 187 3
45 122 9
24 123 9
56 178 5
94 133 2
79 145 5
17 168 2
16 137 3
84 178 1
69 75 4
10 96 10
174 192 6
141 188 3
55 198 9
39 170 10
43 103 8
107 137 1
12 44 10
2 10 10
101 193 9
141 180 7
78 198 2
121 150 8
39 171 1
29 174 10
22 135 8
53 159 3
37 171 5
185 190 2
109 183 5
75 193 10
4 65 1
122 192 3
87 127 5
51 105 9
19 102 7
7 42 2
137 191 9
14 137 10
135 191 2
110 129 5
16 163 7
69 193 10
40 122 4
50 70 4
14 198 5
66 139 10
103 175 6
112 170 6
137 196 10
60 128 4
19 49 9
62 200 4
60 170 1
5 139 8
21 96 3
41 81 2
13 19 8
7 72 7
5 33 3
133 145 2
61 129 5
119 180 3
48 83 3
39 168 4
63 76 2
161 175 2
54 158 6
87 120 8
1 2 7
15 24 1
3 66 6
74 120 6
135 167 5
172 199 8
96 192 9
147 175 10
1 118 1
173 189 7
28 96 1
35 77 5
58 133 5
172 173 3
114 172 6
19 90 3
20 118 1
10 42 8
62 191 10
94 192 2
2 21 8
30 31 7
36 191 3
14 178 2
80 107 7
4 200 3
21 82 6
47 55 2
66 70 6
6 135 8
36 77 6
135 169 6
45 177 3
110 197 6
5 150 1
37 137 3
1 186 3
125 159 6
119 126 5
60 83 7
99 123 8
23 173 10
99 124 4
125 195 9
21 157 2
9 48 9
9 172 5
6 42 6
6 194 6
3 140 6
76 194 2
131 165 7
103 171 8
42 83 2
102 177 3
168 172 9
59 108 6
68 117 9
101 138 10
177 190 7
146 154 5
58 178 3
55 108 3
58 190 5
29 142 1
33 95 4
6 156 7
45 89 2
99 180 6
72 166 3
19 29 4
31 35 7
51 123 10
38 111 4
153 154 4
99 149 10
18 58 7
21 143 7
2 64 9
61 157 8
111 148 7
66 99 9
156 189 8
29 30 6
30 134 4
8 31 9
172 184 5
14 172 6
85 94 1
83 189 9
67 173 10
18 52 7
124 187 9
23 121 6
38 63 2
76 101 1
6 53 2
51 80 4
128 175 1
105 146 4
49 110 4
22 176 9
56 116 9
54 116 1
30 119 6
82 192 2
90 191 9
28 83 9
28 199 1
7 113 5
154 167 3
104 109 8
8 141 1
98 168 7
133 168 4
43 140 7
11 150 3
56 173 6
102 141 1
145 159 6
52 182 7
119 166 1
4 162 2
22 126 7
80 142 4
27 176 6
64 142 4
99 162 7
162 184 9
64 74 10
87 186 7
11 140 1
147 181 3
135 172 10
43 53 1
19 191 6
57 186 6
34 46 10
91 184 5
160 189 1
15 153 5
4 99 2
43 143 10
87 188 9
150 196 7
8 154 4
22 68 6
30 71 6
14 128 9
123 137 7
20 89 5
96 175 8
28 45 9
155 161 5
28 111 2
73 183 5
21 23 5
141 198 10
178 185 8
63 187 6
134 147 2
29 136 5
75 162 7
58 164 3
51 196 3
73 74 1
79 171 1
47 148 5
82 174 4
45 125 5
44 84 5
161 197 6
164 167 6
75 170 5
149 196 10
48 111 9
125 178 3
26 76 8
87 134 8
20 167 2
165 178 4
147 168 8
61 158 1
69 200 1
128 143 6
59 178 8
115 127 7
28 168 3
4 117 1
80 83 4
26 39 10
58 69 4
38 108 10
157 164 3
66 98 4
24 191 5
140 146 5
130 199 7
98 159 6
61 139 7
44 88 4
175 183 2
62 186 1
49 54 2
132 169 10
174 195 8
27 131 1
138 189 4
111 188 4
1 193 10
129 181 6
18 61 4
49 135 3
119 185 1
157 159 7
11 115 4
94 164 3
142 166 3
84 126 3
4 177 7
33 120 3
15 35 7
44 163 9
39 120 2
59 81 1
162 194 5
18 142 10
79 142 6
18 69 6
22 152 10
82 111 7
47 123 2
188 190 10
18 47 5
71 115 10
65 70 2
143 148 4
47 74 2
1 97 4
77 199 9
171 184 10
123 133 2
11 118 10
61 183 7
19 190 1
66 110 7
11 188 8
12 29 7
150 162 1
104 194 10
112 121 7
152 175 10
13 181 6
55 78 7
77 160 10
31 148 8
89 158 3
71 164 9
30 159 3
17 131 8
88 129 3
70 73 7
6 90 1
187 195 7
23 178 5
99 167 1
86 160 1
72 77 10
63 143 7
23 119 5
175 179 2
41 173 1
101 176 10
103 110 10
25 177 7
21 114 6
109 191 5
3 36 1
49 129 4
96 193 9
13 38 5
3 39 3
73 79 6
73 136 7
47 157 3
60 69 6
98 186 2
57 101 6
74 108 5
108 168 8
6 98 2
18 172 2
162 195 8
110 130 9
60 81 1
52 195 1
153 186 1
15 39 8
7 129 8
26 140 8
92 100 4
3 56 3
164 179 1
105 131 9
11 42 7
88 120 6
130 131 6
46 199 9
83 173 7
1 64 10
53 168 3
99 107 3
186 199 2
101 115 1
6 99 5
31 112 3
119 182 3
31 101 7
24 141 5
91 135 8
37 150 4
75 128 9
180 199 1
108 153 2
63 68 7
15 142 6
69 144 5
98 158 1
49 123 1
134 139 8
122 148 3
28 164 2
80 116 2
39 183 6
106 163 8
83 161 7
61 137 4
142 149 5
52 112 6
3 102 1
65 200 2
67 144 2
50 198 2
93 159 6
21 153 1
23 192 4
129 145 4
25 151 7
25 172 9
155 187 10
153 193 4
37 174 8
89 92 2
31 54 10
18 170 9
144 193 7
173 185 3
93 120 3
52 189 6
84 118 1
18 121 6
78 169 6
124 179 7
43 127 4
69 187 10
109 198 9
91 146 2
71 166 1
55 121 8
27 58 6
147 151 4
12 146 9
55 174 9
16 148 4
122 180 3
11 163 9
113 154 7
127 147 7
52 196 6
60 108 6
41 179 4
88 151 6
109 141 5
130 189 1
101 110 3
21 26 8
35 73 7
17 189 10
15 96 1
81 189 5
70 169 2
16 110 2
94 166 10
38 58 4
58 179 3
63 82 3
28 94 4
146 148 8
107 168 8
43 110 2
92 189 8
12 50 4
7 92 10
153 188 6
83 109 2
137 185 3
54 141 2
168 184 4
39 51 10
50 192 1
41 151 6
37 85 4
35 70 5
6 142 2
16 143 8
56 188 7
55 126 8
49 193 7
46 191 4
144 192 1
78 108 1
48 97 8
91 120 4
5 13 4
49 187 2
19 136 6
64 119 4
26 80 3
25 28 5
116 179 6
16 19 9
66 166 4
120 154 5
57 159 6
102 130 7
49 127 9
95 172 7
28 144 6
25 133 2
23 166 3
31 59 6
143 186 3
141 142 8
114 148 9
70 86 8
20 30 10
61 109 5
14 72 2
23 189 3
69 143 5
5 28 3
45 67 10
24 133 9
173 182 9
54 192 7
84 128 2
15 176 2
43 176 6
69 162 9
30 122 2
21 158 9
2 138 9
85 109 3
32 80 8
22 197 7
15 150 2
3 101 4
43 158 3
23 47 6
40 156 2
121 141 5
99 160 5
17 127 6
62 198 5
169 184 2
67 79 4
116 200 8
1 98 3
5 90 2
39 190 3
112 129 6
58 110 5
61 102 1
75 130 6
70 133 6
24 178 3
71 74 3
41 88 6
48 113 9
48 194 2
21 102 1
43 69 10
7 57 1
133 166 9
49 150 7
131 181 3
75 195 1
77 177 10
23 113 10
9 24 7
123 167 2
155 166 8
32 85 2
111 200 2
1 115 7
104 152 7
47 174 5
9 95 4
146 153 2
70 145 5
119 145 5
124 175 10
2 24 6
5 52 8
68 145 10
167 179 8
49 184 8
46 126 6
82 156 10
42 56 6
139 142 4
114 163 4
53 171 2
139 150 8
142 178 4
6 41 4
58 187 9
62 96 10
94 190 8
19 83 10
132 185 9
139 194 6
128 163 6
69 199 10
74 119 2
13 165 7
107 144 2
51 164 6
110 190 5
99 144 6
36 112 9
93 178 8
64 200 5
61 165 1
143 181 7
52 131 9
24 86 3
134 167 6
53 152 7
27 125 10
96 184 6
4 21 8
79 111 9
83 93 3
69 117 9
29 78 9
39 173 8
147 160 1
29 111 1
139 162 3
88 187 10
7 162 1
100 154 7
94 163 9
150 192 6
57 93 9
3 34 4
28 116 10
2 127 9
50 152 9
2 58 8
113 119 4
154 188 3
18 127 8
144 188 2
49 163 2
54 86 2
64 199 4
61 160 3
37 185 10
93 110 8
7 128 1
74 165 7
40 161 3
82 97 4
144 183 7
125 179 4
48 195 9
34 40 2
40 42 2
7 39 5
176 198 8
39 112 3
59 60 6
38 92 2
153 169 9
34 99 5
28 187 2
79 99 4
130 133 9
3 57 3
134 169 5
54 132 8
118 132 6
48 100 10
135 176 6
125 158 7
14 78 2
94 122 10
144 156 10
14 189 4
165 188 3
50 112 4
19 74 6
1 164 7
68 128 8
11 66 8
1 50 7
46 185 8
150 181 7
132 153 7
86 198 10
148 200 8
136 187 5
54 149 7
121 193 8
55 142 7
92 135 7
40 49 8
46 59 10
36 122 4
183 197 1
50 141 4
24 199 2
104 158 2
14 156 5
49 85 3
69 178 5
159 183 7
5 49 10
6 10 8
37 189 6
21 66 3
106 187 3
115 149 9
36 197 2
114 184 10
49 198 5
72 111 8
155 157 1
16 26 7
23 163 10
18 93 2
4 44 2
95 192 3
54 189 6
50 107 3
46 55 9
93 119 1
18 68 8
8 159 2
42 170 5
7 137 10
1 23 5
104 112 8
29 71 8
51 70 1
134 150 2
15 17 8
78 188 10
112 185 7
13 51 2
35 137 2
142 173 3
62 65 8
44 196 1
13 14 4
126 181 5
67 159 6
12 115 7
49 75 10
30 136 8
119 171 5
138 165 7
117 152 1
22 72 5
104 199 6
151 165 7
20 175 1
123 181 2
136 189 2
91 127 7
134 194 4
37 196 8
48 159 6
10 34 4
23 29 5
128 132 2
189 198 9
61 187 6
80 174 3
33 50 6
79 104 9
14 155 3
108 185 9
86 168 5
128 182 3
4 125 9
33 200 6
59 102 10
167 177 5
21 180 3
15 93 6
136 147 7
46 114 7
142 171 4
72 120 3
39 90 8
8 116 1
159 182 9
71 178 10
10 98 8
87 131 10
59 115 10
125 173 6
37 149 5
26 126 8
78 183 5
109 137 8
159 186 9
14 76 6
75 155 7
125 200 1
1 145 4
46 106 6
72 99 10
20 99 3
31 70 4
7 52 1
106 115 6
102 129 4
130 191 2
192 200 6
87 159 7
142 176 2
72 169 3
47 72 3
17 143 2
21 56 1
40 178 1
26 174 6
108 198 1
96 122 4
59 159 9
54 97 10
38 147 10
34 168 7
34 182 6
57 147 9
162 189 1
94 96 7
53 172 9
62 92 9
64 115 10
31 33 4
44 49 3
82 136 9
151 162 10
5 111 6
30 54 1
54 78 8
87 152 2
17 29 7
41 62 1
116 121 6
30 59 6
52 75 7
136 137 5
36 156 7
128 195 4
104 126 9
110 195 10
77 87 10
8 28 6
127 133 3
121 125 4
26 173 7
132 200 10
89 90 6
130 179 2
65 100 3
7 53 9
41 144 3
121 143 4
151 176 5
57 80 5
2 60 5
77 159 3
18 34 10
17 71 9
86 109 6
59 180 2
96 145 1
133 167 10
42 93 5
37 128 3
140 156 5
3 187 6
3 67 10
21 183 6
53 110 7
22 63 1
58 89 5
22 105 7
3 129 4
49 62 4
37 183 9
14 120 1
17 134 6
27 181 5
113 129 3
42 105 10
12 160 6
129 193 9
42 184 7
99 155 7
1 17 4
37 118 4
49 189 2
87 111 5
46 171 3
16 74 8
50 73 3
101 197 6
131 154 6
136 143 10
86 189 5
136 165 1
25 95 5
87 128 8
33 183 3
73 161 1
62 67 5
57 180 7
10 140 7
57 124 1
136 196 2
21 198 4
183 185 9
3 8 2
79 166 7
137 157 1
28 160 7
95 122 8
73 124 2
19 34 3
126 184 5
94 134 2
144 163 8
69 185 1
44 90 10
12 187 4
7 175 3
42 168 4
41 49 7
82 151 2
138 176 1
16 93 2
90 107 8
39 114 10
91 97 5
31 158 8
119 165 6
3 127 4
111 180 6
68 87 5
137 155 5
20 108 5
78 133 8
54 109 3
19 199 8
25 158 6
53 130 8
54 153 9
147 166 5
128 155 8
71 95 9
8 162 3
52 186 9
112 134 8
63 99 1
116 131 3
92 101 2
38 138 4
85 124 2
21 121 6
155 159 2
7 154 1
28 137 5
152 179 3
45 140 8
172 183 5
52 144 5
85 188 1
37 43 3
99 121 1
9 168 8
43 154 6
43 200 1
29 195 8
29 31 5
37 104 2
20 180 9
78 180 10
188 197 2
9 147 2
11 88 10
90 161 8
168 182 3
29 151 2
86 172 10
56 73 8
34 159 1
20 145 5
30 171 2
1 26 4
51 127 7
17 54 10
21 53 9
86 110 4
15 123 2
91 131 8
76 87 10
49 84 5
104 200 6
128 152 4
122 183 7
31 81 7
82 185 7
42 97 7
137 176 1
119 134 4
22 48 7
49 96 8
105 181 4
88 133 9
9 192 8
41 53 10
54 184 9
48 132 8
33 103 2
5 30 5
14 79 7
113 165 4
8 104 5
18 179 4
101 194 8
91 148 7
18 198 4
76 141 8
82 114 4
22 66 10
136 199 1
78 86 8
89 198 9
36 158 4
163 164 10
122 173 10
91 152 7
104 177 4
73 181 9
81 190 6
21 176 10
45 184 1
103 184 3
185 186 1
163 175 4
35 196 3
10 50 8
16 94 1
36 73 5
90 177 9
54 126 6
10 188 5
133 194 3
69 176 3
87 154 1
90 144 7
61 65 10
49 160 10
28 110 1
79 182 7
155 194 5
74 82 6
165 181 5
66 79 6
164 171 7
107 128 3
34 155 2
138 196 1
39 50 3
44 71 4
84 146 7
98 154 8
5 177 10
8 103 8
54 96 2
108 111 7
117 159 5
25 137 5
75 151 5
25 167 8
119 162 3
3 163 10
70 173 8
67 78 10
10 67 5
36 148 5
135 175 2
3 182 3
26 120 6
17 147 9
132 183 2
175 176 4
14 105 5
114 175 6
170 175 10
35 66 9
24 124 1
130 185 8
18 157 4
26 52 6
26 182 7
101 167 4
110 158 4
102 156 8
108 113 5
43 162 8
37 186 9
122 163 7
1 200 2
74 77 5
173 200 2
53 113 6
10 117 6
17 32 3
9 199 3
42 81 1
67 114 7
130 158 9
97 108 6
16 67 5
54 152 8
90 186 10
86 132 8
71 142 4
96 127 2
48 72 3
65 176 10
95 115 9
25 126 3
67 110 3
7 99 8
37 199 3
76 121 9
46 115 5
87 93 10
101 124 1
60 97 2
35 138 8
45 97 8
181 197 10
148 167 9
26 72 3
88 90 8
140 182 6
88 170 9
62 181 2
116 156 7
56 134 8
62 178 10
44 181 3
38 115 5
98 187 8
33 118 8
14 197 4
22 169 6
16 126 9
5 6 2
24 59 5
18 111 1
147 188 10
129 162 7
35 96 6
79 107 4
26 37 7
178 186 3
10 77 5
34 80 4
59 70 10
49 156 1
72 87 9
88 141 6
11 181 4
102 140 3
35 111 1
15 83 4
70 103 1
8 26 4
139 149 8
140 170 4
67 107 7
33 123 8
64 195 3
47 176 3
57 145 2
51 64 1
101 131 8
10 29 7
11 38 8
25 52 9
171 187 1
18 90 10
112 128 6
37 68 3
153 176 2
127 160 4
13 140 8
98 157 10
175 194 4
64 79 9
117 177 10
66 112 8
8 109 4
87 150 8
15 191 10
37 58 4
113 150 1
63 87 1
88 127 3
11 13 2
29 169 4
8 144 8
83 116 5
27 150 2
26 175 9
148 152 3
137 156 7
168 180 10
71 137 2
62 86 1
4 14 1
170 191 3
111 168 2
27 97 4
118 161 8
27 44 8
75 96 10
87 139 3
20 69 4
96 146 8
12 196 2
136 156 5
3 174 7
13 37 1
40 64 4
17 18 3
126 168 3
84 150 10
55 133 1
91 96 10
140 169 8
53 105 8
19 47 10
31 143 10
65 118 6
48 158 6
65 185 5
153 174 1
19 135 9
38 148 6
25 38 3
127 170 8
82 178 3
30 153 3
54 114 9
39 198 4
51 65 2
113 145 3
97 138 4
17 148 2
1 81 9
12 28 9
37 100 10
58 63 4
17 105 2
104 141 7
2 87 6
30 105 10
49 153 4
26 178 1
15 48 2
159 177 6
90 150 3
23 170 6
17 149 3
61 63 2
71 196 9
13 20 10
38 122 3
18 196 7
4 122 7
40 157 10
110 137 8
48 84 5
2 89 6
65 79 5
7 58 6
47 84 3
69 95 7
44 78 10
6 60 4
6 58 8
54 147 6
22 89 7
61 64 5
157 185 1
7 173 10
134 200 8
77 178 10
32 164 4
70 143 6
41 48 10
70 104 10
21 165 3
50 78 8
59 139 5
63 176 6
93 97 5
29 76 5
48 99 7
92 171 2
15 197 10
138 174 7
106 196 3
58 107 8
7 110 9
66 143 9
59 135 9
124 164 9
1 138 8
72 91 1
12 163 5
109 147 8
98 114 1
75 120 9
79 137 5
21 62 6
49 154 3
51 189 6
116 188 1
120 186 1
13 82 10
59 162 8
9 178 6
96 117 3
75 184 7
11 158 9
115 131 10
40 90 4
24 200 8
4 85 2
25 67 10
91 103 5
22 120 10
115 172 7
135 142 9
121 159 8
12 42 2
56 108 3
42 182 3
43 141 2
34 70 5
92 165 4
113 169 3
48 81 9
76 134 3
67 190 1
47 88 7
50 136 7
75 123 2
80 139 10
25 90 7
70 115 4
45 129 3
67 124 7
17 94 5
77 149 1
53 140 10
4 79 2
45 200 5
9 114 7
9 145 8
7 131 10
10 55 6
170 199 2
105 114 3
1 157 6
52 128 8
72 125 4
126 173 7
20 192 4
19 148 9
70 87 4
36 178 2
89 146 8
120 188 3
11 21 8
150 185 8
135 151 10
121 124 2
98 163 3
132 163 9
87 132 6
12 151 2
49 170 10
131 156 6
11 63 2
83 200 6
60 87 8
102 134 7
66 111 7
41 183 6
73 174 5
70 176 10
22 27 4
158 173 8
16 85 2
2 84 9
12 68 9
101 145 7
75 138 6
149 155 2
138 182 8
32 174 9
18 114 1
196 198 4
47 92 7
2 36 1
124 143 4
81 108 9
41 127 6
16 25 4
161 184 3
42 122 5
2 114 9
87 144 8
119 195 7
21 172 2
63 184 3
63 166 9
30 180 9
28 174 3
26 130 9
37 141 7
24 142 4
116 199 8
137 151 5
27 157 10
61 140 6
88 149 9
49 100 5
14 164 7
20 152 5
30 33 7
93 150 7
52 60 9
62 182 1
83 192 2
24 95 5
11 127 4
32 181 5
30 112 3
42 187 2
54 164 7
86 101 6
18 193 8
67 72 10
40 133 9
34 176 9
57 84 1
77 155 7
38 83 6
91 106 7
73 121 9
160 181 5
54 137 10
133 164 1
48 170 6
164 193 1
23 83 3
68 73 10
34 71 9
174 178 3
44 192 2
22 54 2
82 99 3
114 132 9
59 138 10
44 170 7
30 43 1
85 154 2
76 159 2
177 196 8
100 174 1
111 130 10
53 91 2
68 149 1
67 171 8
25 44 8
75 108 7
96 190 10
128 181 1
25 97 5
55 180 3
133 135 9
23 30 1
31 176 1
54 166 10
44 75 10
54 94 6
37 115 4
56 98 1
157 158 3
7 159 4
124 149 6
38 196 5
109 189 10
34 193 6
52 175 4
93 187 2
70 91 9
16 59 7
35 186 4
49 146 2
128 162 8
65 151 4
126 143 9
45 78 8
46 91 5
14 97 9
77 106 6
22 108 7
77 183 7
93 163 7
78 122 5
68 70 7
97 147 9
29 122 5
141 148 5
13 163 7
161 173 9
29 54 5
3 98 10
132 192 2
73 137 2
6 49 8
90 165 8
1 178 5
15 61 2
121 160 8
117 137 2
37 117 5
150 190 7
70 137 2
75 141 2
67 85 10
37 77 2
49 186 8
33 55 3
43 131 6
7 176 10
155 179 8
6 79 2
17 123 10
52 163 10
77 197 3
50 173 3
52 56 8
21 54 3
30 127 5
23 84 6
75 169 4
16 150 9
87 149 10
131 189 7
69 136 5
160 185 5
41 139 1
61 132 7
51 95 4
16 62 10
101 130 10
13 21 6
2 74 9
16 131 4
9 118 8
111 194 2
92 200 5
3 180 1
45 48 7
96 178 5
68 120 1
141 145 1
96 115 4
122 142 10
87 126 9
154 179 9
43 173 7
48 105 10
59 200 6
127 166 4
105 177 2
48 62 1
138 199 8
34 174 4
128 137 10
44 65 8
77 136 3
9 29 3
26 155 5
90 133 2
100 171 2
64 190 5
105 130 1
49 70 5
84 135 9
171 174 9
9 126 9
8 185 5
18 107 1
122 172 5
52 132 7
5 161 9
128 165 4
18 146 5
96 125 4
166 180 10
38 121 4
141 182 7
29 69 8
33 101 3
35 51 6
101 188 10
5 151 2
98 107 6
3 191 3
106 158 10
68 174 8
29 194 10
47 145 7
145 170 5
145 157 5
90 92 2
21 111 9
141 151 3
172 190 4
8 62 7
112 154 5
65 69 7
8 91 3
30 193 10
10 122 3
34 173 8
142 192 9
16 102 10
126 178 3
66 95 4
117 145 6
83 162 7
34 51 10
11 116 1
113 156 10
49 95 10
138 170 7
20 24 4
97 187 1
7 26 4
94 119 7
117 193 5
78 170 8
121 190 4
64 169 7
27 148 7
1 152 6
32 176 9
19 103 8
3 192 8
121 122 7
1 36 7
33 171 10
40 71 4
46 125 7
7 51 7
163 187 2
178 180 9
43 198 10
87 192 2
116 140 7
149 182 7
168 194 10
14 125 5
101 196 1
91 149 7
36 166 6
22 59 9
13 107 10
57 195 3
4 133 5
65 168 1
90 94 10
115 160 4
7 122 6
154 155 6
130 181 3
63 177 4
19 78 1
135 178 5
2 170 2
103 195 3
54 68 3
75 154 5
17 172 7
59 131 4
16 194 1
63 66 2
103 138 4
51 200 5
143 193 4
98 145 2
152 174 2
38 123 8
34 73 2
18 37 10
104 167 6
34 146 3
43 151 8
15 184 5
127 182 9
60 105 1
26 30 6
28 139 8
30 187 6
5 96 2
60 61 9
115 190 3
67 178 6
101 181 8
50 66 8
182 191 2
13 26 5
63 196 7
21 116 5
138 166 4
139 169 8
126 130 1
2 82 1
17 187 1
69 98 5
132 144 1
77 195 3
84 85 6
163 181 9
67 188 2
153 170 1
54 179 5
7 43 8
64 76 3
41 45 10
27 122 6
110 141 5
2 112 9
52 172 1
115 186 8
92 166 3
22 199 10
83 103 7
55 179 5
63 137 1
4 184 5
40 80 1
76 112 6
137 194 9
43 54 5
69 111 9
12 166 7
42 49 2
87 122 3
23 71 4
56 187 5
28 154 2
1 7 6
34 50 5
36 103 6
83 198 8
2 69 2
112 135 10
41 178 9
109 132 5
71 163 1
7 153 3
23 27 2
118 198 5
12 136 1
120 136 1
39 70 5
10 123 3
1 16 4
83 84 1
146 184 2
32 66 9
28 183 6
86 94 8
149 173 8
29 118 4
152 171 6
29 133 10
128 173 7
3 149 9
14 111 2
76 130 10
128 174 2
105 153 8
79 97 9
88 113 8
119 184 7
77 163 3
32 119 8
19 195 10
14 77 2
57 63 2
140 189 2
7 81 6
7 64 3
147 182 10
151 185 5
84 108 8
107 163 8
45 113 2
3 35 9
132 176 4
50 186 4
68 69 8
21 159 6
3 82 5
49 112 10
55 66 4
26 63 6
130 163 6
118 139 10
39 106 10
46 96 5
6 187 5
19 30 8
60 90 6
183 187 8
123 165 1
125 163 3
39 131 2
111 144 9
116 126 4
78 113 3
124 158 2
36 152 1
34 177 2
111 157 5
151 192 1
6 109 5
24 154 4
73 127 10
32 151 2
173 199 4
7 197 4
16 119 2
103 168 2
114 116 8
22 51 8
74 130 8
7 37 3
3 55 1
129 155 4
6 115 1
10 156 2
32 36 1
38 95 9
1 111 5
27 83 4
50 61 10
96 102 9
155 175 5
16 46 4
62 124 8
13 15 10
162 172 2
5 130 10
75 197 9
39 45 5
52 170 4
10 187 10
124 128 4
67 90 4
153 184 2
146 177 6
45 59 5
76 186 3
107 142 10
20 82 4
73 114 1
143 145 8
85 185 3
64 154 2
113 126 6
23 135 10
69 103 9
115 129 2
76 197 10
11 87 6
20 133 7
122 143 4
49 51 4
143 153 4
41 184 2
17 41 10
64 69 9
68 191 4
115 156 4
43 50 6
91 151 7
160 168 2
65 76 4
37 54 9
6 170 4
67 193 2
129 165 6
101 182 8
49 103 5
72 107 1
23 198 10
82 169 4
119 151 1
54 76 6
14 19 9
68 163 6
140 154 6
67 187 7
17 194 10
123 173 6
148 149 6
82 166 10
135 173 4
79 144 6
62 163 9
169 174 10
82 92 4
15 160 2
63 170 2
119 140 4
126 190 3
125 139 8
14 30 8
145 162 10
75 76 7
127 146 7
20 100 10
70 168 6
134 161 8
24 113 7
36 182 6
71 88 9
124 151 5
121 146 6
142 157 3
12 154 5
164 168 6
27 194 7
35 139 2
32 188 3
69 107 10
78 149 9
29 56 2
17 110 10
43 77 9
29 143 4
64 175 7
145 195 10
11 106 2
139 196 8
2 141 2
60 148 7
2 165 1
6 188 4
125 181 10
125 134 1
9 59 8
20 85 7
28 128 2
62 119 2
95 151 10
43 68 3
39 91 2
29 172 7
29 154 9
177 192 10
72 136 10
150 152 7
20 64 7
44 151 4
56 94 4
6 132 7
40 177 10
128 157 10
65 93 2
51 198 3
142 163 4
31 153 4
124 163 4
17 112 8
1 148 5
104 179 9
74 95 3
142 194 5
55 80 5
92 99 6
63 174 8
28 102 8
93 192 7
11 99 6
35 91 3
169 183 7
93 140 4
50 71 8
33 108 6
154 181 8
73 170 5
139 160 9
184 193 2
159 195 8
52 169 4
135 190 5
3 94 3
170 176 5
97 169 4
6 24 6
106 150 1
46 77 9
94 117 5
121 148 4
81 111 6
12 131 5
114 195 3
101 149 3
117 199 3
44 161 3
130 197 2
98 171 8
26 47 2
163 184 6
94 182 4
99 151 2
10 155 6
43 123 9
17 181 5
76 162 4
190 197 6
70 134 7
64 99 5
102 155 7
4 150 7
134 171 1
6 76 7
40 165 5
124 157 5
57 75 5
143 167 3
81 83 3
37 41 10
56 121 1
18 46 2
57 173 4
57 179 1
9 132 7
57 172 1
51 140 8
60 65 7
52 133 2
65 196 8
133 147 2
88 107 7
60 117 2
143 154 2
58 195 9
51 134 3
78 190 3
35 43 5
5 44 5
54 196 7
82 143 2
9 148 1
158 169 4
56 63 6
57 156 6
124 161 8
77 99 1
7 165 6
58 72 9
33 90 7
59 118 4
168 195 7
11 100 5
84 120 7
137 167 4
20 76 9
1 12 3
25 153 1
28 126 10
87 174 8
3 72 8
93 188 2
16 193 3
132 180 2
26 136 7
81 199 2
176 178 7
63 193 10
66 142 2
30 154 3
26 164 7
10 191 1
45 185 2
69 175 10
5 163 3
23 188 1
16 146 8
151 158 8
43 93 6
145 188 1
8 25 5
121 131 5
27 189 1
60 96 10
5 15 4
27 168 7
88 101 7
53 134 4
11 157 7
89 148 7
106 146 9
92 188 9
62 173 8
33 149 10
4 58 2
75 93 4
1 163 5
46 84 1
81 197 1
62 120 7
64 163 9
28 86 4
131 161 2
31 78 1
15 162 2
87 138 1
49 132 4
130 164 5
5 51 8
36 138 3
120 139 5
4 81 3
104 172 1
59 113 10
140 157 2
87 185 3
71 138 1
104 187 3
66 157 9
123 148 1
10 88 4
137 148 10
25 58 10
113 164 10
118 173 9
34 66 7
33 81 10
32 88 4
138 146 2
17 81 10
87 181 6
138 181 10
135 189 8
47 141 10
142 179 9
132 139 1
51 55 7
142 193 6
5 175 3
54 131 2
161 188 7
97 122 5
56 146 8
144 198 3
72 170 5
68 164 2
94 132 7
141 192 3
176 189 3
110 134 10
27 50 2
117 156 6
19 160 6
79 120 10
18 79 2
26 196 5
32 132 3
91 109 3
3 48 2
144 170 7
25 103 5
28 184 10
109 154 4
25 197 1
89 127 4
73 150 9
66 81 10
98 170 2
178 187 1
44 200 1
1 161 9
18 188 6
59 76 6
128 193 10
99 129 6
32 146 6
21 175 5
20 21 8
26 113 3
125 137 1
90 145 3
55 96 9
72 147 1
119 181 9
65 90 10
149 189 4
89 115 3
31 72 8
60 102 8
83 134 7
19 25 6
15 122 5
41 180 4
53 96 3
48 185 2
76 85 7
129 163 7
111 135 6
125 196 2
34 131 7
115 135 4
145 152 1
3 136 5
94 188 8
36 59 9
90 98 4
106 200 3
51 110 8
7 114 3
34 181 1
185 191 7
74 111 5
131 178 7
75 125 6
33 79 8
37 74 7
100 168 2
46 119 4
163 177 7
13 106 5
57 99 1
36 181 8
129 180 8
147 180 7
55 169 3
31 85 1
16 50 4
53 108 1
77 161 2
99 130 6
106 154 10
102 163 10
100 128 1
61 73 6
34 104 10
5 32 2
32 82 5
30 70 8
57 94 4
103 178 6
11 31 9
74 141 4
54 117 7
88 124 10
66 121 9
11 48 3
47 125 3
173 193 6
98 149 1
27 123 4
71 198 7
9 170 6
54 138 10
40 101 10
168 191 2
85 99 7
88 128 4
71 116 1
59 145 5
158 167 2
94 145 9
122 129 10
58 119 2
117 168 9
26 121 9
34 171 5
54 101 1
142 200 1
82 172 10
32 83 3
15 94 3
142 147 9
48 199 8
29 158 5
9 165 10
7 102 5
102 193 4
92 158 10
26 148 8
41 95 1
1 181 6
70 78 10
96 191 10
167 196 10
61 69 9
16 91 8
52 78 1
82 190 9
150 180 8
22 166 9
99 120 2
98 124 6
58 100 8
8 90 7
88 134 8
36 82 5
17 183 4
50 96 1
72 98 5
56 138 9
86 114 2
29 125 1
91 112 10
66 123 3
42 190 7
51 190 7
146 189 5
51 161 1
132 141 9
35 44 4
10 168 6
10 162 5
130 159 1
85 146 3
119 167 7
153 166 8
151 181 4
34 65 8
98 185 10
112 149 4
164 182 9
38 116 1
89 199 6
63 91 4
125 182 1
46 113 3
121 176 8
34 194 4
59 165 10
18 129 4
62 136 2
99 192 3
58 112 9
64 189 5
6 111 1
27 69 6
2 97 1
103 122 10
60 156 10
94 153 7
66 172 3
48 64 6
46 79 6
67 108 4
150 171 6
35 105 9
110 191 5
75 82 5
36 41 4
47 172 1
32 49 1
66 92 2
15 23 1
61 108 8
36 128 9
147 157 5
155 188 6
94 185 9
113 173 6
153 165 3
53 179 8
162 175 2
1 182 3
101 104 10
6 91 9
86 131 1
108 120 5
107 153 8
74 132 6
12 63 2
31 93 4
20 151 5
147 171 8
80 138 2
2 40 5
136 185 2
161 163 6
65 189 2
70 71 5
8 42 2
108 109 9
43 135 10
23 179 10
81 135 10
107 125 10
1 185 2
86 166 7
8 118 4
1 99 6
9 191 1
26 179 8
193 195 8
21 103 7
155 171 7
67 143 6
111 165 7
68 171 2
142 191 6
102 157 7
4 20 9
115 136 6
24 135 10
68 156 7
25 199 6
184 197 10
82 124 2
75 142 2
23 36 8
126 199 5
77 85 1
65 126 10
30 160 7
37 177 2
57 106 6
30 36 9
124 169 10
78 146 5
12 144 3
24 63 10
10 62 7
72 114 5
43 180 4
51 56 9
59 157 1
17 44 5
39 97 4
3 167 1
174 196 9
42 60 1
70 122 8
11 180 3
30 147 10
41 60 7
20 41 9
64 118 4
186 194 10
31 140 4
117 146 3
126 183 9
49 80 6
120 180 8
5 61 8
107 200 3
189 192 5
59 168 9
21 156 1
147 193 4
42 144 2
119 200 5
25 35 9
128 148 7
62 66 3
58 175 10
48 163 2
30 75 3
73 129 2
19 79 4
67 192 8
84 163 7
45 91 2
165 189 2
37 49 6
70 117 3
170 184 6
95 140 3
57 200 3
10 174 10
100 131 2
62 100 2
71 111 5
44 197 7
120 161 1
1 51 2
5 112 7
1 188 9
68 175 1
40 81 5
67 163 4
47 126 1
69 132 4
110 140 8
70 74 4
22 150 10
40 129 7
37 96 4
74 154 2
145 185 10
31 150 8
66 107 1
97 117 3
31 155 4
85 115 6
60 62 10
6 146 8
45 192 7
28 78 2
68 108 5
109 170 10
42 131 9
60 147 6
29 41 5
53 178 4
52 125 5
7 77 6
116 191 2
180 188 9
11 33 1
143 196 1
42 145 2
4 78 6
11 91 2
25 32 4
49 188 7
58 116 9
82 132 3
59 133 4
57 68 9
17 75 5
38 142 2
94 123 2
150 191 7
77 200 2
75 185 3
56 110 9
25 51 1
26 149 4
107 176 1
81 148 5
21 144 3
129 169 9
25 62 7
48 95 6
41 108 2
74 151 10
42 111 3
37 109 8
158 178 10
111 179 9
76 91 5
4 105 10
9 94 10
25 46 2
47 192 4
15 113 5
76 111 3
23 183 6
13 158 7
125 133 4
13 189 2
113 141 8
29 188 4
88 176 3
22 93 10
6 149 1
141 162 5
135 186 6
10 94 6
89 135 8
135 193 5
95 167 8
18 102 2
19 177 4
52 199 1
29 73 7
69 195 10
32 120 9
8 96 2
32 165 1
49 172 9
66 141 1
80 94 6
91 156 4
28 46 7
53 125 2
19 145 8
52 119 2
2 148 6
39 152 10
61 95 10
18 117 5
1 37 2
33 177 9
35 163 10
6 78 1
19 39 10
74 90 10
74 166 7
1 82 5
46 179 4
48 166 9
142 164 9
151 186 6
161 168 9
67 68 9
122 197 4
37 97 6
3 159 3
139 179 8
73 166 4
137 143 8
41 164 2
174 184 1
16 73 7
59 151 3
45 56 2
181 198 1
72 96 3
146 163 1
48 82 8
50 159 9
16 120 3
102 108 10
13 18 5
88 168 5
81 150 1
102 184 1
14 49 6
67 168 2
180 193 1
106 135 7
138 152 9
93 138 5
45 175 2
5 39 4
5 144 7
33 143 6
36 145 9
44 73 2
146 156 9
118 186 6
64 146 3
15 43 10
62 108 2
128 136 2
120 165 2
10 27 10
71 193 9
190 192 3
116 197 1
150 187 8
146 200 4
61 119 3
112 176 8
103 165 4
75 148 4
77 154 8
87 130 6
32 200 3
10 78 9
12 20 3
101 123 7
113 118 2
109 113 3
10 164 8
47 182 8
79 165 5
93 108 2
2 61 9
47 191 6
42 106 1
177 183 4
30 135 3
100 173 8
57 165 10
75 83 7
164 200 9
11 122 5
24 49 7
22 177 5
42 79 1
63 100 5
60 71 6
161 192 9
158 174 7
29 185 10
27 147 9
52 181 4
65 107 9
93 121 1
168 179 8
3 114 9
109 124 5
34 75 8
44 66 7
24 42 4
58 169 1
41 105 9
1 52 5
27 121 3
106 125 3
140 185 4
142 184 2
52 120 3
34 139 7
130 139 10
26 89 4
48 153 4
84 177 5
29 65 1
55 196 4
26 53 7
14 169 4
43 171 9
45 102 1
53 75 5
88 196 4
15 87 7
70 175 1
24 103 10
56 88 7
151 169 6
12 74 2
22 28 6
43 145 10
48 98 1
19 75 9
113 124 4
78 127 6
25 112 9
86 128 5
73 180 1
75 177 9
81 126 1
22 78 1
7 109 10
99 108 7
21 106 8
32 178 9
104 115 5
172 192 10
34 137 10
137 150 10
32 40 4
36 117 9
77 128 6
80 110 6
120 164 8
90 96 1
22 83 9
6 70 2
126 156 7
30 144 3
125 155 2
12 176 2
45 163 9
42 90 3
25 140 7
67 73 2
24 179 1
136 142 4
152 180 3
81 164 3
147 156 1
66 131 4
155 197 4
150 177 4
76 105 7
78 139 2
104 130 6
110 114 3
88 103 3
78 192 9
29 57 2
18 169 6
156 181 8
92 131 6
28 117 1
124 197 9
5 154 9
101 175 2
25 33 1
18 161 1
27 91 2
42 78 10
40 56 5
107 165 3
25 29 7
67 164 8
37 107 8
140 194 1
69 96 4
6 67 4
100 120 7
19 86 1
42 120 9
152 181 5
10 108 2
11 147 3
157 172 5
57 87 1
46 142 2
40 60 6
82 162 10
92 168 5
106 159 5
41 98 9
40 131 4
9 180 1
113 114 1
105 126 7
134 157 1
20 72 9
148 192 4
60 163 4
47 108 2
86 199 1
65 88 4
36 100 5
13 109 1
45 182 2
95 135 4
60 66 4
40 103 8
10 192 8
8 69 9
39 85 1
32 104 9
71 190 6
23 157 1
160 188 4
1 34 9
157 183 3
125 129 7
65 132 6
52 81 5
37 87 8
171 186 9
53 139 7
5 86 6
76 200 10
45 134 8
7 174 2
103 187 2
104 161 8
96 160 5
130 200 1
72 88 9
62 139 2
37 169 6
91 124 6
63 111 2
185 192 4
65 155 2
75 121 10
137 175 3
56 156 7
55 186 1
59 64 8
43 67 4
99 190 5
17 35 8
19 165 4
2 181 4
78 83 1
89 182 6
61 106 8
170 180 7
40 164 2
89 144 2
35 81 2
73 111 9
41 154 5
45 191 10
155 193 5
45 162 3
2 73 5
73 96 1
21 58 6
103 193 3
29 130 8
114 170 6
40 143 10
9 127 5
3 158 1
160 163 7
112 186 10
104 133 7
45 139 7
158 166 1
105 178 2
28 60 2
83 158 9
15 62 4
21 24 1
77 93 8
109 184 10
14 108 5
150 173 10
28 143 6
117 144 4
139 192 7
11 12 5
34 37 7
97 155 7
8 177 6
33 134 7
59 123 6
118 181 3
120 185 5
40 78 9
59 158 7
12 61 3
140 186 7
33 186 1
22 102 5
36 69 4
57 198 5
113 186 7
70 153 1
21 147 8
75 182 2
17 111 5
69 160 2
4 38 8
29 113 2
54 156 4
43 111 3
87 118 6
109 150 8
88 185 4
108 173 1
18 24 4
4 77 6
140 195 4
34 68 6
23 147 10
74 102 9
84 188 5
107 123 3
6 114 1
48 142 10
160 165 6
141 169 6
69 166 1
28 40 5
68 200 7
144 191 7
72 177 8
8 113 7
55 178 5
43 64 9
9 87 9
4 56 2
44 186 10
71 102 4
98 174 6
19 154 6
100 117 8
37 146 10
10 144 1
4 51 1
26 35 6
4 83 8
54 157 10
117 134 5
109 161 4
132 184 3
79 127 8
3 125 3
52 54 2
47 150 9
47 93 9
40 134 6
74 152 8
78 136 8
50 129 5
31 130 4
184 187 6
53 121 1
67 194 8
89 131 6
80 117 6
15 130 1
29 64 9
108 135 3
58 68 3
65 136 6
27 46 2
26 176 1
112 136 8
60 100 3
10 149 7
154 174 1
55 112 2
163 167 3
24 116 4
54 193 1
28 63 10
81 93 8
15 181 1
9 38 9
37 127 4
64 106 6
13 161 6
173 176 7
13 133 10
160 192 6
20 94 1
36 85 6
147 158 4
43 61 7
74 124 8
120 156 3
20 191 3
165 179 2
118 143 9
87 135 6
12 140 7
101 185 2
79 129 3
175 184 2
7 135 6
135 136 1
58 124 3
54 171 1
63 145 4
87 178 4
65 103 2
57 69 6
34 117 8
141 191 4
127 190 1
26 123 10
21 72 8
15 152 4
1 4 1
82 158 9
153 160 5
39 178 7
116 146 10
133 172 4
9 88 4
37 156 4
58 73 9
4 34 4
16 29 2
52 109 10
5 18 3
46 76 6
2 154 2
103 109 3
183 200 6
196 199 2
90 113 8
11 151 6
14 139 9
87 143 9
38 149 8
6 182 7
71 172 7
60 169 8
83 123 3
74 133 2
115 152 7
49 90 4
18 103 4
120 167 7
125 147 5
81 110 6
35 177 9
43 122 3
102 137 4
77 96 8
3 132 10
7 124 6
34 92 9
70 163 4
94 184 1
38 140 10
44 168 7
5 156 5
65 104 5
38 87 1
36 39 3
120 172 3
67 146 5
49 182 7
112 199 3
143 198 1
50 149 5
158 198 9
147 155 5
120 197 7
82 125 3
133 195 2
14 18 9
125 171 10
14 21 5
98 183 9
54 55 4
139 145 5
1 92 5
91 105 8
1 130 6
11 104 8
78 164 1
41 163 7
7 172 4
36 200 8
31 49 7
2 14 8
88 108 5
66 105 7
85 180 5
28 100 8
13 200 3
42 84 4
137 177 4
92 104 6
72 178 3
55 155 6
46 109 4
21 37 6
110 164 10
89 129 7
7 187 9
96 107 8
105 179 10
41 188 1
115 171 7
1 183 1
15 180 4
67 138 6
80 195 7
121 149 7
97 148 5
138 151 2
50 94 5
19 95 10
24 80 10
55 135 8
73 76 4
51 197 3
48 154 8
30 63 4
99 134 6
37 145 2
8 10 5
36 125 4
111 193 5
112 159 8
3 111 6
135 147 1
33 189 1
92 116 4
19 169 1
143 185 8
73 112 6
81 174 9
60 191 7
46 159 3
50 109 6
71 181 2
18 137 6
45 118 3
167 190 9
187 199 9
56 102 8
41 156 3
69 198 7
16 28 1
3 19 5
1 62 7
59 144 3
89 184 7
158 194 2
114 159 5
134 151 2
107 127 6
131 197 5
81 90 3
150 165 4
19 67 4
51 169 3
79 141 2
48 188 10
33 80 6
35 160 2
4 41 8
41 187 3
28 142 3
54 163 1
16 195 3
90 173 5
78 89 1
93 109 8
42 66 10
107 177 10
134 178 6
71 92 5
30 140 9
60 200 1
29 120 4
16 116 10
9 179 6
65 111 3
72 152 3
101 118 8
64 152 2
49 126 9
147 186 4
119 191 9
95 97 6
143 169 2
114 134 1
25 94 2
32 93 5
12 159 4
45 155 5
93 199 3
47 183 6
34 54 10
27 72 1
103 177 1
9 23 5
37 197 2
102 187 8
9 89 5
118 167 3
76 135 2
124 180 4
41 198 6
62 98 10
10 38 1
94 112 1
136 153 4
43 130 8
122 132 8
126 164 6
90 99 2
25 194 10
129 189 2
31 73 3
97 161 8
40 149 10
36 199 2
27 183 6
18 113 4
68 139 6
23 48 1
116 173 1
11 47 7
57 197 3
167 171 10
23 171 8
49 197 10
148 194 4
50 115 3
127 148 6
73 143 2
76 161 8
106 109 9
116 136 6
24 127 2
32 58 7
22 116 8
62 127 8
47 196 7
1 174 10
119 147 1
53 55 2
46 101 6
142 189 6
57 85 6
128 145 2
26 65 3
29 181 8
116 190 1
65 115 1
22 158 2
37 62 4
46 145 1
46 139 6
115 146 1
57 194 6
41 50 8
72 192 3
40 70 5
25 180 9
161 179 3
76 156 8
14 86 3
18 191 2
90 135 6
22 61 8
9 81 2
6 112 1
59 92 10
55 182 7
49 161 5
44 74 9
47 113 6
35 50 4
69 183 8
72 199 10
33 39 2
61 100 4
93 179 5
154 178 9
44 158 7
86 137 1
55 56 4
51 135 10
183 190 4
124 193 9
33 93 1
101 189 4
23 133 10
25 100 1
1 100 1
82 153 3
118 131 9
69 164 5
145 190 9
1 135 5
106 194 4
14 27 6
57 60 4
31 61 9
25 165 1
163 192 1
56 165 4
101 108 7
102 159 10
109 193 7
1 121 8
79 101 9
22 196 1
69 168 3
79 154 9
108 183 10
132 133 6
67 94 10
136 139 6
80 124 9
126 180 2
55 88 3
1 104 7
96 180 1
63 107 8
61 197 10
118 121 1
1 112 4
194 200 5
83 112 6
5 79 4
46 112 10
103 180 4
100 132 8
108 159 7
20 28 5
135 137 8
14 40 1
45 170 6
158 186 5
13 34 1
5 84 4
148 182 6
32 180 6
104 145 9
142 161 8
34 107 9
75 114 2
93 157 8
49 66 10
67 156 10
5 27 8
7 123 1
73 148 1
77 129 3
58 76 2
167 191 10
107 120 8
31 84 3
16 121 4
89 194 1
112 139 3
131 138 2
84 198 8
61 117 10
63 129 6
158 159 1
141 144 10
129 131 3
116 178 3
179 195 9
105 190 2
176 181 5
66 167 8
28 54 9
139 170 6
121 157 2
81 104 7
55 104 4
82 128 1
40 77 2
93 181 8
58 182 7
3 54 7
23 106 10
8 181 5
102 192 3
45 90 2
150 153 1
177 178 1
70 196 9
83 194 5
66 169 8
10 177 3
24 72 4
37 113 10
57 134 4
39 125 7
125 189 6
161 177 10
28 74 7
22 187 3
2 153 9
127 196 7
86 141 1
63 138 4
24 74 1
42 195 7
5 45 7
36 116 10
38 199 9
17 106 5
24 183 8
5 129 10
143 146 7
85 193 4
19 158 5
34 109 2
74 137 7
27 56 4
15 124 9
129 200 8
20 190 4
163 190 2
41 67 9
93 175 10
84 125 6
144 148 1
10 186 4
119 192 8
153 187 4
79 192 8
15 54 9
156 180 4
178 196 5
7 180 1
7 191 1
20 80 6
77 188 4
55 200 9
123 152 4
38 70 3
136 150 2
79 128 7
84 103 8
133 196 4
41 47 3
43 107 7
45 61 7
52 105 6
109 187 10
71 105 4
18 101 6
35 178 2
64 78 8
57 153 2
41 169 8
7 80 3
186 197 5
13 58 5
24 182 2
77 92 2
164 175 6
75 86 6
33 111 3
132 167 3
61 87 8
18 154 2
53 161 7
32 41 1
97 184 5
92 146 7
14 153 7
86 161 6
78 128 1
99 169 4
44 125 7
6 171 8
108 134 2
99 157 8
1 173 8
25 196 3
39 66 2
71 150 2
57 175 6
98 189 10
43 116 6
52 158 6
6 33 4
58 62 7
100 138 5
175 198 1
67 167 5
124 160 10
138 168 2
1 184 2
61 118 9
158 164 2
152 197 8
4 49 6
106 156 3
47 128 5
28 119 5
108 197 2
12 85 4
103 198 9
123 131 5
40 163 3
93 158 7
81 178 10
107 147 1
1 176 1
24 157 9
89 175 4
3 168 5
78 189 10
145 181 1
26 92 7
36 105 6
102 124 8
113 138 2
24 91 9
2 50 10
63 136 8
16 97 5
197 198 6
8 196 4
51 143 8
152 198 5
12 76 10
43 102 8
12 25 1
85 143 4
29 117 7
127 186 7
7 48 8
57 113 6
16 98 8
12 110 2
70 97 2
24 118 10
53 194 7
13 87 5
23 143 7
60 112 5
32 196 10
2 23 1
114 131 9
104 143 2
97 175 1
55 175 9
8 129 3
155 173 2
16 138 8
46 143 8
64 140 6
8 47 8
12 165 2
69 92 3
71 155 4
167 189 10
64 100 1
12 55 3
29 106 8
24 137 2
117 121 7
47 95 5
103 136 5
10 183 9
15 159 3
48 54 6
105 164 4
31 87 3
16 155 7
73 198 1
4 108 5
61 164 10
4 72 6
49 59 4
129 192 8
102 123 4
80 162 9
74 86 9
98 190 7
181 192 7
169 179 6
130 180 7
102 146 1
57 185 5
87 163 2
144 200 1
42 67 8
4 118 2
37 112 3
116 175 2
58 95 5
69 141 4
120 198 8
7 143 7
23 175 1
20 83 6
6 102 9
53 119 2
20 79 10
6 47 8
92 151 6
73 163 10
91 136 5
55 99 7
86 142 9
95 174 7
50 86 9
124 131 8
70 166 1
98 132 6
126 144 7
72 186 10
54 119 3
10 84 1
154 159 8
58 139 8
184 194 10
57 170 1
35 104 8
108 196 7
17 52 9
167 193 6
43 62 8
53 65 7
162 171 2
100 124 8
37 47 4
24 177 9
8 163 10
131 172 7
194 197 5
46 128 2
22 175 1
158 161 7
80 103 4
25 54 4
199 200 2
76 195 1
198 200 3
1 10 4
7 27 1
17 138 3
59 172 10
51 170 1
58 193 5
8 120 7
46 56 7
106 199 10
93 99 5
94 148 5
95 148 1
115 158 10
110 138 5
93 193 3
47 160 8
41 200 2
39 148 9
74 198 4
5 104 7
36 168 8
124 152 9
14 196 4
128 191 5
73 130 2
35 108 7
1 8 10
176 193 4
87 171 1
117 119 6
73 196 10
137 171 4
121 130 3
136 146 10
29 137 4
10 105 5
79 174 2
3 188 8
21 68 1
85 92 7
30 64 1
38 59 6
81 99 8
64 161 3
92 128 6
14 34 10
134 196 8
40 46 5
106 162 10
7 29 2
2 26 5
55 124 4
19 88 8
69 97 10
59 117 10
19 118 10
102 143 9
118 154 9
52 76 8
67 166 7
24 79 6
56 92 3
89 122 2
135 161 10
39 185 10
103 186 1
104 155 10
8 145 4
12 41 4
109 159 6
38 79 5
134 187 1
92 123 2
120 196 9
49 106 7
40 67 10
39 117 7
49 78 9
23 91 8
5 99 10
74 168 1
78 124 10
52 68 3
125 191 8
54 58 1
1 196 4
81 151 9
45 171 10
33 96 10
43 109 7
99 168 6
56 190 5
110 152 4
68 136 7
1 122 5
77 153 3
44 162 5
17 141 6
129 137 3
13 168 6
90 140 2
156 182 10
71 165 7
39 151 10
83 107 6
38 72 1
95 108 1
128 139 8
96 185 8
29 102 6
12 31 4
5 126 4
2 160 3
139 183 10
4 69 2
42 189 2
42 137 1
55 146 7
19 140 2
159 181 6
106 111 5
129 161 10
89 156 3
108 137 5
60 196 4
106 195 10
31 51 2
14 94 10
63 130 3
153 191 7
12 155 3
85 140 4
63 109 3
16 192 4
33 165 7
139 178 5
36 179 2
110 160 5
46 184 4
5 37 2
39 193 1
54 115 9
38 112 7
44 100 5
32 55 9
142 196 9
20 131 3
55 160 7
99 184 4
71 100 6
104 142 7
35 85 10
66 165 1
106 126 7
37 176 9
12 59 10
46 166 10
35 174 1
34 134 3
59 147 6
51 154 5
75 186 8
132 191 4
30 111 7
126 158 4
122 195 9
14 64 3
6 123 3
23 102 4
46 194 6
96 181 3
45 179 5
109 186 3
11 168 6
76 181 1
84 153 8
165 185 6
27 41 5
59 121 7
23 193 9
120 125 3
51 73 6
75 133 2
30 197 8
79 183 7
41 176 7
18 62 9
82 113 1
1 175 4
56 182 1
110 194 8
98 152 4
111 150 2
6 133 3
143 158 3
110 163 4
25 193 6
138 171 10
9 166 3
169 191 10
139 189 9
36 129 10
88 96 2
18 97 1
8 100 9
78 147 8
57 182 6
102 195 4
5 119 10
20 38 9
35 157 4
46 116 4
26 128 2
144 195 2
27 197 5
81 113 2
65 135 5
135 182 1
52 93 6
67 174 7
130 192 2
24 98 2
29 198 8
74 93 4
33 160 1
86 182 1
44 77 5
40 61 3
89 189 7
118 130 5
93 198 6
1 120 6
149 181 7
8 18 7
22 31 9
68 91 6
41 137 6
60 197 2
178 197 8
111 183 3
146 175 1
71 182 3
58 136 6
75 126 1
138 173 2
58 145 10
92 111 6
40 55 7
58 117 7
13 186 2
70 184 5
87 164 6
71 91 2
18 41 3
57 74 3
21 120 7
11 171 2
5 179 4
86 152 1
79 105 6
18 131 8
187 194 7
76 177 4
68 180 9
54 183 7
107 145 10
115 138 3
98 100 3
119 196 3
6 152 4
69 105 7
20 70 1
3 20 1
184 198 7
176 182 10
31 175 8
87 95 1
64 133 3
153 190 1
55 116 5
25 136 1
10 189 8
10 43 5
20 27 1
31 123 3
124 141 4
27 67 10
113 120 4
44 140 1
23 104 9
136 174 2
47 54 10
40 183 7
18 182 6
87 100 2
46 176 8
3 142 5
97 186 8
137 174 1
27 71 8
25 144 8
31 129 6
40 47 2
45 72 10
15 55 5
123 130 2
32 71 3
37 182 10
45 152 1
78 191 9
27 49 2
192 198 6
72 165 1
108 163 9
24 193 4
36 57 4
97 196 5
28 104 9
114 178 3
15 49 3
24 61 3
133 140 8
40 160 7
79 94 6
29 53 6
135 184 9
26 195 1
102 135 4
83 125 6
102 173 7
35 53 3
14 28 10
118 194 1
88 190 1
93 137 6
145 154 10
73 117 3
189 194 4
102 179 1
31 152 4
91 175 7
4 52 3
147 177 7
74 105 8
44 109 7
100 172 3
1 41 2
104 165 4
76 83 10
169 175 6
88 138 10
20 196 7
31 193 8
36 60 2
11 186 3
129 148 3
24 109 8
35 184 10
38 153 7
77 120 6
18 175 8
73 149 8
75 78 3
159 188 2
75 111 8
77 168 1
93 141 5
47 57 5
26 96 9
17 26 7
147 159 7
23 160 7
73 159 7
17 101 1
32 84 4
172 193 1
37 72 3
21 71 10
120 173 2
36 81 1
127 159 6
58 158 1
41 134 4
23 174 6
129 139 6
5 63 5
62 135 6
6 86 7
105 135 4
69 104 8
122 189 4
18 141 4
193 194 7
101 173 7
36 167 10
131 152 1
33 195 1
16 76 8
24 84 9
40 159 3
107 155 8
33 130 3
68 124 6
95 111 5
73 165 8
114 200 1
118 165 7
97 114 1
75 81 9
38 170 1
16 166 2
118 188 3
47 64 6
114 167 7
95 152 8
118 153 7
40 83 9
34 124 10
178 184 3
97 160 5
110 156 7
30 125 5
108 112 8
81 89 2
132 160 7
61 77 6
22 112 2
62 80 1
19 185 5
28 151 5
5 12 4
26 33 4
5 148 3
99 106 7
62 97 6
47 119 4
22 157 3
99 163 4
20 134 8
80 119 1
48 110 8
61 175 7
148 151 9
18 158 10
106 137 3
17 47 7
92 152 4
3 15 1
10 22 4
127 180 10
119 150 2
8 52 9
55 177 9
2 18 1
53 82 6
47 111 1
51 58 2
34 94 8
20 43 2
149 161 5
92 132 1
166 182 9
126 194 3
34 119 8
19 32 3
16 186 6
4 161 7
28 145 4
51 115 8
2 103 5
137 200 2
9 117 9
52 107 3
58 180 10
148 189 2
66 135 3
41 131 1
1 136 10
66 136 2
47 79 9
45 104 9
129 174 7
28 192 2
155 174 1
64 126 9
83 98 1
6 40 8
19 175 1
50 67 5
43 144 2
59 119 7
18 152 5
62 63 4
10 36 9
30 164 5
4 176 5
75 122 8
146 193 3
17 135 8
19 106 10
12 153 5
29 43 8
18 104 2
10 141 1
33 199 10
11 133 7
161 191 3
36 189 7
190 194 4
108 156 3
43 96 3
21 52 2
88 186 5
178 182 10
155 183 7
117 130 9
135 155 5
103 169 7
71 184 1
77 102 1
77 122 3
113 146 7
82 152 10
88 153 5
86 195 5
88 148 7
21 152 9
2 144 2
42 191 3
174 190 7
6 193 9
73 176 3
33 198 7
104 168 5
4 30 4
139 173 10
1 40 1
107 116 7
52 122 1
89 179 5
134 145 9
158 165 10
135 156 2
91 188 6
102 138 8
4 12 5
49 105 2
159 166 7
107 187 1
90 109 8
146 173 7
16 56 1
2 158 4
107 159 1
79 195 1
145 189 3
101 113 4
132 188 7
23 38 3
73 89 7
177 191 5
24 136 3
88 189 7
157 177 10
112 117 7
2 189 2
12 97 4
95 125 5
126 187 4
192 195 8
8 11 6
12 57 2
7 181 3
132 151 7
46 138 6
19 40 8
19 24 10
18 78 4
118 124 7
89 152 4
11 27 7
127 195 5
69 165 3
5 198 2
136 138 5
158 176 1
101 120 3
118 159 8
9 18 3
89 101 3
97 195 5
20 124 8
93 145 5
119 172 10
21 199 7
154 156 8
111 191 9
51 107 8
6 87 6
63 123 1
17 136 3
12 150 2
16 47 4
53 81 6
105 112 3
127 156 2
120 133 7
85 156 10
48 171 2
84 167 4
47 138 1
132 164 6
41 83 7
5 107 8
81 119 4
4 45 8
82 189 2
84 92 9
163 186 6
162 200 4
5 64 1
29 127 1
60 149 8
52 171 8
81 94 6
106 127 10
44 132 9
33 35 8
10 120 9
111 181 5
59 190 5
105 116 6
140 141 4
41 199 10
30 49 9
46 104 4
54 173 5
56 80 1
54 77 6
121 198 8
13 179 8
108 150 2
111 155 3
183 186 1
121 179 7
38 163 8
4 113 4
138 143 7
82 112 2
56 161 7
37 111 8
23 79 7
28 161 7
7 111 4
5 35 9
143 192 9
29 116 1
10 134 4
35 48 2
69 177 1
168 175 9
35 142 6
28 157 4
52 174 1
83 167 5
53 109 6
57 91 9
41 129 3
43 163 4
4 195 6
144 182 6
126 152 10
27 76 1
23 162 5
41 102 9
39 113 9
86 104 8
36 147 1
129 186 2
1 124 6
128 189 10
53 135 8
140 175 1
78 84 9
4 62 3
71 148 1
141 154 1
145 176 6
12 139 3
100 133 1
25 169 9
101 160 5
77 81 2
98 109 5
77 190 1
10 194 7
101 171 6
22 119 4
102 169 7
12 112 1
120 181 6
62 188 9
4 25 3
6 104 4
108 177 4
5 21 9
2 8 7
116 182 4
97 106 9
47 146 4
142 165 1
81 86 3
63 195 6
111 146 9
68 142 3
68 167 6
3 9 4
34 35 6
121 195 2
75 98 2
23 75 6
47 152 2
1 126 7
28 66 6
79 90 1
15 164 9
81 182 2
148 187 8
18 136 9
66 159 8
17 102 5
99 158 2
82 193 10
27 126 6
26 129 1
140 192 1
49 71 6
114 177 5
130 138 1
16 167 5
114 117 9
172 180 10
3 194 3
20 74 2
7 24 4
15 59 3
16 52 10
2 29 7
34 167 2
151 178 8
106 122 9
7 46 7
32 155 9
122 125 4
38 60 5
109 130 4
153 195 3
83 157 5
117 128 7
140 151 3
79 157 1
152 168 4
178 193 7
109 177 9
85 93 1
84 181 10
163 166 5
73 110 4
63 156 7
75 132 4
58 67 4
160 183 8
61 152 5
103 150 9
17 193 3
101 102 7
12 54 8
62 95 2
22 60 3
40 104 3
26 41 5
7 19 1
3 100 3
56 62 10
37 38 8
69 129 8
78 178 9
143 172 7
132 152 10
81 179 8
19 176 3
74 156 1
5 46 2
99 126 6
24 33 10
53 100 6
77 79 4
97 123 6
106 171 7
113 179 10
99 189 10
126 188 6
44 68 10
116 174 10
22 130 5
149 168 7
187 191 2
29 182 2
46 197 10
84 175 6
91 158 8
57 191 4
101 143 8
102 167 2
81 123 3
17 159 8
51 68 8
191 200 5
113 174 4
159 180 4
18 106 10
50 123 1
46 152 4
63 103 3
44 143 9
19 109 8
67 172 9
105 140 8
48 178 8
83 187 8
139 171 6
53 141 3
40 154 10
5 57 5
57 148 4
42 108 7
144 177 5
4 186 9
118 152 8
66 170 6
71 87 3
82 196 6
7 157 2
20 88 3
97 173 6
3 84 3
158 187 7
154 175 1
54 178 1
112 153 1
1 198 5
102 161 10
65 172 8
43 179 10
34 103 2
96 112 5
87 170 9
27 104 8
33 194 7
40 86 2
139 187 6
26 185 9
93 148 7
99 159 1
148 199 4
162 191 3
169 180 8
40 58 10
47 102 8
101 168 4
67 89 2
10 148 2
94 143 9
64 120 4
98 191 10
10 112 5
148 196 8
55 185 7
172 176 1
7 34 7
32 197 3
42 102 4
51 168 8
59 111 3
15 196 2
77 109 4
5 103 5
106 119 3
116 168 8
14 46 7
68 186 9
97 130 9
49 173 10
81 115 4
30 96 10
22 136 9
133 184 7
11 184 8
52 193 10
85 104 9
149 178 3
47 194 8
52 159 10
107 151 8
13 100 4
1 44 1
16 60 4
27 114 2
91 153 4
93 135 3
90 104 5
3 128 6
18 45 5
60 92 4
20 198 6
4 148 7
25 183 5
76 96 9
3 97 6
76 144 1
69 94 7
62 125 3
171 176 7
99 187 3
24 101 10
35 159 9
134 159 10
23 184 4
85 113 4
52 135 9
131 139 2
8 188 1
124 135 6
124 147 7
134 148 7
23 112 10
59 61 5
51 91 7
160 178 3
69 173 7
39 139 4
13 81 6
14 98 1
21 133 5
44 184 7
181 189 2
108 114 8
67 111 6
97 134 3
80 168 5
131 159 5
111 159 4
2 28 8
