194 193 4.7243200000 0.5580440000
22 73 5
5 9 6
112 127 3
14 16 4
27 36 6
129 187 6
52 168 4
69 132 3
70 139 4
91 104 6
37 116 6
101 186 4
167 189 5
112 121 7
124 164 3
95 114 3
55 192 4
80 92 3
151 162 7
128 187 7
133 175 3
7 64 7
79 169 3
102 185 3
58 189 5
107 119 3
87 157 6
48 76 3
63 141 7
33 66 7
74 85 4
60 118 4
23 83 7
32 135 3
87 182 3
93 116 7
56 180 3
66 137 7
23 29 6
76 127 4
37 126 6
147 173 4
104 151 6
10 162 5
18 30 6
120 184 4
44 144 7
67 193 4
71 129 7
46 94 7
123 131 6
91 161 6
166 171 5
29 110 6
51 115 7
36 171 6
38 118 5
117 136 7
45 78 5
75 103 7
122 179 4
122 138 7
96 150 4
10 154 7
38 130 6
121 132 5
73 190 6
15 165 3
98 154 3
34 89 3
18 192 3
77 183 3
34 99 6
40 69 5
15 19 7
169 193 3
68 71 6
123 159 6
7 106 4
83 119 7
43 107 7
143 163 5
138 177 4
100 191 4
31 159 5
48 57 6
110 128 5
33 54 6
28 59 6
50 101 5
53 191 6
26 65 4
6 72 3
142 180 6
108 157 4
24 155 5
25 80 7
113 145 3
25 105 5
43 61 7
13 168 5
149 184 5
31 55 5
28 41 3
35 45 6
27 99 4
40 150 7
17 84 6
46 72 3
4 68 5
89 145 5
62 102 6
32 158 5
9 126 5
88 176 4
75 183 6
47 125 5
109 115 3
164 174 5
17 113 6
81 103 4
1 117 5
41 173 3
97 98 7
51 146 6
20 62 4
160 165 7
14 141 4
49 175 3
6 24 3
54 152 5
95 135 5
97 149 6
3 133 5
2 81 5
58 160 5
134 186 4
111 188 4
5 53 7
114 140 6
100 111 7
60 94 5
174 188 5
163 194 3
108 161 6
178 194 7
70 152 4
16 155 7
11 13 7
153 178 6
86 134 6
56 177 3
12 20 5
85 181 6
142 170 7
84 137 3
42 176 5
90 146 5
19 131 7
74 158 4
153 185 4
21 96 4
57 140 6
172 182 7
11 42 6
22 92 6
86 139 3
143 148 7
4 130 4
77 93 5
21 52 4
65 172 7
125 156 7
47 167 7
79 147 6
67 179 4
26 105 6
30 63 6
88 120 4
78 144 3
50 124 3
90 181 5
39 82 4
39 166 4
8 49 5
109 170 3
12 64 7
44 106 3
156 190 3
35 136 3
2 148 5
8 61 4
59 82 4
