0.000000000 0.000000000
0.000000000 -1.123461000
0.000000000 0.000000000
0.000000000 0.000000000
0.000000000 0.000000000
0.000000000 0.469134750
0.000000000 0.000000000
0.848262758 0.000000000
0.450313221 0.000000000
0.000000000 0.000000000
0.000000000 0.000000000
0.000000000 0.000000000
0.000000000 0.000000000
0.000000000 0.000000000
0.000000000 0.000000000
0.994909999 3.357985750
0.000000000 0.000000000
0.000000000 0.000000000
0.000000000 0.000000000
0.000000000 0.000000000
0.000000000 0.000000000
0.000000000 0.000000000
0.000000000 0.000000000
0.000000000 2.037021250
0.000000000 0.000000000
0.000000000 0.000000000
0.000000000 2.938269500
0.000000000 0.000000000
-0.062879810 -1.925872250
0.000000000 0.000000000
0.000000000 0.000000000
0.000000000 0.000000000
0.000000000 0.000000000
0.000000000 0.000000000
0.000000000 0.000000000
0.000000000 0.000000000
0.000000000 0.000000000
0.000000000 0.000000000
0.000000000 0.000000000
0.000000000 0.000000000
5.937839305 0.000000000
-4.241313789 0.000000000
0.000000000 0.000000000
-0.397949537 -0.000000000
0.000000000 0.000000000
0.000000000 0.000000000
0.000000000 0.000000000
0.576000526 5.320964500
0.000000000 0.000000000
0.000000000 0.000000000
0.000000000 0.000000000
0.000000000 0.000000000
0.000000000 0.000000000
-0.052363684 0.000000000
0.000000000 0.000000000
0.000000000 0.000000000
-0.397949537 -0.000000000
0.052363684 0.000000000
0.000000000 0.000000000
0.000000000 0.000000000
-1.696525516 0.000000000
0.000000000 0.000000000
0.000000000 0.000000000
0.000000000 -1.185191500
0.000000000 0.000000000
0.000000000 0.000000000
0.000000000 0.000000000
0.000000000 0.000000000
0.000000000 0.000000000
0.000000000 -0.530865250
0.502676905 0.000000000
0.000000000 0.000000000
0.000000000 0.000000000
-5.089576547 -0.000000000
0.000000000 0.000000000
0.000000000 0.000000000
0.000000000 0.000000000
0.000000000 0.000000000
0.178050989 0.728368750
0.000000000 0.000000000
0.000000000 0.000000000
0.000000000 0.000000000
0.000000000 0.000000000
0.000000000 0.000000000
0.000000000 0.000000000
0.000000000 0.000000000
0.000000000 0.000000000
0.000000000 -2.000000000
0.000000000 0.000000000
0.000000000 0.000000000
0.000000000 0.000000000
0.000000000 0.000000000
0.000000000 0.000000000
0.000000000 0.000000000
0.795899074 0.000000000
3.393051031 0.000000000
0.000000000 0.000000000
0.000000000 0.000000000
0.052363684 0.000000000
0.000000000 0.000000000
-0.020959937 -0.037021250
0.000000000 -1.061730500
0.000000000 0.000000000
0.000000000 0.000000000
0.000000000 0.000000000
0.000000000 0.000000000
-1.696525516 -0.000000000
0.000000000 0.000000000
0.000000000 0.000000000
0.000000000 0.000000000
2.251566105 0.000000000
0.000000000 0.000000000
0.000000000 0.000000000
-1.256728420 -0.518468000
0.000000000 0.000000000
-0.450313221 0.000000000
0.000000000 0.000000000
0.000000000 0.000000000
0.000000000 0.000000000
0.000000000 0.000000000
0.000000000 0.000000000
0.000000000 0.000000000
0.000000000 -0.938269500
0.000000000 0.000000000
0.000000000 0.000000000
0.073323621 2.037021250
0.062807495 0.395092250
0.000000000 0.000000000
0.000000000 0.000000000
0.000000000 0.000000000
0.000000000 0.000000000
0.000000000 0.000000000
0.000000000 -6.530865250
0.000000000 0.000000000
0.000000000 0.000000000
0.261818421 1.629617000
-1.235768484 -0.135773000
0.000000000 0.000000000
0.000000000 0.000000000
0.000000000 -0.469134750
0.000000000 0.000000000
0.659767958 0.876539000
-1.748889200 0.000000000
0.397949537 0.000000000
0.000000000 0.000000000
0.000000000 0.000000000
0.000000000 0.000000000
0.000000000 0.000000000
0.000000000 0.000000000
0.000000000 0.000000000
0.000000000 0.000000000
3.843364253 0.000000000
0.000000000 0.000000000
-0.209454737 -0.691347500
0.000000000 0.000000000
0.000000000 0.000000000
0.000000000 0.000000000
1.591798147 0.000000000
0.795899074 0.000000000
0.000000000 0.000000000
0.000000000 -0.469134750
0.000000000 0.000000000
0.000000000 0.000000000
0.000000000 0.000000000
0.000000000 0.000000000
0.000000000 0.000000000
0.000000000 0.000000000
0.000000000 0.000000000
0.000000000 0.000000000
5.466566148 1.493844000
0.000000000 0.000000000
0.000000000 0.000000000
0.000000000 0.000000000
0.000000000 0.000000000
0.000000000 2.530865250
0.000000000 0.000000000
0.000000000 0.000000000
0.000000000 0.000000000
0.000000000 0.000000000
0.000000000 0.000000000
0.000000000 0.000000000
0.000000000 0.000000000
0.000000000 0.000000000
0.000000000 0.000000000
0.000000000 0.000000000
0.000000000 0.000000000
0.000000000 0.000000000
0.000000000 0.000000000
-3.696789325 -0.950581500
0.000000000 0.000000000
0.000000000 0.000000000
0.000000000 0.000000000
0.000000000 0.000000000
0.000000000 0.000000000
0.000000000 0.000000000
0.000000000 0.000000000
0.000000000 0.000000000
0.000000000 0.000000000
0.000000000 0.000000000
2.544788274 0.000000000
0.041919873 0.950581500
0.000000000 0.000000000
0.000000000 0.000000000
0.000000000 0.000000000
0.000000000 0.000000000
0.000000000 0.000000000
0.000000000 0.000000000
0.691171705 0.000000000
0.000000000 0.000000000
0.000000000 0.000000000
0.000000000 0.061730500
0.000000000 0.000000000
0.000000000 0.000000000
0.000000000 0.000000000
0.000000000 1.407404250
0.000000000 0.000000000
0.000000000 0.000000000
0.000000000 0.000000000
0.000000000 0.000000000
0.000000000 0.000000000
0.000000000 0.000000000
0.000000000 0.000000000
0.000000000 0.000000000
-2.146838737 0.000000000
0.000000000 0.000000000
0.000000000 0.000000000
0.000000000 0.000000000
0.000000000 0.000000000
0.000000000 0.000000000
0.000000000 0.000000000
0.000000000 0.000000000
0.000000000 0.000000000
0.000000000 0.000000000
0.000000000 0.000000000
0.000000000 1.938269500
0.000000000 0.000000000
0.000000000 0.000000000
0.000000000 0.000000000
0.000000000 0.000000000
0.000000000 0.000000000
0.000000000 3.000000000
0.000000000 0.000000000
0.000000000 0.000000000
0.000000000 0.000000000
0.000000000 0.000000000
0.502676905 0.000000000
0.000000000 0.000000000
-0.848262758 -0.000000000
0.000000000 -2.061730500
0.000000000 0.000000000
0.000000000 0.000000000
0.000000000 0.000000000
0.000000000 1.469134750
0.000000000 0.000000000
0.000000000 0.000000000
0.000000000 -0.530865250
0.000000000 0.000000000
0.000000000 0.000000000
0.000000000 0.000000000
0.000000000 -0.530865250
0.000000000 0.000000000
-2.544788274 -0.000000000
0.000000000 0.000000000
0.356029664 0.111149000
0.450313221 0.000000000
0.000000000 0.000000000
0.000000000 0.000000000
1.466038528 0.395177500
0.000000000 0.000000000
0.000000000 0.000000000
0.000000000 0.000000000
-0.052363684 -2.000000000
0.000000000 0.000000000
0.000000000 0.000000000
0.000000000 0.000000000
0.000000000 0.000000000
0.000000000 0.000000000
0.000000000 0.000000000
0.000000000 0.000000000
0.000000000 0.000000000
0.000000000 0.000000000
0.000000000 0.000000000
0.000000000 0.000000000
0.000000000 0.000000000
-1.172888674 -2.617305000
0.000000000 0.000000000
0.000000000 0.000000000
0.000000000 0.000000000
0.000000000 0.000000000
0.000000000 0.000000000
0.000000000 0.000000000
6.000574486 0.395177500
0.000000000 0.000000000
0.000000000 2.530865250
0.000000000 -1.000000000
0.000000000 0.000000000
0.000000000 0.000000000
0.000000000 0.000000000
0.000000000 0.000000000
0.000000000 0.000000000
0.000000000 0.000000000
0.000000000 0.000000000
0.000000000 0.000000000
0.000000000 0.000000000
0.000000000 0.000000000
0.000000000 0.000000000
0.000000000 0.469134750
0.000000000 0.000000000
0.000000000 0.000000000
0.000000000 0.000000000
0.000000000 0.000000000
0.000000000 0.000000000
0.000000000 0.000000000
0.000000000 0.000000000
-6.786102063 0.000000000
-0.397949537 -0.000000000
0.000000000 0.000000000
0.000000000 0.000000000
0.000000000 0.000000000
0.104727368 0.000000000
0.000000000 0.000000000
0.000000000 0.000000000
0.000000000 0.000000000
0.000000000 0.000000000
0.000000000 0.000000000
0.000000000 1.530865250
0.000000000 3.592595750
0.000000000 0.000000000
0.000000000 0.000000000
0.000000000 0.000000000
0.000000000 0.000000000
0.000000000 0.000000000
-1.298575979 0.000000000
0.000000000 0.000000000
0.000000000 0.000000000
0.000000000 0.000000000
0.000000000 0.000000000
1.759260697 0.395177500
0.000000000 0.000000000
0.000000000 0.000000000
0.000000000 0.000000000
0.000000000 0.000000000
0.000000000 0.000000000
0.000000000 0.000000000
0.000000000 0.000000000
0.000000000 0.000000000
0.000000000 0.938269500
0.397949537 0.000000000
0.848262758 0.000000000
0.000000000 0.000000000
0.000000000 0.000000000
-1.047273683 -2.827120500
1.246212295 0.000000000
0.000000000 0.000000000
0.000000000 0.000000000
0.000000000 0.000000000
0.000000000 0.000000000
0.000000000 0.000000000
0.000000000 0.000000000
0.000000000 0.000000000
0.000000000 -0.530865250
0.000000000 0.000000000
0.073323621 0.382695000
0.000000000 0.000000000
0.000000000 0.000000000
0.000000000 0.000000000
0.104727368 0.000000000
0.000000000 0.000000000
0.000000000 0.000000000
0.900626442 0.000000000
0.000000000 0.000000000
0.000000000 0.000000000
0.418909473 0.000000000
0.000000000 0.000000000
0.000000000 0.000000000
0.000000000 0.000000000
0.000000000 0.000000000
0.000000000 0.000000000
0.000000000 0.000000000
-1.057717495 -0.000000000
-0.397949537 0.000000000
-0.397949537 0.000000000
0.000000000 0.000000000
0.000000000 0.000000000
0.000000000 0.000000000
0.000000000 0.000000000
0.000000000 0.000000000
0.000000000 0.000000000
0.000000000 -0.469134750
0.000000000 0.000000000
0.000000000 0.000000000
0.000000000 0.000000000
0.000000000 0.000000000
0.000000000 0.000000000
0.000000000 0.000000000
0.000000000 0.000000000
0.000000000 0.000000000
0.000000000 0.000000000
0.000000000 0.000000000
0.000000000 0.000000000
0.000000000 0.000000000
0.000000000 0.000000000
0.000000000 0.000000000
0.000000000 0.000000000
0.000000000 0.000000000
0.000000000 0.000000000
0.000000000 0.000000000
0.000000000 1.000000000
-0.397949537 0.000000000
0.000000000 0.000000000
0.000000000 -2.123461000
0.000000000 0.000000000
-5.037212863 0.000000000
0.000000000 0.000000000
0.000000000 0.000000000
0.000000000 0.000000000
0.000000000 0.000000000
1.110081179 0.000000000
0.000000000 0.000000000
0.000000000 0.000000000
0.000000000 -3.000000000
0.000000000 0.000000000
0.000000000 0.000000000
1.748889200 0.000000000
0.000000000 0.000000000
0.000000000 0.000000000
0.000000000 0.000000000
0.000000000 0.000000000
0.000000000 0.000000000
-0.743535390 -0.654326250
2.042111368 0.000000000
0.000000000 0.000000000
0.000000000 0.938269500
-1.350939663 0.000000000
0.000000000 0.000000000
0.000000000 0.000000000
0.000000000 0.000000000
0.000000000 0.000000000
0.000000000 0.000000000
0.000000000 0.000000000
0.000000000 3.246922000
0.000000000 0.000000000
0.000000000 0.000000000
0.000000000 0.000000000
0.000000000 0.000000000
0.000000000 0.000000000
0.000000000 0.000000000
0.000000000 0.000000000
0.000000000 0.000000000
0.000000000 0.000000000
0.000000000 0.000000000
0.000000000 0.000000000
0.000000000 0.000000000
0.000000000 0.000000000
-1.591798147 0.000000000
0.000000000 0.000000000
0.000000000 0.000000000
0.000000000 0.000000000
0.000000000 0.000000000
0.062879810 0.925872250
0.000000000 0.000000000
0.000000000 0.000000000
-1.172888674 -2.617305000
0.000000000 2.037021250
0.000000000 -1.123461000
0.000000000 0.000000000
0.000000000 0.000000000
0.000000000 0.000000000
0.000000000 0.000000000
0.000000000 0.000000000
0.000000000 0.000000000
0.000000000 0.000000000
-1.193848611 -0.000000000
0.000000000 0.000000000
0.000000000 0.000000000
0.450313221 0.000000000
0.000000000 0.000000000
0.544596778 0.357985750
0.000000000 0.000000000
0.000000000 0.000000000
0.000000000 0.000000000
0.000000000 -3.530865250
0.000000000 0.000000000
-1.591798147 0.000000000
0.000000000 0.000000000
-1.885020316 -1.493844000
0.000000000 0.000000000
0.000000000 0.000000000
0.000000000 0.000000000
0.020959937 7.975290750
0.000000000 0.000000000
0.000000000 0.000000000
0.000000000 0.000000000
0.000000000 0.000000000
0.000000000 0.000000000
0.000000000 3.123461000
0.000000000 0.000000000
0.000000000 0.000000000
0.000000000 0.000000000
0.000000000 0.000000000
0.000000000 0.000000000
0.000000000 0.000000000
0.000000000 2.530865250
-0.041919873 -0.481446750
0.000000000 0.000000000
0.000000000 0.000000000
0.000000000 0.000000000
0.000000000 0.530865250
0.000000000 0.000000000
0.000000000 0.000000000
0.000000000 0.000000000
0.314182105 3.629617000
0.000000000 0.000000000
0.000000000 0.000000000
0.000000000 0.000000000
0.000000000 0.000000000
0.000000000 0.000000000
0.000000000 0.000000000
0.000000000 0.000000000
0.000000000 0.000000000
0.000000000 0.000000000
0.000000000 0.000000000
1.696525516 0.000000000
0.000000000 0.000000000
0.000000000 0.000000000
0.000000000 0.000000000
0.000000000 0.000000000
0.000000000 0.000000000
0.000000000 0.000000000
0.000000000 0.000000000
0.000000000 0.000000000
0.000000000 0.000000000
0.000000000 0.000000000
0.000000000 0.000000000
0.000000000 0.000000000
0.000000000 0.000000000
0.000000000 0.000000000
0.000000000 0.000000000
0.000000000 0.000000000
0.000000000 0.000000000
0.000000000 0.000000000
0.000000000 0.000000000
0.000000000 0.000000000
0.000000000 0.000000000
0.000000000 0.000000000
0.000000000 0.000000000
0.000000000 0.000000000
0.000000000 0.000000000
0.000000000 0.000000000
0.000000000 0.000000000
0.000000000 0.000000000
0.000000000 0.000000000
0.000000000 0.000000000
0.000000000 0.000000000
0.000000000 0.000000000
0.000000000 0.000000000
-0.083767432 -0.432113500
0.000000000 0.000000000
-2.199202421 0.000000000
0.000000000 0.000000000
0.000000000 0.592595750
0.000000000 0.000000000
0.000000000 0.000000000
0.911142568 4.456737500
0.000000000 0.000000000
0.000000000 0.000000000
0.000000000 0.000000000
0.795899074 0.000000000
-0.356029664 -0.111149000
0.000000000 0.061730500
1.246212295 0.000000000
0.000000000 0.000000000
0.000000000 0.000000000
-0.555040589 -0.938269500
0.000000000 0.000000000
0.000000000 0.000000000
4.649779452 0.333276500
0.000000000 0.000000000
0.000000000 0.000000000
0.000000000 -8.000000000
0.000000000 0.000000000
0.000000000 0.000000000
2.701879326 0.000000000
0.000000000 0.000000000
0.000000000 0.000000000
0.000000000 0.000000000
0.000000000 0.000000000
0.000000000 0.000000000
0.000000000 0.000000000
0.000000000 0.000000000
0.000000000 0.000000000
-0.397949537 -0.000000000
-0.261818421 -0.222212750
0.000000000 9.000000000
0.000000000 0.000000000
0.000000000 0.000000000
0.000000000 0.000000000
0.000000000 0.000000000
0.000000000 0.000000000
0.000000000 0.000000000
0.000000000 0.000000000
0.000000000 0.000000000
0.000000000 0.000000000
0.000000000 0.000000000
0.000000000 0.000000000
0.000000000 0.000000000
0.000000000 0.000000000
0.000000000 0.000000000
0.000000000 0.000000000
0.000000000 0.000000000
0.000000000 2.000000000
0.450313221 0.000000000
0.000000000 0.000000000
0.000000000 0.000000000
0.000000000 0.000000000
0.000000000 0.000000000
0.000000000 0.000000000
0.000000000 0.000000000
0.000000000 0.000000000
0.000000000 0.000000000
0.000000000 0.000000000
0.000000000 0.000000000
0.000000000 0.000000000
0.000000000 0.000000000
0.000000000 0.000000000
-1.350939663 0.000000000
0.000000000 0.000000000
0.000000000 0.000000000
0.000000000 0.000000000
0.000000000 0.000000000
0.000000000 0.000000000
0.000000000 0.000000000
0.000000000 0.000000000
0.000000000 0.000000000
0.000000000 0.000000000
0.000000000 0.000000000
0.000000000 0.000000000
0.000000000 0.000000000
2.063143619 0.222127500
0.000000000 1.000000000
0.000000000 0.000000000
-1.298575979 0.000000000
0.000000000 0.000000000
0.000000000 0.000000000
-0.397949537 0.000000000
0.000000000 0.000000000
0.000000000 0.469134750
0.000000000 0.000000000
0.000000000 0.000000000
1.298575979 0.000000000
0.000000000 0.000000000
0.000000000 0.000000000
0.000000000 0.000000000
0.000000000 0.000000000
0.000000000 0.000000000
-0.450313221 -0.000000000
0.000000000 0.000000000
0.000000000 0.000000000
0.900626442 0.000000000
0.000000000 5.000000000
0.000000000 0.000000000
0.000000000 0.000000000
0.000000000 0.000000000
0.000000000 0.000000000
0.000000000 0.000000000
-0.115243494 -0.864141750
0.000000000 0.000000000
0.000000000 0.000000000
0.000000000 0.000000000
0.000000000 0.000000000
0.000000000 0.000000000
0.000000000 0.000000000
0.000000000 0.000000000
0.000000000 0.000000000
0.000000000 0.000000000
0.000000000 0.000000000
0.000000000 0.000000000
0.000000000 0.000000000
0.000000000 0.000000000
0.000000000 0.000000000
0.000000000 3.469134750
0.000000000 0.000000000
0.000000000 0.000000000
0.000000000 0.000000000
-1.748889200 0.000000000
0.073323621 0.975290750
0.000000000 0.000000000
0.000000000 0.000000000
0.000000000 0.000000000
0.000000000 0.000000000
0.000000000 4.938269500
-1.696525516 0.000000000
0.000000000 0.000000000
0.000000000 -3.000000000
0.000000000 0.000000000
0.000000000 0.000000000
0.000000000 0.000000000
0.000000000 0.000000000
0.000000000 0.000000000
6.157665538 0.395177500
0.000000000 0.000000000
0.000000000 0.000000000
0.000000000 0.000000000
0.000000000 0.000000000
0.000000000 0.000000000
0.397949537 0.000000000
0.000000000 6.530865250
0.000000000 0.000000000
0.000000000 0.000000000
0.000000000 0.000000000
0.000000000 0.000000000
0.000000000 0.000000000
-0.576000526 -0.259234000
0.000000000 0.000000000
0.000000000 3.469134750
0.000000000 0.000000000
0.000000000 0.000000000
1.738445389 0.950581500
0.000000000 0.000000000
0.000000000 0.000000000
0.000000000 0.000000000
0.000000000 0.000000000
0.000000000 0.061730500
0.000000000 0.000000000
0.000000000 0.000000000
0.000000000 0.000000000
0.000000000 0.000000000
0.000000000 0.000000000
0.000000000 0.000000000
0.000000000 0.000000000
0.000000000 0.000000000
-0.555040589 0.000000000
0.000000000 4.345673750
0.000000000 0.469134750
0.795899074 0.000000000
0.000000000 0.000000000
0.209454737 4.691347500
0.000000000 0.000000000
0.000000000 0.000000000
0.000000000 0.000000000
0.000000000 0.000000000
0.000000000 0.000000000
0.000000000 0.000000000
0.000000000 0.407404250
0.000000000 0.000000000
0.000000000 0.530865250
0.000000000 0.000000000
0.000000000 0.000000000
0.000000000 0.000000000
0.000000000 -0.530865250
0.000000000 0.000000000
0.000000000 0.000000000
-2.544788274 0.000000000
0.000000000 0.000000000
0.000000000 0.000000000
0.000000000 2.469134750
0.000000000 0.000000000
3.099828863 0.000000000
0.000000000 0.000000000
0.000000000 0.000000000
-0.418909473 -1.037021250
0.000000000 0.000000000
0.000000000 0.000000000
0.000000000 0.000000000
0.000000000 0.000000000
0.000000000 0.000000000
0.000000000 0.000000000
0.000000000 0.000000000
1.193848611 0.000000000
0.000000000 0.000000000
0.000000000 0.000000000
0.000000000 0.000000000
0.000000000 0.000000000
0.000000000 0.000000000
0.000000000 0.000000000
0.261818421 0.000000000
0.000000000 0.000000000
0.000000000 0.000000000
0.000000000 -0.469134750
0.000000000 -0.469134750
0.020959937 0.444425500
0.000000000 0.000000000
0.000000000 0.000000000
0.314182105 2.444425500
0.000000000 0.000000000
-0.314182105 -1.222212750
0.000000000 0.000000000
0.000000000 0.000000000
0.000000000 0.000000000
0.000000000 0.000000000
0.000000000 0.000000000
0.000000000 0.000000000
0.000000000 0.000000000
0.000000000 0.000000000
0.000000000 0.000000000
0.000000000 4.530865250
0.000000000 0.000000000
0.000000000 0.000000000
0.000000000 0.000000000
0.000000000 0.000000000
0.000000000 0.000000000
0.000000000 0.000000000
0.000000000 0.000000000
0.000000000 0.000000000
0.000000000 0.000000000
0.000000000 0.000000000
0.000000000 0.000000000
0.000000000 0.000000000
0.000000000 0.000000000
0.000000000 0.000000000
0.000000000 0.000000000
0.000000000 -1.061730500
0.314182105 0.000000000
0.000000000 0.000000000
0.000000000 0.000000000
0.000000000 0.000000000
0.000000000 0.000000000
0.000000000 0.000000000
0.000000000 0.000000000
0.000000000 0.000000000
0.000000000 0.000000000
0.000000000 0.000000000
0.000000000 0.000000000
0.000000000 0.000000000
0.000000000 0.000000000
0.000000000 0.000000000
0.000000000 0.000000000
0.000000000 0.000000000
0.000000000 2.469134750
0.000000000 0.000000000
2.995101495 0.000000000
0.000000000 0.000000000
0.000000000 0.000000000
0.000000000 0.000000000
0.052363684 1.407404250
0.000000000 0.000000000
0.000000000 0.000000000
0.000000000 0.000000000
0.000000000 0.000000000
0.000000000 0.000000000
0.000000000 0.000000000
0.041919873 0.419716250
0.000000000 0.000000000
0.000000000 0.000000000
0.450313221 0.000000000
0.000000000 0.000000000
0.000000000 0.000000000
0.000000000 0.000000000
0.000000000 0.000000000
-0.345585853 0.000000000
-0.052363684 0.000000000
0.000000000 0.000000000
0.000000000 0.000000000
0.000000000 0.000000000
0.397949537 0.000000000
-2.293485978 -1.296255250
0.000000000 0.000000000
0.000000000 0.000000000
0.000000000 0.000000000
0.000000000 0.000000000
0.000000000 0.000000000
0.000000000 4.061730500
0.000000000 0.000000000
0.000000000 0.000000000
0.000000000 0.000000000
0.000000000 0.000000000
0.000000000 0.000000000
0.000000000 0.000000000
0.000000000 0.000000000
0.000000000 0.000000000
0.261818421 3.160482250
0.000000000 0.000000000
0.000000000 0.469134750
0.000000000 0.000000000
0.000000000 0.000000000
0.000000000 0.000000000
0.000000000 0.000000000
-0.450313221 0.000000000
0.000000000 0.000000000
0.000000000 0.000000000
2.890374126 0.592595750
0.000000000 0.000000000
0.000000000 0.000000000
-1.644161832 0.000000000
1.706969327 0.111149000
0.000000000 0.000000000
0.000000000 0.000000000
-0.848262758 0.000000000
0.000000000 0.000000000
0.000000000 0.000000000
-0.397949537 -0.000000000
0.000000000 0.000000000
0.000000000 4.407404250
-2.544788274 0.000000000
0.000000000 -0.530865250
-1.591798147 0.000000000
-3.288323663 0.000000000
0.000000000 0.000000000
2.492424589 0.000000000
0.000000000 0.000000000
0.000000000 0.000000000
0.000000000 0.000000000
0.000000000 0.000000000
0.000000000 0.000000000
0.000000000 0.000000000
0.000000000 0.000000000
-0.795899074 0.000000000
0.000000000 0.000000000
0.020959937 0.506156000
0.000000000 0.000000000
0.000000000 0.000000000
0.000000000 1.530865250
0.000000000 0.000000000
-0.052363684 -0.407404250
0.000000000 0.000000000
0.000000000 0.000000000
0.000000000 0.000000000
0.000000000 0.000000000
0.000000000 0.000000000
0.000000000 0.000000000
0.000000000 0.000000000
6.314828905 1.493844000
0.000000000 0.000000000
-0.031403748 -0.086439750
0.000000000 0.000000000
0.000000000 0.000000000
0.000000000 4.000000000
0.000000000 0.000000000
0.000000000 0.000000000
-0.492233094 -0.481446750
0.000000000 0.000000000
4.346041158 0.000000000
0.000000000 0.000000000
0.000000000 0.000000000
0.000000000 0.000000000
0.000000000 0.000000000
0.000000000 0.000000000
0.000000000 0.000000000
0.000000000 0.000000000
0.000000000 0.000000000
0.000000000 0.000000000
0.000000000 0.000000000
0.000000000 0.000000000
0.000000000 0.000000000
0.000000000 0.000000000
0.345585853 0.000000000
0.000000000 0.000000000
0.000000000 0.000000000
0.000000000 0.000000000
0.000000000 0.000000000
0.000000000 0.000000000
0.000000000 -2.469134750
-0.523636842 -0.790099250
0.000000000 0.000000000
0.261818421 0.098751750
0.000000000 0.000000000
0.000000000 0.000000000
0.000000000 0.000000000
0.000000000 0.000000000
0.000000000 0.000000000
0.000000000 0.000000000
-0.052363684 -0.000000000
0.000000000 0.000000000
0.000000000 0.000000000
1.696525516 0.000000000
0.000000000 0.000000000
0.000000000 0.000000000
0.000000000 0.000000000
0.000000000 3.654326250
0.000000000 0.000000000
-4.346041158 -0.000000000
0.000000000 0.000000000
0.000000000 0.000000000
-0.052363684 -0.407404250
0.041919873 0.481446750
-0.942546315 -2.888851000
0.000000000 0.000000000
0.000000000 0.000000000
0.000000000 0.000000000
-0.450313221 -0.000000000
0.000000000 0.000000000
0.000000000 0.000000000
-7.634364821 0.000000000
0.000000000 0.000000000
0.000000000 0.000000000
0.000000000 0.000000000
0.000000000 0.000000000
0.000000000 0.000000000
0.000000000 0.000000000
-1.591798147 0.000000000
0.000000000 0.000000000
0.000000000 -0.530865250
0.000000000 0.000000000
0.000000000 0.000000000
0.000000000 -1.000000000
0.000000000 0.000000000
0.000000000 0.000000000
0.816859010 3.975290750
0.000000000 0.000000000
0.000000000 0.000000000
0.000000000 0.000000000
0.000000000 0.000000000
0.000000000 0.000000000
0.000000000 0.000000000
0.000000000 0.000000000
0.000000000 0.000000000
0.000000000 0.000000000
0.000000000 0.000000000
0.000000000 0.000000000
0.000000000 0.000000000
0.000000000 0.000000000
0.000000000 0.000000000
0.000000000 0.000000000
0.000000000 0.000000000
0.000000000 0.000000000
0.000000000 0.000000000
0.000000000 -1.061730500
-0.795899074 0.000000000
0.000000000 0.000000000
0.000000000 0.000000000
0.000000000 -1.716056750
0.000000000 0.000000000
0.000000000 0.000000000
0.000000000 0.000000000
0.000000000 0.000000000
0.000000000 0.000000000
0.000000000 0.000000000
0.000000000 0.000000000
1.748889200 0.000000000
0.000000000 0.000000000
0.000000000 0.000000000
0.000000000 0.000000000
0.000000000 0.000000000
0.000000000 0.000000000
0.000000000 0.000000000
0.000000000 0.000000000
6.880385620 0.950581500
0.000000000 0.469134750
0.000000000 -0.469134750
0.000000000 0.000000000
0.000000000 0.000000000
0.000000000 0.000000000
0.000000000 0.000000000
0.000000000 0.000000000
0.000000000 0.938269500
0.000000000 0.000000000
0.000000000 0.000000000
0.000000000 0.000000000
0.000000000 0.530865250
0.000000000 0.000000000
0.073323621 1.320964500
0.000000000 0.000000000
0.000000000 0.000000000
0.000000000 0.000000000
-3.267363727 -0.148170250
0.000000000 -1.469134750
0.000000000 0.000000000
0.000000000 0.000000000
0.000000000 0.000000000
0.387505726 2.012312000
0.000000000 0.000000000
0.000000000 0.000000000
0.000000000 0.000000000
0.000000000 0.000000000
0.000000000 0.000000000
0.000000000 0.000000000
0.000000000 0.000000000
-0.104727368 0.000000000
0.000000000 0.000000000
0.000000000 0.000000000
0.000000000 8.530865250
0.000000000 0.000000000
0.000000000 0.000000000
0.000000000 0.000000000
0.000000000 0.000000000
0.000000000 0.000000000
0.000000000 0.000000000
2.544788274 0.000000000
-0.052363684 -0.530865250
0.000000000 0.000000000
0.000000000 2.061730500
0.000000000 0.000000000
0.000000000 0.000000000
0.000000000 0.000000000
0.000000000 0.000000000
0.000000000 0.000000000
0.000000000 0.000000000
-2.199202421 0.000000000
0.000000000 0.000000000
-0.052363684 -0.000000000
0.000000000 -2.469134750
0.000000000 0.000000000
0.000000000 0.000000000
0.000000000 0.000000000
0.000000000 0.000000000
0.000000000 0.000000000
0.000000000 0.000000000
0.000000000 0.000000000
0.000000000 0.000000000
0.000000000 0.000000000
0.000000000 0.000000000
0.397949537 0.000000000
0.000000000 0.000000000
0.000000000 0.000000000
0.000000000 0.000000000
0.000000000 0.000000000
0.000000000 0.000000000
1.246212295 0.000000000
0.000000000 0.000000000
0.000000000 0.000000000
0.000000000 0.000000000
0.000000000 0.000000000
0.000000000 0.000000000
0.000000000 0.000000000
0.000000000 0.000000000
0.000000000 0.000000000
0.000000000 0.000000000
0.000000000 0.000000000
0.000000000 0.000000000
0.000000000 0.000000000
0.000000000 0.000000000
0.000000000 0.000000000
-0.450313221 0.000000000
0.000000000 0.000000000
0.000000000 1.938269500
0.000000000 0.000000000
0.000000000 0.000000000
3.152192547 0.000000000
0.000000000 0.000000000
0.000000000 0.000000000
0.000000000 0.530865250
0.000000000 0.000000000
-0.209454737 -1.876539000
-0.052363684 0.000000000
0.000000000 0.000000000
0.000000000 0.000000000
0.000000000 0.000000000
0.000000000 0.000000000
-0.795899074 -0.000000000
-0.209527051 -0.222127500
0.000000000 0.000000000
0.000000000 0.000000000
0.000000000 0.000000000
0.000000000 0.000000000
0.000000000 3.000000000
0.000000000 0.000000000
0.000000000 0.000000000
0.000000000 0.000000000
0.000000000 0.000000000
0.000000000 0.000000000
0.000000000 0.000000000
0.000000000 0.000000000
0.000000000 0.000000000
0.000000000 0.000000000
0.000000000 0.000000000
0.000000000 0.000000000
-1.989747684 0.000000000
0.000000000 0.000000000
3.550214398 0.222127500
0.000000000 0.000000000
0.000000000 0.000000000
0.000000000 0.000000000
0.000000000 0.000000000
0.000000000 0.000000000
-1.644161832 0.000000000
0.000000000 0.000000000
0.000000000 0.469134750
0.000000000 0.000000000
0.314182105 0.000000000
0.000000000 0.000000000
0.000000000 0.000000000
0.000000000 0.000000000
0.000000000 0.000000000
0.000000000 0.000000000
0.000000000 0.000000000
0.000000000 0.000000000
0.000000000 0.000000000
-0.293222168 0.000000000
-0.848262758 0.000000000
0.000000000 0.000000000
-0.062879810 -1.395007000
0.000000000 0.000000000
0.376989600 0.493844000
-1.193848611 -0.000000000
0.000000000 0.000000000
0.000000000 0.000000000
0.000000000 0.000000000
0.848262758 0.000000000
0.000000000 0.000000000
0.000000000 0.000000000
0.000000000 0.000000000
-0.397949537 0.000000000
0.000000000 0.000000000
0.000000000 1.000000000
0.000000000 0.000000000
-0.104727368 -0.000000000
0.000000000 0.000000000
0.000000000 0.000000000
0.000000000 0.000000000
0.000000000 0.000000000
0.000000000 0.000000000
-1.193848611 0.000000000
0.000000000 0.000000000
0.000000000 0.000000000
0.000000000 0.000000000
0.000000000 0.000000000
0.000000000 0.000000000
0.000000000 0.000000000
-0.900626442 -0.000000000
0.000000000 0.000000000
-1.246212295 0.000000000
0.000000000 0.000000000
0.000000000 1.876539000
0.000000000 0.000000000
0.000000000 0.000000000
0.000000000 0.000000000
0.000000000 0.000000000
0.000000000 0.000000000
0.000000000 0.000000000
0.000000000 0.000000000
-0.314182105 -1.222212750
0.000000000 0.000000000
0.450313221 0.000000000
0.000000000 0.000000000
0.020959937 0.975290750
0.000000000 0.000000000
0.000000000 0.000000000
0.000000000 0.000000000
0.000000000 0.000000000
0.000000000 0.000000000
0.000000000 0.000000000
0.000000000 0.000000000
0.000000000 0.000000000
0.000000000 0.000000000
1.120524990 1.679035500
0.000000000 0.000000000
0.000000000 0.000000000
0.000000000 0.000000000
-2.073515116 -1.493844000
0.000000000 0.000000000
0.000000000 0.000000000
0.000000000 0.000000000
0.000000000 0.000000000
0.000000000 0.000000000
0.000000000 0.000000000
0.000000000 0.000000000
0.000000000 0.000000000
0.000000000 0.000000000
0.000000000 0.000000000
-2.251566105 0.000000000
0.000000000 0.000000000
-0.052363684 -0.876539000
0.000000000 0.000000000
0.000000000 0.000000000
0.000000000 -0.938269500
0.000000000 0.000000000
0.000000000 0.000000000
0.000000000 0.000000000
0.000000000 0.469134750
0.000000000 0.000000000
0.000000000 0.000000000
0.000000000 0.000000000
0.000000000 0.000000000
0.000000000 0.000000000
0.000000000 0.000000000
0.293222168 0.000000000
0.000000000 0.000000000
3.791000568 0.000000000
0.000000000 0.000000000
0.000000000 0.000000000
0.000000000 0.000000000
0.000000000 0.000000000
0.000000000 0.000000000
0.000000000 0.000000000
0.000000000 0.000000000
0.000000000 0.000000000
0.000000000 0.000000000
-0.460684718 -0.395177500
0.000000000 0.000000000
0.000000000 0.000000000
-2.544788274 -0.000000000
0.000000000 0.000000000
0.000000000 0.000000000
0.000000000 0.000000000
0.000000000 0.000000000
0.000000000 0.000000000
0.000000000 0.000000000
0.000000000 0.000000000
0.000000000 0.000000000
0.000000000 0.000000000
0.000000000 0.000000000
0.000000000 0.000000000
0.000000000 0.000000000
-0.397949537 -0.000000000
0.000000000 0.000000000
0.000000000 0.000000000
0.000000000 0.000000000
0.000000000 0.000000000
0.000000000 0.000000000
0.000000000 0.000000000
0.000000000 0.000000000
0.000000000 0.000000000
0.000000000 0.000000000
3.393051031 0.000000000
0.000000000 0.000000000
0.000000000 0.000000000
0.000000000 0.000000000
0.000000000 0.469134750
0.387505726 3.012312000
0.000000000 0.000000000
0.000000000 0.000000000
1.350939663 0.000000000
0.000000000 0.000000000
0.000000000 0.000000000
0.000000000 0.000000000
0.000000000 0.000000000
0.000000000 0.000000000
0.000000000 0.000000000
0.000000000 0.000000000
0.000000000 0.000000000
0.000000000 0.000000000
0.000000000 0.000000000
0.000000000 1.000000000
0.000000000 0.000000000
0.000000000 0.000000000
2.649515642 0.000000000
0.000000000 0.000000000
0.000000000 0.000000000
0.000000000 0.000000000
0.000000000 0.000000000
0.576000526 0.913560250
0.000000000 0.000000000
0.000000000 0.000000000
0.000000000 0.000000000
0.000000000 0.000000000
-0.450313221 0.000000000
0.000000000 -2.123461000
0.000000000 0.000000000
0.000000000 0.000000000
0.000000000 0.000000000
0.848262758 0.000000000
0.000000000 0.000000000
0.000000000 0.000000000
0.000000000 0.000000000
0.000000000 0.000000000
0.000000000 0.000000000
0.712131642 2.506156000
0.000000000 0.000000000
1.853616568 0.000000000
0.000000000 0.000000000
0.000000000 0.000000000
0.000000000 0.000000000
0.000000000 0.000000000
0.000000000 0.000000000
0.000000000 0.000000000
0.000000000 0.000000000
1.078677431 3.728368750
0.000000000 0.000000000
0.000000000 0.000000000
0.000000000 0.000000000
0.000000000 0.000000000
0.000000000 0.000000000
0.000000000 0.000000000
0.000000000 0.000000000
5.089576547 0.000000000
0.000000000 0.000000000
0.000000000 0.000000000
0.000000000 0.000000000
0.000000000 0.000000000
0.000000000 -0.469134750
0.000000000 1.061730500
0.000000000 0.000000000
0.000000000 0.000000000
0.000000000 0.000000000
0.000000000 -0.938269500
0.000000000 0.000000000
0.000000000 -3.061730500
0.000000000 0.000000000
0.000000000 0.000000000
0.000000000 0.000000000
0.000000000 0.000000000
0.000000000 0.000000000
0.000000000 0.000000000
0.000000000 0.000000000
0.000000000 0.000000000
0.000000000 0.000000000
0.000000000 0.000000000
0.000000000 0.000000000
0.000000000 0.000000000
0.000000000 0.000000000
0.000000000 0.000000000
0.000000000 0.000000000
0.000000000 0.000000000
0.000000000 0.000000000
0.041919873 0.950581500
0.000000000 0.000000000
0.000000000 0.000000000
0.000000000 0.000000000
0.000000000 0.000000000
0.366545789 0.506156000
0.450313221 0.000000000
0.000000000 0.000000000
2.995101495 0.000000000
0.000000000 0.000000000
0.000000000 0.000000000
0.000000000 0.000000000
0.000000000 0.000000000
0.000000000 0.000000000
0.000000000 1.407404250
0.000000000 0.469134750
0.000000000 0.000000000
0.000000000 0.000000000
0.000000000 0.000000000
0.000000000 0.000000000
0.000000000 0.000000000
0.000000000 0.000000000
0.000000000 0.000000000
0.000000000 0.000000000
0.000000000 0.000000000
0.000000000 0.000000000
-1.350939663 0.000000000
0.000000000 0.000000000
0.000000000 0.000000000
0.000000000 0.000000000
0.000000000 0.000000000
0.000000000 0.000000000
-1.696525516 0.000000000
0.000000000 0.000000000
0.000000000 0.000000000
0.000000000 1.530865250
0.397949537 0.000000000
-1.193848611 -0.000000000
0.000000000 0.000000000
0.000000000 0.000000000
-1.246212295 0.000000000
0.000000000 0.000000000
0.000000000 0.000000000
-3.602505768 -0.000000000
0.000000000 0.000000000
1.696525516 0.000000000
0.000000000 0.000000000
0.000000000 0.000000000
2.042111368 0.000000000
0.000000000 0.000000000
0.471273158 2.382695000
-0.240858484 -0.716056750
0.000000000 0.000000000
0.000000000 -0.530865250
0.000000000 0.000000000
0.000000000 0.000000000
0.000000000 0.000000000
0.000000000 0.000000000
0.000000000 0.000000000
0.000000000 0.000000000
0.000000000 0.000000000
1.696525516 0.000000000
2.146838737 0.000000000
0.000000000 0.530865250
0.000000000 0.000000000
0.000000000 0.000000000
0.000000000 0.000000000
0.000000000 0.000000000
0.000000000 0.000000000
0.000000000 0.000000000
0.000000000 0.000000000
0.000000000 0.000000000
-2.995101495 0.000000000
2.146766422 0.000085250
0.000000000 0.000000000
0.000000000 0.000000000
0.000000000 0.000000000
0.000000000 0.000000000
6.094930358 0.000000000
0.000000000 0.000000000
0.000000000 0.000000000
0.000000000 0.000000000
0.795899074 0.000000000
0.000000000 0.000000000
0.000000000 0.000000000
0.000000000 0.000000000
0.000000000 1.000000000
0.000000000 0.753078000
0.000000000 0.000000000
0.000000000 0.000000000
-0.261818421 -2.160482250
0.000000000 0.000000000
0.000000000 0.000000000
0.000000000 0.000000000
0.000000000 0.000000000
0.000000000 0.000000000
-1.246212295 0.000000000
0.000000000 0.000000000
0.000000000 -6.000000000
0.345585853 0.000000000
0.000000000 0.000000000
0.000000000 0.000000000
0.000000000 0.000000000
0.000000000 0.000000000
0.000000000 0.000000000
0.000000000 0.000000000
0.000000000 0.000000000
0.000000000 0.000000000
4.188950105 0.000000000
0.000000000 0.000000000
0.000000000 0.000000000
0.848262758 0.000000000
0.000000000 0.000000000
0.000000000 0.000000000
0.000000000 0.000000000
0.000000000 0.000000000
0.000000000 0.000000000
0.000000000 0.938269500
0.000000000 0.000000000
0.000000000 0.000000000
-0.607404274 0.000000000
-0.136131116 -1.839517750
0.000000000 0.000000000
0.000000000 0.000000000
0.000000000 0.000000000
0.000000000 0.000000000
0.450313221 0.000000000
0.000000000 0.000000000
0.000000000 0.000000000
0.000000000 0.000000000
0.000000000 0.000000000
2.890374126 0.000000000
-2.544788274 0.000000000
0.073323621 1.382695000
0.000000000 0.000000000
0.000000000 0.000000000
0.000000000 0.000000000
0.000000000 0.000000000
0.000000000 0.000000000
0.000000000 0.000000000
0.000000000 -0.469134750
0.000000000 0.000000000
0.000000000 0.000000000
-0.031403748 -0.432113500
0.000000000 0.000000000
0.000000000 0.000000000
0.000000000 0.000000000
0.000000000 0.000000000
0.000000000 0.000000000
0.000000000 0.000000000
0.261818421 0.160482250
0.000000000 0.000000000
2.492424589 0.000000000
0.000000000 0.000000000
0.397949537 0.000000000
0.000000000 0.000000000
0.000000000 0.000000000
0.000000000 0.000000000
1.298575979 0.000000000
0.000000000 0.000000000
-1.350939663 0.000000000
0.000000000 0.000000000
0.000000000 0.000000000
0.000000000 0.000000000
0.000000000 0.000000000
0.000000000 0.000000000
0.000000000 0.000000000
0.000000000 4.061730500
0.000000000 0.000000000
-0.209454737 0.000000000
6.042566673 0.000000000
0.000000000 0.000000000
0.000000000 0.000000000
0.795899074 0.000000000
0.000000000 0.000000000
0.000000000 0.000000000
0.000000000 0.000000000
-1.298575979 0.000000000
0.000000000 0.000000000
0.115243494 1.271546000
0.000000000 0.000000000
0.000000000 0.000000000
0.000000000 0.000000000
0.000000000 1.753078000
-0.062879810 -1.925872250
0.000000000 0.000000000
0.000000000 0.000000000
0.000000000 0.000000000
0.000000000 0.000000000
0.000000000 0.000000000
0.000000000 0.000000000
0.000000000 0.000000000
0.000000000 0.000000000
0.000000000 -0.469134750
0.000000000 0.000000000
0.000000000 0.000000000
0.000000000 0.000000000
0.000000000 0.000000000
0.000000000 0.000000000
0.000000000 0.000000000
0.000000000 0.000000000
0.000000000 0.000000000
0.000000000 0.000000000
0.596960462 3.012312000
0.000000000 0.000000000
0.000000000 0.000000000
0.000000000 0.000000000
0.000000000 0.000000000
0.000000000 0.000000000
0.000000000 0.000000000
0.000000000 -1.407404250
0.000000000 0.000000000
0.000000000 0.000000000
0.000000000 0.000000000
0.000000000 0.000000000
0.000000000 0.000000000
0.000000000 0.000000000
0.000000000 1.469134750
0.157091053 0.000000000
0.000000000 0.000000000
0.450313221 0.000000000
0.000000000 0.000000000
-0.345585853 0.000000000
0.000000000 0.000000000
0.000000000 0.000000000
0.000000000 0.000000000
0.000000000 0.000000000
0.000000000 0.000000000
0.000000000 0.000000000
0.000000000 0.000000000
0.795899074 0.000000000
0.000000000 0.000000000
0.000000000 0.000000000
0.000000000 0.000000000
0.000000000 0.000000000
0.000000000 0.000000000
0.000000000 0.000000000
0.000000000 0.000000000
-2.481980778 -3.074042500
0.000000000 0.000000000
0.000000000 0.000000000
2.146838737 0.000000000
0.000000000 0.000000000
0.000000000 0.000000000
0.000000000 0.000000000
0.000000000 0.000000000
0.000000000 0.000000000
0.000000000 0.000000000
0.000000000 0.000000000
0.000000000 0.000000000
0.000000000 0.000000000
-1.591798147 0.000000000
0.000000000 0.000000000
0.000000000 0.000000000
0.848262758 0.000000000
0.000000000 0.000000000
0.000000000 0.000000000
0.000000000 0.000000000
0.000000000 0.000000000
0.000000000 0.000000000
0.000000000 0.000000000
0.000000000 0.000000000
0.000000000 0.000000000
0.000000000 0.000000000
0.000000000 0.000000000
0.000000000 0.000000000
0.000000000 0.000000000
-1.047273683 -0.765390000
0.000000000 0.000000000
0.000000000 0.000000000
0.000000000 0.000000000
0.000000000 0.000000000
0.000000000 0.000000000
0.000000000 0.000000000
0.000000000 0.000000000
0.000000000 0.000000000
0.000000000 0.000000000
0.000000000 0.000000000
0.000000000 0.000000000
0.000000000 0.469134750
0.115243494 2.333276500
0.000000000 0.000000000
0.000000000 0.000000000
0.000000000 0.000000000
0.000000000 2.000000000
0.000000000 0.000000000
0.000000000 0.000000000
-0.020959937 -1.975290750
0.000000000 0.000000000
0.000000000 0.000000000
0.000000000 0.000000000
0.000000000 0.000000000
0.502676905 0.000000000
0.000000000 0.000000000
0.000000000 0.000000000
0.000000000 0.000000000
0.000000000 0.000000000
0.000000000 0.000000000
0.000000000 0.000000000
0.000000000 0.000000000
-0.073323621 -0.444425500
1.298575979 0.000000000
0.000000000 0.000000000
0.000000000 0.000000000
0.994909999 3.888851000
0.000000000 0.000000000
0.000000000 0.000000000
0.000000000 0.000000000
-0.397949537 -0.000000000
0.000000000 0.000000000
0.000000000 0.000000000
0.000000000 0.000000000
0.000000000 0.000000000
0.000000000 0.000000000
0.000000000 0.000000000
0.397949537 0.000000000
0.000000000 0.000000000
-2.492424589 0.000000000
0.000000000 0.000000000
0.000000000 0.000000000
-0.397949537 0.000000000
0.000000000 0.000000000
-0.000000000 -1.876539000
0.000000000 0.000000000
0.450313221 0.000000000
0.000000000 0.000000000
0.000000000 0.000000000
0.000000000 0.000000000
0.000000000 0.000000000
0.000000000 0.000000000
0.000000000 0.000000000
0.000000000 0.000000000
0.000000000 0.000000000
0.000000000 0.000000000
0.000000000 0.000000000
0.000000000 0.000000000
0.000000000 0.000000000
0.000000000 0.000000000
0.000000000 1.530865250
0.000000000 0.000000000
0.000000000 0.000000000
0.000000000 0.000000000
-1.162444863 -1.629617000
0.000000000 0.000000000
0.000000000 0.000000000
0.052363684 0.000000000
0.000000000 0.000000000
0.000000000 0.407404250
0.000000000 0.000000000
-2.094475053 0.000000000
0.000000000 0.000000000
0.000000000 0.000000000
0.000000000 0.000000000
0.000000000 7.000000000
0.000000000 0.000000000
0.000000000 0.000000000
0.000000000 0.000000000
0.000000000 0.000000000
0.000000000 -0.530865250
0.000000000 0.000000000
0.000000000 0.000000000
0.000000000 0.000000000
0.000000000 -1.000000000
0.000000000 0.000000000
0.209454737 0.000000000
0.000000000 0.000000000
0.000000000 0.000000000
0.000000000 0.000000000
0.000000000 -0.061730500
0.000000000 0.000000000
0.000000000 0.000000000
3.895727937 0.000000000
0.000000000 -2.061730500
0.000000000 0.000000000
0.000000000 0.000000000
0.000000000 0.000000000
0.000000000 0.000000000
0.000000000 0.000000000
0.000000000 0.000000000
0.000000000 0.000000000
0.000000000 -2.000000000
0.000000000 -0.938269500
0.000000000 0.000000000
0.000000000 0.000000000
0.000000000 0.000000000
0.000000000 0.000000000
0.000000000 0.000000000
0.000000000 0.530865250
0.000000000 3.000000000
0.000000000 0.000000000
0.000000000 1.061730500
-0.209454737 -0.037021250
0.000000000 0.000000000
0.397949537 0.000000000
0.000000000 0.000000000
0.000000000 0.000000000
0.000000000 0.000000000
0.000000000 -1.876539000
0.000000000 0.000000000
2.094475053 0.000000000
0.000000000 0.000000000
0.000000000 0.000000000
0.000000000 0.000000000
0.000000000 0.000000000
0.000000000 0.000000000
0.000000000 0.469134750
0.000000000 0.000000000
0.000000000 0.000000000
0.000000000 0.000000000
0.000000000 -0.407404250
0.000000000 0.000000000
0.000000000 0.000000000
0.000000000 0.000000000
0.000000000 0.000000000
0.000000000 0.000000000
0.000000000 0.000000000
0.000000000 0.000000000
-2.042111368 0.000000000
-0.052363684 0.000000000
0.000000000 0.000000000
0.000000000 0.000000000
0.450313221 0.000000000
0.000000000 0.000000000
0.000000000 0.000000000
0.000000000 0.000000000
0.000000000 0.000000000
0.000000000 0.000000000
0.000000000 0.000000000
0.000000000 0.000000000
0.000000000 0.000000000
0.000000000 0.000000000
0.000000000 0.000000000
0.000000000 0.000000000
0.000000000 0.000000000
0.000000000 0.000000000
0.000000000 0.000000000
0.000000000 0.000000000
0.000000000 0.000000000
2.733283074 0.000000000
0.000000000 0.000000000
-2.251566105 -0.000000000
0.052363684 0.000000000
-0.209454737 0.000000000
0.000000000 0.000000000
0.000000000 0.000000000
0.000000000 0.000000000
0.000000000 0.000000000
0.000000000 0.000000000
0.000000000 0.000000000
0.366545789 1.913560250
0.000000000 0.000000000
0.000000000 0.000000000
0.000000000 0.000000000
2.544788274 0.000000000
0.000000000 0.000000000
0.000000000 0.000000000
0.000000000 0.000000000
0.000000000 0.000000000
0.000000000 0.000000000
0.000000000 0.000000000
0.000000000 0.000000000
2.094475053 0.000000000
0.000000000 0.000000000
0.000000000 0.000000000
1.350939663 0.000000000
0.000000000 0.000000000
0.000000000 0.000000000
0.000000000 0.000000000
0.000000000 0.000000000
0.000000000 0.000000000
0.000000000 0.000000000
0.000000000 0.000000000
0.000000000 0.000000000
0.000000000 0.000000000
0.000000000 0.000000000
0.000000000 0.000000000
0.460829346 0.456737500
0.000000000 0.000000000
0.000000000 0.000000000
0.000000000 0.000000000
0.000000000 0.000000000
0.000000000 0.000000000
0.000000000 3.061730500
-0.523636842 -1.382695000
0.000000000 0.000000000
0.000000000 0.000000000
0.000000000 1.876539000
0.000000000 0.000000000
0.000000000 0.000000000
0.000000000 0.000000000
0.000000000 0.000000000
0.000000000 -0.530865250
0.000000000 0.000000000
0.000000000 0.000000000
0.000000000 0.000000000
0.000000000 0.000000000
0.000000000 0.000000000
0.000000000 0.000000000
0.000000000 0.000000000
0.000000000 0.000000000
0.000000000 0.000000000
0.000000000 -1.061730500
0.000000000 0.000000000
0.000000000 0.000000000
0.000000000 0.000000000
0.000000000 0.000000000
0.000000000 0.530865250
1.246212295 0.000000000
0.858778883 2.456737500
0.031403748 1.493844000
0.000000000 0.000000000
0.000000000 0.000000000
0.000000000 0.000000000
0.000000000 0.000000000
0.157091053 0.876539000
0.000000000 0.469134750
0.000000000 0.000000000
3.738636884 1.592595750
0.000000000 0.000000000
0.000000000 0.000000000
0.000000000 0.000000000
0.000000000 0.000000000
0.052363684 0.000000000
0.000000000 0.000000000
0.000000000 0.000000000
0.000000000 0.000000000
2.890374126 0.000000000
0.000000000 -6.000000000
0.000000000 0.000000000
0.000000000 0.000000000
0.000000000 0.000000000
0.000000000 0.000000000
-0.733091578 -0.074042500
0.000000000 0.000000000
0.000000000 0.000000000
-0.314182105 -0.567886500
0.000000000 0.000000000
0.000000000 0.000000000
0.000000000 0.000000000
0.000000000 0.000000000
1.748889200 0.000000000
0.000000000 0.000000000
0.000000000 -1.000000000
0.000000000 0.000000000
0.439869410 2.012312000
0.000000000 0.000000000
0.000000000 0.000000000
0.000000000 0.000000000
0.000000000 0.000000000
0.000000000 0.000000000
0.000000000 0.000000000
0.000000000 0.000000000
0.000000000 0.000000000
-2.544788274 0.000000000
2.754243010 0.000000000
0.000000000 -0.938269500
0.000000000 0.000000000
0.000000000 -3.185191500
0.000000000 0.000000000
0.000000000 0.000000000
0.000000000 0.000000000
-0.052363684 0.000000000
0.000000000 0.000000000
0.188494800 0.000000000
0.000000000 0.000000000
0.000000000 0.000000000
0.000000000 0.000000000
0.000000000 0.000000000
0.000000000 0.000000000
0.000000000 0.000000000
0.000000000 0.000000000
0.000000000 0.000000000
0.000000000 0.000000000
0.000000000 0.000000000
0.000000000 0.000000000
3.445414716 0.000000000
0.000000000 0.000000000
0.000000000 0.000000000
0.000000000 0.000000000
0.000000000 0.000000000
0.000000000 0.000000000
0.000000000 0.000000000
0.000000000 0.000000000
0.000000000 0.000000000
0.000000000 0.000000000
0.000000000 0.000000000
0.000000000 0.000000000
0.000000000 0.000000000
0.000000000 -1.000000000
0.000000000 0.000000000
0.000000000 0.000000000
0.000000000 0.000000000
1.256728420 2.111063750
0.000000000 0.000000000
0.000000000 0.000000000
0.000000000 0.000000000
0.000000000 0.123461000
0.000000000 0.000000000
0.000000000 0.000000000
0.000000000 1.407404250
0.000000000 0.000000000
0.000000000 0.000000000
0.000000000 0.000000000
0.000000000 0.000000000
0.000000000 0.000000000
0.000000000 0.000000000
0.000000000 0.000000000
0.000000000 0.000000000
0.000000000 0.000000000
0.000000000 -4.530865250
0.000000000 0.000000000
0.000000000 0.000000000
-1.539434463 0.000000000
0.000000000 0.000000000
0.000000000 0.000000000
-1.696525516 -0.000000000
0.000000000 0.000000000
0.000000000 0.000000000
0.000000000 0.000000000
0.000000000 0.000000000
0.000000000 0.000000000
0.000000000 0.000000000
0.000000000 0.000000000
0.000000000 0.000000000
0.000000000 0.000000000
3.047465179 0.000000000
-0.397949537 0.000000000
0.000000000 0.000000000
0.000000000 0.000000000
0.000000000 0.000000000
0.000000000 0.000000000
0.502676905 3.938269500
0.000000000 0.000000000
0.052363684 0.000000000
1.696525516 0.000000000
0.000000000 0.000000000
-0.073323621 -1.913560250
0.900626442 0.000000000
0.000000000 0.000000000
0.000000000 0.000000000
0.000000000 0.000000000
-0.848262758 0.000000000
1.696525516 0.000000000
0.000000000 0.000000000
0.000000000 0.000000000
0.000000000 0.000000000
0.000000000 0.000000000
0.000000000 0.000000000
0.000000000 0.000000000
0.000000000 0.000000000
0.000000000 0.000000000
1.152001052 4.580198500
0.000000000 0.000000000
0.000000000 0.000000000
0.000000000 0.000000000
0.000000000 0.000000000
0.000000000 -3.123461000
0.000000000 0.000000000
0.000000000 0.000000000
0.000000000 0.000000000
0.000000000 1.000000000
0.000000000 0.000000000
0.000000000 0.000000000
0.000000000 0.000000000
0.000000000 0.000000000
0.000000000 0.000000000
0.000000000 0.000000000
0.000000000 0.000000000
0.052363684 2.530865250
0.000000000 0.000000000
0.000000000 0.000000000
0.000000000 0.000000000
0.000000000 0.000000000
0.000000000 0.000000000
0.000000000 0.000000000
4.586899642 0.000000000
1.246212295 0.000000000
0.000000000 0.000000000
0.000000000 0.000000000
0.000000000 0.000000000
-1.801252884 -0.000000000
0.000000000 0.000000000
0.000000000 0.000000000
0.000000000 0.000000000
0.000000000 0.000000000
0.000000000 0.000000000
-0.397949537 -0.000000000
0.000000000 0.000000000
0.000000000 0.000000000
0.000000000 0.000000000
0.000000000 0.000000000
0.000000000 0.000000000
0.000000000 0.000000000
0.000000000 0.000000000
0.000000000 1.592595750
0.000000000 0.000000000
-0.397949537 0.000000000
0.000000000 0.000000000
-1.696525516 0.000000000
0.900626442 0.000000000
0.000000000 0.000000000
0.397949537 0.000000000
0.000000000 0.000000000
0.000000000 -1.000000000
0.000000000 0.938269500
0.000000000 0.000000000
0.000000000 0.000000000
0.000000000 0.000000000
0.000000000 0.000000000
0.000000000 0.000000000
0.000000000 0.000000000
0.000000000 0.000000000
0.000000000 0.530865250
0.429425599 5.839432500
0.000000000 0.000000000
0.000000000 0.000000000
0.209454737 2.691347500
0.000000000 0.000000000
0.000000000 0.000000000
0.000000000 0.000000000
0.000000000 0.000000000
0.000000000 0.000000000
0.000000000 0.000000000
0.000000000 0.000000000
0.073323621 0.382695000
0.000000000 0.000000000
0.000000000 0.000000000
0.000000000 0.000000000
0.000000000 0.000000000
0.000000000 0.000000000
0.000000000 0.000000000
0.000000000 0.000000000
-0.450313221 0.000000000
0.000000000 0.000000000
0.000000000 0.000000000
0.890182631 0.481446750
0.000000000 0.000000000
0.000000000 1.469134750
0.000000000 0.000000000
0.000000000 0.000000000
0.000000000 0.000000000
0.000000000 0.000000000
0.000000000 0.000000000
0.000000000 0.000000000
0.115243494 2.333276500
0.000000000 0.000000000
-0.314182105 -1.283943250
-0.418909473 -1.506156000
0.000000000 0.000000000
3.602505768 0.000000000
-0.848262758 0.000000000
0.000000000 0.000000000
0.000000000 0.000000000
0.000000000 0.000000000
0.000000000 0.000000000
-1.298575979 0.000000000
0.000000000 0.000000000
0.000000000 0.000000000
0.000000000 0.000000000
0.000000000 0.000000000
0.000000000 0.000000000
0.000000000 0.000000000
0.000000000 0.000000000
0.000000000 0.000000000
0.000000000 0.000000000
0.000000000 0.000000000
2.544788274 0.000000000
0.000000000 0.000000000
0.000000000 -2.061730500
0.062879810 0.925872250
0.000000000 0.000000000
-0.418909473 -2.506156000
0.000000000 0.000000000
0.000000000 0.000000000
0.000000000 0.000000000
0.000000000 0.000000000
5.937839305 0.000000000
0.000000000 0.000000000
0.000000000 0.000000000
3.288323663 0.777787250
0.000000000 0.000000000
0.000000000 0.000000000
0.000000000 0.000000000
0.000000000 0.000000000
0.261818421 7.037021250
0.000000000 0.000000000
0.000000000 0.000000000
-0.450313221 0.000000000
0.000000000 0.000000000
0.000000000 0.000000000
0.000000000 0.000000000
0.000000000 0.000000000
0.000000000 0.000000000
0.000000000 0.000000000
0.000000000 0.000000000
0.000000000 0.000000000
-0.115243494 -1.333276500
0.000000000 0.000000000
0.000000000 0.000000000
0.000000000 0.000000000
0.000000000 0.000000000
0.000000000 0.000000000
0.000000000 0.000000000
-1.298575979 0.000000000
0.000000000 1.000000000
0.000000000 0.000000000
0.000000000 0.000000000
0.000000000 0.000000000
0.000000000 0.000000000
0.000000000 0.000000000
0.000000000 0.000000000
0.000000000 0.000000000
2.094475053 0.000000000
0.000000000 0.000000000
0.000000000 0.000000000
-0.062879810 -0.271546000
0.000000000 0.000000000
0.000000000 0.000000000
0.000000000 0.000000000
0.052363684 0.000000000
0.000000000 0.000000000
0.000000000 0.000000000
1.748889200 0.000000000
0.000000000 0.000000000
0.000000000 0.000000000
0.000000000 0.000000000
0.000000000 0.000000000
0.000000000 0.000000000
0.000000000 0.000000000
0.000000000 0.000000000
0.000000000 0.000000000
0.000000000 0.000000000
0.000000000 0.000000000
0.000000000 0.000000000
1.413674844 0.395177500
-2.995101495 -0.000000000
0.000000000 0.000000000
0.000000000 0.000000000
0.000000000 0.000000000
0.000000000 0.000000000
0.000000000 0.000000000
0.000000000 0.000000000
0.000000000 0.000000000
2.115434989 0.000000000
0.000000000 6.345673750
0.000000000 0.000000000
0.000000000 0.000000000
0.000000000 0.000000000
0.000000000 0.000000000
0.000000000 0.000000000
-0.848262758 0.000000000
0.000000000 0.000000000
0.000000000 0.000000000
0.000000000 0.000000000
0.020959937 0.506156000
0.000000000 0.000000000
0.000000000 0.000000000
0.000000000 7.000000000
0.000000000 0.000000000
0.000000000 0.000000000
0.000000000 0.000000000
0.000000000 0.000000000
2.440060905 0.000000000
0.104727368 0.000000000
0.450313221 0.000000000
0.000000000 0.000000000
2.649515642 0.000000000
-1.246212295 0.000000000
0.000000000 0.000000000
1.696525516 0.000000000
0.000000000 0.000000000
7.131687916 0.000000000
0.041919873 0.950581500
0.000000000 0.000000000
0.000000000 0.000000000
0.000000000 0.000000000
0.000000000 0.000000000
0.000000000 0.000000000
0.000000000 0.000000000
0.000000000 0.000000000
6.786102063 0.000000000
0.000000000 0.000000000
0.000000000 0.000000000
-1.696525516 0.000000000
-0.397949537 0.000000000
0.000000000 0.000000000
0.000000000 0.000000000
0.000000000 0.000000000
0.000000000 -0.530865250
-0.052363684 0.000000000
0.000000000 0.000000000
0.000000000 -0.530865250
0.000000000 0.000000000
0.000000000 0.000000000
0.000000000 0.000000000
0.000000000 0.000000000
0.000000000 -1.938269500
0.000000000 0.000000000
4.754506820 0.333276500
0.000000000 0.000000000
0.000000000 0.000000000
0.000000000 0.000000000
-0.397949537 0.000000000
0.000000000 0.000000000
0.000000000 0.000000000
0.000000000 0.000000000
0.000000000 0.000000000
0.000000000 2.000000000
0.000000000 1.000000000
-0.450313221 0.000000000
0.000000000 0.000000000
0.000000000 0.000000000
0.000000000 0.000000000
0.000000000 0.000000000
0.000000000 0.000000000
0.314182105 0.691347500
0.000000000 -2.000000000
0.000000000 0.000000000
0.000000000 0.000000000
0.000000000 0.000000000
0.848262758 0.000000000
1.696525516 0.000000000
0.000000000 0.000000000
0.000000000 0.000000000
0.000000000 0.000000000
0.000000000 0.000000000
0.000000000 1.469134750
0.000000000 0.000000000
0.000000000 0.000000000
0.000000000 0.000000000
0.000000000 0.000000000
0.000000000 0.000000000
0.000000000 0.000000000
0.345585853 0.000000000
0.000000000 0.000000000
0.000000000 0.000000000
0.000000000 0.000000000
0.000000000 0.000000000
-0.450313221 0.000000000
0.000000000 0.000000000
0.000000000 0.000000000
0.000000000 0.000000000
0.000000000 0.000000000
1.246212295 0.000000000
0.000000000 0.000000000
0.000000000 0.469134750
0.000000000 0.000000000
0.000000000 0.000000000
0.000000000 0.000000000
0.000000000 0.000000000
0.000000000 0.407404250
0.000000000 0.000000000
0.000000000 0.000000000
0.000000000 0.000000000
0.848262758 0.000000000
1.246212295 0.000000000
0.000000000 0.000000000
1.696525516 0.000000000
0.000000000 0.000000000
0.000000000 0.000000000
0.000000000 0.000000000
0.000000000 0.000000000
0.000000000 0.000000000
0.000000000 0.000000000
0.000000000 0.000000000
0.000000000 0.000000000
0.000000000 0.000000000
0.000000000 0.000000000
0.000000000 0.000000000
0.000000000 0.000000000
0.000000000 0.000000000
0.000000000 0.000000000
0.000000000 0.000000000
0.000000000 0.000000000
0.000000000 0.000000000
0.000000000 0.000000000
0.000000000 0.000000000
0.387505726 1.197503500
0.000000000 0.000000000
0.000000000 0.000000000
0.000000000 0.000000000
0.000000000 0.000000000
-0.397949537 0.000000000
0.000000000 0.000000000
0.502676905 0.000000000
0.000000000 0.000000000
0.000000000 0.000000000
0.000000000 0.000000000
0.000000000 0.000000000
0.000000000 1.061730500
0.157091053 3.345673750
0.000000000 0.000000000
0.000000000 0.000000000
0.000000000 0.000000000
0.000000000 0.000000000
0.000000000 0.000000000
0.000000000 0.000000000
0.000000000 0.000000000
-0.041919873 -0.481446750
0.000000000 0.000000000
0.000000000 1.407404250
0.000000000 0.000000000
-0.450313221 -0.000000000
0.000000000 0.000000000
0.000000000 0.000000000
0.000000000 0.000000000
0.000000000 0.000000000
0.000000000 0.000000000
0.000000000 0.000000000
0.000000000 0.000000000
0.000000000 0.469134750
0.000000000 0.000000000
0.000000000 -0.469134750
0.000000000 2.000000000
0.450313221 0.000000000
0.000000000 0.000000000
0.000000000 0.000000000
0.000000000 0.000000000
1.403231033 0.000085250
1.298575979 0.000000000
2.597151958 0.000000000
0.000000000 0.000000000
-0.115243494 -1.395007000
0.000000000 0.000000000
0.000000000 0.000000000
0.000000000 0.000000000
0.000000000 0.000000000
0.000000000 0.000000000
0.848262758 0.000000000
0.000000000 0.000000000
0.000000000 0.000000000
0.000000000 0.000000000
0.000000000 0.000000000
-0.397949537 0.000000000
0.000000000 0.000000000
0.000000000 0.000000000
0.000000000 0.000000000
-0.209454737 0.000000000
0.000000000 0.000000000
0.000000000 0.000000000
0.000000000 0.000000000
0.000000000 0.000000000
0.000000000 0.000000000
0.000000000 0.000000000
0.000000000 -4.000000000
1.246212295 0.000000000
0.000000000 0.000000000
0.000000000 0.000000000
0.000000000 0.000000000
0.000000000 0.000000000
0.000000000 0.000000000
0.000000000 0.000000000
0.000000000 0.000000000
0.000000000 0.000000000
0.000000000 0.000000000
-0.900626442 0.000000000
0.000000000 0.000000000
0.000000000 0.000000000
0.000000000 0.000000000
0.000000000 0.000000000
0.000000000 0.000000000
-0.523636842 -3.790099250
0.000000000 0.000000000
0.209454737 4.222212750
0.000000000 0.000000000
0.000000000 0.000000000
0.000000000 0.000000000
-0.963506252 -0.333276500
1.298575979 3.814808500
0.000000000 0.000000000
0.837818947 0.481446750
0.000000000 0.000000000
-0.795899074 0.000000000
0.000000000 0.000000000
0.000000000 0.000000000
0.000000000 0.000000000
0.000000000 0.000000000
0.000000000 0.000000000
0.000000000 0.000000000
0.000000000 0.000000000
1.256728420 5.395007000
0.000000000 0.000000000
0.000000000 0.000000000
0.000000000 0.000000000
0.000000000 0.000000000
0.000000000 0.000000000
0.000000000 0.000000000
0.000000000 0.000000000
0.000000000 0.938269500
0.000000000 0.000000000
0.000000000 0.000000000
0.000000000 -1.530865250
0.000000000 0.000000000
0.000000000 0.000000000
0.000000000 0.000000000
3.602505768 0.000000000
0.000000000 0.000000000
0.000000000 0.000000000
-0.450313221 0.000000000
0.450313221 0.000000000
0.000000000 0.000000000
0.000000000 0.000000000
0.000000000 0.000000000
0.000000000 0.000000000
0.000000000 -4.345673750
0.000000000 0.000000000
0.000000000 0.000000000
0.000000000 0.000000000
0.523636842 5.382695000
0.000000000 0.000000000
0.000000000 0.000000000
0.000000000 0.000000000
0.000000000 0.000000000
0.000000000 0.000000000
0.000000000 0.000000000
0.000000000 0.000000000
0.000000000 0.000000000
0.000000000 0.000000000
0.000000000 0.000000000
0.000000000 0.000000000
0.000000000 0.000000000
0.000000000 0.000000000
0.000000000 0.000000000
0.000000000 0.000000000
0.000000000 0.000000000
0.000000000 0.000000000
0.000000000 0.000000000
0.000000000 0.000000000
0.000000000 0.000000000
0.000000000 0.000000000
0.000000000 0.000000000
0.000000000 0.000000000
4.042375178 0.950581500
0.000000000 0.000000000
0.000000000 0.000000000
0.000000000 0.000000000
0.000000000 0.000000000
0.000000000 -0.469134750
0.000000000 -0.469134750
0.000000000 0.000000000
0.000000000 0.469134750
0.000000000 0.000000000
0.000000000 0.000000000
0.000000000 0.000000000
0.000000000 0.000000000
0.000000000 0.000000000
0.000000000 0.000000000
0.000000000 0.000000000
0.000000000 0.000000000
0.000000000 0.000000000
0.000000000 0.000000000
0.000000000 0.000000000
0.000000000 0.000000000
0.000000000 0.000000000
0.000000000 0.000000000
0.000000000 0.000000000
0.000000000 0.000000000
0.000000000 0.000000000
0.000000000 0.000000000
0.000000000 -0.061730500
0.031403748 0.493844000
0.000000000 0.000000000
0.000000000 0.000000000
0.000000000 0.000000000
0.000000000 0.000000000
5.089576547 0.000000000
0.000000000 0.000000000
0.000000000 0.000000000
-0.848262758 0.000000000
1.350939663 0.000000000
0.000000000 0.000000000
-0.712131642 0.000000000
0.000000000 0.000000000
0.000000000 0.000000000
0.000000000 0.000000000
0.000000000 0.000000000
0.000000000 0.000000000
-4.346041158 -0.000000000
0.000000000 0.000000000
0.000000000 0.000000000
0.000000000 0.000000000
0.000000000 0.000000000
0.000000000 0.000000000
0.000000000 0.000000000
0.000000000 0.000000000
0.848262758 0.000000000
0.000000000 0.000000000
0.000000000 0.000000000
0.000000000 0.000000000
0.000000000 0.000000000
0.000000000 0.000000000
-0.052363684 0.000000000
0.000000000 0.000000000
-0.397949537 -0.000000000
0.000000000 0.000000000
0.000000000 0.000000000
0.000000000 0.469134750
0.000000000 0.000000000
0.000000000 0.000000000
0.000000000 0.000000000
0.000000000 0.000000000
0.000000000 0.000000000
0.000000000 0.000000000
-0.450313221 -0.000000000
0.000000000 0.000000000
0.000000000 0.000000000
0.000000000 0.000000000
0.000000000 0.000000000
2.597151958 0.000000000
0.000000000 0.000000000
23.8730416426
