200 2604 1.1788800000 0.5284910000
41 130 3
15 22 3
150 167 5
87 182 4
29 107 7
139 142 7
128 196 6
189 197 10
18 98 5
50 114 4
80 196 5
18 152 4
89 159 3
68 139 7
24 93 2
9 37 7
41 174 3
61 144 7
138 148 5
45 123 10
79 134 2
24 83 7
29 155 3
2 28 10
13 90 9
35 97 1
16 54 4
96 153 2
4 60 4
162 180 5
53 115 6
86 162 8
135 181 7
35 118 6
119 124 1
54 83 8
147 182 3
18 112 9
91 174 10
124 181 8
81 101 7
33 50 5
140 164 5
115 129 8
136 186 3
98 163 9
190 199 8
21 48 6
57 113 7
44 81 6
25 93 9
93 150 2
112 130 1
35 63 1
30 82 2
22 58 1
24 119 2
77 78 1
158 184 2
71 175 10
75 95 2
143 160 7
94 162 2
9 39 4
124 164 6
32 67 1
78 131 5
28 100 6
27 129 2
57 108 5
101 121 2
113 144 2
3 167 6
135 154 6
33 129 4
42 136 3
47 87 5
67 113 1
36 49 5
55 168 9
71 118 4
4 62 2
125 164 3
36 144 4
19 149 2
164 167 9
22 187 7
3 158 2
58 187 4
66 189 7
110 189 1
145 164 8
59 116 3
34 176 3
186 189 3
75 78 4
151 152 4
95 143 9
79 82 2
75 131 7
149 166 9
13 51 6
29 178 8
62 150 6
123 185 10
164 173 8
3 192 6
105 144 8
2 182 7
37 184 9
64 95 8
11 60 8
16 184 7
19 32 4
19 168 10
91 112 8
32 191 1
25 200 1
1 163 8
88 195 3
80 133 3
56 199 1
7 28 2
75 185 7
48 116 9
102 116 4
72 99 2
22 37 6
28 105 3
44 197 10
114 143 9
19 139 2
3 74 8
83 140 5
16 93 10
56 82 8
102 105 8
39 60 4
167 184 6
148 172 1
13 184 7
27 44 9
84 106 3
179 197 1
48 133 9
148 196 10
12 197 7
192 198 4
88 128 7
114 154 5
44 132 3
63 65 5
147 168 2
79 103 7
185 193 1
50 174 3
70 185 8
81 109 9
89 95 5
94 182 6
7 56 1
106 189 7
162 172 2
21 126 2
24 145 3
67 142 1
76 169 2
68 190 6
123 179 2
123 130 9
173 181 8
157 184 2
32 155 8
70 114 8
76 83 7
41 189 3
84 110 1
194 199 7
13 137 1
15 169 7
64 136 10
46 174 8
146 179 9
35 197 8
90 181 8
42 99 10
162 166 10
27 151 3
23 53 10
106 185 6
95 122 4
73 158 8
72 179 7
51 124 3
56 107 2
153 189 2
39 76 6
12 174 4
2 113 7
45 75 6
162 168 2
65 112 6
82 149 2
177 187 3
59 194 1
67 172 8
26 124 6
12 20 8
20 64 10
1 97 9
155 178 7
136 176 6
7 149 9
23 81 6
55 86 7
65 111 3
38 95 4
97 154 9
25 137 6
87 116 6
55 178 5
122 159 3
53 97 3
46 50 5
91 163 3
82 133 8
71 129 10
20 112 2
89 152 5
113 139 6
18 183 3
17 88 3
62 157 9
91 122 1
116 149 4
97 129 8
43 126 10
94 191 1
23 160 2
92 137 1
32 43 3
32 94 10
43 170 2
21 141 3
140 184 9
42 70 7
69 172 10
161 179 6
11 22 10
62 164 3
103 139 2
93 124 6
79 100 8
8 73 7
7 190 8
68 148 3
134 165 1
63 109 7
141 142 8
28 69 4
1 123 2
3 117 3
86 168 9
153 161 7
47 57 6
61 147 9
73 177 6
121 136 9
75 179 5
134 172 6
1 185 7
138 144 6
68 144 1
21 116 3
58 150 2
120 157 6
62 169 1
77 146 3
48 196 1
32 80 6
31 118 1
32 195 4
79 147 5
100 170 9
4 16 8
11 93 8
35 111 2
196 199 4
44 118 8
30 178 7
23 65 6
99 110 8
90 192 6
21 36 3
3 90 6
88 138 4
30 142 2
24 150 1
8 124 2
65 163 8
23 109 6
15 156 6
102 138 6
13 73 3
51 157 2
150 187 4
142 172 7
43 180 3
88 162 10
35 96 8
52 189 5
41 186 3
8 181 10
79 178 9
3 13 8
70 91 2
22 62 3
148 195 5
178 199 4
130 132 2
30 195 7
38 112 8
13 164 5
87 168 7
62 104 7
57 67 8
25 76 9
124 157 3
22 83 5
55 180 7
70 163 3
34 78 10
52 71 10
79 133 8
46 193 4
18 161 2
37 76 4
63 72 4
87 134 2
46 111 7
56 155 5
140 156 9
27 114 1
27 50 6
22 92 5
171 187 7
113 116 2
64 91 1
109 143 7
47 139 4
104 150 10
7 10 7
89 106 2
100 127 8
2 105 8
13 167 10
41 176 5
49 172 9
13 120 5
16 167 7
127 138 8
30 116 10
133 148 3
149 199 10
9 120 9
59 180 7
152 159 8
52 143 6
12 111 2
33 46 7
167 177 6
109 174 9
14 30 8
35 115 10
162 195 6
63 179 3
135 192 5
121 174 3
138 147 3
111 114 5
55 57 1
47 49 7
76 93 1
53 160 10
142 182 2
149 195 1
82 172 5
127 162 2
105 134 5
95 146 2
113 194 9
60 164 7
100 188 1
34 75 4
32 88 9
8 167 5
41 151 3
85 173 5
165 194 9
113 138 3
1 159 3
10 191 8
23 89 8
111 179 3
94 155 3
78 110 8
64 123 6
168 188 5
91 111 1
136 175 6
30 47 4
37 156 6
118 121 7
114 129 3
80 188 5
2 155 6
181 200 1
1 20 6
49 94 9
11 157 10
19 47 3
113 190 2
159 186 9
96 106 3
82 195 8
87 199 10
30 162 1
125 158 3
74 140 8
107 147 9
89 96 7
63 115 6
147 165 4
31 52 10
112 163 6
4 26 3
15 145 2
68 194 4
32 144 2
64 118 2
4 6 7
100 128 4
53 101 1
82 178 6
72 189 5
2 195 5
139 172 10
46 114 3
39 181 8
79 199 4
13 60 6
39 145 7
12 99 10
4 15 4
35 66 9
1 95 2
165 180 4
45 146 3
64 110 9
178 188 4
26 187 4
116 172 5
16 138 4
2 30 10
7 21 3
13 85 10
160 185 8
112 153 2
33 97 10
49 142 10
31 179 2
94 180 1
23 136 3
21 79 2
24 76 6
38 65 1
14 84 8
69 79 1
124 137 10
135 140 1
145 200 6
15 37 8
73 92 5
23 38 4
28 40 3
123 132 7
132 179 7
24 177 2
71 151 3
87 156 8
35 161 7
89 110 3
76 198 3
14 91 10
177 192 7
40 47 6
51 140 6
89 115 9
102 133 1
21 194 4
50 98 1
117 177 8
73 76 3
48 87 3
4 150 2
31 130 8
26 85 3
48 79 5
23 110 5
35 91 5
17 113 2
2 17 4
30 191 4
6 181 2
57 155 1
88 147 10
120 169 7
164 192 9
12 121 10
165 182 5
6 125 4
56 194 8
45 50 4
30 127 3
48 165 7
59 133 5
156 184 3
27 131 3
109 161 8
44 160 3
98 174 4
17 134 2
96 197 10
77 111 9
48 102 4
84 174 9
46 185 10
26 169 5
92 200 1
97 176 10
5 68 1
28 127 7
8 157 9
5 172 2
125 140 9
15 93 7
85 135 9
59 196 2
16 171 2
54 119 2
104 200 10
42 106 10
139 195 2
124 150 8
24 184 7
88 105 2
69 87 2
3 187 4
34 50 4
37 60 1
58 60 7
88 182 1
25 164 9
43 68 6
27 46 3
54 104 1
51 192 4
70 72 6
146 175 2
25 37 1
12 34 9
12 193 2
56 165 2
69 103 6
56 141 7
11 62 4
118 131 9
23 84 4
33 64 5
29 32 8
26 198 5
47 116 5
84 97 10
29 139 8
15 187 10
63 193 2
174 185 10
9 74 5
67 116 8
114 175 8
28 149 2
8 22 5
56 87 1
48 158 9
168 199 7
2 191 7
112 185 1
64 186 10
161 193 9
83 92 8
16 177 10
92 104 8
20 109 7
3 140 3
80 182 1
19 194 5
68 182 10
96 151 6
58 158 5
67 191 2
26 62 8
154 197 7
1 132 10
46 183 1
6 177 8
119 171 5
7 61 6
23 66 5
95 114 10
143 183 1
104 171 6
96 161 2
158 192 1
30 69 7
73 104 10
35 95 6
93 120 3
34 132 4
57 141 3
121 183 1
15 119 6
29 172 7
143 163 3
29 68 6
8 200 3
45 112 10
142 191 2
2 139 8
159 163 7
26 60 1
80 144 7
75 89 5
3 184 9
65 114 6
12 129 1
55 100 5
15 60 7
60 173 10
86 172 3
160 179 3
5 141 9
21 94 1
81 193 10
127 182 4
115 143 1
77 112 9
144 188 9
38 131 8
46 63 2
17 30 6
95 118 5
116 196 9
68 116 3
92 135 2
61 127 1
126 142 3
108 180 2
25 145 3
32 190 2
55 142 3
39 73 7
90 119 3
94 113 10
110 163 2
85 120 10
164 184 7
191 196 10
44 71 9
91 136 9
37 92 6
105 107 4
101 189 7
86 188 5
40 134 10
129 152 3
57 86 10
84 175 4
117 137 9
35 81 1
38 174 10
5 47 10
84 95 6
119 167 10
3 150 9
173 200 4
70 118 6
74 164 10
73 137 1
81 175 10
110 121 10
21 196 3
124 125 2
81 189 9
145 173 5
54 164 6
174 186 1
43 108 9
192 200 3
85 157 5
21 172 5
49 182 8
138 168 2
6 39 7
10 149 8
29 40 5
58 169 2
27 176 1
45 53 3
61 190 8
37 171 5
36 133 1
11 92 2
29 47 1
128 162 4
13 117 2
9 85 8
15 167 1
74 169 8
54 117 8
61 113 1
70 106 6
161 163 6
13 26 8
17 36 1
151 154 5
117 184 2
10 17 9
21 134 7
13 93 2
117 157 8
88 172 1
121 151 10
38 130 9
105 113 3
24 104 5
17 32 3
138 165 5
44 101 9
99 193 6
24 54 7
49 170 2
10 162 1
18 23 3
79 168 10
47 199 10
49 57 7
138 195 4
112 114 10
87 138 6
52 110 8
47 67 8
86 166 1
46 154 9
23 130 8
24 192 8
108 182 6
119 184 6
28 138 10
35 53 4
94 168 8
144 196 7
12 143 5
95 123 9
91 161 7
74 93 1
55 67 5
124 167 7
100 138 4
148 170 1
170 190 7
170 178 10
4 171 9
121 176 5
21 57 6
5 199 7
10 148 3
103 155 6
55 194 1
114 193 5
57 127 1
45 189 10
114 189 6
45 163 8
19 80 10
5 102 2
30 32 9
116 191 10
57 107 7
50 97 7
102 199 8
4 192 10
66 130 10
60 156 10
33 154 2
95 189 7
22 167 5
43 190 5
54 158 9
74 104 3
27 179 6
182 194 2
36 148 5
44 69 6
96 189 5
25 157 10
39 74 10
7 172 3
104 181 4
73 171 4
137 145 6
23 189 9
174 197 7
114 152 6
97 185 6
119 157 9
57 139 10
29 102 7
138 162 3
4 9 3
20 131 8
77 95 8
55 148 7
55 88 5
91 121 9
113 134 2
33 84 2
29 69 9
7 126 8
102 195 7
161 185 6
85 104 5
133 162 4
37 62 7
32 108 4
163 175 5
5 100 6
114 197 4
7 116 5
45 77 8
121 132 2
78 97 7
85 119 4
19 166 4
23 185 4
46 52 1
3 37 4
15 125 1
49 155 6
82 188 10
135 200 6
89 132 4
16 39 6
74 125 2
144 190 4
87 172 2
157 181 8
7 191 1
47 194 1
141 147 7
4 140 3
86 127 4
25 184 4
86 134 2
157 177 3
133 195 7
66 154 3
99 183 2
115 123 2
28 116 8
40 155 9
24 25 4
107 196 2
17 172 10
52 75 8
161 175 7
28 88 2
52 131 9
146 153 1
111 189 10
26 92 8
71 106 8
12 122 7
10 21 9
3 8 3
36 67 5
136 152 4
91 96 9
110 159 7
18 70 8
52 123 6
142 147 7
31 121 4
95 183 1
29 170 5
6 117 1
67 144 9
27 33 2
150 184 9
165 166 6
11 125 10
134 190 4
58 73 10
7 195 2
128 148 1
16 192 1
64 131 1
20 75 6
72 185 6
61 180 7
145 177 8
50 115 10
130 152 10
10 108 5
87 103 7
39 137 9
69 139 7
40 56 4
127 170 1
19 82 6
61 79 9
150 158 1
118 129 10
74 192 1
37 167 1
40 102 7
114 179 9
11 158 7
59 149 9
17 194 2
35 84 6
40 139 1
83 145 3
14 97 7
65 176 2
68 113 9
77 97 6
50 64 10
16 158 10
27 146 7
63 112 7
152 183 3
51 54 4
56 57 3
75 174 5
40 43 2
69 195 1
34 183 1
101 143 8
76 145 1
51 85 5
75 161 10
113 127 1
33 96 4
18 186 3
65 71 2
63 163 3
20 72 2
16 164 4
36 55 10
156 192 8
20 27 9
89 160 9
79 139 7
49 67 8
170 172 4
5 28 4
99 136 5
13 158 5
102 188 4
110 122 6
2 180 1
51 171 10
8 20 9
140 198 6
63 89 1
107 195 7
69 188 1
53 109 10
152 186 1
23 44 6
64 130 5
105 127 3
5 170 8
22 156 4
126 149 9
92 150 8
76 167 1
48 49 8
34 96 2
29 116 5
60 184 10
51 181 2
99 161 7
6 167 10
16 58 1
21 138 1
119 125 9
13 83 2
85 117 8
111 160 9
16 150 5
48 199 8
83 125 2
13 156 1
83 93 3
103 199 4
10 69 2
118 174 9
114 153 4
66 118 7
28 29 5
38 84 1
147 196 1
11 198 5
73 85 9
51 120 6
3 157 5
44 70 6
99 106 3
79 155 1
68 134 7
110 160 7
63 175 7
26 167 3
142 196 6
31 71 8
31 45 10
134 148 9
69 113 7
74 145 9
94 190 1
145 156 5
57 178 6
25 171 8
39 51 7
123 159 2
113 172 8
62 119 6
141 155 7
6 104 1
55 80 3
141 190 4
31 154 2
44 122 6
3 25 4
36 47 2
63 130 9
76 104 7
50 121 2
94 105 7
90 93 2
58 93 5
72 143 6
76 85 6
68 105 10
89 197 5
105 148 2
2 36 2
15 200 1
8 164 4
15 16 10
6 145 7
95 175 3
47 172 7
120 124 5
5 126 3
120 177 7
53 77 3
133 134 3
118 179 10
9 62 4
75 160 1
91 185 9
38 98 7
92 173 10
19 195 3
35 132 2
99 111 5
8 90 1
127 139 2
13 37 5
2 144 9
65 99 6
99 197 6
17 80 2
44 176 3
44 111 4
9 137 7
34 123 10
25 124 9
59 170 2
72 75 6
17 138 10
26 145 7
69 116 4
23 143 4
19 134 5
18 95 2
61 142 3
90 156 7
18 123 3
96 160 2
88 170 8
20 163 10
54 167 3
20 114 7
100 162 7
90 198 2
6 140 3
89 175 9
25 167 6
87 188 4
136 161 1
50 63 3
88 102 5
4 85 3
171 184 9
1 52 7
42 163 4
16 135 8
134 162 1
106 160 3
56 67 9
159 174 6
85 90 7
69 142 3
34 106 6
47 107 3
4 13 10
146 163 5
47 88 4
40 103 4
47 80 7
91 152 1
107 150 3
90 177 9
28 199 7
66 185 7
11 54 6
79 180 3
53 118 1
34 99 5
7 94 4
117 164 5
17 102 8
5 142 1
14 129 6
69 194 6
153 159 9
89 118 7
64 114 9
48 94 10
84 118 2
4 24 3
151 159 3
119 173 5
15 58 1
50 197 6
129 148 6
124 140 6
44 123 1
107 172 10
16 137 8
62 124 4
16 104 8
45 106 8
105 195 6
143 146 10
52 70 1
113 182 8
128 139 2
178 196 1
6 25 8
11 119 5
11 181 1
31 176 8
8 74 4
35 64 1
91 159 8
144 147 10
7 188 5
44 50 1
48 168 5
68 87 1
40 138 1
34 44 4
38 143 1
67 182 8
83 192 2
31 175 2
18 160 1
20 136 3
22 145 6
12 81 9
2 196 3
125 135 7
76 158 6
24 171 5
41 53 6
35 122 9
18 44 2
83 169 8
11 24 8
135 156 8
102 148 1
90 125 2
68 107 3
82 199 9
25 156 8
127 199 10
5 69 3
47 86 1
81 115 3
119 120 1
149 168 2
184 200 3
65 115 10
133 182 8
95 176 1
145 150 3
104 173 7
105 139 10
5 182 8
47 69 9
107 138 9
121 185 5
28 128 2
151 161 5
132 152 9
66 193 9
40 67 9
25 117 5
19 127 9
69 170 6
30 86 4
89 179 9
51 184 5
54 60 8
8 173 6
8 119 7
48 162 6
27 53 2
19 61 9
45 161 6
3 93 9
28 168 9
77 189 4
7 68 5
62 92 1
36 141 10
43 116 1
117 125 3
93 198 6
124 200 8
132 159 1
71 89 4
48 134 4
131 151 6
18 131 1
67 170 10
118 186 6
86 141 1
17 107 6
121 153 4
15 104 8
17 87 9
96 129 7
38 136 8
38 101 9
140 173 10
117 176 3
47 149 8
183 193 1
33 143 10
19 170 8
40 105 9
153 193 6
14 115 3
144 199 8
14 123 10
46 91 1
85 93 7
121 189 8
122 136 2
27 66 10
60 150 1
38 152 8
60 135 4
42 193 3
107 162 3
114 186 3
56 180 4
35 89 6
98 115 4
145 171 4
29 195 5
49 199 8
60 73 9
88 94 6
40 148 2
8 145 5
65 75 4
91 154 9
14 96 4
33 66 3
68 149 5
22 200 9
19 138 3
103 195 7
2 170 9
14 70 6
2 138 6
62 74 1
76 171 1
127 178 10
35 65 6
97 118 6
88 180 7
62 173 1
50 130 7
8 39 3
140 181 6
62 137 9
78 136 4
55 165 2
72 78 5
51 60 6
135 158 6
5 113 9
52 118 9
87 105 4
150 169 1
27 185 9
54 135 8
104 177 4
48 182 8
79 80 9
96 130 8
41 50 7
20 123 3
85 124 9
9 93 3
25 198 9
166 196 4
13 169 1
122 175 7
59 103 5
83 135 6
50 91 5
157 167 6
39 158 10
83 137 7
71 189 10
19 141 7
52 66 6
6 169 2
119 140 3
49 102 7
106 130 2
76 92 7
79 102 10
88 126 7
105 162 3
13 171 9
26 54 7
49 128 8
67 108 7
124 135 9
28 55 8
85 158 6
17 190 3
39 173 2
44 143 5
111 130 1
66 101 4
170 191 9
8 177 7
15 164 8
62 125 8
11 184 4
8 192 1
57 182 3
14 197 5
8 171 9
68 69 1
8 187 3
120 137 4
12 185 6
137 177 10
17 40 2
101 123 4
141 199 5
129 131 4
106 175 5
117 173 6
25 125 5
37 140 2
96 132 7
17 55 8
182 190 7
20 121 3
61 191 7
19 79 8
66 143 4
78 109 9
39 125 6
38 97 4
31 98 5
53 152 4
100 191 9
64 66 9
18 115 7
44 131 5
43 147 4
111 197 1
78 183 4
111 129 6
165 195 5
152 197 3
16 37 2
96 99 1
97 106 4
20 152 6
134 138 7
71 101 2
26 173 7
44 129 7
12 66 9
170 194 8
114 122 6
126 178 6
113 196 4
41 52 5
88 149 3
61 67 7
68 108 1
139 168 10
139 141 8
49 139 3
93 137 2
56 102 5
11 83 8
121 193 10
26 164 10
67 194 8
143 192 2
33 44 3
73 83 9
28 107 6
22 93 10
45 122 8
46 161 7
37 119 4
104 164 6
137 181 10
30 138 4
91 101 4
72 77 5
25 92 10
175 193 2
40 149 3
27 132 10
1 42 10
17 61 9
7 196 8
69 148 8
136 160 10
153 174 7
58 135 3
106 163 3
25 60 1
29 49 10
58 173 1
43 138 7
108 127 8
58 200 5
103 188 7
87 194 1
123 189 2
155 199 9
70 96 7
55 191 8
4 158 6
101 109 4
41 112 1
31 78 9
127 195 8
38 151 2
60 120 9
14 71 2
13 74 6
130 185 7
66 96 9
24 181 7
34 153 4
111 123 4
32 113 5
81 179 9
69 199 1
10 190 7
5 139 5
25 54 9
18 189 4
53 123 5
14 20 7
48 67 9
84 111 5
73 120 7
80 134 7
35 129 6
75 101 8
2 87 10
167 198 7
107 194 2
135 173 3
52 63 5
8 135 3
88 100 9
48 194 4
12 163 1
72 115 4
134 178 5
29 141 8
14 193 10
30 80 8
85 164 2
115 146 10
80 100 1
28 86 7
27 110 3
38 115 3
75 122 9
69 107 1
94 147 1
30 56 1
56 147 6
84 89 6
20 161 5
46 71 8
7 147 3
92 169 7
47 155 8
101 112 7
46 131 1
114 115 6
20 176 9
36 142 4
119 145 5
63 186 7
54 157 7
67 86 8
5 48 8
66 186 2
2 49 4
14 38 9
72 152 5
70 153 6
152 161 7
79 144 4
49 178 10
118 153 9
118 143 2
98 176 8
141 144 5
19 147 8
32 56 9
3 198 5
4 11 6
60 188 2
12 91 3
9 117 2
66 179 10
57 142 2
118 185 4
65 174 6
113 199 1
195 196 10
147 166 8
124 192 9
50 66 4
58 140 6
48 190 5
26 158 2
17 178 7
90 92 7
50 129 8
3 85 7
6 22 9
96 159 6
92 187 2
39 157 9
70 111 3
45 143 2
84 143 10
19 67 5
74 187 4
58 125 5
37 135 7
52 152 3
54 140 4
117 120 2
142 166 5
1 23 3
16 156 9
174 175 9
5 165 1
78 91 2
14 175 5
76 150 9
76 140 7
28 108 7
83 177 10
54 169 7
35 160 6
53 78 5
7 139 9
9 198 10
114 161 5
166 194 10
11 171 5
137 187 5
107 191 2
3 4 6
28 166 2
104 120 5
146 160 3
139 149 1
28 103 2
9 181 6
89 161 9
57 190 10
7 170 8
48 105 9
73 117 9
51 125 5
81 106 4
51 93 1
28 195 10
42 71 1
53 183 9
7 127 3
105 165 1
146 176 2
89 146 5
102 172 6
145 187 2
27 65 5
104 140 5
14 186 9
21 103 5
77 110 4
9 22 2
51 198 10
12 146 7
4 104 6
7 79 4
121 160 9
86 191 10
32 134 5
144 180 4
39 150 8
55 182 8
172 180 9
108 168 7
126 141 5
84 185 7
38 81 9
48 127 7
51 83 4
40 128 2
23 115 4
8 156 2
8 58 4
80 138 3
132 163 7
17 165 10
14 23 2
5 149 5
98 179 10
136 183 10
156 177 3
110 154 5
42 175 3
11 26 8
103 116 4
46 53 2
143 197 3
153 176 1
19 28 10
49 194 3
27 64 5
94 139 1
52 84 2
70 110 5
120 140 1
70 98 4
79 195 1
84 161 1
58 92 5
72 98 1
31 66 1
132 151 5
100 147 6
38 99 1
23 33 1
23 154 8
82 100 4
10 105 5
36 48 1
6 58 10
124 156 1
24 135 8
1 122 5
7 180 7
6 124 7
43 168 8
33 176 4
164 181 1
22 198 2
9 104 9
99 123 8
54 200 5
15 25 3
7 87 4
55 195 9
72 101 6
86 102 4
27 154 4
23 50 9
179 189 8
52 160 5
49 61 2
103 144 6
66 71 3
166 168 7
101 179 10
124 184 8
2 21 7
24 137 4
4 58 2
92 167 10
55 134 4
94 127 5
103 166 10
10 100 7
48 141 7
9 158 10
198 200 4
38 44 6
31 143 10
36 162 5
59 128 2
49 68 1
51 177 6
13 177 8
1 31 6
26 76 9
92 158 9
81 143 5
44 146 9
80 190 2
20 91 10
67 139 6
137 167 4
3 51 2
22 54 10
78 161 6
180 195 7
49 69 5
37 200 3
55 141 3
83 90 8
51 74 3
1 197 10
62 73 2
7 49 8
16 169 4
42 84 7
110 174 8
58 171 4
4 37 9
19 57 5
76 192 5
160 175 5
76 117 3
67 162 10
67 141 10
47 94 6
81 159 6
127 148 2
50 179 6
94 142 8
35 174 8
19 55 9
56 195 9
79 166 7
74 85 10
44 75 3
67 195 5
30 199 7
9 83 8
136 143 9
47 48 1
73 187 3
47 196 2
66 99 4
36 88 9
125 192 3
137 157 3
43 178 1
13 104 4
70 122 9
78 98 8
47 100 1
33 75 1
97 186 2
128 182 8
37 124 2
153 183 4
36 80 1
6 150 6
117 145 9
122 123 10
88 141 5
14 42 9
46 77 7
110 111 5
69 128 7
168 194 9
47 168 9
69 134 9
44 89 5
74 157 2
40 59 8
4 83 6
71 123 10
34 71 2
97 109 7
144 182 10
20 111 5
41 175 2
6 92 8
2 133 1
99 153 8
68 147 7
109 129 8
172 190 8
111 152 8
33 38 8
41 106 6
100 180 8
182 195 6
4 90 10
137 150 8
117 167 2
46 118 6
96 131 7
69 102 5
12 131 4
42 146 8
103 107 6
40 108 7
101 175 9
92 117 1
111 186 10
32 57 7
68 100 5
30 61 3
72 151 5
166 188 7
40 57 10
94 126 6
10 32 7
13 198 7
59 178 10
148 178 7
44 136 10
68 195 9
145 167 1
138 166 10
2 178 7
84 114 10
31 111 2
57 180 3
14 183 4
61 100 10
14 78 1
57 144 10
164 177 4
157 171 5
68 102 6
96 121 4
108 147 4
80 107 5
68 127 2
117 156 1
36 139 9
131 183 5
44 53 2
60 90 7
28 147 10
11 13 7
34 111 4
91 189 8
20 154 6
76 173 5
30 48 1
54 124 7
16 120 4
99 163 10
115 122 7
11 156 10
73 145 4
33 159 3
92 171 6
63 197 1
17 56 6
44 114 10
11 124 2
30 68 2
56 149 4
1 186 6
27 143 3
14 159 10
65 78 3
14 122 3
32 48 2
157 173 3
49 55 3
32 127 1
74 135 2
21 142 7
36 138 5
9 124 3
21 188 5
27 174 8
50 189 5
11 135 7
98 112 8
61 80 7
96 122 8
19 69 6
35 112 4
97 197 2
12 189 9
63 75 6
11 192 2
98 106 9
83 184 5
10 40 3
173 184 8
46 136 9
121 197 6
67 147 8
141 178 3
94 141 3
9 184 3
1 110 1
25 192 10
23 27 5
18 163 4
37 187 9
53 121 4
1 175 10
52 153 1
151 186 1
110 175 10
152 189 5
74 177 7
65 136 10
173 187 10
34 91 6
144 166 3
167 187 6
31 77 6
46 97 8
5 36 5
29 196 8
21 182 7
24 120 9
116 134 2
161 197 1
4 73 10
2 67 4
65 152 7
127 172 3
85 137 4
29 149 5
53 122 2
30 128 9
38 146 8
167 169 4
12 118 10
3 83 5
48 103 5
29 147 8
99 109 10
10 80 6
92 93 7
176 197 3
21 165 1
89 143 10
140 200 2
14 121 10
58 124 6
77 160 9
29 128 3
60 125 1
2 194 4
122 130 10
112 129 1
98 189 2
87 148 10
69 178 8
71 176 5
55 79 6
47 190 3
28 43 6
1 35 2
32 102 8
87 94 9
86 100 4
74 158 8
126 170 10
82 155 1
22 24 8
42 44 2
187 200 7
117 192 7
1 109 4
38 154 8
8 117 4
112 159 5
19 165 1
86 144 9
80 87 10
107 190 4
66 121 9
139 180 5
128 155 4
25 39 6
127 194 5
79 162 1
140 169 1
24 39 4
95 153 8
43 165 1
16 187 10
59 182 9
36 155 5
44 64 8
119 169 6
56 80 4
38 161 9
135 169 2
103 172 3
37 158 4
41 163 3
14 174 7
38 50 7
136 154 3
33 152 9
150 164 9
4 157 4
33 52 9
31 110 5
45 159 10
132 183 5
124 158 5
45 160 5
143 161 10
56 172 8
93 157 5
11 25 9
107 178 9
4 177 5
95 159 5
36 191 3
24 58 10
41 109 3
151 174 4
63 146 8
3 9 2
121 131 2
17 188 8
44 63 4
21 155 7
54 62 4
116 148 2
114 130 3
79 172 2
125 171 8
37 164 1
4 137 9
72 146 4
89 193 10
26 74 4
82 88 10
44 151 9
53 143 6
61 69 4
86 165 7
42 161 1
131 186 1
75 118 9
37 58 5
87 142 7
30 180 10
86 94 1
119 156 2
120 135 6
91 118 6
61 168 8
7 144 4
78 114 7
64 185 5
65 98 10
67 180 8
21 162 1
17 21 2
61 107 2
37 51 10
32 69 1
125 181 8
119 150 6
104 125 7
72 193 10
20 84 1
128 142 8
82 162 7
59 67 7
10 30 2
64 193 6
1 53 8
97 112 7
83 200 9
70 129 6
118 175 5
62 200 2
41 45 9
55 102 7
45 81 3
51 145 6
1 111 2
10 144 10
123 136 1
28 126 2
12 130 3
84 129 10
51 92 8
95 111 6
82 170 5
69 100 7
168 170 4
77 122 8
43 47 4
80 126 10
19 113 5
10 127 4
13 145 4
78 81 7
32 105 4
7 178 5
13 24 7
67 168 7
129 160 1
28 80 1
3 200 9
19 40 10
27 153 10
5 168 7
81 121 7
32 166 9
92 198 8
57 128 3
177 198 6
6 171 3
84 121 5
21 144 5
79 191 3
139 147 4
71 99 6
187 198 10
12 154 8
34 160 2
23 91 10
83 187 9
50 70 3
82 105 10
22 173 8
114 132 3
40 100 6
129 163 6
130 197 4
52 72 3
157 198 5
130 174 5
22 73 4
76 177 10
133 144 3
55 149 8
28 82 3
102 139 8
8 24 1
100 199 1
18 146 6
75 84 3
57 147 6
127 155 9
94 172 4
116 168 4
109 186 9
87 141 10
87 162 2
24 200 2
10 82 10
27 121 3
71 152 10
38 63 9
143 151 6
106 136 7
150 173 9
106 161 6
55 144 6
30 182 5
105 138 4
17 155 8
12 14 10
11 15 9
39 62 6
60 119 1
23 175 3
47 191 2
27 81 7
18 45 1
62 158 7
19 155 9
104 184 5
148 165 4
39 90 6
49 196 7
2 5 7
103 165 6
3 104 1
28 67 8
4 184 5
132 146 6
100 103 5
18 96 1
102 196 9
34 42 5
6 8 2
12 46 6
42 64 2
46 121 6
8 13 10
165 178 4
12 115 4
97 174 2
76 164 1
113 149 2
24 85 10
49 82 10
110 161 10
91 98 8
91 197 10
33 175 2
99 114 2
112 121 6
56 170 1
88 148 1
72 161 10
128 138 9
118 136 9
105 128 3
19 56 8
111 176 6
162 190 4
115 159 10
67 178 3
82 108 10
8 60 10
131 153 9
34 84 9
10 165 7
110 179 1
59 68 3
20 106 3
104 198 6
40 165 5
33 151 5
29 59 2
49 56 1
20 50 1
15 92 7
46 98 1
105 188 4
96 154 4
115 161 9
69 80 5
74 76 2
60 93 8
3 125 2
85 167 6
98 160 3
31 41 2
24 187 1
14 114 6
79 182 4
8 169 5
59 113 7
45 110 3
46 115 8
72 131 7
100 116 2
32 79 2
102 168 5
43 61 4
54 150 5
42 110 2
41 118 3
56 196 5
4 119 1
21 139 1
21 108 2
28 182 4
88 194 3
111 122 9
28 94 2
180 182 1
80 147 5
10 102 6
109 185 8
40 144 1
58 62 2
68 155 6
131 161 6
13 125 7
154 186 1
64 96 5
38 64 5
70 71 3
119 181 1
37 169 1
85 187 1
48 108 1
29 180 7
86 147 5
11 150 6
106 151 3
5 191 2
125 150 7
36 190 9
90 187 2
102 144 10
109 160 4
61 162 9
78 132 10
79 116 10
152 163 5
75 130 1
48 57 7
103 162 5
71 183 6
34 118 2
16 73 4
38 77 1
157 169 9
110 143 4
23 152 1
102 141 9
65 121 7
108 188 6
8 51 10
57 61 4
119 164 7
26 156 9
74 117 1
26 93 10
10 68 6
73 173 6
39 177 1
165 172 10
20 175 3
2 56 3
113 162 9
101 115 9
102 128 10
7 88 2
80 148 6
5 79 1
57 116 8
62 181 7
164 200 9
155 180 4
115 154 6
116 165 3
103 113 10
33 34 3
30 88 6
84 163 1
90 135 5
77 99 4
8 26 2
71 97 6
45 98 8
82 107 9
156 181 2
15 157 4
7 165 8
27 109 2
157 164 6
6 9 1
135 187 4
127 149 6
120 173 2
82 142 8
67 68 1
181 184 10
77 161 3
65 101 8
49 136 4
17 86 7
36 178 1
14 89 6
155 194 6
39 93 6
55 128 1
48 61 5
44 45 5
116 155 3
146 197 8
24 92 7
59 188 1
44 96 6
23 45 3
165 199 4
37 145 10
6 192 10
23 42 9
103 194 6
150 177 4
70 121 9
6 85 10
50 132 6
10 36 10
49 113 3
56 61 6
88 178 3
83 167 1
126 188 4
118 146 2
26 37 8
78 189 4
100 108 7
41 72 10
9 119 2
11 117 3
57 126 1
47 102 6
37 192 6
10 133 8
67 100 5
129 183 7
7 32 9
150 181 6
22 150 9
130 175 3
95 132 3
171 181 7
23 121 9
76 125 4
62 93 8
58 184 8
13 192 8
87 113 7
35 99 10
77 136 7
133 199 4
1 66 9
45 183 1
22 158 8
20 42 4
146 151 6
48 126 6
86 196 10
41 143 9
145 181 3
10 28 8
60 137 10
23 197 4
129 153 10
30 43 6
106 193 3
108 190 5
47 133 9
29 166 8
40 178 7
63 151 5
126 196 3
28 142 4
52 101 5
63 160 7
143 175 4
61 105 4
60 92 5
118 154 9
109 151 1
68 191 8
33 81 10
62 192 1
20 101 6
81 197 3
38 106 3
108 199 7
28 79 6
23 31 9
10 180 8
111 185 9
57 138 7
97 130 3
126 166 1
113 168 4
72 109 10
21 68 8
1 174 2
5 107 7
23 174 9
57 149 7
26 192 9
114 151 9
28 59 10
84 136 10
81 152 2
100 144 10
56 168 9
45 197 10
66 153 6
75 121 7
92 177 10
1 99 10
97 153 4
96 123 1
32 47 6
69 88 7
50 175 8
28 133 9
109 154 4
51 164 1
97 119 6
118 197 9
117 124 2
118 160 3
34 52 6
45 99 2
27 31 6
144 194 2
109 179 8
2 80 1
148 199 7
40 162 9
154 175 9
33 78 4
30 133 6
190 191 8
112 174 8
2 172 3
120 181 8
99 159 1
163 176 3
76 124 7
159 193 3
101 176 4
22 137 1
50 152 8
12 44 1
52 95 4
66 111 2
66 161 8
69 180 5
39 58 3
1 152 5
128 170 3
137 156 1
73 192 5
16 119 2
68 165 7
160 186 9
36 168 5
141 188 6
87 190 5
2 68 5
65 89 7
41 146 5
