200 1644 2.4602900000 0.2701890000
4 19 10
100 170 1
9 54 3
94 144 2
13 92 3
22 67 3
59 63 1
14 27 7
73 178 9
61 129 10
85 161 3
93 171 8
34 120 3
58 197 7
14 124 2
81 176 10
1 54 9
51 146 5
3 42 7
75 128 2
45 116 3
24 31 2
24 126 2
36 88 7
15 45 9
39 76 5
54 132 7
25 27 8
79 142 3
28 137 5
32 183 5
93 126 6
14 40 9
115 155 6
46 125 9
19 54 10
108 199 7
156 189 7
1 38 2
58 153 10
42 81 7
50 110 3
49 197 7
84 90 4
13 111 6
45 93 9
134 148 4
37 59 4
14 31 6
105 183 9
177 199 1
23 170 8
121 165 6
104 183 3
138 139 6
190 199 8
61 99 6
36 85 6
71 172 6
27 176 7
66 191 4
55 135 2
9 184 8
102 164 5
83 143 3
115 138 5
18 136 4
29 189 6
18 88 5
104 158 9
71 129 2
43 110 3
10 143 1
49 97 4
7 36 5
51 87 10
63 102 8
127 143 6
4 113 1
15 131 8
157 160 8
5 129 8
106 151 1
78 171 9
129 133 1
68 86 1
9 66 1
3 24 4
60 127 6
66 173 4
110 127 8
18 156 2
141 170 6
141 149 3
97 180 2
26 32 8
12 80 1
43 73 2
116 131 4
62 69 4
30 175 5
180 188 5
102 168 5
49 69 8
94 130 3
58 98 9
98 122 2
138 161 3
81 149 8
107 166 5
33 115 4
77 92 2
102 116 3
12 90 3
8 117 1
34 89 8
79 86 8
109 113 9
26 107 6
77 96 10
77 105 4
67 98 5
26 186 4
58 65 6
38 158 10
130 138 10
35 123 5
58 93 10
4 47 1
68 109 2
36 94 3
31 123 5
89 168 6
52 116 6
130 140 8
60 76 6
189 190 10
36 122 5
88 156 4
143 199 6
165 182 9
108 110 3
2 186 2
90 163 5
10 191 9
82 106 6
20 77 2
64 95 5
42 146 1
98 168 1
79 85 7
26 165 4
75 114 3
120 149 10
26 174 8
13 53 4
30 92 7
9 36 7
152 156 7
33 67 10
31 98 2
25 149 9
87 197 9
130 145 5
18 177 1
38 147 2
13 107 8
49 153 2
86 156 7
108 117 4
66 113 6
154 157 1
69 131 10
56 194 1
2 70 9
129 163 4
17 100 3
115 176 5
95 99 5
1 152 9
83 85 7
18 138 3
90 183 6
117 167 10
128 159 7
56 176 7
87 102 5
39 173 6
14 59 2
38 193 3
27 34 7
110 177 8
40 51 1
63 124 1
3 157 5
162 169 5
56 197 8
20 174 10
150 182 7
50 136 5
20 111 8
52 164 7
53 179 7
33 120 9
27 40 8
82 172 3
77 179 4
109 190 8
73 142 2
133 166 9
38 127 6
32 75 3
26 114 8
15 69 7
88 140 8
30 183 10
100 131 7
106 165 7
24 123 9
57 110 4
46 97 10
76 142 2
73 156 10
94 156 2
120 131 1
44 179 9
179 195 9
91 163 5
148 186 10
15 34 3
28 172 1
119 182 6
67 146 10
94 158 8
56 126 3
45 97 7
55 188 10
42 126 9
146 170 3
19 199 6
170 188 8
150 165 1
55 168 9
136 140 6
62 89 1
89 135 4
60 88 2
11 125 10
176 197 8
28 121 9
42 98 4
68 189 1
74 113 1
163 182 9
4 85 5
129 192 1
46 149 4
35 171 4
28 90 9
105 128 10
41 93 6
112 174 8
134 186 5
58 124 10
149 168 1
174 187 10
94 118 6
44 119 3
56 72 1
83 158 6
58 146 1
5 200 1
21 176 5
33 154 7
28 48 6
91 128 10
6 12 2
15 67 7
48 61 2
121 187 8
18 85 3
10 189 8
59 153 2
71 185 2
129 137 5
39 145 7
92 174 2
76 108 10
11 160 1
123 154 5
58 164 6
28 99 4
28 165 6
38 167 6
142 178 2
57 66 8
8 103 1
59 168 9
163 172 5
8 190 9
66 79 2
56 149 6
134 179 5
3 194 8
67 69 6
107 195 1
36 83 8
34 157 9
16 32 9
19 145 7
15 41 7
2 44 6
110 139 9
18 190 10
62 160 4
65 146 5
100 120 3
29 167 3
195 198 4
36 117 5
65 102 3
31 160 5
13 192 10
24 160 6
117 142 10
154 176 8
122 135 9
33 125 4
57 147 5
165 186 1
104 147 5
146 155 7
182 192 7
25 63 7
85 136 8
55 171 10
83 130 7
106 112 4
84 134 9
144 156 9
40 69 1
54 68 7
20 169 1
89 146 1
56 78 4
10 109 5
35 131 3
36 151 1
136 145 6
9 10 7
147 184 2
110 196 7
111 198 3
144 193 2
34 146 4
24 25 2
1 85 5
30 195 9
114 187 2
141 153 5
7 19 7
77 185 8
23 98 2
32 187 1
113 143 9
20 186 3
61 92 7
17 146 5
1 108 4
57 83 5
53 114 10
47 147 6
109 118 2
70 90 5
36 167 2
58 78 9
1 47 3
160 188 2
54 142 8
34 45 8
64 121 3
139 147 9
91 185 9
1 73 4
42 164 10
91 150 1
25 100 5
65 72 5
104 156 7
80 150 9
8 142 3
35 120 5
13 175 9
72 126 4
19 136 7
13 80 2
80 106 2
30 82 1
37 42 2
52 81 10
182 195 6
69 180 6
20 185 1
119 175 3
6 162 7
106 133 2
77 148 5
87 135 4
32 198 10
137 169 5
98 197 1
78 126 1
83 190 9
33 153 7
148 163 5
45 168 6
109 152 1
139 181 3
44 84 4
27 164 3
76 147 5
25 45 2
5 187 8
102 197 2
40 49 4
32 195 10
85 109 9
66 152 8
194 197 1
17 58 8
38 83 10
167 189 4
95 111 4
104 196 3
117 191 6
50 177 3
151 172 5
169 198 10
20 129 2
65 194 5
159 165 6
31 149 8
83 132 7
26 82 8
38 103 10
156 181 8
162 175 8
153 197 1
46 141 1
70 99 3
38 117 4
21 67 5
1 19 1
17 125 5
44 162 9
157 168 6
95 166 7
84 163 3
80 91 8
95 112 9
78 157 6
117 140 10
52 69 4
76 88 3
3 23 8
10 94 8
11 123 8
72 135 10
119 134 2
4 140 3
24 157 9
113 189 1
97 100 1
36 143 7
59 65 9
75 179 7
142 193 8
57 104 6
58 194 2
75 183 7
94 117 9
4 18 7
116 126 2
131 141 10
50 140 1
15 17 9
71 186 2
76 118 7
38 161 10
100 171 3
39 73 4
39 94 10
56 188 8
130 139 2
37 135 9
131 157 7
38 143 7
135 168 9
82 114 4
25 126 1
38 104 5
19 88 9
28 162 5
106 187 5
61 150 5
14 21 3
56 154 9
36 86 2
7 18 5
105 166 7
69 154 5
57 113 3
46 65 8
38 152 2
7 140 6
96 159 1
20 163 3
58 180 3
20 53 10
56 93 10
36 189 10
148 187 3
101 132 3
69 120 8
56 157 10
113 191 6
25 55 10
6 99 3
15 135 3
92 105 1
42 122 6
31 40 3
21 180 9
163 183 9
4 156 9
77 165 7
53 129 7
114 186 6
113 184 1
139 168 2
80 192 5
110 142 6
68 85 6
84 137 8
140 152 10
71 111 1
196 199 1
117 189 10
154 171 10
88 118 5
44 88 1
75 134 2
1 145 3
41 45 3
80 114 4
49 170 6
135 149 4
131 154 3
153 171 9
120 170 6
68 143 1
93 160 5
31 35 7
34 125 3
76 167 3
61 134 7
179 185 7
24 93 10
11 31 1
127 189 8
112 175 2
18 50 7
88 196 6
65 125 8
7 101 1
14 15 3
153 155 1
118 161 2
1 114 2
124 154 2
119 150 5
165 174 1
12 192 4
163 186 9
138 147 3
89 115 2
119 148 4
61 96 8
37 154 8
45 188 10
142 143 1
43 177 9
127 199 2
72 155 7
11 56 5
174 183 10
41 194 7
39 193 10
136 143 2
115 141 1
80 162 9
11 67 2
129 134 6
78 160 4
2 165 9
95 163 5
114 133 2
33 164 7
95 150 2
7 143 10
41 197 10
125 146 6
89 149 7
65 160 2
163 165 5
57 101 6
34 55 9
132 138 1
22 76 3
44 151 9
10 147 8
14 25 1
122 194 2
68 190 10
53 75 2
55 125 10
134 159 2
44 61 5
16 99 8
35 65 2
11 168 2
15 59 10
31 49 5
134 165 1
89 171 5
41 49 1
51 176 4
36 181 8
167 199 8
176 194 5
85 167 5
107 150 6
104 138 9
87 125 10
36 142 10
69 78 3
152 191 5
164 171 7
19 161 4
12 70 8
132 158 4
98 115 3
67 164 9
175 183 7
1 103 3
44 183 10
49 55 8
14 52 1
54 147 7
120 171 6
44 92 2
94 140 5
30 114 4
109 139 7
21 100 4
15 126 1
177 191 5
109 143 7
1 127 4
60 193 8
21 168 5
66 193 8
86 143 7
118 139 8
109 117 8
111 174 5
145 167 1
173 196 8
86 117 5
21 135 9
120 197 6
22 34 8
32 179 3
43 147 6
19 142 10
82 92 6
4 144 6
67 176 3
122 141 7
113 152 1
69 176 4
136 177 3
3 122 1
22 155 4
31 65 7
96 129 6
158 193 7
177 189 8
95 165 3
19 177 2
54 73 8
111 150 5
40 124 9
96 174 6
57 88 8
2 112 6
51 102 5
4 29 9
151 162 4
174 186 1
75 77 4
1 101 1
47 167 9
162 163 10
12 198 2
52 63 5
147 199 3
37 100 2
47 104 10
1 79 3
76 103 4
92 128 10
9 156 5
166 185 5
55 153 7
11 87 5
42 171 3
160 194 5
47 50 9
99 105 3
35 100 9
35 181 1
32 64 7
49 154 8
5 6 1
62 197 7
65 126 7
53 162 1
152 177 3
15 23 6
81 102 5
79 158 4
138 142 10
63 123 7
32 182 5
29 143 5
43 109 1
64 186 7
87 164 3
101 196 2
58 188 3
65 98 9
131 155 1
132 140 3
93 155 8
82 96 7
59 192 5
24 51 9
25 171 5
30 121 3
16 75 5
4 9 1
112 187 6
61 159 10
65 97 7
16 137 5
108 139 4
41 188 5
84 186 10
167 181 10
14 125 2
80 99 9
71 90 10
119 169 2
79 156 2
127 181 8
19 139 9
30 80 4
91 169 5
67 171 3
48 186 6
65 141 1
69 102 9
84 133 7
153 168 3
44 134 10
55 81 8
86 104 10
15 27 7
14 155 10
29 36 1
18 66 8
19 50 10
22 73 1
61 91 10
78 81 3
33 149 7
6 90 6
29 109 9
26 166 7
62 124 1
8 18 4
88 177 6
66 181 8
25 97 8
76 110 5
63 168 9
122 146 3
179 183 9
1 29 2
121 183 4
46 168 7
91 133 6
107 133 1
68 167 10
6 16 5
47 189 6
77 159 7
62 87 2
85 173 6
64 185 1
81 188 10
126 157 2
34 100 1
2 179 3
52 59 5
71 169 5
33 194 5
126 141 8
177 190 6
156 158 4
135 153 5
3 126 9
2 200 10
41 67 4
124 171 9
104 144 6
22 157 10
137 183 3
123 157 9
92 111 10
137 150 10
10 196 1
96 198 4
22 41 10
172 185 3
21 35 8
85 190 10
33 65 6
50 145 9
24 97 3
130 156 8
188 197 3
37 98 1
5 151 4
95 151 2
75 172 2
22 125 2
56 191 4
96 192 3
131 197 10
74 199 9
32 129 9
41 154 8
105 137 9
3 34 3
86 196 6
129 182 10
69 81 10
26 71 2
16 44 3
3 65 6
17 154 10
72 122 8
89 102 2
122 176 5
6 198 10
4 109 2
18 152 6
99 172 6
1 193 8
25 131 8
15 87 10
83 136 8
72 100 4
4 118 10
44 137 3
9 139 2
66 118 7
10 177 5
185 195 10
19 132 3
93 100 2
38 50 2
133 183 6
149 180 10
137 185 3
38 181 6
104 140 8
63 93 6
118 130 2
62 93 10
2 6 2
42 190 1
109 191 7
10 74 7
155 170 5
147 161 9
190 193 7
55 72 5
29 144 9
49 62 7
80 174 5
133 162 5
150 187 8
74 147 6
115 171 6
39 57 10
11 100 1
118 138 6
172 174 9
90 159 7
20 96 4
11 55 5
1 76 7
65 67 5
84 111 1
59 194 7
73 74 9
66 184 8
89 116 9
145 193 6
91 111 10
33 58 5
17 37 10
162 166 1
93 141 6
29 85 8
108 193 10
79 178 1
28 70 9
84 185 5
18 60 10
22 194 7
12 107 6
159 169 6
10 152 2
66 196 5
119 159 7
56 67 1
30 99 8
73 88 6
25 56 10
70 121 1
49 59 1
58 123 9
74 142 3
119 187 10
68 110 10
9 113 8
55 63 5
35 89 3
19 196 5
65 116 7
60 136 3
111 114 6
164 170 7
76 117 10
89 141 2
73 136 6
35 180 6
17 149 5
110 161 7
12 75 7
107 192 10
33 34 1
140 161 1
70 71 5
13 26 2
45 157 6
55 131 6
22 42 3
68 161 6
88 193 4
83 144 4
25 35 8
95 114 3
28 32 1
35 52 2
181 190 6
48 53 9
21 59 9
72 124 4
37 55 3
15 102 1
111 179 9
63 135 7
180 197 6
19 110 3
33 141 7
12 99 4
139 158 5
23 135 4
7 193 3
26 187 5
157 194 4
65 122 9
129 187 10
95 96 4
8 136 8
48 165 5
44 195 4
60 79 6
85 103 1
77 84 2
53 137 9
74 158 7
38 68 8
93 98 9
24 100 5
104 130 2
40 122 9
11 197 7
151 175 7
34 81 7
67 156 2
11 65 7
64 195 1
96 150 8
92 195 4
131 194 5
66 158 5
72 115 2
66 189 9
57 85 7
82 169 8
131 171 2
41 157 3
77 150 8
53 133 5
72 154 1
45 135 1
57 60 4
37 67 10
83 193 9
2 119 3
57 79 7
127 145 9
149 154 8
118 158 6
117 158 9
31 197 4
1 199 8
83 118 4
12 13 9
60 138 7
125 171 1
40 41 9
49 184 3
6 151 8
92 107 10
31 141 8
64 71 6
71 121 2
55 87 3
82 107 2
150 200 10
122 123 8
11 180 3
45 120 3
120 164 2
95 169 4
114 122 2
102 146 1
43 86 10
6 30 6
74 181 7
68 83 2
57 127 4
53 91 4
89 164 9
132 143 9
169 174 6
103 147 9
66 138 4
112 182 2
45 111 1
27 168 4
116 176 3
37 41 4
5 165 5
35 154 10
59 84 4
10 38 6
22 131 9
83 199 6
9 83 10
166 179 5
5 80 8
31 59 2
48 175 1
24 59 5
35 197 5
178 191 6
122 197 9
104 110 1
16 172 5
40 160 2
96 128 2
40 153 6
5 174 3
140 199 10
33 93 2
52 194 10
136 181 7
104 139 3
27 131 10
31 180 2
29 94 2
15 63 1
83 156 3
36 190 1
17 42 2
30 64 7
28 114 3
147 173 1
13 172 6
23 141 6
44 175 8
31 69 5
60 68 5
164 168 9
17 51 6
15 154 4
14 58 3
43 50 2
2 151 6
45 102 8
32 80 6
175 179 3
119 162 2
3 93 1
13 129 9
150 172 4
9 142 1
52 125 6
36 199 9
86 184 4
168 170 5
73 94 6
138 184 6
18 54 9
99 111 9
96 182 3
66 156 1
48 183 8
85 130 6
33 146 6
103 110 7
59 93 2
91 121 5
14 69 9
117 118 9
1 138 6
124 135 1
41 155 7
85 152 10
69 157 3
17 34 1
115 116 2
12 96 6
40 180 4
112 169 1
159 187 5
30 159 1
43 80 2
47 83 5
29 199 5
36 140 1
131 135 7
9 38 10
23 33 5
61 174 10
77 99 9
141 197 8
27 149 7
61 172 3
51 93 4
18 193 10
121 133 10
50 139 10
27 31 9
15 194 1
50 184 4
153 180 6
100 128 3
73 147 5
74 152 5
140 191 1
23 160 5
17 27 3
163 174 9
29 86 2
133 182 8
32 105 3
32 93 7
67 100 1
80 107 3
114 121 6
33 160 10
190 191 8
88 142 5
41 176 8
101 193 4
9 189 1
30 119 6
16 106 6
103 199 8
26 198 7
87 115 8
34 65 8
58 168 3
20 187 1
77 163 1
137 174 1
117 138 4
63 97 2
150 185 10
4 177 10
109 177 9
83 103 2
59 97 4
4 104 6
112 163 10
4 86 7
31 155 4
87 122 3
61 121 9
3 21 7
67 180 4
63 176 10
8 9 10
70 169 7
68 144 8
65 188 2
8 36 4
23 154 2
36 68 5
122 168 6
12 172 2
5 107 10
63 115 1
114 175 6
46 124 7
150 179 8
80 185 8
98 176 7
103 118 9
64 174 5
21 23 1
95 159 8
60 109 7
63 180 7
22 58 2
19 57 5
41 153 9
59 171 8
36 76 1
48 198 7
179 187 4
31 81 1
2 182 5
108 145 10
78 194 8
128 198 4
6 52 6
64 128 2
120 160 4
53 166 7
76 101 10
4 130 8
154 180 3
52 67 5
22 100 5
120 153 3
100 135 9
20 162 6
54 196 9
8 145 2
48 150 10
151 198 9
67 87 9
64 84 3
28 134 8
132 181 8
101 142 2
28 84 8
100 164 6
119 172 4
34 59 4
86 173 7
2 128 7
20 105 6
104 177 2
64 165 1
100 176 9
115 149 9
13 70 10
3 116 10
86 109 9
30 129 10
78 170 3
51 124 2
18 158 4
125 180 3
50 178 10
2 71 6
17 124 7
38 140 2
115 153 2
100 150 3
136 184 5
9 143 10
104 167 5
39 54 9
148 169 3
65 153 1
90 185 1
120 123 3
21 131 2
44 53 4
33 170 3
92 183 7
150 166 2
24 34 3
48 95 1
39 127 5
29 142 1
11 21 8
13 166 5
154 188 10
93 168 7
45 69 2
107 179 6
13 174 7
10 178 4
22 115 2
75 119 4
75 80 6
2 107 10
21 126 5
45 62 7
98 126 10
141 190 3
14 160 7
117 156 6
31 62 9
71 95 10
50 199 7
45 138 5
111 165 3
26 111 3
105 112 4
83 191 5
117 177 6
145 199 5
58 131 6
22 170 5
68 156 5
61 179 2
51 180 5
22 93 3
75 96 4
129 200 5
37 146 5
148 151 4
13 71 2
77 169 8
102 176 1
62 154 3
41 164 5
158 181 2
47 109 6
30 198 1
63 87 9
99 163 3
11 40 8
55 197 10
145 147 1
22 160 1
34 63 2
195 200 6
27 41 3
34 40 1
149 164 3
35 40 7
99 148 10
93 135 4
22 72 7
108 142 6
80 165 8
60 178 9
139 199 6
23 81 4
14 72 3
4 196 3
52 126 9
1 39 4
146 168 2
43 94 9
46 72 9
4 57 4
62 146 6
29 39 2
90 174 1
34 58 3
118 193 4
43 139 9
24 194 8
3 31 7
54 103 7
13 95 3
31 97 8
22 24 8
165 195 3
74 119 2
43 191 5
135 160 8
28 33 1
53 121 8
7 74 10
43 117 4
103 156 1
69 168 10
29 101 10
19 60 6
60 103 2
63 157 9
51 123 3
56 124 7
17 116 4
35 42 5
111 151 3
69 194 10
41 124 6
48 107 10
52 149 8
4 145 3
7 178 10
61 119 5
52 87 4
1 88 4
114 179 9
129 198 8
107 187 7
96 134 6
18 173 10
80 172 6
42 168 10
53 92 10
5 133 4
6 186 6
39 147 10
43 161 8
9 85 9
99 128 1
39 113 4
9 181 4
94 173 10
189 199 1
91 105 3
25 115 6
119 129 1
71 134 5
59 149 3
77 186 2
103 127 2
21 141 9
128 200 9
79 181 10
22 97 7
35 81 8
17 72 7
76 158 2
79 152 3
4 117 8
89 153 7
49 81 4
28 111 7
57 86 5
33 135 9
70 96 9
70 151 7
5 82 7
2 106 8
24 102 9
93 146 2
55 59 3
140 189 8
108 147 8
39 143 8
8 88 9
16 92 3
53 106 5
7 132 3
109 127 2
152 158 8
33 89 10
50 108 2
76 178 5
158 178 4
181 196 4
104 193 2
142 189 4
142 144 4
22 185 7
54 158 3
59 164 7
8 10 9
47 113 8
40 115 2
74 189 4
102 180 9
1 9 5
30 179 6
63 197 7
112 165 10
24 56 5
49 67 9
70 150 3
51 72 6
15 78 2
21 155 3
78 154 8
3 51 9
22 46 10
37 72 9
37 46 8
6 111 8
52 154 2
31 89 6
10 57 6
107 112 10
14 81 3
112 166 5
156 161 2
32 114 8
4 142 10
130 196 7
31 168 3
148 200 10
7 142 1
108 109 3
36 47 9
33 40 2
31 154 10
24 171 9
183 200 4
108 118 3
51 69 7
107 137 3
16 95 10
93 97 2
17 65 2
63 98 5
63 155 1
141 168 7
52 115 1
123 149 5
4 173 4
111 159 9
93 122 9
150 198 7
41 98 3
55 155 5
83 108 5
56 168 6
38 79 9
69 122 2
15 197 3
14 197 10
30 163 9
80 112 1
19 66 4
107 163 9
23 123 1
37 56 2
32 151 2
49 72 8
173 184 9
76 143 7
26 185 5
103 191 6
60 73 6
191 193 6
107 151 9
102 171 6
19 101 8
118 144 9
51 78 3
99 165 6
43 173 4
138 189 3
181 189 6
155 197 5
26 112 10
13 16 5
123 180 2
13 183 10
77 162 9
192 200 9
78 180 3
6 114 3
67 81 5
50 86 7
128 151 8
72 131 9
103 117 9
5 169 9
8 130 3
73 108 3
23 40 4
122 160 1
40 157 6
88 143 4
137 160 6
16 159 6
138 144 3
124 146 10
85 191 5
34 170 3
154 194 7
99 129 8
35 63 9
134 166 5
23 120 8
108 178 5
23 153 4
28 186 1
40 97 9
59 126 10
3 124 3
92 179 10
63 153 6
