3.658105345 0.000000000
0.000000000 0.000000000
-1.219368448 0.000000000
0.000000000 0.000000000
0.000000000 0.000000000
0.000000000 0.000000000
0.000000000 -1.000000000
0.000000000 5.000000000
0.000000000 0.000000000
0.000000000 0.000000000
0.000000000 0.000000000
0.000000000 0.000000000
0.000000000 0.000000000
0.000000000 0.000000000
0.000000000 0.000000000
0.000000000 0.000000000
2.845193046 2.000000000
0.000000000 0.000000000
-0.406456149 -6.000000000
0.000000000 -2.000000000
0.000000000 0.000000000
0.406456149 0.000000000
0.000000000 0.000000000
0.000000000 0.000000000
-2.032280747 0.000000000
0.000000000 0.000000000
0.000000000 0.000000000
-0.812912299 0.000000000
1.219368448 0.000000000
0.000000000 0.000000000
0.000000000 0.000000000
0.000000000 1.000000000
0.000000000 1.000000000
0.000000000 0.000000000
0.000000000 0.000000000
0.000000000 0.000000000
0.000000000 0.000000000
0.000000000 0.000000000
0.812912299 0.000000000
0.000000000 0.000000000
0.000000000 -1.000000000
0.000000000 0.000000000
0.000000000 0.000000000
0.000000000 -4.000000000
0.000000000 0.000000000
0.000000000 3.000000000
0.000000000 0.000000000
0.000000000 2.000000000
0.406456149 2.000000000
0.000000000 0.000000000
0.000000000 -1.000000000
0.000000000 0.000000000
0.000000000 3.000000000
0.000000000 -3.000000000
0.000000000 2.000000000
0.000000000 0.000000000
0.000000000 0.000000000
0.000000000 0.000000000
0.000000000 0.000000000
0.000000000 0.000000000
0.000000000 0.000000000
0.000000000 0.000000000
0.000000000 0.000000000
0.000000000 0.000000000
0.000000000 0.000000000
-2.032280747 0.000000000
0.000000000 0.000000000
0.000000000 0.000000000
0.000000000 0.000000000
0.000000000 0.000000000
0.000000000 0.000000000
0.000000000 0.000000000
0.000000000 0.000000000
0.000000000 0.000000000
2.032280747 0.000000000
0.000000000 -2.000000000
0.000000000 -1.000000000
1.625824598 0.000000000
0.000000000 0.000000000
0.000000000 0.000000000
0.000000000 -2.000000000
0.000000000 0.000000000
0.000000000 1.000000000
0.000000000 0.000000000
0.000000000 0.000000000
0.000000000 0.000000000
0.000000000 0.000000000
-1.625824598 0.000000000
0.000000000 0.000000000
0.000000000 0.000000000
1.219368448 3.000000000
0.000000000 0.000000000
0.000000000 -1.000000000
0.000000000 0.000000000
0.000000000 2.000000000
0.000000000 -5.000000000
0.000000000 -1.000000000
-0.406456149 -1.000000000
0.000000000 0.000000000
0.000000000 4.000000000
0.000000000 0.000000000
0.000000000 1.000000000
0.000000000 0.000000000
0.000000000 -1.000000000
0.000000000 0.000000000
0.000000000 4.000000000
0.000000000 -1.000000000
0.000000000 0.000000000
0.000000000 1.000000000
0.000000000 0.000000000
0.000000000 0.000000000
0.000000000 2.000000000
0.000000000 2.000000000
0.000000000 0.000000000
0.000000000 0.000000000
0.000000000 0.000000000
-1.625824598 0.000000000
0.812912299 1.000000000
0.000000000 1.000000000
0.000000000 1.000000000
0.000000000 -4.000000000
0.000000000 2.000000000
0.000000000 0.000000000
0.000000000 3.000000000
0.000000000 0.000000000
1.625824598 0.000000000
0.000000000 0.000000000
0.000000000 1.000000000
-0.406456149 0.000000000
0.000000000 0.000000000
0.000000000 0.000000000
0.000000000 0.000000000
0.000000000 -1.000000000
0.000000000 0.000000000
0.000000000 3.000000000
2.438736897 0.000000000
0.000000000 1.000000000
1.625824598 1.000000000
0.000000000 0.000000000
0.000000000 0.000000000
0.000000000 2.000000000
0.812912299 0.000000000
0.000000000 0.000000000
0.000000000 2.000000000
0.000000000 0.000000000
0.000000000 -1.000000000
0.000000000 -2.000000000
0.000000000 1.000000000
0.000000000 0.000000000
0.000000000 0.000000000
0.000000000 0.000000000
0.000000000 0.000000000
0.000000000 2.000000000
0.000000000 1.000000000
0.000000000 0.000000000
0.000000000 0.000000000
0.000000000 -4.000000000
2.438736897 0.000000000
0.406456149 2.000000000
0.000000000 -1.000000000
0.000000000 0.000000000
0.000000000 0.000000000
0.000000000 0.000000000
-0.812912299 -1.000000000
0.000000000 0.000000000
0.000000000 0.000000000
0.000000000 0.000000000
0.000000000 0.000000000
0.000000000 0.000000000
-0.406456149 0.000000000
2.032280747 0.000000000
0.000000000 1.000000000
0.000000000 0.000000000
0.000000000 0.000000000
0.000000000 9.000000000
0.000000000 -3.000000000
0.000000000 -3.000000000
0.000000000 0.000000000
0.000000000 3.000000000
0.000000000 0.000000000
-0.406456149 0.000000000
0.000000000 0.000000000
0.000000000 1.000000000
0.000000000 0.000000000
0.000000000 5.000000000
0.000000000 0.000000000
0.000000000 3.000000000
0.000000000 0.000000000
-0.406456149 -1.000000000
0.000000000 0.000000000
0.000000000 -2.000000000
0.000000000 0.000000000
0.000000000 0.000000000
0.000000000 0.000000000
0.000000000 -4.000000000
0.000000000 2.000000000
0.000000000 0.000000000
0.000000000 0.000000000
0.000000000 0.000000000
0.000000000 0.000000000
0.000000000 2.000000000
0.000000000 0.000000000
0.000000000 0.000000000
0.000000000 0.000000000
0.000000000 -3.000000000
0.000000000 0.000000000
0.000000000 0.000000000
0.000000000 0.000000000
0.000000000 0.000000000
0.000000000 -1.000000000
0.000000000 0.000000000
0.000000000 -2.000000000
0.000000000 0.000000000
0.000000000 0.000000000
3.251649196 0.000000000
0.000000000 0.000000000
0.000000000 3.000000000
0.000000000 -2.000000000
0.000000000 0.000000000
0.000000000 0.000000000
0.000000000 8.000000000
-0.406456149 -1.000000000
0.000000000 0.000000000
0.000000000 0.000000000
0.000000000 1.000000000
0.000000000 0.000000000
0.000000000 -1.000000000
0.000000000 0.000000000
0.000000000 0.000000000
0.000000000 3.000000000
0.000000000 0.000000000
0.000000000 0.000000000
0.000000000 0.000000000
0.000000000 0.000000000
0.000000000 0.000000000
0.000000000 -2.000000000
0.000000000 0.000000000
0.000000000 0.000000000
0.000000000 0.000000000
0.000000000 0.000000000
0.000000000 0.000000000
0.000000000 1.000000000
0.000000000 0.000000000
0.000000000 -2.000000000
0.000000000 1.000000000
0.000000000 -1.000000000
0.000000000 1.000000000
0.000000000 0.000000000
0.000000000 0.000000000
0.000000000 0.000000000
0.000000000 -1.000000000
0.000000000 0.000000000
0.406456149 0.000000000
0.000000000 0.000000000
0.000000000 0.000000000
0.000000000 0.000000000
0.000000000 0.000000000
0.000000000 0.000000000
0.000000000 -4.000000000
0.000000000 0.000000000
0.000000000 1.000000000
0.000000000 0.000000000
0.000000000 0.000000000
0.000000000 0.000000000
0.000000000 0.000000000
0.000000000 -3.000000000
0.000000000 0.000000000
0.000000000 1.000000000
0.000000000 0.000000000
0.000000000 0.000000000
0.000000000 -1.000000000
0.000000000 0.000000000
0.000000000 0.000000000
0.000000000 0.000000000
0.000000000 6.000000000
0.000000000 3.000000000
0.000000000 0.000000000
0.000000000 0.000000000
0.000000000 -2.000000000
0.000000000 0.000000000
0.000000000 0.000000000
0.000000000 0.000000000
0.000000000 0.000000000
0.000000000 0.000000000
0.000000000 2.000000000
0.000000000 0.000000000
0.000000000 0.000000000
0.000000000 0.000000000
0.000000000 -1.000000000
0.000000000 1.000000000
0.000000000 0.000000000
0.000000000 -3.000000000
0.000000000 0.000000000
0.000000000 0.000000000
0.000000000 0.000000000
1.219368448 3.000000000
0.000000000 0.000000000
0.000000000 0.000000000
0.000000000 1.000000000
0.000000000 0.000000000
-0.406456149 0.000000000
0.000000000 -1.000000000
0.000000000 1.000000000
0.000000000 -1.000000000
0.000000000 1.000000000
0.000000000 0.000000000
0.000000000 0.000000000
0.000000000 0.000000000
0.000000000 3.000000000
0.000000000 0.000000000
-0.406456149 -1.000000000
0.000000000 6.000000000
-0.812912299 0.000000000
0.000000000 0.000000000
0.000000000 0.000000000
0.000000000 0.000000000
0.000000000 -1.000000000
0.000000000 0.000000000
0.000000000 -2.000000000
0.000000000 0.000000000
0.000000000 -1.000000000
0.000000000 0.000000000
0.000000000 0.000000000
0.000000000 0.000000000
0.000000000 1.000000000
0.000000000 0.000000000
0.000000000 1.000000000
0.000000000 0.000000000
0.000000000 0.000000000
0.000000000 0.000000000
0.000000000 0.000000000
0.000000000 -1.000000000
0.000000000 5.000000000
0.000000000 0.000000000
0.000000000 0.000000000
0.000000000 0.000000000
0.000000000 0.000000000
0.000000000 2.000000000
0.000000000 0.000000000
0.000000000 0.000000000
0.000000000 -1.000000000
0.406456149 2.000000000
0.000000000 0.000000000
0.000000000 -1.000000000
0.000000000 2.000000000
0.000000000 0.000000000
0.000000000 0.000000000
0.000000000 -1.000000000
0.000000000 -1.000000000
1.625824598 0.000000000
0.000000000 -1.000000000
0.000000000 0.000000000
0.000000000 0.000000000
0.000000000 2.000000000
0.000000000 0.000000000
-0.812912299 0.000000000
0.000000000 0.000000000
0.000000000 0.000000000
0.000000000 -2.000000000
0.000000000 0.000000000
-2.032280747 0.000000000
0.000000000 0.000000000
0.000000000 1.000000000
0.000000000 0.000000000
1.625824598 0.000000000
0.000000000 0.000000000
0.000000000 7.000000000
0.000000000 0.000000000
0.000000000 0.000000000
-0.406456149 -4.000000000
0.000000000 0.000000000
-0.406456149 0.000000000
0.406456149 0.000000000
0.000000000 5.000000000
0.000000000 0.000000000
0.000000000 1.000000000
1.219368448 0.000000000
0.000000000 -1.000000000
0.000000000 0.000000000
0.000000000 5.000000000
0.000000000 0.000000000
0.406456149 0.000000000
0.000000000 0.000000000
0.000000000 3.000000000
0.000000000 0.000000000
0.000000000 -1.000000000
0.000000000 0.000000000
0.000000000 0.000000000
0.000000000 0.000000000
0.000000000 -1.000000000
0.000000000 0.000000000
0.000000000 0.000000000
0.000000000 0.000000000
0.000000000 0.000000000
0.000000000 0.000000000
0.000000000 -2.000000000
0.000000000 1.000000000
0.000000000 1.000000000
0.000000000 -2.000000000
0.000000000 1.000000000
0.000000000 -3.000000000
0.000000000 0.000000000
0.000000000 0.000000000
0.000000000 0.000000000
0.000000000 0.000000000
0.000000000 -2.000000000
0.000000000 0.000000000
0.000000000 0.000000000
0.000000000 0.000000000
0.000000000 2.000000000
0.000000000 0.000000000
0.000000000 1.000000000
0.000000000 0.000000000
0.000000000 0.000000000
0.000000000 0.000000000
0.000000000 0.000000000
0.000000000 0.000000000
0.000000000 0.000000000
0.000000000 1.000000000
0.000000000 0.000000000
0.000000000 -1.000000000
0.406456149 0.000000000
0.000000000 0.000000000
0.000000000 0.000000000
0.000000000 2.000000000
0.000000000 0.000000000
0.406456149 0.000000000
-0.406456149 0.000000000
0.000000000 0.000000000
0.000000000 0.000000000
-0.406456149 0.000000000
0.000000000 1.000000000
0.000000000 -1.000000000
0.000000000 0.000000000
0.000000000 0.000000000
0.000000000 0.000000000
0.000000000 1.000000000
0.000000000 2.000000000
0.000000000 0.000000000
0.000000000 0.000000000
0.000000000 2.000000000
0.000000000 0.000000000
-0.406456149 -2.000000000
0.000000000 3.000000000
0.000000000 0.000000000
0.000000000 0.000000000
0.000000000 1.000000000
0.000000000 0.000000000
0.000000000 0.000000000
0.000000000 0.000000000
0.000000000 0.000000000
0.000000000 0.000000000
0.406456149 0.000000000
0.000000000 0.000000000
0.000000000 0.000000000
0.000000000 0.000000000
0.000000000 0.000000000
0.000000000 0.000000000
0.000000000 -2.000000000
0.000000000 -2.000000000
0.000000000 0.000000000
-0.406456149 0.000000000
0.000000000 -3.000000000
0.812912299 0.000000000
-1.625824598 -4.000000000
0.000000000 0.000000000
0.000000000 0.000000000
0.000000000 0.000000000
0.000000000 1.000000000
0.000000000 0.000000000
0.000000000 0.000000000
0.406456149 0.000000000
0.000000000 1.000000000
0.000000000 0.000000000
0.000000000 8.000000000
0.000000000 0.000000000
-0.812912299 0.000000000
-2.032280747 0.000000000
0.000000000 0.000000000
0.000000000 0.000000000
2.032280747 2.000000000
-1.219368448 0.000000000
0.000000000 1.000000000
0.000000000 1.000000000
0.000000000 0.000000000
2.845193046 2.000000000
0.000000000 0.000000000
-0.406456149 -3.000000000
0.000000000 0.000000000
0.000000000 0.000000000
-0.812912299 -2.000000000
0.000000000 0.000000000
0.000000000 0.000000000
0.812912299 0.000000000
0.000000000 0.000000000
0.000000000 0.000000000
0.000000000 0.000000000
0.000000000 0.000000000
0.000000000 1.000000000
0.000000000 0.000000000
0.000000000 0.000000000
-0.406456149 0.000000000
0.000000000 0.000000000
0.000000000 1.000000000
0.000000000 0.000000000
0.000000000 -3.000000000
0.000000000 0.000000000
-0.406456149 0.000000000
-2.032280747 0.000000000
0.000000000 1.000000000
0.000000000 0.000000000
0.000000000 0.000000000
0.000000000 -4.000000000
0.000000000 0.000000000
0.000000000 0.000000000
0.000000000 0.000000000
0.000000000 0.000000000
0.000000000 0.000000000
0.000000000 -10.000000000
0.000000000 -1.000000000
0.000000000 0.000000000
0.000000000 1.000000000
0.000000000 0.000000000
0.000000000 0.000000000
0.000000000 0.000000000
0.000000000 0.000000000
0.406456149 0.000000000
0.000000000 3.000000000
0.000000000 0.000000000
0.000000000 0.000000000
0.000000000 2.000000000
0.000000000 -1.000000000
0.000000000 0.000000000
0.000000000 0.000000000
0.000000000 0.000000000
0.000000000 0.000000000
0.000000000 0.000000000
0.000000000 0.000000000
0.406456149 0.000000000
0.000000000 2.000000000
0.000000000 0.000000000
0.000000000 0.000000000
-0.812912299 0.000000000
0.000000000 0.000000000
-0.406456149 0.000000000
0.000000000 0.000000000
0.000000000 1.000000000
0.000000000 0.000000000
0.000000000 0.000000000
-0.406456149 -2.000000000
0.000000000 1.000000000
0.000000000 0.000000000
0.000000000 0.000000000
0.000000000 0.000000000
0.000000000 0.000000000
0.000000000 0.000000000
0.000000000 0.000000000
0.000000000 0.000000000
0.000000000 -1.000000000
0.000000000 0.000000000
0.000000000 0.000000000
0.000000000 0.000000000
0.000000000 6.000000000
0.000000000 0.000000000
0.000000000 0.000000000
0.000000000 0.000000000
0.000000000 2.000000000
0.000000000 -3.000000000
0.000000000 1.000000000
-0.406456149 0.000000000
0.000000000 0.000000000
-0.406456149 0.000000000
0.000000000 0.000000000
0.000000000 0.000000000
0.000000000 0.000000000
0.406456149 2.000000000
0.000000000 1.000000000
0.000000000 0.000000000
0.000000000 -2.000000000
0.000000000 -2.000000000
0.000000000 -3.000000000
0.000000000 0.000000000
0.000000000 0.000000000
0.000000000 0.000000000
0.000000000 0.000000000
0.000000000 -1.000000000
0.000000000 3.000000000
0.000000000 -8.000000000
0.000000000 0.000000000
0.000000000 0.000000000
0.000000000 1.000000000
0.000000000 0.000000000
0.000000000 0.000000000
0.000000000 0.000000000
-0.406456149 -3.000000000
0.000000000 -2.000000000
0.000000000 0.000000000
0.000000000 0.000000000
0.000000000 0.000000000
0.000000000 1.000000000
0.000000000 0.000000000
-0.812912299 0.000000000
0.000000000 4.000000000
0.000000000 0.000000000
0.000000000 0.000000000
0.000000000 0.000000000
0.000000000 -1.000000000
0.000000000 0.000000000
0.000000000 0.000000000
0.000000000 0.000000000
0.000000000 0.000000000
0.000000000 -1.000000000
0.000000000 -1.000000000
0.000000000 0.000000000
0.000000000 1.000000000
0.000000000 0.000000000
0.000000000 1.000000000
0.000000000 0.000000000
-1.219368448 0.000000000
0.000000000 0.000000000
0.000000000 0.000000000
-0.406456149 0.000000000
0.000000000 0.000000000
0.000000000 0.000000000
0.000000000 -1.000000000
0.000000000 0.000000000
0.000000000 2.000000000
0.000000000 4.000000000
0.000000000 0.000000000
0.000000000 0.000000000
0.000000000 -2.000000000
0.000000000 -10.000000000
0.000000000 5.000000000
0.000000000 1.000000000
0.000000000 0.000000000
0.000000000 0.000000000
0.000000000 0.000000000
0.000000000 0.000000000
0.000000000 -1.000000000
0.000000000 1.000000000
0.000000000 0.000000000
0.000000000 0.000000000
0.406456149 2.000000000
0.000000000 0.000000000
0.000000000 0.000000000
0.000000000 3.000000000
0.000000000 0.000000000
0.000000000 0.000000000
0.000000000 0.000000000
0.000000000 5.000000000
1.219368448 0.000000000
0.000000000 2.000000000
0.000000000 0.000000000
0.000000000 2.000000000
0.000000000 0.000000000
0.000000000 0.000000000
0.812912299 6.000000000
0.000000000 -1.000000000
0.000000000 0.000000000
0.000000000 0.000000000
0.000000000 0.000000000
-2.032280747 0.000000000
0.000000000 0.000000000
-0.406456149 0.000000000
0.000000000 -2.000000000
0.000000000 0.000000000
0.000000000 0.000000000
-0.812912299 0.000000000
0.000000000 0.000000000
0.000000000 0.000000000
0.000000000 0.000000000
-0.406456149 0.000000000
0.000000000 0.000000000
0.000000000 0.000000000
0.406456149 0.000000000
0.000000000 0.000000000
0.000000000 1.000000000
0.000000000 0.000000000
0.000000000 1.000000000
0.000000000 0.000000000
0.000000000 0.000000000
0.812912299 6.000000000
0.000000000 0.000000000
0.000000000 0.000000000
0.000000000 0.000000000
0.000000000 1.000000000
0.000000000 0.000000000
0.000000000 0.000000000
0.000000000 -1.000000000
0.000000000 0.000000000
0.000000000 0.000000000
0.406456149 2.000000000
-0.406456149 0.000000000
0.000000000 0.000000000
0.000000000 0.000000000
0.000000000 0.000000000
0.000000000 -1.000000000
0.000000000 0.000000000
0.000000000 0.000000000
0.000000000 0.000000000
0.000000000 2.000000000
0.000000000 0.000000000
0.000000000 0.000000000
0.000000000 0.000000000
0.000000000 0.000000000
0.000000000 6.000000000
0.000000000 0.000000000
0.000000000 0.000000000
0.000000000 -4.000000000
0.000000000 0.000000000
0.000000000 2.000000000
0.000000000 0.000000000
0.000000000 0.000000000
0.000000000 -4.000000000
0.000000000 0.000000000
0.000000000 4.000000000
0.000000000 1.000000000
0.000000000 0.000000000
4.064561495 0.000000000
0.000000000 0.000000000
0.000000000 4.000000000
0.000000000 0.000000000
0.000000000 0.000000000
0.000000000 4.000000000
0.000000000 0.000000000
0.000000000 0.000000000
0.000000000 0.000000000
0.000000000 0.000000000
-1.219368448 0.000000000
0.000000000 3.000000000
0.000000000 0.000000000
-0.406456149 0.000000000
0.000000000 -2.000000000
0.000000000 0.000000000
0.000000000 -1.000000000
0.000000000 0.000000000
0.000000000 0.000000000
0.000000000 0.000000000
-0.406456149 -1.000000000
0.000000000 6.000000000
0.000000000 -2.000000000
0.000000000 0.000000000
-1.219368448 0.000000000
0.000000000 0.000000000
0.000000000 0.000000000
0.000000000 0.000000000
-0.406456149 0.000000000
0.000000000 0.000000000
0.000000000 0.000000000
0.406456149 1.000000000
0.000000000 0.000000000
0.000000000 0.000000000
0.000000000 0.000000000
-0.812912299 -1.000000000
0.000000000 0.000000000
0.000000000 3.000000000
0.000000000 -5.000000000
1.625824598 4.000000000
0.000000000 0.000000000
0.000000000 0.000000000
0.000000000 0.000000000
0.406456149 0.000000000
0.000000000 0.000000000
0.000000000 -6.000000000
0.000000000 0.000000000
0.000000000 0.000000000
0.812912299 0.000000000
0.000000000 0.000000000
0.000000000 0.000000000
0.000000000 1.000000000
0.000000000 0.000000000
0.000000000 -1.000000000
0.000000000 10.000000000
0.000000000 0.000000000
0.000000000 0.000000000
0.000000000 2.000000000
0.000000000 0.000000000
0.000000000 0.000000000
0.000000000 0.000000000
0.000000000 0.000000000
0.000000000 0.000000000
0.000000000 0.000000000
0.000000000 2.000000000
0.000000000 5.000000000
0.000000000 0.000000000
0.000000000 0.000000000
0.000000000 0.000000000
0.000000000 0.000000000
0.000000000 2.000000000
0.000000000 0.000000000
0.406456149 0.000000000
0.000000000 0.000000000
4.064561495 0.000000000
-0.406456149 0.000000000
0.000000000 9.000000000
0.000000000 3.000000000
0.000000000 0.000000000
0.000000000 3.000000000
-0.812912299 0.000000000
0.000000000 0.000000000
0.000000000 1.000000000
-0.812912299 0.000000000
0.000000000 0.000000000
0.000000000 0.000000000
0.000000000 0.000000000
-0.812912299 0.000000000
0.000000000 0.000000000
0.000000000 0.000000000
0.000000000 1.000000000
0.812912299 0.000000000
0.000000000 1.000000000
0.000000000 0.000000000
0.000000000 -4.000000000
0.000000000 0.000000000
0.000000000 0.000000000
0.000000000 -4.000000000
0.000000000 0.000000000
0.000000000 -1.000000000
0.000000000 -1.000000000
0.000000000 0.000000000
0.000000000 0.000000000
0.000000000 0.000000000
0.000000000 0.000000000
0.000000000 0.000000000
0.000000000 0.000000000
0.000000000 5.000000000
0.000000000 0.000000000
0.000000000 0.000000000
0.000000000 -1.000000000
0.000000000 2.000000000
-0.406456149 0.000000000
0.000000000 0.000000000
0.000000000 -9.000000000
0.000000000 0.000000000
0.000000000 1.000000000
0.000000000 0.000000000
0.000000000 0.000000000
0.000000000 0.000000000
0.000000000 0.000000000
0.000000000 1.000000000
0.000000000 1.000000000
0.000000000 -1.000000000
0.000000000 0.000000000
0.000000000 0.000000000
0.000000000 3.000000000
0.000000000 3.000000000
-0.406456149 -2.000000000
0.000000000 0.000000000
0.000000000 -2.000000000
0.000000000 0.000000000
0.000000000 0.000000000
0.000000000 -2.000000000
0.000000000 0.000000000
0.000000000 -1.000000000
0.000000000 0.000000000
0.000000000 0.000000000
0.000000000 0.000000000
0.000000000 0.000000000
-0.406456149 -3.000000000
0.000000000 0.000000000
0.000000000 0.000000000
0.000000000 0.000000000
0.000000000 0.000000000
0.000000000 0.000000000
0.000000000 3.000000000
-0.812912299 -1.000000000
0.000000000 0.000000000
0.000000000 0.000000000
0.000000000 0.000000000
0.000000000 2.000000000
0.000000000 -2.000000000
0.000000000 -6.000000000
0.000000000 0.000000000
0.000000000 -1.000000000
0.000000000 -1.000000000
0.000000000 0.000000000
0.000000000 0.000000000
0.000000000 0.000000000
0.000000000 0.000000000
0.000000000 0.000000000
0.000000000 0.000000000
0.000000000 0.000000000
0.000000000 0.000000000
0.000000000 0.000000000
0.000000000 4.000000000
0.000000000 0.000000000
0.000000000 0.000000000
0.000000000 0.000000000
0.000000000 3.000000000
0.000000000 0.000000000
0.000000000 2.000000000
0.000000000 0.000000000
0.000000000 -2.000000000
0.000000000 0.000000000
0.000000000 0.000000000
0.000000000 0.000000000
0.000000000 0.000000000
0.000000000 0.000000000
-0.406456149 0.000000000
0.000000000 1.000000000
0.000000000 0.000000000
0.000000000 -2.000000000
0.000000000 2.000000000
0.000000000 -1.000000000
0.000000000 0.000000000
-2.032280747 0.000000000
0.000000000 0.000000000
0.000000000 0.000000000
0.000000000 0.000000000
0.000000000 5.000000000
0.000000000 0.000000000
0.406456149 0.000000000
0.000000000 0.000000000
0.000000000 3.000000000
0.000000000 0.000000000
0.406456149 1.000000000
0.000000000 0.000000000
-0.812912299 -1.000000000
0.000000000 -1.000000000
0.000000000 0.000000000
0.000000000 -1.000000000
0.000000000 6.000000000
0.000000000 4.000000000
0.000000000 3.000000000
0.000000000 0.000000000
0.000000000 -1.000000000
0.000000000 0.000000000
0.000000000 0.000000000
0.000000000 0.000000000
0.000000000 0.000000000
0.000000000 7.000000000
-0.406456149 -1.000000000
0.000000000 -1.000000000
0.000000000 5.000000000
2.438736897 3.000000000
0.000000000 0.000000000
0.000000000 0.000000000
3.251649196 0.000000000
0.000000000 0.000000000
0.000000000 0.000000000
0.000000000 -4.000000000
0.000000000 0.000000000
0.000000000 0.000000000
0.000000000 0.000000000
0.000000000 -2.000000000
0.000000000 -3.000000000
0.000000000 0.000000000
0.000000000 0.000000000
0.000000000 0.000000000
0.000000000 1.000000000
0.000000000 0.000000000
0.000000000 2.000000000
0.000000000 0.000000000
0.000000000 0.000000000
0.000000000 1.000000000
0.000000000 -1.000000000
-0.812912299 0.000000000
0.000000000 0.000000000
0.000000000 0.000000000
0.000000000 0.000000000
0.000000000 3.000000000
0.000000000 0.000000000
0.000000000 0.000000000
0.000000000 0.000000000
0.000000000 0.000000000
0.000000000 5.000000000
0.000000000 1.000000000
-1.625824598 0.000000000
0.000000000 0.000000000
0.000000000 0.000000000
0.000000000 0.000000000
0.000000000 0.000000000
0.000000000 0.000000000
0.000000000 4.000000000
0.000000000 0.000000000
0.000000000 -1.000000000
0.000000000 0.000000000
0.000000000 4.000000000
0.000000000 -1.000000000
0.000000000 0.000000000
0.000000000 0.000000000
0.000000000 1.000000000
0.000000000 0.000000000
0.000000000 0.000000000
0.000000000 0.000000000
0.000000000 0.000000000
0.000000000 -1.000000000
0.000000000 1.000000000
0.000000000 -1.000000000
0.000000000 1.000000000
0.000000000 5.000000000
0.000000000 0.000000000
0.000000000 0.000000000
-0.812912299 0.000000000
0.000000000 0.000000000
0.000000000 0.000000000
0.000000000 0.000000000
0.000000000 0.000000000
0.000000000 0.000000000
0.000000000 0.000000000
0.000000000 0.000000000
0.000000000 1.000000000
0.000000000 0.000000000
0.000000000 0.000000000
0.000000000 0.000000000
0.000000000 0.000000000
0.000000000 0.000000000
0.000000000 0.000000000
0.000000000 0.000000000
0.000000000 0.000000000
0.000000000 -2.000000000
0.000000000 0.000000000
0.000000000 0.000000000
0.000000000 0.000000000
0.000000000 1.000000000
0.000000000 0.000000000
0.000000000 0.000000000
1.219368448 0.000000000
0.000000000 0.000000000
0.000000000 0.000000000
0.812912299 0.000000000
-1.219368448 -3.000000000
0.000000000 0.000000000
0.000000000 1.000000000
0.000000000 -2.000000000
-0.812912299 0.000000000
0.000000000 0.000000000
0.000000000 0.000000000
0.000000000 -1.000000000
0.000000000 0.000000000
0.000000000 0.000000000
0.000000000 0.000000000
0.000000000 1.000000000
0.000000000 0.000000000
-0.812912299 0.000000000
0.000000000 0.000000000
0.000000000 0.000000000
0.000000000 0.000000000
0.000000000 0.000000000
0.000000000 0.000000000
0.000000000 0.000000000
0.000000000 0.000000000
1.625824598 0.000000000
0.000000000 1.000000000
0.000000000 0.000000000
0.000000000 3.000000000
-0.812912299 0.000000000
0.406456149 3.000000000
0.000000000 0.000000000
0.000000000 0.000000000
0.000000000 0.000000000
0.000000000 0.000000000
0.000000000 0.000000000
0.812912299 0.000000000
0.000000000 -6.000000000
0.000000000 0.000000000
0.000000000 1.000000000
-0.406456149 0.000000000
-0.812912299 -1.000000000
0.000000000 0.000000000
0.000000000 4.000000000
0.000000000 0.000000000
0.000000000 -1.000000000
0.000000000 0.000000000
0.000000000 0.000000000
0.000000000 2.000000000
0.000000000 0.000000000
0.000000000 -2.000000000
0.000000000 0.000000000
0.000000000 -2.000000000
0.000000000 0.000000000
0.000000000 0.000000000
0.000000000 2.000000000
0.000000000 -1.000000000
1.625824598 1.000000000
0.000000000 -6.000000000
0.000000000 0.000000000
0.000000000 2.000000000
0.000000000 0.000000000
0.000000000 -4.000000000
0.000000000 0.000000000
-1.219368448 -1.000000000
0.000000000 -4.000000000
0.000000000 -1.000000000
0.406456149 0.000000000
0.000000000 0.000000000
0.000000000 -1.000000000
0.000000000 0.000000000
0.000000000 0.000000000
1.625824598 0.000000000
0.000000000 0.000000000
0.000000000 0.000000000
0.000000000 -4.000000000
2.438736897 0.000000000
0.000000000 0.000000000
0.000000000 0.000000000
0.000000000 0.000000000
0.000000000 -3.000000000
0.000000000 8.000000000
0.000000000 0.000000000
0.000000000 0.000000000
0.000000000 0.000000000
0.000000000 0.000000000
0.406456149 3.000000000
0.000000000 0.000000000
0.000000000 0.000000000
0.000000000 0.000000000
0.000000000 0.000000000
0.000000000 1.000000000
0.000000000 0.000000000
0.000000000 0.000000000
0.000000000 0.000000000
0.000000000 -2.000000000
0.000000000 0.000000000
-0.406456149 -1.000000000
0.000000000 1.000000000
0.000000000 0.000000000
0.000000000 0.000000000
0.000000000 0.000000000
0.000000000 0.000000000
0.000000000 0.000000000
0.000000000 0.000000000
0.406456149 1.000000000
0.000000000 0.000000000
0.000000000 0.000000000
0.406456149 0.000000000
0.000000000 0.000000000
0.000000000 0.000000000
0.000000000 0.000000000
0.000000000 -1.000000000
-2.032280747 0.000000000
0.000000000 1.000000000
0.000000000 6.000000000
0.000000000 0.000000000
0.000000000 0.000000000
-0.812912299 0.000000000
0.000000000 0.000000000
0.000000000 0.000000000
0.000000000 -2.000000000
0.000000000 3.000000000
0.000000000 0.000000000
0.000000000 -1.000000000
0.000000000 0.000000000
0.000000000 0.000000000
0.000000000 0.000000000
0.000000000 0.000000000
0.000000000 0.000000000
0.000000000 0.000000000
0.000000000 0.000000000
0.000000000 0.000000000
0.000000000 0.000000000
-3.658105345 0.000000000
0.000000000 2.000000000
0.000000000 0.000000000
0.000000000 0.000000000
0.000000000 0.000000000
0.812912299 0.000000000
0.000000000 0.000000000
0.406456149 3.000000000
0.000000000 0.000000000
0.000000000 3.000000000
0.000000000 0.000000000
0.000000000 2.000000000
0.000000000 0.000000000
0.000000000 1.000000000
0.000000000 0.000000000
0.000000000 0.000000000
0.000000000 0.000000000
0.000000000 -1.000000000
0.000000000 2.000000000
0.000000000 0.000000000
0.000000000 0.000000000
0.000000000 -1.000000000
0.000000000 5.000000000
0.000000000 0.000000000
0.000000000 -2.000000000
2.032280747 0.000000000
0.000000000 0.000000000
0.000000000 0.000000000
0.000000000 1.000000000
-1.219368448 0.000000000
0.000000000 -4.000000000
0.000000000 0.000000000
0.000000000 2.000000000
0.000000000 0.000000000
0.000000000 0.000000000
0.000000000 0.000000000
0.000000000 0.000000000
0.000000000 0.000000000
0.000000000 5.000000000
0.000000000 0.000000000
0.000000000 9.000000000
0.000000000 0.000000000
0.000000000 0.000000000
0.000000000 0.000000000
0.000000000 -3.000000000
0.000000000 0.000000000
0.000000000 1.000000000
0.000000000 0.000000000
0.000000000 0.000000000
0.000000000 -3.000000000
0.000000000 0.000000000
0.000000000 0.000000000
0.000000000 0.000000000
0.000000000 -2.000000000
0.000000000 7.000000000
0.000000000 -1.000000000
0.000000000 0.000000000
0.000000000 4.000000000
0.000000000 0.000000000
0.000000000 0.000000000
0.000000000 3.000000000
0.000000000 0.000000000
1.625824598 0.000000000
0.000000000 0.000000000
0.000000000 -3.000000000
0.000000000 -6.000000000
0.000000000 0.000000000
0.000000000 0.000000000
0.000000000 4.000000000
0.000000000 0.000000000
0.000000000 0.000000000
0.000000000 0.000000000
0.000000000 -1.000000000
0.000000000 -1.000000000
0.406456149 0.000000000
0.000000000 -1.000000000
0.000000000 0.000000000
0.000000000 0.000000000
0.000000000 0.000000000
0.000000000 0.000000000
0.000000000 -3.000000000
-1.219368448 0.000000000
0.000000000 9.000000000
0.000000000 0.000000000
0.000000000 0.000000000
0.000000000 -3.000000000
0.000000000 2.000000000
-1.625824598 -3.000000000
0.000000000 0.000000000
0.000000000 0.000000000
-0.812912299 0.000000000
0.000000000 0.000000000
0.000000000 0.000000000
0.000000000 0.000000000
-0.812912299 0.000000000
0.000000000 0.000000000
-0.406456149 0.000000000
0.000000000 0.000000000
0.000000000 0.000000000
0.000000000 -8.000000000
0.000000000 0.000000000
0.000000000 3.000000000
0.000000000 0.000000000
0.000000000 -1.000000000
0.000000000 0.000000000
0.000000000 1.000000000
-0.406456149 0.000000000
0.000000000 0.000000000
0.000000000 1.000000000
0.000000000 0.000000000
0.000000000 0.000000000
0.000000000 0.000000000
0.000000000 0.000000000
-1.625824598 0.000000000
0.000000000 0.000000000
0.000000000 0.000000000
0.000000000 0.000000000
0.000000000 0.000000000
0.000000000 -2.000000000
0.000000000 0.000000000
0.000000000 0.000000000
0.000000000 0.000000000
0.000000000 0.000000000
0.000000000 1.000000000
0.000000000 6.000000000
0.000000000 -2.000000000
0.000000000 0.000000000
0.000000000 0.000000000
3.658105345 1.000000000
0.000000000 0.000000000
0.000000000 0.000000000
0.000000000 -2.000000000
0.000000000 0.000000000
0.000000000 0.000000000
0.000000000 -1.000000000
0.000000000 0.000000000
0.000000000 0.000000000
0.000000000 0.000000000
0.000000000 10.000000000
0.000000000 0.000000000
0.000000000 -1.000000000
0.000000000 0.000000000
0.000000000 0.000000000
0.406456149 0.000000000
0.812912299 0.000000000
0.000000000 3.000000000
0.000000000 1.000000000
0.000000000 0.000000000
0.000000000 0.000000000
0.000000000 0.000000000
0.000000000 6.000000000
0.000000000 6.000000000
0.000000000 0.000000000
0.000000000 0.000000000
0.000000000 0.000000000
0.000000000 3.000000000
0.000000000 0.000000000
0.000000000 -10.000000000
1.219368448 0.000000000
0.000000000 0.000000000
0.000000000 0.000000000
0.000000000 0.000000000
0.000000000 0.000000000
0.000000000 0.000000000
0.000000000 0.000000000
0.000000000 6.000000000
0.000000000 0.000000000
0.000000000 0.000000000
0.000000000 0.000000000
0.000000000 -3.000000000
0.000000000 2.000000000
0.000000000 0.000000000
0.000000000 0.000000000
2.438736897 3.000000000
0.000000000 -2.000000000
0.000000000 0.000000000
0.000000000 0.000000000
0.000000000 3.000000000
0.000000000 0.000000000
0.000000000 -3.000000000
0.000000000 0.000000000
0.000000000 0.000000000
0.000000000 1.000000000
0.000000000 -1.000000000
0.000000000 -1.000000000
0.000000000 0.000000000
-0.406456149 0.000000000
1.219368448 0.000000000
0.000000000 0.000000000
0.000000000 0.000000000
0.000000000 0.000000000
0.000000000 2.000000000
0.000000000 0.000000000
0.000000000 0.000000000
0.000000000 0.000000000
-0.812912299 0.000000000
0.000000000 4.000000000
0.000000000 -4.000000000
0.000000000 10.000000000
0.000000000 0.000000000
0.406456149 5.000000000
0.000000000 1.000000000
0.000000000 -3.000000000
0.000000000 -5.000000000
0.000000000 0.000000000
-0.812912299 0.000000000
0.000000000 -1.000000000
0.000000000 0.000000000
-2.032280747 0.000000000
0.000000000 0.000000000
0.000000000 3.000000000
0.000000000 2.000000000
0.000000000 0.000000000
0.000000000 0.000000000
0.000000000 0.000000000
0.000000000 -2.000000000
0.000000000 0.000000000
0.000000000 0.000000000
0.000000000 0.000000000
0.000000000 0.000000000
0.000000000 -3.000000000
0.000000000 -1.000000000
0.000000000 0.000000000
0.000000000 0.000000000
0.000000000 2.000000000
0.000000000 -2.000000000
0.000000000 0.000000000
0.000000000 0.000000000
0.000000000 0.000000000
0.000000000 0.000000000
0.000000000 -1.000000000
0.406456149 1.000000000
0.000000000 0.000000000
0.000000000 8.000000000
0.000000000 -1.000000000
0.000000000 3.000000000
0.000000000 0.000000000
0.000000000 1.000000000
0.000000000 0.000000000
0.000000000 0.000000000
0.000000000 0.000000000
-0.812912299 0.000000000
0.000000000 -1.000000000
0.000000000 1.000000000
0.000000000 1.000000000
0.000000000 -2.000000000
0.000000000 0.000000000
0.000000000 0.000000000
0.000000000 0.000000000
0.000000000 0.000000000
0.000000000 0.000000000
0.000000000 0.000000000
0.000000000 -2.000000000
0.000000000 0.000000000
0.000000000 0.000000000
0.000000000 0.000000000
1.625824598 0.000000000
0.000000000 -1.000000000
0.000000000 2.000000000
0.406456149 0.000000000
-1.219368448 0.000000000
0.000000000 2.000000000
-0.812912299 0.000000000
0.000000000 1.000000000
0.000000000 0.000000000
0.000000000 0.000000000
0.000000000 0.000000000
0.000000000 0.000000000
-1.625824598 -3.000000000
0.000000000 1.000000000
0.000000000 0.000000000
0.000000000 0.000000000
2.845193046 0.000000000
0.000000000 0.000000000
0.000000000 -2.000000000
0.000000000 0.000000000
0.000000000 1.000000000
0.000000000 1.000000000
0.000000000 0.000000000
2.032280747 0.000000000
0.000000000 0.000000000
0.000000000 0.000000000
0.000000000 0.000000000
-0.812912299 0.000000000
0.000000000 0.000000000
-0.406456149 -1.000000000
0.000000000 0.000000000
0.000000000 0.000000000
0.000000000 1.000000000
0.000000000 0.000000000
0.000000000 5.000000000
0.000000000 0.000000000
0.000000000 0.000000000
0.000000000 0.000000000
0.000000000 -4.000000000
0.000000000 0.000000000
0.000000000 0.000000000
0.000000000 0.000000000
0.000000000 -2.000000000
0.000000000 0.000000000
0.000000000 -3.000000000
0.000000000 0.000000000
0.000000000 0.000000000
0.000000000 0.000000000
0.000000000 0.000000000
0.000000000 0.000000000
0.000000000 0.000000000
0.000000000 0.000000000
0.000000000 -1.000000000
0.000000000 -1.000000000
0.000000000 0.000000000
0.000000000 0.000000000
0.000000000 0.000000000
0.000000000 0.000000000
0.000000000 0.000000000
0.000000000 0.000000000
0.000000000 0.000000000
0.000000000 0.000000000
0.000000000 0.000000000
0.000000000 3.000000000
-1.219368448 0.000000000
0.000000000 0.000000000
0.000000000 0.000000000
0.000000000 0.000000000
0.000000000 0.000000000
0.000000000 2.000000000
0.000000000 -3.000000000
0.000000000 0.000000000
0.000000000 0.000000000
0.000000000 0.000000000
0.000000000 0.000000000
0.000000000 0.000000000
0.000000000 0.000000000
0.406456149 0.000000000
0.000000000 0.000000000
0.000000000 0.000000000
0.000000000 -1.000000000
0.000000000 0.000000000
0.000000000 0.000000000
0.000000000 0.000000000
0.000000000 1.000000000
0.000000000 0.000000000
0.000000000 2.000000000
0.000000000 8.000000000
0.000000000 0.000000000
0.000000000 0.000000000
0.406456149 2.000000000
0.000000000 0.000000000
0.000000000 0.000000000
0.000000000 0.000000000
1.219368448 0.000000000
0.000000000 0.000000000
0.000000000 -2.000000000
0.000000000 0.000000000
0.406456149 0.000000000
-0.406456149 0.000000000
0.000000000 0.000000000
0.000000000 0.000000000
0.000000000 0.000000000
0.406456149 3.000000000
-0.406456149 0.000000000
0.000000000 0.000000000
0.000000000 0.000000000
0.000000000 2.000000000
0.000000000 -7.000000000
0.000000000 0.000000000
0.000000000 0.000000000
1.219368448 0.000000000
-0.812912299 -1.000000000
0.000000000 0.000000000
0.000000000 0.000000000
0.000000000 -1.000000000
2.032280747 0.000000000
0.000000000 0.000000000
0.000000000 0.000000000
0.000000000 -1.000000000
0.000000000 0.000000000
0.000000000 3.000000000
0.000000000 0.000000000
0.000000000 2.000000000
0.000000000 0.000000000
0.000000000 0.000000000
0.000000000 3.000000000
-1.625824598 -5.000000000
-1.219368448 0.000000000
0.000000000 -3.000000000
1.625824598 4.000000000
0.000000000 -2.000000000
0.000000000 -1.000000000
0.000000000 0.000000000
2.438736897 0.000000000
0.000000000 3.000000000
0.000000000 0.000000000
0.000000000 -1.000000000
0.000000000 0.000000000
0.000000000 0.000000000
0.000000000 0.000000000
0.000000000 0.000000000
0.000000000 0.000000000
0.000000000 0.000000000
0.000000000 0.000000000
0.000000000 0.000000000
3.251649196 0.000000000
0.000000000 -2.000000000
0.000000000 0.000000000
0.000000000 0.000000000
0.000000000 0.000000000
0.000000000 0.000000000
0.000000000 4.000000000
0.000000000 1.000000000
0.000000000 0.000000000
0.000000000 1.000000000
0.000000000 -1.000000000
0.000000000 -2.000000000
0.000000000 0.000000000
0.000000000 1.000000000
0.000000000 0.000000000
0.000000000 -2.000000000
0.000000000 0.000000000
0.000000000 -2.000000000
0.000000000 1.000000000
0.000000000 -1.000000000
0.000000000 0.000000000
0.000000000 0.000000000
1.219368448 0.000000000
0.000000000 0.000000000
1.219368448 0.000000000
0.000000000 0.000000000
0.000000000 0.000000000
0.000000000 0.000000000
0.000000000 0.000000000
0.000000000 0.000000000
0.000000000 0.000000000
0.000000000 0.000000000
0.000000000 0.000000000
0.000000000 2.000000000
0.000000000 0.000000000
-0.406456149 0.000000000
0.406456149 0.000000000
0.000000000 0.000000000
0.000000000 0.000000000
0.000000000 0.000000000
1.625824598 0.000000000
0.000000000 0.000000000
0.000000000 -1.000000000
0.000000000 0.000000000
0.000000000 0.000000000
0.000000000 0.000000000
0.000000000 1.000000000
0.000000000 -1.000000000
0.000000000 0.000000000
0.000000000 0.000000000
0.000000000 0.000000000
0.000000000 0.000000000
0.000000000 -5.000000000
0.000000000 -1.000000000
0.000000000 0.000000000
0.000000000 0.000000000
0.000000000 0.000000000
0.000000000 0.000000000
0.000000000 0.000000000
0.000000000 1.000000000
0.000000000 1.000000000
1.625824598 0.000000000
0.000000000 -3.000000000
0.000000000 0.000000000
-0.406456149 0.000000000
0.000000000 0.000000000
0.000000000 0.000000000
0.000000000 0.000000000
-1.625824598 0.000000000
0.000000000 0.000000000
0.000000000 0.000000000
-1.219368448 0.000000000
0.000000000 6.000000000
0.000000000 0.000000000
0.000000000 0.000000000
0.000000000 0.000000000
0.000000000 0.000000000
0.000000000 0.000000000
0.000000000 0.000000000
0.000000000 3.000000000
0.000000000 -1.000000000
0.000000000 1.000000000
0.000000000 8.000000000
0.000000000 0.000000000
0.000000000 0.000000000
0.000000000 0.000000000
0.000000000 0.000000000
0.000000000 4.000000000
0.000000000 -3.000000000
0.000000000 0.000000000
0.000000000 0.000000000
34.924045839
