0.000000000 0.000000000
0.011531112 0.886672000
0.000000000 0.000000000
0.000000000 -0.886672000
0.046124448 0.433360000
0.000000000 0.000000000
0.000000000 0.000000000
0.000000000 -2.000000000
-0.034593336 -1.433360000
0.000000000 0.000000000
0.000000000 -0.226656000
0.000000000 0.886672000
0.000000000 0.000000000
0.011531112 0.773344000
0.011531112 0.000000000
0.000000000 0.000000000
0.000000000 0.886672000
0.000000000 -2.000000000
-0.034593336 -0.773344000
-0.078687671 -0.453312000
0.092248897 1.980048000
-0.000000000 -0.886672000
0.000000000 0.000000000
0.000000000 0.886672000
0.000000000 -1.113328000
-0.046124448 -1.546688000
0.057655560 2.320032000
0.034593336 1.660016000
0.000000000 -0.886672000
0.000000000 0.000000000
0.000000000 -0.113328000
0.092248897 0.093376000
0.000000000 -1.000000000
-0.090218783 0.000000000
0.000000000 0.000000000
-0.023062224 -0.773344000
0.000000000 0.000000000
0.000000000 0.000000000
0.000000000 0.000000000
0.000000000 -2.000000000
0.011531112 0.773344000
0.011531112 0.773344000
0.034593336 0.660016000
0.000000000 0.000000000
0.080717784 0.093376000
0.000000000 -1.113328000
0.000000000 -1.660016000
0.000000000 0.000000000
0.000000000 1.000000000
-0.000000000 -1.886672000
-0.078687671 -0.226656000
0.000000000 0.000000000
0.044094334 0.453312000
0.000000000 -0.886672000
0.000000000 0.226656000
0.000000000 0.000000000
-0.000000000 -0.113328000
0.000000000 0.113328000
0.000000000 0.226656000
-0.023062224 -0.660016000
0.000000000 0.113328000
0.000000000 -1.000000000
0.023062224 0.773344000
0.000000000 0.000000000
0.000000000 0.000000000
0.000000000 0.886672000
0.000000000 0.000000000
-0.011531112 -1.000000000
-0.080717784 -0.980048000
0.000000000 0.113328000
-0.057655560 -2.433360000
0.000000000 0.000000000
-0.011531112 -0.773344000
0.023062224 0.773344000
0.011531112 1.886672000
0.000000000 -1.773344000
0.000000000 0.000000000
0.046124448 0.546688000
0.000000000 0.000000000
0.000000000 1.000000000
0.000000000 0.000000000
0.000000000 0.773344000
0.000000000 0.000000000
0.000000000 1.000000000
0.000000000 -0.113328000
0.000000000 0.886672000
0.000000000 0.773344000
0.000000000 0.113328000
0.000000000 0.000000000
0.011531112 1.000000000
0.000000000 0.000000000
0.000000000 -0.113328000
0.000000000 -0.886672000
0.011531112 0.773344000
0.000000000 0.000000000
0.090218783 2.113328000
0.000000000 -0.886672000
0.000000000 -0.773344000
0.000000000 -0.773344000
0.000000000 0.886672000
0.000000000 -1.000000000
0.000000000 0.000000000
-0.011531112 -0.886672000
0.000000000 0.113328000
-0.011531112 -1.886672000
0.000000000 0.000000000
0.000000000 0.000000000
0.000000000 0.000000000
0.000000000 0.000000000
0.000000000 0.000000000
0.000000000 -0.773344000
0.000000000 0.000000000
0.011531112 0.000000000
0.000000000 2.660016000
-0.011531112 -0.000000000
0.000000000 0.000000000
0.000000000 0.000000000
0.000000000 0.660016000
0.000000000 0.113328000
0.000000000 -1.000000000
0.000000000 1.000000000
0.000000000 0.000000000
-0.000000000 -1.000000000
-0.011531112 -0.886672000
-0.011531112 -0.000000000
0.000000000 0.000000000
-0.023062224 -1.546688000
0.000000000 0.886672000
0.000000000 0.000000000
-0.046124448 -0.660016000
0.000000000 -0.773344000
0.000000000 -0.113328000
0.000000000 1.000000000
0.000000000 0.113328000
0.000000000 0.000000000
0.000000000 0.000000000
0.000000000 -0.773344000
0.000000000 0.000000000
0.011531112 0.773344000
-0.002030114 -0.866720000
0.023062224 2.546688000
0.000000000 -0.113328000
0.000000000 1.000000000
0.000000000 0.000000000
0.000000000 0.000000000
0.000000000 0.000000000
-0.090218783 -1.886672000
0.000000000 -1.000000000
0.000000000 0.886672000
0.000000000 -1.000000000
0.000000000 0.000000000
0.000000000 0.339984000
0.000000000 0.000000000
0.000000000 0.000000000
0.000000000 0.886672000
0.046124448 0.433360000
0.000000000 0.000000000
0.000000000 1.000000000
0.000000000 0.773344000
0.000000000 0.339984000
-0.078687671 -0.886672000
0.000000000 0.773344000
0.011531112 0.000000000
-0.034593336 -2.206704000
0.078687671 0.226656000
-0.000000000 -0.113328000
0.000000000 0.000000000
-0.011531112 -0.000000000
-0.011531112 -1.000000000
0.000000000 -0.113328000
0.000000000 0.113328000
0.000000000 0.000000000
-0.090218783 -0.113328000
0.000000000 0.000000000
-0.000000000 -1.000000000
0.000000000 0.000000000
0.023062224 0.773344000
0.000000000 -0.113328000
0.000000000 0.000000000
0.011531112 1.773344000
0.000000000 0.886672000
0.000000000 0.886672000
0.000000000 -0.113328000
-0.011531112 -0.113328000
0.000000000 0.000000000
0.000000000 0.113328000
-0.000000000 -0.113328000
0.092248897 0.093376000
0.000000000 0.000000000
0.011531112 1.000000000
0.000000000 -1.773344000
0.000000000 0.113328000
0.090218783 0.113328000
0.000000000 0.000000000
0.000000000 0.000000000
0.000000000 -0.113328000
0.000000000 1.000000000
0.000000000 3.000000000
-0.078687671 -0.886672000
0.000000000 0.773344000
0.000000000 1.000000000
0.011531112 0.773344000
0.000000000 0.000000000
-0.011531112 -0.000000000
0.000000000 0.773344000
0.000000000 0.000000000
0.000000000 0.000000000
0.000000000 0.000000000
0.011531112 1.886672000
0.000000000 0.113328000
0.000000000 0.000000000
0.000000000 0.000000000
0.000000000 -0.886672000
0.000000000 0.113328000
0.000000000 0.226656000
0.000000000 -0.886672000
0.046124448 0.546688000
0.000000000 0.000000000
0.000000000 0.000000000
0.000000000 0.886672000
0.000000000 0.000000000
0.080717784 0.093376000
0.000000000 -1.000000000
0.000000000 1.000000000
0.000000000 0.113328000
0.000000000 0.000000000
-0.023062224 -0.773344000
0.000000000 0.000000000
0.000000000 -1.000000000
0.000000000 -0.226656000
0.000000000 0.886672000
0.000000000 1.000000000
0.000000000 0.773344000
0.092248897 1.093376000
0.034593336 2.660016000
0.000000000 -0.113328000
0.000000000 0.000000000
0.000000000 0.000000000
0.000000000 0.000000000
0.000000000 0.000000000
0.000000000 -0.226656000
0.000000000 1.000000000
0.000000000 0.000000000
0.000000000 0.000000000
0.023062224 1.546688000
-0.023062224 -0.773344000
0.000000000 0.000000000
0.000000000 -0.113328000
0.000000000 0.113328000
0.000000000 0.000000000
-0.011531112 -0.886672000
0.000000000 0.000000000
0.000000000 -1.000000000
0.000000000 0.886672000
0.011531112 0.773344000
-0.023062224 -2.773344000
0.000000000 0.886672000
0.000000000 0.773344000
0.000000000 1.000000000
0.000000000 1.000000000
0.000000000 0.000000000
0.000000000 0.000000000
0.000000000 -0.113328000
0.000000000 1.113328000
0.000000000 0.886672000
0.000000000 0.000000000
0.011531112 1.000000000
0.000000000 0.000000000
-0.034593336 -0.660016000
0.034593336 1.660016000
0.011531112 0.000000000
0.011531112 0.886672000
0.023062224 0.000000000
0.000000000 0.113328000
0.000000000 0.886672000
0.000000000 0.000000000
0.000000000 0.000000000
0.000000000 -2.773344000
0.000000000 -1.886672000
0.000000000 0.226656000
0.000000000 0.886672000
0.000000000 1.886672000
0.000000000 0.886672000
0.000000000 0.226656000
0.000000000 0.113328000
0.000000000 0.000000000
0.000000000 1.000000000
0.000000000 -1.226656000
0.000000000 1.773344000
0.000000000 -0.886672000
0.000000000 0.000000000
0.000000000 0.000000000
0.000000000 0.000000000
0.000000000 0.886672000
0.000000000 3.000000000
0.000000000 0.226656000
-0.044094334 -0.566640000
0.000000000 1.226656000
0.000000000 0.000000000
0.000000000 -1.113328000
0.000000000 1.000000000
0.000000000 1.886672000
0.000000000 0.000000000
0.000000000 0.000000000
0.000000000 0.113328000
0.000000000 0.660016000
0.000000000 0.000000000
0.000000000 0.113328000
0.000000000 0.000000000
0.000000000 -0.886672000
0.000000000 -1.773344000
0.000000000 0.000000000
-0.078687671 -0.226656000
0.000000000 0.000000000
0.000000000 0.000000000
0.000000000 0.000000000
0.000000000 0.000000000
-0.011531112 -0.773344000
0.011531112 0.773344000
0.055625446 0.566640000
0.000000000 0.000000000
0.011531112 1.000000000
0.000000000 0.000000000
0.000000000 -1.000000000
0.000000000 1.000000000
-0.078687671 -1.113328000
0.000000000 -0.886672000
-0.023062224 -0.773344000
-0.000000000 -1.000000000
0.000000000 0.000000000
0.000000000 0.000000000
0.078687671 0.226656000
0.000000000 2.773344000
0.000000000 0.773344000
0.000000000 0.000000000
0.000000000 0.773344000
-0.023062224 -0.773344000
0.000000000 1.000000000
0.011531112 1.886672000
0.000000000 0.000000000
0.000000000 1.000000000
0.000000000 0.113328000
0.000000000 0.000000000
0.000000000 0.000000000
0.000000000 1.000000000
0.000000000 -2.433360000
0.000000000 0.113328000
0.000000000 1.000000000
-0.078687671 -0.226656000
0.023062224 1.660016000
0.000000000 0.000000000
-0.034593336 -0.660016000
-0.000000000 -0.886672000
0.000000000 -0.886672000
0.000000000 0.113328000
0.000000000 1.660016000
0.000000000 -0.886672000
0.000000000 0.113328000
0.000000000 -1.000000000
0.000000000 -0.113328000
0.000000000 -0.886672000
-0.011531112 -0.773344000
0.000000000 0.000000000
0.000000000 0.000000000
0.000000000 0.000000000
0.000000000 -0.113328000
0.000000000 -0.886672000
0.000000000 -0.113328000
0.000000000 0.000000000
0.011531112 0.886672000
0.000000000 0.000000000
0.002030114 1.753392000
-0.090218783 0.000000000
0.000000000 -0.886672000
0.000000000 -0.113328000
0.000000000 1.000000000
0.000000000 0.000000000
0.000000000 -0.886672000
0.000000000 1.113328000
0.000000000 0.886672000
0.000000000 0.000000000
0.000000000 0.886672000
0.000000000 -0.113328000
0.000000000 0.000000000
0.067156558 0.113328000
0.000000000 0.226656000
0.000000000 0.000000000
0.000000000 1.113328000
0.000000000 -0.113328000
0.000000000 0.000000000
0.000000000 0.000000000
0.000000000 -0.886672000
0.011531112 0.000000000
0.000000000 0.113328000
0.002030114 0.866720000
0.000000000 2.113328000
0.000000000 0.886672000
0.000000000 1.000000000
0.000000000 -1.546688000
0.000000000 0.000000000
-0.011531112 -1.773344000
0.000000000 0.000000000
0.000000000 0.000000000
0.000000000 0.000000000
0.000000000 -1.000000000
0.000000000 1.113328000
0.000000000 0.886672000
0.000000000 1.886672000
-0.002030114 -1.753392000
0.000000000 0.000000000
0.002030114 0.093376000
0.000000000 0.773344000
0.000000000 0.000000000
0.000000000 1.660016000
0.000000000 0.000000000
-0.046124448 -0.433360000
0.000000000 1.000000000
-0.011531112 -2.000000000
0.078687671 0.113328000
0.000000000 0.113328000
0.000000000 1.000000000
0.000000000 2.000000000
0.000000000 -1.000000000
0.000000000 2.000000000
0.000000000 0.000000000
-0.011531112 -2.773344000
0.000000000 0.000000000
0.000000000 0.000000000
-0.002030114 -0.980048000
0.000000000 -1.000000000
0.000000000 0.886672000
0.000000000 -0.113328000
0.011531112 0.886672000
-0.023062224 -0.773344000
0.000000000 -1.000000000
-0.000000000 -1.000000000
0.000000000 0.000000000
0.000000000 0.000000000
0.000000000 1.000000000
0.000000000 -0.113328000
0.000000000 1.226656000
0.000000000 -0.113328000
0.000000000 0.000000000
0.000000000 -0.226656000
0.000000000 -0.113328000
0.000000000 2.000000000
0.000000000 -1.660016000
0.000000000 0.000000000
0.078687671 0.339984000
0.000000000 -2.000000000
0.000000000 -2.000000000
0.000000000 -0.113328000
0.000000000 0.000000000
0.034593336 0.773344000
0.000000000 0.000000000
-0.080717784 -0.093376000
0.000000000 0.886672000
0.000000000 -0.113328000
0.000000000 1.000000000
0.000000000 -1.000000000
0.000000000 -1.000000000
-0.000000000 -0.886672000
0.000000000 1.113328000
0.000000000 0.773344000
0.000000000 0.773344000
0.000000000 0.000000000
0.000000000 0.113328000
0.000000000 0.000000000
0.000000000 0.000000000
0.000000000 -0.886672000
-0.011531112 -0.886672000
0.000000000 -0.113328000
0.023062224 0.546688000
0.000000000 0.000000000
-0.011531112 -0.000000000
4.33639300438
