200 1230 4.6207800000 0.4622620000
53 128 2
5 158 10
15 149 3
36 104 6
42 177 5
88 199 1
38 71 4
123 168 2
145 165 2
112 184 1
119 122 6
25 181 5
172 188 5
3 42 2
13 176 1
160 166 2
7 102 7
22 97 5
3 177 1
23 73 7
91 130 9
27 74 9
93 173 7
11 106 3
1 20 2
94 195 5
8 42 8
97 123 10
55 76 6
48 187 2
31 137 10
26 32 2
16 142 4
157 186 4
166 172 6
102 119 6
74 80 3
25 198 3
105 166 8
22 137 2
10 87 6
16 192 1
18 79 10
50 90 5
17 197 7
37 48 5
17 195 1
1 12 8
30 199 9
105 192 2
63 126 6
121 164 7
62 81 2
171 188 5
171 176 8
59 190 10
26 103 9
76 197 1
60 154 9
63 160 3
35 138 3
90 127 1
31 150 5
119 121 4
66 172 1
14 61 6
49 200 1
34 91 5
100 150 6
40 99 4
133 153 9
40 172 9
100 130 2
127 185 2
66 94 10
86 198 9
2 189 8
3 108 8
3 69 1
11 38 5
11 74 3
7 106 3
69 176 3
157 172 5
42 157 3
96 115 10
102 199 9
58 148 10
145 180 8
105 188 9
13 124 4
61 69 9
32 65 3
129 141 8
10 90 3
162 189 4
63 187 1
58 174 5
8 174 3
43 172 2
27 199 6
75 169 3
64 135 3
40 58 7
3 187 5
80 199 5
32 175 3
121 162 6
18 133 2
91 95 9
85 104 7
87 162 7
34 171 4
20 67 3
141 178 10
42 69 5
49 61 7
38 44 5
11 162 3
70 158 8
83 87 8
106 113 2
90 94 9
185 195 2
168 179 1
38 80 6
63 109 7
55 139 6
33 170 5
2 173 4
79 92 8
128 169 8
140 166 7
76 162 1
104 145 1
52 165 7
36 174 9
113 120 5
32 97 4
22 100 9
10 93 10
31 138 3
126 166 1
13 171 4
61 177 1
15 169 8
83 164 6
27 50 9
117 173 6
29 128 10
3 16 4
29 136 3
16 56 8
57 105 10
99 194 5
55 184 2
99 183 1
69 89 6
8 57 9
30 90 1
16 36 6
49 51 1
70 130 4
40 48 8
55 80 10
30 83 8
13 148 9
87 95 1
125 153 10
180 191 4
25 135 1
51 56 6
40 140 9
24 55 1
10 112 9
14 66 1
128 149 4
49 69 5
138 144 7
56 91 5
17 119 8
102 162 2
38 173 10
71 80 6
71 87 2
10 122 8
14 142 6
2 102 6
114 129 5
11 112 7
50 152 8
12 158 7
30 71 8
9 128 8
61 67 2
124 140 3
88 102 3
34 192 2
34 63 2
141 158 2
7 88 10
124 172 8
111 147 8
50 117 3
32 70 1
24 93 8
48 157 2
24 76 4
18 146 2
75 132 3
127 173 7
117 156 10
67 155 6
19 135 4
69 166 7
40 77 5
119 197 7
23 112 2
185 197 8
36 69 7
8 13 10
57 187 10
119 173 4
29 163 5
26 101 3
88 173 6
68 115 8
71 106 8
140 183 4
9 104 9
95 113 2
49 194 7
174 188 8
38 73 5
75 131 2
135 181 8
60 101 9
114 151 1
122 152 6
117 162 8
24 30 4
51 160 6
60 137 5
37 186 3
71 83 1
87 106 4
185 189 2
57 192 3
59 92 10
153 163 10
26 159 7
120 173 9
39 117 1
15 86 3
90 184 8
44 120 10
58 140 1
76 120 5
56 99 5
99 186 10
126 187 10
43 171 7
51 66 4
24 102 3
42 43 4
111 197 5
42 45 8
67 150 3
80 122 9
6 35 4
105 200 5
64 79 2
66 105 8
24 44 9
164 195 1
57 188 6
113 117 2
74 127 1
53 149 4
62 65 9
44 164 5
8 192 8
112 152 7
71 139 10
56 183 9
47 89 7
60 155 3
71 102 10
23 195 3
94 156 4
8 14 4
50 162 2
160 187 7
176 200 5
113 189 4
34 183 7
23 71 8
43 110 9
48 192 5
69 124 8
38 76 9
169 191 7
38 184 2
13 194 6
48 148 9
13 48 1
125 198 8
95 139 6
85 135 9
23 111 3
17 95 3
126 171 7
135 180 2
48 110 9
143 180 10
16 194 1
7 94 7
142 174 1
1 133 6
58 160 1
26 123 8
10 71 8
79 128 2
24 71 10
67 72 7
91 200 2
87 189 4
69 126 6
110 174 7
73 80 3
36 42 7
105 174 5
91 172 10
25 165 10
83 162 2
92 180 4
47 109 6
116 181 3
52 163 5
46 130 10
2 122 1
12 175 1
80 121 2
103 141 4
3 140 7
11 156 9
36 186 9
72 151 4
31 115 10
36 49 10
91 99 10
10 117 8
140 160 6
180 198 3
44 195 1
9 131 10
58 61 5
45 69 7
108 126 2
90 120 2
7 107 3
12 20 8
159 175 8
3 186 9
66 171 2
73 147 1
38 39 1
99 192 3
129 178 6
148 183 4
90 121 1
110 186 4
6 46 8
30 111 2
13 187 8
68 178 3
13 66 4
84 103 4
37 69 6
152 156 4
57 83 9
13 105 10
34 172 1
36 43 3
106 199 9
45 160 10
64 193 1
102 173 2
89 176 1
36 56 8
104 149 7
19 133 5
102 189 6
38 55 5
85 132 1
34 45 10
1 53 10
13 183 2
63 200 9
52 169 4
14 177 7
87 90 4
13 57 6
102 107 4
58 110 9
106 185 1
37 192 5
68 70 4
10 11 10
141 179 9
49 166 9
17 152 6
45 77 5
51 183 1
53 181 9
24 80 9
56 109 3
47 110 2
147 189 3
126 188 7
40 105 9
56 176 2
50 120 5
6 114 8
94 106 5
136 163 10
16 99 8
57 109 4
27 88 4
23 184 6
39 195 2
9 143 10
105 109 1
69 186 8
43 47 10
18 19 10
8 140 1
18 153 8
166 187 3
150 175 1
49 91 6
108 157 8
43 192 7
28 104 4
170 193 3
109 140 2
83 185 1
53 59 4
61 110 3
34 157 8
75 182 9
54 64 1
33 191 4
19 82 8
42 124 9
109 124 5
16 105 6
92 181 10
57 89 9
47 126 8
59 143 3
3 109 9
159 178 8
60 70 1
105 140 7
73 189 5
66 85 5
13 157 1
132 133 1
56 160 1
28 132 10
65 123 6
77 188 7
104 136 6
14 188 1
48 66 2
171 174 3
117 120 6
15 53 7
143 146 9
11 83 7
80 119 1
69 171 10
42 194 5
161 178 4
102 197 1
160 186 8
84 130 3
19 52 5
58 186 7
24 195 3
16 47 6
34 110 5
91 174 2
93 184 3
30 112 5
79 82 9
33 85 4
73 184 5
64 131 5
119 147 3
61 77 5
38 164 3
44 127 10
100 138 3
34 124 5
109 200 3
45 48 2
155 161 5
102 152 10
124 166 3
30 189 5
128 198 6
124 194 8
11 164 4
89 172 3
127 139 1
132 169 10
23 106 10
55 74 6
110 177 8
47 187 9
54 182 9
65 178 10
47 51 6
151 168 9
64 146 9
3 105 2
32 35 4
27 117 1
4 18 1
172 192 2
110 176 1
80 152 3
89 183 9
24 147 8
48 180 3
38 117 1
127 162 6
55 122 1
13 63 8
23 74 1
8 124 3
40 186 6
27 164 7
153 165 9
33 153 10
157 174 4
131 180 1
70 98 4
73 95 10
61 172 1
86 133 1
71 73 10
152 173 4
57 66 1
83 197 2
5 35 9
1 2 4
83 156 5
50 107 8
111 119 9
8 126 4
141 150 8
89 105 4
34 186 1
118 144 5
72 148 8
16 58 1
47 172 8
140 176 3
7 93 10
50 197 2
58 157 7
106 122 10
40 183 5
149 181 2
34 126 6
38 162 7
23 156 7
55 197 2
136 143 2
45 108 10
183 186 2
21 29 5
28 149 1
76 111 10
61 194 6
159 196 4
4 79 8
24 156 10
69 187 6
42 56 6
186 194 5
99 109 5
49 157 4
37 166 3
43 51 5
10 156 3
81 196 9
18 165 3
73 88 7
112 185 10
142 200 1
3 200 3
53 104 1
38 152 4
55 95 9
42 188 1
37 188 4
23 88 7
76 139 8
3 45 10
123 159 10
69 142 5
71 195 2
24 162 2
134 182 4
1 103 10
16 77 8
27 94 10
148 176 10
15 165 10
87 195 5
109 142 6
16 126 9
69 192 6
53 146 7
48 177 1
43 108 10
1 22 2
74 117 1
11 30 4
3 43 7
147 162 9
16 186 10
108 109 7
28 169 3
55 173 7
16 91 5
32 151 10
35 96 3
22 72 3
18 86 5
81 154 6
156 162 3
55 106 5
112 122 4
126 194 2
14 166 3
3 192 6
47 56 2
49 188 9
53 64 1
4 92 4
38 102 9
14 110 2
11 94 9
1 169 1
57 148 8
132 143 1
96 129 10
52 59 4
81 167 9
121 197 9
177 188 6
64 190 7
36 89 2
133 136 7
8 66 2
46 178 10
66 124 5
9 28 9
7 27 3
44 113 10
121 166 1
102 185 6
61 187 2
76 164 2
4 136 9
14 63 7
39 120 7
8 186 6
82 143 5
112 127 3
64 125 3
59 85 1
17 88 9
141 175 10
71 120 6
103 138 10
95 152 9
79 180 7
1 4 8
3 34 1
3 110 4
176 188 5
80 83 9
94 152 6
85 190 8
13 166 3
78 118 1
125 165 4
99 148 9
112 199 2
5 130 7
40 126 5
93 122 5
14 16 6
26 144 6
10 83 5
36 110 10
106 127 7
17 90 1
4 131 6
125 132 7
65 167 10
15 198 9
126 162 9
141 161 1
11 87 5
158 161 1
16 43 8
45 105 2
135 165 2
37 105 6
2 158 7
117 197 10
140 177 4
144 196 4
129 144 9
175 179 7
54 125 3
116 165 3
115 196 9
59 163 1
60 114 10
63 148 10
99 187 5
145 193 1
36 172 8
47 91 9
32 154 3
23 152 3
135 170 3
58 194 6
47 48 2
147 152 1
2 41 10
45 109 9
75 128 6
99 105 9
74 173 2
63 172 1
35 159 6
16 176 8
174 187 2
28 75 3
73 121 6
36 140 2
94 95 10
105 148 8
18 145 5
82 181 9
51 108 4
77 142 3
160 174 6
142 171 9
125 163 2
117 127 7
121 152 1
4 19 2
148 186 1
14 186 6
87 173 7
21 170 10
73 106 3
79 163 9
76 95 1
140 157 4
22 175 4
3 48 7
32 138 1
89 188 6
3 174 9
124 142 4
65 179 6
23 127 9
54 128 8
82 134 8
45 157 4
84 158 6
31 103 7
39 106 5
60 103 4
58 171 8
55 87 3
71 74 4
171 192 3
120 127 7
43 183 10
7 11 3
8 58 2
1 144 3
133 181 6
17 199 10
81 115 7
126 157 1
77 187 4
99 200 1
77 108 2
12 167 8
130 179 6
165 193 3
58 172 4
105 124 2
153 191 5
4 104 1
36 177 6
32 84 10
111 127 7
18 135 1
108 174 8
52 135 1
52 86 7
2 101 3
111 162 4
37 56 5
23 90 3
63 171 10
10 94 8
40 188 9
148 166 7
83 88 3
132 180 1
31 151 4
10 111 3
95 106 6
58 124 3
51 192 7
44 106 9
172 194 9
64 145 3
102 195 9
8 47 7
187 200 6
32 150 3
82 125 10
20 22 1
38 93 4
71 90 8
36 58 6
37 171 10
2 27 3
140 142 6
74 95 5
26 150 9
13 40 9
51 99 4
44 90 3
54 153 9
129 138 6
124 177 1
92 125 3
34 57 7
137 179 9
71 121 4
1 167 2
78 98 7
69 157 2
6 159 3
34 99 3
92 153 5
25 163 1
42 77 6
80 195 7
22 123 8
73 87 4
126 183 5
69 134 9
83 120 10
89 98 4
59 170 1
94 184 8
108 110 9
111 113 10
45 166 9
188 192 2
95 117 5
87 122 6
5 141 1
47 140 1
136 190 6
13 200 8
10 195 3
59 134 4
27 87 5
38 50 10
140 171 1
27 111 9
48 49 7
44 162 5
90 111 9
57 61 3
78 103 7
39 93 7
95 120 10
27 113 7
115 144 5
113 195 2
156 195 1
38 90 10
86 128 1
134 153 8
30 106 5
98 141 3
111 184 10
53 170 7
47 66 4
9 190 7
39 119 8
148 192 10
66 174 8
52 181 2
51 63 1
4 190 10
26 155 10
46 158 2
2 71 8
77 160 6
15 128 7
18 52 6
7 184 1
177 186 6
124 183 10
149 190 8
71 173 9
70 72 9
126 192 1
76 117 1
84 96 6
92 190 3
5 179 7
90 173 8
99 110 10
37 200 2
66 91 7
126 148 4
24 83 4
105 183 3
109 172 10
30 87 6
29 149 5
142 148 8
122 184 7
60 84 9
15 153 6
73 199 8
34 37 2
27 112 3
32 141 5
97 144 4
59 75 1
13 14 7
50 55 7
5 31 5
1 149 5
110 148 9
109 188 5
33 59 8
30 139 4
161 167 4
31 72 4
21 149 6
7 164 9
121 199 10
77 172 10
22 68 7
17 73 2
44 119 5
51 140 8
90 162 3
53 191 6
74 122 5
45 186 3
17 23 6
88 152 3
66 183 4
26 158 6
71 76 1
128 146 5
152 195 6
166 174 4
7 156 1
74 83 4
34 47 2
183 194 4
136 182 2
75 134 5
13 140 2
66 186 5
51 124 2
93 111 4
79 104 3
72 97 8
38 121 6
106 156 1
29 146 3
95 184 6
172 176 10
134 145 4
36 57 10
53 145 2
61 186 9
48 142 2
71 152 3
100 154 9
17 74 3
23 39 4
53 85 1
32 114 2
7 44 6
2 166 5
43 48 3
74 88 6
152 185 2
48 109 6
57 177 8
85 136 5
95 185 7
100 167 6
43 61 10
94 197 4
16 45 8
8 56 5
48 124 10
88 106 5
110 194 9
172 186 10
47 194 7
64 92 3
16 174 2
42 171 9
161 196 9
14 171 1
124 186 5
98 167 2
73 107 3
26 118 9
38 120 8
145 198 3
36 40 10
113 173 1
21 85 4
49 58 6
42 172 2
37 51 2
49 108 4
48 105 9
87 139 6
79 198 4
33 135 5
21 33 9
93 106 1
61 188 10
22 158 8
164 199 9
33 125 6
26 168 8
63 77 10
27 102 6
25 54 8
126 142 4
71 107 10
13 109 3
16 48 2
71 185 8
53 92 5
183 188 9
18 128 8
73 195 1
16 89 4
49 148 1
8 177 1
45 142 3
51 171 9
23 94 4
38 111 1
37 157 10
37 43 1
11 117 9
27 44 2
56 188 4
100 179 9
34 42 8
115 141 3
140 194 2
147 173 8
118 161 8
37 172 1
7 152 10
82 92 3
65 118 2
50 156 5
108 124 4
61 63 5
47 174 10
8 61 9
73 113 2
76 147 6
137 161 5
51 148 8
50 121 8
2 129 2
100 115 9
50 199 2
124 187 4
164 184 5
95 156 9
147 184 2
4 86 4
175 178 5
85 169 8
7 162 10
3 77 9
34 40 9
36 142 1
73 83 1
80 106 1
49 124 9
39 102 9
34 177 6
40 192 2
71 112 2
42 192 1
110 187 7
83 122 8
13 77 1
88 122 7
76 94 8
90 102 7
91 124 7
1 64 2
109 171 7
176 194 3
53 79 9
153 180 3
51 58 8
93 139 7
128 165 8
35 118 8
41 67 7
118 150 6
53 136 2
8 36 10
135 143 2
75 145 2
14 176 4
94 162 6
61 178 10
22 98 2
94 199 7
93 120 9
20 41 5
14 58 10
8 173 9
74 93 7
12 150 1
172 200 9
24 197 10
114 150 2
81 144 10
6 179 5
43 186 10
51 174 3
8 171 6
10 44 2
38 147 7
51 69 10
73 173 10
47 99 1
76 107 4
101 155 8
86 132 7
44 139 7
176 183 4
48 89 6
16 40 2
38 185 1
37 63 2
81 150 9
1 153 8
146 163 2
39 111 1
7 120 6
94 164 3
30 80 2
36 99 6
151 178 2
2 113 6
158 175 1
108 171 10
77 148 8
41 124 8
50 122 9
57 157 4
83 147 4
79 116 8
37 194 4
63 188 3
136 181 4
68 161 1
110 166 7
55 93 3
13 160 5
73 164 9
149 193 6
88 90 1
78 196 1
43 126 5
44 71 4
133 190 1
104 125 5
9 86 6
13 172 1
51 177 4
83 93 10
23 95 2
64 136 10
12 41 10
