0.110525048 0.000000000
0.000000000 0.000000000
0.000000000 0.000000000
0.000000000 0.000000000
0.000000000 0.000000000
0.000000000 0.000000000
0.000000000 0.000000000
0.000000000 0.000000000
0.000000000 0.000000000
0.000000000 0.000000000
0.000000000 0.000000000
0.000000000 0.000000000
0.000000000 0.000000000
0.000000000 0.000000000
0.000000000 0.000000000
0.000000000 -1.000000000
0.000000000 -1.000000000
0.000000000 0.000000000
0.000000000 0.000000000
0.000000000 0.000000000
0.000000000 0.000000000
0.000000000 0.000000000
0.000000000 0.000000000
0.000000000 0.000000000
0.000000000 0.000000000
0.000000000 -1.619662000
-0.110525048 0.000000000
0.000000000 0.000000000
0.000000000 0.000000000
0.000000000 0.000000000
0.000000000 0.000000000
0.000000000 -1.000000000
0.000000000 0.000000000
0.000000000 1.619662000
0.000000000 0.000000000
0.000000000 0.000000000
0.000000000 0.000000000
0.000000000 0.000000000
0.000000000 0.000000000
0.000000000 0.000000000
0.000000000 0.000000000
0.000000000 -0.619662000
0.000000000 0.000000000
0.000000000 0.380338000
0.000000000 0.000000000
0.000000000 -0.619662000
0.000000000 0.000000000
0.000000000 0.000000000
0.000000000 0.000000000
0.000000000 0.000000000
0.000000000 0.619662000
0.000000000 0.000000000
0.000000000 0.000000000
0.000000000 0.000000000
0.000000000 0.000000000
0.000000000 -0.619662000
0.000000000 -0.619662000
0.000000000 0.000000000
0.000000000 0.000000000
0.000000000 0.000000000
0.000000000 0.000000000
0.000000000 -0.619662000
0.000000000 2.000000000
0.000000000 0.000000000
0.000000000 -0.619662000
0.000000000 1.000000000
0.000000000 0.000000000
0.000000000 0.000000000
0.000000000 0.000000000
0.000000000 0.000000000
0.000000000 0.000000000
0.000000000 0.000000000
0.000000000 0.000000000
0.000000000 0.000000000
0.000000000 0.000000000
0.000000000 0.000000000
0.000000000 0.000000000
0.000000000 0.000000000
0.000000000 -1.000000000
0.000000000 0.000000000
0.000000000 0.000000000
0.000000000 0.000000000
0.000000000 0.000000000
0.000000000 0.000000000
0.000000000 0.000000000
0.000000000 0.000000000
0.000000000 0.000000000
0.000000000 0.000000000
0.000000000 0.000000000
0.000000000 0.000000000
0.000000000 0.000000000
0.000000000 0.000000000
0.000000000 0.000000000
0.000000000 0.000000000
0.000000000 0.000000000
0.000000000 0.000000000
-0.110525048 -0.380338000
0.000000000 0.000000000
0.000000000 0.000000000
0.000000000 0.000000000
0.000000000 0.000000000
0.000000000 0.000000000
0.000000000 0.000000000
0.000000000 0.000000000
0.000000000 -0.619662000
0.000000000 0.000000000
0.000000000 0.000000000
0.000000000 0.000000000
0.110525048 0.000000000
0.000000000 0.000000000
0.000000000 0.000000000
0.000000000 0.000000000
0.000000000 0.000000000
0.000000000 -1.000000000
0.000000000 0.000000000
0.000000000 0.619662000
0.000000000 0.000000000
0.000000000 0.619662000
0.000000000 0.000000000
0.000000000 0.000000000
0.000000000 0.000000000
0.000000000 0.000000000
0.000000000 0.000000000
0.110525048 1.380338000
0.000000000 0.000000000
0.000000000 0.000000000
0.000000000 0.000000000
0.000000000 0.000000000
0.000000000 0.000000000
0.000000000 0.000000000
0.000000000 0.000000000
0.000000000 0.000000000
0.000000000 0.000000000
0.000000000 0.000000000
0.000000000 0.000000000
0.000000000 1.000000000
0.000000000 0.000000000
0.110525048 1.380338000
0.000000000 0.000000000
0.000000000 0.000000000
0.000000000 0.000000000
0.000000000 0.000000000
0.000000000 0.000000000
0.000000000 0.000000000
0.000000000 -1.619662000
0.000000000 0.000000000
0.000000000 0.000000000
0.000000000 0.000000000
0.000000000 0.000000000
0.000000000 0.000000000
0.000000000 0.000000000
0.000000000 0.000000000
0.000000000 0.000000000
0.000000000 0.000000000
0.000000000 0.000000000
0.000000000 0.000000000
0.000000000 0.000000000
0.000000000 0.000000000
0.000000000 -0.619662000
0.000000000 0.000000000
0.000000000 0.000000000
0.000000000 0.000000000
0.000000000 0.000000000
0.000000000 0.000000000
0.000000000 0.000000000
0.110525048 0.000000000
0.000000000 1.000000000
0.110525048 0.380338000
0.000000000 0.000000000
0.000000000 0.000000000
0.000000000 0.000000000
0.000000000 0.000000000
0.000000000 -0.619662000
0.000000000 0.000000000
0.000000000 0.000000000
0.000000000 0.000000000
0.000000000 0.000000000
0.000000000 0.000000000
0.000000000 0.000000000
0.000000000 0.000000000
0.000000000 0.000000000
0.000000000 -0.619662000
0.000000000 0.000000000
0.000000000 0.000000000
0.000000000 0.000000000
0.000000000 -1.619662000
0.000000000 0.000000000
0.000000000 0.619662000
0.000000000 0.000000000
0.000000000 0.000000000
0.000000000 0.000000000
0.000000000 0.000000000
0.000000000 0.000000000
0.000000000 0.000000000
0.000000000 0.000000000
0.000000000 0.000000000
0.000000000 -0.619662000
0.000000000 0.000000000
0.000000000 0.000000000
0.000000000 0.000000000
0.000000000 0.000000000
0.000000000 0.000000000
0.000000000 0.619662000
0.000000000 0.000000000
0.000000000 1.000000000
0.000000000 0.000000000
0.000000000 0.000000000
0.000000000 0.000000000
0.000000000 0.000000000
0.000000000 0.000000000
0.000000000 0.000000000
0.000000000 0.619662000
0.000000000 0.000000000
0.000000000 0.000000000
0.000000000 -0.380338000
0.000000000 0.000000000
0.000000000 0.000000000
0.000000000 0.380338000
0.000000000 0.000000000
0.000000000 0.000000000
0.000000000 0.000000000
0.000000000 0.000000000
0.000000000 0.000000000
0.000000000 0.000000000
0.000000000 0.000000000
0.000000000 -1.619662000
0.000000000 -1.000000000
0.000000000 0.000000000
-0.110525048 -0.380338000
0.000000000 0.000000000
0.000000000 0.000000000
0.000000000 0.000000000
0.000000000 0.000000000
0.000000000 0.000000000
0.000000000 0.000000000
0.000000000 0.000000000
0.000000000 0.619662000
0.000000000 0.000000000
0.000000000 0.000000000
0.000000000 0.000000000
0.000000000 0.000000000
0.000000000 0.000000000
0.000000000 0.000000000
0.000000000 0.000000000
0.000000000 0.000000000
0.000000000 0.000000000
0.000000000 0.000000000
0.000000000 0.000000000
0.000000000 0.619662000
0.000000000 0.000000000
0.000000000 0.000000000
0.000000000 0.000000000
0.000000000 0.000000000
0.000000000 0.000000000
0.000000000 0.000000000
0.000000000 -0.619662000
0.000000000 0.000000000
0.000000000 0.619662000
0.000000000 0.000000000
-0.110525048 -1.380338000
0.000000000 0.000000000
0.000000000 0.000000000
0.000000000 0.000000000
0.000000000 0.000000000
0.110525048 0.380338000
0.000000000 0.000000000
-0.110525048 -0.380338000
0.000000000 -1.000000000
0.000000000 0.000000000
0.000000000 0.000000000
-0.110525048 -0.380338000
0.000000000 0.000000000
-0.110525048 -0.380338000
0.000000000 0.000000000
0.000000000 0.000000000
0.000000000 1.000000000
0.000000000 0.000000000
0.000000000 0.619662000
0.000000000 0.000000000
0.000000000 0.000000000
0.000000000 0.000000000
0.000000000 0.000000000
0.000000000 -0.619662000
0.000000000 0.000000000
0.000000000 -1.000000000
0.000000000 0.000000000
0.000000000 0.000000000
0.000000000 0.000000000
0.000000000 0.000000000
0.000000000 -0.619662000
0.110525048 0.380338000
0.000000000 0.000000000
0.000000000 0.000000000
0.000000000 0.619662000
0.000000000 0.000000000
0.000000000 0.000000000
0.000000000 -0.619662000
0.000000000 0.000000000
0.000000000 0.000000000
0.000000000 -0.619662000
0.000000000 0.000000000
0.000000000 0.619662000
0.000000000 0.000000000
0.000000000 0.000000000
0.000000000 0.000000000
0.000000000 0.000000000
0.000000000 0.000000000
0.000000000 0.000000000
0.000000000 0.000000000
0.000000000 0.000000000
0.000000000 0.000000000
0.000000000 0.000000000
0.000000000 0.000000000
0.000000000 0.000000000
0.000000000 0.000000000
0.000000000 0.000000000
0.000000000 0.619662000
0.000000000 0.619662000
0.000000000 1.000000000
-0.110525048 -0.380338000
0.000000000 0.000000000
0.000000000 0.000000000
0.000000000 0.000000000
0.000000000 0.000000000
0.000000000 0.000000000
0.000000000 0.619662000
0.000000000 0.000000000
0.000000000 0.000000000
0.000000000 0.000000000
0.000000000 0.000000000
0.000000000 0.000000000
0.000000000 0.000000000
0.000000000 0.000000000
0.000000000 0.000000000
0.000000000 0.000000000
0.000000000 0.000000000
0.000000000 0.000000000
0.000000000 0.000000000
0.000000000 0.000000000
0.000000000 0.000000000
0.000000000 0.000000000
1.26259887661
