0.185135681 0.000000000
0.698191774 0.000000000
-0.227486632 0.000000000
0.000000000 1.296607000
0.613489873 0.000000000
0.655840824 0.000000000
0.000000000 0.000000000
-0.142784731 0.000000000
0.000000000 0.000000000
0.254105704 0.000000000
0.803470240 0.000000000
-0.428354192 -0.000000000
-0.571138922 0.000000000
0.000000000 0.000000000
0.000000000 0.000000000
-0.066574380 -3.381245000
0.000000000 0.000000000
0.000000000 3.296607000
0.000000000 0.000000000
0.000000000 0.000000000
0.000000000 0.000000000
0.000000000 0.000000000
0.097931335 3.314133000
0.000000000 0.000000000
-0.116165659 -0.000000000
-0.100433780 0.000000000
0.000000000 0.000000000
0.091942229 0.245899000
0.100433780 0.000000000
0.000000000 0.000000000
-0.100433780 0.000000000
0.000000000 0.000000000
-0.000000000 0.000000000
0.000000000 0.000000000
-0.042350951 0.000000000
0.000000000 0.000000000
0.000000000 0.000000000
0.000000000 -0.593214000
0.211754753 0.000000000
-0.084701901 -0.406786000
0.000000000 0.000000000
1.089039701 0.000000000
0.595362352 0.830350000
0.206963469 3.736949000
0.000000000 0.000000000
0.000000000 0.000000000
0.000000000 0.000000000
0.000000000 0.000000000
-0.401735120 -0.000000000
0.493677349 0.245899000
0.000000000 0.000000000
0.000000000 0.000000000
0.000000000 0.000000000
-0.571138922 0.000000000
-0.000000000 0.000000000
0.000000000 -0.296607000
-0.000000000 0.000000000
0.000000000 0.000000000
0.000000000 0.000000000
0.000000000 0.000000000
-0.000000000 0.000000000
0.528787972 0.000000000
-0.084701901 0.000000000
0.000000000 1.000000000
0.000000000 0.000000000
0.223626161 1.247395000
-0.285569461 0.000000000
0.000000000 -2.000000000
0.000000000 0.000000000
-0.640108945 0.000000000
0.084701901 0.406786000
0.000000000 -1.779642000
0.000000000 0.406786000
-0.042350951 0.000000000
-0.100433780 0.000000000
-0.396890434 0.000000000
-0.100220174 -6.891317000
0.000000000 0.000000000
0.000000000 0.000000000
0.000000000 0.000000000
0.122208166 0.847502000
-0.025421251 -0.525354000
0.024223430 0.237136000
-0.185135681 -0.000000000
0.459817949 0.000000000
0.000000000 0.000000000
0.000000000 0.000000000
-0.021667583 -0.144857000
0.000000000 0.000000000
0.000000000 0.000000000
0.085739518 2.585947000
0.000000000 0.000000000
0.000000000 0.000000000
0.000000000 0.000000000
0.204567826 2.380871000
0.000000000 0.000000000
0.000000000 0.000000000
0.000000000 0.000000000
-0.343652291 0.000000000
0.000000000 0.000000000
0.000000000 0.000000000
0.000000000 0.000000000
0.428354192 0.000000000
0.000000000 0.000000000
0.000000000 0.000000000
0.000000000 0.000000000
-0.613489873 -0.000000000
0.348443575 2.746086000
0.000000000 0.000000000
-0.191017984 -6.662196000
-0.058082829 0.000000000
0.000000000 0.000000000
-0.084701901 -0.000000000
-0.428354192 0.000000000
0.100433780 0.000000000
0.000000000 0.000000000
0.000000000 0.296607000
0.000000000 0.000000000
-0.000000000 0.000000000
0.644953631 0.000000000
0.000000000 0.000000000
-1.142277845 -0.000000000
0.000000000 0.000000000
0.000000000 0.000000000
-0.243218511 -0.000000000
0.613489873 0.000000000
0.000053401 0.186054000
0.042350951 0.000000000
-0.142784731 0.000000000
-0.042350951 0.000000000
-0.386003241 0.000000000
-0.137993446 -2.033556000
-0.100433780 -0.000000000
0.000000000 0.000000000
0.000000000 0.000000000
0.142784731 0.000000000
0.000000000 0.000000000
0.142784731 0.000000000
0.000000000 0.000000000
0.000000000 1.000000000
0.000000000 2.966070000
-0.211754753 0.000000000
0.100433780 0.000000000
0.142784731 0.000000000
-0.084701901 -0.000000000
0.000000000 1.296607000
0.000000000 0.000000000
0.000000000 0.000000000
-0.412622313 0.000000000
0.000000000 0.000000000
0.000000000 0.000000000
0.000000000 -1.296607000
-0.142784731 0.000000000
0.401735120 0.000000000
0.000000000 0.000000000
0.000000000 0.000000000
-0.000000000 0.000000000
0.428354192 0.000000000
0.000000000 0.000000000
0.109909546 1.340422000
0.000000000 0.000000000
-0.042350951 0.000000000
0.000000000 0.000000000
-0.571138922 0.000000000
0.000000000 0.000000000
0.000000000 0.000000000
0.000000000 0.000000000
0.000000000 0.000000000
0.000000000 0.000000000
0.000000000 0.000000000
0.856708384 0.000000000
-0.042350951 0.000000000
0.000000000 0.000000000
0.000000000 0.000000000
0.000000000 0.000000000
0.000000000 -9.000000000
0.000000000 0.000000000
0.000000000 2.000000000
0.000000000 1.000000000
0.000000000 0.000000000
0.000000000 0.000000000
-0.544519851 -0.000000000
0.142784731 0.000000000
-0.042350951 0.000000000
0.083504080 0.118568000
0.142784731 0.000000000
-0.571138922 0.000000000
-0.285569461 0.000000000
0.000000000 0.000000000
0.000000000 1.779642000
0.000000000 0.000000000
0.185135681 0.000000000
-0.000053401 -4.813198000
0.000000000 0.000000000
0.200867560 0.000000000
-0.470705142 -0.000000000
0.000000000 0.000000000
0.284211436 0.009511000
-0.142784731 0.000000000
0.243218511 0.000000000
0.111320973 0.000000000
0.100433780 0.000000000
0.038757487 5.321774000
0.227486632 0.000000000
0.000000000 0.000000000
0.000000000 0.296607000
0.348496977 0.000000000
0.000000000 0.000000000
0.327920412 0.000000000
0.000000000 0.000000000
0.000000000 0.000000000
0.000000000 0.000000000
0.030265937 4.271066000
0.000000000 0.000000000
-0.814357433 0.000000000
-0.116165659 -0.000000000
0.142784731 0.000000000
0.671572702 0.000000000
0.428354192 0.000000000
-0.000000000 0.000000000
-0.428354192 0.000000000
-0.000000000 -0.296607000
-0.528787972 -0.000000000
0.142784731 0.000000000
-0.084701901 -0.000000000
-0.169403802 0.000000000
-0.296456654 -0.000000000
0.000000000 -0.296607000
0.399553084 1.311889000
-0.158516609 0.000000000
0.000000000 0.000000000
-0.626826110 -1.313385000
-0.058082829 0.000000000
-0.185135681 0.000000000
0.000000000 0.000000000
0.000000000 0.000000000
0.000000000 0.000000000
0.000000000 0.000000000
0.000000000 0.000000000
0.000000000 0.000000000
-0.269837582 0.000000000
0.000000000 0.296607000
0.000000000 0.000000000
0.000000000 1.703393000
0.000000000 0.000000000
-0.003593463 -0.678226000
0.142784731 0.000000000
0.000000000 0.000000000
-0.000000000 0.000000000
0.199669739 0.118568000
0.000000000 0.000000000
0.176590729 1.873417000
0.000000000 0.000000000
0.671572702 0.000000000
0.000000000 -0.889821000
0.000000000 0.000000000
0.000000000 0.000000000
0.000000000 0.000000000
0.000000000 0.000000000
0.258950389 0.000000000
0.000000000 0.000000000
-0.015731879 0.000000000
0.000000000 0.000000000
0.000000000 0.000000000
0.000000000 0.000000000
0.000000000 0.000000000
-0.142784731 -0.000000000
0.127052852 0.000000000
-0.000000000 0.000000000
0.000000000 0.000000000
0.000000000 -0.110179000
0.000000000 0.703393000
0.000000000 0.000000000
0.000000000 0.000000000
0.000000000 0.000000000
0.058082829 0.000000000
0.000000000 -0.703393000
0.100433780 0.000000000
-0.428354192 -0.000000000
0.000000000 0.000000000
0.000000000 2.110179000
0.000000000 0.000000000
0.000000000 0.000000000
0.000000000 0.000000000
0.999493114 0.000000000
0.000000000 0.000000000
0.119598918 0.052204000
-0.200867560 0.000000000
-0.204567826 -0.677478000
-0.031463758 -0.483035000
-0.000000000 -0.703393000
0.000000000 0.000000000
0.000000000 0.000000000
-0.084701901 -0.000000000
0.000000000 0.000000000
0.444086071 0.000000000
-0.251603258 -0.348063000
0.000000000 0.000000000
0.000000000 0.000000000
0.000000000 0.000000000
0.000000000 1.516965000
0.001197821 0.288218000
-0.301301340 0.000000000
0.000000000 -0.889821000
0.000000000 0.000000000
-0.142784731 0.000000000
0.000000000 0.593214000
0.000000000 0.000000000
0.000000000 0.000000000
-1.041844065 0.000000000
0.000000000 0.000000000
0.000000000 0.000000000
0.000000000 0.000000000
-0.185135681 0.000000000
0.000000000 1.000000000
0.254105704 0.000000000
-0.321877905 0.000000000
0.000000000 1.000000000
-0.000000000 0.000000000
-0.058082829 0.000000000
-0.185135681 0.000000000
0.000000000 0.000000000
0.000000000 0.000000000
0.000000000 0.000000000
-0.703036460 0.000000000
0.000000000 0.000000000
0.502168900 0.000000000
0.000000000 0.000000000
0.000000000 0.000000000
-0.428354192 -0.000000000
-0.728511112 -0.897836000
0.000000000 0.000000000
0.000000000 1.593214000
0.348496977 0.000000000
0.000000000 1.296607000
0.000000000 0.296607000
0.000000000 0.296607000
0.000000000 0.000000000
0.000000000 0.000000000
0.000000000 0.000000000
0.000000000 0.000000000
0.000000000 0.703393000
0.000000000 0.000000000
0.000000000 0.000000000
0.251763463 1.643548000
0.000000000 0.000000000
0.000000000 0.000000000
-0.470705142 -0.000000000
-0.243218511 0.000000000
0.000000000 0.000000000
0.000000000 -3.593214000
0.000000000 0.000000000
0.000000000 0.000000000
0.000000000 1.483035000
0.000000000 0.000000000
0.000000000 0.000000000
0.000000000 0.000000000
-0.042350951 0.000000000
0.000000000 0.000000000
0.000000000 0.000000000
-0.058082829 0.000000000
0.100433780 0.000000000
0.137940045 0.737323000
0.000000000 0.000000000
1.004337800 0.000000000
0.296456654 0.000000000
-0.187157513 -0.392626000
0.000000000 0.000000000
0.000000000 0.000000000
-0.386003241 0.000000000
0.142784731 0.000000000
0.000000000 0.000000000
0.142784731 0.000000000
0.000000000 0.000000000
0.000000000 1.000000000
0.000000000 0.000000000
0.000000000 0.000000000
-0.185135681 0.000000000
0.185135681 0.000000000
0.000000000 0.000000000
-0.216599439 0.000000000
0.000000000 0.000000000
-0.285569461 0.000000000
0.000000000 0.000000000
0.000000000 2.669463000
-0.285569461 0.000000000
0.000000000 0.000000000
0.000000000 0.000000000
0.327920412 0.000000000
0.100433780 0.000000000
0.000000000 0.000000000
-0.428354192 0.000000000
-0.142784731 0.000000000
-0.019165138 -2.679348000
0.000000000 0.000000000
0.000000000 0.000000000
0.000000000 4.000000000
-0.285569461 0.000000000
0.000000000 0.000000000
-0.386003241 0.000000000
0.000000000 4.000000000
-0.137993446 -0.991237000
0.000000000 0.000000000
0.000000000 0.000000000
0.000000000 0.000000000
0.000000000 0.000000000
0.000000000 0.000000000
-0.000000000 -0.703393000
0.370271362 0.000000000
0.000000000 0.000000000
0.000000000 0.000000000
-0.401735120 0.000000000
0.047195636 3.483035000
0.000000000 0.000000000
-0.000000000 -0.703393000
0.142784731 0.000000000
0.000000000 0.000000000
0.000000000 0.000000000
0.000000000 0.000000000
-0.142784731 -0.406786000
0.000000000 0.000000000
-0.254105704 -0.000000000
0.000000000 0.000000000
-0.285569461 0.000000000
0.000000000 -1.516965000
0.000000000 0.000000000
0.000000000 0.000000000
0.000000000 0.000000000
0.000000000 -1.703393000
0.000000000 0.000000000
0.000000000 0.000000000
0.000000000 0.000000000
0.000000000 0.703393000
0.000000000 0.000000000
0.066627782 1.533369000
0.000000000 0.000000000
0.000000000 0.000000000
0.000000000 0.000000000
0.000000000 0.000000000
-0.872440262 0.000000000
-0.084701901 0.000000000
0.000000000 -1.813572000
0.000000000 0.000000000
-0.142784731 0.000000000
0.000000000 1.406786000
0.000000000 0.000000000
0.037773272 2.404916000
0.268639761 0.525354000
0.000000000 0.296607000
0.089546587 0.000000000
0.166794554 2.204702000
0.000000000 0.000000000
0.571138922 0.000000000
0.185135681 0.000000000
0.227486632 0.000000000
0.000000000 0.000000000
0.015731879 0.000000000
0.000000000 0.593214000
-0.370271362 -0.406786000
0.000000000 0.000000000
0.059227249 0.585199000
0.459817949 0.779642000
0.000000000 0.000000000
0.000000000 -0.889821000
0.147629417 4.262677000
-0.142784731 0.000000000
0.000000000 0.000000000
-0.042350951 0.000000000
0.000000000 3.000000000
1.099926894 0.000000000
0.000000000 0.000000000
0.000000000 0.000000000
-0.049591279 -0.245899000
0.000000000 0.000000000
0.000000000 0.000000000
-0.042350951 0.000000000
0.000000000 0.000000000
0.000000000 0.000000000
0.000000000 0.000000000
-0.000000000 0.000000000
0.000000000 0.000000000
0.671572702 0.000000000
0.000000000 0.000000000
0.000000000 0.000000000
-0.100433780 0.000000000
0.602602680 0.000000000
-0.000000000 0.000000000
0.000000000 0.000000000
0.000000000 0.000000000
0.000000000 6.516965000
0.000000000 0.000000000
0.000000000 0.000000000
0.000000000 0.000000000
0.000000000 0.000000000
-0.343652291 0.000000000
0.000000000 0.000000000
-0.713923653 -0.000000000
0.000000000 0.000000000
0.428354192 0.000000000
0.142784731 0.000000000
0.000000000 -3.296607000
0.142784731 0.000000000
0.285569461 0.000000000
0.185135681 0.000000000
0.000000000 0.000000000
0.000000000 0.000000000
0.142784731 0.000000000
0.000000000 0.000000000
0.000000000 0.889821000
0.000000000 -0.703393000
1.285062575 0.000000000
0.000000000 0.000000000
-0.595362352 -0.830350000
0.000000000 0.000000000
0.000000000 0.000000000
-0.428354192 0.000000000
0.000000000 0.000000000
0.000000000 0.000000000
0.000000000 0.000000000
-0.142784731 0.000000000
-0.359384169 0.000000000
0.301301340 0.000000000
0.000000000 0.000000000
-0.100433780 0.000000000
1.142277845 0.000000000
0.000000000 0.000000000
0.000000000 0.000000000
0.000000000 0.000000000
-0.386003241 0.000000000
0.454973264 0.000000000
0.047195636 0.000000000
0.000000000 0.000000000
0.142784731 0.000000000
0.000000000 4.516965000
0.118668104 0.465509000
0.428354192 0.000000000
0.000000000 0.000000000
-0.116165659 0.000000000
0.000000000 0.000000000
0.000000000 0.000000000
-0.044586388 -0.391130000
0.000000000 0.000000000
0.000000000 0.000000000
-0.042350951 0.000000000
0.000000000 0.000000000
0.000000000 0.000000000
0.006256113 1.659578000
0.000000000 0.000000000
0.000000000 0.000000000
-0.000000000 0.000000000
0.000000000 -1.000000000
-0.000000000 0.000000000
0.000000000 0.000000000
0.000000000 0.000000000
0.100433780 0.000000000
0.000000000 0.000000000
0.042350951 0.000000000
0.000000000 0.000000000
0.015731879 0.779642000
0.000000000 0.000000000
0.000000000 0.000000000
0.000000000 0.000000000
-0.042350951 0.000000000
0.000000000 0.000000000
0.000000000 0.000000000
-0.185135681 0.000000000
-0.000000000 0.000000000
-0.100433780 0.000000000
0.000000000 0.000000000
0.019432145 2.829976000
0.000000000 -0.296607000
0.888172141 0.000000000
-0.000000000 0.000000000
-0.031463758 0.000000000
-0.042350951 0.000000000
0.000000000 0.000000000
0.000000000 0.000000000
0.000000000 8.703393000
0.000000000 3.406786000
-0.196022874 0.000000000
0.142784731 0.000000000
0.000000000 0.296607000
0.000000000 0.000000000
0.000000000 0.000000000
0.000000000 0.000000000
0.000000000 0.000000000
-0.285569461 0.000000000
0.243218511 0.000000000
0.000000000 0.000000000
0.000000000 0.000000000
0.000000000 0.000000000
-0.042350951 0.000000000
0.000000000 -0.593214000
0.000000000 0.000000000
0.000000000 0.000000000
0.000000000 0.000000000
0.000000000 0.000000000
0.000000000 -3.923751000
-0.000000000 0.000000000
0.000000000 0.000000000
0.000000000 0.000000000
-0.142784731 0.000000000
0.000000000 0.000000000
0.000000000 0.000000000
0.000000000 0.296607000
0.000000000 0.000000000
0.000000000 0.000000000
0.000000000 2.220358000
0.000000000 1.296607000
0.000000000 0.000000000
0.000000000 0.000000000
0.327920412 0.000000000
-0.231133497 -2.381245000
0.169403802 0.000000000
0.278382535 1.643548000
0.000000000 0.000000000
0.000000000 0.000000000
-1.142277845 0.000000000
0.000000000 0.000000000
-0.073814708 -0.000000000
0.327920412 0.000000000
-0.327920412 0.000000000
0.000000000 0.000000000
0.000000000 0.000000000
0.208268093 0.651563000
0.000000000 0.483035000
0.000000000 0.000000000
0.100433780 0.000000000
0.000000000 0.000000000
0.000000000 0.000000000
0.000000000 0.000000000
0.042350951 0.000000000
0.000000000 0.000000000
0.000000000 0.000000000
-0.142784731 0.000000000
-0.158516609 0.000000000
0.000000000 0.000000000
0.000000000 -4.000000000
0.000000000 0.000000000
0.000000000 0.000000000
0.513056093 0.000000000
0.000000000 0.000000000
0.569941101 0.601603000
0.148827238 0.254288000
0.000000000 0.000000000
0.000000000 0.000000000
0.856708384 0.000000000
-0.137940045 -0.110179000
-0.000000000 0.000000000
0.000000000 0.000000000
0.000000000 0.000000000
0.000000000 0.000000000
0.000000000 0.000000000
0.000000000 0.000000000
0.000000000 0.000000000
0.000000000 0.000000000
0.000000000 -0.703393000
-0.100433780 0.000000000
0.000000000 0.000000000
0.000000000 0.000000000
-0.798625554 -0.406786000
-0.042350951 0.000000000
0.142784731 0.000000000
0.000000000 0.000000000
0.000000000 0.000000000
0.000000000 1.703393000
-0.073814708 -0.779642000
0.000000000 0.000000000
0.285569461 0.000000000
0.169403802 0.000000000
-0.142784731 0.000000000
-0.015731879 0.000000000
0.671572702 0.000000000
-0.327920412 0.000000000
-0.084701901 -0.000000000
0.142784731 0.000000000
-0.301301340 0.000000000
-0.000000000 0.000000000
-0.010887193 0.000000000
-0.307343847 -0.847502000
0.000000000 5.703393000
0.903904020 0.000000000
0.000000000 0.000000000
0.000000000 2.813572000
-0.274682268 -0.779642000
0.000000000 0.000000000
-0.066574380 -4.126957000
-0.047195636 -1.262677000
-0.142784731 0.000000000
-0.240716065 -3.314133000
0.000000000 5.296607000
0.000000000 0.000000000
-0.058082829 0.000000000
0.000000000 0.000000000
0.142784731 0.000000000
-0.100433780 -0.593214000
0.000000000 0.000000000
-0.142784731 0.000000000
0.000000000 0.000000000
0.631831000 0.388512000
0.000000000 0.000000000
-0.142784731 0.000000000
1.285062575 0.000000000
0.000000000 0.000000000
-0.000000000 0.000000000
0.000000000 0.000000000
0.000000000 1.110179000
0.000000000 0.000000000
-0.000000000 -0.889821000
0.204567826 6.677478000
0.042350951 0.000000000
-0.042350951 0.000000000
0.000000000 0.000000000
-0.127052852 0.000000000
-0.185135681 0.000000000
-0.386003241 0.000000000
0.166741153 1.832220000
1.285062575 0.000000000
0.000000000 0.000000000
0.000000000 4.483035000
0.000000000 0.000000000
0.000000000 0.000000000
0.930523092 0.000000000
0.000000000 0.000000000
0.042350951 0.000000000
-0.142784731 -0.000000000
0.000000000 0.296607000
0.000000000 0.000000000
0.000000000 0.000000000
0.856708384 0.000000000
0.000000000 0.000000000
-0.100433780 0.000000000
0.000000000 0.000000000
-0.142784731 0.000000000
-0.113052809 -0.504836000
0.000000000 0.000000000
0.000000000 0.000000000
-0.000000000 -1.000000000
0.142784731 0.000000000
0.000000000 0.000000000
0.856708384 0.000000000
-1.266935054 -0.830350000
-0.015731879 0.000000000
0.285569461 0.000000000
0.000000000 0.000000000
0.243218511 0.000000000
0.285569461 0.000000000
0.000000000 -0.296607000
0.000000000 0.000000000
0.066574380 0.533743000
0.000000000 0.000000000
0.000000000 0.000000000
-0.127052852 -0.000000000
0.000000000 0.000000000
0.000000000 0.000000000
-0.528787972 0.000000000
-0.343652291 -0.000000000
0.000000000 0.000000000
0.000000000 0.296607000
-1.285062575 0.000000000
-0.131897538 -0.779642000
-0.285569461 -0.000000000
0.000000000 0.000000000
0.000000000 0.000000000
0.000000000 0.000000000
0.000000000 0.000000000
-0.243218511 0.000000000
0.000000000 0.000000000
0.058082829 0.000000000
-0.428354192 -0.000000000
-0.370271362 0.000000000
0.000000000 0.000000000
0.000000000 0.000000000
0.000000000 0.000000000
-0.131897538 0.000000000
-0.000000000 0.000000000
0.099449565 1.710286000
-0.274682268 0.000000000
0.713923653 0.000000000
0.000000000 6.406786000
0.000000000 0.000000000
0.000000000 0.000000000
0.000000000 0.000000000
-0.027923696 -3.397649000
0.386003241 0.000000000
0.000000000 -0.703393000
0.000000000 0.000000000
0.000000000 0.000000000
-0.100433780 0.000000000
0.000000000 0.000000000
0.000000000 0.000000000
0.605158527 0.651563000
0.692149267 0.000000000
0.000000000 2.296607000
0.000000000 0.000000000
0.111320973 0.000000000
0.000000000 0.000000000
-0.081055036 -4.652685000
-0.089546587 -0.779642000
0.000000000 0.000000000
0.015731879 0.000000000
-0.174248488 0.000000000
0.000000000 0.000000000
0.000000000 0.000000000
0.000000000 0.000000000
0.142784731 0.000000000
0.008544952 3.050334000
0.000000000 0.296607000
0.058082829 0.000000000
-0.856708384 0.000000000
-0.057152016 -1.786161000
0.084701901 0.000000000
0.142784731 0.000000000
0.058082829 0.000000000
0.000000000 0.296607000
0.386003241 0.000000000
0.000000000 -1.000000000
0.000000000 0.000000000
0.000000000 0.000000000
0.000000000 3.220358000
0.000000000 0.000000000
0.000000000 7.000000000
0.000000000 -0.186428000
0.000000000 0.000000000
0.000000000 1.406786000
0.000000000 3.000000000
0.000000000 0.000000000
0.000000000 1.296607000
0.000000000 -2.000000000
0.000000000 0.000000000
0.142784731 0.000000000
0.000000000 0.000000000
0.000000000 0.000000000
0.513056093 0.000000000
0.317033219 0.779642000
0.100433780 0.000000000
0.000000000 1.296607000
0.000000000 0.000000000
0.941410285 0.000000000
-0.000000000 0.000000000
0.000000000 0.000000000
-0.772006482 0.000000000
0.000000000 0.000000000
0.285569461 0.000000000
0.000000000 0.000000000
0.000000000 0.000000000
-0.000000000 -0.406786000
0.073814708 0.000000000
0.000000000 3.000000000
-0.000000000 0.000000000
0.000000000 0.000000000
0.000000000 0.000000000
0.000000000 -0.296607000
0.000000000 0.000000000
0.000000000 0.000000000
0.100433780 0.000000000
-0.386003241 0.000000000
0.000000000 4.593214000
-0.386003241 0.000000000
0.000000000 0.296607000
0.000000000 0.000000000
0.000000000 0.000000000
0.000000000 0.000000000
0.000000000 0.000000000
0.042350951 0.000000000
0.000000000 0.000000000
0.000000000 0.703393000
-0.142784731 0.000000000
0.000000000 0.000000000
0.060425070 1.983596000
-0.025634857 -8.820465000
0.000000000 0.000000000
0.000000000 0.000000000
0.285569461 0.000000000
0.158516609 0.000000000
0.000000000 -0.296607000
-0.142784731 0.000000000
0.250458839 0.245899000
0.000000000 0.000000000
0.999493114 0.000000000
0.000000000 0.000000000
0.000000000 0.000000000
0.370271362 0.406786000
0.000000000 2.000000000
0.000000000 0.296607000
0.000000000 0.000000000
0.000000000 0.000000000
0.000000000 0.000000000
0.000000000 0.000000000
0.100433780 0.000000000
0.000000000 0.000000000
0.000000000 0.000000000
-0.327920412 0.000000000
0.000000000 0.000000000
0.000000000 0.000000000
0.026619072 0.000000000
0.113823418 0.202832000
0.174248488 0.000000000
0.000000000 0.000000000
0.000000000 -0.406786000
0.000000000 0.000000000
-0.059227249 -0.178413000
0.000000000 0.000000000
0.399553084 1.608496000
-0.227486632 0.000000000
-0.000000000 0.000000000
0.528787972 0.000000000
0.000000000 0.406786000
0.000000000 0.000000000
-0.527536749 -2.305370000
-0.066307373 -1.535613000
-0.169403802 0.000000000
0.000000000 0.000000000
0.428354192 0.000000000
0.000000000 0.000000000
0.000000000 0.000000000
0.000000000 0.000000000
0.000000000 0.000000000
-0.571138922 0.000000000
0.000000000 -0.703393000
0.000000000 0.000000000
0.000000000 0.000000000
0.000000000 0.000000000
1.242711625 0.000000000
0.000000000 0.000000000
0.000000000 -2.076249000
-1.142277845 0.000000000
0.066574380 1.237136000
0.243218511 0.000000000
0.000000000 0.000000000
0.000000000 0.000000000
0.015731879 0.000000000
0.000000000 0.000000000
-0.142784731 0.000000000
0.000000000 0.000000000
0.428354192 0.000000000
0.000000000 0.000000000
0.285569461 0.000000000
-0.100433780 0.000000000
-0.527429946 -0.009511000
0.780498033 0.830350000
0.000000000 0.000000000
0.142784731 0.000000000
-0.000000000 0.000000000
0.042350951 0.000000000
0.185135681 0.000000000
0.428354192 0.000000000
0.000000000 2.703393000
0.000000000 0.000000000
0.000000000 0.000000000
0.000000000 0.000000000
-0.031463758 0.000000000
0.000000000 0.000000000
0.000000000 0.000000000
0.644953631 0.000000000
0.000000000 0.000000000
0.000000000 0.000000000
0.000000000 0.000000000
0.000000000 0.000000000
0.000000000 0.000000000
0.856708384 0.000000000
0.000000000 -2.296607000
-0.058082829 0.000000000
-0.200867560 0.000000000
-0.571138922 0.000000000
0.000000000 0.000000000
0.000000000 0.000000000
0.000000000 0.000000000
-0.301301340 0.000000000
-0.135544402 -0.237136000
-0.602602680 0.000000000
0.000000000 -3.406786000
1.200360674 0.000000000
0.000000000 0.000000000
0.428354192 0.000000000
-0.359384169 -0.000000000
0.000000000 0.000000000
0.019165138 0.865776000
-0.058082829 0.000000000
-0.127052852 -0.000000000
0.000000000 0.000000000
0.000000000 0.000000000
0.000000000 0.000000000
-0.386003241 0.000000000
-0.200867560 -0.296607000
0.000000000 0.000000000
0.000000000 0.000000000
0.000000000 -0.669463000
0.000000000 0.000000000
0.000000000 0.000000000
0.528787972 0.296607000
0.000000000 0.000000000
0.000000000 0.000000000
-0.386003241 -0.000000000
0.613489873 0.000000000
-0.269837582 0.000000000
-0.000000000 0.000000000
-0.042350951 0.000000000
0.142784731 0.000000000
0.042350951 0.000000000
0.000000000 0.000000000
0.000000000 0.000000000
-0.084701901 -0.406786000
0.042350951 0.000000000
0.000000000 0.000000000
0.528787972 0.000000000
-0.113983623 -1.015282000
-0.729655532 -0.000000000
0.142784731 0.000000000
-0.100433780 -0.000000000
0.157372190 2.270692000
0.327920412 0.000000000
0.000000000 0.000000000
0.019165138 5.458990000
-0.285569461 0.000000000
-0.301301340 0.000000000
0.000000000 0.000000000
0.243218511 0.000000000
0.000000000 0.000000000
0.000000000 1.703393000
0.000000000 0.000000000
0.000000000 0.000000000
0.000000000 3.406786000
0.000000000 0.000000000
0.000000000 0.000000000
0.000000000 0.593214000
0.000000000 0.000000000
-0.285569461 0.000000000
0.000000000 0.000000000
0.000000000 0.000000000
-0.142784731 0.000000000
0.428354192 0.000000000
0.000000000 0.000000000
0.814357433 0.000000000
-0.058082829 0.000000000
0.000000000 0.000000000
0.000000000 -2.296607000
0.042350951 3.703393000
0.000000000 0.000000000
0.528787972 0.296607000
0.000000000 -0.889821000
0.185135681 0.000000000
0.000000000 0.000000000
-0.000000000 0.000000000
0.058082829 0.000000000
0.000000000 0.000000000
0.878482769 0.847502000
-0.470705142 0.000000000
-0.142784731 0.000000000
0.025634857 0.117072000
-0.000000000 0.000000000
0.386003241 0.000000000
-0.067772201 -0.228747000
0.000000000 0.000000000
0.000000000 0.000000000
0.000000000 0.000000000
0.337289375 1.044563000
0.000000000 0.813572000
0.000000000 2.000000000
0.000000000 -1.110179000
0.000000000 0.000000000
-0.047195636 0.000000000
0.142784731 0.000000000
0.000000000 0.000000000
0.000000000 3.889821000
0.669177060 1.313385000
-0.343652291 -0.000000000
0.000000000 0.000000000
0.212845771 1.102538000
0.000000000 -0.593214000
0.000000000 0.000000000
0.000000000 5.296607000
1.142277845 0.000000000
-0.428354192 -0.000000000
-0.486437021 0.000000000
0.000000000 -0.296607000
-0.084701901 0.000000000
0.000000000 0.000000000
-0.000000000 0.000000000
-0.142784731 0.000000000
0.000000000 0.000000000
0.000000000 2.000000000
0.058082829 0.000000000
0.428354192 0.000000000
-0.301301340 0.000000000
0.000000000 0.000000000
0.058082829 0.000000000
0.000000000 0.000000000
0.000000000 0.000000000
-0.000000000 0.000000000
0.000000000 0.000000000
0.000000000 0.000000000
0.957142164 0.000000000
-0.066574380 -2.457494000
0.000000000 2.000000000
0.147629417 1.855891000
0.116165659 0.000000000
0.000000000 0.000000000
0.100433780 0.779642000
0.000000000 1.000000000
-0.169403802 0.000000000
-1.242711625 0.000000000
-0.258950389 0.000000000
0.713923653 0.000000000
0.000000000 0.000000000
0.522745465 0.000000000
-0.930523092 -0.296607000
0.000000000 0.000000000
0.000000000 0.000000000
0.000000000 0.000000000
-0.000000000 0.000000000
0.142784731 0.000000000
0.000000000 1.406786000
-1.023716544 -0.830350000
-0.038757487 -2.025167000
0.000000000 0.000000000
-0.066574380 -1.016778000
0.000000000 0.000000000
0.000000000 0.000000000
0.000000000 0.000000000
0.000000000 0.000000000
0.000000000 0.000000000
0.000000000 0.000000000
0.042350951 0.000000000
0.103973842 0.975207000
0.081055036 0.101790000
0.000000000 -1.406786000
0.000000000 0.000000000
-1.285062575 0.000000000
0.335000535 1.950414000
-0.185135681 0.000000000
0.000000000 0.000000000
0.000000000 2.296607000
-0.185135681 -0.406786000
-0.285569461 0.000000000
0.000000000 0.000000000
-0.285569461 -0.000000000
0.000000000 0.000000000
0.285569461 0.000000000
0.000000000 -2.923751000
0.000000000 0.000000000
-0.000000000 0.000000000
0.000000000 -2.813572000
0.000000000 0.000000000
0.000000000 0.000000000
-0.000000000 0.000000000
0.100433780 0.000000000
-0.269837582 0.000000000
0.000000000 0.000000000
-0.285569461 0.000000000
0.319589066 0.948170000
0.000000000 0.000000000
-0.042350951 0.000000000
0.000000000 0.000000000
0.000000000 0.000000000
0.386003241 0.000000000
-0.571138922 0.000000000
-0.142784731 0.000000000
0.000000000 0.000000000
0.000000000 0.000000000
-0.378656110 -5.237884000
-0.038757487 -3.025167000
-0.127052852 -0.000000000
0.000000000 0.000000000
-0.105278466 -0.000000000
-0.042350951 0.000000000
-0.000000000 0.000000000
-0.100433780 0.000000000
0.000000000 0.000000000
0.000000000 -0.296607000
0.000000000 0.000000000
-0.142784731 0.000000000
0.000000000 6.220358000
0.000000000 0.000000000
0.000000000 0.000000000
1.231824432 0.779642000
-0.100433780 0.000000000
-0.000000000 0.000000000
0.000000000 0.000000000
0.150185263 1.651563000
-0.142784731 0.000000000
0.000000000 0.000000000
0.000000000 0.000000000
0.000000000 0.000000000
0.000000000 0.000000000
-0.142784731 0.000000000
0.000000000 -1.703393000
0.000000000 0.406786000
-0.007240328 -0.542506000
0.395692613 0.525354000
0.772006482 0.000000000
0.029068115 2.609992000
-0.100166773 -1.001870000
0.000000000 0.000000000
0.745387411 0.000000000
-0.386003241 0.000000000
0.000000000 0.000000000
0.000000000 0.000000000
0.000000000 0.000000000
-0.026619072 0.000000000
0.000000000 1.593214000
0.000000000 2.406786000
0.000000000 0.000000000
0.682459895 0.000000000
-0.200867560 0.000000000
-0.142784731 0.000000000
0.000000000 0.703393000
0.000000000 0.000000000
-1.099926894 0.000000000
0.000000000 5.703393000
0.000000000 0.593214000
0.000000000 3.406786000
0.000000000 0.296607000
-0.100433780 0.000000000
0.000000000 0.000000000
0.000000000 0.000000000
0.000000000 3.000000000
9.41636889884
