200 2575 8.4177100000 0.1886960000
86 187 6
108 170 8
5 144 6
22 89 10
14 155 6
153 199 8
67 183 1
14 156 9
130 139 5
53 142 10
12 80 6
20 91 9
44 95 1
118 119 6
21 155 2
124 161 8
38 166 3
61 188 9
113 200 8
94 106 4
46 153 1
19 44 6
29 185 6
25 160 9
108 185 5
103 160 10
9 96 1
104 151 1
158 160 4
170 198 6
139 152 6
48 132 6
105 117 1
108 121 9
21 30 2
138 183 1
40 78 8
102 192 6
6 19 4
85 87 1
44 129 5
19 103 2
120 134 9
27 49 4
12 14 1
129 145 6
95 160 4
7 78 1
127 182 3
8 59 6
41 160 1
95 144 1
103 108 4
95 103 5
89 114 3
96 160 1
2 200 1
1 70 2
133 146 8
99 110 6
70 76 8
24 84 9
97 105 10
98 186 1
41 166 8
18 144 6
184 197 10
158 174 10
94 153 1
33 154 5
34 62 6
177 188 8
100 142 4
44 170 8
45 186 4
56 74 7
77 102 3
1 87 4
102 122 3
43 157 4
6 61 9
109 147 1
76 125 3
61 95 3
7 198 9
154 157 10
14 59 9
13 34 10
62 76 2
103 121 7
22 128 3
153 164 8
31 174 2
38 199 8
69 126 7
40 160 7
47 98 10
52 125 5
104 113 7
79 83 1
74 128 1
61 159 5
21 145 9
59 96 2
45 115 1
8 166 6
23 200 1
50 70 8
93 190 1
45 90 8
102 137 8
154 178 8
61 137 9
9 174 3
97 176 3
37 153 10
91 98 10
67 70 8
64 146 8
15 65 10
8 198 2
99 145 3
39 132 8
85 191 3
10 141 6
30 111 4
34 89 1
8 86 4
38 115 5
118 142 6
121 185 4
85 142 5
50 85 9
1 84 1
19 149 1
145 177 2
3 137 8
1 134 2
77 148 7
15 44 1
1 48 7
24 60 1
10 122 8
56 118 7
76 92 10
1 42 3
19 111 2
124 183 1
10 98 6
8 188 3
72 143 4
89 189 4
35 121 5
91 187 3
61 174 10
27 166 7
10 162 10
151 196 2
128 172 5
97 187 4
17 24 1
16 100 3
94 103 4
54 200 3
17 183 8
120 152 8
13 84 3
162 166 9
3 14 6
1 161 10
41 135 7
57 167 4
155 180 10
8 177 5
38 109 10
31 115 3
148 195 3
12 155 1
114 125 3
3 141 7
71 179 3
12 186 5
11 83 7
26 52 7
53 150 5
160 166 1
44 117 4
55 72 9
17 190 5
99 103 5
27 59 5
89 152 9
63 91 1
35 78 7
72 150 7
164 198 6
49 174 3
38 47 10
18 199 10
139 196 9
106 111 10
144 166 3
29 117 2
19 78 9
35 65 9
77 164 6
12 110 6
57 59 9
52 130 10
74 182 7
108 149 2
30 40 6
15 91 1
98 180 9
9 10 7
97 164 10
18 25 5
6 129 4
73 125 3
9 19 10
45 140 1
58 143 6
77 91 5
66 165 2
88 93 9
99 162 8
121 162 9
49 102 7
98 105 10
48 66 5
30 37 3
27 109 6
110 159 4
57 122 1
62 165 8
122 158 6
31 105 1
4 122 5
80 147 2
44 94 6
185 195 6
57 97 2
44 57 6
127 191 1
25 91 1
48 161 5
10 186 7
73 76 6
91 192 8
8 110 3
137 177 6
46 101 1
4 123 2
166 188 5
21 97 2
5 115 9
73 120 8
6 147 7
81 141 7
146 196 6
75 169 5
132 150 7
5 177 9
90 195 10
12 36 2
155 174 6
27 90 2
6 174 2
179 186 4
49 81 4
107 194 1
12 187 7
9 109 6
58 197 9
26 50 4
174 193 3
74 171 3
101 117 2
76 85 9
26 190 7
79 89 9
61 80 10
14 135 10
75 200 3
11 48 7
133 191 2
77 174 4
35 187 6
2 50 10
19 65 1
14 129 8
124 175 2
8 27 8
61 90 1
19 57 2
167 198 10
86 164 5
6 14 9
9 135 10
105 193 6
39 134 6
80 109 1
12 108 5
96 179 4
90 91 7
49 123 4
47 109 6
36 188 3
119 165 8
6 36 8
29 94 10
38 148 8
142 190 10
30 198 6
77 192 1
16 43 8
16 72 8
113 182 10
61 155 9
28 183 6
81 129 4
98 158 4
60 190 7
135 198 3
13 32 5
50 184 6
28 120 8
1 13 5
63 185 2
180 193 10
9 102 7
19 40 5
10 101 8
86 116 2
79 107 7
121 167 1
3 57 9
7 186 3
14 80 7
92 196 8
50 175 3
172 196 2
107 151 6
112 119 7
94 192 1
1 17 8
141 185 5
37 155 5
47 78 8
22 92 5
33 150 4
62 178 5
61 108 9
96 164 8
2 112 1
61 78 1
51 120 5
41 47 5
157 190 5
9 170 9
59 148 1
103 185 10
4 86 2
86 148 3
77 108 7
132 190 10
51 183 1
4 162 5
66 134 8
41 77 4
39 67 2
1 169 3
22 183 8
101 108 1
20 198 5
20 25 9
96 148 7
103 162 1
90 115 2
54 189 10
104 194 4
16 79 10
151 200 8
90 141 9
13 104 1
153 155 1
13 43 4
19 49 9
71 177 5
87 92 7
160 198 5
14 166 10
18 145 6
98 179 7
25 155 8
1 124 6
47 188 2
10 41 1
7 135 1
33 163 6
17 69 10
144 145 3
52 189 9
93 157 9
109 186 8
18 156 3
24 93 2
61 162 5
4 5 6
26 124 10
146 175 2
31 177 2
75 143 2
117 193 6
90 167 5
46 164 8
64 93 8
14 78 10
33 196 4
1 128 7
43 74 1
59 187 5
75 130 5
157 197 7
17 163 4
61 106 4
13 70 1
29 49 5
10 199 10
22 32 5
38 116 1
28 152 4
51 143 1
51 89 10
164 193 8
110 186 7
65 155 10
45 164 5
64 120 10
163 191 4
87 163 7
7 137 10
82 179 5
56 178 10
93 120 1
15 111 2
50 104 2
68 119 9
13 152 10
9 36 3
84 134 5
38 176 4
16 83 1
129 140 4
119 200 7
7 97 5
31 140 4
109 160 10
54 85 4
113 151 4
116 149 10
31 110 10
31 108 5
115 170 4
74 134 8
20 71 10
15 96 4
155 176 4
111 176 9
97 180 10
172 173 5
60 138 4
120 128 9
70 152 9
30 188 1
54 127 8
58 92 5
130 161 4
21 123 6
136 192 10
19 38 5
69 87 1
41 162 6
7 38 8
115 198 6
168 189 4
94 164 7
46 109 10
116 122 8
68 189 5
82 123 10
142 182 7
24 130 10
30 46 10
22 126 6
63 140 7
162 185 10
103 148 10
178 197 2
193 195 4
58 120 8
82 198 10
127 189 4
166 199 7
97 122 8
37 108 5
31 95 4
85 197 10
155 187 7
147 198 5
23 52 7
66 184 2
93 175 10
120 178 10
80 82 10
98 159 1
82 91 5
65 153 3
29 78 1
110 141 1
93 132 1
118 146 3
5 140 8
27 185 6
80 81 3
54 139 4
77 149 1
11 128 10
176 177 1
8 136 9
30 122 1
75 84 10
116 135 6
21 186 9
3 78 1
21 159 3
124 196 2
149 158 2
122 192 8
140 199 9
72 120 5
14 41 6
193 198 5
97 129 7
34 154 3
21 49 5
4 45 1
139 163 2
36 71 7
88 200 5
36 116 6
128 168 2
7 122 6
58 114 6
30 148 6
119 151 4
15 78 6
28 124 7
8 91 2
113 114 10
47 136 7
55 118 3
132 146 5
33 131 10
82 115 9
168 190 4
15 86 8
80 121 8
7 108 3
32 138 6
92 113 8
46 180 8
43 169 8
109 110 9
22 50 4
74 196 1
57 63 5
46 156 3
2 131 5
110 179 8
129 187 8
144 170 3
1 142 9
32 168 4
101 174 9
31 36 2
106 188 8
9 20 2
153 170 9
75 118 5
31 136 7
51 133 2
125 151 7
48 130 10
37 121 4
58 133 7
44 109 5
31 46 9
45 135 3
40 110 5
92 134 4
17 43 4
146 154 7
99 198 1
106 141 2
2 113 3
25 122 7
124 173 2
57 80 2
106 148 4
116 153 3
147 186 2
77 116 7
61 135 7
141 155 1
12 81 5
69 125 3
3 115 6
108 123 6
85 89 1
84 154 3
62 74 1
49 160 8
53 74 10
110 170 3
47 198 8
36 159 10
62 184 4
85 146 10
34 39 8
58 168 7
120 139 8
125 182 1
84 151 3
86 155 9
147 159 1
35 59 9
12 122 6
9 123 7
114 152 5
12 188 7
78 82 3
64 107 2
50 72 3
135 192 9
109 122 7
115 166 2
127 138 8
24 132 8
97 181 2
31 61 9
61 81 7
72 128 1
112 196 1
102 135 3
45 103 7
136 174 4
130 154 2
30 47 2
45 97 2
58 66 5
62 196 6
2 104 6
112 171 10
12 98 9
43 88 6
30 44 4
157 161 8
8 156 4
61 153 1
186 195 6
150 191 2
147 195 7
149 187 7
177 181 2
25 149 6
105 156 8
105 129 8
46 198 2
19 97 10
158 193 9
124 146 1
2 191 7
15 153 9
20 121 3
12 136 3
21 187 5
12 148 8
16 53 3
143 163 9
147 180 5
185 187 8
29 103 6
141 174 9
42 68 10
107 169 9
68 120 3
41 180 7
2 178 7
79 126 10
37 181 7
1 112 8
132 191 10
40 111 10
59 177 4
11 133 8
170 193 9
35 144 5
91 122 2
140 162 4
92 93 2
155 156 4
49 137 4
149 174 1
71 101 8
25 192 9
88 169 2
50 93 1
105 155 4
46 61 1
52 142 8
42 79 1
121 140 10
172 197 7
68 83 9
132 178 4
22 150 10
25 181 3
115 193 1
37 145 2
97 136 3
80 159 1
158 181 10
47 129 6
96 106 4
10 195 3
117 185 6
1 157 4
45 111 7
4 30 4
63 148 3
115 192 3
26 161 2
12 91 10
40 81 6
26 56 4
32 43 3
22 191 10
37 95 1
13 55 9
11 13 4
18 162 1
54 55 9
7 21 5
64 68 10
75 134 8
80 140 5
24 165 4
10 193 1
46 95 10
123 185 6
36 122 7
40 145 10
46 91 1
25 129 9
71 111 4
65 97 10
174 180 6
138 157 9
21 78 5
165 196 10
22 28 8
44 115 10
116 145 3
96 193 8
17 196 8
176 181 1
67 83 2
27 30 10
23 24 1
37 80 10
142 163 5
162 176 4
68 133 3
121 199 2
98 147 2
9 71 10
41 164 4
27 46 8
130 178 2
5 164 5
132 189 10
40 105 2
63 105 2
85 104 3
41 141 9
47 116 9
30 91 2
33 130 9
37 86 9
9 136 9
155 159 4
122 137 9
49 193 2
54 132 5
2 130 4
43 66 2
81 156 5
4 199 7
171 178 3
117 187 5
43 143 10
1 130 2
126 151 6
10 57 7
112 143 1
46 136 3
27 148 6
32 51 9
72 134 9
30 96 5
37 129 5
5 148 9
36 57 7
162 177 6
57 170 6
53 62 5
78 186 7
79 146 4
2 139 10
168 196 4
48 146 3
109 155 4
105 160 3
58 124 5
24 33 10
180 186 2
177 198 9
109 123 3
58 76 10
6 136 7
131 191 5
42 56 4
98 122 1
4 38 1
94 159 5
65 111 2
73 126 1
14 31 5
132 196 9
47 63 6
38 145 1
134 191 1
1 72 3
36 162 10
68 124 2
106 116 7
84 132 9
49 61 3
90 110 1
61 181 2
87 184 1
139 171 10
95 153 1
156 185 2
86 195 10
79 163 5
147 179 7
5 105 6
167 188 3
185 192 1
41 181 2
36 141 4
54 120 6
57 144 1
180 188 8
136 149 7
69 143 6
54 73 10
148 158 6
50 173 3
93 166 3
105 176 4
10 148 1
32 182 1
44 177 2
107 124 2
57 77 6
44 103 9
38 95 10
85 88 9
8 36 1
17 92 7
83 182 8
24 194 10
102 180 5
131 142 7
72 173 4
12 103 1
114 124 1
8 155 3
18 91 6
64 197 6
39 189 9
10 15 2
44 82 6
44 162 9
1 73 4
96 185 3
151 194 4
31 59 2
61 198 9
59 91 7
32 119 6
21 140 5
4 108 4
49 135 1
47 176 1
106 155 7
41 186 6
20 49 4
6 20 2
1 168 4
38 158 5
175 190 2
25 57 1
71 123 3
5 12 5
71 181 5
35 162 4
14 136 1
46 192 4
74 87 4
56 194 2
31 158 5
66 200 1
40 195 10
113 134 2
40 144 2
154 196 7
16 62 10
15 179 5
103 195 2
49 110 3
7 111 10
110 195 8
94 129 6
25 102 9
49 167 5
58 161 2
9 94 9
78 137 7
41 78 2
98 136 7
114 190 9
70 200 9
77 187 2
90 153 10
95 174 4
30 77 7
84 184 2
40 63 3
25 156 7
112 138 6
48 92 1
94 167 6
15 110 4
104 133 8
111 170 5
97 198 9
92 114 10
68 171 5
9 38 7
10 176 1
18 57 10
65 103 9
148 199 10
96 180 8
44 105 1
44 116 8
18 160 8
73 139 2
34 190 1
120 132 6
9 86 4
166 170 5
23 73 4
12 37 2
50 58 7
21 148 7
2 134 3
142 200 5
72 79 1
34 48 9
32 48 7
6 166 9
123 147 7
29 115 10
30 149 9
111 174 6
133 190 4
41 148 1
97 101 5
94 158 2
128 139 4
31 144 7
78 185 4
36 41 1
91 123 9
25 153 10
47 162 5
77 90 7
38 141 7
96 166 6
101 185 6
151 190 10
99 137 1
52 53 8
54 138 2
15 199 4
1 62 10
7 179 10
23 69 2
80 116 9
26 157 8
107 143 1
158 187 5
142 143 2
175 183 8
80 187 9
101 137 8
82 147 3
13 128 7
25 195 2
9 29 4
154 172 1
58 139 8
111 115 9
6 111 4
55 182 2
102 123 9
14 95 10
15 156 4
188 195 7
45 108 7
37 164 8
119 127 10
117 153 9
48 200 7
45 192 7
87 150 7
118 134 5
2 26 3
8 121 9
74 107 7
113 169 9
83 132 2
120 157 8
141 180 3
105 108 4
171 191 4
78 80 2
15 129 8
88 194 1
91 106 4
18 193 2
80 95 3
9 98 10
42 126 1
21 188 7
45 86 4
93 114 8
4 12 8
18 137 5
21 99 4
32 62 6
65 110 6
132 200 3
96 156 10
80 164 8
70 138 2
61 164 4
129 193 1
46 99 8
18 158 9
4 49 3
20 110 2
137 185 6
27 105 5
51 172 2
111 198 9
46 174 6
39 62 1
35 99 4
167 193 1
27 78 6
117 164 1
115 123 5
162 164 9
26 74 9
158 199 9
110 158 5
7 166 3
34 69 8
31 47 9
46 57 8
18 78 5
77 111 10
28 194 1
82 153 8
41 177 4
135 141 10
133 173 5
21 137 9
83 104 7
145 179 6
22 194 9
82 96 1
33 64 2
12 166 1
3 147 4
88 112 10
68 93 1
103 141 3
49 86 6
156 180 9
136 155 7
108 187 10
115 167 10
148 185 8
153 167 6
129 185 1
103 181 4
4 81 3
99 166 3
27 144 2
62 190 10
23 75 4
34 104 9
47 159 2
40 129 3
30 147 6
110 135 1
28 132 5
80 136 8
85 200 10
42 131 1
25 176 9
5 61 1
89 169 10
38 110 4
131 138 6
1 120 9
123 174 1
95 156 6
43 154 10
10 109 4
111 185 9
22 74 8
156 195 6
148 179 10
122 187 8
119 191 3
120 143 3
41 167 3
121 177 8
25 177 5
37 99 6
22 151 1
4 35 3
81 170 6
69 168 7
29 141 4
66 172 2
91 115 5
3 153 5
24 138 3
56 133 9
19 98 3
115 149 8
20 116 9
121 129 4
62 151 4
79 171 6
32 68 6
72 132 2
9 137 8
14 177 7
57 185 10
50 113 6
64 70 2
93 134 9
73 138 7
108 199 7
55 120 10
160 186 8
10 111 3
125 165 1
76 143 9
57 61 1
150 171 5
12 29 1
65 140 5
15 36 8
21 63 3
7 187 1
96 177 9
132 171 1
77 153 7
56 112 3
4 170 3
146 191 6
161 197 4
27 195 4
56 139 8
72 190 6
9 78 10
15 37 5
47 166 8
1 119 1
23 56 7
127 197 9
41 129 6
91 147 6
85 112 5
65 195 5
14 159 1
56 120 5
33 104 5
6 144 3
27 82 9
31 44 4
134 154 9
116 195 5
4 166 4
59 147 4
46 116 3
19 136 6
22 139 10
22 200 8
71 193 6
58 119 7
50 143 7
79 100 7
6 71 3
29 145 5
1 26 10
22 175 8
34 152 10
9 45 8
37 170 4
6 167 6
85 184 10
73 89 9
129 181 7
19 81 9
165 191 10
79 173 8
99 179 1
1 23 4
41 115 5
64 75 9
128 143 3
14 162 2
59 158 1
4 158 10
79 132 2
14 61 5
109 177 4
26 114 7
106 117 6
152 171 5
14 18 10
32 191 6
94 195 5
37 156 6
129 158 4
130 173 8
86 110 7
110 181 2
39 51 6
128 165 9
100 191 4
159 187 5
65 102 6
55 93 5
53 93 3
130 133 6
116 185 3
27 164 6
69 130 3
75 178 10
162 186 1
44 110 8
165 200 7
140 187 3
80 129 5
47 181 6
52 112 2
124 178 2
128 189 2
47 148 2
31 37 1
76 89 5
112 190 10
16 133 7
51 134 10
129 177 6
110 192 3
29 149 10
137 140 8
99 181 7
15 61 1
160 199 8
27 101 5
4 188 3
138 197 10
3 158 5
31 192 2
29 186 1
48 56 2
12 121 8
90 144 2
86 105 6
31 147 6
47 115 5
37 97 10
80 98 8
8 181 7
143 172 9
20 140 10
29 121 7
138 182 5
159 166 2
131 184 9
24 28 9
3 71 2
6 137 3
45 188 5
11 89 6
94 170 3
86 97 10
4 103 6
41 136 4
156 179 5
157 163 9
17 178 6
42 165 2
36 101 3
26 83 7
130 172 5
60 178 10
61 63 2
39 64 4
10 167 2
38 164 6
140 193 7
150 165 2
36 45 3
120 171 3
59 110 3
176 198 6
88 191 8
81 177 1
14 46 1
99 140 4
66 114 2
27 192 5
30 137 5
57 186 4
25 158 7
84 194 3
172 175 1
135 185 2
15 40 5
186 198 10
7 105 2
4 115 3
13 83 3
164 186 2
60 84 10
77 122 1
5 109 9
6 81 7
86 179 3
52 113 1
3 199 2
69 133 9
112 154 7
141 167 7
156 159 8
77 144 10
122 149 1
114 189 6
8 193 4
35 103 6
28 171 5
36 144 1
99 101 4
79 131 9
45 148 10
76 114 6
140 176 8
108 198 1
18 35 2
2 169 9
133 143 9
64 200 3
20 136 7
91 99 7
89 173 3
9 177 6
120 172 3
8 174 2
38 41 4
86 91 6
7 45 2
133 138 5
45 122 2
32 60 2
20 77 10
157 169 6
48 183 3
48 152 7
14 109 9
47 123 3
156 186 8
27 111 6
110 147 6
38 135 5
112 200 6
19 90 9
36 109 3
184 194 8
110 148 7
71 109 10
97 149 6
126 191 4
71 105 1
29 46 3
12 77 6
50 55 3
125 184 8
22 142 3
188 198 9
24 197 4
12 45 3
82 98 1
14 65 1
111 129 5
165 175 6
187 195 2
84 133 6
64 100 6
180 199 6
40 80 4
19 141 10
73 118 4
19 159 5
27 158 7
181 188 8
82 180 2
24 163 3
63 117 5
53 124 1
99 192 8
28 32 8
99 121 1
25 61 6
93 112 4
98 148 3
19 63 1
147 153 5
48 120 1
39 154 8
42 104 2
73 191 7
45 106 2
96 145 3
93 151 6
13 72 8
37 122 3
75 139 4
83 134 10
28 142 10
15 102 7
30 45 5
85 150 9
122 185 3
37 141 7
171 190 2
105 111 10
5 18 5
135 181 8
63 192 3
116 176 3
3 117 5
17 182 5
7 29 7
33 73 4
94 176 8
148 186 8
68 151 4
56 75 1
35 61 10
12 164 5
9 147 1
97 162 9
128 175 2
8 187 2
135 193 10
51 165 4
108 140 9
97 192 4
43 125 6
43 118 10
80 102 9
41 81 3
40 185 5
1 39 3
51 74 5
59 164 4
31 40 8
13 134 4
125 126 7
48 76 10
113 184 1
14 181 4
44 99 1
93 168 4
4 31 2
17 127 10
167 170 5
153 195 9
6 164 9
65 136 5
98 185 2
69 114 10
91 137 2
63 121 2
65 135 8
60 75 9
27 193 9
39 200 1
82 86 1
38 77 9
23 88 1
57 145 4
75 88 5
3 97 1
25 162 4
32 93 5
78 116 4
142 168 4
27 116 9
69 89 6
88 124 5
96 195 5
43 182 10
28 89 3
81 147 7
140 167 1
126 178 3
95 162 6
15 147 9
45 144 10
101 129 8
99 117 4
93 182 3
37 65 1
95 164 5
38 71 4
59 153 8
145 185 8
45 117 10
132 197 9
41 71 9
48 104 9
6 49 6
70 142 1
134 163 1
12 198 9
3 95 6
52 68 5
123 156 10
40 181 8
71 99 5
2 75 10
16 48 6
21 136 3
35 95 7
53 128 10
106 179 7
29 187 2
25 123 6
103 198 8
133 172 7
82 94 6
149 167 1
124 127 5
13 60 8
2 32 10
34 161 3
70 194 4
179 188 3
51 197 2
20 129 7
67 152 4
36 106 7
101 166 10
45 101 2
82 101 1
148 167 8
48 75 6
54 175 6
109 159 1
91 140 7
62 87 10
116 148 4
48 182 7
138 150 2
137 170 10
19 170 9
2 33 10
115 156 6
9 47 7
51 52 5
122 177 6
54 124 9
6 90 4
39 124 3
97 156 9
41 94 4
31 122 3
38 98 6
54 182 7
96 162 10
31 106 7
129 162 8
21 40 10
38 94 1
22 23 6
2 173 2
52 169 3
43 134 6
84 165 8
83 172 9
38 180 1
78 176 4
102 149 5
129 180 2
14 198 3
62 127 2
117 177 2
55 163 7
60 128 8
74 113 2
64 76 10
93 146 2
48 112 1
6 31 8
69 124 4
87 126 10
113 131 1
18 198 7
63 135 2
8 117 6
78 156 4
53 72 7
33 183 4
63 162 6
54 191 3
178 189 10
12 99 9
17 39 5
40 77 6
111 160 2
92 197 7
63 65 1
16 118 2
104 143 5
15 186 1
147 162 7
27 36 3
113 132 9
5 121 5
117 147 4
36 156 9
109 115 9
104 182 8
26 68 8
123 155 5
12 31 5
20 65 7
87 93 7
10 155 9
26 100 9
89 133 7
58 171 5
24 87 10
130 146 1
103 154 9
132 134 8
134 168 5
34 55 5
124 163 9
19 129 6
119 163 5
56 168 1
64 92 5
49 164 3
27 145 9
15 47 7
23 55 7
102 179 7
36 40 6
45 147 5
26 132 5
91 188 1
61 186 6
48 168 8
10 96 7
5 86 3
84 190 3
32 89 4
7 117 4
33 182 9
161 168 9
32 142 8
37 40 7
103 147 6
41 105 3
5 159 5
23 127 9
11 58 7
69 85 10
71 148 8
90 177 5
166 193 3
55 70 6
27 153 9
25 47 8
8 141 3
5 14 5
140 148 2
49 94 2
97 179 3
62 88 4
140 156 8
65 144 5
50 194 2
23 130 2
9 159 2
14 199 7
171 173 4
38 123 6
58 64 5
71 108 1
82 199 5
8 71 9
58 113 2
42 114 4
28 161 3
14 192 8
11 189 10
64 178 8
28 163 9
90 180 6
36 148 3
75 125 9
88 125 8
29 140 8
15 20 4
11 142 10
62 194 4
38 90 1
61 170 2
14 29 10
143 184 1
31 155 10
38 140 5
67 143 7
19 94 2
115 195 8
116 159 6
7 95 7
35 174 9
53 119 7
1 33 7
88 178 7
63 80 8
9 185 9
71 166 1
31 80 1
120 197 2
134 157 7
84 126 9
63 160 10
197 200 9
159 179 10
104 128 7
76 182 6
82 122 5
17 138 10
163 172 5
132 168 1
77 86 4
33 93 7
100 128 5
33 152 2
22 66 2
45 158 6
39 183 7
57 106 6
97 148 8
170 176 4
116 160 2
38 155 2
6 103 5
112 189 9
36 108 8
48 79 6
11 132 4
77 195 8
39 161 2
49 166 10
144 155 7
6 198 3
107 171 3
68 172 6
78 103 8
50 114 5
121 145 1
25 59 6
95 193 9
1 175 3
47 164 6
86 160 6
106 195 10
3 149 10
3 160 4
44 46 9
40 95 1
83 89 9
147 192 6
4 181 10
122 188 9
56 151 5
137 159 10
140 164 5
44 192 2
118 132 6
8 10 10
15 145 3
6 160 3
37 176 9
28 83 6
94 137 7
49 156 9
158 166 3
161 178 10
64 73 1
73 200 2
7 20 8
52 107 6
51 64 6
19 46 7
171 194 5
181 187 8
122 199 10
75 194 4
165 184 1
49 78 4
2 154 4
147 155 7
43 194 5
10 147 9
152 175 8
47 174 5
99 111 5
119 189 1
91 176 6
115 129 8
35 117 5
128 133 8
68 127 10
24 128 2
56 134 1
105 177 10
65 105 3
8 105 1
64 83 4
123 166 5
3 181 10
9 95 4
107 138 8
45 193 10
77 179 4
86 198 4
8 160 10
128 161 5
22 69 9
85 189 8
140 195 6
67 173 1
136 166 8
61 179 7
174 187 10
141 176 7
35 177 9
111 193 6
15 31 5
65 94 8
24 161 5
100 134 8
19 148 8
3 167 8
106 192 7
39 43 8
90 111 2
185 186 4
56 87 9
104 163 9
15 41 7
69 151 8
77 170 4
28 133 2
65 106 3
110 174 10
187 198 3
20 111 10
47 82 4
59 181 2
159 199 9
60 70 9
119 126 3
47 192 4
78 177 4
115 144 5
43 190 4
5 149 5
14 15 3
38 129 4
137 156 6
66 151 9
57 179 10
93 189 3
89 100 2
35 97 8
6 106 10
59 121 4
107 154 10
52 134 6
136 170 9
72 175 2
90 101 9
56 66 9
41 65 9
71 116 7
30 155 9
44 159 5
40 162 4
133 150 2
111 144 2
83 100 4
52 191 3
33 118 10
94 121 2
10 65 3
35 110 4
30 176 5
17 88 2
65 78 3
67 171 1
34 139 2
7 15 7
1 154 1
42 58 10
124 138 9
43 183 6
88 128 4
45 180 4
98 192 10
47 137 4
11 138 3
141 187 6
137 153 10
27 91 1
117 155 10
52 151 4
66 168 9
39 107 5
39 143 1
48 52 8
66 161 1
6 102 10
61 121 10
121 153 1
89 132 3
114 178 10
35 82 9
184 190 7
108 188 7
24 125 6
20 109 6
64 154 8
26 165 1
136 158 3
85 131 8
11 124 2
24 124 8
166 198 8
86 111 10
2 55 6
25 86 6
140 180 10
25 105 7
70 196 1
82 145 6
66 118 2
7 59 4
98 176 4
8 129 4
49 101 7
23 104 2
53 172 6
40 147 6
99 177 9
38 44 1
27 99 8
166 195 1
17 52 7
27 86 2
19 167 6
86 123 9
97 98 6
86 177 7
72 87 10
8 35 6
126 171 2
43 54 6
55 84 7
119 173 8
67 131 9
119 142 3
14 105 1
3 27 9
146 172 5
114 142 7
104 169 6
19 91 10
25 164 4
54 74 2
70 183 4
71 156 10
28 61 8
72 133 2
19 164 8
81 111 4
13 184 7
167 179 2
23 68 1
68 84 9
105 158 6
38 188 9
52 178 7
43 196 10
21 95 4
59 81 4
155 193 3
4 102 4
21 25 6
140 185 3
9 180 2
169 172 6
35 49 6
22 43 8
59 71 7
84 150 7
40 45 8
83 139 7
26 64 8
160 180 4
13 23 3
61 65 8
63 177 1
80 180 7
72 75 8
22 119 7
49 188 5
41 61 10
40 90 7
11 72 1
80 145 9
55 125 7
55 89 4
89 197 8
35 81 4
24 107 3
97 116 2
158 167 2
19 198 1
144 181 4
126 127 8
41 45 2
82 116 3
73 143 3
9 140 6
14 20 10
91 135 8
133 197 8
35 149 4
123 149 9
20 31 1
48 50 2
90 149 6
64 125 3
70 189 9
12 90 4
67 146 1
92 146 3
31 170 1
8 111 1
111 137 3
191 196 10
118 161 1
22 182 5
148 156 8
5 80 2
90 179 10
158 195 3
111 156 1
38 187 7
112 146 4
6 18 10
24 173 5
19 187 4
74 100 9
71 180 2
74 157 8
32 58 2
117 123 2
36 140 2
4 180 1
21 65 1
105 185 10
56 197 5
98 106 8
179 193 7
63 101 3
10 18 2
83 157 8
32 75 9
50 139 1
102 103 3
152 161 1
95 170 4
7 121 7
100 132 10
150 154 4
159 170 8
3 41 3
156 176 2
163 182 10
8 153 2
4 59 5
141 162 2
31 137 3
155 167 9
26 53 10
19 116 7
22 169 8
22 132 4
30 135 3
5 135 4
141 166 3
21 121 6
174 188 7
89 143 2
41 198 5
5 106 2
125 197 5
41 187 4
124 197 10
93 107 1
3 192 8
3 98 4
14 49 10
114 143 9
30 193 1
42 163 4
6 158 4
99 164 8
32 66 3
16 178 9
28 134 10
39 100 1
2 51 6
5 111 3
55 133 2
3 82 10
23 194 1
117 170 2
34 50 4
135 145 6
20 147 5
13 54 1
16 68 8
60 93 4
78 105 9
45 177 8
105 148 7
111 117 6
13 165 3
49 105 3
5 145 3
36 145 5
110 198 3
4 111 4
18 122 5
24 55 6
80 117 6
129 136 5
39 50 2
40 187 7
10 61 10
14 37 3
55 194 10
73 172 4
40 156 7
83 142 6
16 189 8
105 109 7
10 123 5
38 103 5
97 159 3
49 199 10
115 122 2
76 132 7
3 116 3
101 116 6
7 18 8
73 142 8
84 100 6
13 52 4
37 110 9
18 59 6
27 98 10
29 177 7
162 199 4
86 101 6
100 152 1
74 152 9
74 168 5
75 196 3
26 73 7
84 119 8
47 71 7
15 25 4
3 46 3
6 185 7
97 99 1
145 153 9
67 172 2
3 63 7
20 149 3
44 106 4
29 122 9
106 198 7
81 162 5
54 76 4
107 134 4
22 197 4
69 200 3
8 195 10
35 109 1
122 136 5
30 159 9
12 106 8
76 152 1
56 128 7
99 176 8
8 106 5
9 41 6
14 91 9
29 90 1
133 151 3
64 163 7
58 163 2
103 110 7
144 156 8
116 164 9
94 149 8
98 137 4
17 157 1
139 200 2
21 103 10
136 167 5
176 186 7
130 157 7
82 108 9
33 87 10
4 99 9
124 133 9
20 102 5
70 146 10
87 194 9
1 113 2
12 153 5
57 153 1
121 180 4
5 25 10
102 109 1
125 190 8
19 82 10
7 116 4
83 154 6
110 144 2
36 46 2
136 181 2
108 122 6
181 193 8
16 23 6
82 110 9
12 109 10
46 82 1
29 82 1
116 156 6
122 141 7
32 126 6
105 162 5
56 64 6
82 141 4
117 136 3
51 112 5
171 172 4
16 113 7
27 97 1
64 134 2
65 82 7
61 195 9
33 60 7
104 139 7
120 124 6
53 169 9
12 27 3
91 155 5
129 141 9
19 160 6
38 149 1
50 69 4
119 157 10
95 192 7
27 198 7
106 123 7
11 173 9
18 36 10
91 193 1
149 199 2
8 192 10
49 96 8
22 107 6
21 108 4
38 181 4
8 12 3
169 171 10
82 188 2
78 155 10
60 64 10
148 180 2
53 196 5
90 176 5
18 108 5
78 167 2
97 102 10
55 74 2
1 165 4
63 164 10
125 189 7
126 183 5
55 143 5
81 145 3
17 191 3
37 137 4
65 174 3
19 135 2
63 122 8
145 155 5
77 135 2
14 106 1
87 175 10
40 192 3
29 47 5
125 138 4
80 188 8
17 51 5
81 116 1
20 35 8
126 175 7
188 192 2
140 144 2
71 102 1
10 188 9
76 157 8
6 141 5
58 127 1
96 188 10
162 174 4
30 90 10
53 125 10
85 175 6
65 98 8
102 181 10
43 142 2
13 189 6
26 197 9
89 118 4
44 71 4
124 189 6
57 181 7
124 126 9
100 161 6
104 152 10
68 85 10
50 75 3
131 163 2
57 135 5
102 129 9
88 126 1
47 96 7
91 108 6
94 199 3
14 102 4
19 47 6
72 200 9
39 89 1
116 123 7
39 163 5
2 172 1
142 191 9
39 70 5
32 143 3
21 80 4
41 110 9
141 164 10
151 157 2
118 150 10
77 185 8
71 167 7
71 164 5
98 155 4
28 114 3
78 81 9
9 158 8
100 183 2
44 180 10
9 108 8
6 99 6
11 62 6
25 111 10
87 132 4
15 63 4
112 152 6
35 195 9
1 104 6
32 157 8
37 61 9
77 97 10
37 159 5
168 169 6
29 155 9
56 191 6
30 59 3
117 174 10
33 69 1
106 181 4
64 128 9
51 84 3
63 156 9
82 121 5
35 71 7
100 173 6
21 192 10
11 168 9
33 42 6
29 108 2
72 154 8
61 109 3
78 193 8
92 191 10
132 151 10
80 174 1
88 143 1
37 106 3
180 198 3
73 114 2
87 143 4
40 149 5
59 90 5
105 180 10
6 10 8
72 100 1
130 189 4
101 144 7
27 65 3
50 171 5
86 135 10
33 161 4
87 190 9
75 163 1
110 145 2
82 174 6
83 184 10
42 55 5
108 109 3
108 148 5
190 196 5
46 195 1
19 77 1
12 46 4
61 149 7
65 116 10
159 167 8
140 145 4
8 135 8
75 189 8
136 153 7
4 36 3
130 163 4
12 123 6
47 179 5
63 110 5
25 65 6
109 129 10
30 109 5
4 117 8
53 104 3
45 187 9
111 147 2
20 80 7
109 167 2
121 141 1
101 115 3
22 165 9
18 186 6
81 187 2
50 64 10
179 198 9
26 139 9
90 137 6
148 164 4
104 134 8
127 134 2
100 171 9
163 197 1
97 117 10
30 140 5
156 198 7
74 173 5
18 188 9
18 176 8
51 173 8
22 104 1
90 147 5
108 137 1
40 123 4
135 174 6
14 164 10
47 195 4
66 67 1
9 25 8
29 98 8
86 109 2
126 172 6
88 152 4
