0.000000000 0.000000000
-0.565681250 0.000000000
-0.942802083 0.000000000
0.000000000 0.000000000
0.000000000 0.000000000
0.000000000 0.000000000
-0.188560417 0.000000000
0.000000000 0.000000000
0.000000000 0.000000000
0.565681250 1.000000000
0.000000000 0.000000000
0.000000000 0.000000000
0.000000000 0.000000000
0.000000000 0.000000000
0.000000000 0.000000000
0.000000000 0.000000000
1.319922917 0.000000000
0.000000000 0.000000000
0.000000000 0.000000000
0.000000000 0.000000000
0.000000000 0.000000000
-0.377120833 0.000000000
0.377120833 0.000000000
0.000000000 0.000000000
0.000000000 0.000000000
0.000000000 0.000000000
0.000000000 0.000000000
0.942802083 0.000000000
0.000000000 0.000000000
0.000000000 0.000000000
0.000000000 0.000000000
0.377120833 0.000000000
0.000000000 0.000000000
0.000000000 0.000000000
0.000000000 0.000000000
0.000000000 0.000000000
0.000000000 0.000000000
0.000000000 0.000000000
0.377120833 3.000000000
-0.565681250 0.000000000
0.000000000 0.000000000
0.000000000 0.000000000
0.000000000 0.000000000
0.000000000 5.000000000
0.000000000 0.000000000
0.000000000 0.000000000
0.188560417 0.000000000
0.000000000 0.000000000
0.000000000 0.000000000
0.000000000 0.000000000
0.000000000 0.000000000
0.000000000 0.000000000
0.000000000 0.000000000
1.131362500 0.000000000
0.000000000 0.000000000
0.000000000 0.000000000
0.000000000 0.000000000
-0.188560417 0.000000000
-0.377120833 0.000000000
0.000000000 0.000000000
0.000000000 0.000000000
0.000000000 0.000000000
0.000000000 0.000000000
0.000000000 0.000000000
-0.377120833 0.000000000
-1.131362500 0.000000000
0.000000000 0.000000000
0.000000000 0.000000000
0.000000000 0.000000000
0.000000000 0.000000000
0.000000000 0.000000000
0.565681250 0.000000000
-0.188560417 -1.000000000
-0.377120833 0.000000000
-0.377120833 0.000000000
-0.188560417 0.000000000
0.000000000 0.000000000
-0.754241667 0.000000000
0.000000000 -2.000000000
-0.754241667 0.000000000
0.000000000 1.000000000
0.000000000 0.000000000
0.000000000 0.000000000
0.000000000 0.000000000
0.000000000 0.000000000
0.377120833 0.000000000
0.000000000 0.000000000
0.000000000 -2.000000000
0.000000000 0.000000000
0.000000000 0.000000000
0.000000000 0.000000000
0.188560417 0.000000000
0.000000000 0.000000000
0.000000000 0.000000000
0.000000000 0.000000000
0.000000000 0.000000000
0.000000000 0.000000000
-0.188560417 0.000000000
0.000000000 0.000000000
0.000000000 1.000000000
0.000000000 0.000000000
-0.188560417 0.000000000
0.000000000 0.000000000
0.000000000 1.000000000
-0.188560417 0.000000000
0.000000000 0.000000000
0.000000000 0.000000000
0.000000000 0.000000000
0.942802083 0.000000000
0.754241667 0.000000000
0.000000000 0.000000000
-0.188560417 0.000000000
0.000000000 0.000000000
0.942802083 0.000000000
0.000000000 0.000000000
0.000000000 0.000000000
1.319922917 0.000000000
0.000000000 0.000000000
0.000000000 0.000000000
0.000000000 0.000000000
0.000000000 0.000000000
0.000000000 1.000000000
0.000000000 3.000000000
0.000000000 0.000000000
-0.188560417 0.000000000
0.000000000 0.000000000
0.000000000 0.000000000
0.377120833 0.000000000
-0.377120833 0.000000000
0.000000000 0.000000000
0.188560417 0.000000000
0.188560417 0.000000000
0.000000000 1.000000000
0.000000000 0.000000000
0.000000000 0.000000000
0.754241667 3.000000000
-0.188560417 0.000000000
-0.754241667 -3.000000000
-0.565681250 0.000000000
0.000000000 0.000000000
0.000000000 -1.000000000
0.000000000 0.000000000
0.000000000 0.000000000
0.377120833 0.000000000
0.000000000 0.000000000
0.000000000 0.000000000
0.000000000 0.000000000
0.000000000 0.000000000
0.377120833 0.000000000
0.000000000 0.000000000
0.000000000 0.000000000
1.319922917 0.000000000
0.000000000 0.000000000
0.000000000 0.000000000
0.000000000 0.000000000
0.000000000 0.000000000
0.000000000 0.000000000
0.000000000 0.000000000
0.188560417 0.000000000
0.000000000 0.000000000
-0.188560417 0.000000000
0.000000000 0.000000000
0.000000000 0.000000000
-0.754241667 0.000000000
-1.319922917 0.000000000
0.000000000 0.000000000
0.000000000 0.000000000
0.000000000 0.000000000
0.000000000 0.000000000
0.000000000 0.000000000
0.942802083 0.000000000
0.000000000 0.000000000
0.000000000 0.000000000
-0.377120833 0.000000000
0.377120833 0.000000000
0.000000000 0.000000000
0.000000000 0.000000000
0.000000000 0.000000000
0.000000000 0.000000000
0.000000000 0.000000000
0.000000000 -1.000000000
-0.188560417 0.000000000
0.000000000 0.000000000
-0.377120833 0.000000000
-0.377120833 0.000000000
0.000000000 0.000000000
-1.697043750 0.000000000
0.000000000 0.000000000
0.377120833 0.000000000
0.000000000 0.000000000
0.000000000 0.000000000
0.000000000 0.000000000
0.000000000 0.000000000
0.377120833 0.000000000
0.000000000 0.000000000
0.000000000 0.000000000
0.000000000 0.000000000
0.000000000 0.000000000
-0.188560417 0.000000000
-0.565681250 0.000000000
0.000000000 0.000000000
-0.377120833 0.000000000
0.000000000 0.000000000
0.000000000 0.000000000
0.000000000 0.000000000
0.000000000 0.000000000
-0.377120833 0.000000000
0.377120833 0.000000000
0.000000000 0.000000000
0.000000000 0.000000000
0.000000000 0.000000000
0.000000000 0.000000000
0.000000000 0.000000000
0.000000000 0.000000000
0.000000000 0.000000000
0.000000000 0.000000000
0.000000000 0.000000000
0.000000000 0.000000000
0.000000000 0.000000000
0.000000000 0.000000000
0.000000000 0.000000000
0.377120833 0.000000000
0.000000000 0.000000000
0.000000000 0.000000000
0.000000000 0.000000000
0.000000000 0.000000000
-0.565681250 0.000000000
0.000000000 0.000000000
0.565681250 0.000000000
0.000000000 0.000000000
0.000000000 0.000000000
0.188560417 1.000000000
0.000000000 0.000000000
0.000000000 0.000000000
-0.377120833 -1.000000000
-0.188560417 0.000000000
1.885604166 0.000000000
0.000000000 0.000000000
0.000000000 0.000000000
0.000000000 -2.000000000
0.000000000 -1.000000000
0.565681250 0.000000000
0.377120833 0.000000000
0.377120833 0.000000000
0.000000000 0.000000000
0.000000000 0.000000000
-0.188560417 0.000000000
0.000000000 0.000000000
0.000000000 0.000000000
0.000000000 6.000000000
0.000000000 0.000000000
0.377120833 0.000000000
0.188560417 0.000000000
-0.565681250 0.000000000
0.000000000 0.000000000
-0.188560417 0.000000000
0.188560417 1.000000000
0.000000000 0.000000000
0.000000000 0.000000000
0.000000000 0.000000000
0.188560417 1.000000000
0.000000000 0.000000000
0.942802083 0.000000000
1.131362500 0.000000000
0.000000000 0.000000000
0.377120833 0.000000000
0.000000000 0.000000000
0.000000000 2.000000000
0.000000000 0.000000000
0.000000000 0.000000000
0.188560417 0.000000000
0.000000000 0.000000000
0.000000000 0.000000000
0.000000000 0.000000000
0.000000000 5.000000000
0.942802083 0.000000000
-1.131362500 -4.000000000
0.000000000 0.000000000
0.000000000 0.000000000
0.000000000 0.000000000
0.000000000 0.000000000
-0.188560417 0.000000000
0.000000000 1.000000000
0.000000000 0.000000000
0.188560417 0.000000000
0.377120833 1.000000000
0.000000000 0.000000000
0.000000000 0.000000000
0.000000000 -2.000000000
0.000000000 0.000000000
0.188560417 0.000000000
0.000000000 0.000000000
1.697043750 0.000000000
-0.188560417 0.000000000
0.000000000 0.000000000
0.000000000 0.000000000
0.000000000 0.000000000
0.000000000 0.000000000
0.000000000 0.000000000
0.000000000 0.000000000
0.000000000 -3.000000000
0.188560417 0.000000000
-0.565681250 0.000000000
0.000000000 0.000000000
0.000000000 0.000000000
0.000000000 0.000000000
-0.377120833 0.000000000
0.000000000 0.000000000
0.000000000 0.000000000
0.000000000 0.000000000
-0.188560417 0.000000000
0.000000000 0.000000000
0.000000000 0.000000000
0.000000000 0.000000000
-0.377120833 0.000000000
0.565681250 0.000000000
0.000000000 0.000000000
-0.188560417 0.000000000
0.000000000 4.000000000
0.000000000 0.000000000
0.000000000 0.000000000
0.754241667 0.000000000
0.000000000 0.000000000
0.000000000 0.000000000
0.000000000 0.000000000
0.000000000 0.000000000
0.000000000 0.000000000
0.000000000 10.000000000
0.000000000 0.000000000
0.000000000 0.000000000
0.000000000 0.000000000
0.000000000 0.000000000
0.000000000 0.000000000
0.000000000 0.000000000
0.000000000 0.000000000
-0.188560417 0.000000000
0.000000000 0.000000000
0.000000000 0.000000000
-0.942802083 0.000000000
0.000000000 0.000000000
0.000000000 0.000000000
0.000000000 0.000000000
-0.188560417 -2.000000000
0.188560417 0.000000000
0.000000000 0.000000000
0.000000000 0.000000000
0.000000000 0.000000000
0.942802083 0.000000000
0.377120833 0.000000000
-0.188560417 0.000000000
-0.754241667 -4.000000000
0.000000000 0.000000000
0.000000000 0.000000000
0.000000000 0.000000000
-0.377120833 0.000000000
1.885604166 0.000000000
0.000000000 -2.000000000
0.000000000 0.000000000
0.000000000 0.000000000
0.000000000 0.000000000
0.188560417 0.000000000
0.000000000 0.000000000
0.000000000 1.000000000
0.188560417 0.000000000
0.000000000 0.000000000
0.000000000 0.000000000
-0.188560417 0.000000000
-0.377120833 0.000000000
0.000000000 7.000000000
0.000000000 5.000000000
0.000000000 0.000000000
0.000000000 0.000000000
0.000000000 0.000000000
0.188560417 0.000000000
0.000000000 1.000000000
0.000000000 0.000000000
0.188560417 0.000000000
0.000000000 1.000000000
0.000000000 0.000000000
0.000000000 1.000000000
0.000000000 0.000000000
0.000000000 0.000000000
0.000000000 0.000000000
0.000000000 -5.000000000
0.000000000 0.000000000
-1.319922917 0.000000000
0.000000000 0.000000000
0.000000000 0.000000000
0.000000000 1.000000000
-0.754241667 0.000000000
0.000000000 0.000000000
0.000000000 -1.000000000
0.000000000 0.000000000
0.188560417 0.000000000
0.754241667 0.000000000
0.000000000 0.000000000
0.000000000 0.000000000
0.000000000 0.000000000
0.000000000 -1.000000000
0.000000000 0.000000000
0.000000000 0.000000000
0.000000000 -4.000000000
0.000000000 0.000000000
0.000000000 0.000000000
1.885604166 0.000000000
0.754241667 0.000000000
0.377120833 0.000000000
0.000000000 0.000000000
0.000000000 0.000000000
0.000000000 0.000000000
0.000000000 0.000000000
1.131362500 0.000000000
0.000000000 -4.000000000
0.000000000 0.000000000
-0.565681250 0.000000000
0.000000000 0.000000000
-0.377120833 -3.000000000
0.000000000 0.000000000
0.000000000 0.000000000
0.000000000 0.000000000
0.000000000 0.000000000
0.000000000 0.000000000
0.000000000 0.000000000
0.000000000 0.000000000
0.000000000 2.000000000
0.000000000 0.000000000
-0.188560417 0.000000000
0.000000000 -1.000000000
0.000000000 0.000000000
0.000000000 0.000000000
0.942802083 0.000000000
0.188560417 0.000000000
0.188560417 0.000000000
0.754241667 0.000000000
-0.565681250 0.000000000
0.000000000 0.000000000
0.188560417 0.000000000
0.000000000 0.000000000
-0.754241667 0.000000000
0.000000000 -1.000000000
-0.188560417 0.000000000
0.000000000 0.000000000
0.000000000 0.000000000
0.000000000 0.000000000
0.000000000 0.000000000
0.000000000 6.000000000
0.000000000 0.000000000
0.188560417 2.000000000
0.000000000 0.000000000
0.000000000 0.000000000
0.000000000 0.000000000
0.000000000 0.000000000
0.000000000 0.000000000
0.000000000 0.000000000
0.000000000 0.000000000
0.000000000 1.000000000
0.000000000 0.000000000
-0.377120833 0.000000000
0.000000000 0.000000000
-0.754241667 0.000000000
0.000000000 0.000000000
-1.319922917 0.000000000
1.508483333 0.000000000
0.000000000 0.000000000
0.000000000 0.000000000
0.565681250 0.000000000
0.000000000 0.000000000
0.754241667 0.000000000
0.000000000 0.000000000
0.000000000 0.000000000
0.000000000 0.000000000
0.000000000 0.000000000
0.188560417 2.000000000
-0.188560417 0.000000000
0.188560417 0.000000000
0.188560417 0.000000000
0.188560417 0.000000000
0.000000000 0.000000000
0.000000000 0.000000000
0.000000000 0.000000000
0.188560417 0.000000000
0.000000000 0.000000000
0.000000000 0.000000000
0.000000000 0.000000000
0.565681250 0.000000000
1.131362500 0.000000000
0.000000000 0.000000000
0.000000000 0.000000000
0.000000000 0.000000000
0.000000000 4.000000000
0.000000000 0.000000000
0.000000000 0.000000000
0.000000000 -2.000000000
0.000000000 0.000000000
0.000000000 0.000000000
0.000000000 0.000000000
0.000000000 4.000000000
0.000000000 0.000000000
-0.377120833 0.000000000
0.188560417 0.000000000
-0.188560417 0.000000000
0.000000000 0.000000000
-0.188560417 0.000000000
0.000000000 0.000000000
0.000000000 0.000000000
-0.188560417 0.000000000
0.000000000 5.000000000
0.000000000 0.000000000
0.000000000 0.000000000
0.000000000 0.000000000
0.000000000 0.000000000
0.000000000 0.000000000
-0.565681250 0.000000000
0.565681250 0.000000000
0.188560417 0.000000000
1.885604166 0.000000000
-0.188560417 0.000000000
-0.565681250 0.000000000
0.377120833 3.000000000
0.000000000 0.000000000
0.000000000 0.000000000
0.000000000 0.000000000
0.000000000 2.000000000
-0.377120833 -1.000000000
0.942802083 2.000000000
0.000000000 0.000000000
-0.565681250 0.000000000
0.000000000 0.000000000
0.000000000 0.000000000
0.000000000 0.000000000
0.377120833 3.000000000
0.000000000 0.000000000
0.000000000 0.000000000
0.000000000 0.000000000
0.000000000 0.000000000
0.000000000 0.000000000
0.000000000 0.000000000
0.000000000 0.000000000
0.000000000 0.000000000
0.000000000 1.000000000
0.000000000 0.000000000
0.000000000 0.000000000
0.000000000 0.000000000
0.000000000 0.000000000
0.000000000 0.000000000
0.000000000 0.000000000
-0.188560417 0.000000000
0.000000000 0.000000000
0.000000000 0.000000000
-0.565681250 0.000000000
0.000000000 0.000000000
0.000000000 0.000000000
0.000000000 0.000000000
0.000000000 0.000000000
0.000000000 0.000000000
0.000000000 0.000000000
0.000000000 0.000000000
0.000000000 0.000000000
0.000000000 0.000000000
1.131362500 0.000000000
0.000000000 0.000000000
0.000000000 0.000000000
0.000000000 0.000000000
0.000000000 0.000000000
0.000000000 0.000000000
0.000000000 0.000000000
0.000000000 0.000000000
0.000000000 -1.000000000
0.000000000 0.000000000
0.000000000 0.000000000
0.000000000 0.000000000
-0.754241667 0.000000000
0.754241667 2.000000000
0.188560417 0.000000000
0.000000000 0.000000000
0.000000000 0.000000000
-0.565681250 0.000000000
0.000000000 0.000000000
0.000000000 0.000000000
0.000000000 0.000000000
0.000000000 0.000000000
0.188560417 0.000000000
0.000000000 0.000000000
0.000000000 0.000000000
-0.188560417 0.000000000
0.000000000 0.000000000
0.000000000 0.000000000
0.000000000 0.000000000
0.754241667 0.000000000
-1.885604166 0.000000000
0.942802083 1.000000000
0.000000000 1.000000000
0.000000000 0.000000000
0.000000000 0.000000000
0.000000000 1.000000000
0.000000000 0.000000000
0.000000000 -2.000000000
0.000000000 0.000000000
0.754241667 0.000000000
-0.377120833 0.000000000
0.000000000 0.000000000
0.377120833 5.000000000
0.000000000 -2.000000000
0.188560417 2.000000000
0.000000000 0.000000000
0.565681250 0.000000000
0.000000000 0.000000000
0.000000000 0.000000000
0.000000000 0.000000000
0.000000000 0.000000000
0.000000000 0.000000000
-0.377120833 0.000000000
-0.377120833 0.000000000
0.000000000 0.000000000
0.377120833 0.000000000
0.754241667 0.000000000
0.000000000 -2.000000000
0.000000000 0.000000000
-1.131362500 0.000000000
-0.188560417 0.000000000
0.000000000 0.000000000
0.000000000 0.000000000
1.131362500 0.000000000
0.000000000 0.000000000
-0.188560417 0.000000000
1.319922917 0.000000000
0.188560417 0.000000000
0.000000000 0.000000000
0.000000000 0.000000000
0.000000000 0.000000000
-0.565681250 0.000000000
0.000000000 0.000000000
-0.188560417 0.000000000
0.000000000 -1.000000000
0.188560417 0.000000000
0.000000000 0.000000000
0.000000000 0.000000000
0.000000000 -1.000000000
0.000000000 3.000000000
0.000000000 0.000000000
0.000000000 0.000000000
0.000000000 0.000000000
0.000000000 0.000000000
0.000000000 0.000000000
1.131362500 1.000000000
0.000000000 0.000000000
0.754241667 6.000000000
0.000000000 0.000000000
-0.188560417 0.000000000
0.565681250 0.000000000
0.000000000 0.000000000
0.000000000 0.000000000
0.000000000 4.000000000
0.377120833 0.000000000
0.000000000 0.000000000
0.000000000 0.000000000
0.000000000 0.000000000
0.000000000 0.000000000
0.000000000 0.000000000
0.000000000 0.000000000
0.000000000 0.000000000
0.000000000 0.000000000
0.000000000 0.000000000
-1.319922917 0.000000000
0.000000000 0.000000000
0.000000000 0.000000000
0.754241667 0.000000000
1.885604166 0.000000000
0.000000000 0.000000000
0.754241667 0.000000000
0.942802083 0.000000000
0.000000000 0.000000000
0.000000000 0.000000000
-0.188560417 0.000000000
-1.131362500 -1.000000000
0.188560417 0.000000000
0.000000000 0.000000000
0.000000000 0.000000000
-0.942802083 -1.000000000
0.942802083 0.000000000
0.000000000 0.000000000
-0.754241667 -5.000000000
0.000000000 0.000000000
0.000000000 0.000000000
0.000000000 0.000000000
0.000000000 0.000000000
0.000000000 -1.000000000
0.000000000 0.000000000
0.000000000 0.000000000
0.000000000 0.000000000
0.000000000 0.000000000
-0.188560417 0.000000000
0.000000000 0.000000000
1.319922917 1.000000000
0.000000000 0.000000000
0.000000000 0.000000000
0.000000000 -2.000000000
0.000000000 0.000000000
0.000000000 0.000000000
0.000000000 0.000000000
0.000000000 0.000000000
0.188560417 0.000000000
0.000000000 0.000000000
0.000000000 0.000000000
0.000000000 0.000000000
-0.754241667 0.000000000
0.188560417 0.000000000
0.000000000 0.000000000
0.377120833 0.000000000
0.000000000 3.000000000
0.000000000 0.000000000
0.000000000 0.000000000
0.000000000 0.000000000
0.565681250 0.000000000
0.754241667 0.000000000
0.000000000 0.000000000
0.000000000 0.000000000
1.131362500 0.000000000
0.000000000 0.000000000
0.188560417 0.000000000
1.697043750 0.000000000
-1.885604166 0.000000000
0.000000000 0.000000000
1.508483333 0.000000000
0.000000000 0.000000000
0.000000000 0.000000000
0.188560417 2.000000000
0.000000000 0.000000000
0.000000000 0.000000000
0.000000000 0.000000000
-0.754241667 0.000000000
0.000000000 -3.000000000
0.000000000 0.000000000
-0.188560417 0.000000000
0.000000000 0.000000000
0.000000000 0.000000000
0.000000000 0.000000000
0.000000000 0.000000000
0.000000000 0.000000000
0.000000000 3.000000000
0.188560417 0.000000000
0.000000000 7.000000000
0.000000000 -1.000000000
0.000000000 0.000000000
0.000000000 0.000000000
0.000000000 0.000000000
0.000000000 0.000000000
0.000000000 0.000000000
0.000000000 0.000000000
-0.377120833 0.000000000
0.000000000 0.000000000
-0.565681250 0.000000000
0.000000000 0.000000000
0.000000000 0.000000000
0.000000000 0.000000000
0.188560417 0.000000000
0.000000000 0.000000000
0.000000000 0.000000000
-0.188560417 -3.000000000
0.000000000 0.000000000
0.000000000 0.000000000
0.000000000 0.000000000
0.000000000 0.000000000
0.565681250 0.000000000
0.000000000 0.000000000
0.000000000 -2.000000000
0.000000000 0.000000000
0.000000000 0.000000000
0.000000000 0.000000000
0.000000000 0.000000000
0.000000000 1.000000000
0.377120833 3.000000000
0.000000000 0.000000000
-0.188560417 -6.000000000
0.000000000 0.000000000
0.000000000 0.000000000
0.188560417 0.000000000
0.000000000 0.000000000
0.000000000 0.000000000
0.000000000 0.000000000
0.000000000 0.000000000
0.000000000 0.000000000
0.000000000 0.000000000
0.000000000 0.000000000
0.000000000 0.000000000
0.565681250 1.000000000
0.000000000 0.000000000
0.000000000 0.000000000
0.000000000 0.000000000
0.000000000 0.000000000
-0.377120833 0.000000000
0.000000000 0.000000000
0.000000000 0.000000000
0.188560417 1.000000000
0.000000000 0.000000000
0.000000000 0.000000000
0.000000000 0.000000000
0.000000000 0.000000000
0.000000000 0.000000000
0.000000000 0.000000000
0.000000000 0.000000000
-0.754241667 -6.000000000
0.000000000 0.000000000
0.000000000 0.000000000
0.565681250 0.000000000
-0.377120833 0.000000000
0.000000000 0.000000000
0.000000000 0.000000000
0.000000000 0.000000000
0.754241667 1.000000000
0.000000000 0.000000000
0.377120833 0.000000000
0.000000000 0.000000000
0.377120833 0.000000000
0.000000000 0.000000000
-0.565681250 0.000000000
0.000000000 0.000000000
0.000000000 0.000000000
0.000000000 0.000000000
0.000000000 0.000000000
-0.188560417 0.000000000
-0.377120833 0.000000000
0.000000000 4.000000000
0.000000000 0.000000000
0.000000000 0.000000000
0.000000000 8.000000000
0.000000000 0.000000000
0.000000000 3.000000000
0.188560417 0.000000000
0.000000000 0.000000000
-1.131362500 0.000000000
0.000000000 2.000000000
0.000000000 0.000000000
-0.377120833 0.000000000
0.000000000 0.000000000
0.000000000 0.000000000
0.000000000 0.000000000
0.000000000 0.000000000
0.000000000 0.000000000
0.000000000 0.000000000
0.000000000 0.000000000
0.000000000 0.000000000
0.000000000 0.000000000
0.000000000 0.000000000
0.000000000 0.000000000
-0.188560417 0.000000000
-0.377120833 0.000000000
0.000000000 -3.000000000
0.565681250 0.000000000
0.000000000 0.000000000
0.000000000 0.000000000
0.000000000 0.000000000
0.000000000 0.000000000
-0.565681250 0.000000000
0.000000000 0.000000000
0.000000000 0.000000000
0.000000000 0.000000000
0.377120833 0.000000000
-0.565681250 0.000000000
0.000000000 -2.000000000
-0.754241667 0.000000000
-0.942802083 0.000000000
0.000000000 3.000000000
0.000000000 0.000000000
0.000000000 0.000000000
0.000000000 9.000000000
0.000000000 0.000000000
0.000000000 0.000000000
0.377120833 0.000000000
1.319922917 1.000000000
-0.188560417 0.000000000
0.000000000 0.000000000
0.754241667 1.000000000
0.000000000 0.000000000
0.000000000 0.000000000
0.000000000 0.000000000
0.000000000 1.000000000
0.000000000 0.000000000
0.000000000 0.000000000
0.000000000 0.000000000
-0.188560417 0.000000000
0.000000000 0.000000000
0.000000000 0.000000000
0.000000000 0.000000000
0.000000000 0.000000000
-0.188560417 0.000000000
0.000000000 0.000000000
0.000000000 0.000000000
0.000000000 0.000000000
0.000000000 0.000000000
0.000000000 0.000000000
0.000000000 0.000000000
-0.377120833 0.000000000
0.000000000 0.000000000
0.000000000 0.000000000
-0.188560417 0.000000000
0.000000000 0.000000000
0.000000000 0.000000000
0.000000000 0.000000000
0.000000000 0.000000000
0.000000000 0.000000000
0.000000000 0.000000000
-0.188560417 0.000000000
0.000000000 0.000000000
0.565681250 0.000000000
0.188560417 0.000000000
0.000000000 4.000000000
0.000000000 0.000000000
-0.942802083 0.000000000
0.000000000 0.000000000
0.000000000 0.000000000
0.000000000 -1.000000000
0.000000000 0.000000000
0.754241667 0.000000000
0.000000000 0.000000000
0.000000000 0.000000000
0.377120833 0.000000000
0.000000000 0.000000000
0.000000000 0.000000000
-0.188560417 0.000000000
0.377120833 0.000000000
0.188560417 0.000000000
0.000000000 0.000000000
0.000000000 0.000000000
0.000000000 0.000000000
0.000000000 0.000000000
0.000000000 0.000000000
-0.188560417 -1.000000000
0.000000000 0.000000000
0.000000000 0.000000000
-0.188560417 -2.000000000
0.000000000 0.000000000
0.000000000 -1.000000000
0.000000000 0.000000000
0.000000000 0.000000000
0.000000000 0.000000000
0.000000000 0.000000000
0.000000000 0.000000000
0.000000000 0.000000000
-0.754241667 0.000000000
0.188560417 0.000000000
0.188560417 0.000000000
0.000000000 0.000000000
-0.377120833 0.000000000
0.000000000 3.000000000
-0.188560417 0.000000000
0.754241667 0.000000000
-1.319922917 -2.000000000
0.000000000 0.000000000
0.000000000 2.000000000
0.565681250 1.000000000
0.754241667 0.000000000
0.000000000 0.000000000
0.000000000 0.000000000
0.000000000 0.000000000
0.000000000 0.000000000
0.754241667 0.000000000
0.000000000 0.000000000
0.000000000 0.000000000
0.754241667 0.000000000
0.000000000 0.000000000
0.000000000 0.000000000
0.000000000 0.000000000
0.000000000 0.000000000
0.000000000 0.000000000
0.000000000 0.000000000
0.000000000 0.000000000
1.319922917 0.000000000
0.000000000 0.000000000
0.000000000 0.000000000
0.000000000 0.000000000
0.000000000 0.000000000
0.000000000 0.000000000
0.000000000 0.000000000
0.000000000 0.000000000
0.188560417 0.000000000
0.000000000 0.000000000
-0.188560417 0.000000000
0.565681250 1.000000000
0.000000000 0.000000000
0.000000000 0.000000000
-0.188560417 0.000000000
0.000000000 0.000000000
0.000000000 0.000000000
-0.754241667 0.000000000
0.188560417 0.000000000
0.188560417 0.000000000
0.000000000 0.000000000
0.565681250 0.000000000
0.000000000 0.000000000
0.000000000 0.000000000
0.000000000 0.000000000
-0.377120833 0.000000000
0.000000000 0.000000000
0.000000000 0.000000000
0.000000000 0.000000000
0.000000000 0.000000000
-0.565681250 0.000000000
-0.942802083 0.000000000
0.000000000 2.000000000
0.000000000 0.000000000
0.000000000 0.000000000
0.000000000 0.000000000
0.000000000 0.000000000
0.000000000 0.000000000
0.000000000 0.000000000
-0.188560417 0.000000000
1.885604166 0.000000000
0.565681250 0.000000000
0.565681250 0.000000000
0.754241667 0.000000000
0.000000000 0.000000000
0.000000000 1.000000000
0.000000000 0.000000000
0.000000000 0.000000000
0.000000000 0.000000000
0.000000000 0.000000000
0.000000000 0.000000000
-1.508483333 0.000000000
0.000000000 0.000000000
0.000000000 0.000000000
0.000000000 0.000000000
0.000000000 0.000000000
0.000000000 0.000000000
0.000000000 0.000000000
0.000000000 0.000000000
-0.565681250 -2.000000000
0.000000000 0.000000000
0.000000000 0.000000000
0.000000000 0.000000000
-0.377120833 0.000000000
-0.565681250 0.000000000
0.000000000 0.000000000
0.000000000 0.000000000
0.000000000 0.000000000
0.000000000 0.000000000
0.000000000 0.000000000
0.565681250 0.000000000
-0.377120833 0.000000000
0.000000000 0.000000000
0.000000000 0.000000000
0.000000000 0.000000000
1.131362500 0.000000000
0.000000000 0.000000000
0.188560417 0.000000000
0.000000000 3.000000000
0.000000000 -1.000000000
0.000000000 0.000000000
0.942802083 1.000000000
0.000000000 0.000000000
0.000000000 0.000000000
0.000000000 -4.000000000
0.000000000 0.000000000
0.000000000 0.000000000
0.188560417 0.000000000
0.000000000 0.000000000
-0.188560417 0.000000000
0.000000000 0.000000000
0.000000000 0.000000000
-0.188560417 0.000000000
0.000000000 0.000000000
0.000000000 0.000000000
-1.319922917 -1.000000000
0.377120833 6.000000000
0.000000000 -3.000000000
0.000000000 0.000000000
-0.188560417 0.000000000
0.942802083 0.000000000
0.000000000 0.000000000
0.000000000 0.000000000
-0.188560417 -1.000000000
0.000000000 0.000000000
0.377120833 0.000000000
0.000000000 0.000000000
0.000000000 0.000000000
0.377120833 0.000000000
0.000000000 0.000000000
1.131362500 0.000000000
0.000000000 0.000000000
0.000000000 0.000000000
0.000000000 0.000000000
0.188560417 0.000000000
0.000000000 1.000000000
0.000000000 0.000000000
0.000000000 0.000000000
0.565681250 0.000000000
0.000000000 0.000000000
0.000000000 0.000000000
0.000000000 0.000000000
0.000000000 0.000000000
0.000000000 0.000000000
0.000000000 -4.000000000
0.000000000 0.000000000
-0.377120833 -1.000000000
0.188560417 0.000000000
0.000000000 0.000000000
0.000000000 0.000000000
0.000000000 0.000000000
0.000000000 0.000000000
0.000000000 0.000000000
0.000000000 -2.000000000
0.000000000 0.000000000
-0.377120833 0.000000000
0.000000000 0.000000000
0.000000000 0.000000000
0.000000000 0.000000000
-0.377120833 0.000000000
0.000000000 0.000000000
0.000000000 -1.000000000
-0.188560417 0.000000000
0.000000000 0.000000000
0.000000000 0.000000000
0.000000000 0.000000000
0.000000000 0.000000000
0.000000000 0.000000000
0.000000000 0.000000000
0.000000000 0.000000000
0.000000000 0.000000000
0.000000000 0.000000000
0.000000000 0.000000000
0.000000000 -4.000000000
0.000000000 0.000000000
0.565681250 0.000000000
0.000000000 0.000000000
0.000000000 0.000000000
0.000000000 0.000000000
0.000000000 2.000000000
0.000000000 -3.000000000
-1.131362500 0.000000000
0.000000000 0.000000000
-0.565681250 0.000000000
0.000000000 0.000000000
0.000000000 0.000000000
0.000000000 0.000000000
0.000000000 -2.000000000
0.000000000 0.000000000
0.000000000 0.000000000
0.000000000 0.000000000
0.000000000 0.000000000
0.188560417 4.000000000
0.000000000 0.000000000
0.000000000 6.000000000
0.000000000 0.000000000
0.000000000 0.000000000
0.000000000 0.000000000
0.000000000 0.000000000
0.000000000 0.000000000
0.000000000 0.000000000
0.000000000 0.000000000
-0.377120833 0.000000000
0.000000000 0.000000000
0.000000000 0.000000000
0.000000000 0.000000000
-0.754241667 0.000000000
0.000000000 0.000000000
0.000000000 0.000000000
0.000000000 0.000000000
0.000000000 0.000000000
0.000000000 0.000000000
0.000000000 0.000000000
0.000000000 0.000000000
0.000000000 0.000000000
0.000000000 0.000000000
0.000000000 0.000000000
0.000000000 0.000000000
-0.188560417 0.000000000
0.000000000 -2.000000000
0.000000000 0.000000000
0.000000000 1.000000000
0.000000000 0.000000000
0.000000000 0.000000000
0.000000000 0.000000000
0.000000000 0.000000000
0.000000000 0.000000000
-0.377120833 0.000000000
0.000000000 -1.000000000
0.754241667 4.000000000
0.000000000 0.000000000
0.000000000 0.000000000
0.000000000 0.000000000
-0.188560417 0.000000000
1.131362500 0.000000000
0.000000000 0.000000000
0.000000000 0.000000000
0.000000000 0.000000000
0.000000000 0.000000000
0.000000000 0.000000000
0.000000000 0.000000000
0.000000000 0.000000000
-1.319922917 0.000000000
-0.188560417 -1.000000000
1.319922917 0.000000000
0.000000000 0.000000000
0.000000000 0.000000000
0.000000000 0.000000000
0.000000000 0.000000000
-0.377120833 0.000000000
-0.188560417 0.000000000
0.377120833 0.000000000
0.000000000 0.000000000
0.000000000 4.000000000
0.000000000 0.000000000
0.000000000 -1.000000000
0.000000000 -1.000000000
0.000000000 0.000000000
0.000000000 0.000000000
0.000000000 0.000000000
0.000000000 0.000000000
-0.377120833 0.000000000
-0.565681250 -2.000000000
0.000000000 0.000000000
0.000000000 0.000000000
0.188560417 0.000000000
0.000000000 0.000000000
0.000000000 0.000000000
0.000000000 -4.000000000
0.000000000 3.000000000
0.000000000 0.000000000
0.188560417 0.000000000
0.000000000 -1.000000000
0.000000000 0.000000000
0.000000000 0.000000000
0.000000000 0.000000000
-0.565681250 0.000000000
0.188560417 0.000000000
1.885604166 0.000000000
0.000000000 0.000000000
0.000000000 0.000000000
0.000000000 0.000000000
0.000000000 0.000000000
0.000000000 0.000000000
0.377120833 0.000000000
0.000000000 0.000000000
0.377120833 0.000000000
0.000000000 0.000000000
0.000000000 2.000000000
0.000000000 0.000000000
0.000000000 0.000000000
0.188560417 0.000000000
0.000000000 0.000000000
0.000000000 0.000000000
0.565681250 0.000000000
0.565681250 0.000000000
-0.377120833 0.000000000
0.000000000 0.000000000
0.000000000 0.000000000
0.000000000 1.000000000
0.000000000 0.000000000
0.000000000 0.000000000
0.000000000 0.000000000
0.000000000 -3.000000000
0.000000000 0.000000000
0.000000000 0.000000000
0.377120833 3.000000000
0.377120833 0.000000000
0.000000000 0.000000000
0.377120833 0.000000000
0.000000000 0.000000000
0.000000000 2.000000000
0.000000000 0.000000000
0.565681250 0.000000000
0.565681250 0.000000000
0.000000000 0.000000000
0.754241667 0.000000000
0.000000000 0.000000000
0.188560417 4.000000000
0.000000000 0.000000000
0.000000000 0.000000000
0.000000000 0.000000000
0.000000000 0.000000000
0.000000000 0.000000000
0.000000000 0.000000000
-0.188560417 0.000000000
0.000000000 0.000000000
-0.565681250 -3.000000000
0.000000000 0.000000000
0.000000000 0.000000000
0.000000000 0.000000000
0.000000000 0.000000000
0.188560417 0.000000000
0.000000000 0.000000000
0.000000000 0.000000000
0.000000000 0.000000000
0.000000000 0.000000000
-0.188560417 0.000000000
0.000000000 0.000000000
0.000000000 0.000000000
0.000000000 0.000000000
0.000000000 0.000000000
0.000000000 0.000000000
0.377120833 0.000000000
0.000000000 0.000000000
0.000000000 0.000000000
0.000000000 0.000000000
0.754241667 0.000000000
0.000000000 1.000000000
0.000000000 0.000000000
0.000000000 1.000000000
0.000000000 0.000000000
0.000000000 0.000000000
0.000000000 0.000000000
0.377120833 0.000000000
0.000000000 0.000000000
0.000000000 0.000000000
-0.188560417 -1.000000000
0.000000000 0.000000000
0.000000000 0.000000000
0.000000000 0.000000000
0.000000000 3.000000000
0.000000000 0.000000000
0.000000000 1.000000000
0.000000000 3.000000000
0.000000000 0.000000000
0.000000000 0.000000000
-1.131362500 -1.000000000
0.000000000 0.000000000
-0.188560417 0.000000000
0.000000000 0.000000000
0.000000000 1.000000000
-0.565681250 -1.000000000
0.000000000 0.000000000
0.000000000 -1.000000000
0.000000000 0.000000000
0.000000000 0.000000000
0.000000000 0.000000000
0.000000000 0.000000000
0.942802083 0.000000000
-0.377120833 0.000000000
0.000000000 4.000000000
-0.188560417 0.000000000
0.000000000 2.000000000
0.000000000 0.000000000
0.000000000 0.000000000
0.000000000 0.000000000
0.000000000 0.000000000
0.377120833 0.000000000
0.000000000 0.000000000
0.000000000 3.000000000
0.000000000 0.000000000
0.000000000 0.000000000
0.000000000 0.000000000
1.319922917 0.000000000
0.000000000 0.000000000
0.000000000 0.000000000
-0.188560417 0.000000000
0.000000000 0.000000000
0.000000000 0.000000000
0.000000000 -1.000000000
-0.377120833 -1.000000000
0.000000000 0.000000000
0.000000000 1.000000000
0.377120833 2.000000000
0.000000000 0.000000000
0.188560417 0.000000000
0.000000000 2.000000000
0.000000000 0.000000000
0.000000000 0.000000000
0.000000000 0.000000000
0.000000000 0.000000000
1.131362500 0.000000000
0.000000000 0.000000000
1.319922917 0.000000000
0.000000000 0.000000000
0.000000000 0.000000000
0.000000000 0.000000000
0.000000000 0.000000000
0.000000000 0.000000000
0.377120833 0.000000000
-0.188560417 0.000000000
0.377120833 2.000000000
-0.188560417 0.000000000
0.000000000 0.000000000
0.000000000 0.000000000
-0.565681250 0.000000000
0.000000000 0.000000000
0.000000000 0.000000000
-0.377120833 0.000000000
0.000000000 0.000000000
0.000000000 2.000000000
-0.188560417 0.000000000
0.000000000 0.000000000
0.000000000 0.000000000
0.000000000 0.000000000
-0.565681250 0.000000000
0.000000000 0.000000000
0.000000000 1.000000000
-0.377120833 0.000000000
1.319922917 0.000000000
0.000000000 0.000000000
0.000000000 0.000000000
0.000000000 0.000000000
0.000000000 0.000000000
1.131362500 0.000000000
0.000000000 0.000000000
0.000000000 0.000000000
0.000000000 0.000000000
0.000000000 0.000000000
0.000000000 0.000000000
0.000000000 -1.000000000
0.000000000 0.000000000
0.000000000 0.000000000
0.000000000 0.000000000
0.377120833 0.000000000
0.000000000 0.000000000
0.000000000 0.000000000
-0.188560417 0.000000000
0.000000000 4.000000000
0.000000000 0.000000000
0.000000000 0.000000000
0.000000000 0.000000000
-0.188560417 0.000000000
0.000000000 0.000000000
0.188560417 5.000000000
0.000000000 1.000000000
0.000000000 2.000000000
0.000000000 0.000000000
0.000000000 -3.000000000
0.000000000 0.000000000
0.000000000 0.000000000
0.000000000 2.000000000
0.188560417 1.000000000
-0.188560417 0.000000000
0.000000000 0.000000000
0.000000000 0.000000000
-0.188560417 0.000000000
-0.565681250 0.000000000
0.000000000 0.000000000
0.000000000 0.000000000
0.000000000 0.000000000
0.000000000 0.000000000
0.000000000 0.000000000
0.000000000 0.000000000
0.188560417 4.000000000
0.754241667 3.000000000
0.565681250 0.000000000
0.188560417 0.000000000
0.000000000 0.000000000
0.000000000 0.000000000
0.000000000 4.000000000
0.000000000 0.000000000
0.000000000 0.000000000
0.000000000 0.000000000
0.000000000 0.000000000
1.131362500 0.000000000
-0.188560417 0.000000000
0.000000000 0.000000000
0.188560417 0.000000000
0.000000000 0.000000000
0.000000000 0.000000000
0.000000000 0.000000000
0.000000000 0.000000000
0.000000000 0.000000000
0.000000000 0.000000000
-0.188560417 0.000000000
0.377120833 0.000000000
0.000000000 0.000000000
0.000000000 0.000000000
0.000000000 0.000000000
0.000000000 0.000000000
0.000000000 0.000000000
0.754241667 0.000000000
0.000000000 0.000000000
0.000000000 0.000000000
0.000000000 0.000000000
0.000000000 0.000000000
0.942802083 0.000000000
0.000000000 0.000000000
-0.377120833 0.000000000
0.000000000 0.000000000
0.000000000 0.000000000
0.377120833 0.000000000
0.000000000 0.000000000
0.000000000 0.000000000
0.000000000 0.000000000
0.000000000 4.000000000
0.000000000 -3.000000000
0.000000000 1.000000000
0.000000000 0.000000000
0.000000000 0.000000000
0.000000000 0.000000000
0.377120833 0.000000000
0.000000000 0.000000000
0.000000000 0.000000000
0.000000000 0.000000000
-0.565681250 0.000000000
0.000000000 0.000000000
0.000000000 0.000000000
0.000000000 0.000000000
0.188560417 0.000000000
0.000000000 0.000000000
0.000000000 0.000000000
0.000000000 0.000000000
-0.188560417 0.000000000
0.000000000 0.000000000
0.188560417 0.000000000
0.754241667 0.000000000
0.000000000 0.000000000
0.000000000 0.000000000
0.000000000 0.000000000
0.000000000 0.000000000
0.000000000 4.000000000
0.000000000 0.000000000
0.000000000 0.000000000
0.000000000 0.000000000
-1.131362500 0.000000000
-0.565681250 0.000000000
0.000000000 0.000000000
0.000000000 0.000000000
0.000000000 -5.000000000
0.754241667 0.000000000
0.000000000 0.000000000
0.377120833 0.000000000
0.000000000 0.000000000
0.000000000 0.000000000
-0.377120833 -3.000000000
0.000000000 0.000000000
0.000000000 3.000000000
0.377120833 1.000000000
0.000000000 0.000000000
0.000000000 0.000000000
-0.377120833 0.000000000
0.000000000 0.000000000
0.000000000 0.000000000
0.000000000 0.000000000
0.000000000 0.000000000
-0.377120833 0.000000000
0.000000000 2.000000000
0.000000000 0.000000000
0.000000000 0.000000000
-0.942802083 0.000000000
0.000000000 4.000000000
0.000000000 0.000000000
-0.565681250 0.000000000
0.000000000 1.000000000
0.754241667 0.000000000
-1.319922917 -2.000000000
0.000000000 0.000000000
0.000000000 0.000000000
-0.377120833 0.000000000
-0.565681250 0.000000000
0.188560417 5.000000000
0.000000000 0.000000000
0.000000000 -1.000000000
0.000000000 0.000000000
0.000000000 0.000000000
0.000000000 0.000000000
0.000000000 0.000000000
0.000000000 1.000000000
0.565681250 0.000000000
0.000000000 0.000000000
0.000000000 0.000000000
0.000000000 0.000000000
0.000000000 0.000000000
0.000000000 0.000000000
0.000000000 0.000000000
0.000000000 0.000000000
0.000000000 0.000000000
0.000000000 0.000000000
-0.754241667 0.000000000
0.000000000 0.000000000
0.377120833 0.000000000
0.000000000 0.000000000
0.000000000 0.000000000
-0.188560417 0.000000000
0.000000000 -2.000000000
0.000000000 0.000000000
0.000000000 1.000000000
0.000000000 0.000000000
0.000000000 0.000000000
-0.377120833 0.000000000
-0.377120833 0.000000000
0.000000000 0.000000000
0.000000000 0.000000000
0.188560417 2.000000000
0.000000000 0.000000000
0.000000000 0.000000000
0.000000000 0.000000000
0.565681250 1.000000000
0.000000000 0.000000000
0.565681250 0.000000000
0.377120833 0.000000000
0.000000000 0.000000000
0.565681250 0.000000000
0.000000000 0.000000000
0.000000000 0.000000000
0.000000000 0.000000000
0.000000000 0.000000000
0.188560417 0.000000000
0.000000000 0.000000000
1.319922917 3.000000000
0.000000000 0.000000000
0.000000000 0.000000000
0.000000000 0.000000000
0.000000000 0.000000000
0.000000000 0.000000000
0.000000000 0.000000000
0.000000000 0.000000000
0.000000000 0.000000000
0.000000000 0.000000000
0.000000000 0.000000000
0.000000000 0.000000000
0.000000000 0.000000000
0.000000000 3.000000000
0.000000000 0.000000000
0.000000000 -2.000000000
-0.188560417 0.000000000
0.000000000 0.000000000
-0.377120833 0.000000000
0.000000000 0.000000000
0.000000000 0.000000000
0.000000000 0.000000000
0.000000000 -1.000000000
0.000000000 0.000000000
0.000000000 0.000000000
0.188560417 0.000000000
0.000000000 0.000000000
-0.942802083 0.000000000
0.000000000 0.000000000
0.000000000 -2.000000000
1.885604166 0.000000000
0.000000000 0.000000000
0.565681250 0.000000000
0.000000000 0.000000000
0.000000000 0.000000000
0.188560417 0.000000000
0.000000000 0.000000000
0.000000000 0.000000000
0.000000000 2.000000000
0.000000000 0.000000000
0.188560417 0.000000000
0.000000000 1.000000000
0.000000000 0.000000000
-0.377120833 -3.000000000
0.000000000 0.000000000
0.000000000 -5.000000000
0.000000000 0.000000000
0.000000000 0.000000000
0.000000000 0.000000000
0.377120833 0.000000000
0.000000000 0.000000000
0.000000000 0.000000000
0.000000000 0.000000000
0.000000000 0.000000000
0.000000000 0.000000000
0.377120833 3.000000000
-0.188560417 0.000000000
-0.377120833 -2.000000000
0.000000000 0.000000000
-0.377120833 0.000000000
0.000000000 0.000000000
0.000000000 0.000000000
0.000000000 0.000000000
0.000000000 0.000000000
0.754241667 0.000000000
0.000000000 0.000000000
0.000000000 0.000000000
0.188560417 0.000000000
-0.942802083 0.000000000
0.000000000 0.000000000
0.000000000 0.000000000
0.000000000 0.000000000
0.000000000 0.000000000
0.000000000 0.000000000
0.000000000 0.000000000
0.000000000 0.000000000
0.188560417 0.000000000
0.000000000 0.000000000
0.000000000 0.000000000
0.188560417 0.000000000
0.000000000 0.000000000
0.000000000 0.000000000
0.000000000 0.000000000
0.000000000 0.000000000
0.000000000 0.000000000
0.000000000 0.000000000
0.377120833 3.000000000
0.000000000 0.000000000
0.000000000 0.000000000
0.000000000 0.000000000
0.000000000 0.000000000
0.188560417 2.000000000
0.000000000 0.000000000
0.000000000 0.000000000
0.000000000 0.000000000
0.000000000 0.000000000
0.000000000 0.000000000
0.188560417 0.000000000
-0.188560417 0.000000000
0.000000000 0.000000000
0.000000000 0.000000000
-0.565681250 0.000000000
0.000000000 1.000000000
0.000000000 0.000000000
0.000000000 0.000000000
0.000000000 0.000000000
0.942802083 0.000000000
-0.377120833 0.000000000
-0.188560417 0.000000000
0.000000000 0.000000000
0.000000000 0.000000000
0.000000000 0.000000000
0.000000000 0.000000000
0.000000000 0.000000000
0.000000000 0.000000000
-0.188560417 0.000000000
0.000000000 1.000000000
0.754241667 0.000000000
-0.188560417 -4.000000000
0.942802083 0.000000000
0.188560417 0.000000000
0.000000000 0.000000000
0.000000000 0.000000000
0.000000000 0.000000000
0.000000000 0.000000000
0.000000000 0.000000000
1.508483333 0.000000000
0.000000000 0.000000000
0.000000000 0.000000000
0.000000000 0.000000000
0.000000000 0.000000000
0.754241667 1.000000000
-0.188560417 0.000000000
0.000000000 0.000000000
0.000000000 0.000000000
0.377120833 0.000000000
0.000000000 0.000000000
0.000000000 0.000000000
0.000000000 0.000000000
-0.377120833 -4.000000000
0.000000000 0.000000000
0.000000000 0.000000000
0.000000000 0.000000000
0.000000000 0.000000000
0.188560417 2.000000000
0.000000000 0.000000000
0.188560417 3.000000000
0.000000000 -2.000000000
0.000000000 0.000000000
0.000000000 0.000000000
0.188560417 0.000000000
-0.565681250 0.000000000
-0.565681250 0.000000000
0.000000000 0.000000000
0.000000000 0.000000000
0.000000000 1.000000000
-0.565681250 0.000000000
0.000000000 3.000000000
0.000000000 0.000000000
-0.377120833 0.000000000
0.377120833 0.000000000
0.000000000 0.000000000
0.000000000 0.000000000
0.000000000 0.000000000
0.000000000 0.000000000
-0.942802083 0.000000000
0.377120833 0.000000000
0.000000000 0.000000000
0.000000000 0.000000000
0.000000000 0.000000000
0.000000000 0.000000000
0.000000000 0.000000000
0.000000000 0.000000000
0.000000000 0.000000000
0.000000000 0.000000000
0.000000000 0.000000000
0.188560417 0.000000000
0.000000000 0.000000000
0.000000000 0.000000000
-0.188560417 0.000000000
0.000000000 0.000000000
-0.188560417 0.000000000
-0.754241667 0.000000000
0.000000000 0.000000000
0.000000000 0.000000000
0.000000000 0.000000000
0.188560417 0.000000000
0.942802083 0.000000000
0.000000000 0.000000000
0.000000000 0.000000000
0.000000000 0.000000000
0.188560417 0.000000000
0.000000000 0.000000000
0.000000000 0.000000000
0.000000000 0.000000000
0.000000000 0.000000000
0.000000000 0.000000000
-1.697043750 0.000000000
0.000000000 0.000000000
0.000000000 0.000000000
0.000000000 0.000000000
0.000000000 -1.000000000
-0.377120833 0.000000000
0.000000000 0.000000000
-0.188560417 0.000000000
0.000000000 0.000000000
-0.377120833 0.000000000
0.000000000 0.000000000
0.000000000 0.000000000
0.188560417 3.000000000
0.000000000 0.000000000
0.188560417 0.000000000
0.000000000 4.000000000
0.000000000 0.000000000
0.000000000 0.000000000
0.000000000 0.000000000
0.000000000 4.000000000
-0.188560417 0.000000000
0.000000000 0.000000000
0.000000000 0.000000000
0.377120833 0.000000000
-0.188560417 0.000000000
0.000000000 0.000000000
0.000000000 0.000000000
0.000000000 0.000000000
0.000000000 0.000000000
0.000000000 0.000000000
0.000000000 0.000000000
0.000000000 0.000000000
0.000000000 0.000000000
1.508483333 0.000000000
0.000000000 3.000000000
0.000000000 0.000000000
0.000000000 0.000000000
0.000000000 0.000000000
0.000000000 0.000000000
0.000000000 0.000000000
-0.188560417 0.000000000
0.000000000 0.000000000
0.000000000 0.000000000
0.000000000 0.000000000
0.000000000 0.000000000
-1.131362500 0.000000000
0.565681250 2.000000000
0.000000000 -2.000000000
0.000000000 0.000000000
0.000000000 0.000000000
0.000000000 0.000000000
0.000000000 -1.000000000
0.000000000 0.000000000
-0.188560417 0.000000000
0.000000000 0.000000000
0.000000000 0.000000000
0.000000000 -8.000000000
0.000000000 3.000000000
0.000000000 0.000000000
0.377120833 0.000000000
-0.377120833 -2.000000000
-0.754241667 0.000000000
0.000000000 0.000000000
0.000000000 0.000000000
0.377120833 0.000000000
0.000000000 0.000000000
0.000000000 1.000000000
0.000000000 0.000000000
0.000000000 0.000000000
0.000000000 0.000000000
0.000000000 0.000000000
0.000000000 0.000000000
1.697043750 1.000000000
0.000000000 0.000000000
0.000000000 0.000000000
-1.697043750 0.000000000
0.000000000 0.000000000
0.000000000 0.000000000
0.000000000 0.000000000
0.000000000 0.000000000
0.565681250 0.000000000
0.000000000 0.000000000
0.000000000 0.000000000
0.000000000 0.000000000
0.000000000 0.000000000
0.000000000 0.000000000
-0.188560417 0.000000000
0.000000000 0.000000000
0.000000000 0.000000000
0.000000000 0.000000000
0.000000000 0.000000000
0.000000000 -1.000000000
0.565681250 0.000000000
-0.565681250 -2.000000000
0.000000000 0.000000000
0.000000000 0.000000000
0.000000000 0.000000000
1.319922917 0.000000000
0.000000000 0.000000000
0.188560417 0.000000000
0.000000000 0.000000000
0.000000000 0.000000000
0.000000000 0.000000000
0.000000000 0.000000000
0.565681250 0.000000000
0.000000000 0.000000000
0.942802083 0.000000000
0.188560417 0.000000000
0.000000000 0.000000000
0.000000000 0.000000000
0.000000000 0.000000000
0.188560417 0.000000000
0.000000000 0.000000000
-0.188560417 0.000000000
-0.754241667 -1.000000000
0.000000000 -3.000000000
0.000000000 0.000000000
-0.188560417 -1.000000000
0.000000000 0.000000000
-0.942802083 0.000000000
-0.377120833 -1.000000000
0.000000000 0.000000000
0.000000000 0.000000000
-0.565681250 0.000000000
0.000000000 0.000000000
0.188560417 0.000000000
0.000000000 0.000000000
0.000000000 0.000000000
0.188560417 4.000000000
0.000000000 0.000000000
1.131362500 3.000000000
0.000000000 1.000000000
0.565681250 0.000000000
0.000000000 0.000000000
0.000000000 0.000000000
0.000000000 -1.000000000
0.565681250 0.000000000
0.000000000 0.000000000
1.319922917 0.000000000
0.000000000 -2.000000000
0.000000000 0.000000000
0.000000000 0.000000000
0.188560417 5.000000000
0.000000000 0.000000000
0.000000000 0.000000000
0.000000000 0.000000000
0.000000000 1.000000000
0.000000000 0.000000000
0.000000000 0.000000000
0.000000000 0.000000000
-0.565681250 0.000000000
0.000000000 0.000000000
0.000000000 0.000000000
0.000000000 0.000000000
0.000000000 0.000000000
0.000000000 0.000000000
0.000000000 0.000000000
0.000000000 0.000000000
0.000000000 0.000000000
-0.565681250 0.000000000
-0.188560417 0.000000000
0.000000000 0.000000000
0.000000000 0.000000000
-0.188560417 0.000000000
0.000000000 0.000000000
0.000000000 0.000000000
0.000000000 0.000000000
0.000000000 0.000000000
0.000000000 0.000000000
-0.377120833 0.000000000
0.000000000 0.000000000
0.000000000 0.000000000
0.000000000 0.000000000
-1.131362500 0.000000000
0.942802083 0.000000000
-0.754241667 0.000000000
0.000000000 0.000000000
-0.377120833 0.000000000
0.000000000 0.000000000
0.188560417 2.000000000
0.188560417 0.000000000
0.000000000 0.000000000
0.000000000 0.000000000
0.000000000 0.000000000
0.188560417 0.000000000
0.000000000 0.000000000
0.000000000 0.000000000
0.000000000 0.000000000
0.000000000 0.000000000
-0.188560417 0.000000000
0.000000000 0.000000000
0.000000000 0.000000000
-0.188560417 0.000000000
-0.377120833 -2.000000000
0.565681250 3.000000000
0.000000000 0.000000000
0.000000000 0.000000000
-0.188560417 0.000000000
0.000000000 0.000000000
0.000000000 0.000000000
0.000000000 0.000000000
0.000000000 0.000000000
0.188560417 0.000000000
0.000000000 1.000000000
0.000000000 0.000000000
0.754241667 0.000000000
0.000000000 0.000000000
0.000000000 0.000000000
0.000000000 1.000000000
0.000000000 0.000000000
0.000000000 -2.000000000
1.131362500 0.000000000
0.000000000 0.000000000
0.000000000 0.000000000
0.000000000 0.000000000
0.000000000 0.000000000
0.000000000 0.000000000
0.000000000 0.000000000
0.000000000 1.000000000
-0.188560417 -3.000000000
0.000000000 0.000000000
0.565681250 0.000000000
0.000000000 0.000000000
0.000000000 0.000000000
0.000000000 0.000000000
-0.188560417 0.000000000
-0.565681250 0.000000000
0.942802083 0.000000000
-1.319922917 0.000000000
0.000000000 0.000000000
-0.188560417 0.000000000
0.000000000 0.000000000
0.000000000 0.000000000
0.565681250 0.000000000
0.000000000 0.000000000
0.000000000 0.000000000
0.000000000 0.000000000
0.000000000 1.000000000
-0.188560417 0.000000000
0.000000000 0.000000000
-0.565681250 0.000000000
0.000000000 0.000000000
0.000000000 0.000000000
1.319922917 0.000000000
0.000000000 0.000000000
0.000000000 0.000000000
0.000000000 0.000000000
0.000000000 0.000000000
0.000000000 3.000000000
0.000000000 0.000000000
0.000000000 2.000000000
0.000000000 0.000000000
0.000000000 0.000000000
0.000000000 0.000000000
0.000000000 0.000000000
0.000000000 0.000000000
0.000000000 0.000000000
0.000000000 2.000000000
0.000000000 0.000000000
0.000000000 0.000000000
0.000000000 0.000000000
0.000000000 0.000000000
0.000000000 0.000000000
1.131362500 0.000000000
1.885604166 0.000000000
0.000000000 0.000000000
0.000000000 0.000000000
0.000000000 0.000000000
0.000000000 0.000000000
0.000000000 0.000000000
1.885604166 0.000000000
0.000000000 0.000000000
0.000000000 0.000000000
0.000000000 0.000000000
0.000000000 0.000000000
0.000000000 0.000000000
0.000000000 0.000000000
0.000000000 0.000000000
0.188560417 0.000000000
-0.377120833 0.000000000
0.000000000 0.000000000
0.000000000 0.000000000
0.754241667 0.000000000
0.000000000 0.000000000
-0.188560417 0.000000000
0.754241667 0.000000000
0.754241667 3.000000000
0.377120833 0.000000000
0.000000000 0.000000000
-0.377120833 -1.000000000
0.000000000 0.000000000
0.000000000 0.000000000
0.000000000 0.000000000
0.000000000 0.000000000
0.000000000 1.000000000
0.000000000 0.000000000
0.000000000 0.000000000
0.000000000 -1.000000000
0.000000000 0.000000000
-0.565681250 0.000000000
0.000000000 0.000000000
0.000000000 0.000000000
0.188560417 1.000000000
0.000000000 0.000000000
0.000000000 0.000000000
0.942802083 0.000000000
0.000000000 0.000000000
0.000000000 0.000000000
0.000000000 0.000000000
0.000000000 -1.000000000
-0.377120833 -3.000000000
0.000000000 0.000000000
-1.508483333 0.000000000
0.000000000 0.000000000
0.000000000 3.000000000
0.000000000 0.000000000
0.000000000 0.000000000
0.000000000 0.000000000
0.000000000 -1.000000000
0.000000000 0.000000000
0.000000000 0.000000000
-0.188560417 0.000000000
-0.188560417 0.000000000
0.000000000 0.000000000
0.000000000 1.000000000
0.000000000 0.000000000
0.000000000 0.000000000
0.754241667 0.000000000
0.000000000 0.000000000
-0.188560417 -2.000000000
0.000000000 0.000000000
0.000000000 0.000000000
0.000000000 0.000000000
0.000000000 0.000000000
-1.131362500 0.000000000
0.000000000 0.000000000
0.000000000 0.000000000
0.000000000 0.000000000
0.188560417 0.000000000
0.000000000 0.000000000
0.000000000 0.000000000
0.754241667 0.000000000
0.000000000 0.000000000
0.000000000 0.000000000
0.000000000 -3.000000000
0.000000000 0.000000000
0.000000000 0.000000000
1.319922917 0.000000000
-0.188560417 0.000000000
0.000000000 0.000000000
-0.188560417 0.000000000
0.000000000 0.000000000
-0.754241667 0.000000000
-0.188560417 0.000000000
0.000000000 0.000000000
0.000000000 3.000000000
0.000000000 0.000000000
0.000000000 0.000000000
0.000000000 6.000000000
1.508483333 0.000000000
0.000000000 0.000000000
0.000000000 0.000000000
-0.942802083 0.000000000
0.000000000 0.000000000
0.000000000 0.000000000
0.000000000 0.000000000
0.000000000 -2.000000000
-0.188560417 0.000000000
1.885604166 0.000000000
0.000000000 0.000000000
0.377120833 0.000000000
0.000000000 -4.000000000
0.000000000 0.000000000
0.000000000 0.000000000
1.319922917 0.000000000
0.377120833 0.000000000
-0.188560417 0.000000000
0.000000000 4.000000000
0.000000000 0.000000000
1.508483333 0.000000000
0.000000000 0.000000000
0.000000000 1.000000000
0.000000000 0.000000000
0.000000000 0.000000000
1.508483333 0.000000000
0.000000000 0.000000000
0.000000000 2.000000000
0.000000000 0.000000000
1.508483333 2.000000000
-0.188560417 0.000000000
0.000000000 0.000000000
0.000000000 0.000000000
0.000000000 0.000000000
0.000000000 0.000000000
0.000000000 0.000000000
0.000000000 0.000000000
0.000000000 0.000000000
0.188560417 2.000000000
0.942802083 0.000000000
0.000000000 -2.000000000
0.565681250 0.000000000
0.000000000 0.000000000
0.000000000 0.000000000
-0.754241667 0.000000000
0.000000000 0.000000000
0.000000000 0.000000000
0.000000000 0.000000000
0.000000000 0.000000000
0.565681250 5.000000000
0.000000000 0.000000000
-0.565681250 0.000000000
0.754241667 0.000000000
0.000000000 0.000000000
0.000000000 0.000000000
0.000000000 0.000000000
-0.188560417 0.000000000
0.000000000 0.000000000
0.000000000 0.000000000
-0.188560417 0.000000000
0.377120833 0.000000000
0.377120833 0.000000000
0.000000000 0.000000000
0.000000000 0.000000000
0.000000000 0.000000000
0.000000000 0.000000000
0.000000000 0.000000000
0.000000000 0.000000000
0.000000000 5.000000000
0.000000000 0.000000000
0.000000000 0.000000000
-0.377120833 0.000000000
0.000000000 0.000000000
0.188560417 0.000000000
0.000000000 0.000000000
0.942802083 2.000000000
-0.188560417 0.000000000
16.2255375761
