200 2059 7.3695300000 0.2748090000
8 90 9
138 154 9
110 131 10
96 116 5
60 134 9
43 144 10
90 181 7
135 197 1
32 199 2
57 131 3
6 12 3
12 104 8
40 188 1
41 200 8
31 174 5
12 16 2
3 69 10
62 154 5
94 111 1
50 56 7
75 154 9
37 90 2
35 141 6
125 184 9
20 110 6
99 102 10
60 145 1
6 60 8
47 176 5
43 104 8
114 136 7
19 164 10
3 157 2
74 163 4
115 147 6
93 125 2
33 100 2
1 2 3
119 162 1
13 94 6
161 192 9
26 130 4
52 92 6
56 131 6
24 97 7
16 59 2
157 187 2
23 146 3
129 130 5
13 148 5
38 130 8
47 142 8
98 143 4
68 71 4
157 170 9
122 157 8
166 195 6
52 101 8
151 187 8
74 126 3
18 133 6
31 121 3
115 120 10
118 130 5
111 146 9
12 15 9
61 158 2
37 167 6
149 166 3
69 120 2
77 173 9
150 173 3
95 142 8
194 196 2
67 189 7
5 200 9
100 156 6
136 151 10
40 86 7
31 163 10
150 199 3
13 90 7
37 116 1
6 17 3
41 177 1
37 92 3
50 82 1
13 196 5
1 36 3
61 74 7
31 80 4
99 139 7
90 138 1
54 104 8
20 166 10
7 14 7
64 176 2
32 140 5
36 188 2
174 195 4
83 133 1
59 186 5
150 186 4
61 120 4
45 186 7
72 126 1
155 194 8
17 45 8
15 157 5
94 191 9
54 157 4
68 84 7
139 151 9
46 135 1
86 165 2
55 154 10
23 196 2
40 101 6
22 45 7
26 69 10
81 139 4
149 190 1
61 189 3
71 178 9
15 171 8
65 89 1
56 190 2
89 108 2
27 49 4
108 137 2
62 113 5
26 133 6
21 54 5
54 163 1
159 167 10
87 151 6
67 76 7
78 82 4
3 163 10
95 167 9
132 166 5
68 159 4
56 102 8
28 75 9
57 77 1
7 71 3
44 193 9
67 171 2
20 58 10
32 119 2
28 44 7
10 132 5
36 141 7
31 134 10
23 177 10
51 54 5
77 174 5
48 196 6
57 102 2
67 140 5
35 48 5
101 148 5
100 178 4
1 146 5
56 103 9
58 104 2
21 118 5
64 194 1
122 160 6
123 178 10
27 130 10
49 126 1
36 39 1
22 38 2
49 186 10
65 199 8
49 60 3
109 121 1
167 188 1
43 69 2
5 46 6
20 139 10
8 109 10
20 133 1
68 196 10
66 98 2
17 189 3
27 114 5
182 192 6
76 149 4
140 170 7
83 163 5
55 127 6
90 95 4
34 85 1
143 200 2
175 196 4
5 66 9
21 190 7
141 167 5
52 117 2
161 181 9
103 166 10
103 151 5
26 158 3
33 155 7
19 103 3
81 82 3
93 114 9
40 108 4
94 109 3
27 76 5
119 168 8
60 65 1
66 161 9
62 153 8
77 160 1
52 100 6
80 103 2
10 15 7
40 167 2
155 183 4
73 192 3
48 200 7
56 150 6
162 174 10
4 163 6
2 177 5
103 189 2
69 158 4
36 194 9
45 152 8
14 167 6
11 27 2
11 69 4
8 70 3
148 153 7
29 127 5
33 178 8
120 136 2
9 140 7
28 156 7
18 145 9
46 185 4
112 198 2
71 101 2
168 189 5
109 138 3
158 169 4
139 144 8
89 118 10
68 135 3
18 74 10
146 156 2
117 121 4
114 170 6
107 187 9
40 165 5
114 169 9
61 131 10
6 54 8
13 176 9
87 179 3
34 84 10
25 157 1
93 173 2
145 179 9
114 187 3
84 185 3
26 157 7
131 186 1
7 200 5
161 185 2
26 72 8
50 150 6
16 134 9
27 129 3
48 156 4
112 117 9
3 195 3
57 130 5
5 101 10
81 114 5
112 183 2
78 80 6
67 174 10
104 115 10
55 92 9
71 109 6
54 169 10
88 90 5
32 45 3
138 148 8
70 182 4
72 132 6
11 168 2
73 135 2
123 197 2
70 200 5
138 167 2
42 153 7
39 142 9
78 129 5
185 200 9
49 162 5
70 191 9
89 147 3
133 187 1
88 180 4
77 132 4
86 196 7
185 197 2
130 170 4
103 199 8
6 87 1
2 44 9
99 145 7
98 161 3
3 151 10
64 113 6
36 84 3
25 130 4
70 90 5
8 128 8
39 88 7
6 77 5
95 177 10
68 177 9
118 151 6
108 123 2
40 106 1
98 135 4
72 168 10
18 82 7
115 187 6
18 21 1
48 73 3
22 199 1
82 170 8
133 179 6
8 159 3
20 25 10
24 61 3
111 137 1
129 160 10
4 82 6
79 82 8
56 126 9
6 74 3
43 103 10
21 51 8
66 86 9
37 40 1
119 164 5
104 171 6
2 30 4
3 22 1
113 117 10
82 171 2
42 52 1
21 126 7
58 171 4
10 120 1
115 130 6
99 132 6
68 105 9
77 186 3
46 113 6
24 156 9
49 149 1
180 182 1
77 189 5
25 60 5
66 73 2
29 116 3
23 161 3
51 134 2
6 25 7
13 137 8
1 175 3
27 157 9
39 90 7
107 179 4
119 150 6
120 160 9
51 133 7
9 25 7
87 157 7
46 143 7
43 54 5
183 197 8
30 111 4
108 156 7
110 129 8
25 164 7
132 147 1
110 190 4
107 171 7
136 160 1
31 103 6
102 199 4
63 76 8
66 85 2
124 173 5
61 72 10
92 165 10
88 148 2
135 142 9
24 167 9
97 180 8
145 174 2
22 99 10
34 197 2
54 190 9
75 101 8
57 187 7
164 166 3
83 118 9
33 121 1
160 179 4
66 92 9
77 83 8
17 69 2
11 63 3
165 176 6
13 97 3
58 61 7
66 101 5
123 180 8
60 67 7
46 197 1
92 191 4
67 162 5
69 157 6
7 127 10
62 138 2
3 186 2
30 84 7
12 51 5
28 185 10
114 171 8
54 179 2
83 152 4
56 179 8
22 56 1
103 122 3
90 143 10
160 166 6
36 159 7
10 50 6
127 148 7
70 181 5
43 124 5
44 116 9
100 146 5
4 77 7
79 186 7
104 119 9
108 146 4
24 96 1
102 145 2
49 174 3
75 177 8
41 62 5
144 152 3
142 200 2
31 93 4
4 102 3
67 139 10
137 155 5
126 195 4
19 124 2
167 176 6
65 174 1
57 174 1
76 169 8
138 141 8
31 139 3
45 147 5
20 21 1
96 101 7
39 41 2
134 171 5
2 47 3
90 113 1
14 159 6
13 29 4
155 182 6
177 185 4
36 108 7
65 133 5
19 163 5
126 150 6
16 147 8
27 131 7
98 153 4
28 42 7
1 128 6
65 67 6
29 135 4
18 144 10
4 103 9
53 90 10
26 32 2
45 168 6
92 123 9
161 177 4
85 191 9
92 181 10
50 164 5
30 75 5
20 87 3
89 162 10
28 97 10
78 187 3
27 179 9
71 86 4
9 160 1
110 133 8
49 54 8
82 122 6
25 170 7
22 168 8
48 142 3
13 98 3
126 166 1
65 114 7
110 134 4
2 46 8
25 45 7
48 55 6
64 188 7
20 163 3
175 178 6
120 124 5
127 143 9
121 167 4
50 166 10
4 80 2
24 62 4
40 85 9
40 181 5
18 81 3
46 94 7
32 65 2
37 142 10
155 191 3
180 197 6
84 121 8
48 86 2
85 192 1
76 78 6
69 79 7
100 185 2
94 156 8
89 166 8
90 100 7
121 143 3
51 81 3
6 31 4
49 195 2
12 170 10
28 90 9
86 181 9
103 186 3
48 188 8
37 135 6
8 62 3
58 118 1
11 171 5
137 159 10
131 140 8
103 110 6
82 168 8
156 193 6
125 140 1
54 99 8
161 176 2
100 165 6
141 165 8
52 172 5
16 38 5
2 34 7
13 183 8
16 22 4
135 154 8
32 144 4
108 135 5
54 144 8
76 107 6
3 132 10
96 153 8
20 49 10
37 66 7
13 33 1
44 70 6
123 146 6
176 185 8
157 174 9
148 159 3
51 179 1
155 176 7
17 171 2
12 26 5
33 142 9
188 194 10
56 80 6
28 123 3
81 122 1
131 133 9
45 157 5
68 92 4
32 102 7
21 171 1
41 52 8
128 180 4
18 89 7
22 104 4
135 180 4
110 173 10
122 171 6
45 179 9
39 197 1
63 134 2
29 194 1
60 74 9
23 194 9
21 140 4
73 121 3
82 126 9
88 117 8
61 186 7
18 107 9
89 150 1
101 117 5
71 154 9
54 131 5
24 84 4
27 38 2
95 117 10
166 179 8
26 131 6
121 180 10
132 186 1
61 132 3
95 106 6
190 195 4
3 158 8
12 166 9
2 167 7
22 132 10
9 76 7
14 192 9
57 93 2
60 163 8
19 31 1
61 77 1
154 198 9
7 155 5
129 174 3
86 180 9
26 147 8
157 158 6
55 117 10
80 158 4
136 140 10
8 47 10
97 194 9
172 180 1
74 118 7
86 178 1
51 91 5
124 144 6
62 73 4
13 68 9
102 184 8
6 120 6
117 194 1
30 36 7
125 150 8
140 163 6
11 12 3
50 76 6
80 129 9
139 140 2
169 195 1
125 139 10
163 189 7
11 67 7
85 146 2
45 51 2
153 161 7
89 187 9
76 171 9
25 77 1
21 74 5
98 198 1
86 200 5
14 44 8
28 200 6
72 130 6
65 147 9
36 97 4
76 152 7
9 15 8
2 68 1
54 119 8
82 87 1
100 188 1
116 196 9
49 58 6
47 70 6
1 111 9
15 125 8
97 185 6
55 68 10
77 149 1
11 131 8
3 140 8
37 161 2
25 118 8
65 151 5
151 157 9
36 197 2
17 56 10
119 195 5
3 190 6
155 200 3
144 170 4
86 141 2
89 173 9
46 117 1
52 94 6
173 174 4
24 155 3
31 120 5
149 179 5
28 48 5
84 172 3
145 190 7
22 51 8
115 125 6
41 143 4
86 128 8
60 190 2
54 58 5
73 90 8
54 152 2
87 120 9
51 102 4
100 182 4
68 96 5
79 114 2
110 125 4
98 196 2
95 165 10
50 77 10
141 191 8
51 89 8
90 156 3
42 156 7
16 115 8
79 103 1
140 160 3
104 125 9
58 131 4
71 146 6
81 120 7
56 168 7
22 60 4
148 176 6
9 150 7
105 194 9
56 76 8
48 94 9
59 174 5
6 72 3
93 119 9
191 200 3
66 106 7
53 70 2
175 192 4
28 159 4
150 171 7
100 106 9
115 160 9
126 129 9
34 182 1
59 189 5
46 52 6
121 148 9
105 138 1
16 82 1
34 46 10
5 123 9
53 159 9
70 117 3
106 182 6
50 126 3
77 147 7
4 145 1
19 99 6
75 86 5
98 100 4
72 133 2
128 178 7
68 106 5
24 138 4
73 194 7
75 182 6
74 99 10
158 166 4
87 107 10
9 131 8
65 82 7
33 123 10
1 73 5
8 40 2
50 58 7
17 152 2
28 176 1
46 111 2
39 62 10
3 170 9
148 154 6
23 165 2
8 113 6
80 107 6
62 183 8
32 43 6
77 140 9
78 124 9
133 150 8
46 84 5
18 83 5
29 52 7
86 106 6
7 185 9
128 137 1
144 199 5
110 126 8
7 41 5
84 182 2
30 109 10
139 150 7
135 161 3
31 102 5
115 152 9
13 197 5
51 168 8
42 200 3
61 114 10
64 96 10
97 100 8
45 151 1
30 34 2
167 183 10
52 183 1
23 105 1
93 158 3
31 49 10
101 193 8
63 144 3
87 102 9
61 147 3
114 131 6
39 97 8
29 88 3
93 99 10
182 183 1
175 198 1
105 181 3
56 59 1
52 68 8
88 143 10
71 84 10
135 188 1
65 115 10
112 172 8
21 168 9
68 100 7
106 177 4
87 118 7
105 156 5
87 129 9
169 190 1
35 100 5
55 183 5
125 134 10
1 44 7
82 189 4
47 88 9
93 118 1
35 112 1
75 165 2
162 190 1
94 112 4
31 89 8
40 117 1
148 172 7
19 151 1
74 145 2
72 179 6
66 177 2
1 153 6
19 110 4
6 67 9
62 155 1
17 25 8
71 127 9
64 135 2
38 119 8
28 96 4
25 99 7
54 136 4
52 112 8
8 105 2
156 200 9
19 54 10
13 177 2
17 125 6
58 162 7
54 66 7
11 140 4
31 118 1
70 100 3
22 25 1
22 31 7
46 109 10
18 31 8
73 137 2
30 42 6
5 117 8
3 187 3
164 179 5
71 192 5
115 168 9
69 144 3
109 141 4
39 66 6
34 52 6
156 178 6
8 198 4
15 32 3
41 113 10
12 87 7
76 80 4
56 130 9
172 175 8
49 189 10
143 155 10
124 199 7
74 184 5
54 115 8
46 137 5
96 156 2
97 183 10
165 193 3
24 71 6
27 168 1
115 144 10
90 198 8
62 128 2
45 107 7
175 193 3
24 113 5
106 200 1
78 136 7
44 105 6
77 122 4
4 79 6
55 138 6
97 148 2
103 145 6
48 191 9
110 119 4
61 152 2
7 188 2
46 96 1
69 147 7
21 129 10
39 128 3
31 74 9
24 28 1
133 169 1
104 151 3
68 86 9
11 17 5
72 103 5
38 160 4
88 121 9
120 166 5
11 54 7
71 175 2
33 35 7
175 185 6
115 199 5
76 110 6
84 161 9
36 86 9
33 159 6
94 155 10
57 115 3
73 178 1
35 53 2
15 27 9
119 187 10
60 131 7
15 119 10
21 170 6
136 189 7
91 125 10
18 61 4
74 91 2
16 133 2
74 107 3
40 159 7
11 147 2
9 103 9
43 93 6
25 199 2
81 186 10
53 138 8
9 132 10
70 183 5
13 100 9
105 143 2
32 56 9
62 185 6
90 175 2
104 169 4
31 76 6
17 118 7
87 186 3
68 85 2
90 105 4
15 187 2
66 180 4
26 151 1
99 171 4
166 184 3
75 142 4
27 79 8
26 87 6
53 71 9
87 199 9
28 165 2
29 198 1
120 145 3
51 59 1
175 188 3
22 129 8
72 115 3
71 183 7
17 104 9
5 197 2
185 198 9
69 160 4
15 25 10
30 172 9
16 32 4
13 112 7
138 155 2
57 103 7
42 143 3
90 172 8
73 92 10
60 114 6
55 146 10
124 150 9
26 139 10
123 196 2
74 114 8
101 159 2
169 186 4
127 183 2
17 87 2
83 170 3
15 58 1
124 162 5
112 155 1
37 44 1
73 75 4
116 138 5
21 115 6
47 191 5
29 95 5
181 194 6
125 187 10
40 42 7
13 141 3
5 47 6
105 167 2
31 104 2
139 145 9
83 164 6
38 104 7
2 116 4
31 87 10
27 60 4
63 103 7
155 177 7
25 61 1
52 159 10
19 195 2
135 183 4
165 172 5
12 82 3
40 135 9
74 83 5
116 137 1
31 122 8
2 40 6
4 158 4
72 139 7
111 154 1
19 77 7
14 84 5
8 44 6
35 117 2
87 91 5
165 167 1
69 129 1
72 83 10
178 197 2
155 188 8
31 78 7
43 115 7
35 180 3
94 96 1
117 188 3
45 140 9
88 127 6
12 77 6
16 43 4
132 187 6
164 187 9
38 74 1
14 35 3
80 186 6
57 199 10
138 176 2
41 84 6
29 33 8
30 64 4
79 124 10
37 55 8
92 180 2
95 178 7
83 179 9
20 32 10
27 118 4
30 177 9
137 148 7
24 40 6
104 190 8
55 73 4
85 142 4
26 99 2
99 160 1
171 190 9
36 176 6
31 69 7
59 168 4
54 82 7
169 174 1
12 171 2
47 62 7
43 150 6
9 80 6
5 193 5
71 156 6
5 141 1
30 183 8
132 136 3
152 171 3
91 124 10
140 166 8
147 162 5
19 76 3
40 116 3
18 60 5
159 188 6
24 137 10
12 195 1
67 145 4
77 118 5
38 162 1
20 173 9
113 175 1
53 148 9
35 155 7
21 187 6
141 182 4
1 181 4
94 161 10
12 110 1
156 196 2
10 63 7
77 152 3
37 68 8
81 157 7
67 119 9
132 162 2
93 122 10
127 177 2
117 193 7
59 187 3
141 200 8
29 47 7
59 99 1
16 119 3
51 157 6
114 119 5
40 142 8
86 154 3
167 180 9
55 137 7
102 187 4
15 26 5
37 39 3
112 121 10
6 140 3
16 18 8
26 45 4
5 7 7
14 41 2
71 185 10
54 56 1
63 133 6
119 139 9
63 129 10
106 159 6
91 152 3
68 123 5
88 175 6
2 24 8
95 111 2
36 94 3
159 200 8
100 194 7
56 173 9
132 157 9
50 120 3
41 73 2
15 51 4
180 183 5
39 44 10
113 193 3
35 41 8
27 162 2
45 189 6
58 132 7
152 162 10
109 113 7
14 146 4
62 175 10
36 66 8
4 164 3
169 171 8
37 84 8
49 77 3
100 153 9
108 197 6
185 193 1
106 148 3
44 75 6
49 93 1
118 132 4
1 138 6
70 75 5
79 144 10
24 185 7
58 150 6
78 145 1
49 114 6
33 70 10
63 174 8
34 138 6
88 138 5
69 130 4
161 183 3
80 149 4
92 112 4
5 14 9
35 70 1
21 163 9
11 65 9
153 167 10
13 121 7
147 169 8
169 173 6
51 103 5
87 119 3
44 161 10
65 189 2
105 182 4
46 71 7
82 187 7
65 144 3
8 108 5
79 104 2
37 88 8
51 76 9
24 101 3
34 68 1
30 88 9
49 168 3
36 62 4
16 168 8
53 180 5
129 173 8
39 165 10
19 114 2
24 182 8
86 188 6
152 199 8
10 91 1
25 103 5
4 19 5
19 82 1
125 133 4
86 143 3
40 95 9
22 151 3
124 163 10
53 172 1
91 93 3
167 182 6
168 174 8
28 196 4
50 125 4
44 62 9
111 197 8
32 49 7
72 144 10
97 159 7
59 144 10
91 126 4
15 61 8
100 159 3
123 185 10
122 179 10
37 100 1
21 107 1
88 181 4
50 102 8
177 183 2
47 135 10
23 62 8
106 155 3
47 192 3
4 11 4
23 71 10
44 197 9
100 127 1
76 93 4
10 199 3
96 105 7
102 118 5
83 131 5
94 185 8
101 192 9
28 197 1
125 136 10
122 132 1
100 141 1
12 102 8
101 116 1
34 37 3
16 61 6
37 75 10
36 75 8
20 195 3
28 94 3
74 140 8
47 111 5
106 165 2
34 137 8
104 164 1
87 150 6
83 151 2
54 83 9
20 126 4
45 72 3
23 148 2
137 200 10
130 187 5
66 121 2
50 74 7
3 145 8
77 82 4
89 168 2
7 42 7
48 53 9
61 125 8
164 199 3
159 192 10
151 199 8
68 178 7
46 73 8
123 142 5
101 123 2
48 116 10
56 186 4
162 184 6
67 103 3
66 127 9
41 176 5
15 130 7
75 153 9
18 152 10
68 70 6
41 167 9
55 197 8
113 142 9
164 186 7
152 173 8
6 163 7
2 96 4
27 82 1
52 182 9
156 167 3
43 151 8
17 77 3
22 169 10
25 110 10
51 152 6
23 200 1
4 187 4
75 180 7
47 101 4
175 191 2
46 86 9
137 180 5
78 81 1
96 146 3
44 141 9
126 163 1
80 157 9
135 196 10
145 171 3
52 116 3
120 140 2
17 19 4
71 116 10
50 131 4
9 91 10
102 150 6
134 150 2
14 85 4
51 74 7
58 152 1
37 191 2
53 128 5
50 65 6
12 31 1
24 48 1
36 183 2
28 53 2
81 187 4
96 121 10
46 92 1
1 41 7
27 78 1
88 105 10
62 68 3
9 93 3
97 137 8
42 109 1
128 188 1
5 42 8
95 176 5
13 143 4
83 168 5
3 12 1
63 114 4
18 45 8
10 147 3
7 180 8
51 122 9
67 99 3
20 50 3
15 166 9
20 81 2
172 181 5
42 84 4
45 133 3
37 46 6
118 187 4
81 131 9
117 143 9
25 31 10
7 117 9
72 190 8
8 14 6
107 147 5
98 123 4
45 58 2
137 192 1
21 145 1
154 193 4
9 190 2
94 95 5
190 199 6
96 197 4
88 106 10
134 179 8
70 101 10
1 116 3
39 53 1
62 191 9
178 185 9
1 155 7
159 194 10
21 22 4
103 104 10
70 108 7
63 151 9
125 157 3
77 166 2
121 188 1
85 105 2
75 106 1
63 93 5
118 150 1
112 196 4
63 69 8
58 166 4
58 89 5
8 37 3
63 166 6
94 196 2
10 152 2
13 85 9
45 118 7
4 74 10
42 142 6
6 173 10
48 182 10
87 134 10
131 166 5
151 179 3
25 144 6
17 160 3
50 184 8
10 79 3
66 146 7
35 138 1
50 157 8
36 88 2
107 145 8
180 185 10
69 72 4
96 196 4
109 146 2
159 177 3
87 139 5
36 111 10
172 183 5
12 158 10
9 145 7
62 177 10
15 169 10
4 91 2
8 167 8
22 157 6
119 132 3
12 119 7
125 170 10
83 174 9
81 184 8
82 164 7
94 177 8
4 189 2
101 128 3
36 148 5
39 159 2
11 49 1
172 182 10
97 141 10
61 184 9
49 56 10
46 153 4
102 110 8
47 105 8
139 179 6
58 69 6
130 136 9
2 113 2
55 94 9
18 130 5
69 139 8
40 46 4
11 124 4
40 105 10
48 183 4
64 167 6
48 135 7
49 80 3
183 198 1
25 107 10
67 118 3
58 119 3
11 122 9
73 113 5
9 187 3
44 146 7
125 126 2
14 183 8
141 193 6
65 187 7
12 54 4
150 174 2
41 86 2
81 169 6
8 148 1
67 199 1
36 95 2
15 120 4
153 188 9
16 195 6
137 194 2
47 155 10
69 115 4
150 179 8
19 81 5
171 184 8
86 105 2
121 181 4
79 122 6
14 46 10
57 170 6
143 175 2
158 187 5
50 61 7
125 179 1
59 145 3
159 181 6
58 107 3
108 191 8
11 115 6
58 125 8
33 71 2
30 85 8
24 37 8
55 188 7
135 191 3
112 181 1
40 178 4
16 130 2
58 81 6
17 74 5
8 96 7
83 169 9
137 172 3
121 191 1
89 145 6
31 43 5
41 106 4
102 124 4
28 92 6
155 167 6
36 200 8
74 120 2
137 181 6
63 67 10
75 141 6
81 118 3
16 89 2
61 168 9
34 180 8
90 96 10
38 191 3
18 51 2
47 188 5
87 115 7
63 125 4
15 45 1
128 191 3
114 151 2
37 154 2
23 86 5
62 127 4
25 179 4
139 170 10
5 135 10
2 196 2
144 160 10
80 131 9
99 195 9
69 91 3
9 32 2
80 190 5
29 167 8
155 196 9
64 159 4
83 124 5
40 146 4
101 176 1
28 35 7
132 158 5
18 63 9
34 111 10
10 140 2
159 193 5
30 66 8
111 167 6
19 91 8
10 18 5
43 157 10
7 112 4
4 140 1
38 80 7
66 138 3
186 190 9
31 63 4
84 95 7
131 174 2
27 72 2
129 158 1
30 137 8
21 164 9
10 87 7
87 173 1
110 160 10
45 130 3
76 145 2
116 135 1
45 76 3
26 120 7
14 94 6
72 184 5
54 80 2
17 83 4
14 42 7
138 188 4
62 167 2
86 100 2
8 141 1
129 152 3
101 165 8
100 116 4
34 53 1
73 159 3
21 149 10
60 78 3
46 53 9
170 189 1
32 63 10
40 127 1
22 89 8
91 99 1
136 195 2
96 177 4
106 128 2
43 61 9
111 148 6
13 109 1
79 115 10
107 160 1
69 80 1
58 87 7
35 185 3
149 184 4
12 79 5
41 123 7
1 53 8
9 144 5
39 153 3
89 164 2
11 20 6
9 107 10
30 98 6
63 145 4
23 175 3
91 199 10
167 191 3
43 145 7
78 93 8
50 114 9
15 132 6
71 181 2
15 60 10
5 155 6
167 185 7
43 158 4
1 88 10
168 187 1
60 144 6
30 96 4
110 144 7
101 155 9
129 199 5
6 102 9
149 187 3
64 98 9
20 91 1
68 117 1
130 152 1
194 197 9
11 60 10
33 156 10
17 65 4
31 83 7
21 174 7
124 149 7
39 101 9
79 199 10
95 197 2
142 182 7
86 109 1
146 181 6
22 107 10
62 188 4
13 35 3
58 151 10
13 71 4
11 38 3
182 197 8
65 119 4
39 55 9
15 81 10
140 162 10
9 147 1
50 173 6
17 31 2
83 125 5
68 128 9
105 161 4
17 199 9
28 62 9
114 150 9
11 118 9
72 151 4
93 140 10
19 79 2
35 88 9
87 140 9
63 99 10
126 179 3
58 74 6
76 99 1
36 182 8
75 193 10
35 192 9
31 179 7
30 62 7
43 122 9
47 90 2
84 101 1
144 149 7
88 183 3
79 99 9
11 104 1
18 122 2
94 178 10
79 195 9
38 144 9
55 98 10
25 139 4
67 151 10
59 126 3
32 83 4
9 45 9
143 191 4
6 126 6
22 163 6
119 130 10
62 117 10
60 79 10
9 43 10
15 162 7
88 112 1
71 161 5
72 80 9
106 123 1
47 123 5
6 187 3
74 80 6
23 143 5
52 142 10
72 170 5
77 199 9
2 29 4
127 197 3
53 109 1
40 177 1
35 55 2
30 196 7
93 134 9
7 48 8
154 165 6
33 39 3
21 25 6
64 183 8
32 60 3
9 152 9
16 173 3
24 68 6
102 163 9
15 49 6
18 79 5
153 176 5
21 79 7
153 177 6
12 189 4
54 145 8
52 75 6
116 167 3
1 71 6
98 183 1
11 45 4
41 128 7
118 162 1
153 183 3
71 90 1
56 149 6
35 146 2
8 142 4
28 193 1
21 65 6
10 107 4
104 163 6
18 151 4
108 185 6
164 195 2
20 136 3
15 82 8
51 164 10
15 190 8
61 151 5
124 184 10
11 57 7
2 94 4
125 186 7
38 60 1
61 173 4
81 99 3
188 200 2
122 151 3
70 167 5
42 180 4
85 159 7
66 176 6
56 147 8
10 115 7
92 172 8
10 124 1
131 189 10
117 165 9
74 144 2
147 164 3
68 75 2
59 65 4
131 144 3
25 50 6
92 105 4
63 163 7
45 56 1
8 28 6
79 174 6
70 116 10
34 181 4
58 140 2
156 180 8
2 98 3
24 121 1
118 164 5
22 69 7
26 174 3
91 134 6
134 166 7
88 200 3
35 143 6
109 112 10
56 83 10
25 152 6
138 161 9
87 160 10
114 179 2
23 108 8
53 135 7
19 56 1
61 69 1
92 141 4
103 184 2
144 190 1
23 98 3
119 174 3
44 55 9
67 163 8
41 88 9
13 105 5
9 173 1
32 166 8
22 57 3
102 170 10
36 146 1
108 111 9
44 148 6
150 166 3
56 157 2
5 167 1
153 198 1
31 67 6
100 111 9
51 199 1
83 158 7
59 83 2
83 136 1
147 187 7
69 134 6
62 176 2
50 87 3
73 197 7
7 161 9
38 199 9
168 199 1
36 191 10
111 128 9
91 170 10
61 162 5
165 197 6
12 38 5
61 144 7
14 156 1
46 183 4
80 122 9
5 71 4
39 178 1
130 190 8
53 161 2
9 50 6
12 130 7
102 129 7
55 106 4
11 166 6
110 163 1
15 115 5
11 125 7
8 42 6
12 63 4
29 159 8
71 112 6
54 173 10
45 104 4
14 86 2
161 194 7
136 158 8
24 108 9
6 78 1
25 82 5
16 187 7
25 74 9
20 114 7
76 124 2
16 80 5
103 139 2
