200 298 2.4465700000 0.2313220000
60 96 6
153 165 6
82 130 2
70 193 3
32 34 3
19 180 10
2 49 6
6 16 10
54 187 5
30 48 6
2 65 3
48 98 6
72 184 4
131 161 7
2 90 10
121 191 10
38 164 6
53 125 6
112 167 1
7 114 8
22 83 10
128 170 6
41 46 9
41 183 5
1 25 3
44 96 5
132 173 6
126 191 2
86 140 10
46 103 6
107 135 2
43 134 5
59 154 6
66 116 3
30 185 10
96 174 10
47 156 4
7 185 4
3 17 6
73 133 6
1 163 1
27 187 10
64 169 5
35 41 1
24 74 8
5 83 6
62 161 9
81 182 2
82 147 7
27 68 2
33 88 8
125 170 2
57 62 5
5 169 2
104 198 1
84 193 6
39 124 8
51 165 5
2 82 9
32 38 7
126 153 2
93 188 9
77 163 6
14 181 4
2 135 3
44 159 2
55 200 9
97 143 6
57 82 3
24 197 2
10 58 9
63 95 3
70 104 1
102 146 10
79 182 6
2 173 6
34 71 6
3 193 6
14 102 10
92 146 9
122 199 3
112 188 4
14 92 5
33 169 2
2 21 9
74 170 10
27 107 3
22 88 1
70 144 3
72 114 4
90 156 1
85 94 3
1 190 6
82 120 6
4 62 7
99 173 8
43 129 6
123 142 3
146 167 5
15 90 9
145 189 8
87 162 5
30 31 1
31 35 8
40 58 3
74 105 1
57 106 6
79 147 2
23 88 4
31 171 9
32 104 3
2 136 1
105 148 6
2 76 7
175 186 9
22 107 1
74 126 9
45 72 7
29 158 6
71 79 6
30 135 2
72 193 5
107 121 5
29 91 3
158 186 3
2 15 7
1 99 6
31 135 5
45 187 10
85 87 3
36 107 3
78 107 2
6 85 10
3 63 9
46 139 9
98 159 6
62 176 5
2 37 7
149 176 4
5 93 3
101 193 4
145 177 4
68 157 8
47 62 5
20 60 3
92 172 2
108 120 5
70 141 3
175 181 3
141 184 7
92 137 8
41 61 5
13 108 4
8 30 5
33 180 10
30 69 6
20 31 4
3 152 5
45 118 10
78 184 2
104 131 5
1 95 6
59 132 5
28 179 1
70 80 9
36 53 10
40 99 6
44 60 7
77 177 7
6 171 5
172 192 4
19 50 1
97 168 7
86 112 7
40 179 2
87 114 5
1 23 5
11 13 3
19 137 3
14 180 9
86 93 6
55 109 1
40 42 8
171 174 10
11 164 9
141 187 7
73 74 7
86 163 9
34 161 8
24 128 3
9 44 5
13 119 1
1 2 3
2 71 4
115 139 7
53 187 10
4 119 10
53 73 4
2 191 4
81 160 5
4 143 2
144 194 10
2 134 1
102 137 3
80 184 1
114 174 4
11 156 2
41 141 3
98 155 5
36 78 3
36 105 5
1 127 2
3 117 1
26 55 1
107 195 9
16 87 8
67 193 6
36 195 7
58 135 8
41 128 10
72 74 9
77 192 2
4 168 9
66 177 2
45 194 9
57 147 7
197 199 10
32 149 5
102 175 6
26 168 8
8 85 5
111 133 3
6 174 5
112 137 7
1 150 2
88 158 4
84 139 4
166 188 6
15 47 6
66 112 2
32 79 1
194 197 1
91 163 7
5 84 6
66 186 10
102 196 8
111 144 6
78 133 7
52 167 6
96 129 2
15 138 2
94 174 9
31 103 3
99 114 8
88 177 2
56 103 8
89 130 10
124 200 8
160 168 4
169 189 5
107 139 6
20 100 8
40 114 1
60 142 4
67 73 4
1 115 3
79 104 2
99 123 7
1 8 7
38 119 4
105 191 4
84 184 1
14 192 2
108 143 1
75 87 2
53 197 2
22 158 3
32 109 4
12 97 8
3 151 8
39 131 6
158 172 5
89 143 5
28 48 6
149 182 9
161 168 10
93 178 10
60 173 4
170 187 4
172 175 4
22 113 10
18 188 4
127 167 7
93 192 9
2 159 8
96 100 10
111 183 5
3 110 10
