200 341 5.6065300000 0.2065540000
40 89 1
110 189 1
44 67 1
55 140 1
86 146 2
54 143 2
43 137 2
111 117 2
117 198 3
50 55 1
70 83 3
147 198 1
3 138 1
140 152 2
128 149 1
53 129 3
3 69 1
94 168 3
12 152 3
103 111 3
126 168 3
51 173 2
167 198 1
32 167 2
22 119 1
28 47 2
46 89 2
13 183 1
137 155 3
120 149 3
78 165 3
97 176 1
20 78 3
4 71 3
151 189 2
86 183 2
7 108 1
119 127 1
42 189 2
152 165 2
69 200 3
60 65 2
17 89 3
7 60 1
21 179 3
90 109 3
18 61 1
167 199 2
110 143 3
101 129 1
80 188 3
37 123 2
54 168 2
33 37 1
48 115 1
47 186 1
98 155 3
2 144 4
67 190 2
6 197 1
53 118 1
65 177 3
2 77 2
137 160 2
59 71 2
53 69 1
174 195 1
127 146 3
73 105 1
49 82 3
11 193 2
86 164 2
1 135 8
65 122 1
24 113 3
2 185 1
123 159 3
12 66 3
58 71 1
92 148 1
101 172 1
61 183 3
101 163 1
88 150 1
75 87 3
93 142 3
108 147 1
50 61 1
96 108 1
79 137 1
55 93 1
67 154 1
54 149 3
111 143 2
58 107 1
11 73 2
24 41 1
52 171 1
33 48 3
58 171 3
86 171 1
101 186 2
78 139 3
121 187 3
38 193 1
69 189 3
110 165 2
18 20 2
1 40 1
54 111 1
104 200 3
45 79 1
91 199 1
3 182 3
37 156 1
72 86 2
36 199 1
21 169 1
118 178 1
11 185 1
99 176 1
2 199 1
46 114 3
31 34 2
18 54 3
10 27 1
13 194 3
4 137 1
64 78 3
174 200 1
149 152 3
2 63 6
9 43 3
73 174 1
15 156 1
77 176 2
37 57 1
13 150 2
52 178 3
24 67 3
123 142 1
95 102 1
64 90 1
185 187 2
27 57 2
27 168 3
43 132 3
3 75 3
26 163 1
70 136 3
45 86 2
151 194 1
26 137 2
72 147 1
50 119 1
26 123 2
111 200 1
126 178 3
14 52 3
33 178 3
38 104 1
118 196 3
164 176 2
23 51 2
47 192 1
46 99 1
97 129 1
30 199 1
103 192 3
185 191 3
57 174 3
58 196 2
48 91 2
69 162 2
122 131 1
76 111 1
13 168 1
111 149 2
32 102 3
85 156 3
140 147 3
6 27 2
38 119 1
45 104 1
45 185 2
4 28 3
56 131 1
7 33 1
33 152 2
17 79 1
1 184 10
73 118 3
57 189 1
3 74 2
15 130 1
145 197 2
109 169 1
32 160 2
33 134 3
3 158 3
81 150 2
23 119 3
11 52 1
1 166 9
34 80 2
32 118 1
18 33 3
24 121 2
62 159 2
67 177 2
115 196 1
141 186 3
29 106 3
111 162 2
7 80 2
133 192 1
132 170 1
2 99 1
27 118 2
3 87 7
1 25 7
79 167 1
90 111 1
57 126 1
68 179 3
57 58 2
47 154 2
105 165 2
31 65 3
1 157 1
140 188 1
9 148 2
187 190 1
4 85 1
68 94 1
17 199 1
14 58 2
171 196 3
52 175 2
43 195 1
125 199 3
1 16 6
52 139 2
97 124 1
112 172 2
139 185 1
19 47 2
61 82 3
59 177 1
31 192 1
101 131 1
52 108 2
146 161 2
140 178 1
32 96 2
72 188 2
8 199 1
90 100 1
117 195 2
13 24 3
3 180 9
107 181 3
93 193 1
60 82 3
17 30 3
162 191 1
65 199 1
24 60 1
58 133 3
192 195 1
15 150 1
160 197 2
41 99 1
106 110 1
110 181 3
77 154 1
91 175 3
6 91 3
33 66 1
147 151 1
116 155 3
188 198 1
7 86 1
12 120 2
31 150 3
79 197 2
55 105 1
52 66 1
105 192 3
21 64 3
15 17 1
110 198 3
109 198 1
48 64 3
18 151 2
47 136 1
11 33 1
105 174 3
6 106 2
62 100 2
196 198 2
62 155 3
20 178 1
128 170 2
3 39 8
33 94 2
78 111 1
109 165 1
46 179 1
83 122 3
34 156 1
183 189 1
52 106 1
137 170 1
105 195 3
37 153 3
38 84 1
84 141 1
27 182 1
3 34 1
109 192 3
45 121 3
66 168 3
69 115 2
127 154 3
98 193 1
114 170 2
35 121 3
61 196 1
58 91 1
44 170 1
140 175 1
14 169 1
192 193 3
84 197 3
93 102 3
103 179 3
5 9 1
64 108 1
40 86 3
33 190 1
