200 1165 5.0713200000 0.6270890000
19 85 3
12 108 7
34 76 10
166 179 6
36 83 6
66 194 10
139 161 6
46 107 8
19 159 5
80 158 9
20 110 8
16 59 1
103 168 3
74 126 3
78 81 3
53 98 3
113 126 2
13 14 10
31 168 2
32 187 1
85 145 4
1 5 7
65 145 4
129 148 7
9 94 6
34 75 2
8 116 4
108 170 7
34 104 5
57 136 1
41 85 2
112 168 5
143 182 5
12 31 2
125 136 6
157 161 4
72 138 7
10 188 3
93 162 1
105 138 4
8 125 9
93 199 5
109 180 2
59 121 1
67 145 8
29 98 10
37 44 6
109 145 3
57 192 2
3 113 9
42 199 1
10 115 4
84 134 1
132 181 6
22 55 5
67 117 8
186 195 2
59 157 9
14 58 10
59 70 3
140 168 1
16 51 6
23 25 9
4 14 6
75 76 2
19 90 3
36 102 10
56 79 4
67 178 5
182 191 7
34 46 7
35 180 9
56 93 1
61 138 2
43 162 3
51 72 3
26 29 2
47 119 10
26 45 6
143 180 5
103 129 10
108 141 10
19 67 6
35 67 2
64 191 4
75 110 8
136 198 7
8 73 1
166 172 4
45 151 10
55 193 7
74 199 10
7 50 9
29 50 2
132 171 7
4 38 7
56 162 1
54 169 9
49 107 3
3 169 8
10 136 6
7 26 9
57 127 3
79 163 10
65 179 10
42 130 4
136 188 6
90 143 2
76 170 5
16 200 10
136 199 6
90 159 7
43 115 10
66 192 7
16 56 2
69 104 1
86 152 6
98 111 3
58 82 10
131 174 6
46 176 7
110 171 1
8 89 5
131 178 3
101 125 8
9 52 5
119 149 8
74 177 6
140 181 10
72 113 3
127 194 2
67 180 4
51 77 10
59 115 10
29 33 6
95 151 10
146 153 1
34 154 1
32 193 2
113 192 1
68 123 5
51 61 1
13 32 5
84 160 3
14 22 4
145 174 3
16 27 6
55 106 1
81 135 9
37 95 8
107 176 5
159 172 5
117 182 10
11 182 5
11 191 6
58 123 1
18 166 10
40 190 3
51 164 7
79 200 2
2 109 10
125 195 5
110 146 4
48 110 8
51 127 9
114 163 7
49 128 6
16 113 2
98 159 10
121 200 10
61 125 10
12 128 9
67 111 5
41 102 10
94 191 9
17 158 2
49 148 2
59 188 4
5 141 4
60 156 8
41 45 7
80 144 8
12 176 9
11 35 2
25 147 2
4 84 1
29 178 2
88 106 7
192 199 10
101 198 10
44 117 8
181 184 8
142 153 8
52 64 10
163 164 1
103 110 1
42 89 1
74 101 2
95 155 10
31 69 7
57 198 8
10 57 4
9 53 7
55 115 8
96 170 10
81 185 4
119 153 10
173 196 5
47 72 6
116 198 3
29 92 6
38 40 8
61 101 6
93 105 3
185 193 9
162 164 6
3 43 3
72 77 9
22 147 9
34 112 8
24 31 9
19 29 6
42 164 5
97 131 3
28 107 4
101 138 3
28 60 3
109 117 9
42 70 8
36 191 9
23 27 10
108 119 7
54 198 7
42 74 7
17 38 4
93 115 4
10 195 6
61 79 4
83 145 10
91 112 5
36 166 6
4 123 9
56 70 2
9 18 4
35 120 2
19 177 3
103 108 5
61 169 4
125 163 10
152 158 1
170 197 7
45 179 10
60 133 8
37 92 5
128 196 7
194 200 9
38 55 8
48 176 2
113 200 5
13 187 7
6 150 5
28 140 7
21 185 1
166 182 1
45 155 5
105 136 10
3 72 7
65 166 3
85 97 6
12 112 9
62 99 4
9 37 3
1 77 8
84 158 3
186 200 7
54 56 3
77 138 4
3 121 8
31 76 7
59 66 9
46 128 9
77 116 3
173 176 5
27 42 8
85 151 8
177 179 9
1 99 5
50 90 8
19 45 8
188 200 6
89 101 7
77 130 5
3 77 10
112 133 9
142 146 7
123 135 10
126 157 1
50 117 8
131 155 4
51 74 3
138 157 1
61 157 2
79 169 10
18 145 1
56 57 10
167 170 1
89 169 9
107 119 4
7 151 3
163 186 10
92 98 4
8 16 8
1 197 5
9 120 5
163 188 8
45 92 1
27 200 9
60 142 2
11 45 6
63 158 7
10 125 5
19 44 1
112 173 5
75 142 6
100 142 8
11 109 4
121 194 6
33 41 6
33 36 7
78 187 4
87 166 8
61 186 6
27 72 1
43 89 9
10 116 3
101 114 4
29 151 6
37 179 1
26 111 6
103 148 1
79 89 4
29 64 1
21 82 2
53 117 6
133 170 6
153 184 7
43 73 9
74 192 7
122 192 9
47 115 2
78 84 4
11 102 4
77 157 4
36 174 1
49 154 1
14 38 10
111 174 4
70 127 1
20 76 7
2 88 3
134 147 9
119 171 4
168 181 2
5 104 9
6 189 5
37 97 7
57 72 9
100 197 3
94 98 6
114 121 9
11 131 10
14 160 3
139 169 8
92 102 1
59 164 8
90 116 4
36 65 4
66 114 3
60 196 9
49 176 1
14 82 5
5 153 2
18 83 10
85 178 1
77 139 5
27 138 1
116 130 4
54 186 7
152 187 7
76 129 4
11 97 7
66 77 1
29 41 5
86 122 9
142 168 4
155 180 6
188 192 2
1 181 2
60 154 3
76 128 4
97 191 3
95 131 8
52 90 10
35 90 4
48 171 1
7 102 9
99 165 5
11 94 5
5 49 9
29 102 1
18 92 6
31 112 5
39 58 2
2 134 10
56 74 1
60 171 7
47 70 5
116 161 9
53 92 1
26 52 3
114 125 3
41 56 2
47 138 7
73 116 2
186 194 2
86 185 4
156 173 7
61 195 10
18 87 2
57 70 5
2 35 3
25 144 4
16 130 1
91 154 1
131 182 9
65 174 10
33 159 9
115 136 10
71 150 1
57 89 2
134 185 9
74 116 7
37 178 3
36 87 7
105 139 4
164 188 5
5 107 2
29 117 2
29 143 1
79 126 8
198 199 4
56 113 7
28 46 1
89 116 9
145 178 9
57 79 3
78 190 10
77 198 6
4 82 8
1 129 2
174 182 4
42 59 1
83 180 10
26 174 1
188 194 7
124 145 10
11 90 5
44 182 9
26 131 6
63 99 10
26 109 10
126 127 1
73 161 5
72 169 8
3 61 1
5 48 10
31 197 6
67 172 7
90 131 3
25 123 10
102 159 8
20 181 8
56 115 9
9 11 10
74 79 1
76 171 3
1 49 9
79 162 1
93 164 3
110 149 3
48 168 7
34 60 8
77 79 7
61 139 1
59 195 9
144 160 1
26 64 4
127 139 1
114 194 2
120 177 6
111 178 6
41 159 6
74 115 3
79 136 9
42 56 9
51 136 9
79 130 8
94 102 8
54 72 2
92 182 5
72 198 5
41 151 5
149 181 1
146 154 10
74 157 4
51 169 3
58 114 9
40 68 10
49 91 6
8 51 1
84 88 5
49 167 1
10 77 9
130 199 7
62 158 8
72 194 5
54 138 9
174 177 1
92 151 7
35 111 5
3 130 2
96 132 3
112 148 2
82 123 5
34 148 8
141 149 7
17 144 4
93 113 4
9 145 7
99 158 8
135 183 7
45 191 7
66 139 2
45 177 7
110 197 5
19 172 9
75 197 7
92 111 1
32 135 10
44 90 7
4 17 3
90 98 3
23 189 5
70 163 3
100 167 7
107 197 1
35 109 8
7 41 3
110 142 5
5 146 5
44 174 9
159 182 1
60 132 7
42 188 3
83 182 5
148 154 5
75 141 2
27 61 9
74 113 2
16 114 3
155 177 8
59 192 6
12 141 9
57 130 6
43 61 8
140 146 2
127 198 4
16 43 9
95 97 1
16 192 1
49 96 3
49 146 8
99 134 3
18 45 8
6 16 5
57 161 2
83 90 3
28 76 10
93 121 8
140 156 8
132 146 10
13 175 6
66 162 2
2 26 9
7 64 9
17 62 8
8 136 1
31 46 7
98 145 9
113 169 4
177 178 6
97 120 1
8 121 9
99 123 5
42 192 8
19 155 8
56 136 4
121 195 8
43 188 4
84 99 3
35 102 6
45 64 1
87 120 9
24 167 3
72 101 6
97 155 4
126 139 2
31 132 7
47 188 6
91 146 2
43 113 10
121 162 9
85 120 3
42 126 3
23 158 2
9 102 1
26 120 5
93 188 2
124 143 9
76 142 9
64 102 4
130 195 8
27 125 6
16 89 3
43 116 1
102 124 5
87 111 10
60 112 1
174 178 9
52 87 5
18 44 5
61 192 10
43 198 7
79 121 8
54 163 4
28 49 8
16 74 1
73 98 1
53 182 3
93 186 8
5 154 8
116 163 4
56 59 9
19 111 2
11 180 2
144 158 5
74 200 7
89 125 8
157 188 8
108 146 2
78 183 1
67 151 8
59 93 5
20 119 5
57 139 9
89 127 4
44 191 6
14 86 4
60 153 2
94 131 9
159 178 5
115 198 4
12 154 6
114 192 3
44 94 1
32 80 1
74 138 10
61 115 2
102 191 4
132 142 2
56 101 7
9 65 7
42 157 5
129 168 8
33 92 7
164 200 1
120 182 9
11 85 7
27 79 10
75 133 4
53 143 4
161 186 8
87 174 4
87 95 4
83 159 10
73 169 10
91 128 4
198 200 5
47 61 7
19 117 7
151 179 9
23 123 3
61 199 9
64 95 1
173 181 3
35 85 2
27 130 2
52 117 6
37 52 2
127 169 8
107 141 1
77 115 7
73 198 10
7 92 2
54 74 8
156 171 10
105 195 2
119 154 3
101 186 5
63 183 9
98 179 1
64 87 2
26 102 8
29 90 3
67 124 3
89 165 1
36 151 7
36 50 9
77 136 2
39 134 7
28 168 1
31 171 1
51 199 9
37 65 1
45 97 10
135 175 3
84 147 1
146 184 5
95 120 3
16 163 5
38 106 7
42 61 10
16 72 10
105 121 3
79 93 5
60 108 7
34 170 2
43 105 5
37 159 4
121 161 6
112 119 9
107 153 6
20 108 3
19 33 7
19 102 4
27 54 8
18 36 6
1 128 10
45 143 8
48 148 3
58 165 2
174 191 10
77 194 7
22 84 6
54 101 10
167 171 10
194 199 2
41 178 4
140 141 8
11 87 1
103 181 4
96 146 1
54 93 7
126 163 4
7 182 8
120 172 4
11 44 10
126 164 1
119 181 1
127 162 6
105 164 4
40 137 8
11 29 8
2 92 9
51 186 8
43 54 9
8 42 4
164 186 5
38 81 5
104 149 8
47 77 1
31 128 2
38 165 9
18 26 10
115 125 1
3 51 10
46 184 7
112 181 6
80 99 10
96 107 6
82 160 9
37 172 5
64 92 1
107 154 3
130 198 8
70 73 1
10 101 6
50 151 7
1 17 6
77 89 7
168 176 6
9 67 10
57 121 10
171 176 6
162 198 1
73 121 4
53 131 1
62 189 10
74 195 4
136 200 1
60 146 7
110 167 6
17 147 1
125 138 8
72 115 6
176 197 6
35 45 6
35 121 7
143 166 1
41 53 6
164 195 6
12 100 10
18 182 4
44 172 9
73 74 9
4 6 6
35 41 1
28 181 6
8 164 5
20 60 2
1 24 2
148 170 5
37 85 5
57 169 8
72 164 7
7 179 7
80 185 5
21 25 7
83 102 2
125 162 3
85 200 2
64 83 7
139 199 9
59 113 1
31 104 6
50 67 2
59 105 2
93 125 9
119 133 3
164 199 2
85 98 3
169 195 5
48 76 7
172 191 9
73 93 4
67 179 9
10 157 5
16 199 10
116 138 3
44 97 10
119 129 2
3 56 1
27 43 4
51 188 7
30 137 10
5 149 5
10 42 5
65 90 3
12 110 4
101 116 1
92 177 8
57 164 5
37 67 2
18 177 8
31 49 1
43 47 3
73 139 7
177 180 10
114 199 4
34 100 10
87 98 6
98 177 2
12 181 2
97 178 8
97 124 6
88 118 5
25 88 6
42 186 4
79 194 9
128 181 2
110 119 2
111 179 8
76 119 10
21 137 8
195 199 2
3 161 6
115 161 4
101 195 2
130 162 1
54 200 6
9 180 6
27 136 7
12 132 9
116 139 6
47 186 6
26 92 6
65 124 2
56 199 5
52 94 8
54 57 8
118 190 7
2 53 9
3 66 5
26 191 7
105 127 4
36 97 5
14 158 6
42 169 7
91 181 6
48 96 7
41 92 10
116 127 9
14 152 2
1 15 5
73 113 2
132 156 3
36 94 6
121 164 1
66 200 8
68 88 7
76 107 4
19 83 7
16 164 10
27 188 9
102 117 6
2 155 2
8 192 6
16 125 4
27 77 6
37 50 9
13 78 7
8 186 7
59 136 6
125 188 6
162 169 5
12 49 2
192 198 10
81 193 3
5 195 10
3 199 1
16 47 5
87 155 5
70 93 5
128 167 2
12 170 8
179 180 5
75 184 6
47 163 3
1 84 1
102 151 2
97 172 1
40 106 2
99 106 6
27 59 2
46 100 9
152 190 4
161 200 7
8 66 5
36 90 3
19 179 7
8 198 5
35 98 1
48 153 4
10 127 8
40 160 8
47 93 10
97 151 6
37 94 7
55 150 6
76 154 10
75 140 4
24 75 7
27 195 1
170 184 7
120 191 2
28 110 1
195 200 4
50 87 2
7 85 8
47 161 8
90 191 10
35 166 7
8 27 1
114 126 9
1 62 7
135 187 1
84 189 4
131 180 1
49 103 3
170 176 10
102 177 4
17 123 3
138 163 5
16 186 1
151 177 9
56 116 7
67 94 1
22 25 8
154 196 9
41 111 5
142 176 8
64 85 5
130 194 4
11 179 4
38 150 4
36 180 9
68 183 5
26 155 7
148 156 10
43 199 9
70 138 10
61 66 1
3 126 4
83 177 9
77 126 7
1 107 7
45 87 3
2 165 1
136 163 7
61 73 7
11 117 4
85 117 3
116 121 6
76 141 9
28 148 10
73 115 1
143 155 3
114 186 7
24 108 9
11 33 2
11 18 3
58 137 7
100 112 9
41 51 9
29 179 6
116 188 3
26 44 4
18 97 9
74 136 6
29 109 5
86 118 6
28 91 9
133 171 1
167 184 2
87 117 1
92 124 9
169 186 10
110 176 1
48 141 4
160 189 10
115 195 6
114 116 3
130 139 2
22 160 6
152 193 1
51 143 5
133 181 7
53 159 5
56 89 10
2 9 10
47 54 4
10 27 4
9 191 1
164 192 1
2 147 5
3 16 3
29 145 3
9 178 4
127 195 10
105 194 3
151 178 7
37 41 1
69 168 5
104 146 5
128 149 2
2 14 7
162 192 10
7 65 3
64 111 8
42 79 2
127 136 6
146 168 1
7 94 8
30 82 3
60 168 2
27 115 4
70 101 10
20 153 5
85 179 4
72 199 7
89 164 2
9 159 6
115 188 9
2 7 6
72 116 4
59 161 2
102 174 2
114 136 2
12 104 5
2 131 9
161 195 7
52 120 2
27 127 6
83 151 8
151 166 8
54 59 5
65 87 8
11 178 2
10 113 7
47 109 4
45 102 10
33 45 9
6 63 5
50 120 9
6 99 3
26 35 1
107 181 8
172 178 3
64 109 8
179 191 10
87 131 7
43 195 10
66 198 6
53 85 4
142 156 7
27 121 1
37 145 3
83 92 5
127 161 3
97 111 7
42 121 9
1 88 10
118 147 4
47 116 3
59 194 8
142 195 9
41 172 4
9 33 3
94 180 7
20 129 10
30 81 7
163 194 9
29 182 6
89 188 10
108 184 2
