200 2362 4.4579500000 0.9286240000
173 174 6
118 121 5
148 185 5
45 72 5
49 67 7
141 184 1
157 190 2
5 109 10
33 176 5
113 144 7
69 186 2
65 119 3
99 115 2
19 57 9
38 69 4
23 124 4
162 185 7
107 172 8
132 197 1
170 176 8
10 72 1
106 168 6
126 155 2
163 187 4
134 196 3
112 138 3
13 115 10
140 146 9
186 195 4
185 194 5
128 142 3
113 189 2
6 114 1
87 158 6
145 170 1
45 85 10
30 114 1
113 149 2
66 73 6
10 13 2
19 159 7
23 102 3
47 59 1
106 181 5
52 169 10
29 146 6
121 177 5
15 46 4
7 53 3
61 92 6
103 182 3
50 52 10
78 123 3
117 165 7
148 171 1
30 62 7
120 139 8
47 51 10
12 87 5
102 154 1
84 109 5
17 126 6
52 72 7
6 55 4
70 127 6
38 183 9
26 66 5
29 164 9
70 114 5
42 149 6
17 63 7
24 76 1
9 75 5
7 80 5
75 86 7
108 144 1
57 149 7
172 181 6
39 133 2
66 104 2
8 50 8
11 26 10
13 35 10
9 62 1
37 141 7
109 112 8
15 104 5
131 132 3
41 76 9
27 110 2
20 165 8
161 182 4
176 192 7
87 157 4
72 108 7
175 196 2
145 199 7
86 110 10
75 114 5
160 197 5
6 148 6
37 116 9
33 44 10
25 151 5
125 159 6
4 78 4
43 151 7
71 152 1
141 176 9
123 135 3
78 105 9
18 80 10
42 189 3
4 67 3
115 140 10
138 182 7
103 136 2
46 61 8
64 153 8
29 138 7
138 181 7
61 68 5
124 168 5
50 124 8
69 127 2
99 153 9
57 159 1
16 142 1
76 122 7
1 171 7
82 141 7
62 186 5
25 117 9
63 82 7
5 28 8
149 157 3
31 117 9
50 151 4
13 89 6
107 112 7
34 88 9
63 90 9
2 121 5
117 191 6
60 190 6
131 144 1
134 189 9
19 67 5
42 132 7
109 193 6
38 120 2
117 128 8
12 98 2
51 182 5
66 147 5
118 153 3
33 65 4
2 142 2
29 112 3
117 164 4
15 180 2
81 114 7
68 119 1
96 197 8
80 167 10
19 40 4
59 103 7
166 193 1
50 193 2
41 167 3
40 129 5
87 196 2
58 128 5
69 120 2
2 181 10
1 78 2
67 162 6
29 45 9
38 55 5
63 122 8
20 45 1
154 172 3
2 187 5
49 120 8
65 167 3
48 183 9
44 122 6
81 139 9
20 101 2
91 136 5
85 117 2
57 60 4
138 187 9
32 188 5
73 122 3
41 61 8
13 177 8
31 89 5
12 127 2
45 193 8
131 192 9
47 101 7
51 128 7
85 88 2
19 196 7
166 199 2
35 177 8
2 50 8
47 109 6
28 39 1
122 176 7
150 189 10
130 200 3
19 38 8
110 185 1
13 47 5
162 189 10
40 185 8
91 154 9
29 103 4
100 123 7
183 196 2
24 95 5
164 168 1
135 189 8
8 133 4
72 188 1
135 162 3
72 106 3
139 157 1
44 104 6
52 161 5
100 148 2
6 194 3
60 152 2
2 112 9
128 191 4
47 58 2
99 198 2
1 135 5
127 189 9
141 170 5
77 177 5
54 110 1
40 105 10
68 73 8
89 153 5
62 194 8
43 59 1
107 138 2
17 61 10
11 111 10
131 148 2
43 137 9
13 128 8
28 124 9
13 92 2
32 187 7
101 107 7
1 12 3
8 77 2
98 115 2
11 199 9
4 149 5
45 59 9
113 160 2
130 147 2
48 195 9
108 156 3
25 174 7
59 133 5
90 95 5
47 133 7
27 148 6
95 145 10
18 126 10
23 165 1
64 177 3
13 174 8
17 68 6
164 166 6
99 101 7
148 150 8
100 185 8
50 133 2
139 144 4
108 118 1
109 130 7
24 200 4
12 144 5
161 188 3
15 200 1
9 74 9
76 199 10
41 126 5
73 141 8
34 39 9
4 93 8
31 163 9
77 115 2
184 199 4
89 108 6
55 69 8
58 59 8
43 173 8
49 149 6
40 194 1
55 113 5
31 191 10
117 163 4
7 44 2
155 184 3
41 46 7
101 193 7
16 148 9
119 199 7
56 155 1
13 14 3
25 39 3
93 186 10
52 101 10
62 69 9
12 49 9
53 104 1
154 156 3
25 112 1
5 188 5
134 195 7
9 38 7
36 37 8
141 143 3
100 135 9
39 58 9
135 190 7
8 14 3
113 183 5
88 136 4
2 174 4
77 89 8
51 124 8
35 47 9
5 117 6
155 167 2
28 72 3
3 53 8
5 10 1
18 167 1
169 181 7
31 103 8
75 134 8
164 179 5
59 163 4
42 105 1
94 146 9
69 78 2
86 159 8
128 161 2
38 96 5
131 197 4
8 32 8
20 34 3
107 193 5
70 162 3
15 181 3
88 142 4
125 162 6
126 192 3
54 152 3
4 105 7
91 179 9
18 145 7
16 75 8
115 156 10
98 160 6
74 195 5
117 138 7
64 137 10
49 148 9
8 154 4
95 167 10
55 114 3
121 193 4
132 144 7
6 183 2
71 93 8
98 100 7
71 105 5
35 112 6
129 195 3
46 119 9
3 111 4
23 85 8
70 71 6
147 199 9
81 186 6
121 137 2
152 196 5
29 117 5
8 188 6
121 156 3
73 126 2
42 57 7
28 177 10
161 191 6
35 138 9
67 100 5
3 143 8
85 102 6
1 48 5
86 185 7
12 114 1
2 172 9
86 160 4
54 195 7
23 109 9
31 58 5
57 67 10
67 87 5
110 114 3
127 148 5
9 98 5
88 165 9
112 136 2
94 128 4
96 158 2
13 198 7
6 120 3
75 78 3
100 194 7
32 77 3
80 95 1
65 126 9
3 46 6
22 65 3
134 157 7
47 137 4
33 155 7
83 144 8
131 183 1
98 194 2
175 185 1
47 121 4
16 19 1
68 103 2
140 142 8
78 157 7
154 179 5
165 173 6
20 163 10
93 135 2
38 86 5
56 167 5
86 129 9
181 188 8
59 94 10
4 49 3
79 175 6
50 107 9
83 160 10
53 122 4
128 154 1
63 143 9
156 177 1
96 194 9
79 81 8
38 190 7
102 165 1
66 130 1
115 128 10
28 156 1
17 135 7
43 198 7
54 98 10
77 112 6
81 135 5
43 102 1
87 189 2
86 102 1
60 159 5
107 165 4
97 200 10
93 120 9
89 169 5
64 136 8
69 83 8
33 73 5
40 127 5
160 162 4
59 117 4
124 187 9
62 74 7
49 105 3
14 146 7
22 37 10
43 50 7
121 140 7
133 140 1
172 187 6
42 171 8
5 172 9
99 103 2
174 191 1
38 159 7
139 159 1
46 104 2
72 92 9
30 144 3
61 65 5
54 87 9
145 192 1
32 182 8
86 175 1
113 197 5
3 56 8
36 73 9
35 137 4
74 105 5
151 164 2
163 173 2
46 130 4
102 146 7
27 40 8
102 191 5
65 104 10
166 173 8
94 153 5
71 79 6
103 179 9
31 72 7
6 185 4
81 196 5
37 73 2
25 140 8
66 122 4
82 167 5
53 126 1
149 186 4
93 158 4
64 187 4
94 121 1
18 147 2
55 171 9
41 192 10
36 56 6
45 191 8
30 57 2
12 110 3
109 151 6
75 120 1
18 24 6
8 138 8
16 139 6
31 124 1
133 164 6
93 96 9
49 189 10
80 200 2
79 100 5
50 99 6
79 132 2
59 141 5
34 156 9
9 186 9
174 187 4
80 147 5
41 200 2
33 170 9
106 133 8
109 172 8
24 68 5
109 138 4
153 168 10
64 181 6
38 114 4
127 132 6
152 171 5
74 159 1
63 176 6
48 144 1
84 128 9
14 52 6
55 87 5
92 154 10
6 9 4
27 183 3
44 65 5
49 129 8
67 186 2
63 167 8
92 169 7
60 175 4
90 171 4
92 121 7
118 172 7
156 168 2
27 171 2
31 181 6
23 136 4
133 181 10
77 198 2
28 50 7
47 169 1
12 125 3
54 132 1
53 73 5
107 124 6
27 175 3
142 181 10
6 195 10
51 102 10
35 128 2
2 169 5
62 157 3
111 200 7
99 172 9
49 62 8
12 16 4
42 60 4
27 194 9
78 134 6
2 117 6
36 199 6
116 122 1
52 58 8
10 177 1
91 117 2
4 139 6
2 166 7
51 98 1
166 198 4
101 133 10
28 142 5
27 190 6
64 124 3
12 148 7
98 185 2
108 164 2
46 155 4
82 119 2
45 103 4
19 86 9
20 28 8
13 31 6
112 128 1
66 184 1
1 69 9
92 178 1
106 191 6
9 110 6
108 146 5
135 157 9
39 168 4
86 194 5
144 186 1
60 189 2
40 49 7
41 155 8
154 166 8
27 150 8
31 161 10
26 192 2
149 171 5
47 136 9
85 109 8
70 190 5
18 73 4
90 143 5
14 102 2
160 171 2
161 174 9
16 134 8
35 174 9
113 139 1
91 109 7
39 50 5
151 165 6
172 178 2
141 167 6
56 65 5
177 198 1
32 103 1
46 73 1
115 193 6
122 147 2
9 42 2
94 178 6
48 125 9
71 134 7
75 129 10
113 194 3
117 121 3
65 143 9
74 194 5
42 79 6
10 101 8
186 189 4
95 100 3
78 131 1
45 181 7
57 93 9
110 159 10
87 100 4
62 87 2
34 124 6
29 91 3
115 187 3
32 92 4
3 167 9
55 123 10
94 144 2
77 138 3
32 142 9
31 188 2
17 97 4
122 130 3
70 123 7
124 154 6
5 136 7
53 170 1
163 172 6
40 55 8
65 130 10
51 151 5
56 126 5
34 117 1
85 188 8
15 26 3
152 160 6
95 130 4
113 125 10
157 159 6
25 182 9
56 111 3
55 60 10
20 94 6
94 112 6
154 161 8
18 143 5
16 48 3
116 180 4
25 191 2
125 134 1
3 26 5
13 23 3
91 111 6
57 75 9
114 183 10
8 191 8
4 79 3
5 193 4
130 155 5
76 184 10
160 190 4
74 120 4
47 50 2
107 117 7
157 196 10
146 165 3
35 50 9
25 107 6
47 138 3
155 192 1
61 82 8
51 153 7
17 41 1
72 109 1
31 64 3
30 148 9
85 115 1
25 94 9
84 182 1
77 103 2
143 184 2
82 128 5
120 162 1
48 87 4
74 86 2
94 137 5
120 196 1
126 200 4
30 49 2
58 94 6
2 133 5
99 166 10
104 170 1
66 167 5
108 151 2
69 114 6
84 146 3
163 168 6
30 40 3
12 197 5
78 114 8
29 58 3
20 187 6
129 160 5
75 159 7
31 35 5
130 141 7
116 119 2
129 133 1
25 165 3
9 134 8
85 106 1
168 191 9
36 141 5
83 194 4
28 128 10
30 160 8
48 189 7
89 181 5
169 179 3
59 191 8
115 137 2
71 196 8
29 181 3
72 182 8
35 45 2
14 91 5
91 119 1
58 92 9
47 115 7
5 182 4
86 131 6
57 110 10
142 177 9
18 111 7
100 195 8
88 161 8
93 139 6
87 150 7
57 144 2
42 110 5
62 125 3
66 90 1
67 150 2
109 177 3
12 78 8
34 43 9
54 93 1
92 146 2
11 90 10
38 74 3
28 146 8
106 187 2
53 76 7
63 145 4
136 137 8
29 154 7
107 191 9
1 120 4
85 107 4
101 169 2
80 90 5
15 143 3
60 129 6
58 101 8
71 139 1
137 154 3
111 143 4
16 171 10
21 80 3
31 84 10
148 195 2
83 197 5
88 182 8
127 186 6
73 147 5
120 125 6
29 168 5
128 156 1
67 127 1
33 192 6
105 114 5
32 161 8
23 35 2
5 168 3
17 24 9
16 195 6
10 140 7
57 125 7
78 197 1
128 138 7
42 123 4
106 137 1
59 174 8
60 131 2
130 199 4
70 152 9
46 141 1
13 107 3
118 191 2
37 97 8
37 82 4
120 149 1
72 174 3
48 79 5
48 86 1
136 140 3
55 160 7
57 139 1
190 197 2
98 120 5
71 123 4
33 119 1
118 182 8
41 130 9
132 157 3
27 98 8
100 132 6
88 106 10
6 86 7
72 88 2
159 166 1
98 114 7
6 87 7
39 109 8
126 143 1
15 126 2
29 169 8
99 140 7
9 183 1
49 69 8
95 147 5
100 114 4
80 130 2
5 112 8
55 134 3
12 160 7
135 139 8
160 189 2
61 155 5
86 148 9
2 45 1
14 117 3
44 167 10
151 154 6
21 135 1
150 186 10
72 177 8
151 174 6
118 169 9
66 155 2
12 74 4
63 155 2
80 199 4
48 62 8
28 151 3
20 121 2
114 139 5
69 185 7
85 178 3
13 168 5
61 141 3
30 152 4
40 60 7
78 139 5
30 93 1
4 127 8
15 145 5
72 77 7
105 194 1
25 103 8
85 136 10
5 146 4
70 98 2
105 135 6
84 102 1
25 164 6
145 155 6
26 111 8
21 90 7
138 164 4
41 104 8
132 162 1
42 87 5
45 168 8
88 140 1
120 129 2
95 122 1
33 82 1
92 177 10
169 187 2
135 144 8
138 188 10
1 98 10
24 122 8
136 191 4
74 125 10
20 173 1
112 161 4
19 197 5
39 88 4
89 168 3
61 73 5
8 88 5
139 186 2
14 85 3
4 74 6
56 130 7
164 181 3
52 138 9
43 156 1
104 155 2
47 91 8
22 80 3
84 168 7
10 110 2
189 195 2
151 161 2
38 105 3
99 174 8
8 10 7
42 67 5
80 116 3
70 100 2
140 182 4
81 197 4
119 192 2
79 129 3
4 57 2
136 173 3
47 193 6
81 148 5
65 180 8
22 46 6
21 199 5
105 110 6
52 173 9
129 150 3
77 137 9
21 36 4
150 158 1
110 158 8
78 141 3
68 199 4
42 129 1
55 127 2
156 181 7
106 165 2
68 200 7
54 185 7
123 160 10
11 18 6
180 184 10
11 119 10
94 181 8
161 181 9
99 181 5
79 125 1
55 93 4
4 171 2
148 190 2
48 150 6
11 116 4
91 146 5
20 84 5
21 73 4
40 120 5
121 198 5
35 136 2
69 74 8
30 86 5
40 145 3
94 115 6
70 83 1
61 116 1
51 121 6
146 164 1
13 72 10
81 100 8
64 91 3
156 164 8
8 137 9
6 150 1
43 117 8
56 180 2
62 135 4
68 76 1
51 117 9
34 136 7
31 91 10
136 177 5
22 143 6
99 117 6
91 177 9
68 111 9
20 50 2
26 184 4
32 99 5
34 140 10
107 174 8
29 72 10
78 81 1
23 47 7
113 150 8
160 194 1
121 136 4
172 199 8
135 185 10
101 153 3
59 137 9
24 180 6
134 190 1
99 182 1
128 168 8
31 115 1
23 164 5
21 192 10
44 143 7
85 128 8
21 63 10
23 142 4
109 115 6
153 178 10
128 166 10
49 54 8
129 194 5
88 169 5
5 198 2
139 150 8
138 142 8
16 197 3
78 162 3
39 84 3
88 108 4
60 93 8
172 191 7
136 172 4
8 174 1
33 76 4
49 100 2
5 179 6
30 194 2
12 196 7
159 160 3
42 197 7
91 161 10
126 147 4
112 115 6
72 161 4
75 189 3
92 198 6
152 189 6
88 163 6
34 133 9
50 142 7
91 124 2
15 44 7
61 200 1
42 162 7
15 33 2
127 152 2
88 118 8
122 200 8
2 109 7
23 133 7
155 176 4
59 96 1
98 144 3
119 126 4
40 171 9
26 167 10
6 78 3
58 191 9
136 178 6
72 94 2
131 189 9
14 193 10
162 186 2
38 186 10
119 122 7
80 155 4
73 170 3
125 149 10
157 194 2
189 197 1
16 158 1
3 36 9
43 124 1
153 187 8
57 197 2
70 134 5
48 98 5
51 146 7
166 178 4
48 57 7
17 141 3
147 150 2
143 167 4
27 152 9
75 81 10
17 200 2
89 193 3
1 185 7
107 136 10
102 138 7
93 149 10
33 200 10
1 149 6
123 131 6
12 67 2
43 165 10
13 25 7
24 56 7
60 162 8
32 106 5
88 168 4
55 194 10
30 81 6
74 93 9
47 181 3
23 99 6
8 39 6
57 86 10
52 178 3
143 180 7
21 41 7
102 188 7
102 103 4
2 163 2
48 160 3
18 116 7
123 127 4
30 113 6
103 172 9
92 165 7
20 177 10
106 138 5
58 142 4
136 163 8
146 169 7
13 29 5
14 39 4
31 112 9
132 139 7
80 126 5
130 140 3
105 196 7
111 126 6
70 81 7
72 118 2
20 47 6
38 78 2
146 163 6
144 157 5
51 58 3
27 123 1
58 99 4
146 156 5
53 180 3
105 183 5
149 197 7
40 71 10
58 166 6
13 20 1
77 172 1
106 107 7
55 175 6
83 162 5
52 94 10
153 154 2
27 105 3
52 108 9
89 187 6
52 133 7
178 191 4
43 191 10
118 187 1
71 127 1
51 198 8
50 77 8
36 63 8
20 168 6
28 52 4
36 46 3
9 189 9
18 65 4
39 115 7
34 177 5
77 182 6
156 172 6
171 194 1
132 134 1
139 158 2
10 154 9
58 179 5
133 193 5
20 151 9
8 128 6
151 191 6
7 143 6
31 198 3
9 160 5
59 124 4
22 119 7
6 139 2
77 136 1
60 67 6
82 90 3
199 200 7
136 193 7
39 85 3
8 102 2
32 178 3
57 87 5
49 132 9
158 189 7
67 196 2
10 166 8
142 146 1
13 153 4
15 199 1
99 164 10
45 128 5
30 105 9
75 194 10
42 81 4
60 96 10
100 131 3
3 199 4
52 117 9
97 143 9
62 160 4
12 105 6
26 122 4
2 23 6
23 173 3
30 78 3
50 84 2
101 172 8
63 130 7
125 144 4
108 165 7
134 135 5
118 193 9
2 146 8
85 103 9
101 137 6
81 158 2
115 163 2
148 158 3
65 111 5
92 107 6
36 53 8
53 61 3
51 64 4
117 124 5
58 157 1
59 166 2
31 193 9
33 184 1
25 136 1
7 73 9
19 54 1
185 186 10
107 188 4
55 78 5
83 171 1
34 138 6
83 98 6
112 118 9
88 138 7
16 57 5
173 187 6
48 135 8
177 182 7
19 114 8
126 145 4
69 110 10
85 146 6
67 120 5
61 80 3
47 64 5
7 36 3
65 122 7
134 150 5
25 118 3
48 162 2
100 113 1
47 174 1
52 146 6
20 58 1
5 164 10
114 159 10
133 153 4
32 156 5
98 189 8
58 140 1
13 91 5
89 121 4
92 193 6
9 135 5
98 110 9
88 188 9
40 125 6
64 94 4
30 75 1
55 186 8
50 153 5
117 179 1
127 144 7
37 143 5
84 94 9
4 96 6
3 76 10
60 183 8
123 158 5
121 191 10
43 153 10
7 68 8
14 20 1
17 104 1
10 198 6
50 118 8
96 127 10
178 181 4
35 173 3
43 89 1
98 131 6
148 159 3
26 56 1
163 181 7
23 161 5
13 172 5
23 177 2
32 94 10
114 127 6
42 125 7
32 112 10
133 179 6
83 120 8
16 30 2
42 148 10
152 175 3
77 165 7
111 145 6
20 39 3
50 72 5
39 188 10
123 149 5
3 33 6
105 157 5
69 134 10
13 137 10
14 198 5
30 190 8
61 66 1
14 181 6
38 41 6
44 199 1
28 64 9
103 164 1
153 193 10
20 182 3
80 141 5
147 200 6
39 107 3
68 126 10
23 52 4
60 120 10
9 106 2
76 176 7
27 197 3
43 47 4
33 36 2
10 121 4
97 111 3
68 82 2
78 93 5
152 190 6
182 193 3
52 137 7
165 174 10
48 158 9
103 108 2
136 138 8
58 117 2
84 138 4
103 117 2
99 161 7
11 21 9
27 120 9
48 190 4
7 167 10
30 185 8
28 166 10
67 158 3
18 53 2
126 176 7
5 133 5
24 116 6
37 176 6
58 198 7
162 196 1
18 199 2
80 173 2
143 145 7
121 174 4
50 198 10
19 185 1
102 124 4
92 188 10
113 127 5
10 128 8
20 178 7
17 65 3
50 174 8
28 112 7
71 160 10
88 198 5
11 97 9
123 162 4
142 164 1
33 111 5
90 184 6
55 190 7
132 149 4
52 174 1
9 157 8
71 113 10
150 183 2
150 157 7
41 73 5
126 141 5
60 149 2
1 40 9
103 137 3
75 190 8
25 101 7
93 127 5
89 163 9
88 103 9
42 98 9
66 149 1
17 56 8
72 140 7
37 56 8
39 136 7
51 174 8
14 109 9
75 160 7
165 179 2
90 122 5
12 19 1
127 139 6
100 175 1
187 193 3
16 160 2
82 111 10
14 88 2
13 94 6
94 187 4
93 175 6
123 195 8
42 190 1
128 164 1
38 75 8
123 159 9
9 78 7
41 141 2
19 42 3
138 146 7
51 166 3
31 178 4
169 188 10
71 81 2
98 150 6
195 197 6
21 97 8
140 178 2
5 92 5
69 96 9
8 168 4
39 181 9
144 189 7
94 109 10
1 71 10
165 188 10
70 129 7
68 125 2
75 197 10
54 196 2
161 178 5
92 138 1
1 134 3
45 187 2
135 194 6
23 182 6
115 121 1
114 152 2
1 114 9
102 140 5
112 182 1
57 134 8
106 117 6
20 156 10
99 128 1
150 197 2
132 148 9
122 199 3
55 110 1
83 114 8
10 74 1
136 179 6
52 142 5
13 164 1
62 171 6
159 195 8
89 101 5
21 33 8
34 179 9
15 141 10
75 185 1
53 90 10
100 150 3
35 161 9
105 189 7
101 108 8
91 151 5
84 187 1
129 132 1
58 151 3
114 194 1
45 124 4
29 89 1
28 198 7
165 193 9
99 156 5
101 165 5
34 163 10
8 164 9
35 115 2
47 177 2
29 153 5
134 175 1
104 119 10
124 136 4
2 108 5
10 156 2
125 152 6
101 173 10
117 137 2
29 137 1
57 83 2
91 187 4
64 161 7
134 186 1
26 82 8
2 140 9
8 172 4
142 193 5
36 122 5
64 112 5
89 112 6
43 181 4
10 94 4
141 200 2
110 183 9
148 186 2
52 166 7
44 155 9
7 82 1
3 159 7
49 135 5
33 53 1
82 97 9
77 84 2
39 182 3
6 159 3
28 89 1
28 137 10
1 158 8
85 91 2
124 140 6
79 110 2
53 116 7
2 51 8
16 149 5
179 188 3
103 188 2
110 160 3
41 82 6
121 151 9
14 161 7
69 98 8
6 30 5
78 86 5
70 139 3
34 50 3
5 91 10
60 83 5
78 120 9
35 103 2
47 99 2
31 88 4
58 103 9
8 153 3
47 103 5
84 88 4
69 183 4
33 145 1
169 173 10
61 180 5
26 36 4
63 68 10
112 117 8
86 93 5
17 116 8
50 109 4
98 149 9
23 91 9
94 102 6
38 70 1
65 141 8
61 119 6
94 99 10
59 142 4
70 185 7
7 141 1
101 191 7
27 67 10
167 199 6
1 144 7
60 79 2
30 162 10
100 189 4
99 109 3
123 197 7
44 56 7
34 89 5
48 75 6
164 191 6
26 119 10
176 199 5
43 179 5
92 140 7
55 185 3
28 34 6
61 76 3
45 172 3
46 80 7
1 74 2
35 133 10
3 176 5
137 177 10
94 103 7
23 115 10
36 68 10
18 155 4
85 156 1
56 170 9
34 99 9
135 148 8
67 132 5
34 161 9
46 167 6
64 72 8
41 80 10
57 81 1
109 137 4
117 177 9
155 170 5
59 85 5
4 158 8
31 140 2
58 88 3
34 107 7
1 139 4
156 193 4
79 105 5
10 138 2
88 179 10
33 83 5
89 133 1
100 125 10
52 85 9
49 150 9
64 163 9
59 164 2
134 185 9
34 151 4
25 31 8
58 146 4
14 64 4
13 133 8
50 112 10
46 68 4
40 78 7
50 102 10
78 113 3
27 144 6
27 186 2
71 195 7
115 178 1
83 134 5
23 58 10
14 154 4
26 95 6
36 80 7
28 136 6
142 198 7
57 171 1
118 138 8
58 136 7
168 169 9
183 189 4
3 41 9
9 70 7
9 40 10
41 119 8
16 129 1
137 181 6
29 133 5
109 121 2
9 48 10
136 154 10
111 199 8
48 175 2
52 181 8
58 106 10
21 61 9
100 159 1
150 159 5
112 178 1
56 97 8
109 146 1
38 162 4
175 183 9
99 138 6
28 108 8
39 101 2
27 157 10
4 40 4
21 44 4
6 171 2
40 135 5
108 124 9
29 64 7
92 94 4
126 180 7
27 189 3
78 149 9
15 68 8
118 188 1
54 83 6
31 94 3
73 111 5
25 77 7
25 106 4
80 82 10
19 190 7
5 101 10
163 166 4
125 160 3
39 198 3
9 158 7
73 116 8
36 65 2
120 159 4
63 97 6
176 200 5
162 195 7
104 200 3
15 95 6
107 182 7
192 199 9
114 197 5
103 173 1
62 159 4
128 177 4
45 94 6
106 146 8
45 169 9
74 113 9
59 112 10
23 72 7
89 151 1
13 193 6
150 196 7
48 70 9
93 152 9
14 156 4
43 88 6
30 38 10
161 166 7
32 136 6
69 81 10
15 184 5
110 157 6
79 86 8
32 91 10
81 110 7
117 156 7
95 199 1
187 188 10
47 94 4
25 178 5
55 74 1
19 49 1
23 92 9
103 169 1
11 167 9
85 177 7
17 147 7
38 148 5
42 62 9
3 97 3
68 170 9
6 134 4
59 101 10
67 98 2
20 179 2
33 130 2
129 145 2
115 153 5
42 120 6
13 161 2
186 194 5
162 171 4
13 156 3
30 55 1
123 190 5
19 96 1
77 174 8
21 141 4
12 62 3
113 114 5
96 100 7
8 109 7
97 170 1
1 79 7
49 131 1
170 184 5
94 106 2
54 125 7
61 90 3
71 74 6
46 192 6
60 113 7
102 117 5
10 59 2
51 84 4
8 156 7
117 181 2
9 93 5
157 171 4
144 160 4
77 133 9
99 108 1
115 138 4
148 152 4
142 165 1
2 59 4
152 194 2
12 175 3
71 175 2
5 85 10
10 188 2
10 50 1
6 144 8
127 150 7
171 185 3
39 59 1
30 60 2
10 153 10
13 154 8
108 163 2
169 191 1
6 27 1
120 171 5
109 136 6
47 198 3
114 195 3
45 165 9
1 27 3
12 123 9
42 194 1
144 183 7
31 168 3
25 173 7
118 133 6
168 178 9
136 198 2
127 134 3
14 92 10
191 198 8
149 195 7
107 166 1
11 180 1
50 138 1
89 154 6
23 121 6
7 33 5
22 24 9
49 83 1
120 144 6
63 65 8
50 161 4
154 163 8
35 124 8
18 36 2
9 129 2
137 191 5
17 170 7
5 88 8
58 84 3
67 70 7
67 125 7
69 189 10
30 123 8
44 53 6
6 96 4
57 135 10
76 126 2
46 95 1
52 168 9
9 113 8
58 109 10
19 152 2
13 50 10
139 194 10
143 155 9
12 134 5
74 196 8
35 146 7
67 78 4
102 198 9
123 144 5
5 51 9
19 75 5
106 124 9
118 174 10
165 181 10
13 178 5
71 87 1
91 178 10
11 170 7
72 137 1
55 99 1
146 166 4
21 26 1
72 91 5
22 130 10
128 188 10
47 168 2
31 169 3
59 177 7
75 157 7
174 188 8
42 114 4
129 157 6
13 58 5
172 182 7
57 100 10
140 181 7
16 131 7
35 107 7
65 106 3
121 182 2
45 174 10
81 127 5
5 118 5
27 55 10
55 196 1
121 161 1
61 130 5
1 70 6
78 135 7
74 127 8
20 172 9
46 184 8
19 127 7
3 21 5
17 180 5
38 113 3
52 198 4
153 166 5
10 35 9
135 152 9
53 178 5
42 93 6
89 198 6
1 87 5
21 145 6
31 128 3
156 169 1
69 71 2
69 148 9
26 53 4
13 34 1
135 196 7
164 193 9
55 144 6
122 170 4
27 159 3
62 83 7
86 125 4
97 126 9
2 198 8
87 183 10
74 160 6
56 184 4
14 188 4
101 177 6
117 198 10
53 95 8
42 195 6
73 167 5
32 47 4
142 156 10
92 142 6
41 199 10
45 77 10
22 68 2
132 181 1
23 146 6
4 125 4
21 126 5
54 170 4
47 191 10
45 161 6
45 137 2
57 195 9
16 55 6
50 58 7
47 146 5
29 177 8
136 166 10
29 151 4
156 158 1
83 195 7
28 174 4
61 95 1
94 165 5
9 175 7
148 160 1
149 152 6
94 198 5
85 169 1
81 105 7
25 45 2
89 136 8
147 184 9
28 187 2
94 140 10
124 165 4
8 165 6
137 142 8
121 163 2
53 80 3
66 95 1
32 191 4
26 141 5
39 45 1
165 191 1
85 173 8
71 186 4
51 91 10
139 175 3
75 175 4
1 190 2
11 141 3
30 54 5
24 184 10
86 171 5
69 100 8
12 189 6
57 79 9
52 118 8
21 76 8
151 198 7
106 166 9
91 133 2
15 56 2
161 177 1
5 124 5
61 145 5
57 120 8
141 199 7
106 136 2
116 155 5
45 92 9
52 179 2
5 89 5
38 175 9
116 176 10
93 129 8
63 66 5
13 121 4
37 167 8
41 68 5
50 92 2
8 146 1
58 133 9
12 81 8
185 195 2
17 66 10
77 117 1
34 92 10
28 173 9
11 24 3
38 87 10
65 73 1
148 194 3
53 141 2
69 75 5
104 122 3
36 66 7
91 99 7
124 172 9
132 171 10
49 134 4
72 154 9
19 55 3
66 180 3
43 99 2
36 116 7
93 160 5
9 120 10
15 170 9
88 117 1
89 165 5
140 169 4
63 170 5
35 168 4
59 128 1
100 197 2
97 116 4
48 120 5
2 161 7
27 129 4
81 113 1
2 94 2
60 150 2
123 157 3
25 34 9
145 167 9
30 100 10
33 95 7
29 52 7
96 195 2
137 146 10
107 137 9
38 127 2
128 165 6
120 127 10
10 172 3
74 131 2
66 192 2
12 157 8
5 151 8
76 82 5
15 41 10
77 178 6
120 135 3
70 186 6
28 165 2
71 75 5
94 174 4
2 138 1
91 112 9
39 91 2
5 181 4
82 116 4
20 191 2
36 130 8
137 165 10
25 52 9
54 160 2
151 181 1
54 127 7
108 166 9
154 177 3
22 36 3
62 113 8
87 171 6
34 94 4
72 193 9
30 120 10
150 152 8
112 121 2
40 148 3
33 167 1
108 140 3
51 165 9
148 183 8
96 185 6
5 153 8
80 97 2
79 83 5
109 118 5
86 189 7
80 143 9
121 133 8
4 70 9
151 182 1
124 133 9
50 51 7
32 166 8
10 174 6
87 113 2
93 98 8
64 99 7
11 33 9
7 76 1
102 127 1
64 109 5
21 24 9
64 179 2
27 69 2
115 136 6
70 195 10
57 70 5
84 178 5
42 131 7
168 174 9
99 137 3
54 129 6
27 139 8
47 154 3
19 131 6
75 110 3
21 66 3
72 84 10
18 76 8
52 187 8
83 123 3
31 43 1
156 191 10
39 43 6
25 187 2
157 185 7
89 164 5
26 73 6
44 73 2
60 160 7
5 140 2
33 90 7
96 131 4
45 101 4
98 134 4
77 187 6
25 29 6
38 62 10
172 193 5
127 196 6
121 128 4
23 154 8
139 195 1
54 131 8
157 175 8
1 127 7
115 117 6
108 188 5
175 190 7
109 163 7
132 195 3
56 176 8
51 136 2
42 55 2
6 175 10
