200 9992 3.12043 0.0488810937
90 113 8
126 136 8
87 165 1
13 58 3
3 71 6
62 69 9
100 163 4
86 129 6
123 153 2
145 194 2
6 75 9
14 108 4
44 133 6
54 187 4
23 91 7
122 180 6
26 31 10
136 156 3
3 33 2
57 134 8
79 117 3
4 176 7
38 39 7
149 199 7
46 177 5
68 178 3
46 123 7
2 33 8
12 199 6
69 87 2
39 67 1
64 125 10
43 181 6
7 105 9
152 190 6
16 66 8
2 173 6
135 162 4
110 125 8
1 134 9
143 189 3
9 57 3
115 166 2
4 28 7
25 48 3
182 186 8
45 107 7
110 178 4
27 99 7
25 89 3
3 181 5
41 181 7
16 132 7
84 149 9
32 79 8
3 139 3
29 41 10
123 158 4
50 195 5
81 198 8
83 168 1
78 114 4
16 175 4
33 35 4
26 80 4
75 79 5
169 182 5
43 170 8
75 134 3
38 151 7
35 164 3
37 187 6
30 118 8
107 119 2
12 25 8
11 186 2
33 156 10
3 174 8
21 76 2
5 104 8
123 171 5
54 77 9
27 148 6
140 187 4
154 160 7
3 15 3
78 171 4
43 134 3
130 154 7
117 200 3
28 132 1
54 91 10
137 187 4
15 39 4
53 106 3
82 171 9
93 132 8
7 150 6
27 136 5
119 128 5
38 185 7
16 196 7
34 62 6
14 155 2
13 143 3
40 139 4
82 117 4
92 109 2
52 172 8
101 124 6
73 199 4
150 197 4
2 74 6
19 20 8
101 181 4
34 106 2
87 190 2
94 114 8
19 161 3
145 178 9
2 184 10
10 14 7
36 136 2
89 157 5
7 66 1
15 193 7
7 89 7
26 195 4
143 186 3
108 139 2
7 27 4
65 98 1
53 188 8
30 90 8
72 162 6
52 117 1
112 174 8
50 78 5
71 120 5
55 121 2
25 62 8
132 198 10
146 182 2
96 121 6
184 195 6
6 84 4
7 163 10
37 128 3
28 79 6
11 136 4
140 195 3
1 39 10
141 188 1
46 169 5
160 184 6
128 132 5
131 135 7
40 149 1
9 26 2
177 180 2
63 68 9
58 167 4
70 160 1
58 126 3
123 163 2
80 193 5
38 137 10
14 173 7
126 180 3
96 162 1
109 136 5
123 165 10
59 144 8
53 156 2
57 170 1
47 53 10
128 184 5
183 195 7
44 100 4
56 91 1
83 111 2
165 189 9
25 50 6
122 160 1
2 41 8
85 145 1
80 161 5
180 183 2
46 167 5
93 135 5
46 147 9
60 72 8
83 187 4
12 13 9
78 170 3
128 200 5
8 107 4
36 110 3
22 67 9
60 153 1
38 146 4
124 192 6
80 139 8
57 199 3
106 107 9
21 127 1
50 54 6
31 66 10
33 191 8
99 139 3
39 182 4
91 179 4
23 172 3
9 10 4
14 61 10
8 149 1
65 113 2
147 159 1
2 111 9
31 90 6
73 122 3
160 182 10
28 155 3
102 177 5
50 76 7
60 63 10
5 13 3
95 103 3
11 65 2
51 124 4
96 157 10
35 158 6
95 150 2
53 103 10
145 155 5
132 162 1
64 153 10
24 82 10
36 166 4
132 156 1
35 36 8
90 150 3
183 190 5
72 156 9
35 95 1
152 167 6
43 52 3
76 162 1
28 153 9
68 137 7
5 24 10
137 192 7
123 138 6
45 147 2
106 123 10
10 93 3
23 186 7
39 139 1
62 197 6
5 62 3
135 157 6
73 156 3
43 161 2
108 190 10
7 116 1
68 103 9
45 68 4
18 156 9
29 105 8
88 181 1
111 112 9
59 72 5
76 148 3
14 128 8
141 170 4
58 105 7
4 62 4
49 126 1
111 121 9
8 179 5
32 178 9
35 137 9
162 183 9
46 192 1
140 200 2
85 142 1
3 198 3
36 121 10
144 189 4
33 34 4
106 115 9
102 178 3
174 190 9
77 96 8
153 199 8
81 155 1
52 85 1
146 166 1
160 172 8
67 174 5
72 95 5
32 171 10
105 162 9
113 122 3
10 152 7
117 172 8
90 120 7
119 171 2
3 160 8
14 182 9
26 163 6
41 176 2
121 183 9
12 194 9
111 141 9
22 68 1
32 75 5
28 184 8
13 186 2
148 172 8
37 163 7
86 172 7
35 128 4
20 23 2
53 190 5
143 174 7
144 167 3
95 142 5
32 115 8
55 138 1
99 195 4
107 118 2
24 138 9
14 186 1
96 168 1
93 200 2
32 163 6
16 63 3
26 170 10
31 122 10
47 66 6
65 131 3
43 69 8
85 151 1
65 88 8
143 170 2
26 190 6
172 190 8
35 193 2
30 197 8
137 163 1
22 51 10
125 159 8
130 191 5
15 91 6
27 57 5
35 83 6
133 185 3
91 154 4
119 173 6
66 93 9
65 187 5
138 159 2
55 129 5
130 173 7
54 141 7
118 198 3
72 166 3
59 63 5
8 115 3
12 62 8
40 155 2
89 114 10
58 70 5
111 136 10
133 170 1
159 174 7
33 121 1
27 170 2
21 183 6
112 142 7
63 188 5
140 148 1
64 171 9
35 173 6
9 148 5
31 101 1
132 164 6
82 95 1
121 184 6
171 198 4
48 144 10
82 124 5
111 122 5
57 138 4
78 197 5
44 126 4
61 66 8
68 166 9
25 144 10
105 181 6
28 65 7
182 196 9
51 164 4
171 193 4
52 166 9
194 197 5
176 198 8
19 149 8
119 165 10
23 187 6
128 129 5
46 133 9
31 36 2
93 119 8
177 200 9
29 59 6
58 138 3
71 144 3
150 166 5
44 163 8
98 194 6
59 173 6
59 66 5
66 180 7
134 173 2
77 124 3
19 24 9
166 189 7
135 137 4
46 168 3
37 151 7
110 192 3
112 191 2
30 120 4
73 89 3
5 160 2
43 110 5
55 83 4
16 107 1
7 168 4
64 178 6
36 131 3
116 173 1
43 112 5
6 115 5
72 77 1
38 83 10
11 144 6
116 130 6
94 156 9
8 48 7
63 181 6
73 154 4
126 128 7
129 154 2
174 188 1
157 176 9
34 176 4
106 125 10
6 166 10
1 96 4
18 163 8
44 142 6
26 50 1
30 166 3
33 54 8
80 174 8
89 148 1
7 38 10
33 73 9
116 144 8
42 168 10
179 195 3
56 143 3
5 181 3
57 140 1
3 144 9
32 116 9
63 127 4
42 86 2
67 149 5
28 198 1
53 100 3
41 145 2
111 198 8
7 30 9
104 155 1
22 80 1
121 189 6
87 171 5
89 110 7
137 193 1
48 76 1
41 65 8
175 186 1
73 113 4
100 180 9
59 67 6
108 162 3
56 158 8
61 107 9
27 137 1
131 181 10
10 81 2
51 137 1
14 157 1
110 136 2
119 164 9
4 114 1
43 111 9
8 151 3
122 154 10
53 96 7
147 193 7
6 76 1
67 173 9
24 84 5
101 174 8
118 148 2
18 71 8
29 198 9
17 94 10
39 105 5
42 151 10
82 114 6
38 49 3
95 121 3
8 100 3
4 107 3
134 169 9
101 168 7
13 183 4
18 68 1
125 182 10
123 124 6
41 153 3
54 161 4
85 194 8
73 185 2
26 56 8
18 52 2
163 186 3
63 118 7
42 46 6
40 189 3
7 19 4
14 84 3
65 180 7
135 161 5
34 163 9
70 113 5
104 142 3
41 71 8
93 184 4
33 183 7
137 160 3
104 144 10
138 185 5
18 140 10
63 65 1
59 187 6
91 104 9
60 88 2
111 123 3
28 140 6
16 133 6
90 161 1
76 168 8
122 185 1
45 124 2
142 165 1
19 159 6
44 52 7
54 164 7
4 73 9
77 120 1
37 158 6
73 161 8
1 84 2
166 172 5
11 159 7
9 172 9
86 103 9
21 91 2
32 147 9
21 62 1
39 81 4
54 142 9
68 106 9
68 186 2
45 53 6
39 92 4
49 200 4
70 105 6
24 58 3
25 66 1
81 159 5
73 176 4
11 19 9
106 192 4
115 182 6
27 35 10
49 50 4
59 152 6
11 132 10
86 155 2
104 183 8
78 129 6
39 196 1
102 175 7
30 119 1
3 77 3
55 171 9
120 162 2
70 87 5
48 109 3
51 111 7
83 113 6
54 95 7
139 173 10
80 200 7
49 144 8
93 143 6
1 197 9
54 128 10
173 175 3
57 176 8
50 68 7
22 164 6
36 189 10
75 131 4
55 122 6
60 168 6
42 98 6
106 165 10
51 57 5
113 195 6
60 86 10
55 148 4
141 200 1
45 122 4
58 162 5
135 178 6
80 88 3
128 151 7
8 84 6
15 171 8
48 176 7
101 111 8
48 155 5
77 100 10
38 61 5
88 125 8
11 20 10
56 131 8
51 144 5
103 156 4
61 129 9
131 164 7
106 199 10
88 146 9
14 29 8
14 99 7
37 106 4
178 189 2
39 169 5
66 117 10
91 132 2
13 34 10
99 173 8
6 196 2
185 194 8
26 83 5
129 169 10
165 185 6
61 113 6
67 84 1
39 65 10
6 171 4
40 136 5
76 143 7
63 139 6
67 70 8
14 109 8
71 179 2
16 128 9
90 148 6
102 116 8
145 181 5
162 179 1
41 152 8
72 125 2
14 107 6
75 89 9
14 67 7
53 179 5
53 141 7
158 172 2
108 175 7
24 187 1
77 182 8
17 142 8
80 187 1
53 69 1
29 98 1
104 145 5
93 196 7
71 140 10
69 163 1
172 194 7
53 189 6
147 177 10
30 133 7
76 103 10
56 190 5
71 118 2
38 122 2
28 111 3
12 175 5
46 145 4
169 184 1
152 200 1
33 171 1
11 76 3
8 41 8
24 154 5
42 49 3
113 178 8
34 83 5
129 143 7
172 197 5
27 107 3
63 75 5
71 156 2
59 105 7
170 198 3
25 159 7
121 167 1
68 127 5
70 180 9
32 168 6
65 97 8
112 113 8
47 156 6
42 137 10
80 129 6
58 114 2
29 171 6
122 191 4
83 163 4
24 112 2
2 48 6
156 198 2
53 151 1
65 67 1
1 108 3
16 77 8
47 120 6
7 84 3
8 73 2
27 92 1
14 159 2
139 200 9
22 114 7
4 85 2
97 167 7
48 143 8
52 94 7
43 93 7
20 134 2
70 135 8
39 140 4
69 111 6
128 138 9
46 129 7
88 169 2
13 82 7
22 71 2
101 103 9
170 189 10
43 78 7
42 56 1
80 169 10
89 137 9
34 95 6
46 163 2
29 122 9
103 131 2
73 99 1
89 180 4
95 98 5
116 163 5
47 200 2
100 171 2
74 197 4
4 102 9
24 174 7
162 197 9
119 181 6
163 171 8
133 163 6
192 200 10
102 160 1
82 181 6
75 180 2
8 108 9
101 199 6
164 192 8
47 122 4
70 192 9
121 182 10
45 130 9
54 188 10
38 182 5
17 189 5
112 164 10
13 121 6
6 19 4
3 104 8
127 183 3
22 88 1
73 87 7
134 155 1
11 138 6
27 84 4
148 179 6
95 186 10
86 200 4
77 113 3
121 140 6
22 157 4
22 104 3
13 149 10
88 172 5
108 180 10
118 122 2
73 200 4
11 175 7
136 166 6
9 110 5
75 174 8
87 192 10
91 181 2
19 22 1
67 191 10
36 100 7
10 16 7
10 176 3
124 194 7
92 143 10
58 199 10
36 146 1
34 61 8
22 45 9
171 182 6
46 53 9
12 40 2
139 175 6
37 55 7
82 116 9
62 198 10
61 136 1
50 142 5
43 104 3
17 72 10
77 148 1
14 82 1
97 127 4
91 106 8
39 99 1
120 128 5
59 136 3
31 174 4
24 88 8
67 157 3
106 161 5
50 189 10
87 183 4
27 167 10
18 175 1
91 153 8
120 189 1
123 172 1
129 148 3
121 134 5
65 179 3
154 194 1
31 80 8
107 127 6
77 107 4
31 133 1
58 98 4
23 40 4
62 160 5
105 139 5
97 185 5
54 105 2
18 178 3
136 162 1
31 187 7
25 161 4
85 187 8
147 156 2
187 196 3
5 71 10
104 134 1
63 97 1
37 94 10
76 89 8
114 176 7
74 126 1
97 98 9
49 122 3
53 163 7
53 127 5
10 154 1
112 121 10
12 54 7
27 108 2
35 143 10
6 37 3
53 194 1
52 86 8
81 128 10
26 120 2
34 124 2
90 154 8
12 143 2
67 198 3
15 60 4
37 170 9
142 183 4
2 199 4
57 174 3
98 195 2
128 195 2
92 117 1
151 198 8
35 110 10
170 197 10
99 106 3
55 153 3
127 139 7
40 100 10
73 134 8
8 58 3
125 181 9
22 53 7
38 181 2
46 137 6
153 187 9
48 151 6
96 129 3
57 60 2
2 159 9
22 91 9
40 147 9
32 54 9
75 112 9
115 146 2
48 78 1
19 58 8
113 149 4
86 190 9
102 169 5
41 146 7
159 181 5
16 145 2
17 66 2
153 177 9
25 178 10
88 200 6
135 198 3
62 100 4
5 158 2
85 146 1
5 149 3
57 190 2
24 124 2
1 185 8
80 87 6
20 200 2
118 161 9
104 128 4
14 77 6
24 131 10
19 39 5
95 129 4
53 95 7
52 138 5
39 119 9
64 96 1
70 175 3
5 138 1
31 157 7
24 158 10
85 109 9
3 54 5
124 186 1
106 147 4
64 98 5
82 134 8
20 163 1
11 126 8
36 117 4
172 193 2
114 150 3
131 182 10
28 70 5
96 161 6
20 171 8
65 92 7
98 196 7
120 136 8
57 120 2
97 164 10
51 181 6
21 42 7
17 24 5
104 173 4
93 115 1
57 97 7
33 195 10
163 188 7
43 61 3
75 119 8
47 139 5
49 173 6
4 22 8
20 78 7
165 170 9
55 82 7
32 126 2
145 153 2
25 196 2
59 118 7
55 141 6
17 101 7
151 179 3
35 122 10
182 193 3
14 154 10
158 199 8
9 113 1
66 129 7
44 200 4
125 132 10
57 89 3
14 26 3
88 127 9
77 89 1
87 141 8
27 149 6
6 153 9
53 119 5
86 145 2
72 79 10
72 132 6
87 132 9
79 121 6
72 99 7
163 185 6
25 145 9
190 199 3
33 95 1
21 78 4
38 120 3
11 189 4
108 157 5
41 70 2
56 122 6
13 39 6
123 199 1
88 147 3
33 129 7
21 55 10
4 84 9
11 94 7
28 171 2
96 113 2
153 168 2
65 71 3
101 113 9
92 188 7
23 42 4
58 168 7
30 88 9
76 91 9
94 185 7
113 180 2
71 94 8
9 23 6
99 194 4
26 156 6
81 82 4
138 175 6
25 43 6
27 123 3
141 179 8
34 192 4
22 199 6
15 75 3
93 95 2
48 112 8
72 82 2
47 67 3
61 108 5
70 199 5
23 86 9
43 63 4
15 190 3
177 196 1
4 69 1
54 68 1
4 100 1
80 191 4
72 133 10
48 122 4
38 63 4
45 178 3
89 189 8
72 145 8
58 73 8
97 197 5
8 188 3
2 149 8
106 131 4
31 51 5
53 124 10
154 175 1
108 148 5
61 195 5
84 199 8
37 93 1
6 190 10
82 110 7
47 104 3
122 147 9
125 160 6
2 82 7
31 40 7
40 104 5
142 181 4
37 166 7
140 174 10
116 200 4
5 92 3
30 126 2
35 39 3
67 151 4
134 168 1
130 160 6
136 157 1
91 128 7
133 195 2
119 168 1
81 94 6
10 183 6
14 45 5
4 189 6
1 144 10
91 94 9
87 154 7
14 71 10
33 181 5
54 83 4
42 115 7
45 91 5
18 56 7
99 200 4
75 146 10
1 113 7
10 140 10
9 46 3
121 142 8
135 186 6
137 150 6
48 116 1
102 196 10
16 25 4
111 153 2
51 77 6
146 170 2
144 173 8
122 183 6
46 188 9
31 91 6
81 96 9
89 133 9
78 102 8
1 78 9
35 81 9
41 139 7
149 194 5
89 159 6
61 150 1
84 101 10
70 116 4
59 64 8
127 156 10
120 197 8
34 99 6
5 110 1
122 150 2
58 115 2
133 186 10
60 92 4
3 97 7
84 197 10
38 96 2
103 130 7
69 181 4
40 148 10
81 197 7
11 29 10
43 151 6
28 89 6
99 117 6
14 138 2
154 190 10
36 41 5
54 132 3
6 128 3
153 175 9
104 107 10
108 189 5
44 164 1
12 137 2
100 182 8
20 69 7
90 164 1
16 174 6
43 189 7
156 191 10
154 187 6
76 165 9
168 187 10
104 113 10
167 190 2
59 150 3
40 178 4
139 170 7
28 93 6
37 103 1
5 38 1
70 125 4
14 140 5
20 165 10
150 195 1
33 92 8
13 70 4
32 50 4
130 148 1
83 181 9
117 136 6
12 170 7
68 177 2
81 90 2
65 106 7
12 141 4
69 132 5
9 139 5
133 168 8
11 99 2
62 183 5
75 83 10
53 138 3
13 97 7
77 187 8
98 152 2
115 125 9
105 126 3
7 146 10
35 156 2
15 155 2
114 192 1
67 78 7
32 100 9
56 78 1
58 158 4
168 185 1
104 110 2
141 166 6
34 174 10
60 165 1
44 117 6
96 117 5
20 76 6
16 129 5
12 53 9
11 33 7
105 146 10
108 123 3
2 174 3
56 85 3
35 44 9
7 37 3
96 140 7
128 194 3
151 174 10
53 147 1
53 135 10
153 189 6
86 196 9
18 62 7
42 135 9
54 84 10
64 193 5
4 131 3
109 171 1
30 48 8
55 71 2
64 151 4
19 66 3
12 84 6
14 199 2
18 42 7
83 105 5
23 167 4
1 8 9
38 150 7
109 197 9
39 116 3
19 153 6
8 94 2
148 156 7
20 179 1
83 157 8
83 141 5
126 133 4
16 105 9
82 151 7
110 191 7
45 52 9
62 192 5
37 149 10
23 124 2
61 67 10
10 104 10
8 15 9
97 145 6
6 42 5
59 109 9
62 73 3
20 156 9
31 126 9
114 133 3
4 47 10
41 178 4
75 194 1
24 156 4
54 76 9
96 154 3
7 36 5
99 103 5
20 120 1
61 154 8
84 99 8
112 151 4
15 172 9
89 98 1
154 184 10
79 126 9
93 110 8
25 199 3
39 193 7
104 195 2
3 22 6
39 200 9
86 143 5
43 159 2
124 175 4
32 104 9
102 152 4
75 173 7
91 163 6
29 176 4
82 191 6
71 162 7
132 139 1
35 179 4
42 177 7
16 37 6
133 135 5
120 152 5
16 36 6
99 127 4
52 182 2
14 40 9
98 132 6
146 163 1
19 102 7
79 85 9
33 72 9
108 152 4
152 188 8
29 130 10
123 177 5
62 117 2
160 169 10
33 184 1
115 133 7
32 159 6
57 117 4
60 152 10
3 168 4
102 108 2
33 127 7
23 132 2
109 133 7
72 174 9
98 128 5
21 72 9
149 166 4
49 124 6
27 198 1
66 165 7
113 172 5
22 27 1
74 78 7
11 154 2
67 80 10
60 83 3
21 101 2
54 163 5
158 196 2
32 135 7
17 122 4
23 148 3
94 169 2
5 50 5
122 124 7
8 120 10
186 196 8
32 143 6
15 186 7
56 86 7
46 127 9
12 151 10
56 100 2
127 193 7
4 121 6
79 175 9
102 143 2
60 160 10
126 129 8
6 168 9
116 124 9
91 151 2
31 129 8
119 194 3
15 35 10
34 102 9
62 168 9
11 63 4
81 93 10
128 188 6
113 118 5
80 198 5
100 146 8
128 179 10
49 80 8
5 173 9
48 106 5
2 144 3
122 158 1
22 69 4
132 189 7
7 80 4
197 198 6
4 43 1
74 154 9
24 107 1
3 147 1
69 92 2
18 125 5
7 131 5
59 163 5
70 169 9
44 98 9
149 168 8
26 173 8
49 169 10
41 88 4
132 191 10
122 166 9
70 186 2
44 150 7
64 88 10
122 159 5
110 179 4
4 99 1
3 42 6
139 145 7
26 194 1
69 82 3
152 195 5
69 197 7
9 177 4
44 169 1
73 177 1
63 137 3
144 153 6
56 72 3
32 95 6
19 46 9
132 171 5
18 181 4
129 170 5
172 179 4
57 93 10
62 141 10
19 144 9
41 108 8
17 50 4
53 169 8
4 29 5
47 159 7
172 191 9
7 88 5
32 81 3
55 97 9
34 157 1
131 184 5
23 147 4
63 114 6
120 127 10
66 118 6
30 64 10
30 36 10
56 154 10
93 148 5
21 176 1
14 169 7
12 43 3
45 198 10
72 92 8
20 89 8
81 113 1
20 93 9
24 120 10
48 142 6
48 194 8
41 67 2
8 38 7
160 173 10
98 135 10
88 111 2
130 145 1
14 133 8
49 150 1
47 176 10
1 93 5
100 134 1
104 125 2
75 101 9
48 128 2
11 90 7
82 122 9
157 192 5
92 97 10
36 38 7
90 175 5
36 158 2
91 112 6
49 136 8
49 109 8
14 113 9
70 99 3
52 89 3
35 59 6
40 121 3
76 95 1
70 144 5
64 176 1
131 199 1
130 170 10
40 161 7
16 173 1
126 152 10
124 174 8
20 176 10
119 124 2
2 57 9
39 150 5
35 186 4
10 160 7
32 35 5
8 112 2
160 163 7
40 54 10
77 167 7
33 153 6
85 157 9
60 66 5
94 186 7
78 172 6
40 173 1
23 146 3
37 87 10
57 70 9
49 145 9
35 76 2
38 169 10
5 57 9
46 132 9
166 175 2
17 33 8
45 51 7
6 79 1
76 176 3
66 98 4
66 78 6
36 95 5
138 142 10
78 159 3
74 183 7
14 78 8
60 124 4
151 157 2
64 123 2
22 60 9
60 146 4
13 64 9
124 126 10
89 185 5
34 89 2
128 145 9
137 165 2
5 141 1
44 198 4
8 61 7
81 97 2
15 194 5
80 86 10
125 156 8
74 190 10
99 110 8
7 152 3
110 197 3
41 107 2
29 149 4
109 141 8
19 81 7
66 177 9
87 94 2
30 139 9
61 86 9
37 95 8
101 178 1
20 153 7
8 26 10
25 78 1
103 109 5
35 109 9
7 157 1
21 99 2
50 182 2
91 173 1
47 51 9
118 145 5
15 96 2
2 156 10
54 129 5
142 155 4
20 98 2
12 105 3
97 136 6
140 179 1
155 172 3
11 169 7
65 94 8
103 137 1
68 145 4
6 10 4
40 191 6
76 79 5
72 196 8
65 193 6
114 126 10
55 92 9
57 158 10
60 183 4
73 191 1
11 73 6
98 181 1
40 159 10
79 153 4
4 67 5
6 107 1
83 156 7
140 160 6
15 67 8
9 144 10
79 195 9
51 115 10
75 126 5
44 185 2
23 83 7
152 174 9
124 183 6
20 136 7
79 119 6
68 198 9
49 148 10
77 126 1
61 101 10
34 181 10
34 132 6
65 91 6
71 194 8
84 153 5
8 96 3
91 197 5
7 189 6
38 191 3
144 175 9
146 172 5
20 169 6
18 82 2
70 179 8
4 164 4
29 194 2
45 137 7
72 119 4
113 167 5
1 137 1
9 155 7
58 85 6
29 101 1
71 81 6
42 125 7
31 166 6
61 171 4
28 105 1
121 160 5
93 190 2
85 134 8
20 41 7
149 153 2
27 182 3
55 155 9
169 193 8
60 150 8
23 26 3
84 95 4
77 196 2
2 155 3
30 107 1
82 100 8
41 62 6
146 165 6
80 155 7
105 136 3
123 185 1
108 198 7
94 195 3
92 171 4
84 177 3
150 159 3
39 164 10
27 140 3
103 126 8
46 189 2
140 199 1
141 154 6
68 144 6
66 172 7
39 147 1
40 143 5
73 170 1
34 184 7
25 39 4
58 163 8
22 47 1
150 172 2
137 146 7
129 156 1
96 145 5
197 199 7
40 57 5
27 181 8
28 174 4
41 96 5
1 46 8
88 138 10
105 149 9
145 188 1
66 169 8
43 174 5
18 112 1
41 68 1
30 93 4
73 106 6
46 198 10
51 188 7
110 147 1
103 134 8
89 109 3
55 142 4
61 97 9
17 43 4
145 184 4
66 143 1
25 172 1
105 122 4
47 83 4
85 99 8
109 180 9
23 30 6
84 110 5
61 111 5
154 170 2
4 140 2
6 97 1
85 197 3
95 160 10
2 168 9
84 130 4
175 177 8
14 74 8
12 47 3
14 27 3
45 127 8
44 161 9
78 103 2
37 117 10
113 123 5
2 94 6
40 48 5
43 138 5
60 162 6
127 170 6
134 163 1
3 38 4
21 65 5
50 108 2
23 29 10
47 195 1
90 108 1
73 83 1
40 113 2
13 193 2
51 85 8
33 165 4
95 180 8
157 194 4
61 112 6
72 121 3
90 122 5
33 91 8
17 181 7
30 186 4
165 171 4
62 116 4
95 131 9
121 143 5
110 130 2
50 166 9
147 169 6
84 126 2
10 113 5
123 154 6
16 47 7
51 116 3
42 44 2
96 172 8
100 110 4
126 186 1
97 153 5
137 181 8
37 92 9
36 143 7
29 81 4
111 200 3
86 130 10
140 181 9
113 183 3
70 181 10
9 112 8
47 144 9
150 154 4
11 23 6
21 158 2
2 109 9
78 126 7
124 127 6
79 107 3
82 199 8
128 157 4
72 131 8
82 113 4
18 39 1
159 170 1
41 158 7
27 115 5
21 194 1
10 189 4
82 141 7
151 191 5
63 108 2
119 157 9
125 172 9
25 179 3
2 110 9
6 142 4
138 141 9
9 61 4
19 154 3
83 114 2
187 198 4
81 178 4
13 161 5
88 131 8
10 103 4
37 50 5
30 47 9
115 168 3
82 172 7
126 178 9
9 130 4
47 165 5
22 106 9
182 189 5
28 138 3
91 138 6
41 151 10
103 117 5
49 129 7
71 166 8
30 44 7
132 193 6
15 130 1
44 103 6
93 175 8
21 153 5
84 172 6
29 82 4
19 163 4
38 179 3
53 71 6
121 170 4
14 57 6
68 154 8
14 147 2
127 149 8
124 150 8
35 65 5
14 161 9
24 179 2
15 166 2
149 189 6
153 157 2
12 96 6
106 183 8
125 186 1
155 156 6
92 180 6
48 174 8
32 39 9
84 141 2
101 179 4
102 109 9
66 92 5
130 165 1
109 146 2
130 139 8
136 152 8
131 144 5
38 79 3
115 148 2
76 96 4
112 192 3
91 159 7
95 188 7
72 183 6
107 166 5
11 114 5
13 43 2
87 160 4
61 194 5
127 135 2
128 166 2
60 142 9
4 160 10
21 102 1
193 195 8
95 143 8
74 130 5
64 119 8
195 199 10
125 180 9
38 100 9
10 25 9
89 191 2
92 164 7
84 114 3
13 198 2
191 196 4
11 60 8
140 191 10
131 167 6
35 115 1
97 179 1
68 171 5
62 175 5
18 31 2
30 157 9
50 187 8
67 163 9
29 161 7
8 173 3
13 170 7
91 124 8
185 195 4
20 77 3
44 191 4
132 140 3
177 179 10
71 142 10
121 194 1
125 152 1
99 166 6
52 154 6
93 177 8
85 177 10
34 166 1
42 144 7
34 41 7
7 24 10
16 32 4
67 126 2
59 193 5
59 125 5
38 117 8
104 186 7
128 170 8
141 197 7
51 187 9
136 153 2
9 39 6
9 200 8
183 192 1
4 195 8
48 121 4
1 75 7
29 85 8
15 50 2
82 119 2
79 187 4
138 177 7
37 58 10
2 13 4
114 164 9
60 156 1
39 79 10
50 184 10
89 122 3
1 17 3
165 194 7
6 148 2
139 141 6
50 61 2
52 63 5
66 195 4
7 90 1
57 151 8
125 163 3
57 185 2
84 139 1
7 107 3
116 184 10
98 105 2
23 166 6
157 200 2
148 183 10
54 178 4
121 178 10
180 187 8
55 176 2
52 198 4
101 150 5
30 100 4
33 134 5
21 77 5
91 188 2
12 138 5
19 174 1
17 178 2
139 194 8
46 104 8
23 88 9
99 155 5
29 117 9
46 103 8
39 68 3
11 100 8
74 135 1
29 132 8
53 121 3
136 176 9
157 178 2
6 189 3
130 181 3
38 101 9
76 133 8
164 194 9
33 60 2
37 195 7
1 124 5
16 157 5
73 111 8
96 198 7
136 144 6
10 98 4
50 136 1
9 165 3
20 70 10
68 152 1
82 152 3
185 197 1
61 189 9
93 152 3
87 110 2
37 78 10
133 184 7
35 177 7
1 135 6
13 146 10
45 81 5
131 153 3
44 149 2
115 122 3
107 156 10
46 136 6
19 47 2
65 163 1
126 159 8
78 178 8
38 77 3
9 12 4
46 106 7
6 13 7
131 148 7
78 166 4
115 124 10
5 70 8
13 111 3
4 106 1
25 129 7
169 191 9
125 165 9
129 134 8
80 142 2
71 168 7
98 170 8
19 187 5
45 155 8
12 107 7
51 189 6
120 194 2
131 160 9
144 196 7
57 165 4
25 142 3
135 150 8
75 191 1
23 53 1
113 168 4
169 170 2
95 199 2
41 179 6
51 105 3
61 74 3
101 180 4
23 81 1
132 147 10
20 196 7
100 107 1
11 127 3
99 122 8
8 104 4
14 42 4
65 102 1
76 175 9
28 142 5
30 135 5
36 105 4
53 56 10
91 105 1
52 152 4
50 124 5
7 63 5
29 54 3
123 198 10
35 175 2
98 180 5
28 46 3
19 51 2
22 187 7
168 170 1
62 78 8
101 170 1
100 115 7
68 90 10
108 150 4
85 156 3
5 156 8
110 134 7
130 175 2
9 190 7
23 184 9
113 189 10
11 130 7
67 177 8
74 113 2
108 121 4
105 187 7
75 176 3
8 155 9
3 82 7
142 147 10
162 163 10
129 197 4
99 105 8
17 183 3
164 178 1
35 75 4
55 190 8
16 50 9
36 164 4
142 192 10
8 135 5
15 134 6
73 110 4
56 116 5
76 132 1
52 120 3
33 59 8
42 101 1
74 81 10
18 165 7
133 188 7
89 182 2
98 200 2
140 162 10
15 27 3
68 111 9
74 149 6
1 136 6
68 167 6
136 160 7
167 200 10
40 111 1
44 146 5
147 165 2
167 187 7
26 185 10
24 73 4
117 150 5
4 147 5
2 147 7
31 145 9
177 195 3
154 198 4
154 169 8
101 140 5
85 127 3
92 101 4
42 67 8
171 187 2
100 186 1
146 175 4
181 192 8
35 82 10
38 165 8
23 80 8
19 93 7
95 181 6
83 135 2
107 184 10
31 94 6
85 128 3
48 182 8
10 157 1
50 82 7
26 84 8
3 67 6
93 100 10
94 191 2
97 160 6
19 43 4
36 104 3
29 36 7
53 195 8
38 142 5
98 129 2
96 179 3
121 126 10
25 137 8
119 145 6
27 197 10
19 67 3
6 178 7
69 86 3
103 155 10
150 176 9
20 151 6
59 108 4
61 122 7
38 135 3
59 181 4
7 124 4
5 115 3
21 139 6
10 112 9
24 71 7
135 168 3
82 108 4
3 171 6
64 150 9
84 156 6
1 174 8
70 163 3
109 130 8
139 182 10
107 162 5
136 154 6
52 135 4
63 131 1
7 132 5
28 67 9
4 75 2
2 28 6
83 169 3
123 151 1
136 196 8
173 177 4
58 188 2
15 145 8
7 115 3
49 128 7
88 114 10
87 168 9
136 167 10
21 119 7
18 95 3
119 130 10
8 194 8
173 193 7
17 102 7
26 175 1
114 180 4
79 161 4
31 83 4
105 192 6
141 152 3
96 119 9
161 163 6
20 68 9
22 118 2
101 149 9
133 182 1
8 110 4
75 169 8
54 134 9
9 47 4
29 95 2
14 66 8
34 119 10
101 142 1
70 168 2
52 173 10
23 38 7
25 91 5
115 139 5
50 154 1
34 63 7
145 191 5
31 108 7
4 159 2
76 86 4
107 147 5
90 197 8
29 135 9
14 80 3
26 178 3
22 166 7
69 195 5
53 178 8
75 128 10
1 158 2
20 109 8
185 186 10
41 169 1
42 188 10
68 175 8
4 9 2
5 101 3
67 148 2
24 62 7
44 63 1
130 199 4
50 115 1
163 166 3
17 162 5
165 198 7
168 176 10
84 86 2
13 45 9
178 200 9
75 198 4
33 190 10
71 106 7
126 165 10
13 174 7
5 187 6
104 198 9
6 14 7
19 199 1
12 154 3
60 97 5
29 177 7
116 160 10
47 109 3
77 137 10
10 119 10
14 50 9
17 76 8
43 183 1
49 84 9
102 153 8
73 103 8
67 124 10
85 120 10
83 137 3
5 17 10
27 120 6
137 169 1
15 146 4
61 133 4
147 149 1
48 100 3
76 80 5
47 77 10
120 156 10
55 116 8
130 151 10
9 138 2
8 127 2
126 148 3
48 97 6
22 113 9
7 139 5
4 193 3
53 185 7
49 194 9
57 191 4
27 72 3
73 79 7
32 42 2
86 109 6
125 128 2
98 116 2
130 158 6
32 40 3
62 173 7
34 116 6
157 159 3
58 107 8
8 190 2
25 101 5
62 104 1
9 106 10
82 89 6
57 63 8
86 118 8
111 170 8
149 195 5
158 186 9
6 181 8
23 178 6
20 199 4
40 101 4
36 182 9
28 91 8
169 173 8
119 186 7
168 186 1
131 149 8
40 199 6
86 96 4
27 60 10
21 120 3
53 191 2
87 194 4
79 167 8
8 164 5
41 64 10
133 197 5
106 196 2
54 182 3
36 67 4
28 185 9
130 179 9
94 99 2
8 119 9
64 130 2
35 130 10
7 138 8
102 174 7
115 186 9
101 185 5
82 105 1
46 124 3
89 145 4
40 196 2
38 108 8
77 157 10
42 71 6
97 184 5
79 185 7
102 135 10
98 164 8
86 177 2
19 27 4
72 149 3
27 165 1
45 111 4
142 180 8
13 115 10
144 148 9
59 61 1
102 156 10
42 169 6
25 119 7
155 188 2
21 97 9
9 156 4
87 163 3
120 190 4
17 41 8
101 108 8
132 188 8
93 154 10
65 125 10
62 130 3
104 114 6
128 142 8
33 55 10
72 155 10
2 86 5
17 132 2
132 133 7
65 68 1
82 161 5
23 121 2
53 118 3
3 81 3
14 25 3
52 130 3
97 165 1
52 147 8
50 75 4
5 79 5
7 170 3
25 157 10
55 161 8
83 167 4
24 49 7
150 178 7
65 127 2
103 175 5
86 147 9
110 164 2
120 149 6
39 54 10
44 167 10
89 177 10
20 84 8
75 130 6
138 174 2
78 190 4
11 12 6
42 132 8
158 168 1
60 73 6
41 173 10
7 118 7
52 103 2
17 151 10
15 132 7
27 156 1
14 149 3
87 170 3
153 156 7
28 137 1
20 183 9
90 138 8
17 115 2
147 188 4
34 120 3
153 171 1
23 174 2
110 124 4
64 160 4
172 187 8
177 186 5
151 181 4
104 184 10
29 165 5
107 125 6
76 82 10
95 166 7
72 98 4
102 124 9
49 195 6
71 90 6
94 139 2
44 121 9
161 196 1
146 185 10
62 80 2
46 60 5
33 147 8
47 114 6
45 133 10
138 199 2
40 109 3
35 195 9
109 169 2
31 177 3
22 123 1
37 186 5
34 194 4
103 119 6
53 183 8
67 200 10
110 159 10
130 161 8
48 54 10
116 177 2
144 169 8
166 180 3
124 176 1
8 156 3
98 107 2
102 126 4
10 177 6
15 120 5
19 97 6
99 170 1
119 144 9
90 100 10
25 183 7
140 173 7
81 156 9
67 91 1
3 169 1
6 144 2
137 168 4
29 69 9
1 53 7
51 52 5
141 175 5
69 162 5
8 137 1
114 130 10
9 167 4
53 59 9
15 105 3
29 146 10
39 135 9
54 189 10
142 182 8
138 183 4
101 175 5
84 106 3
5 197 9
63 111 9
100 184 4
32 69 10
36 79 3
37 74 7
36 161 5
40 117 2
117 165 8
43 85 3
51 58 10
93 147 7
119 138 4
80 177 4
35 190 9
153 190 6
6 86 1
42 175 3
142 172 4
90 158 7
15 59 4
114 170 4
31 32 9
87 92 6
40 177 7
3 74 5
14 51 2
33 130 3
86 148 4
152 192 4
18 146 9
69 155 1
48 107 4
76 124 6
91 156 3
99 163 3
54 173 8
97 114 4
159 199 4
36 183 6
18 65 9
61 89 5
27 64 4
47 91 2
2 181 7
157 191 2
41 184 5
81 124 3
9 151 4
27 126 2
41 84 6
5 172 4
13 84 2
40 193 9
99 162 3
39 73 6
64 76 2
8 33 4
109 135 7
135 179 2
173 183 7
10 43 3
18 119 2
93 193 3
89 167 10
149 160 7
33 64 6
109 115 2
29 127 8
89 184 4
80 140 1
68 181 8
31 76 10
61 174 8
140 183 7
88 103 3
20 36 6
108 184 4
158 170 10
122 131 2
81 184 3
14 76 10
92 187 4
20 137 6
8 66 5
32 38 8
80 178 10
13 106 5
89 95 1
37 188 8
58 113 1
13 120 10
37 145 6
147 183 2
33 106 2
104 187 5
133 146 3
28 106 5
91 98 3
110 139 10
57 188 6
48 190 10
59 200 1
39 127 8
27 82 8
162 164 9
68 172 4
92 95 1
1 195 4
55 102 8
20 131 4
13 92 2
57 107 8
55 183 9
20 59 6
37 179 2
2 172 3
6 113 4
56 74 9
78 123 5
85 160 6
77 184 2
31 106 1
93 164 8
115 169 4
106 140 1
16 137 2
74 85 3
106 149 8
136 188 3
14 130 5
19 189 10
48 140 6
2 193 6
26 41 9
121 123 6
105 154 4
85 119 3
69 160 2
34 45 1
65 132 4
159 183 1
11 196 8
11 153 9
15 18 3
45 139 10
33 128 8
19 182 7
150 200 1
48 193 3
28 72 1
6 92 6
34 90 7
17 120 6
8 141 2
31 178 7
58 131 1
83 84 10
63 199 3
39 163 4
116 141 6
93 181 7
171 190 2
76 147 6
21 123 1
34 65 9
10 198 9
41 50 1
112 117 2
6 78 10
29 145 5
50 153 3
146 191 4
62 126 1
32 114 6
61 63 2
100 118 1
112 146 8
13 69 5
49 104 9
28 84 4
106 132 2
73 143 7
126 174 9
23 24 7
10 48 7
30 146 1
37 40 2
45 71 6
172 188 8
27 114 6
20 58 8
31 44 5
127 166 5
20 86 3
24 95 3
129 181 2
46 117 2
126 157 6
42 68 5
75 183 10
73 114 6
122 152 9
108 177 10
65 120 6
106 141 4
84 182 2
92 136 2
66 67 10
20 101 9
14 125 9
136 140 9
46 76 8
81 144 6
41 157 2
36 103 10
111 134 3
25 41 7
74 133 5
44 89 9
96 166 8
27 55 8
49 160 10
50 86 3
23 50 3
69 99 8
24 40 2
106 158 8
43 198 6
20 104 9
5 48 10
6 184 1
91 194 7
57 195 7
82 186 6
139 190 1
31 163 9
67 135 6
81 125 4
91 99 6
90 106 3
41 94 7
31 170 10
71 192 10
113 174 6
48 114 7
51 120 3
178 193 9
91 167 4
94 155 10
40 182 7
36 57 6
4 137 6
50 56 5
5 106 3
73 168 6
93 122 8
6 197 8
50 181 1
19 73 5
63 93 5
16 141 4
59 78 6
90 136 8
112 187 4
138 158 8
35 69 6
116 152 10
167 179 5
11 122 6
97 166 7
23 135 6
24 76 3
16 43 9
56 98 9
49 86 8
58 161 10
96 193 6
50 127 9
74 92 6
46 174 2
58 145 5
93 163 3
32 140 5
6 52 5
68 124 2
55 147 9
194 199 3
57 167 2
72 141 9
7 51 6
103 179 3
116 172 4
30 66 3
81 137 1
4 6 5
19 80 6
65 126 7
114 137 9
29 92 9
9 53 10
40 127 1
65 134 8
10 135 1
72 176 7
73 78 6
161 173 6
110 151 2
41 159 10
166 168 7
89 193 5
57 69 6
32 45 2
47 131 2
58 185 7
93 159 10
4 94 8
20 191 5
27 116 2
52 167 6
121 127 3
165 188 3
122 199 10
7 129 3
56 152 2
60 141 8
16 40 6
146 173 4
84 104 1
40 60 5
50 118 5
122 197 5
80 164 6
36 165 3
51 184 10
67 156 8
42 100 4
105 157 8
5 152 10
33 185 9
51 143 2
173 178 5
118 136 4
96 159 1
40 63 4
13 73 10
130 171 8
77 197 8
158 183 9
84 164 4
114 142 3
173 188 6
1 145 4
112 136 2
125 147 7
90 101 3
174 179 7
9 35 1
77 152 6
73 131 7
58 140 2
6 30 2
8 123 3
18 192 9
24 164 3
76 87 1
32 37 2
11 82 1
75 95 2
102 128 8
23 87 2
83 142 3
3 131 7
57 196 3
29 143 3
139 176 4
137 158 9
65 137 6
161 195 2
61 185 1
88 151 2
105 196 5
14 18 10
28 38 2
38 196 7
4 167 7
58 196 6
20 122 9
157 185 6
51 146 8
48 152 10
50 95 3
106 170 2
41 115 10
109 152 3
92 130 10
92 200 10
14 105 10
61 116 6
2 158 4
3 92 4
109 111 10
35 78 10
183 198 9
36 168 8
160 175 2
2 40 10
72 83 8
15 141 1
95 123 5
21 168 2
161 199 6
41 170 7
62 187 8
8 64 10
155 191 9
5 31 2
85 179 10
23 175 4
130 155 1
91 130 8
167 174 5
9 117 7
163 172 5
48 196 9
1 125 4
69 193 3
3 6 9
127 138 1
11 22 10
37 76 7
18 40 4
48 84 9
9 136 4
52 196 4
171 180 10
170 192 3
156 171 7
128 155 3
37 153 8
22 54 6
8 22 4
168 193 9
149 158 7
56 183 8
69 102 6
2 107 1
51 145 10
20 60 5
117 182 5
92 169 1
126 172 6
75 178 7
43 82 3
29 86 3
115 178 7
31 41 7
71 188 6
28 30 10
117 177 8
76 121 4
80 163 7
39 104 8
139 186 6
165 174 8
17 196 8
114 157 4
8 86 2
7 22 5
90 178 2
30 188 1
28 134 9
71 101 1
29 155 9
12 123 9
18 164 9
99 150 8
21 63 6
21 180 1
62 127 2
90 103 5
20 115 5
42 94 7
62 118 7
6 43 8
80 91 1
42 161 10
85 143 8
31 138 8
37 84 5
153 162 5
71 86 2
76 141 4
80 100 3
183 200 2
62 194 7
46 122 1
5 166 6
114 149 7
61 140 6
8 196 4
169 188 3
14 72 10
87 198 2
96 108 10
178 195 3
3 119 6
19 55 10
30 42 10
35 114 6
114 119 10
18 45 6
80 132 10
2 150 10
44 174 6
45 164 8
124 132 5
56 61 10
115 135 10
43 60 1
56 142 6
13 33 6
142 194 4
41 59 2
21 132 9
27 68 6
138 192 9
8 80 7
54 180 4
73 80 1
120 184 3
91 166 3
7 158 5
82 130 8
34 115 10
42 54 1
5 68 8
5 59 6
60 119 7
77 133 8
91 193 8
59 127 4
116 151 5
115 171 5
86 158 8
42 197 7
104 148 2
59 73 9
150 196 2
96 188 10
26 177 7
90 152 4
10 101 5
43 51 3
33 145 1
92 162 9
58 125 8
147 158 8
2 190 1
96 134 1
90 177 10
140 171 9
158 159 10
63 143 8
64 103 6
3 152 6
59 123 3
39 113 1
142 197 8
157 164 1
135 181 3
19 148 7
48 50 5
2 182 2
139 162 7
10 63 9
167 195 10
68 69 5
51 54 6
75 192 7
77 174 6
15 85 4
100 129 6
48 178 2
121 185 9
125 137 6
43 92 7
65 169 10
52 197 2
21 117 4
119 199 1
45 69 2
64 93 1
161 192 8
55 111 7
40 128 6
88 128 8
2 61 5
149 159 4
140 197 7
88 185 3
4 188 3
102 165 3
22 158 8
10 70 2
51 94 6
24 36 8
67 195 9
43 177 1
43 49 7
184 186 2
62 146 3
87 193 4
25 108 10
113 159 8
71 83 7
66 142 10
34 101 1
104 126 6
45 58 3
100 196 5
20 180 2
143 194 1
47 70 5
103 107 1
182 188 6
23 93 10
8 124 9
52 68 4
78 169 5
72 103 10
121 157 6
57 76 3
37 82 2
107 136 8
135 187 1
23 49 3
74 152 5
75 147 6
3 43 4
56 147 1
71 159 9
77 138 1
179 182 1
48 60 6
29 181 3
146 157 5
23 113 7
69 98 4
139 197 3
37 114 4
40 146 6
1 163 7
19 84 6
80 121 9
26 200 4
171 200 3
37 45 5
35 142 1
33 118 2
54 58 4
27 44 10
92 166 4
78 156 2
150 187 3
93 149 7
114 140 7
80 170 1
70 85 3
119 123 1
100 136 6
65 181 10
75 170 7
117 197 5
8 165 7
13 81 6
74 143 7
99 115 4
16 112 6
9 194 5
35 136 1
99 188 7
136 145 7
29 126 2
141 160 10
102 104 8
21 143 4
121 171 9
38 141 6
14 94 2
35 129 4
132 136 5
23 56 6
75 113 3
66 197 8
107 191 6
3 173 6
53 97 8
121 169 10
118 153 8
31 49 4
50 172 10
27 196 4
11 112 2
47 138 3
12 120 5
5 176 7
14 24 5
30 79 7
15 65 5
130 195 6
53 200 9
107 195 6
44 140 8
23 197 5
97 181 1
1 62 6
19 139 3
19 160 1
150 169 4
92 183 4
31 192 5
17 190 9
63 85 9
78 106 2
81 85 5
41 171 7
16 156 10
68 114 1
79 125 5
91 131 7
91 175 2
142 187 2
78 161 2
21 155 7
147 197 7
124 198 3
8 71 2
49 192 10
12 14 6
17 48 1
33 140 4
28 136 1
45 128 1
55 117 4
122 174 3
36 60 8
137 196 5
15 55 9
94 110 2
70 76 6
9 118 2
59 102 9
2 189 1
163 190 4
22 172 2
20 80 8
13 123 4
15 139 7
65 138 10
71 186 7
106 168 2
23 70 4
41 110 3
9 141 7
87 120 6
19 56 1
67 142 2
107 143 2
80 152 4
152 169 10
84 133 9
81 180 6
12 180 1
77 110 6
47 81 6
25 65 1
98 137 8
94 116 10
22 99 7
130 166 10
168 174 3
63 180 5
146 193 6
59 146 1
65 75 8
21 111 10
17 35 10
21 23 1
14 175 3
167 180 8
18 104 9
165 200 10
8 133 9
179 185 5
61 176 10
141 178 4
52 84 1
12 22 8
34 187 2
17 74 2
63 80 7
89 100 5
159 176 3
83 146 4
56 89 6
45 166 3
126 138 1
136 178 10
77 88 3
97 194 8
66 84 8
40 82 2
35 87 9
59 65 10
61 156 6
44 104 5
23 27 5
148 163 6
143 157 4
42 76 3
135 164 2
47 180 8
58 79 3
1 66 10
3 107 1
5 182 3
55 130 5
60 188 7
38 94 9
88 101 6
24 197 5
77 95 3
19 52 6
78 132 1
46 56 9
79 105 5
6 96 6
78 150 1
104 121 7
69 110 10
124 197 7
85 136 3
59 175 9
15 116 2
25 186 5
110 196 1
1 162 3
170 186 2
171 175 1
89 107 7
80 173 10
43 47 3
30 143 2
1 43 2
26 51 2
48 133 10
60 108 3
45 196 7
70 103 2
63 134 6
70 120 6
98 179 8
38 99 2
49 188 5
15 161 7
15 156 6
51 98 7
90 130 3
28 54 1
123 183 3
60 132 4
11 142 8
94 148 2
18 44 8
31 59 2
137 151 10
133 189 9
57 197 6
66 124 7
41 185 10
101 197 2
104 189 3
131 133 1
10 165 6
62 63 2
21 35 10
4 55 6
133 191 10
3 149 5
52 93 7
13 181 8
29 189 4
109 160 2
115 143 7
12 158 10
139 142 8
50 64 7
139 185 5
17 137 4
75 97 10
142 148 1
149 200 6
117 143 10
143 185 5
104 106 3
1 102 2
41 186 3
105 144 4
39 45 1
12 118 5
94 103 10
2 152 10
39 192 3
37 116 8
97 149 9
91 143 1
99 137 5
39 70 8
150 155 2
98 185 7
71 76 5
9 198 4
94 141 1
109 154 1
36 102 5
23 33 8
51 59 5
18 185 2
85 86 6
56 90 8
95 155 8
138 165 2
115 183 10
118 163 8
77 81 3
26 119 4
138 154 9
42 92 4
112 177 7
164 198 1
55 191 7
88 193 5
77 161 5
30 195 10
7 178 7
123 187 9
2 50 5
10 106 4
75 144 5
66 83 1
131 134 7
11 168 8
111 126 2
48 156 7
153 160 1
3 113 5
51 154 3
117 198 5
1 101 7
13 137 5
89 112 7
58 149 10
45 183 4
55 192 3
155 195 9
71 95 2
117 142 5
2 123 1
47 94 2
15 34 7
101 183 10
49 134 5
16 180 4
126 154 9
31 172 10
30 141 3
98 131 5
113 192 6
51 83 6
13 46 4
95 124 4
99 157 5
36 92 8
7 140 8
115 145 9
30 78 4
63 177 3
28 103 3
142 175 2
22 133 7
71 98 9
123 125 1
87 107 8
61 106 5
90 119 10
42 155 4
137 184 9
20 105 2
25 117 3
7 35 1
115 157 9
23 63 3
79 188 3
94 164 3
11 45 5
54 166 2
43 90 4
124 166 7
30 51 1
72 167 4
42 52 6
159 167 4
104 194 10
132 137 5
94 165 7
2 79 7
126 162 2
16 116 3
83 145 9
1 133 9
6 157 8
49 174 5
78 108 7
7 41 6
91 92 7
7 200 3
45 80 3
80 141 5
49 68 6
149 162 9
22 117 3
10 142 3
43 77 1
38 133 1
125 151 9
123 128 1
18 58 6
88 129 7
121 181 5
89 186 4
71 138 5
90 193 8
5 69 7
137 164 3
111 148 4
152 184 2
36 63 1
85 91 3
144 164 10
11 71 1
19 103 6
13 99 8
31 46 3
99 198 7
63 72 8
112 129 7
30 77 4
134 136 10
64 139 2
49 56 8
22 131 3
25 97 5
2 114 2
41 103 1
72 128 8
63 105 9
59 199 9
139 156 5
69 171 1
58 123 8
51 135 6
8 114 9
150 168 6
19 92 6
189 196 5
94 134 4
173 190 7
118 195 5
31 176 10
40 179 10
78 182 4
157 189 2
34 117 8
30 185 2
15 94 2
96 196 2
90 132 7
140 189 6
112 167 9
71 77 10
113 173 4
105 114 3
19 28 4
82 185 6
50 58 5
37 142 5
41 51 6
171 191 7
126 191 1
20 123 8
16 160 10
122 172 2
120 122 3
49 152 7
79 180 10
83 116 8
87 172 6
100 159 10
25 85 7
162 165 6
60 143 10
133 162 4
165 179 3
89 172 5
53 73 10
13 133 5
6 93 4
58 193 9
67 141 5
47 110 3
12 160 8
124 163 10
42 149 6
84 124 5
51 160 10
92 152 8
21 57 5
122 133 3
32 136 10
98 188 4
2 180 1
46 186 5
111 179 3
185 200 2
61 153 8
103 140 1
32 49 3
61 85 6
80 106 4
15 62 7
16 197 5
45 160 5
94 101 2
110 194 6
83 185 4
16 56 6
2 22 7
43 185 1
25 59 3
46 73 4
42 134 8
32 59 6
22 92 4
131 172 10
14 103 4
123 162 2
47 149 8
68 125 10
13 109 5
137 178 10
70 111 1
96 130 10
84 129 9
73 148 7
73 162 10
120 132 8
89 116 5
9 196 3
71 165 9
82 115 9
192 194 9
40 110 2
83 129 7
30 130 7
37 169 1
164 169 10
98 118 6
21 118 10
53 81 1
103 166 8
91 198 7
100 162 5
38 162 1
5 113 3
23 133 3
54 115 7
101 132 7
68 187 6
115 117 8
139 169 6
151 172 8
18 88 5
19 152 5
77 105 1
66 184 6
143 158 9
65 145 4
140 152 3
71 114 6
122 157 8
88 141 5
1 21 5
94 102 9
137 166 2
26 30 7
120 166 2
89 175 6
91 200 9
168 188 10
63 154 5
55 62 2
96 125 2
75 127 8
3 48 7
125 136 6
32 120 10
39 49 3
91 93 8
22 137 1
13 158 6
77 128 7
52 76 7
10 29 1
58 82 1
109 120 4
142 168 1
11 92 2
31 130 5
3 148 8
61 90 10
82 86 7
29 48 5
66 161 7
119 172 5
30 177 3
27 79 10
15 144 10
94 95 6
35 91 4
78 147 4
41 102 2
2 24 5
39 187 8
162 185 4
84 145 5
148 158 10
53 101 10
7 112 6
91 136 9
62 128 1
34 153 3
108 191 1
171 196 5
43 146 8
56 145 9
36 152 4
37 181 2
44 75 9
37 132 8
83 138 1
115 195 4
144 168 1
7 161 8
13 173 4
10 26 1
59 90 8
109 126 8
68 158 5
101 138 5
67 167 5
1 33 1
122 140 8
23 188 3
161 178 6
90 149 10
45 129 9
18 33 9
21 31 1
95 148 3
162 175 10
70 86 5
98 104 8
13 159 1
36 188 3
172 180 8
91 177 9
99 141 5
31 61 7
23 193 4
80 83 1
144 174 8
81 168 9
91 164 7
20 73 8
81 119 7
115 172 2
87 178 5
25 58 10
18 91 2
85 193 5
40 93 10
35 152 3
110 153 2
16 155 7
22 57 7
41 85 10
126 183 3
52 148 9
116 133 1
108 146 9
66 80 6
40 174 5
80 118 3
13 112 9
114 128 8
165 175 9
145 166 5
55 56 7
57 92 8
72 193 5
59 171 9
33 189 8
187 195 5
122 126 4
9 70 1
54 61 6
52 146 4
35 131 2
25 126 9
45 104 10
51 89 6
166 181 5
154 173 10
39 53 7
24 177 2
5 80 9
56 160 5
167 181 8
39 97 1
19 141 1
94 97 3
56 124 9
20 102 10
134 167 4
38 166 3
6 62 6
41 119 5
70 157 10
54 110 7
167 189 10
6 25 2
69 186 6
10 170 1
38 114 10
74 116 9
69 117 8
91 186 3
126 150 3
69 194 2
8 30 4
21 182 9
92 161 9
18 159 2
41 112 5
28 52 3
1 139 8
28 117 3
5 81 10
74 127 4
132 163 9
68 70 3
76 200 3
134 183 7
21 200 6
48 55 6
54 135 8
86 136 10
130 177 3
93 117 5
112 165 10
99 100 9
52 128 2
109 172 7
134 141 5
58 75 10
97 193 7
35 97 9
35 147 6
55 169 4
102 103 8
171 177 7
81 133 3
2 70 9
46 140 8
7 135 7
141 167 4
120 126 9
161 188 2
56 166 10
103 186 2
57 124 10
14 177 10
10 58 7
129 155 6
19 25 4
89 144 10
51 60 2
7 113 3
29 43 3
64 200 2
83 103 8
52 188 4
10 192 1
1 200 2
127 145 9
4 88 9
121 124 6
36 39 7
14 189 3
13 104 1
176 179 7
22 170 1
27 194 5
22 101 9
36 98 8
83 131 4
8 159 9
103 154 2
12 181 10
126 176 7
59 68 3
23 45 4
37 111 3
17 62 9
53 136 5
6 192 8
3 175 9
118 187 9
38 82 9
6 20 7
151 188 3
67 152 5
110 155 10
55 144 5
70 151 9
75 108 7
104 176 8
166 193 4
89 151 5
42 95 2
27 158 4
6 68 1
9 18 5
68 85 10
92 168 9
62 171 9
38 53 7
40 88 7
88 142 8
58 66 7
98 159 4
49 90 7
4 91 4
44 71 1
25 123 6
47 101 7
50 130 7
50 123 5
77 82 6
11 117 8
8 136 7
21 161 10
148 190 2
54 117 1
50 67 8
28 109 9
100 141 5
75 200 7
82 94 2
143 182 7
24 29 4
109 188 8
4 196 2
56 102 7
1 73 9
93 160 4
18 84 4
44 55 5
145 165 10
146 198 7
116 149 3
10 23 5
71 74 2
96 197 8
81 118 2
12 87 4
166 183 2
37 147 4
145 164 8
133 137 6
148 152 8
58 99 5
74 162 2
94 174 6
116 170 5
40 190 8
40 169 6
26 133 1
5 41 9
34 128 9
20 95 8
78 116 7
90 111 3
19 111 5
32 184 10
18 27 9
38 128 7
103 110 1
64 152 9
1 36 6
4 145 8
70 148 5
86 156 9
39 106 4
46 178 6
24 92 2
67 125 2
156 179 10
173 197 7
19 62 6
77 92 9
73 179 8
9 114 2
97 108 10
67 86 4
133 144 2
81 129 5
20 145 2
52 159 9
46 78 10
129 144 1
145 173 2
35 116 5
23 194 1
21 177 10
160 186 3
143 163 9
56 139 5
124 179 2
96 169 3
25 38 3
25 71 7
67 197 3
2 116 8
87 188 9
18 102 4
23 157 8
24 159 5
163 195 2
66 121 2
156 189 2
106 135 2
16 52 10
147 190 5
24 51 8
9 171 2
46 166 9
85 181 2
33 126 5
54 85 5
45 90 8
135 158 9
54 153 5
146 177 3
43 118 3
17 78 1
16 44 5
26 117 9
56 120 6
98 186 3
104 167 10
72 175 3
67 132 8
49 156 6
61 164 10
55 79 9
85 105 5
21 126 6
135 143 10
8 170 2
36 62 6
77 164 8
101 107 5
96 137 8
141 169 4
191 197 1
23 155 6
37 70 7
178 198 8
3 110 8
49 157 7
2 103 4
89 178 8
59 139 6
109 185 3
24 35 3
63 161 3
50 177 7
102 123 1
68 199 4
27 142 8
125 177 8
9 146 8
108 136 10
44 47 6
42 63 6
125 199 6
43 131 1
174 194 1
103 146 7
3 159 3
26 180 8
34 154 1
66 88 8
26 58 7
47 113 5
44 131 5
28 197 9
136 142 9
23 127 10
49 133 9
10 83 1
151 178 10
161 186 5
25 197 5
22 194 6
9 59 5
97 172 9
85 103 10
67 134 4
71 126 4
135 156 6
59 134 5
184 187 9
26 128 3
94 170 9
82 142 6
63 110 1
118 150 1
57 68 2
187 200 1
30 55 5
1 47 1
100 140 7
22 40 4
172 183 10
117 139 2
30 35 8
12 95 6
65 156 7
108 199 3
78 112 4
33 85 3
6 145 10
10 47 7
60 184 10
11 91 4
122 163 8
81 166 3
32 71 5
6 137 1
156 159 5
8 21 1
121 148 8
21 181 3
149 154 6
67 89 4
14 187 4
19 85 1
25 102 1
40 102 3
45 156 4
36 64 2
114 151 3
51 55 5
3 180 6
129 192 5
51 75 5
149 176 8
31 165 2
33 157 6
103 180 10
111 195 4
94 119 1
61 121 8
22 140 10
4 120 3
42 121 8
121 132 3
92 156 4
50 83 7
58 62 10
29 30 1
19 35 7
19 168 10
16 69 2
52 139 10
28 200 7
145 193 4
127 158 1
73 189 6
95 141 6
109 149 7
19 60 7
33 44 6
10 125 10
66 164 7
19 26 2
81 111 2
28 50 9
18 123 8
17 23 3
154 195 1
132 158 7
40 156 9
148 174 7
61 120 8
51 200 9
36 130 3
42 163 4
152 180 4
24 189 9
73 120 1
81 92 5
111 160 8
82 84 4
57 98 2
61 130 8
69 107 10
147 172 1
82 165 2
144 183 7
10 156 3
77 112 9
64 174 1
111 124 3
72 127 8
89 130 10
148 194 6
41 143 1
40 72 1
2 146 10
102 132 5
24 80 8
60 136 7
36 187 10
30 58 7
37 185 8
47 158 6
5 96 2
56 137 8
71 170 8
64 149 9
10 110 8
129 136 3
133 134 3
139 179 3
90 160 4
43 173 10
81 146 9
77 144 8
4 148 8
20 177 4
137 197 6
23 100 4
49 163 1
50 128 2
30 33 9
68 80 2
18 97 2
86 197 5
7 110 7
153 176 6
54 154 8
39 136 10
190 193 8
39 55 6
52 54 6
177 188 3
170 171 10
44 182 10
7 156 6
108 144 7
124 145 9
132 175 8
32 129 6
35 169 6
132 161 2
117 135 5
81 102 4
1 22 2
32 89 10
7 120 3
65 73 10
66 125 10
7 137 5
6 154 5
189 190 5
11 59 1
99 123 6
27 103 8
2 54 5
20 189 8
63 98 4
81 89 4
67 117 3
112 158 2
25 70 2
21 187 9
61 104 2
66 139 9
67 178 1
36 144 10
9 25 6
80 114 9
30 161 8
9 128 9
49 165 2
116 150 7
192 198 8
23 59 4
9 32 6
45 131 3
11 147 2
67 87 9
74 88 2
23 185 8
58 175 3
25 100 1
21 128 2
6 194 8
55 70 1
20 125 1
152 166 2
39 162 1
26 59 5
13 44 5
46 80 7
6 140 2
33 110 3
15 175 8
54 137 2
73 82 9
64 138 6
16 177 6
76 144 3
12 113 4
58 74 4
74 159 4
64 146 8
56 175 1
118 186 3
7 70 5
6 11 6
21 163 7
83 155 5
4 143 7
23 161 9
180 182 1
31 117 3
124 138 10
12 58 3
77 169 8
45 148 6
102 191 3
26 141 4
48 125 9
39 143 8
161 162 2
27 29 5
155 200 4
13 50 4
114 118 1
150 193 10
62 186 5
98 157 5
40 167 9
51 173 10
173 179 4
55 163 1
170 184 5
57 169 9
41 89 6
146 186 9
68 115 3
53 186 4
89 176 10
118 156 9
101 145 2
17 42 10
96 185 8
14 16 6
36 120 3
36 178 9
35 117 10
72 192 3
113 115 5
128 183 7
64 75 9
180 181 8
9 163 4
37 105 1
56 180 8
22 167 6
3 95 1
41 54 8
132 197 4
47 79 3
54 70 1
108 110 1
23 123 3
62 79 1
103 187 6
156 160 5
37 102 4
9 145 9
11 51 6
39 172 4
107 146 10
35 50 6
121 128 2
47 177 5
13 113 7
76 85 7
96 153 8
110 143 9
66 123 9
143 153 9
199 200 1
81 127 8
26 172 10
120 131 3
45 115 1
10 199 2
90 98 7
63 67 10
68 151 7
28 45 10
12 126 5
44 176 9
108 187 4
20 43 10
68 160 7
64 137 4
85 170 6
31 156 1
81 103 5
45 55 9
49 102 5
64 191 7
110 175 7
1 166 1
63 133 6
60 95 2
123 161 1
29 71 2
113 200 4
89 146 2
3 63 2
28 108 7
117 151 8
76 149 8
65 159 2
162 184 6
153 195 8
28 34 5
140 167 7
105 134 2
6 35 8
22 149 3
109 173 8
127 163 1
26 199 2
57 108 7
21 124 10
5 58 4
116 166 1
17 103 7
6 57 4
152 196 7
162 196 9
38 177 6
148 159 3
77 115 4
15 100 6
5 112 7
125 135 2
160 187 10
126 187 4
24 77 1
159 192 5
89 199 9
48 135 8
39 168 10
18 54 9
137 139 2
155 183 5
95 196 6
8 180 6
108 182 7
127 173 1
106 113 3
15 136 5
190 198 10
147 175 2
50 98 7
103 118 1
69 182 4
36 81 8
97 162 8
157 179 10
76 164 9
8 143 2
72 106 7
104 181 5
107 167 3
114 163 2
132 181 10
26 157 6
33 142 5
168 177 4
9 66 3
85 96 6
170 195 1
46 52 9
67 116 2
46 79 6
31 121 2
80 197 5
51 123 4
31 168 6
104 161 9
133 136 7
62 152 1
45 158 4
56 84 1
6 193 3
58 164 4
8 25 10
138 173 1
30 127 6
85 138 2
133 152 4
65 82 10
97 195 5
41 75 8
52 81 1
82 129 6
41 161 2
60 157 7
61 117 7
125 153 3
42 66 3
102 187 10
68 150 3
5 73 5
51 130 7
60 159 3
37 104 4
70 152 1
82 127 7
114 195 9
23 129 3
105 180 5
109 147 1
52 73 1
86 114 4
98 172 1
189 194 5
131 176 3
76 157 4
111 137 10
120 171 9
27 186 3
34 138 10
7 155 10
5 109 6
167 186 2
20 178 4
163 182 1
143 166 7
64 175 9
131 171 5
60 195 3
150 185 7
16 21 4
8 37 1
48 198 5
94 96 7
8 40 8
147 198 7
63 151 5
82 163 8
31 167 9
69 177 1
60 114 7
30 96 6
118 135 3
69 167 4
35 161 2
25 86 9
88 155 4
99 187 4
57 145 9
107 173 7
13 191 8
107 141 4
37 139 3
61 132 10
157 187 2
71 109 7
77 132 3
43 80 3
138 180 7
19 127 6
23 163 9
60 93 5
52 161 6
34 189 4
86 104 5
16 136 2
168 179 8
95 174 1
27 94 8
119 198 9
6 106 9
168 200 7
8 99 6
66 135 5
88 96 10
107 112 9
71 171 1
28 41 10
47 148 9
23 108 5
108 133 6
31 146 10
132 160 4
48 146 4
106 180 3
100 147 10
7 192 3
128 165 4
76 111 3
58 78 5
9 98 5
115 179 5
161 179 1
5 66 7
132 146 8
30 176 9
71 119 5
172 177 2
16 146 1
162 178 9
24 160 6
73 128 3
96 160 9
106 195 2
130 169 5
39 149 7
32 185 1
107 160 3
39 44 9
52 149 5
14 152 7
18 63 7
19 181 5
67 196 6
24 101 6
163 200 1
118 151 5
96 151 6
20 87 7
93 97 2
97 151 1
169 178 6
26 174 2
173 181 9
102 145 2
90 134 3
124 151 1
8 72 6
68 72 8
165 166 7
80 184 9
103 163 8
56 96 3
121 139 4
36 49 8
10 27 8
19 158 4
19 88 2
9 162 6
25 190 5
67 94 2
95 111 1
113 157 7
5 157 6
37 199 2
35 145 9
29 110 2
171 195 7
59 126 10
80 186 8
4 86 7
108 176 7
72 184 2
30 34 3
62 111 10
24 104 3
7 177 5
55 100 1
96 146 6
103 104 6
150 189 10
12 37 6
8 186 3
160 199 8
125 150 3
53 75 2
82 98 4
136 184 1
39 191 9
9 133 7
6 112 5
75 159 2
48 81 3
6 198 6
50 164 10
35 111 2
126 142 6
3 156 6
74 99 8
148 195 1
4 122 4
129 180 4
57 200 9
138 147 2
73 86 8
60 74 3
34 76 10
62 85 8
3 150 5
6 49 1
8 68 10
71 96 6
36 175 3
67 113 4
21 159 9
77 180 7
114 166 5
49 93 4
54 172 2
47 136 4
55 131 2
96 114 4
63 157 8
26 28 7
35 197 5
51 121 4
40 90 7
25 150 10
172 199 8
120 181 10
95 99 2
105 188 9
36 153 1
105 128 6
72 178 2
152 172 6
69 161 2
50 57 10
123 191 8
101 190 7
135 140 10
24 65 8
100 199 6
5 8 5
107 178 5
158 164 4
91 165 10
88 186 1
13 157 9
129 188 7
75 82 4
86 161 4
34 69 2
120 168 5
34 182 8
27 175 10
54 124 10
71 130 10
28 193 6
177 187 4
58 76 8
119 141 6
14 96 2
48 98 2
85 123 5
90 187 7
26 165 1
6 31 2
66 144 8
19 124 4
78 115 6
62 188 7
43 163 4
130 137 5
44 159 8
52 69 8
87 177 7
169 197 2
94 98 6
93 109 2
11 24 9
47 145 4
48 148 8
86 164 7
29 125 10
61 75 3
19 133 10
30 137 8
57 163 6
33 74 8
187 192 8
47 129 4
81 151 4
99 182 7
78 167 9
9 62 1
15 89 7
76 171 1
12 136 10
53 57 1
79 100 2
27 135 3
40 140 9
112 140 8
32 182 7
128 167 7
31 64 9
19 63 6
34 66 8
70 171 10
118 177 4
18 189 1
41 125 6
128 189 9
45 116 2
100 185 10
57 156 6
105 107 3
37 133 4
69 114 5
59 174 2
100 121 5
118 138 5
6 48 8
54 96 6
90 155 10
149 192 1
45 60 5
50 114 5
126 141 7
1 89 10
47 102 8
111 149 4
43 119 6
19 138 10
19 86 7
70 176 5
21 110 4
62 86 2
101 159 3
16 35 7
80 147 8
106 122 4
38 199 1
4 139 6
40 49 2
62 123 2
130 190 4
42 83 7
62 91 8
21 39 4
34 70 4
140 158 8
13 116 1
161 190 2
15 28 6
96 122 3
106 198 1
1 186 4
82 173 2
2 163 6
16 24 6
25 118 3
98 102 6
70 92 4
69 183 7
30 183 10
166 192 3
24 172 6
56 64 3
19 129 2
75 114 5
9 116 1
115 130 2
7 45 1
87 125 10
20 103 10
158 193 4
50 96 1
9 29 8
142 160 1
38 167 1
55 75 8
11 17 6
22 176 4
95 107 5
18 132 5
60 106 10
66 111 1
27 166 9
92 192 7
18 73 4
116 188 10
30 192 5
152 158 3
11 148 10
18 25 10
125 173 8
13 185 10
153 192 8
82 166 8
105 173 3
78 134 10
91 168 8
59 80 6
74 112 5
11 174 3
160 176 3
66 150 8
109 132 5
59 124 3
11 151 8
6 188 10
39 188 10
53 123 6
122 193 4
130 164 7
4 182 7
16 83 1
46 105 10
38 40 7
17 140 2
30 189 2
6 163 3
80 179 4
61 192 3
67 114 7
72 117 6
129 132 8
97 186 7
93 129 6
43 123 8
13 169 4
14 34 7
134 172 4
98 140 4
8 101 1
4 161 4
141 163 10
50 150 4
167 197 8
6 100 8
167 170 3
14 20 9
38 148 3
94 196 9
44 112 5
51 133 2
140 168 6
161 171 5
33 172 6
1 72 7
7 102 1
15 170 4
26 154 8
145 150 3
122 130 7
4 82 5
109 196 2
74 193 8
13 47 9
69 151 1
93 144 9
31 39 4
134 159 4
75 143 1
57 159 1
103 192 9
109 200 10
49 151 4
90 128 7
166 177 3
55 81 5
13 188 7
106 114 8
110 141 6
107 110 10
115 126 5
132 144 7
130 143 8
138 200 10
79 158 3
131 151 7
66 100 3
63 200 7
22 75 5
34 161 2
19 120 7
17 153 2
54 159 1
108 109 2
173 195 8
19 188 1
179 184 8
136 138 7
34 198 8
55 195 9
59 117 3
85 182 1
66 71 8
28 127 10
35 155 2
103 121 7
13 86 3
76 116 8
35 125 3
29 80 5
10 31 10
17 170 9
113 176 6
127 130 2
54 156 7
135 197 5
117 121 7
98 173 9
107 129 4
68 157 8
34 125 1
96 123 6
114 181 2
116 180 8
5 128 5
79 109 2
77 170 8
43 89 6
116 167 8
28 143 1
111 182 2
116 158 8
44 148 2
30 142 5
100 174 8
33 111 5
106 190 2
168 171 5
85 131 9
3 55 4
27 188 1
156 164 2
86 167 8
37 154 6
12 179 8
2 197 2
15 102 7
2 12 3
81 116 5
157 166 10
143 168 5
159 194 8
28 43 9
125 129 6
15 152 1
37 113 2
104 199 1
79 182 8
86 179 8
25 46 7
64 165 5
60 67 7
21 129 6
143 195 7
150 182 6
76 150 2
122 189 6
107 133 4
100 177 5
60 65 2
62 122 8
103 151 8
28 179 6
71 82 9
2 192 2
30 99 1
126 131 7
51 153 10
9 169 5
125 187 9
107 190 4
25 104 4
115 164 6
142 146 2
4 60 2
15 86 9
51 163 6
11 167 3
22 134 6
102 110 10
129 160 4
26 81 6
64 113 6
39 146 9
28 81 10
18 28 10
94 179 8
115 120 10
38 67 4
136 189 7
53 181 3
29 120 1
172 195 9
85 139 8
147 157 2
98 153 9
22 43 8
38 154 9
26 181 4
53 66 10
19 79 6
1 60 8
168 198 5
110 146 8
105 147 3
80 166 10
52 137 7
130 194 3
14 88 2
8 139 3
125 170 2
79 155 8
30 136 4
102 107 4
64 162 3
33 150 2
13 96 5
35 153 7
11 72 4
5 45 3
89 169 2
172 174 8
78 152 8
149 185 2
142 174 1
134 156 1
109 178 6
142 199 9
62 95 6
6 127 1
43 116 8
33 94 10
65 133 3
58 191 9
11 66 7
48 131 2
105 155 3
119 188 7
86 137 1
7 187 3
81 153 10
121 135 2
165 187 9
93 188 8
33 89 2
9 31 4
16 88 2
5 97 6
22 38 2
136 192 4
19 116 5
4 190 10
127 199 7
117 175 2
87 180 4
115 121 4
56 113 10
119 160 8
34 144 8
163 174 10
161 184 4
118 159 2
43 182 8
77 122 9
32 77 4
12 176 2
113 166 9
123 166 10
76 101 2
15 106 7
88 90 2
99 111 8
63 194 1
32 142 9
97 156 8
107 182 4
123 141 9
79 198 3
21 70 1
78 180 6
88 183 3
71 178 3
33 41 4
58 120 2
64 189 5
16 18 6
10 105 3
104 111 2
123 156 5
99 145 9
70 167 9
115 154 6
15 140 1
69 145 5
41 83 8
17 89 1
55 128 5
58 173 10
1 150 6
169 200 5
28 146 9
57 91 2
51 186 7
148 168 6
59 89 3
17 80 8
51 191 6
25 112 10
4 108 2
67 104 10
45 59 9
132 134 7
74 160 10
51 71 2
47 74 10
122 194 3
61 175 3
55 105 5
144 191 4
50 99 2
176 194 2
74 80 7
23 143 9
15 117 4
194 195 7
154 188 9
13 21 9
105 113 2
112 124 7
44 65 1
63 164 8
53 148 2
56 164 2
20 35 9
9 104 6
53 117 3
79 186 8
27 117 6
48 162 5
130 189 2
97 109 5
54 55 6
21 192 7
1 3 3
105 161 10
84 111 8
129 194 2
74 158 8
17 161 9
76 199 8
34 52 5
1 104 8
35 119 2
50 194 9
112 183 7
116 155 6
15 76 10
100 200 8
136 199 1
40 172 6
91 117 10
128 178 8
2 100 8
56 127 2
21 131 8
4 115 9
81 158 10
10 185 6
5 120 8
125 185 9
103 195 10
99 108 2
104 165 1
29 67 4
57 67 8
30 191 5
59 182 8
57 118 6
136 165 9
49 97 4
64 67 7
57 61 4
62 181 3
11 161 9
104 140 6
21 22 2
84 109 9
111 144 3
3 132 1
29 31 1
18 77 2
148 169 3
84 160 8
85 102 6
8 176 7
65 146 3
52 58 1
72 94 1
115 192 6
111 118 4
105 119 2
61 84 2
42 130 3
11 62 4
93 195 10
141 174 9
151 193 2
90 185 7
136 179 10
93 180 1
127 190 5
46 152 3
47 95 1
105 198 6
4 155 1
90 180 3
49 137 1
24 96 1
25 127 2
113 129 6
147 174 1
167 171 3
69 140 10
45 189 10
61 193 2
62 148 7
133 192 4
4 197 5
120 125 2
87 140 2
110 114 8
128 164 7
70 165 3
28 154 1
148 181 6
182 195 9
43 199 7
55 108 4
171 178 7
53 77 6
85 104 2
51 131 7
60 115 7
10 168 1
30 152 9
5 27 9
118 137 7
22 182 7
23 139 10
53 134 9
32 98 7
21 108 6
20 34 10
99 179 7
66 182 7
118 174 9
52 150 6
24 191 10
35 191 6
113 182 10
39 195 8
137 195 3
52 157 10
88 158 4
19 121 6
73 90 4
20 79 9
111 128 1
119 187 3
64 145 2
170 193 4
18 26 9
80 154 9
13 18 4
90 105 2
29 61 6
12 193 2
71 200 7
14 63 5
68 97 4
22 148 3
141 158 7
9 38 4
46 87 4
47 190 6
79 144 1
106 108 4
95 151 9
30 82 5
109 116 7
127 146 1
91 141 1
32 187 1
106 112 5
2 148 7
71 154 10
126 153 6
188 191 7
173 182 6
38 60 3
85 122 6
18 143 6
22 152 7
45 143 4
62 98 2
42 99 10
117 181 10
127 132 6
119 182 1
170 200 6
159 173 10
14 39 3
140 144 9
56 181 1
14 162 10
83 136 6
52 102 1
29 192 4
68 135 4
12 124 10
130 186 1
15 44 7
35 196 3
174 178 3
79 190 1
64 87 10
6 45 5
118 164 10
59 99 9
13 184 1
62 93 10
36 190 4
41 149 2
86 138 6
56 69 10
90 174 7
127 131 3
20 106 10
113 144 3
50 126 9
6 12 5
67 130 3
23 138 2
29 77 1
35 148 1
56 130 3
190 194 7
108 126 8
39 89 5
27 42 8
5 126 3
55 80 7
75 115 6
137 176 2
177 194 7
10 184 8
2 75 7
111 139 1
40 122 9
68 120 6
86 98 2
9 43 6
124 157 5
153 174 9
35 170 9
172 176 5
34 40 3
111 125 1
192 199 4
68 195 5
113 141 2
1 116 2
101 200 1
82 111 7
92 193 4
27 164 1
59 86 5
123 170 5
124 141 3
25 195 1
56 167 4
18 36 8
64 116 7
16 183 4
32 58 2
121 174 7
41 66 7
138 176 7
46 185 2
12 177 4
52 64 4
37 99 6
72 160 8
46 175 5
29 38 4
132 195 5
41 174 7
38 187 7
48 192 8
144 186 7
56 97 3
89 119 4
14 95 5
68 121 3
48 177 5
48 72 5
86 101 9
2 3 8
84 123 7
146 180 9
78 162 8
131 156 7
17 174 2
89 142 5
106 167 3
120 167 3
27 143 4
9 193 8
49 183 6
146 149 10
13 72 1
22 121 4
83 197 6
30 114 1
58 179 4
122 176 1
149 193 8
63 126 7
17 61 3
3 123 5
30 125 3
46 95 4
28 151 3
140 156 5
42 109 4
110 152 2
72 107 3
30 199 8
101 116 10
9 17 7
31 34 1
28 120 1
129 162 2
13 59 9
107 121 10
115 151 1
51 156 1
88 170 6
10 85 4
22 103 8
2 177 5
55 93 1
49 113 4
93 146 7
158 179 3
31 154 9
47 92 7
47 178 2
78 97 2
51 199 10
87 115 9
129 164 7
10 148 4
61 142 2
10 86 4
96 158 10
9 82 8
28 128 5
22 107 7
33 84 4
61 64 4
33 58 10
148 196 9
11 107 1
95 192 3
7 52 10
162 193 3
101 144 6
124 190 6
8 160 6
65 87 7
13 130 4
12 31 7
106 157 10
21 58 10
164 171 7
71 108 8
45 136 9
79 94 1
164 174 10
138 164 3
50 200 1
23 95 4
48 186 8
71 153 10
135 172 3
21 113 5
131 141 7
139 152 9
40 51 6
52 79 4
57 112 4
45 75 6
54 111 9
93 127 1
65 143 9
129 177 3
11 108 3
12 122 10
128 169 1
38 71 5
53 74 10
27 152 2
77 192 8
93 182 8
132 168 3
125 168 4
117 137 1
12 28 8
18 85 7
152 159 10
81 170 5
130 167 2
23 37 9
59 111 8
7 82 9
8 17 3
46 173 2
44 184 9
160 166 5
120 165 8
45 120 1
87 167 3
144 187 6
86 163 9
48 77 5
73 127 1
35 47 10
70 200 1
39 66 3
105 109 8
75 105 7
98 174 9
93 114 9
71 148 1
143 149 6
69 187 9
56 118 4
106 109 10
106 152 3
80 94 9
154 185 10
95 117 1
10 21 2
27 83 1
95 127 8
74 117 2
42 84 7
20 67 1
127 185 8
185 191 7
132 151 9
30 53 9
65 128 4
46 51 4
31 143 8
8 122 5
26 150 9
20 133 10
64 134 7
30 129 10
24 194 4
153 194 1
62 191 8
45 57 10
27 33 9
80 195 6
59 115 8
67 160 10
2 137 5
38 118 5
45 186 7
95 128 4
4 64 9
49 92 4
11 77 9
13 67 3
37 73 1
83 123 8
79 124 3
47 154 1
45 119 10
58 198 4
31 194 4
57 102 3
14 54 7
62 77 8
38 76 4
3 70 9
9 149 10
125 196 8
67 118 1
35 84 5
106 120 6
14 53 3
148 171 4
23 156 8
171 176 3
12 24 6
42 200 9
96 139 8
8 13 5
44 139 5
81 194 6
41 90 6
83 176 10
29 197 7
37 54 10
74 75 2
70 100 7
81 100 4
94 197 10
1 64 5
10 19 10
6 180 6
136 197 6
57 109 10
30 131 3
34 165 8
12 134 1
26 135 5
91 118 9
1 71 5
17 124 9
24 171 3
18 55 6
18 176 1
90 127 9
54 126 10
127 162 8
16 68 1
21 148 1
74 137 6
95 191 1
93 169 4
37 194 7
134 160 10
61 181 7
119 177 7
21 175 1
57 121 2
126 143 5
58 59 8
45 77 3
111 117 7
62 170 3
126 164 6
135 170 3
89 97 2
138 170 7
55 64 4
10 82 7
183 189 9
74 179 3
65 77 9
31 147 5
84 175 3
7 190 6
49 105 1
113 155 3
35 51 6
78 98 1
66 126 5
3 163 5
97 141 5
74 194 10
29 65 2
118 160 4
153 159 6
28 133 2
25 93 9
33 124 9
3 87 5
3 14 8
155 190 6
73 144 9
74 185 7
47 134 8
26 72 8
56 162 10
38 136 7
117 156 5
78 86 5
105 148 9
47 167 3
83 106 6
173 189 8
64 122 9
43 67 9
98 169 8
5 88 7
84 134 6
4 173 2
97 121 4
39 62 9
12 165 7
38 130 3
43 150 10
121 147 6
26 92 10
78 90 5
55 164 2
48 167 1
63 168 8
42 113 6
38 87 2
40 70 5
122 142 5
104 117 3
134 135 9
92 124 6
79 157 5
16 96 8
114 141 2
14 47 7
87 164 10
78 189 2
36 138 5
145 190 6
77 109 7
26 144 9
48 87 8
34 67 10
14 83 8
169 176 1
192 193 4
41 156 3
55 197 9
42 117 9
110 184 6
71 160 8
44 57 7
8 130 4
2 29 3
106 163 9
128 168 9
96 109 7
3 37 9
26 183 4
24 126 4
112 116 5
165 199 8
53 78 2
154 196 9
19 194 4
40 123 5
22 77 8
86 93 9
18 38 3
92 163 10
33 123 10
106 191 3
38 104 10
113 133 8
20 37 1
66 186 7
54 198 1
53 176 7
34 48 3
52 53 1
85 190 7
29 151 6
113 152 10
39 42 6
55 145 8
13 124 3
63 172 1
40 150 5
36 85 1
86 151 10
70 150 5
13 147 4
135 177 6
145 195 8
77 188 7
17 131 7
38 176 3
36 184 2
88 117 4
128 153 7
81 136 5
51 151 4
34 141 5
156 169 1
129 141 1
11 26 2
64 164 9
43 172 5
10 111 5
94 115 6
24 87 4
68 170 9
1 131 2
29 83 9
152 176 3
33 70 4
43 197 3
171 181 5
6 69 6
44 135 2
66 109 6
18 160 10
6 159 9
149 191 9
86 116 9
10 182 6
50 100 3
35 41 8
133 169 9
55 114 7
107 179 8
74 90 8
30 160 8
67 96 5
48 53 5
8 166 5
85 199 8
132 152 8
121 125 1
124 184 3
48 147 5
57 162 10
29 173 9
56 197 6
26 78 2
29 168 3
120 147 5
28 85 9
21 104 4
38 140 1
30 94 7
68 76 7
56 63 9
62 76 10
70 189 5
45 73 10
58 93 6
55 124 10
48 149 3
28 195 8
29 156 2
39 122 5
101 189 2
101 112 5
32 97 8
159 193 1
14 181 10
134 158 6
9 142 6
96 147 1
77 171 8
81 132 6
130 200 7
152 155 3
172 189 5
178 185 7
37 107 2
143 147 6
38 75 10
99 151 7
86 188 10
40 46 3
80 144 8
16 109 5
129 161 4
10 107 1
59 70 2
89 129 7
142 154 4
109 156 2
37 189 5
33 115 2
26 35 6
102 198 1
49 140 6
89 143 6
16 26 2
51 61 10
111 154 2
75 165 5
139 159 7
19 96 2
110 182 7
17 29 4
149 180 4
42 119 3
71 78 2
64 111 4
98 187 1
30 174 2
154 163 9
97 158 2
143 160 5
38 57 9
54 162 7
77 139 6
186 188 6
100 170 9
18 24 9
2 108 9
84 193 1
6 152 4
89 194 10
62 84 9
43 120 2
140 178 5
25 188 5
60 171 1
9 122 7
3 72 10
122 148 7
77 111 3
9 84 6
51 103 10
15 64 6
95 113 6
16 185 7
96 99 8
44 132 9
56 62 1
108 164 4
22 195 5
92 106 4
85 111 7
35 60 6
3 146 10
111 130 7
120 198 9
56 128 5
19 42 2
137 162 7
28 53 10
53 154 10
85 166 6
23 183 8
196 198 2
159 186 9
69 133 6
113 145 2
94 107 8
48 102 1
127 128 10
107 144 5
129 130 3
26 46 1
155 196 1
42 158 3
91 129 4
86 125 8
110 185 1
88 126 2
85 87 8
26 103 7
51 159 3
103 176 5
147 167 3
66 171 6
112 198 3
142 173 4
86 106 3
45 89 5
73 105 8
192 196 8
165 168 3
67 98 7
22 180 1
36 127 5
4 165 6
33 83 9
121 199 6
24 27 1
80 122 9
15 151 9
34 42 2
17 157 5
100 149 8
2 122 1
128 146 1
31 181 7
92 158 6
66 198 8
3 56 3
43 157 1
132 148 9
56 80 7
36 179 10
154 162 4
48 199 2
119 166 8
112 155 7
76 169 8
9 78 3
45 66 6
21 81 4
31 77 10
73 85 4
47 164 9
23 82 9
8 111 10
6 136 1
20 173 10
30 184 4
15 179 9
128 180 2
26 142 6
112 186 7
107 122 7
93 106 10
6 38 8
20 164 6
133 161 8
39 60 3
66 110 5
139 147 8
24 85 7
63 107 10
14 112 8
80 138 8
102 147 4
11 120 9
28 126 7
69 95 3
20 126 2
30 56 6
163 193 6
54 121 4
13 23 4
120 145 4
26 160 7
66 136 3
88 161 1
47 182 2
109 174 7
130 176 3
102 149 8
165 192 4
68 162 1
71 88 9
134 194 2
62 164 2
119 146 9
162 167 3
101 120 1
8 16 9
54 119 8
8 62 3
147 182 1
9 97 7
46 94 3
42 75 2
40 69 10
40 66 8
10 129 2
85 113 10
46 102 10
21 90 1
71 72 1
50 52 1
89 128 9
69 143 3
22 165 8
87 148 5
25 55 9
25 134 7
184 197 2
16 117 4
43 130 5
51 142 5
125 189 2
7 55 1
1 128 7
59 69 6
11 49 4
42 90 7
117 122 5
29 46 5
107 108 8
82 187 7
89 134 6
43 184 7
186 200 7
25 67 1
30 49 5
34 160 9
1 156 5
95 120 7
126 192 7
124 149 1
5 14 8
23 57 3
68 79 10
60 198 4
21 138 9
156 168 6
17 117 2
115 165 1
138 171 7
43 139 7
56 58 1
89 96 2
33 48 7
41 92 4
120 161 5
39 93 7
56 193 9
83 118 10
20 139 4
7 193 6
145 197 6
7 191 2
40 198 2
40 144 6
81 181 3
93 120 9
100 105 10
71 103 7
48 184 7
156 167 6
61 168 3
52 145 3
36 133 8
2 85 3
126 190 9
21 130 3
103 198 2
6 74 8
52 114 5
58 195 1
86 91 1
118 139 1
72 124 2
122 178 10
33 68 5
111 175 6
69 91 8
53 55 4
113 116 3
174 191 6
81 109 2
64 166 4
160 197 1
76 94 9
30 65 9
5 28 1
94 187 6
91 144 3
108 145 10
8 177 2
99 160 5
121 122 6
69 199 1
14 131 6
53 182 9
55 91 6
41 104 9
24 100 3
139 187 5
17 165 4
106 128 8
98 142 8
43 50 7
45 112 5
29 129 3
94 154 2
94 184 9
152 170 8
24 113 8
91 121 4
196 199 9
31 99 5
84 185 3
28 36 1
179 181 3
127 153 6
17 144 9
30 46 3
34 172 5
55 133 7
78 79 10
114 124 2
114 154 7
2 200 4
4 8 1
58 147 8
59 158 10
109 183 3
6 70 4
27 74 4
142 190 7
114 179 4
123 134 7
87 131 8
37 131 3
181 195 3
8 12 3
38 110 8
78 122 2
48 134 3
16 167 6
10 35 4
73 195 4
1 2 3
175 184 1
95 144 7
103 164 9
48 88 9
40 168 7
122 190 2
80 116 7
29 150 3
33 77 7
72 136 8
74 121 10
42 136 6
10 131 9
21 156 3
159 185 10
104 135 8
159 161 4
33 37 5
49 181 2
19 126 10
25 175 3
139 164 9
22 161 9
62 159 10
44 87 7
63 176 6
41 155 1
30 54 1
13 163 9
51 180 4
3 45 1
79 99 4
19 176 10
76 153 3
54 169 2
46 111 3
20 94 4
43 71 9
3 170 5
57 119 1
58 96 3
21 83 2
72 189 8
51 176 7
63 195 1
82 184 2
39 43 6
116 127 6
10 95 1
27 81 6
16 162 6
82 101 8
101 106 2
28 44 8
131 163 6
109 189 6
162 187 7
80 95 3
54 165 7
10 174 7
143 178 10
67 72 3
54 112 10
60 179 7
164 181 2
99 124 2
114 120 1
37 122 9
61 65 10
5 42 3
12 69 3
53 193 2
14 65 1
16 34 5
85 185 4
43 117 8
45 105 7
80 115 6
179 188 5
76 181 2
111 152 1
82 109 8
30 112 7
92 126 5
104 168 1
67 99 4
58 137 9
163 173 9
134 138 1
70 145 3
41 49 8
14 174 4
55 196 6
82 159 6
29 159 7
79 104 2
78 110 9
78 99 2
162 188 2
50 163 10
175 191 4
80 182 9
30 182 7
130 149 3
28 141 2
50 73 1
107 168 6
6 120 4
173 187 2
31 185 1
9 41 1
34 170 6
23 101 7
160 168 6
74 119 6
81 126 9
162 170 7
62 129 5
143 152 3
37 120 10
80 90 10
6 103 8
27 50 4
81 84 5
71 125 8
167 194 8
63 74 7
84 150 2
136 186 4
136 175 8
6 141 7
14 200 3
131 152 10
43 188 1
25 136 3
163 165 9
55 170 7
17 184 8
84 87 3
60 125 2
41 101 8
16 151 8
46 170 1
110 171 6
76 119 9
125 171 4
168 183 10
7 167 2
49 107 6
55 69 10
28 98 2
37 193 5
79 160 5
23 168 7
87 173 9
75 187 3
55 110 3
179 193 1
15 71 1
58 111 10
81 162 3
52 105 7
142 185 8
8 57 8
67 123 6
24 119 6
71 124 2
142 176 2
59 160 1
110 112 4
159 182 9
37 69 3
18 35 5
56 76 1
47 146 8
36 128 9
129 151 8
21 96 8
46 63 10
44 168 10
184 188 9
57 100 10
12 55 10
16 147 3
32 60 7
21 100 8
17 113 6
82 120 1
14 73 6
99 143 7
12 185 10
152 183 3
1 4 6
48 57 1
55 179 7
84 188 3
78 84 6
150 180 6
55 127 10
156 193 7
46 193 1
165 184 4
159 180 10
8 126 10
119 162 3
75 160 2
25 176 4
149 171 8
103 194 4
27 101 9
5 168 2
185 192 8
7 10 10
81 163 8
7 34 2
104 197 8
16 65 3
54 131 8
10 69 5
26 82 6
51 69 8
103 159 8
16 120 2
69 196 8
34 123 7
57 115 7
80 181 2
41 52 3
131 145 7
108 137 7
19 162 6
76 179 1
30 67 8
161 194 4
65 111 8
50 88 2
3 158 8
89 149 7
100 143 1
37 180 3
124 152 6
63 170 9
124 187 4
54 69 7
43 48 7
92 172 9
17 152 10
27 124 8
69 116 8
43 76 10
13 182 1
114 178 6
6 34 1
46 154 2
9 181 9
13 139 2
29 116 10
60 181 6
37 86 6
91 139 6
139 154 2
60 140 9
75 137 9
76 151 10
119 135 9
22 46 1
2 55 8
40 79 3
30 198 5
52 185 2
30 165 9
42 154 9
103 113 1
193 199 6
141 151 2
14 81 1
19 106 8
19 131 5
2 5 1
44 195 2
29 52 1
126 134 8
13 122 7
70 136 8
24 53 5
57 101 4
17 167 2
65 196 6
104 127 5
69 94 4
13 62 3
76 113 6
91 157 10
94 122 7
129 184 6
164 195 6
28 47 10
70 117 9
56 107 9
44 130 1
14 136 7
1 63 8
165 190 2
114 148 4
120 159 9
33 154 8
22 58 10
35 135 1
5 36 2
3 53 2
3 194 3
3 197 4
24 60 8
46 69 5
54 190 10
37 85 8
50 137 8
110 183 7
139 146 5
92 151 7
96 120 5
39 72 5
71 99 9
45 83 6
114 143 9
45 63 8
27 109 8
150 190 5
144 172 4
78 139 10
99 165 2
2 71 9
71 93 9
27 133 4
83 126 6
106 200 1
80 167 3
19 21 8
43 142 2
117 130 10
115 155 2
110 150 1
32 192 6
57 111 3
188 193 1
120 172 5
81 160 1
39 183 7
11 110 4
92 173 8
14 115 7
190 196 5
64 104 3
87 102 4
143 148 2
150 160 6
39 59 10
127 180 1
57 157 2
134 146 5
49 99 1
1 109 2
49 186 9
2 38 1
147 161 4
100 176 1
46 88 7
33 49 7
15 31 10
50 92 1
102 200 2
110 160 9
98 162 10
57 104 5
67 137 2
24 64 5
90 94 7
10 197 9
88 189 5
1 68 7
22 36 6
169 183 10
14 122 3
45 103 8
93 98 3
16 140 1
24 38 6
15 128 2
106 127 5
63 179 4
29 138 1
9 192 3
108 179 8
57 186 9
40 195 7
92 149 4
9 186 7
129 163 8
108 153 10
45 123 3
31 120 10
62 132 2
36 40 1
141 196 10
48 82 2
78 130 1
94 173 7
53 82 9
29 187 6
27 53 5
121 155 5
50 109 1
182 199 4
134 157 10
74 82 10
40 152 9
46 183 2
89 165 5
102 115 1
9 189 2
196 197 9
156 200 5
50 97 8
19 101 4
1 161 8
48 132 1
49 103 6
39 111 2
121 175 2
146 168 1
11 61 7
1 106 8
72 74 6
8 131 3
79 162 9
39 184 8
29 191 7
9 30 8
22 130 9
4 71 5
17 143 2
123 179 3
30 124 9
9 183 7
32 91 5
107 109 5
122 195 8
145 159 3
109 144 6
134 145 2
72 199 8
12 99 7
68 105 5
172 173 10
43 160 9
90 91 10
123 130 7
94 189 1
4 33 3
112 171 3
12 184 1
18 187 5
24 83 10
96 195 5
108 158 6
4 110 1
8 77 8
36 109 1
107 149 5
6 111 4
31 123 4
14 148 5
12 92 10
77 116 2
107 111 7
15 93 1
88 140 4
168 173 3
30 101 10
124 168 5
78 177 6
73 126 3
25 163 3
33 175 5
104 156 1
63 175 6
6 147 5
19 78 10
178 187 10
60 164 2
50 152 6
12 156 5
27 131 8
78 138 10
163 183 8
13 40 3
181 193 1
11 32 10
62 167 7
32 151 5
146 152 6
84 122 10
131 175 9
81 117 3
1 180 1
66 99 2
65 200 4
23 114 6
27 93 4
67 122 4
123 155 7
141 172 10
71 164 8
72 102 6
50 89 3
154 197 1
33 36 2
14 104 10
13 101 9
99 172 6
26 164 3
39 102 2
70 154 6
60 127 10
3 50 8
67 109 6
107 114 8
47 196 9
108 127 9
18 19 10
198 200 1
78 144 5
79 189 2
22 102 6
3 46 1
61 128 9
62 71 4
5 124 4
42 87 5
166 198 9
16 121 1
17 38 6
139 172 7
132 192 5
100 102 1
32 102 2
64 110 2
22 52 9
59 185 1
34 131 9
31 72 1
166 187 5
75 81 6
26 99 10
135 166 10
69 118 6
28 160 4
88 118 4
77 159 4
180 197 4
126 193 9
131 162 3
145 198 1
66 87 2
103 128 10
84 167 7
88 105 10
66 154 1
28 62 1
115 200 6
34 167 4
29 42 5
76 166 2
3 30 10
121 188 3
26 169 9
144 162 8
56 88 2
4 200 1
24 111 1
19 110 6
59 170 10
37 65 6
4 38 4
24 125 10
65 185 2
10 59 9
71 177 1
57 84 1
43 124 2
3 24 2
95 197 4
141 189 5
22 86 9
84 143 10
146 171 3
66 160 8
144 198 9
33 86 2
5 99 9
52 175 1
86 97 3
106 182 3
83 183 4
25 84 1
62 90 2
94 172 10
162 176 9
32 33 7
6 150 1
78 109 5
56 115 8
118 162 10
89 158 8
62 166 4
133 145 1
46 200 5
100 114 4
3 116 4
111 140 2
87 88 2
82 118 8
82 93 2
81 101 3
79 89 3
3 125 4
112 194 3
62 65 6
74 151 3
2 68 1
7 179 10
37 197 2
172 198 9
41 72 1
113 130 5
3 115 7
69 173 6
93 150 6
88 175 4
85 169 8
128 191 8
43 74 7
76 136 9
11 88 6
79 114 7
158 165 9
87 139 8
66 190 2
28 135 9
31 74 7
17 130 9
66 183 9
4 128 6
43 193 1
20 187 3
83 100 2
52 133 3
91 133 8
17 96 3
85 195 2
30 41 9
19 132 4
43 192 1
125 127 4
7 181 10
88 168 10
54 133 3
107 117 6
8 70 2
54 101 1
57 66 2
87 135 4
18 89 3
46 121 9
23 94 1
35 150 1
54 149 2
63 117 4
153 161 1
69 159 9
41 164 7
94 113 6
66 157 2
71 169 10
13 26 7
109 117 9
74 178 9
179 180 9
51 53 3
12 75 3
5 15 9
9 77 8
54 197 8
25 42 2
81 148 5
158 177 9
128 137 3
43 83 8
59 116 2
5 103 6
188 192 10
41 142 2
165 180 2
120 140 10
10 36 1
62 112 5
28 107 4
58 110 3
103 124 8
15 83 1
110 161 3
39 75 1
39 69 2
124 169 8
155 170 5
79 140 4
80 165 3
54 191 5
49 111 5
43 75 1
145 192 7
14 15 1
35 185 9
8 93 7
6 187 2
45 159 1
91 137 10
42 139 1
149 152 10
20 195 8
38 174 4
5 52 6
25 171 1
99 168 2
71 139 3
25 124 5
110 135 4
123 147 3
6 61 5
103 193 9
101 162 4
90 171 4
78 92 4
30 181 6
13 32 1
36 169 7
22 23 5
75 171 1
3 120 9
12 82 10
92 134 1
47 186 3
82 144 2
77 106 7
54 89 2
103 158 3
58 60 1
12 115 7
19 38 2
37 138 2
74 180 2
129 137 5
47 78 1
130 198 4
50 168 10
64 195 1
10 102 9
51 161 7
12 187 4
36 77 5
55 198 6
34 118 9
99 177 7
43 101 1
62 96 9
141 198 2
40 96 4
73 151 1
46 119 1
95 122 1
13 125 1
114 147 9
9 58 8
88 165 9
36 99 4
7 151 7
50 71 9
75 148 8
10 179 3
4 66 2
5 44 5
55 90 10
19 184 6
136 141 10
3 86 8
26 171 6
51 113 8
1 87 8
48 49 5
5 72 8
57 95 10
30 92 8
138 152 5
168 197 8
94 129 10
111 162 2
42 180 3
76 93 7
11 46 6
135 149 6
104 182 2
35 113 10
115 152 8
4 97 1
15 182 10
80 194 2
5 140 4
44 128 7
16 154 6
167 192 3
158 178 10
56 66 5
39 78 5
165 172 4
6 135 4
37 56 10
46 48 9
12 140 10
47 135 1
48 123 5
7 98 4
33 50 10
127 178 3
42 164 8
97 103 4
22 44 10
22 41 7
10 60 6
54 200 4
83 196 1
109 170 5
31 68 1
142 163 6
70 129 5
90 125 5
2 115 1
6 85 2
134 151 5
27 145 5
42 181 5
52 71 6
98 114 7
24 39 3
96 165 8
61 163 9
95 172 2
76 90 9
141 149 3
77 186 2
70 191 6
6 183 2
186 194 8
71 102 9
30 121 1
27 73 6
30 178 3
79 84 5
14 176 10
39 129 7
95 178 4
23 181 8
112 190 7
113 142 7
9 173 3
8 185 7
63 183 5
109 190 7
96 183 3
9 160 8
144 180 5
19 71 9
130 163 1
75 190 10
97 198 4
111 174 6
32 175 6
119 191 3
72 96 2
100 116 10
19 113 6
11 97 5
188 196 5
6 121 2
6 88 6
7 134 3
5 94 8
58 174 8
59 153 5
13 175 7
7 15 10
20 25 3
95 193 2
8 24 3
83 125 6
22 28 9
83 127 9
141 199 8
158 185 10
24 188 6
89 93 10
5 10 5
169 181 5
76 77 1
89 135 2
1 175 8
9 13 7
48 138 4
55 112 8
181 194 1
84 138 9
108 186 6
44 183 6
6 67 2
37 159 5
152 157 3
30 190 10
85 100 10
11 115 5
6 66 1
2 60 2
68 146 1
119 156 9
120 139 2
105 124 5
32 93 3
67 186 5
58 71 9
53 98 7
37 59 5
4 26 4
108 132 9
53 104 2
55 143 2
30 149 4
100 161 8
34 53 2
23 134 3
1 147 10
67 102 1
119 143 8
44 106 4
27 98 8
49 55 5
40 166 3
13 77 2
26 70 8
68 101 9
154 200 10
93 108 10
21 178 3
133 174 3
184 200 4
33 161 1
16 127 2
101 167 2
135 144 8
127 192 2
58 156 6
44 102 3
53 111 5
34 140 7
75 84 2
38 183 9
14 75 9
35 53 8
31 48 6
8 174 4
59 103 9
1 83 2
36 163 9
143 165 7
31 162 9
28 113 9
97 122 1
42 91 1
43 165 6
156 170 7
120 175 2
43 65 6
50 133 4
113 150 10
15 104 9
8 91 8
171 189 5
178 183 5
33 170 10
1 98 10
9 121 1
119 170 5
107 151 1
168 178 8
143 161 6
73 142 3
39 98 9
58 165 1
127 168 9
7 196 7
34 143 3
76 84 1
107 175 2
30 83 1
3 49 4
38 153 3
19 90 10
102 166 9
91 134 4
145 186 7
58 136 7
96 176 10
103 116 5
144 149 1
73 194 3
48 64 8
21 167 4
143 144 5
112 153 10
54 127 1
84 92 8
117 184 4
70 72 4
6 33 7
93 111 9
86 144 10
28 157 4
82 106 1
123 182 6
86 193 8
25 191 4
26 91 7
3 94 9
28 40 7
9 88 4
43 100 10
26 61 4
74 172 8
157 170 8
36 93 1
97 144 10
44 123 10
154 178 3
93 168 6
81 195 2
133 196 3
83 110 7
39 107 10
90 143 3
97 157 3
81 175 10
7 149 1
162 166 2
86 162 4
89 105 8
79 139 4
2 16 8
2 80 9
18 174 6
149 156 4
76 102 6
116 186 3
2 6 3
84 154 6
32 101 10
10 153 5
5 119 8
25 36 1
95 189 6
145 161 9
71 100 4
1 10 2
35 57 5
126 181 1
12 101 5
161 198 3
56 159 2
125 162 5
14 43 4
180 190 5
126 140 7
21 37 7
88 180 5
8 90 9
140 182 7
18 124 5
2 88 3
92 141 10
137 194 2
121 144 1
37 81 3
6 47 4
20 112 2
49 199 4
104 169 7
55 154 3
99 175 4
58 117 9
13 144 8
124 142 6
164 188 10
13 102 6
52 116 8
25 27 4
56 112 9
47 179 9
52 70 5
75 181 2
12 172 5
46 180 9
177 184 6
69 80 9
8 85 10
36 154 2
165 183 9
20 170 9
82 140 7
41 45 4
81 172 1
67 183 10
176 183 7
27 150 8
26 49 4
10 120 9
30 180 8
52 67 2
123 168 5
148 187 2
59 157 6
18 127 6
63 121 6
74 111 4
76 88 8
63 119 6
27 102 3
56 194 10
37 140 2
68 130 1
16 100 5
59 107 4
103 199 10
173 198 6
80 171 3
64 86 3
63 64 6
98 141 1
140 141 3
65 78 7
29 68 3
83 96 1
101 176 10
47 155 10
19 94 10
75 91 9
29 180 2
13 54 3
52 191 1
33 88 3
114 136 10
24 129 4
62 144 7
160 188 8
83 119 5
70 153 5
11 129 5
24 91 9
105 132 10
124 199 10
126 130 8
69 70 5
13 30 10
55 146 7
36 171 4
138 188 2
129 183 4
147 199 10
114 132 1
95 182 8
41 190 9
9 22 9
19 130 6
170 180 1
75 197 5
101 165 1
39 126 5
71 151 5
100 198 4
102 105 7
158 180 3
131 169 7
8 60 3
8 153 1
33 82 5
111 120 1
15 97 10
9 89 1
66 188 9
31 127 5
87 136 10
20 182 8
101 194 1
83 170 6
56 176 3
82 149 3
71 121 7
68 139 5
21 188 7
20 81 1
165 181 6
72 109 9
155 177 7
18 188 6
23 32 3
9 14 9
55 125 9
87 137 10
68 71 7
73 190 7
4 199 1
27 90 3
55 157 3
106 164 9
19 177 8
62 74 5
31 183 9
95 153 7
64 108 6
121 133 7
4 42 4
65 172 3
137 155 4
5 111 8
116 183 1
121 191 7
50 132 8
182 190 9
47 54 6
11 64 5
116 196 5
140 146 4
94 158 7
62 157 1
89 196 8
39 74 1
12 86 7
46 130 4
25 95 1
69 135 10
96 167 1
72 126 9
91 195 6
150 163 5
21 68 4
73 163 10
100 120 3
4 191 9
83 89 3
126 195 4
44 69 10
110 154 1
98 136 1
41 42 7
39 181 1
68 88 9
99 107 10
102 199 6
119 137 6
11 165 2
19 175 8
181 197 1
112 118 2
23 177 6
73 102 5
28 172 6
45 61 3
169 194 6
116 189 9
19 70 10
60 80 1
46 131 9
52 187 4
16 103 6
64 169 6
108 165 2
79 177 3
7 101 4
13 37 10
15 110 7
11 102 9
63 184 4
78 113 4
5 171 4
43 73 7
94 152 9
10 51 5
125 166 9
49 166 6
8 182 2
186 187 7
37 90 6
44 186 2
12 152 10
43 187 1
150 164 8
9 94 2
92 108 7
148 161 10
73 129 1
104 108 9
126 175 1
23 74 4
50 180 8
31 82 10
141 193 6
10 75 7
131 170 4
13 177 5
48 74 10
46 91 9
60 94 10
25 51 2
58 127 10
85 114 10
55 73 5
35 176 8
118 176 9
70 89 7
19 134 3
88 120 7
86 99 7
25 135 3
111 194 8
82 178 7
24 169 5
109 145 5
93 133 3
109 110 1
39 120 8
72 108 8
168 194 6
7 100 5
38 186 8
194 196 8
105 175 2
176 197 6
169 186 9
42 118 7
63 148 9
43 128 10
74 199 1
18 32 3
45 200 7
51 171 10
144 184 4
31 132 10
121 180 4
52 56 3
83 193 5
168 189 9
41 163 10
40 163 8
120 133 2
126 196 1
93 162 7
49 142 3
13 187 8
22 136 8
33 40 6
44 54 8
76 134 3
7 33 2
5 86 2
11 89 1
108 151 5
2 11 6
5 20 4
4 105 10
39 159 7
83 97 4
151 163 4
133 160 8
40 81 7
50 87 6
100 106 5
133 159 2
17 20 2
8 106 9
55 84 7
82 112 5
190 192 4
129 142 3
145 172 7
124 182 4
72 114 2
37 124 8
38 80 3
114 199 6
74 141 1
167 182 4
104 105 1
12 195 7
57 150 5
140 175 10
103 153 1
81 187 1
104 123 5
3 126 5
17 56 3
12 127 1
11 139 10
146 188 10
50 151 5
97 104 10
46 85 6
23 150 5
33 107 10
1 40 5
151 199 1
137 200 6
96 200 2
7 183 5
56 126 6
92 197 3
9 174 2
40 78 10
36 192 5
153 191 9
34 103 9
137 199 2
77 98 9
39 41 1
75 99 5
85 115 3
8 74 1
129 153 6
170 183 9
66 120 10
90 135 1
141 147 3
42 59 6
103 182 4
85 174 9
49 147 6
148 200 6
58 139 1
107 199 10
87 90 10
108 125 5
65 151 2
20 55 9
87 114 4
139 167 5
124 200 7
86 113 1
19 83 4
85 154 8
43 64 5
88 133 8
2 167 6
78 137 9
19 135 9
44 152 4
62 155 8
92 167 3
41 154 10
24 196 9
31 71 10
85 110 6
1 42 10
7 121 4
6 22 10
53 87 5
78 143 10
45 187 1
3 140 9
77 97 5
78 104 7
41 131 9
31 89 5
12 163 5
31 180 4
21 34 1
34 127 6
109 127 9
72 186 2
18 103 2
40 43 1
48 103 4
47 171 9
87 143 4
32 152 3
114 115 3
2 31 4
36 116 2
2 188 6
75 121 9
42 77 2
65 184 9
75 110 1
122 181 9
135 183 3
28 66 8
133 200 3
13 145 5
62 68 9
4 116 8
146 196 6
94 163 7
19 74 2
44 91 9
63 197 10
89 152 3
87 93 6
19 150 6
142 179 1
39 52 1
151 158 4
56 67 3
142 149 2
98 123 4
115 141 2
41 76 3
30 172 9
111 178 10
1 44 10
170 175 7
19 32 5
74 139 10
37 101 3
120 164 7
69 113 2
85 89 9
18 170 7
17 195 8
87 130 10
88 153 5
33 119 6
9 111 7
43 84 6
40 52 2
15 84 2
24 178 3
84 140 8
27 51 1
44 151 9
108 178 2
8 53 4
8 184 3
30 169 2
17 129 8
109 163 1
133 187 2
17 99 2
129 147 9
62 151 10
73 198 1
70 187 8
11 156 1
16 114 9
47 118 6
125 134 7
94 190 3
6 72 5
169 195 7
179 187 9
109 114 10
78 100 10
107 185 4
86 146 8
11 53 3
164 184 4
106 119 3
26 129 6
123 180 6
155 163 7
28 152 4
95 159 2
78 124 7
32 53 5
130 182 10
170 173 9
160 167 10
50 135 6
37 167 4
130 147 4
9 65 5
159 187 6
36 86 8
166 178 8
23 176 4
58 143 10
67 147 1
67 155 10
41 172 8
125 184 1
25 103 1
64 155 3
187 188 10
44 138 6
155 197 7
2 126 3
121 151 7
161 170 6
54 99 2
4 51 8
52 165 6
95 152 4
38 112 6
148 173 5
163 198 10
1 35 10
65 141 1
121 179 1
43 44 4
58 160 7
84 94 7
49 78 10
96 97 1
17 173 4
54 62 6
141 173 9
94 146 10
95 108 9
51 65 9
120 123 4
26 187 6
118 141 10
46 172 5
72 197 9
16 29 4
72 191 1
64 66 6
116 137 2
89 153 2
10 39 7
144 157 10
60 192 5
122 138 1
8 109 10
121 131 8
50 193 5
55 113 7
105 171 2
50 120 10
24 115 1
34 171 4
66 72 8
6 98 6
20 64 7
27 157 7
72 144 3
104 118 5
87 152 8
21 107 10
55 118 7
131 155 7
86 88 8
77 168 6
6 99 9
127 176 7
12 30 3
99 199 2
19 41 5
24 118 5
176 181 9
98 122 4
56 148 3
22 142 7
140 163 10
51 87 4
7 136 4
32 181 2
15 108 7
106 154 9
40 73 8
25 169 10
43 46 4
88 152 5
23 154 10
50 59 10
42 184 6
39 115 3
91 114 10
47 60 10
115 153 2
66 132 2
114 129 1
91 176 1
135 145 5
152 177 8
20 108 1
19 34 6
81 112 10
112 152 8
14 38 4
8 161 6
27 80 6
26 140 10
85 196 10
14 197 7
102 159 3
154 191 9
105 160 1
171 172 4
36 37 9
48 187 6
152 179 8
75 80 2
61 103 4
42 185 9
181 190 5
81 165 9
83 88 1
24 182 10
52 199 8
135 138 3
41 124 8
102 162 9
1 79 4
68 107 5
41 128 10
35 93 6
110 168 3
92 131 9
80 119 2
93 167 5
86 168 1
84 178 2
22 196 10
15 63 7
30 148 6
5 170 2
52 184 3
80 143 6
88 144 5
20 130 3
89 163 2
34 193 5
5 30 4
93 145 8
90 199 5
131 198 8
55 94 5
14 132 5
116 174 6
72 97 2
156 182 3
168 182 3
64 112 5
125 191 5
54 186 5
47 98 7
53 54 8
11 184 6
68 168 3
95 168 10
93 99 6
42 195 9
103 108 7
47 162 7
34 77 10
48 153 7
89 197 2
10 13 4
22 70 4
98 151 7
44 108 4
47 68 9
101 137 5
26 55 10
102 120 8
109 199 6
29 153 10
2 113 1
54 194 9
61 178 7
60 91 7
88 134 3
135 196 8
35 133 9
98 177 2
114 184 9
37 200 2
110 163 10
89 126 5
7 44 5
173 192 8
38 72 3
94 104 1
97 188 7
2 58 4
85 93 1
110 131 6
5 63 8
107 145 1
16 152 10
155 186 10
12 166 3
13 152 7
38 190 2
74 79 5
81 161 1
26 147 8
50 178 6
111 199 3
57 198 8
35 144 9
87 153 3
48 52 7
3 59 1
107 186 10
7 58 5
42 78 6
37 112 7
125 139 6
119 134 5
143 187 4
146 169 8
2 49 4
82 195 5
6 129 9
16 70 8
46 81 2
58 144 5
18 92 6
117 120 7
10 151 4
15 135 1
26 108 2
132 172 4
36 44 8
22 84 8
105 117 9
34 49 1
119 140 7
59 177 1
64 198 2
18 53 3
113 199 4
144 171 10
120 185 1
79 176 6
34 145 4
25 148 6
98 143 9
26 179 10
77 181 5
29 136 1
31 116 7
60 64 4
116 181 1
36 45 2
51 95 7
127 182 4
18 23 10
106 111 3
20 159 1
76 110 7
88 199 4
46 101 2
14 23 4
70 170 8
109 153 8
142 159 10
33 93 8
73 125 10
53 139 6
154 192 6
51 104 3
53 167 2
35 43 5
152 181 8
69 175 1
39 155 1
151 184 8
1 91 8
69 89 4
106 136 6
54 106 2
63 162 9
53 170 2
142 191 8
99 148 4
11 160 5
39 48 8
11 146 1
44 51 9
126 161 8
168 195 6
19 147 3
37 98 3
85 167 1
113 151 3
3 93 3
15 189 5
108 195 9
48 65 3
69 128 7
122 125 6
155 193 10
93 165 3
55 115 4
92 105 4
134 198 7
7 53 8
33 96 10
91 155 4
52 136 5
86 100 6
102 171 1
13 131 7
83 117 3
147 184 7
28 31 4
26 148 8
29 57 7
3 134 2
85 178 3
5 32 4
8 118 9
148 186 1
57 106 4
87 124 5
165 195 10
108 140 10
49 182 8
152 162 3
90 137 9
107 197 6
46 157 1
62 70 4
1 61 2
4 52 3
101 146 5
126 200 4
44 82 3
36 76 8
173 186 7
125 188 9
119 200 9
64 107 2
24 117 8
17 121 10
24 198 1
14 126 5
54 145 2
41 197 4
61 62 1
19 77 10
176 200 8
25 114 4
18 162 3
49 155 8
128 173 3
143 172 7
114 194 10
140 188 10
94 140 3
73 97 9
161 185 2
89 140 10
56 149 4
62 178 7
24 72 10
26 112 8
36 94 5
37 53 4
79 137 9
146 155 10
71 191 1
99 191 3
12 35 6
100 167 7
26 71 9
64 192 1
23 115 7
11 47 1
70 183 1
87 162 9
19 61 3
45 72 5
53 105 3
2 65 6
27 105 6
96 111 3
16 59 10
33 122 5
11 68 2
63 123 8
87 182 9
12 65 9
103 190 7
78 151 3
91 148 2
107 189 3
61 187 10
10 92 7
29 72 4
56 101 3
19 75 2
31 62 9
3 79 9
40 80 3
75 161 5
51 148 9
67 143 7
33 53 1
66 155 1
62 169 6
121 152 6
81 173 3
13 129 7
32 193 1
65 101 6
100 109 7
111 161 7
18 182 1
33 108 10
105 129 6
5 186 4
164 175 3
3 117 5
73 178 2
3 16 1
70 126 1
158 161 4
82 99 7
67 88 3
46 110 3
41 137 8
99 158 1
110 170 10
176 193 3
43 121 8
113 135 10
11 152 6
40 126 4
89 108 5
141 195 9
40 158 7
71 79 4
181 198 7
39 186 9
9 54 1
47 121 2
117 186 7
41 60 10
105 118 7
84 190 10
84 195 1
101 130 7
15 150 10
160 200 5
87 89 3
14 137 5
7 47 8
62 135 8
93 131 9
18 75 3
89 120 7
20 22 4
65 93 6
15 51 10
60 90 2
10 90 10
16 200 7
22 125 4
1 123 7
61 182 7
41 191 5
138 194 10
24 102 8
118 191 7
63 159 1
115 187 2
87 99 3
100 111 8
91 115 2
37 174 6
66 95 1
44 97 10
108 141 7
6 173 10
41 134 9
13 140 6
117 141 1
59 155 9
71 180 2
37 190 6
61 124 1
43 55 5
172 185 2
28 51 5
186 198 5
111 142 4
48 51 8
24 133 5
37 143 9
3 4 1
122 177 7
151 156 6
126 144 8
69 184 8
93 189 1
11 188 9
87 142 10
8 47 1
73 175 10
21 56 3
48 79 3
79 184 2
97 175 3
182 197 8
50 90 3
134 175 10
79 196 1
76 137 4
86 185 6
147 173 10
62 92 2
40 89 4
69 166 5
97 139 2
26 105 9
35 181 9
78 80 9
11 16 5
108 188 6
29 170 5
83 173 6
111 189 9
3 100 7
99 181 8
181 200 10
43 195 7
52 169 4
5 18 6
47 192 7
35 92 8
27 111 5
94 199 10
12 89 9
5 174 1
20 194 3
90 147 5
34 149 3
76 130 8
60 99 8
46 71 7
26 176 3
2 45 5
25 116 9
81 106 8
24 50 7
144 192 1
84 137 4
104 112 3
73 186 7
112 162 4
95 110 7
109 187 5
116 179 8
5 56 8
48 126 5
13 24 5
73 93 7
33 125 6
31 139 8
87 159 6
85 172 7
177 199 2
187 199 7
118 170 3
39 179 9
24 90 1
78 148 4
54 63 9
14 135 6
2 76 9
15 147 4
101 114 4
73 145 2
4 96 1
21 53 8
11 40 2
75 78 10
13 138 5
35 126 4
1 188 4
42 142 8
103 139 1
74 157 2
29 89 4
107 126 8
33 80 9
48 118 3
64 159 4
96 141 7
35 72 2
111 113 7
98 184 5
71 131 2
24 155 6
19 195 7
41 77 8
43 106 6
186 199 10
81 130 4
57 64 7
42 166 6
41 199 5
88 148 8
57 74 10
69 169 5
41 129 9
9 103 9
36 137 6
86 108 1
129 149 7
17 107 10
60 200 9
157 183 9
57 187 2
49 101 4
11 187 1
135 188 7
19 114 7
79 181 4
4 187 9
11 137 7
130 188 9
107 200 1
21 151 5
166 176 5
102 186 6
35 184 6
79 102 4
52 100 8
10 15 5
48 58 10
63 198 9
113 175 8
18 190 7
54 130 4
140 177 9
82 169 1
20 128 1
6 41 4
38 194 5
2 84 8
47 86 6
79 164 4
7 29 3
149 187 7
74 132 8
87 95 2
18 41 5
80 85 6
131 193 3
178 199 5
81 149 10
81 171 5
96 184 6
118 167 3
44 141 6
87 100 7
152 153 10
3 35 8
29 199 1
137 170 8
26 79 9
22 191 9
54 174 9
155 157 8
10 175 8
54 138 5
66 128 4
7 16 2
68 179 10
24 55 2
46 190 5
79 147 6
9 48 4
38 62 6
161 169 10
18 128 9
95 105 5
4 90 8
137 140 2
100 113 6
150 194 6
17 40 4
30 91 3
75 163 9
45 146 1
182 183 2
36 108 8
2 42 1
117 194 6
111 177 9
16 153 1
59 164 7
137 157 5
22 109 3
123 149 6
4 40 7
17 154 2
55 156 8
32 123 6
45 76 4
119 169 8
97 120 10
65 81 5
3 165 5
62 131 4
84 135 1
8 19 3
18 20 9
12 174 4
144 177 4
18 80 3
147 181 6
36 185 3
26 43 3
104 178 5
19 200 3
72 152 8
7 31 3
114 200 1
3 124 1
129 199 9
50 104 8
133 194 8
103 120 3
77 175 5
48 158 8
94 160 5
35 159 6
66 101 9
92 150 7
46 49 7
38 200 7
7 86 1
76 194 1
118 140 6
38 160 7
86 149 2
51 97 6
31 119 3
130 192 9
118 184 4
34 98 9
54 94 2
20 48 5
125 138 3
5 198 8
129 172 2
51 152 7
8 87 8
51 72 5
2 10 5
39 145 2
3 151 6
140 147 2
3 166 6
70 164 9
26 151 7
13 65 3
76 131 3
189 192 3
176 187 10
31 38 8
144 154 8
25 64 8
128 162 6
74 142 2
18 37 5
74 93 2
1 179 9
98 160 7
118 125 9
131 179 4
7 14 2
32 188 7
55 86 7
18 46 1
138 166 3
3 185 4
37 183 9
22 186 4
104 153 9
31 200 8
9 80 3
104 130 10
8 192 7
5 37 2
144 159 6
43 149 8
143 156 9
99 197 6
13 93 4
35 171 9
113 198 5
83 140 1
6 117 7
15 198 2
124 131 7
73 107 5
82 123 3
76 155 7
64 173 5
28 150 9
42 104 1
193 196 1
1 76 9
38 68 3
57 153 7
130 185 4
11 84 10
127 151 4
5 121 7
141 184 1
59 147 3
112 135 3
180 198 1
68 83 6
77 135 7
95 149 7
125 161 9
84 183 8
116 157 1
18 72 2
49 54 4
138 178 4
50 191 3
69 165 6
82 198 4
86 89 2
93 185 1
47 58 7
113 165 8
169 179 4
67 192 10
15 195 3
7 97 9
2 136 2
13 166 1
106 177 6
46 156 2
105 179 6
102 189 9
157 177 2
18 183 7
83 93 8
34 156 3
12 121 5
59 128 6
90 157 2
146 189 6
39 109 1
117 199 9
26 123 5
6 160 8
16 130 2
46 83 10
55 139 10
149 157 5
26 118 4
23 199 2
62 136 5
3 52 8
165 197 2
9 55 2
38 131 7
97 106 2
11 181 7
189 197 4
48 67 3
56 174 3
12 130 4
35 46 3
189 193 5
72 118 4
38 74 9
30 128 10
57 125 8
76 182 1
55 189 9
52 200 8
125 190 8
26 136 10
79 193 3
93 198 7
182 192 8
27 144 8
135 163 1
59 110 6
59 151 4
89 198 5
2 8 10
84 169 4
12 34 10
41 117 8
20 193 2
118 175 4
58 130 8
104 132 9
24 142 1
128 172 5
36 135 7
165 182 3
135 159 10
33 197 4
111 180 4
27 43 4
118 134 9
17 69 9
1 120 2
50 147 3
130 159 1
115 150 3
32 99 7
53 165 5
28 119 1
47 82 4
17 88 9
20 175 8
57 75 2
2 97 10
88 196 2
67 146 1
155 199 6
76 180 9
21 193 4
101 152 10
2 99 9
158 197 6
96 189 2
139 151 10
47 172 3
32 144 9
104 109 6
55 180 5
31 118 3
104 143 1
17 179 3
102 148 3
30 159 10
104 146 9
121 138 9
17 26 8
14 37 2
65 86 2
80 127 9
3 20 7
11 95 4
74 167 5
138 139 7
81 108 3
66 134 7
153 154 6
73 182 4
124 171 5
41 78 4
4 16 3
1 196 3
141 192 5
142 170 4
97 137 7
26 57 6
142 152 2
8 171 9
142 157 7
156 186 1
97 138 2
47 125 7
79 80 2
78 168 6
70 194 3
42 140 6
55 95 7
118 192 6
96 164 5
45 93 9
77 162 2
98 149 5
5 19 9
81 190 4
74 196 1
120 137 3
107 172 10
61 144 1
75 199 9
27 61 3
104 124 3
66 137 1
52 181 10
114 121 6
77 125 1
138 184 2
43 153 6
44 156 1
37 51 1
89 164 2
16 139 9
70 78 10
59 85 5
12 144 8
33 87 2
156 185 2
146 199 10
110 116 8
9 127 3
10 159 3
30 73 10
25 47 2
69 78 4
53 126 4
142 151 10
150 157 8
116 136 1
7 93 9
6 161 5
97 176 2
149 151 1
44 177 8
66 148 8
16 17 7
29 79 2
176 177 10
161 191 5
88 115 7
56 191 3
42 50 4
123 173 10
17 81 5
80 176 8
57 184 6
119 120 3
140 193 10
84 97 5
9 95 4
61 196 6
61 155 1
80 156 3
17 68 5
98 158 5
92 98 2
15 178 7
114 188 3
43 56 10
79 112 3
11 37 3
11 35 6
79 116 6
65 116 6
4 175 4
33 76 10
47 181 7
135 192 9
51 182 4
107 155 1
132 186 1
86 117 6
21 74 1
124 191 9
84 89 1
164 165 6
12 116 2
29 107 4
23 179 1
15 16 6
41 141 2
113 153 9
64 135 9
39 94 6
4 117 4
3 65 1
131 189 2
102 114 3
81 134 1
78 185 5
10 99 6
138 189 5
23 151 7
42 156 2
52 88 7
102 106 3
30 132 3
71 92 3
23 65 6
37 192 10
82 143 8
114 191 1
13 155 6
15 22 10
54 179 2
5 134 1
19 170 7
32 146 3
128 176 9
89 166 3
158 194 1
132 178 6
3 186 4
9 195 9
11 173 6
40 133 8
118 154 6
164 173 4
16 194 8
49 106 10
54 65 10
115 167 6
13 95 6
57 142 4
69 103 3
1 18 5
166 195 6
77 140 6
4 68 6
44 77 7
117 187 3
21 116 10
14 146 10
39 173 5
36 191 9
48 75 3
17 93 10
53 79 3
65 96 9
129 157 5
38 195 1
108 161 2
43 152 4
56 75 8
105 190 10
98 112 1
63 130 9
145 196 1
13 119 5
145 175 2
30 196 7
19 36 5
123 152 2
37 88 2
80 107 2
46 84 2
108 128 3
28 158 7
161 166 4
6 126 8
23 112 5
77 114 1
32 121 3
77 78 10
11 182 5
29 73 5
113 196 3
70 73 2
104 131 7
133 155 6
1 129 9
21 32 4
180 189 8
184 189 4
5 7 6
11 98 9
142 150 6
23 126 10
107 154 7
9 91 3
62 88 4
122 141 9
82 183 2
10 11 6
10 72 2
44 193 10
72 158 8
14 143 4
58 177 4
62 195 1
138 151 7
149 173 9
58 132 7
47 96 6
110 121 9
84 117 6
93 153 10
78 186 7
10 133 2
83 124 5
35 63 8
7 18 8
68 180 2
63 88 6
19 115 9
61 158 2
47 130 7
145 158 2
11 155 6
116 134 10
73 166 7
11 103 5
1 148 2
118 126 3
6 158 4
51 64 10
162 180 8
5 116 9
34 64 2
33 98 10
105 172 2
79 133 5
69 93 1
50 157 6
4 124 2
8 43 4
105 111 10
80 146 9
86 87 5
120 170 9
92 177 8
79 90 8
14 163 7
146 147 3
118 129 10
33 194 6
94 120 8
179 183 8
45 64 2
129 191 1
73 169 6
156 175 6
68 95 9
100 152 1
68 155 3
98 121 8
47 64 5
99 121 7
122 153 1
96 180 9
133 164 8
45 101 2
13 57 6
77 155 3
32 34 8
62 145 10
31 128 2
45 114 10
90 95 2
130 140 3
85 147 5
50 110 4
52 176 9
18 129 3
46 134 9
55 158 9
98 99 1
41 97 3
22 83 10
2 98 5
21 38 10
135 174 5
74 147 10
97 133 6
15 46 10
81 189 1
22 98 10
38 64 3
114 153 8
48 111 2
14 70 1
36 43 9
89 174 10
85 173 1
145 149 7
11 124 2
11 121 8
84 173 3
24 162 1
156 158 2
50 103 8
55 173 6
54 107 8
48 95 6
30 175 4
12 131 9
31 134 4
67 140 10
18 115 4
85 153 9
59 114 4
31 164 5
18 166 7
7 67 4
83 107 8
121 129 9
155 166 9
40 58 7
23 69 4
73 140 2
47 49 9
81 105 7
82 164 1
150 191 7
136 181 9
53 149 9
128 198 8
35 146 3
82 132 9
38 147 10
131 147 10
28 186 7
60 122 10
68 73 5
51 198 5
37 146 5
167 178 5
90 123 4
40 137 9
95 126 3
40 71 4
53 199 1
20 42 1
6 175 10
114 155 6
73 75 8
98 189 1
25 60 8
65 103 2
77 131 4
28 181 8
40 164 8
53 158 8
63 167 8
93 102 10
5 29 6
60 130 3
6 167 4
34 68 9
41 73 5
85 112 3
139 178 3
181 184 4
129 140 10
82 147 4
122 123 10
111 193 9
53 110 8
37 110 9
36 180 1
22 162 9
16 58 9
122 200 10
80 150 9
29 140 9
17 155 1
30 84 3
17 133 3
4 123 3
180 192 1
79 174 1
93 178 6
67 83 10
13 189 6
82 177 4
76 106 8
111 176 5
7 125 9
83 92 3
37 118 3
37 61 2
7 174 1
74 138 7
106 137 8
18 81 9
10 163 5
99 119 8
47 147 8
66 91 1
20 82 8
64 186 7
124 189 7
41 43 4
50 173 4
127 181 6
27 139 2
137 147 1
11 177 1
19 23 7
150 198 3
50 146 6
36 80 10
84 146 2
161 182 7
17 58 3
3 34 2
24 59 5
3 29 7
74 155 5
53 128 7
31 93 2
49 62 3
145 151 7
66 102 4
63 73 3
79 86 7
65 130 9
3 138 2
74 175 3
19 171 4
177 178 9
10 115 10
75 103 1
102 185 3
44 122 1
24 153 2
100 179 3
9 187 4
69 149 2
26 27 10
157 199 4
77 189 4
46 116 3
19 166 7
137 141 2
4 150 1
153 179 2
166 191 3
33 42 7
41 144 10
38 126 9
76 192 8
1 70 8
70 121 8
63 92 4
166 171 9
85 184 10
55 77 6
155 160 9
17 82 7
25 72 8
124 144 3
5 161 8
76 197 6
76 167 6
103 161 6
37 41 3
79 92 7
63 76 9
38 106 2
67 111 8
98 148 5
155 187 8
69 96 9
87 127 10
10 194 8
151 190 5
109 165 10
125 157 6
102 195 9
61 131 6
137 145 4
100 112 7
104 159 7
121 146 3
91 160 9
60 81 9
103 123 5
42 43 1
40 91 1
151 169 3
27 141 1
139 150 2
75 150 10
5 190 4
38 192 6
17 149 9
73 88 10
108 171 10
128 193 1
30 173 6
54 196 10
28 116 7
82 97 4
19 99 8
66 82 6
160 181 2
16 118 5
25 88 5
114 161 1
107 138 5
72 110 5
52 113 4
44 166 9
28 35 8
100 101 2
51 78 10
189 200 8
58 180 2
71 199 4
106 151 3
24 57 1
92 178 9
147 154 4
5 185 10
35 194 1
33 146 5
78 119 4
63 163 2
54 98 1
27 54 3
114 138 8
19 104 7
69 191 9
127 143 2
67 95 9
13 53 8
125 133 8
88 173 10
11 52 2
11 134 2
17 166 3
132 142 4
107 187 7
73 108 10
151 185 7
70 197 1
51 91 2
3 85 9
1 41 2
93 125 9
44 180 6
66 176 2
179 189 7
65 69 4
45 106 8
62 176 3
91 183 9
62 140 6
87 146 2
46 77 1
73 160 1
158 162 4
71 80 9
97 132 4
16 113 8
45 167 6
107 176 3
102 113 6
26 66 1
36 198 4
80 130 2
97 143 4
30 62 8
61 78 3
137 188 2
57 87 1
44 190 2
44 147 9
32 92 8
48 91 9
129 190 6
63 81 9
159 188 9
84 158 1
74 87 4
77 101 1
8 178 8
153 197 4
99 185 3
89 121 3
74 86 7
178 182 8
6 199 4
27 159 9
40 114 8
94 123 10
17 79 2
14 91 8
1 32 5
23 66 9
122 171 8
22 141 10
1 146 8
38 95 10
10 94 3
33 105 1
110 118 9
113 120 4
167 199 6
40 47 10
29 200 9
23 89 1
38 157 1
107 150 8
147 178 1
42 72 2
73 76 6
128 196 4
96 156 8
68 126 6
164 172 2
5 175 2
178 179 4
18 194 3
65 114 5
73 94 5
143 154 1
149 190 8
8 35 3
95 156 5
25 189 7
49 175 7
22 159 7
17 32 9
136 155 3
66 115 5
16 31 7
23 190 10
64 101 5
75 145 1
115 144 2
9 83 10
170 188 2
43 126 7
60 182 2
48 173 6
66 97 8
40 129 1
172 184 5
69 71 5
76 122 7
97 123 1
13 150 3
20 21 9
125 197 6
98 155 2
9 40 1
31 135 6
106 187 4
33 155 10
108 185 8
137 161 1
115 176 5
157 193 5
49 178 2
7 72 7
132 157 9
75 88 9
156 176 5
54 157 9
122 145 5
64 156 1
71 107 4
107 180 5
22 185 4
81 186 4
80 183 5
64 100 5
13 162 5
43 141 2
108 154 10
108 124 3
33 199 10
170 194 5
14 141 3
53 115 7
180 199 7
115 118 1
116 159 2
122 182 2
95 100 9
56 146 3
20 140 1
17 39 5
50 179 4
129 135 2
74 200 10
83 153 1
119 175 6
104 193 4
1 31 7
146 197 2
13 60 5
169 196 7
153 188 9
60 84 1
76 115 3
45 117 10
151 160 4
43 162 5
111 190 2
139 192 4
101 177 8
26 89 9
117 128 2
17 106 4
67 85 6
117 127 2
96 192 8
20 45 5
181 199 9
161 200 9
75 139 1
5 192 2
156 166 3
91 187 2
55 167 3
92 127 1
3 122 8
35 141 6
46 176 6
103 144 10
67 139 1
105 178 10
56 121 9
60 190 1
56 186 2
38 103 7
146 160 3
19 45 4
60 174 3
14 151 6
57 143 4
45 138 1
8 140 9
87 103 1
28 83 8
24 135 1
183 191 5
151 177 10
68 74 2
29 63 9
43 133 6
87 176 1
151 196 4
185 189 8
167 193 9
5 178 9
35 172 1
52 174 10
6 8 4
27 113 3
52 132 6
120 158 10
29 109 4
12 39 9
97 125 10
60 178 4
42 194 3
96 177 2
71 163 3
12 139 6
2 62 8
31 54 3
65 168 9
6 169 7
37 144 7
97 177 1
96 103 10
107 123 10
162 194 8
175 178 2
109 124 1
6 56 1
121 163 6
101 198 5
59 149 2
59 92 1
124 172 6
22 62 7
147 179 5
23 75 3
86 121 4
60 187 5
95 96 9
137 152 7
121 137 9
125 167 5
1 181 1
28 48 8
87 197 10
55 120 5
140 192 10
85 200 9
5 25 7
88 182 6
7 119 5
88 113 3
16 123 9
28 29 3
118 133 6
169 185 7
57 172 6
88 132 4
99 192 6
37 121 9
15 23 4
78 198 3
92 94 2
35 118 8
14 123 7
109 175 9
36 140 8
8 146 7
44 84 3
12 79 3
55 63 5
130 131 10
19 89 6
42 88 4
17 34 10
2 129 4
90 96 9
35 108 10
83 166 5
96 150 4
41 55 9
4 63 10
80 112 7
127 200 2
32 189 2
66 170 3
18 94 7
42 126 2
113 193 2
21 184 4
117 163 9
89 102 7
26 29 5
47 191 9
82 160 4
113 125 9
8 65 5
28 100 7
97 118 3
141 143 9
73 95 2
49 153 7
