200 1782 3.2337100000 0.2204370000
169 187 2
27 73 1
101 127 8
37 167 6
143 152 10
48 162 4
75 116 9
64 158 4
70 188 1
47 143 1
46 146 8
46 178 8
135 140 5
65 83 4
3 184 7
53 124 8
99 162 4
115 160 6
60 115 7
108 166 4
8 24 7
73 182 5
38 83 1
5 66 9
97 135 6
118 129 4
77 170 5
69 83 7
71 123 9
70 160 10
77 81 2
29 182 6
15 88 10
164 184 7
47 99 3
33 193 4
9 64 3
88 132 3
88 110 8
60 180 9
78 113 10
114 161 9
22 83 1
78 99 6
104 124 6
130 186 3
24 177 9
22 181 3
33 34 5
69 93 4
54 151 4
98 197 7
176 189 4
72 168 8
44 89 9
137 139 10
4 187 7
131 153 7
19 35 4
21 29 9
86 200 3
19 102 3
121 159 6
5 102 2
97 134 3
174 178 3
79 120 5
19 57 10
60 120 7
4 124 6
127 130 5
84 127 6
116 192 6
23 54 10
51 59 7
68 76 2
8 79 7
135 153 10
87 195 3
131 167 6
28 143 3
138 188 10
54 77 1
97 111 2
10 197 6
64 176 10
118 142 10
47 184 10
47 181 1
21 184 8
119 140 1
134 199 1
18 196 4
26 181 6
41 141 6
61 113 9
113 167 8
17 178 1
80 198 1
85 149 8
8 63 3
93 99 6
75 90 7
47 89 5
8 144 5
128 177 4
71 119 2
16 170 5
4 172 5
100 157 4
133 159 3
67 111 5
24 117 3
3 123 7
18 111 6
9 23 2
104 150 5
102 136 2
6 98 3
91 116 8
21 61 9
74 180 1
38 197 9
13 33 2
18 126 1
14 25 6
7 69 6
95 139 2
114 163 2
59 86 8
140 164 1
166 179 1
15 77 3
70 194 2
154 155 7
48 52 1
32 47 9
65 123 2
136 179 7
112 189 6
33 180 9
50 167 2
67 73 2
35 79 10
5 23 9
33 128 7
23 191 3
57 133 2
124 184 7
103 198 6
19 80 3
101 160 6
7 176 3
151 174 4
87 154 2
82 86 4
174 189 9
165 173 8
165 177 1
19 96 5
75 108 7
14 35 2
58 175 3
46 77 1
56 107 8
57 180 6
12 50 5
40 124 3
20 73 7
124 182 3
180 195 8
2 6 7
113 187 7
129 192 1
72 194 8
18 93 1
84 190 2
26 104 2
183 186 10
15 166 3
97 131 3
74 94 8
33 183 2
90 94 10
137 198 2
10 155 9
117 130 8
94 174 1
3 18 1
122 179 8
77 108 3
12 162 3
125 179 6
10 68 4
42 151 4
27 182 3
50 162 1
19 84 9
27 134 10
13 14 7
16 66 1
52 140 4
121 198 4
109 129 1
42 51 4
134 184 10
44 52 10
102 103 7
102 170 3
10 101 6
160 165 1
153 175 2
55 183 1
90 191 7
10 148 1
30 151 2
18 47 2
41 69 8
112 116 6
33 80 3
25 154 2
54 125 2
65 150 9
163 189 2
43 182 9
72 80 1
111 131 10
102 149 10
12 141 10
155 195 3
44 113 5
178 189 8
53 196 2
158 176 9
57 197 7
127 160 7
13 70 4
46 151 7
6 126 5
4 47 6
125 178 10
36 62 5
167 169 5
83 162 2
86 94 9
61 140 5
28 152 6
58 171 5
8 160 6
152 156 4
28 181 1
89 171 4
19 115 3
6 133 6
151 192 2
116 176 7
5 106 1
158 185 3
24 186 8
104 153 3
155 177 1
87 96 7
39 55 1
71 135 4
96 137 6
50 152 1
9 103 4
4 65 8
44 181 5
91 136 9
61 67 8
92 117 7
55 87 9
28 131 9
76 148 3
40 52 6
14 39 5
59 200 2
36 151 1
127 138 3
32 141 10
41 164 7
44 167 3
37 134 7
192 200 1
32 143 5
79 195 8
17 179 6
31 171 3
8 72 5
118 191 7
120 159 9
85 88 10
16 116 3
9 149 4
188 195 9
81 91 6
32 124 9
37 52 2
69 156 6
56 67 9
45 79 10
73 152 1
4 97 9
20 164 1
20 32 2
101 133 3
13 19 7
6 80 10
90 106 8
57 190 8
21 172 6
24 95 3
183 194 10
33 115 2
105 141 10
106 122 2
51 54 8
41 175 9
82 112 9
9 17 2
18 29 9
147 191 5
63 79 2
83 199 3
97 162 4
12 187 3
61 134 10
190 195 1
133 195 8
49 139 8
7 100 3
74 161 7
9 110 7
27 125 1
69 164 6
102 185 7
106 116 1
33 60 8
79 101 4
7 174 4
157 170 5
85 147 9
37 83 7
59 148 2
62 102 1
57 101 8
81 146 3
31 111 4
97 156 7
25 177 1
31 37 8
9 91 8
112 132 8
131 152 10
38 68 4
15 125 4
88 178 3
171 184 1
41 43 7
4 164 2
60 127 10
98 160 3
70 186 6
27 40 2
40 48 7
44 143 1
131 182 5
79 133 5
20 40 8
12 48 5
144 184 1
81 166 10
21 40 6
43 52 7
3 124 10
36 110 6
155 168 3
188 198 1
100 109 8
107 131 7
31 153 6
56 58 5
55 180 1
111 199 8
195 197 2
36 90 4
147 176 9
37 65 6
9 46 2
26 37 5
193 194 7
74 125 9
16 161 1
186 198 8
11 88 1
44 153 3
133 155 9
28 134 9
61 83 2
34 137 4
13 154 6
17 112 9
45 87 9
43 124 6
122 174 2
38 70 10
108 189 10
82 191 10
103 114 4
94 162 1
106 166 7
164 175 3
48 58 5
71 78 2
23 75 7
94 125 9
6 92 5
79 193 6
52 184 3
9 42 5
125 142 1
96 130 2
112 192 6
156 167 2
14 60 6
82 179 2
5 90 4
5 42 3
62 129 7
64 157 7
124 164 3
117 165 6
111 187 4
132 161 4
53 61 8
8 121 10
8 127 5
62 75 10
4 32 8
13 180 2
32 111 9
7 23 6
56 196 2
44 71 9
66 176 10
55 120 4
112 125 8
31 53 7
99 167 10
28 56 7
85 116 5
64 100 1
68 117 4
19 60 1
141 167 7
16 46 8
96 127 9
27 152 10
49 80 2
17 161 7
53 58 3
27 43 5
100 185 10
115 137 10
52 89 7
63 84 10
35 39 7
142 200 5
36 146 9
13 177 2
186 195 9
99 175 8
74 147 10
105 171 8
130 188 10
59 64 7
97 102 4
123 150 6
117 183 1
37 172 8
23 62 10
18 145 3
12 28 7
157 179 10
89 182 8
55 57 7
33 120 10
87 186 5
28 164 9
90 114 6
3 171 9
18 69 7
44 97 10
89 153 5
18 89 3
11 109 8
16 146 9
83 156 4
42 74 8
8 87 6
101 139 2
39 84 8
2 45 6
77 178 3
12 134 3
92 180 8
88 149 9
21 156 5
54 157 7
54 110 10
87 95 6
34 197 1
62 100 7
4 20 9
26 184 5
132 157 2
19 121 2
68 188 4
50 113 4
25 172 2
67 97 3
99 104 7
93 105 6
165 188 4
2 80 2
58 107 8
25 193 5
39 137 2
47 169 6
95 128 10
69 124 8
30 163 1
162 169 2
75 109 4
22 175 3
93 123 2
42 176 2
32 52 4
51 106 9
142 185 2
52 162 5
27 124 9
77 147 10
58 73 3
23 94 2
66 170 1
21 131 9
50 107 6
42 179 4
143 172 10
15 75 8
3 56 7
6 39 4
144 148 3
78 134 8
58 71 6
106 178 4
48 53 7
63 115 10
80 154 10
51 108 7
36 100 3
161 170 1
22 44 7
114 136 2
60 96 1
78 152 6
30 136 4
42 174 1
108 146 1
84 133 5
152 175 10
4 199 3
63 148 5
123 126 3
17 81 10
73 107 5
19 197 1
70 168 1
23 82 5
143 177 1
43 145 1
109 191 3
61 99 5
120 148 1
79 127 8
44 150 6
20 44 1
68 79 8
13 165 9
83 141 3
4 56 2
107 164 9
15 21 2
10 95 9
40 162 3
53 181 1
24 155 9
28 199 7
135 156 4
48 67 6
41 162 8
29 184 10
20 47 1
48 134 3
14 130 9
31 187 8
57 80 4
107 169 4
165 195 6
130 173 6
77 174 7
47 50 10
55 84 3
81 174 5
6 139 2
91 179 3
115 144 6
51 100 5
80 133 7
115 138 1
61 184 2
149 166 3
38 57 8
79 160 4
116 136 9
60 72 4
3 111 7
12 97 5
38 137 1
94 166 5
69 181 10
24 45 7
64 74 2
38 155 9
54 178 2
148 183 1
81 170 1
92 198 5
3 61 7
65 134 9
167 181 9
29 99 1
160 183 8
140 153 7
28 48 2
179 189 7
118 161 9
161 166 9
83 119 7
32 152 2
89 99 4
12 21 7
17 163 4
55 130 4
130 137 9
44 196 7
105 172 3
20 140 2
162 184 1
92 115 4
39 119 4
20 111 2
59 166 8
66 129 3
105 134 7
45 98 3
23 66 8
3 172 2
88 112 2
10 63 2
64 77 5
135 143 6
47 58 9
81 189 9
68 194 7
24 195 4
119 129 4
67 135 9
149 176 4
53 171 10
20 52 9
63 195 5
35 155 7
38 96 1
143 196 8
27 56 7
64 81 4
121 173 5
40 140 5
14 95 4
21 152 8
76 138 9
46 100 8
47 164 2
141 145 10
20 48 4
19 160 5
41 171 9
63 70 9
62 132 10
49 155 7
11 110 4
68 128 5
56 143 3
77 157 8
116 122 1
52 156 8
52 78 7
32 119 2
49 117 7
140 196 2
65 67 1
1 85 2
87 130 10
64 76 3
12 111 3
136 178 4
13 24 7
152 162 2
61 169 2
74 106 4
91 122 7
35 92 8
68 148 2
62 125 3
109 174 3
49 63 4
115 120 8
127 180 7
12 184 2
67 184 3
24 92 2
73 184 10
24 96 5
45 96 5
168 198 2
7 54 2
143 162 3
34 148 3
72 186 7
68 130 9
69 71 9
110 149 2
61 187 2
50 181 7
10 57 10
42 178 7
18 105 6
86 116 9
140 169 5
108 142 7
96 195 2
74 158 9
140 187 6
36 185 8
32 43 1
160 198 4
77 146 9
143 181 10
43 105 4
64 108 9
26 58 8
3 93 8
25 195 2
60 68 5
54 179 7
15 129 4
76 139 9
133 168 4
18 172 8
8 133 8
9 146 8
1 88 6
40 56 7
161 192 8
104 199 10
84 193 9
58 164 7
62 189 2
65 167 9
64 85 2
62 136 3
2 25 2
83 187 8
171 182 9
51 189 1
79 177 5
50 153 7
146 166 1
94 110 1
60 63 3
96 98 4
137 155 6
28 71 4
125 151 6
20 134 2
41 56 7
114 146 5
12 131 9
86 174 10
167 172 4
5 125 8
47 56 4
4 50 10
123 163 5
40 134 2
47 140 3
85 118 1
21 50 4
117 173 9
36 200 5
106 146 2
20 58 10
39 198 8
71 167 4
77 149 8
41 73 5
68 121 10
7 110 3
31 119 2
18 44 2
72 84 1
106 163 4
81 185 10
115 173 9
48 156 3
70 127 8
84 117 6
30 132 8
105 150 8
128 160 4
50 124 6
117 168 8
31 104 10
61 69 8
114 147 7
65 69 9
35 180 8
6 84 6
90 142 4
31 105 2
153 184 8
85 132 10
68 183 10
4 58 5
28 93 4
9 82 10
125 161 10
53 71 9
61 126 2
84 115 3
156 182 1
59 112 10
80 120 9
127 165 5
9 129 4
26 83 6
123 181 3
8 70 9
110 176 10
134 135 5
37 40 4
25 39 5
80 194 2
8 194 1
103 118 6
35 95 7
15 94 1
94 129 8
30 166 9
7 36 7
98 177 7
66 110 10
115 155 1
16 149 2
63 188 8
2 76 6
10 76 2
55 159 7
88 142 3
107 181 9
70 193 2
21 44 3
3 12 3
68 101 10
120 137 4
121 127 5
26 40 8
102 166 4
121 133 7
34 159 4
128 144 4
33 177 10
19 128 1
1 81 2
50 97 9
27 141 8
51 170 7
79 117 6
24 57 10
78 131 6
31 78 6
48 175 5
50 156 1
30 90 3
119 141 8
128 193 7
73 97 8
45 130 6
29 93 7
8 96 3
39 92 10
7 94 3
102 109 7
116 170 9
39 68 1
23 132 10
36 77 5
4 123 10
40 131 1
83 107 1
159 193 3
166 170 7
6 183 5
108 151 2
10 137 2
86 149 9
19 101 10
96 121 8
85 158 4
5 11 2
88 179 1
82 129 4
80 98 5
27 61 2
44 47 7
37 50 7
20 43 7
44 61 4
84 87 5
79 159 9
72 137 7
117 137 3
63 96 4
44 69 2
97 104 4
23 85 1
60 84 7
177 197 10
10 45 2
14 137 1
92 133 2
120 155 4
136 174 6
13 63 9
188 190 4
117 139 3
11 102 10
60 194 2
119 175 9
23 170 1
166 189 8
107 123 7
44 93 2
148 180 5
90 132 5
32 182 7
83 175 1
24 68 6
47 150 6
1 149 9
26 162 3
10 87 6
141 182 8
63 98 6
71 187 5
5 147 10
106 151 5
21 140 3
109 125 1
56 93 7
14 63 10
71 175 6
58 199 4
3 150 5
91 176 3
136 140 2
56 145 9
54 88 10
49 79 10
2 87 3
175 196 4
54 114 4
67 164 4
76 87 1
134 175 9
73 113 2
34 38 7
94 132 3
14 138 5
14 190 1
15 161 1
118 158 9
119 126 7
33 144 6
37 89 5
116 174 3
19 198 4
73 187 8
22 111 1
87 137 8
89 145 3
35 55 2
24 168 10
44 67 1
176 185 5
161 179 5
36 54 9
45 101 8
24 139 5
66 142 8
98 165 7
26 56 1
25 133 1
58 196 10
54 147 6
93 187 8
71 184 6
27 126 4
103 158 2
6 160 5
141 169 4
90 110 4
18 140 7
33 101 6
131 172 2
65 175 7
103 189 2
68 70 7
150 152 3
59 90 4
130 154 10
163 176 2
72 148 8
37 67 4
58 184 9
28 107 10
96 115 10
62 108 7
33 76 9
93 196 3
51 86 8
40 126 8
70 79 8
89 143 4
93 162 3
8 197 5
14 79 9
150 172 7
15 102 1
109 118 5
126 164 3
73 126 9
62 116 9
139 195 6
42 114 1
108 149 5
31 58 7
68 198 6
12 47 2
39 117 4
16 147 8
66 103 2
3 104 4
151 158 3
69 104 7
42 143 2
16 77 2
7 122 5
39 194 8
67 124 6
50 73 3
93 145 7
120 168 1
92 101 6
17 100 10
15 106 1
27 37 3
25 34 1
58 134 5
88 174 3
6 8 9
104 162 8
68 165 4
9 116 8
60 101 9
43 104 5
74 85 2
10 14 7
7 142 6
35 137 9
30 146 8
71 105 8
148 195 9
22 145 10
52 172 3
90 166 5
164 167 2
139 177 1
45 121 8
114 158 3
80 95 5
3 199 2
35 128 3
35 148 8
18 97 3
76 144 3
157 158 7
60 195 3
60 193 9
11 62 6
8 101 4
92 130 10
17 176 5
111 141 10
14 96 4
34 101 1
56 167 2
98 117 5
93 119 3
50 71 1
98 121 2
172 184 5
49 194 4
112 200 6
137 159 2
8 183 5
93 141 6
61 152 2
154 188 10
15 30 9
76 193 5
14 55 7
1 136 1
19 87 4
2 198 5
64 122 3
20 171 3
73 167 9
160 188 8
11 125 5
171 196 2
6 198 7
121 193 4
70 76 3
34 160 6
40 44 6
24 120 4
3 44 1
115 168 10
95 121 9
141 153 3
29 83 10
96 197 7
137 190 8
61 107 8
183 197 10
163 178 10
22 131 1
10 195 6
157 200 2
93 107 5
172 181 2
2 117 4
19 138 1
174 185 6
10 72 4
26 196 1
61 100 5
101 121 2
13 155 9
52 56 5
65 111 9
64 191 5
71 162 3
51 88 9
35 45 8
23 36 2
80 130 9
64 161 6
62 166 1
74 132 6
49 92 6
5 81 8
74 75 2
38 194 7
61 120 2
135 152 7
70 121 8
11 94 8
55 121 9
3 4 4
54 176 6
14 57 9
26 124 8
100 136 10
58 89 8
10 193 8
2 197 7
135 199 3
31 169 5
47 104 8
43 172 9
95 198 4
103 132 10
25 180 2
87 155 9
52 61 1
84 92 2
27 104 8
31 40 10
54 192 4
13 195 7
11 108 7
176 192 9
33 49 3
72 127 7
66 147 7
41 47 5
68 95 8
44 48 6
113 182 10
42 85 5
25 115 8
57 168 9
130 195 4
97 105 7
1 5 7
42 94 5
64 86 8
82 114 4
19 95 9
34 154 10
159 186 9
153 172 6
89 124 3
156 164 4
106 125 4
89 107 9
69 89 10
49 198 5
10 39 5
38 127 10
114 170 10
5 43 1
10 92 8
13 60 6
31 162 1
90 118 4
59 163 10
67 143 6
74 88 10
12 169 2
112 161 2
44 83 4
53 119 2
1 102 2
115 128 5
5 151 5
21 47 7
42 158 10
120 133 6
13 98 10
61 131 10
23 142 10
43 180 2
108 200 10
124 131 6
114 129 10
131 141 2
7 59 5
55 63 4
62 185 2
56 97 1
49 183 3
49 98 5
66 136 9
77 112 7
135 187 10
25 148 3
24 80 4
21 93 9
42 142 1
63 159 10
36 102 10
101 193 6
72 138 9
33 95 5
80 84 4
57 72 9
50 67 5
6 70 2
13 45 7
101 186 7
48 78 8
26 156 3
28 52 8
16 81 6
1 46 2
31 41 2
44 107 5
69 97 3
124 143 8
43 187 7
77 161 1
166 200 7
46 66 9
11 51 10
174 191 3
52 153 4
75 179 6
51 166 3
110 192 7
28 44 9
98 133 2
57 159 8
52 53 1
119 180 6
76 92 1
33 35 8
4 113 3
87 115 7
99 143 4
34 70 4
14 121 8
72 95 2
180 194 4
126 181 8
54 103 2
47 48 1
66 132 9
84 138 3
89 187 4
79 87 4
80 193 3
58 123 7
148 173 5
137 138 5
42 90 10
16 17 8
31 89 5
29 171 6
21 104 7
1 11 2
84 101 1
3 32 9
20 50 10
34 173 8
155 190 2
49 72 6
86 88 2
66 191 4
54 191 6
71 107 1
94 114 6
86 176 8
4 127 2
50 99 6
20 131 4
31 99 6
51 109 6
64 110 10
157 178 5
60 173 6
21 169 8
140 184 3
68 84 1
37 53 9
142 163 1
67 83 10
45 115 5
8 128 6
65 135 2
54 129 2
110 146 2
101 173 7
98 101 7
40 69 4
43 73 6
66 178 9
111 167 3
83 105 10
7 163 5
1 64 9
15 62 3
17 200 4
55 137 2
54 82 7
32 97 10
50 58 10
157 192 2
50 192 1
101 197 5
45 95 9
97 164 2
107 135 3
190 198 3
108 136 9
104 131 7
9 108 2
49 55 5
27 105 7
36 66 5
126 196 2
118 166 10
47 97 5
27 153 1
137 188 4
110 200 10
36 112 1
143 184 7
8 159 1
88 200 9
169 182 4
73 104 1
63 144 4
31 61 9
41 126 2
107 163 2
168 177 1
76 180 4
7 170 10
127 133 1
130 138 10
36 176 8
40 43 2
105 164 6
6 165 6
71 199 9
190 197 8
60 183 2
169 172 3
33 154 4
118 200 2
109 158 2
70 159 4
173 195 10
55 148 2
157 185 3
36 59 6
9 132 6
40 41 6
66 157 6
29 60 5
28 145 10
61 196 1
6 121 1
91 142 7
43 135 4
68 171 1
48 145 6
39 177 4
98 180 2
1 108 5
138 165 4
181 196 6
123 187 10
20 123 8
87 177 6
117 120 6
155 198 6
46 136 7
6 57 6
34 60 8
20 113 6
84 160 2
162 187 8
95 120 5
52 143 6
49 101 8
130 160 5
16 94 3
71 152 8
83 111 8
47 111 10
40 93 1
3 52 5
5 157 10
40 113 8
46 179 4
65 89 8
26 152 7
39 155 9
57 117 5
132 158 1
163 179 2
105 123 9
119 184 8
22 73 9
106 114 7
91 163 1
1 51 5
79 80 9
25 190 7
12 105 5
86 132 6
5 51 2
19 133 4
95 159 7
135 162 8
28 37 2
77 129 5
177 194 9
65 156 9
107 152 10
48 105 6
20 143 10
12 83 5
26 169 8
96 155 2
33 117 4
107 153 7
87 160 9
56 164 2
162 196 3
9 158 9
66 185 1
28 141 9
28 53 6
12 124 2
105 143 2
88 94 9
154 190 9
67 140 9
19 63 1
105 175 1
61 175 4
28 162 7
62 118 6
114 157 2
66 118 8
128 194 3
10 13 7
18 131 9
74 151 2
154 165 7
33 186 4
4 73 6
172 187 1
23 77 7
79 180 6
9 151 1
92 137 10
5 75 9
73 99 7
12 56 10
42 132 10
121 194 4
12 43 9
136 166 7
32 123 8
21 141 4
161 178 3
69 143 9
107 111 9
52 187 4
55 95 9
43 71 9
80 128 9
55 60 7
177 186 9
41 169 4
75 174 3
128 197 7
92 173 1
48 182 10
38 177 7
17 114 10
22 32 10
65 119 1
10 79 8
143 171 6
29 67 2
91 151 10
4 107 6
143 169 9
51 174 2
41 50 6
9 30 6
13 96 2
43 163 1
92 195 3
110 161 10
48 150 3
66 86 3
87 197 10
45 80 9
62 82 5
18 104 6
38 45 10
143 156 5
15 103 9
42 200 5
13 138 9
150 156 2
53 69 10
102 158 3
35 68 4
6 25 5
14 177 3
67 133 2
167 182 2
156 175 1
72 193 3
97 143 1
147 192 2
43 47 7
25 57 8
98 173 5
31 56 6
99 135 8
24 55 6
29 134 7
100 146 5
94 170 4
26 172 6
113 123 3
47 73 7
104 123 6
140 181 1
48 61 8
71 140 1
51 85 4
32 175 9
94 112 9
150 184 5
99 145 9
40 145 6
21 171 2
65 104 9
80 160 2
76 173 7
100 102 6
87 190 3
40 153 3
139 155 3
23 166 2
94 200 4
82 146 4
139 154 5
157 166 2
11 59 8
45 117 4
24 159 9
158 189 3
54 81 7
14 127 9
12 119 4
5 46 10
21 143 10
94 149 9
88 102 8
53 187 4
19 24 9
138 159 8
82 163 3
155 173 8
34 87 4
77 109 5
111 113 10
60 121 3
96 138 9
2 63 4
24 127 7
76 130 4
15 91 1
58 93 10
102 192 1
90 112 9
50 141 7
46 170 2
10 117 9
116 118 6
45 127 8
94 146 5
35 165 4
195 198 1
14 148 10
165 186 9
107 145 4
29 61 4
18 156 8
13 72 8
38 195 3
56 156 9
39 127 6
72 188 1
53 141 10
54 86 2
67 115 1
54 66 1
184 187 8
51 102 8
123 141 8
5 158 2
53 134 6
4 67 5
63 173 3
131 140 3
66 85 7
83 182 8
158 192 2
88 170 1
162 164 9
46 102 3
41 123 10
111 156 8
35 87 9
88 185 1
116 179 1
76 115 6
115 198 2
2 13 7
112 185 9
148 190 6
38 98 8
103 129 6
69 175 7
89 123 2
99 199 9
2 120 10
24 160 7
16 157 1
91 102 5
93 164 4
21 126 3
23 114 7
10 133 2
111 162 7
80 96 8
101 120 7
56 104 8
103 176 10
39 49 8
95 190 5
3 119 5
115 159 3
28 167 9
39 168 6
61 199 4
60 144 1
45 76 4
56 172 7
80 177 8
138 198 7
34 133 6
71 164 7
113 119 4
5 103 2
102 189 9
42 116 1
29 175 8
36 163 9
34 186 1
18 81 1
28 31 10
43 111 9
13 38 9
39 165 10
27 47 6
117 188 6
143 182 1
45 186 8
56 78 5
11 54 5
46 106 6
78 107 8
32 37 6
161 200 7
8 117 9
