200 2361 8.3982300000 0.8683490000
1 158 2
121 143 10
78 123 1
47 180 6
4 131 4
141 181 4
112 151 3
61 106 4
115 170 8
83 100 2
88 175 8
136 178 7
31 99 1
29 120 4
31 124 1
141 197 10
86 105 8
106 200 7
3 57 5
60 108 2
12 182 2
14 162 4
25 98 10
31 73 5
14 117 1
150 179 2
26 72 3
21 159 9
22 49 9
6 15 1
7 94 3
47 48 7
29 66 3
54 93 9
62 67 5
12 95 2
103 132 7
7 107 6
60 131 3
51 171 9
26 129 7
189 196 10
107 117 6
48 182 9
3 23 4
42 143 2
71 176 7
15 68 4
176 179 5
52 128 4
39 111 8
89 122 7
153 164 4
12 153 8
49 147 3
46 96 4
6 50 4
17 31 2
82 122 3
40 102 10
21 176 7
163 185 3
180 199 6
102 164 4
17 162 3
124 133 4
94 132 7
17 93 10
26 50 10
147 161 1
74 196 6
117 157 1
73 144 8
42 185 5
76 84 4
21 97 5
33 119 1
146 171 10
68 132 4
96 178 2
73 183 5
84 193 9
10 131 8
41 62 5
83 190 5
14 101 3
3 145 1
161 177 8
166 186 9
119 125 2
67 169 8
60 178 6
56 92 9
138 182 5
28 108 10
171 174 4
16 146 3
108 127 10
118 122 2
123 200 7
82 158 4
21 140 7
88 129 2
163 184 7
152 189 4
65 158 8
94 140 10
125 159 9
21 64 4
154 190 10
4 114 10
98 135 5
94 150 1
160 169 2
66 164 1
102 158 9
91 178 2
35 140 6
55 199 3
117 137 2
73 117 10
119 162 3
91 194 3
5 54 3
14 36 1
151 184 10
6 11 9
152 184 4
78 164 3
72 169 10
31 114 4
81 200 10
73 190 2
149 158 8
14 99 8
100 113 8
149 182 5
90 138 5
60 110 3
69 139 3
7 187 6
19 113 3
29 48 8
102 122 3
103 104 9
6 198 8
92 100 5
31 71 7
20 123 3
87 167 8
66 149 1
89 128 4
56 97 7
74 82 3
8 48 10
19 108 5
22 163 6
118 185 4
39 181 2
50 166 5
79 93 6
83 108 1
35 150 2
65 121 10
61 63 2
23 141 5
36 194 8
25 164 6
101 116 10
73 94 2
105 164 8
181 197 1
4 161 4
43 59 4
115 196 7
56 79 7
34 128 3
117 132 3
165 181 7
98 149 10
107 124 7
97 108 4
76 90 6
137 178 5
147 198 6
32 172 9
64 176 3
12 102 6
97 194 7
26 160 10
135 173 6
2 144 2
155 166 2
90 182 1
106 193 3
160 177 2
157 190 4
121 182 10
21 125 4
7 100 3
10 36 8
103 137 5
93 154 10
56 187 1
44 135 7
85 115 6
25 40 4
7 124 2
89 151 6
97 136 6
98 138 3
42 65 9
128 200 10
71 137 3
85 173 8
78 143 2
40 105 9
10 176 8
112 158 3
74 164 2
71 83 8
158 164 4
47 85 8
37 68 3
147 167 4
93 142 7
104 174 1
101 119 6
20 47 4
63 115 9
39 165 8
31 68 9
36 60 9
10 21 9
152 196 3
102 143 6
74 180 3
110 150 6
15 127 7
96 110 8
27 155 2
174 195 2
103 107 1
85 184 5
25 173 2
49 175 3
92 146 10
71 79 3
34 85 10
36 54 8
9 93 10
72 166 6
64 68 1
127 176 4
122 196 7
121 198 3
33 167 4
128 163 8
9 94 1
66 81 4
45 123 10
168 185 9
153 196 10
65 168 8
63 86 9
118 180 9
62 165 5
171 190 5
19 101 6
44 199 1
29 97 2
19 51 8
174 187 2
28 162 8
12 199 3
97 133 7
115 153 2
174 183 1
116 136 1
150 154 9
69 177 10
65 90 1
27 147 3
28 154 10
66 180 1
37 60 5
140 159 2
14 103 7
7 15 1
66 115 1
54 68 1
164 189 5
185 189 10
129 177 1
75 195 10
15 17 2
63 121 1
31 140 7
150 190 10
182 184 1
25 112 8
45 135 4
20 200 7
83 117 9
60 150 6
94 159 8
147 197 5
184 193 2
2 36 7
10 136 3
96 113 2
75 183 3
79 110 1
48 82 10
51 113 2
64 110 7
71 157 4
94 125 10
75 137 10
31 125 1
9 51 9
12 170 1
87 181 2
36 104 3
77 149 8
137 190 3
129 169 6
119 154 10
42 102 9
61 149 2
22 130 9
72 141 10
118 173 2
118 184 3
83 110 10
18 132 2
6 139 10
95 105 7
172 198 10
48 196 8
63 76 10
116 131 10
56 174 8
113 194 8
119 183 5
165 167 1
118 189 8
121 180 4
23 126 2
143 182 1
116 159 3
30 62 5
144 194 10
58 166 1
97 179 9
23 57 5
38 166 10
87 155 9
106 192 7
102 196 1
108 137 10
33 96 5
72 130 10
98 170 2
47 153 1
21 183 10
110 188 8
5 107 6
33 136 4
8 106 1
56 131 9
22 111 4
138 152 9
40 199 8
47 105 3
32 141 1
71 183 3
8 95 6
26 172 10
54 142 2
60 100 8
9 178 7
104 178 9
61 163 2
151 180 2
43 55 9
30 147 5
16 137 7
1 74 7
93 104 9
1 118 9
92 103 10
170 184 7
56 137 1
40 196 5
47 102 6
71 99 3
34 148 7
114 183 1
49 197 2
7 73 7
119 137 4
102 151 9
80 147 9
117 154 9
58 155 4
18 68 7
36 94 3
117 159 8
111 167 9
27 165 6
95 143 7
120 200 3
123 199 1
9 60 5
10 54 7
7 96 8
65 191 4
69 70 10
13 50 9
57 160 3
40 148 10
146 154 4
53 110 9
17 35 6
99 150 4
84 159 1
156 173 4
179 183 1
14 73 8
106 156 10
136 187 1
84 106 4
89 95 10
99 194 5
14 116 2
19 93 8
108 174 1
158 173 4
62 181 8
89 143 6
102 199 7
162 194 3
18 174 4
96 137 5
70 147 9
80 166 7
105 158 7
68 93 2
83 96 3
59 90 8
164 170 4
86 138 9
153 180 1
103 114 3
21 107 2
108 154 1
97 119 9
68 137 6
68 71 7
51 136 7
86 106 4
4 51 2
26 69 4
24 72 8
7 99 1
47 106 7
10 137 10
25 81 9
22 39 10
129 165 8
49 67 4
68 171 8
45 128 2
191 200 5
72 126 8
4 100 6
9 171 6
25 45 6
103 195 7
59 196 1
48 66 8
13 49 8
20 42 9
13 88 9
60 124 2
1 193 5
28 79 7
71 188 9
133 176 7
64 94 6
15 64 7
13 80 5
59 193 1
106 143 2
97 171 2
2 60 8
54 99 2
96 162 2
86 143 9
145 175 8
25 184 2
110 154 4
26 155 4
36 109 1
126 166 9
10 46 10
40 118 2
14 33 5
51 146 2
2 195 1
76 199 9
79 117 6
36 71 3
55 148 5
37 100 3
1 76 10
60 75 5
49 155 8
95 184 4
10 124 10
30 49 4
48 123 10
10 64 8
51 142 3
107 137 2
191 192 10
123 152 3
42 150 1
163 170 10
83 194 4
33 171 3
113 161 6
79 140 3
62 166 3
89 182 1
91 133 10
63 193 5
21 144 2
35 71 4
114 179 7
103 157 7
75 104 5
7 183 6
74 112 9
43 102 5
41 172 9
80 155 9
93 114 5
18 51 8
55 170 5
5 137 6
101 146 8
67 175 10
73 79 5
78 180 8
2 79 5
63 106 7
48 191 6
65 189 9
85 102 7
114 174 8
24 166 3
44 95 3
34 180 6
14 86 1
81 182 8
119 127 7
77 160 5
78 81 6
94 194 10
122 199 2
47 152 7
53 131 4
125 183 3
5 33 6
132 159 1
181 186 1
90 143 10
16 124 9
70 111 6
97 187 9
51 119 10
88 139 8
25 199 9
146 188 1
75 114 4
32 197 10
168 184 2
158 199 4
54 113 1
110 119 9
31 93 7
119 190 6
147 186 1
4 190 9
42 151 5
192 193 7
19 131 9
5 93 5
167 175 3
48 192 5
127 162 5
17 79 6
76 185 7
113 187 4
142 176 4
91 97 3
182 193 4
21 104 7
42 158 6
13 139 1
99 127 10
1 65 2
36 73 5
16 144 7
9 79 6
108 157 4
65 118 9
117 162 6
126 197 6
105 156 2
86 182 3
85 180 9
39 169 1
19 31 8
62 172 5
2 83 5
66 151 9
80 197 10
84 191 7
2 159 8
30 129 3
53 113 3
64 179 3
97 157 3
9 144 9
100 127 10
22 166 10
131 162 4
35 157 5
41 129 8
3 26 3
16 190 6
33 113 1
106 173 9
31 35 8
97 117 8
64 71 3
2 97 2
11 175 4
60 104 1
134 177 5
121 184 6
161 169 6
169 181 10
33 114 1
53 133 1
36 171 3
74 170 6
123 128 10
121 189 9
40 185 9
16 157 5
81 185 10
113 183 10
2 15 1
7 71 5
6 87 10
11 111 2
17 140 7
106 185 7
5 154 5
91 142 4
33 195 4
72 139 8
10 93 2
125 136 3
97 140 5
122 138 3
76 158 1
40 128 5
79 183 4
192 196 6
91 140 7
136 179 2
80 198 8
21 195 10
41 80 7
54 73 6
75 131 10
112 189 1
63 135 9
87 197 10
96 131 1
53 104 10
133 140 7
151 199 7
55 66 4
18 146 3
11 67 5
15 171 10
63 167 2
43 115 9
109 171 3
56 144 10
103 109 7
16 127 4
49 58 1
17 187 9
7 37 3
57 129 7
52 143 9
30 77 10
114 188 1
72 177 10
58 88 1
97 104 4
94 104 2
139 147 7
95 158 6
23 87 6
6 126 4
146 187 6
23 70 9
36 100 2
13 165 3
46 99 6
84 170 7
53 75 6
85 90 6
18 83 7
23 167 5
48 105 7
186 198 3
26 49 8
53 109 6
95 148 1
105 182 1
102 105 10
94 187 5
19 83 9
155 198 6
28 31 2
74 89 7
25 128 3
91 107 3
52 81 3
154 179 3
45 156 4
4 116 8
115 148 10
19 103 7
1 199 2
8 105 1
91 137 10
46 133 2
130 177 3
98 105 10
28 194 6
4 157 6
20 52 9
43 89 8
149 191 7
176 187 1
8 25 4
87 172 3
57 77 8
22 181 3
45 148 10
53 73 3
35 131 6
20 164 8
15 71 8
130 141 4
32 41 1
143 192 9
115 168 3
64 150 3
74 138 8
37 144 1
14 31 2
48 170 9
43 151 3
79 176 2
143 164 2
70 165 1
7 16 10
175 181 5
75 99 4
7 92 4
70 80 9
154 188 1
41 169 4
148 173 7
92 97 6
148 196 9
126 172 6
21 124 7
79 92 6
107 132 3
133 162 2
120 123 6
132 142 5
7 117 1
71 101 9
38 165 7
92 109 10
88 166 8
87 147 4
52 115 6
46 140 4
73 125 1
36 113 8
76 86 6
10 73 10
46 162 8
165 174 3
108 146 1
41 87 3
34 199 7
51 99 3
61 115 2
24 141 5
59 168 8
88 155 6
63 85 2
32 175 8
53 190 1
16 154 5
175 186 2
7 131 2
130 167 9
27 145 8
58 172 7
36 195 6
101 190 6
60 71 8
133 144 9
60 140 9
37 64 7
52 138 6
55 149 6
14 124 7
27 134 7
95 193 9
62 88 1
101 132 9
56 190 4
3 161 4
85 200 2
12 200 4
86 135 5
97 99 7
21 116 10
137 150 7
53 194 6
56 64 3
65 151 8
141 145 2
61 90 3
30 167 3
128 168 5
95 112 3
79 132 7
65 74 7
32 49 8
149 152 3
44 164 5
83 176 10
113 176 4
73 140 3
46 102 2
5 132 9
93 99 1
17 176 8
96 136 5
91 136 9
106 164 4
179 195 9
112 164 6
127 140 2
119 178 2
51 60 7
3 27 4
47 84 10
161 165 10
72 165 2
171 183 1
59 122 3
21 71 3
128 192 8
35 132 8
18 37 4
48 85 2
83 101 2
19 157 2
104 169 4
5 146 9
7 21 4
51 53 1
53 178 4
57 167 7
19 200 2
70 130 9
154 194 9
174 178 7
152 170 4
19 60 8
24 69 1
8 76 9
8 182 6
10 107 2
97 124 10
8 199 3
6 147 8
50 67 8
61 152 10
24 161 8
141 165 10
56 117 1
96 171 10
112 138 8
122 191 1
131 171 6
7 75 1
157 166 4
40 85 4
152 191 1
71 113 3
34 90 6
20 138 8
1 122 9
54 103 9
127 136 9
66 112 1
143 200 10
40 115 1
151 191 8
32 166 5
17 92 6
10 51 9
43 74 4
33 36 8
93 176 6
116 190 9
101 133 3
4 71 10
28 54 4
80 175 8
43 105 8
137 195 3
158 170 4
10 103 4
18 54 8
3 69 9
152 163 3
51 64 10
11 77 7
75 101 9
112 121 5
15 194 7
70 186 2
26 186 1
28 140 9
3 11 2
10 127 5
81 164 1
46 68 10
36 37 5
70 72 7
96 187 4
154 183 9
64 171 1
126 145 9
56 125 1
35 119 10
154 176 6
59 138 5
51 107 9
147 155 6
25 105 8
129 197 7
104 113 6
42 149 3
31 107 3
70 141 4
59 76 10
61 89 7
95 120 2
13 181 2
8 90 1
51 93 10
58 87 7
54 178 4
105 122 6
184 200 2
43 191 8
32 186 5
9 154 4
31 131 6
5 109 5
11 145 2
84 85 2
106 128 9
135 192 4
114 142 6
4 195 3
145 197 6
117 124 7
178 190 5
90 121 6
48 138 4
9 96 9
124 178 4
11 139 6
59 65 10
68 83 7
5 187 3
160 186 7
7 101 5
66 106 3
37 94 4
12 121 9
100 146 9
92 124 8
67 172 3
108 144 5
49 181 2
21 31 1
84 173 6
156 200 1
108 132 2
36 179 1
142 183 5
81 90 9
66 158 9
55 180 3
103 154 2
18 97 3
3 38 3
114 125 7
47 78 3
108 131 10
85 164 1
31 113 4
47 199 6
28 33 8
20 128 9
7 28 2
41 58 3
33 178 6
20 63 1
101 174 7
4 94 8
97 113 7
153 191 6
145 165 8
156 196 1
46 101 8
71 178 7
5 31 3
90 170 3
93 97 6
115 182 2
104 125 4
13 38 8
93 194 4
16 176 7
95 121 7
18 31 4
161 175 10
130 181 7
24 88 7
37 99 3
78 152 7
43 185 10
27 49 10
79 97 8
29 152 9
84 143 8
82 193 10
145 177 7
35 56 10
27 167 2
127 171 4
44 173 9
26 198 1
75 176 7
30 58 1
46 123 2
126 139 2
105 196 8
68 100 10
127 178 7
33 108 5
112 115 3
8 41 1
27 88 10
68 174 2
21 60 10
100 110 3
53 144 4
31 96 9
161 186 6
9 142 9
171 178 9
97 176 6
180 193 1
71 124 1
73 101 10
94 131 6
129 167 5
103 171 4
83 195 2
94 136 8
38 67 4
13 69 9
96 97 6
45 192 8
92 107 9
3 58 2
4 68 4
130 155 1
15 132 9
2 194 9
122 189 3
169 197 5
112 156 2
60 93 10
20 55 6
13 161 8
99 113 3
41 160 2
3 32 4
108 142 2
19 21 7
44 65 4
6 161 4
19 174 2
84 164 8
98 163 3
103 133 6
43 158 8
33 68 3
26 141 1
54 96 3
98 164 2
156 199 7
78 168 10
61 184 2
81 123 3
60 146 7
54 195 2
39 145 7
5 150 6
42 112 5
94 162 5
2 146 3
140 146 7
15 31 8
134 169 5
98 200 6
20 85 8
125 140 2
14 110 5
142 150 10
14 100 2
113 131 10
91 124 4
137 157 7
34 149 5
98 182 6
69 111 3
49 161 6
115 118 3
22 134 3
56 132 3
41 198 8
89 189 1
10 117 5
38 172 7
67 77 10
52 84 7
126 186 6
125 174 8
142 179 8
117 174 1
8 200 2
34 112 2
53 136 10
40 161 2
30 130 10
33 162 10
121 200 1
78 170 4
143 173 6
73 131 6
116 174 5
79 187 4
114 190 10
168 180 7
35 162 5
40 63 1
134 175 3
26 62 6
21 194 10
154 162 6
40 138 2
122 168 2
8 128 10
91 144 4
138 200 5
48 120 3
34 86 4
119 194 4
100 103 5
97 146 6
96 159 2
90 185 1
107 190 9
20 182 1
37 159 7
46 60 4
47 164 4
14 37 3
116 176 1
121 151 4
93 146 6
60 101 4
35 91 8
95 152 1
71 116 9
97 107 8
91 108 6
129 139 6
67 197 2
81 106 7
76 113 1
61 78 7
60 159 1
77 155 5
5 113 6
170 189 10
19 142 8
86 192 9
15 93 10
165 169 10
175 177 1
31 94 8
69 197 2
130 147 6
19 91 6
13 26 1
63 123 7
35 110 10
14 159 8
14 176 10
96 116 6
34 189 2
88 186 9
108 117 5
102 185 9
31 46 6
181 182 7
109 146 4
2 53 5
17 18 5
52 170 6
76 156 4
54 75 2
135 149 6
75 113 4
113 157 2
158 180 3
18 21 3
4 19 9
21 142 3
155 196 6
95 135 5
104 162 10
9 117 3
35 171 6
58 160 10
46 109 7
79 100 3
35 54 2
114 127 7
32 177 10
8 148 8
40 156 1
22 70 9
74 143 4
28 104 10
146 176 6
46 157 9
35 144 1
165 198 3
51 190 1
120 122 2
145 186 7
91 92 6
34 182 8
11 80 3
107 116 8
17 68 10
37 116 7
81 121 9
3 87 4
112 191 6
62 152 2
90 192 10
80 177 1
134 145 4
7 190 5
136 171 2
12 44 1
67 141 2
21 113 3
77 141 9
20 191 6
125 157 2
38 147 3
15 116 10
93 101 10
24 39 5
68 176 7
24 167 10
70 161 2
146 179 7
34 55 2
122 163 4
23 80 9
85 138 6
126 161 5
6 186 4
28 116 3
7 31 8
13 24 9
114 144 5
27 77 6
93 144 7
8 89 9
43 78 2
47 66 2
184 185 1
166 172 3
50 80 9
25 65 3
45 185 3
15 110 10
31 60 6
101 171 4
129 134 1
109 119 4
184 191 1
29 47 9
33 142 10
2 37 10
125 162 8
120 196 7
2 116 6
94 101 5
8 78 6
45 104 2
87 166 3
109 195 5
75 96 10
85 189 10
64 195 4
96 144 9
82 182 6
93 127 5
59 118 1
6 197 3
70 126 2
46 176 4
141 155 3
20 40 7
98 122 10
140 188 10
101 131 4
4 16 5
115 135 3
23 134 4
15 60 6
92 171 8
4 124 3
58 80 2
29 158 8
69 181 9
5 144 2
75 194 1
75 190 3
63 192 5
78 184 9
9 157 3
73 83 3
51 73 7
84 153 6
185 191 2
51 183 1
102 156 5
10 114 5
9 75 1
56 91 10
16 99 5
10 194 7
10 146 3
14 28 3
81 151 4
44 106 6
88 169 6
65 196 8
68 73 4
16 179 9
103 119 9
59 98 1
8 168 2
71 93 7
36 68 2
98 173 2
112 180 10
22 186 10
16 195 3
86 164 5
107 142 5
134 160 3
17 104 5
102 193 2
4 103 8
1 90 9
91 103 9
60 144 8
139 145 8
123 185 4
21 127 7
190 195 4
140 162 4
13 198 7
3 175 8
2 107 6
107 119 2
155 181 10
26 80 6
119 195 4
17 117 9
29 118 5
78 115 9
6 58 4
37 140 10
60 162 3
64 144 4
19 136 2
16 73 5
83 146 9
55 152 1
21 96 6
32 119 1
96 154 6
83 103 3
59 175 4
61 182 3
147 175 1
12 112 8
47 170 6
92 117 5
86 128 4
46 51 8
59 102 6
118 170 7
105 106 1
114 117 4
55 158 10
36 150 6
5 51 5
35 92 5
93 150 3
46 124 3
85 191 8
91 96 2
63 185 9
131 150 7
143 170 5
157 194 9
26 38 5
43 192 1
156 189 6
62 155 10
149 200 3
127 137 2
42 84 2
5 16 7
135 180 5
104 109 8
112 153 10
30 87 1
62 167 10
4 75 3
85 199 6
95 182 6
34 61 9
67 147 9
61 121 1
177 197 8
136 154 1
60 176 10
121 191 8
65 170 1
125 190 5
30 32 10
73 92 5
176 190 7
22 155 10
52 55 1
71 195 4
155 177 10
89 152 7
33 56 3
86 173 1
137 174 4
91 125 4
138 151 1
79 119 5
64 125 3
108 176 8
83 142 6
16 33 1
75 94 9
13 32 10
87 139 4
44 105 7
113 146 6
48 148 6
159 188 2
56 136 9
69 169 1
16 136 1
31 53 6
93 136 1
57 67 5
137 176 2
124 171 8
122 193 3
83 187 5
27 58 9
101 183 10
36 176 10
127 187 3
37 73 3
30 166 2
1 66 10
110 142 3
1 106 3
7 33 3
51 157 5
66 98 10
104 116 10
132 133 2
21 79 3
143 189 4
182 199 4
4 127 3
54 179 9
46 153 1
69 172 1
14 35 8
78 185 9
35 176 6
36 137 7
40 189 6
1 29 7
109 124 4
49 167 3
92 187 2
146 195 8
26 30 3
157 187 10
22 30 1
56 178 6
73 188 8
56 171 7
17 178 10
36 132 1
78 193 4
5 136 4
108 150 2
26 177 9
51 83 5
69 198 2
56 109 7
92 144 10
111 161 3
84 182 7
82 106 9
108 195 1
159 195 3
25 52 1
6 27 2
94 124 3
110 183 10
78 196 8
132 183 7
4 37 5
37 91 1
1 34 4
13 57 6
17 194 4
40 74 1
136 175 5
36 64 8
105 135 8
44 45 2
117 176 10
58 136 2
17 94 9
78 98 10
84 168 3
38 62 10
51 94 5
85 89 1
46 132 5
8 163 6
13 175 5
82 120 1
17 137 3
21 109 6
52 89 9
10 109 5
11 141 1
7 140 3
85 168 7
53 140 2
5 97 3
116 140 8
156 170 7
46 94 6
85 170 1
17 154 4
23 67 2
140 150 9
92 104 6
100 117 8
98 185 4
11 88 10
74 84 3
57 80 2
81 84 8
29 153 10
50 155 1
37 104 2
67 72 4
31 137 7
140 178 5
6 26 7
99 116 10
32 80 2
119 136 8
10 14 9
78 128 3
72 145 5
137 162 10
42 45 3
130 145 1
53 127 6
132 178 4
15 37 7
76 148 4
16 108 4
47 52 8
90 149 4
2 100 4
25 82 5
73 110 6
115 192 8
43 90 5
55 189 6
27 44 1
59 189 3
31 144 8
60 125 10
10 92 10
161 167 10
65 122 7
82 123 9
42 121 5
149 189 9
67 166 2
73 132 5
17 127 4
60 179 5
15 114 5
142 171 8
35 96 2
61 122 2
82 121 1
20 81 10
33 60 3
36 96 10
56 140 2
13 160 5
43 173 10
31 119 3
48 158 3
38 169 8
63 66 3
115 189 6
15 16 5
8 29 10
193 196 10
118 156 10
30 198 3
79 190 4
55 163 4
128 148 2
88 126 7
59 128 6
16 94 8
166 169 8
108 124 9
43 149 2
94 117 9
53 103 8
120 170 10
8 74 9
143 158 3
158 182 9
100 109 1
100 176 6
114 146 9
20 76 10
15 187 9
92 132 2
7 14 1
109 117 4
95 102 4
14 190 10
130 197 10
168 193 3
49 88 9
96 174 5
76 143 10
152 185 8
62 111 3
77 175 9
96 176 9
9 68 2
42 106 8
20 34 10
118 135 4
38 77 3
57 181 9
185 193 2
49 172 4
65 152 1
47 135 6
35 188 2
108 190 2
111 126 8
99 119 5
99 160 1
121 173 6
60 117 7
88 172 9
66 135 3
99 142 3
6 167 8
114 124 2
91 154 8
8 86 1
15 133 10
36 125 3
25 48 8
82 118 8
129 166 6
88 111 3
163 200 1
93 117 9
176 195 1
5 171 2
61 153 1
59 74 1
127 157 6
12 189 2
34 81 7
65 128 9
4 144 9
89 163 10
45 182 7
33 51 8
56 83 7
4 56 6
122 170 7
77 189 8
139 160 6
28 83 3
33 35 5
14 136 9
78 82 7
121 158 5
30 72 3
167 186 4
10 162 6
11 129 1
52 196 1
41 166 10
102 120 9
71 179 8
4 5 9
137 188 10
79 109 7
66 182 2
22 88 4
82 189 7
83 188 6
118 121 9
9 100 5
10 113 8
67 87 2
67 111 6
9 195 8
55 121 3
14 187 6
82 149 9
84 98 10
36 117 9
20 43 1
87 120 1
133 159 8
9 73 1
8 69 2
110 144 8
135 151 10
131 132 4
61 137 1
11 13 5
1 43 4
5 108 8
134 181 1
66 196 2
56 73 2
5 21 10
104 108 1
108 113 10
78 95 5
41 130 7
89 192 3
51 71 2
2 101 2
6 155 9
39 129 8
128 152 2
152 182 10
63 112 8
34 78 3
36 174 8
19 33 9
36 92 10
114 176 4
44 85 8
76 191 2
7 154 5
16 183 9
36 162 5
99 154 8
44 74 2
52 118 1
41 57 2
129 145 2
19 178 1
36 146 3
28 119 2
113 137 4
64 174 2
55 122 6
182 185 7
12 148 3
80 126 7
174 176 6
99 101 10
1 180 7
10 140 8
94 123 2
33 103 1
4 17 2
116 157 1
122 148 7
96 150 4
7 35 8
23 129 4
95 98 10
29 84 10
42 78 7
23 145 5
47 138 10
7 68 1
2 21 7
28 37 3
18 33 9
61 65 7
193 200 1
25 29 6
137 159 9
104 195 7
71 132 2
43 76 2
80 145 4
52 105 9
89 200 2
100 190 5
11 39 7
2 162 10
68 119 10
22 87 10
41 161 10
145 176 7
21 68 2
15 108 10
23 111 3
22 160 5
1 85 5
4 140 3
42 153 4
92 179 2
99 137 7
144 162 7
127 146 6
128 158 9
104 154 8
7 79 8
47 122 6
3 30 8
48 98 10
3 134 10
14 154 7
7 162 8
180 189 6
65 102 7
37 154 10
8 59 5
15 113 9
45 48 10
21 94 1
77 169 1
172 175 9
37 174 9
53 171 3
92 162 8
87 165 4
21 54 5
25 196 9
84 118 1
86 153 6
46 125 8
192 200 1
106 170 2
50 77 5
123 158 2
116 188 10
11 197 3
97 131 2
107 133 3
139 161 1
37 131 1
166 198 8
53 174 1
148 182 3
115 180 7
110 176 1
78 153 9
63 89 4
11 186 6
102 148 1
91 109 10
93 113 6
27 166 6
8 40 6
80 190 1
2 75 4
166 167 6
105 199 1
63 189 8
92 142 9
18 183 9
138 185 8
72 161 4
91 117 10
93 140 9
149 170 2
143 168 7
47 76 4
67 134 6
18 162 10
93 178 5
17 108 4
107 108 9
47 143 10
22 175 8
79 83 4
20 156 10
59 95 8
105 170 7
125 188 8
23 62 1
33 188 1
2 73 10
79 162 8
99 133 3
68 104 1
63 173 8
28 183 7
12 20 4
5 133 8
28 157 4
109 131 6
79 127 6
124 132 9
40 191 10
56 99 3
156 180 2
64 92 1
34 106 4
42 59 3
10 18 5
117 179 3
16 103 8
15 125 8
137 182 2
6 22 1
38 186 2
10 116 8
34 185 2
62 130 10
29 163 4
33 46 5
31 36 1
113 162 7
34 193 8
46 64 8
11 41 10
77 80 4
69 147 3
49 177 9
86 184 5
52 193 6
46 73 5
36 79 4
8 43 2
48 189 7
42 152 8
113 117 1
42 196 6
39 88 7
94 142 3
18 101 2
58 139 8
61 105 1
84 128 9
145 167 7
37 114 10
125 171 7
159 171 6
103 142 8
54 114 6
145 147 2
44 90 1
60 154 7
77 186 9
2 51 6
184 189 4
118 149 7
16 54 2
98 199 2
21 103 6
111 145 4
2 157 1
113 136 10
162 195 5
62 175 2
112 196 1
47 184 8
88 161 10
12 143 6
131 176 6
15 54 8
106 138 2
50 145 4
77 130 4
108 162 4
41 155 10
5 68 2
106 184 4
2 10 10
84 86 6
49 80 6
17 73 2
84 123 3
70 160 9
158 163 6
7 83 3
104 132 6
77 165 9
112 182 6
126 165 2
118 193 3
43 120 7
22 77 8
67 165 5
17 174 2
25 158 4
54 146 10
122 173 10
54 159 5
98 120 3
79 141 6
6 49 7
112 148 7
29 112 7
3 197 7
81 86 1
125 172 1
56 119 7
55 151 10
13 145 6
43 128 9
37 51 3
79 104 6
24 176 4
1 168 5
42 191 3
109 110 10
90 135 8
125 131 2
2 119 1
77 177 5
18 144 3
23 175 8
61 196 1
159 183 3
2 176 5
85 118 8
18 73 1
174 188 1
3 13 4
45 105 8
70 155 8
158 193 3
170 182 4
84 152 10
68 142 9
100 157 5
132 179 7
97 127 2
68 79 10
149 192 3
40 95 9
35 133 9
110 146 8
22 129 6
20 135 6
57 87 8
103 190 7
40 65 2
48 90 9
65 148 3
17 28 7
119 124 5
75 125 4
114 131 4
74 193 1
91 188 9
5 183 5
110 140 4
95 164 3
182 191 3
71 136 8
19 28 4
145 172 5
13 166 8
53 124 1
179 187 6
20 122 7
144 178 2
54 183 1
33 117 1
49 186 2
17 51 3
85 152 7
43 189 1
62 186 8
138 149 5
63 191 10
124 125 5
78 122 10
23 32 10
42 164 8
2 16 9
128 180 9
41 139 10
131 174 8
42 120 3
25 123 2
15 56 7
51 56 6
54 176 8
26 67 8
118 191 10
117 150 1
2 46 9
9 54 3
137 154 10
44 121 1
22 161 8
159 190 4
38 145 5
103 174 4
96 179 10
99 114 8
6 169 9
157 159 4
183 188 3
2 178 8
8 193 5
105 193 10
76 81 6
66 85 1
7 133 7
43 200 4
132 174 6
24 175 7
161 198 5
115 163 3
46 137 1
131 159 5
99 188 4
121 199 5
176 183 9
160 182 1
2 188 7
35 146 7
109 133 4
2 140 10
44 102 7
129 141 3
162 188 3
72 160 6
130 165 1
26 77 10
83 174 9
100 154 1
115 193 3
92 114 5
123 182 3
43 168 2
37 53 3
100 142 1
141 177 9
47 95 5
144 159 9
19 194 6
123 153 9
38 167 5
10 56 2
91 101 8
4 64 7
34 122 6
139 181 3
121 196 1
96 183 3
52 182 7
51 133 1
68 146 10
169 186 10
55 115 9
4 107 1
159 162 8
97 101 5
25 148 4
76 98 4
165 197 7
23 49 5
7 171 6
113 150 7
19 114 8
37 127 7
2 124 3
101 117 7
89 170 7
17 60 1
14 93 4
16 83 1
69 166 9
97 144 6
57 126 2
57 130 10
82 151 9
123 164 3
59 153 7
63 78 9
183 187 6
19 176 1
60 119 6
15 53 5
25 76 10
16 100 4
118 153 9
83 178 5
89 193 10
148 185 2
28 176 8
94 127 1
21 37 2
20 120 4
62 80 3
110 132 9
11 32 4
138 184 4
54 190 10
155 169 2
61 180 3
8 135 7
51 97 3
85 105 5
28 101 7
68 178 10
108 171 4
80 134 4
16 109 10
111 130 8
28 131 2
21 162 9
3 141 9
58 169 3
53 137 8
86 193 9
56 142 1
2 183 6
46 114 3
86 90 2
63 196 7
20 59 1
46 195 8
136 157 8
1 135 5
93 137 1
172 186 7
28 195 1
58 177 8
20 153 2
40 193 4
73 107 8
14 131 6
145 155 5
9 46 7
19 35 8
30 80 3
39 49 1
51 114 7
62 145 5
110 194 2
38 181 10
