0.000000000 -0.000000000
0.000000000 0.000000000
0.000000000 -0.000000000
0.000000000 0.000000000
0.000000000 -0.000000000
0.000000000 0.000000000
0.000000000 0.000000000
0.000000000 0.000000000
0.260010858 1.188696000
0.000000000 0.000000000
0.000000000 -0.000000000
0.000000000 0.000000000
0.000000000 0.000000000
0.058261926 1.132176000
0.000000000 0.000000000
0.000000000 0.000000000
0.000000000 -0.000000000
0.000000000 0.000000000
0.000000000 0.000000000
0.000000000 0.000000000
0.000000000 0.000000000
0.000000000 -0.000000000
0.000000000 -0.000000000
0.000000000 0.000000000
0.000000000 0.000000000
0.000000000 0.000000000
0.000000000 0.000000000
0.000000000 0.000000000
0.000000000 0.000000000
0.000000000 -0.000000000
0.289141821 3.188696000
0.000000000 -0.000000000
0.000000000 0.000000000
0.000000000 0.000000000
0.000000000 0.000000000
0.000000000 0.000000000
0.000000000 0.000000000
0.000000000 -0.000000000
0.000000000 0.000000000
0.000000000 0.622608000
0.000000000 0.000000000
0.000000000 0.000000000
-0.020143246 -0.453048000
0.000000000 0.000000000
0.118797155 0.000000000
0.000000000 -0.000000000
0.000000000 0.000000000
0.000000000 0.000000000
0.156915836 1.301736000
0.000000000 -0.000000000
0.000000000 0.000000000
0.000000000 0.000000000
0.000000000 0.000000000
0.000000000 0.000000000
0.000000000 -0.000000000
0.000000000 0.000000000
0.000000000 0.000000000
0.000000000 0.000000000
0.000000000 -1.622608000
0.000000000 -0.000000000
-0.044833096 -0.000000000
0.000000000 2.433912000
0.000000000 0.000000000
0.000000000 0.000000000
0.000000000 0.000000000
0.000000000 -0.000000000
0.000000000 0.000000000
0.000000000 0.000000000
0.000000000 0.000000000
0.000000000 0.000000000
0.000000000 -0.377392000
0.000000000 0.000000000
0.000000000 0.000000000
0.000000000 0.000000000
0.000000000 0.000000000
-0.006714415 -0.754784000
0.000000000 -0.000000000
0.000000000 0.000000000
0.000000000 -0.000000000
0.000000000 0.000000000
-0.026963153 -6.773032000
0.000000000 0.000000000
0.000000000 -0.000000000
0.000000000 -0.000000000
0.000000000 0.000000000
-0.087392890 -0.264352000
0.000000000 0.000000000
0.000000000 2.245216000
0.029130963 0.132176000
0.000000000 0.000000000
0.000000000 -0.000000000
0.000000000 0.000000000
0.000000000 0.000000000
0.000000000 0.000000000
0.000000000 0.000000000
0.000000000 0.000000000
0.000000000 0.000000000
0.000000000 0.000000000
-0.141213703 -0.943480000
-0.118797155 0.000000000
0.000000000 0.000000000
0.000000000 0.000000000
0.000000000 0.000000000
0.000000000 0.000000000
0.000000000 0.000000000
0.000000000 -0.000000000
0.000000000 0.000000000
0.000000000 0.000000000
0.000000000 0.000000000
0.000000000 0.000000000
0.000000000 0.000000000
0.000000000 0.000000000
0.000000000 0.000000000
0.000000000 -0.000000000
0.000000000 -0.000000000
0.000000000 0.000000000
0.000000000 0.000000000
-0.170344666 -1.000000000
0.000000000 0.000000000
0.000000000 0.000000000
0.000000000 0.000000000
0.000000000 -0.000000000
0.000000000 0.000000000
0.000000000 -0.000000000
0.000000000 -0.000000000
0.000000000 0.000000000
0.000000000 0.000000000
0.000000000 0.000000000
0.000000000 0.000000000
-0.022416548 -0.000000000
0.000000000 0.000000000
0.000000000 0.000000000
0.000000000 0.000000000
0.000000000 0.000000000
0.000000000 0.000000000
0.000000000 0.000000000
0.000000000 0.000000000
0.000000000 0.000000000
0.000000000 0.000000000
0.000000000 0.000000000
0.000000000 0.000000000
0.000000000 0.811304000
0.000000000 0.000000000
0.000000000 0.000000000
0.022416548 0.000000000
0.000000000 -0.000000000
0.000000000 0.000000000
0.000000000 0.000000000
0.000000000 -0.000000000
0.000000000 -0.000000000
0.000000000 0.000000000
0.000000000 0.000000000
0.000000000 0.000000000
0.000000000 -0.000000000
0.000000000 0.000000000
0.000000000 0.000000000
0.000000000 0.000000000
0.000000000 -0.188696000
0.000000000 0.000000000
0.000000000 0.000000000
0.000000000 1.000000000
0.000000000 -0.000000000
0.000000000 0.000000000
0.000000000 -0.000000000
0.000000000 0.000000000
0.000000000 0.000000000
0.000000000 -0.000000000
0.000000000 0.000000000
-0.302570652 -3.453048000
0.000000000 0.000000000
0.000000000 0.000000000
0.000000000 0.000000000
0.000000000 0.000000000
0.000000000 0.000000000
0.000000000 0.000000000
0.000000000 -0.000000000
0.000000000 -0.000000000
0.000000000 0.000000000
-0.022416548 -1.188696000
0.000000000 0.000000000
0.000000000 -0.000000000
0.000000000 0.000000000
0.000000000 0.000000000
0.324987200 0.830440000
0.000000000 0.000000000
0.000000000 0.000000000
0.000000000 0.000000000
0.000000000 0.000000000
0.000000000 0.000000000
0.000000000 0.000000000
0.000000000 0.000000000
0.000000000 0.000000000
0.000000000 0.000000000
0.000000000 0.000000000
0.000000000 0.000000000
0.000000000 -0.000000000
0.000000000 -0.000000000
0.000000000 0.000000000
0.000000000 0.000000000
0.000000000 0.188696000
0.000000000 0.000000000
0.000000000 -0.000000000
0.000000000 0.000000000
0.000000000 0.000000000
0.000000000 0.000000000
0.000000000 -0.000000000
0.000000000 -0.000000000
0.000000000 0.000000000
0.000000000 0.000000000
0.000000000 0.000000000
0.000000000 0.000000000
0.000000000 -0.000000000
0.000000000 0.000000000
0.000000000 0.000000000
0.000000000 -2.000000000
0.000000000 0.000000000
0.000000000 0.000000000
0.000000000 0.000000000
0.000000000 -0.000000000
0.000000000 5.000000000
0.000000000 0.000000000
0.000000000 -0.000000000
0.000000000 0.000000000
0.000000000 0.000000000
0.038118681 2.679128000
0.000000000 0.000000000
0.000000000 0.000000000
0.000000000 0.000000000
0.000000000 0.000000000
0.000000000 -0.811304000
0.000000000 -0.000000000
0.000000000 -0.000000000
0.000000000 0.000000000
0.000000000 0.000000000
0.000000000 0.000000000
0.000000000 -0.000000000
0.000000000 0.000000000
0.000000000 0.000000000
0.000000000 0.000000000
0.000000000 -0.000000000
0.000000000 -0.000000000
0.000000000 0.000000000
0.000000000 -0.000000000
0.000000000 0.000000000
0.000000000 0.000000000
0.000000000 0.000000000
0.000000000 0.000000000
0.141213703 2.811304000
0.000000000 0.000000000
0.000000000 -0.000000000
0.000000000 -0.000000000
0.000000000 0.000000000
0.000000000 0.000000000
0.000000000 0.000000000
0.000000000 0.000000000
0.000000000 0.000000000
0.000000000 0.000000000
0.000000000 0.000000000
0.000000000 0.000000000
0.000000000 -0.000000000
0.000000000 0.000000000
0.000000000 0.000000000
0.000000000 0.000000000
0.000000000 0.000000000
0.000000000 0.000000000
0.000000000 -0.000000000
0.000000000 0.000000000
0.000000000 0.000000000
0.000000000 0.000000000
0.000000000 0.000000000
0.000000000 0.000000000
0.000000000 0.000000000
0.000000000 -0.000000000
0.000000000 0.000000000
-0.192761214 -1.811304000
0.000000000 -0.000000000
0.000000000 -0.000000000
0.000000000 0.000000000
0.073964059 1.000000000
0.000000000 0.000000000
0.118797155 2.433912000
0.000000000 0.000000000
0.000000000 0.000000000
0.000000000 -0.000000000
0.000000000 -7.000000000
0.000000000 0.000000000
0.000000000 0.000000000
0.000000000 -0.000000000
-0.022416548 0.000000000
0.000000000 0.000000000
0.000000000 0.000000000
0.000000000 0.000000000
0.000000000 5.000000000
0.000000000 0.000000000
0.000000000 0.000000000
0.000000000 0.000000000
0.000000000 0.000000000
0.000000000 2.000000000
0.000000000 0.000000000
0.000000000 -0.000000000
0.000000000 -0.000000000
0.000000000 0.000000000
0.000000000 0.000000000
0.000000000 0.000000000
0.000000000 0.000000000
0.000000000 0.000000000
0.000000000 -0.000000000
0.000000000 -0.000000000
0.000000000 0.000000000
0.000000000 0.000000000
0.000000000 0.000000000
0.000000000 0.000000000
0.000000000 -0.188696000
0.000000000 -0.000000000
0.000000000 0.000000000
0.324987200 4.698264000
0.000000000 0.000000000
0.000000000 0.000000000
0.000000000 0.000000000
0.000000000 -0.000000000
0.000000000 0.000000000
0.000000000 0.000000000
0.000000000 0.000000000
0.000000000 -0.000000000
0.000000000 -1.245216000
0.000000000 -0.000000000
0.000000000 0.000000000
0.448330959 1.226080000
0.000000000 0.000000000
0.000000000 0.000000000
0.000000000 0.000000000
0.000000000 0.000000000
0.000000000 0.000000000
0.000000000 0.000000000
-0.029130963 -0.188696000
0.000000000 0.000000000
0.000000000 -1.000000000
0.000000000 -0.000000000
0.000000000 0.000000000
0.000000000 0.000000000
0.000000000 -0.000000000
0.000000000 0.000000000
0.000000000 -0.000000000
-0.087392890 -2.509568000
0.000000000 0.000000000
0.000000000 8.000000000
0.000000000 0.000000000
0.000000000 0.000000000
0.000000000 0.000000000
0.000000000 0.000000000
0.000000000 0.000000000
0.000000000 0.000000000
0.000000000 0.000000000
0.000000000 0.000000000
0.000000000 0.000000000
0.000000000 0.000000000
0.000000000 0.000000000
0.000000000 1.000000000
0.000000000 0.000000000
0.000000000 0.000000000
0.000000000 0.000000000
0.000000000 0.000000000
0.000000000 0.000000000
0.000000000 -0.000000000
0.000000000 0.000000000
0.000000000 0.000000000
0.000000000 0.000000000
0.000000000 0.000000000
0.000000000 2.377392000
0.000000000 0.000000000
0.000000000 0.000000000
0.000000000 -0.000000000
0.000000000 0.000000000
0.000000000 0.000000000
0.000000000 0.000000000
0.000000000 2.000000000
0.000000000 0.000000000
0.000000000 0.000000000
0.000000000 0.000000000
0.000000000 0.000000000
0.000000000 0.000000000
0.000000000 0.000000000
0.000000000 0.000000000
0.000000000 0.000000000
0.000000000 0.000000000
0.000000000 0.000000000
0.000000000 -2.000000000
0.000000000 0.000000000
0.000000000 0.000000000
0.125511570 2.754784000
0.000000000 0.000000000
0.000000000 0.000000000
0.000000000 -0.000000000
0.000000000 0.000000000
0.000000000 0.000000000
0.000000000 -0.000000000
0.000000000 0.000000000
0.000000000 0.000000000
0.000000000 0.000000000
0.000000000 -0.000000000
0.000000000 0.000000000
0.000000000 -0.000000000
0.000000000 0.000000000
0.000000000 0.000000000
0.000000000 0.000000000
0.000000000 -0.000000000
0.000000000 0.000000000
0.000000000 0.000000000
0.302570652 1.453048000
0.000000000 0.000000000
0.000000000 -1.622608000
0.000000000 0.000000000
0.000000000 0.000000000
0.000000000 -0.000000000
0.000000000 0.000000000
0.000000000 0.000000000
0.000000000 0.000000000
0.000000000 0.000000000
0.000000000 0.000000000
0.000000000 0.000000000
0.000000000 0.000000000
0.000000000 0.000000000
0.000000000 0.000000000
0.000000000 0.000000000
0.000000000 0.000000000
0.000000000 0.000000000
0.000000000 0.000000000
0.000000000 0.000000000
0.000000000 0.000000000
0.000000000 -4.245216000
0.000000000 0.000000000
0.000000000 0.000000000
0.000000000 0.000000000
0.000000000 0.000000000
0.000000000 0.000000000
0.000000000 0.000000000
0.000000000 0.000000000
0.000000000 0.000000000
0.000000000 0.000000000
0.000000000 0.000000000
0.000000000 0.000000000
0.000000000 0.000000000
0.000000000 0.000000000
0.000000000 0.000000000
0.096380607 0.000000000
0.000000000 0.000000000
0.000000000 0.000000000
0.000000000 0.000000000
0.000000000 0.000000000
0.000000000 -0.000000000
0.000000000 0.000000000
0.000000000 0.000000000
0.000000000 0.000000000
0.000000000 0.000000000
0.000000000 0.000000000
0.000000000 0.000000000
0.000000000 0.000000000
0.000000000 0.000000000
-0.022416548 -0.000000000
0.000000000 0.000000000
0.000000000 0.000000000
0.000000000 0.000000000
0.000000000 0.000000000
0.000000000 0.000000000
-0.064976342 -0.641744000
0.000000000 0.000000000
0.000000000 0.000000000
0.000000000 0.000000000
0.000000000 0.000000000
0.000000000 0.000000000
0.000000000 0.000000000
0.000000000 0.000000000
-0.109809437 -3.264352000
0.000000000 0.000000000
0.000000000 0.000000000
0.000000000 0.000000000
0.000000000 0.000000000
0.000000000 0.000000000
0.000000000 -0.000000000
0.000000000 0.000000000
0.000000000 5.000000000
-0.022416548 0.000000000
0.000000000 -0.000000000
0.000000000 -2.000000000
0.000000000 -0.000000000
0.000000000 -1.000000000
0.000000000 0.000000000
0.000000000 0.000000000
0.000000000 0.000000000
0.000000000 0.000000000
0.000000000 0.000000000
-0.089666192 -1.056520000
0.000000000 0.000000000
0.000000000 0.000000000
0.000000000 -0.000000000
0.000000000 0.000000000
0.000000000 0.000000000
0.000000000 0.000000000
0.000000000 0.000000000
0.000000000 0.000000000
0.000000000 0.000000000
0.000000000 0.000000000
0.000000000 1.000000000
0.000000000 0.000000000
0.000000000 0.000000000
0.000000000 0.000000000
0.000000000 0.000000000
0.000000000 0.000000000
0.000000000 0.000000000
0.000000000 0.000000000
0.000000000 0.000000000
0.000000000 0.000000000
0.000000000 0.000000000
0.000000000 0.000000000
0.000000000 0.000000000
0.000000000 0.000000000
0.000000000 0.000000000
0.000000000 -0.000000000
0.000000000 0.000000000
0.000000000 0.000000000
-0.013428830 -0.698264000
0.000000000 0.188696000
0.000000000 0.000000000
0.000000000 -0.000000000
0.000000000 -0.000000000
0.000000000 0.000000000
0.000000000 0.000000000
0.000000000 0.000000000
0.000000000 0.000000000
0.000000000 0.000000000
0.000000000 0.000000000
0.038118681 2.301736000
0.000000000 -0.000000000
0.000000000 0.000000000
0.000000000 0.000000000
0.000000000 -0.000000000
0.000000000 0.000000000
0.000000000 0.000000000
0.000000000 0.000000000
0.000000000 0.000000000
0.000000000 0.000000000
0.000000000 -0.000000000
0.000000000 0.000000000
0.000000000 0.000000000
0.000000000 -0.000000000
-0.064976342 -1.453048000
0.000000000 0.000000000
0.000000000 -0.811304000
0.000000000 0.000000000
0.000000000 0.000000000
0.000000000 -0.000000000
0.000000000 0.000000000
0.000000000 -0.000000000
0.000000000 -0.000000000
0.000000000 -0.000000000
0.000000000 0.000000000
0.000000000 -0.000000000
0.000000000 0.000000000
0.000000000 0.000000000
0.022416548 0.622608000
0.000000000 0.000000000
0.000000000 -0.000000000
0.044833096 2.433912000
0.000000000 0.000000000
0.000000000 0.000000000
0.000000000 0.000000000
0.000000000 0.000000000
0.000000000 0.000000000
0.000000000 -0.000000000
0.000000000 -0.000000000
0.096380607 2.188696000
0.000000000 0.000000000
0.000000000 0.000000000
0.000000000 0.000000000
0.022416548 2.490432000
0.000000000 0.000000000
0.000000000 0.000000000
0.000000000 -0.000000000
0.000000000 0.000000000
0.000000000 0.000000000
0.000000000 0.000000000
0.000000000 -0.000000000
0.000000000 0.000000000
0.000000000 0.000000000
0.000000000 0.000000000
0.000000000 -2.000000000
0.000000000 0.000000000
0.000000000 -1.000000000
0.000000000 0.000000000
0.022416548 0.000000000
0.000000000 0.000000000
0.000000000 0.000000000
0.051547511 3.188696000
0.000000000 0.000000000
0.000000000 0.000000000
0.000000000 0.000000000
0.000000000 0.000000000
0.000000000 0.000000000
0.000000000 -0.000000000
0.000000000 0.000000000
0.000000000 0.000000000
0.000000000 2.000000000
0.044833096 2.622608000
0.000000000 0.000000000
0.000000000 0.000000000
0.000000000 -0.000000000
0.000000000 0.000000000
0.000000000 0.000000000
0.000000000 0.000000000
0.000000000 0.000000000
0.000000000 -0.000000000
0.000000000 0.000000000
0.000000000 0.000000000
0.000000000 0.000000000
0.000000000 0.000000000
0.000000000 0.000000000
0.000000000 -0.000000000
0.000000000 -0.000000000
0.000000000 -0.000000000
0.000000000 0.000000000
0.000000000 -0.000000000
0.073964059 0.000000000
0.000000000 0.000000000
0.000000000 1.000000000
0.000000000 -0.000000000
0.000000000 0.000000000
0.000000000 0.000000000
0.000000000 0.000000000
0.000000000 0.000000000
-0.073964059 -3.245216000
0.000000000 0.000000000
0.029130963 1.377392000
0.000000000 0.000000000
0.000000000 -0.000000000
0.000000000 0.000000000
0.000000000 0.000000000
0.000000000 0.000000000
0.000000000 -0.000000000
0.000000000 0.000000000
0.000000000 0.000000000
0.000000000 0.000000000
0.000000000 -0.000000000
0.000000000 0.000000000
0.000000000 -0.000000000
0.000000000 0.000000000
0.000000000 0.000000000
0.000000000 0.000000000
0.000000000 -0.811304000
0.000000000 0.000000000
0.000000000 0.000000000
0.000000000 0.000000000
0.000000000 0.000000000
0.000000000 0.000000000
0.000000000 0.000000000
0.000000000 -0.000000000
0.000000000 0.000000000
0.000000000 0.000000000
0.000000000 0.000000000
0.000000000 0.000000000
0.000000000 0.000000000
0.000000000 -0.867824000
0.000000000 -0.000000000
0.000000000 -0.000000000
0.000000000 0.000000000
0.000000000 0.000000000
0.000000000 -0.000000000
0.000000000 0.000000000
-0.096380607 -0.188696000
0.000000000 0.000000000
0.000000000 0.000000000
0.000000000 -0.000000000
0.000000000 0.000000000
0.000000000 0.000000000
0.000000000 0.000000000
0.000000000 0.000000000
0.000000000 -0.000000000
0.000000000 0.000000000
0.000000000 0.000000000
0.000000000 0.000000000
0.000000000 0.000000000
0.000000000 0.000000000
0.000000000 0.000000000
0.000000000 0.000000000
0.000000000 0.000000000
0.000000000 -0.000000000
0.000000000 -0.000000000
0.000000000 0.000000000
0.000000000 0.000000000
0.000000000 -0.000000000
-0.022416548 -0.622608000
0.000000000 0.000000000
0.000000000 0.000000000
0.000000000 -0.000000000
0.000000000 0.000000000
0.000000000 -0.811304000
0.000000000 0.000000000
0.000000000 -0.000000000
0.000000000 0.000000000
0.000000000 0.000000000
0.073964059 0.188696000
0.000000000 0.000000000
0.000000000 0.000000000
0.000000000 0.000000000
0.000000000 0.000000000
0.000000000 0.000000000
0.000000000 0.000000000
0.000000000 0.000000000
0.000000000 0.000000000
0.000000000 0.000000000
0.000000000 0.000000000
0.170344666 0.566088000
0.000000000 0.000000000
0.000000000 0.000000000
0.000000000 0.000000000
0.000000000 0.000000000
0.000000000 0.000000000
0.000000000 0.000000000
0.000000000 0.000000000
0.000000000 0.000000000
0.000000000 0.000000000
0.000000000 0.000000000
0.000000000 0.000000000
0.000000000 0.000000000
0.000000000 0.000000000
0.125511570 0.264352000
0.000000000 0.000000000
0.000000000 0.000000000
0.000000000 -0.000000000
0.000000000 0.000000000
0.000000000 0.000000000
0.000000000 -0.000000000
0.000000000 0.000000000
0.000000000 0.000000000
0.000000000 -0.000000000
0.000000000 0.000000000
0.000000000 -0.000000000
0.000000000 -0.000000000
0.000000000 0.000000000
0.000000000 0.000000000
0.000000000 4.000000000
0.000000000 -0.000000000
0.000000000 -0.000000000
0.000000000 0.000000000
0.000000000 0.000000000
0.000000000 -0.000000000
0.000000000 -0.377392000
-0.096380607 -0.000000000
0.000000000 0.000000000
0.000000000 0.000000000
0.000000000 0.000000000
-0.448330959 -0.226080000
0.000000000 0.000000000
0.125511570 1.943480000
-0.064976342 -1.453048000
0.000000000 0.000000000
0.000000000 0.000000000
0.000000000 0.000000000
0.000000000 0.000000000
0.000000000 0.000000000
0.000000000 0.000000000
0.000000000 -0.000000000
0.000000000 0.000000000
0.000000000 0.000000000
0.000000000 0.000000000
0.000000000 0.000000000
0.000000000 0.000000000
0.000000000 0.000000000
0.000000000 -0.000000000
0.000000000 0.000000000
0.000000000 0.000000000
0.000000000 0.000000000
-0.302570652 -0.000000000
0.000000000 0.000000000
0.000000000 -0.000000000
0.000000000 0.000000000
0.000000000 0.000000000
0.000000000 0.000000000
0.147928118 0.000000000
0.000000000 -4.000000000
-0.022416548 0.000000000
0.000000000 0.000000000
0.022416548 0.000000000
0.000000000 0.000000000
0.000000000 -0.000000000
0.000000000 0.000000000
0.000000000 0.000000000
0.000000000 0.000000000
0.000000000 0.000000000
0.000000000 0.000000000
0.000000000 0.000000000
0.000000000 0.000000000
0.000000000 0.000000000
0.000000000 0.000000000
0.000000000 0.000000000
0.000000000 0.811304000
0.000000000 0.000000000
0.000000000 0.000000000
0.000000000 0.000000000
0.000000000 0.000000000
0.000000000 0.000000000
0.000000000 0.000000000
0.000000000 0.000000000
0.000000000 0.000000000
0.000000000 0.000000000
0.000000000 0.000000000
0.000000000 0.000000000
0.000000000 0.000000000
0.000000000 0.000000000
0.000000000 0.000000000
0.000000000 -0.000000000
0.000000000 0.000000000
0.000000000 0.000000000
0.000000000 0.000000000
0.000000000 -0.000000000
0.000000000 0.000000000
0.000000000 0.000000000
0.000000000 -0.000000000
0.000000000 -0.000000000
0.183773497 0.264352000
-0.031404266 -0.924344000
0.000000000 0.000000000
0.000000000 0.000000000
0.000000000 0.000000000
0.000000000 0.000000000
0.000000000 -0.000000000
0.000000000 -0.000000000
0.183773497 0.207832000
0.000000000 0.000000000
0.000000000 0.000000000
0.000000000 0.000000000
0.000000000 0.000000000
0.000000000 -0.000000000
0.000000000 0.000000000
0.000000000 -0.000000000
0.000000000 0.000000000
-0.448330959 -0.282600000
0.000000000 0.000000000
0.000000000 0.000000000
0.000000000 -0.000000000
0.000000000 1.433912000
0.000000000 0.000000000
0.000000000 0.000000000
0.000000000 1.377392000
0.000000000 0.000000000
0.000000000 0.000000000
0.000000000 0.000000000
0.000000000 0.000000000
0.000000000 0.000000000
0.000000000 -1.000000000
0.000000000 0.000000000
0.000000000 -0.000000000
0.000000000 0.000000000
0.000000000 0.000000000
0.000000000 -0.000000000
0.000000000 0.000000000
0.000000000 0.000000000
0.000000000 0.000000000
-0.022416548 0.000000000
0.000000000 -0.000000000
0.000000000 0.000000000
0.000000000 0.000000000
0.000000000 0.000000000
0.000000000 0.000000000
0.000000000 0.000000000
0.000000000 0.000000000
0.000000000 0.000000000
0.000000000 0.000000000
0.000000000 0.000000000
0.000000000 -0.000000000
0.000000000 -0.000000000
0.000000000 0.000000000
0.000000000 0.000000000
0.000000000 0.000000000
0.000000000 -0.000000000
0.000000000 0.000000000
0.000000000 0.000000000
0.000000000 0.000000000
0.000000000 -0.000000000
0.132225985 5.509568000
0.000000000 -0.000000000
0.000000000 -0.000000000
0.013428830 2.886960000
0.000000000 0.000000000
0.000000000 0.000000000
0.000000000 0.000000000
0.000000000 0.000000000
-0.015702133 -1.679128000
0.000000000 -1.000000000
0.000000000 0.000000000
0.000000000 0.000000000
0.000000000 1.811304000
0.000000000 0.000000000
0.000000000 0.000000000
0.000000000 0.000000000
0.000000000 0.000000000
0.000000000 0.000000000
-0.044833096 -3.867824000
0.000000000 0.000000000
0.000000000 0.000000000
0.013428830 0.886960000
0.000000000 -0.000000000
0.000000000 -0.000000000
0.000000000 -0.000000000
0.000000000 0.000000000
0.000000000 0.000000000
0.000000000 -0.000000000
0.000000000 0.000000000
0.000000000 0.000000000
0.000000000 -0.000000000
0.000000000 0.000000000
0.000000000 0.000000000
0.000000000 0.000000000
0.000000000 0.000000000
0.000000000 -0.000000000
0.000000000 0.000000000
0.000000000 0.000000000
0.000000000 0.000000000
0.000000000 0.000000000
0.000000000 0.000000000
0.000000000 -0.000000000
0.000000000 0.000000000
0.000000000 0.000000000
0.000000000 0.000000000
0.000000000 0.000000000
0.000000000 0.000000000
0.000000000 0.000000000
0.000000000 -0.000000000
0.237594310 0.000000000
0.000000000 0.000000000
0.000000000 0.000000000
0.000000000 0.000000000
0.000000000 0.000000000
0.051547511 0.000000000
0.000000000 0.000000000
0.000000000 0.000000000
0.000000000 0.000000000
0.000000000 0.000000000
0.000000000 0.000000000
0.000000000 0.000000000
0.000000000 0.000000000
0.000000000 -0.811304000
0.000000000 0.000000000
0.000000000 0.000000000
0.000000000 -0.000000000
0.000000000 0.000000000
0.000000000 0.000000000
0.000000000 -0.000000000
0.000000000 0.000000000
0.000000000 0.000000000
0.000000000 0.000000000
0.000000000 0.000000000
0.000000000 0.000000000
0.000000000 0.000000000
0.000000000 0.000000000
0.000000000 0.000000000
0.000000000 0.000000000
0.000000000 0.000000000
0.000000000 0.000000000
0.000000000 0.000000000
0.000000000 0.000000000
0.000000000 0.000000000
0.000000000 -0.000000000
0.000000000 0.000000000
0.067249644 2.433912000
0.000000000 0.000000000
0.000000000 -0.000000000
0.000000000 0.000000000
0.073964059 0.377392000
0.000000000 0.000000000
0.000000000 0.000000000
-0.118797155 0.000000000
0.000000000 0.000000000
0.000000000 0.000000000
0.000000000 0.000000000
0.000000000 0.000000000
0.000000000 0.000000000
0.000000000 0.000000000
0.000000000 0.000000000
0.000000000 0.000000000
0.000000000 0.000000000
0.000000000 0.000000000
0.000000000 0.000000000
0.000000000 0.000000000
0.017869943 1.472184000
0.000000000 0.000000000
0.000000000 0.000000000
0.000000000 0.000000000
0.000000000 0.000000000
0.000000000 2.245216000
0.000000000 0.000000000
0.000000000 -0.000000000
0.000000000 0.000000000
-0.096380607 0.000000000
0.006714415 7.622608000
-0.029130963 -0.000000000
0.000000000 0.000000000
0.000000000 0.000000000
0.000000000 0.000000000
0.000000000 0.000000000
0.000000000 -0.000000000
0.000000000 0.000000000
0.000000000 0.000000000
0.000000000 0.000000000
0.000000000 0.000000000
0.000000000 0.000000000
0.000000000 0.000000000
0.000000000 0.000000000
0.000000000 0.000000000
0.000000000 0.000000000
0.000000000 0.000000000
0.000000000 0.000000000
0.000000000 0.000000000
0.000000000 0.000000000
0.000000000 -0.000000000
0.000000000 -0.000000000
0.000000000 0.188696000
0.000000000 0.000000000
0.183773497 0.830440000
0.000000000 0.000000000
0.000000000 0.000000000
0.000000000 0.000000000
0.000000000 0.000000000
0.000000000 0.000000000
0.000000000 0.000000000
0.000000000 0.000000000
0.013428830 0.698264000
0.000000000 0.000000000
0.000000000 -1.245216000
0.000000000 0.000000000
0.000000000 0.000000000
0.000000000 0.000000000
0.000000000 -0.000000000
0.000000000 0.000000000
0.000000000 0.000000000
0.000000000 0.000000000
0.000000000 0.000000000
0.000000000 0.000000000
0.000000000 0.000000000
0.000000000 0.000000000
0.000000000 0.000000000
0.000000000 0.000000000
0.000000000 0.000000000
0.000000000 0.000000000
0.000000000 0.000000000
0.000000000 0.000000000
0.000000000 0.000000000
-0.029130963 -1.377392000
0.000000000 0.000000000
0.000000000 0.000000000
0.000000000 0.000000000
0.000000000 0.000000000
-0.076237361 -0.980864000
0.067249644 1.867824000
0.000000000 0.000000000
0.013428830 0.886960000
0.000000000 0.000000000
0.000000000 0.000000000
0.000000000 0.000000000
0.000000000 -0.000000000
0.000000000 0.000000000
0.000000000 0.000000000
0.000000000 0.000000000
0.000000000 0.000000000
0.000000000 0.000000000
0.000000000 0.000000000
0.000000000 0.000000000
0.000000000 -0.000000000
0.000000000 0.000000000
0.000000000 0.000000000
0.000000000 0.000000000
0.000000000 1.000000000
0.000000000 0.000000000
0.000000000 0.000000000
0.000000000 0.000000000
0.000000000 0.000000000
-0.080678474 -2.132176000
0.000000000 -0.000000000
0.000000000 -0.000000000
0.000000000 0.000000000
0.000000000 0.000000000
0.089666192 0.245216000
0.000000000 0.000000000
0.000000000 0.000000000
0.000000000 0.000000000
0.000000000 0.000000000
0.000000000 -0.000000000
0.000000000 0.000000000
0.000000000 -0.000000000
0.000000000 0.000000000
0.000000000 0.000000000
0.000000000 0.000000000
0.000000000 -0.000000000
0.000000000 0.000000000
0.000000000 0.000000000
0.000000000 0.000000000
0.000000000 -0.000000000
0.000000000 0.000000000
0.000000000 0.000000000
0.000000000 0.000000000
0.000000000 0.000000000
0.000000000 0.000000000
0.000000000 0.000000000
0.000000000 -0.000000000
0.000000000 0.000000000
0.000000000 0.000000000
0.000000000 0.000000000
0.000000000 0.000000000
0.000000000 0.000000000
0.000000000 0.000000000
0.000000000 0.000000000
0.000000000 0.000000000
0.000000000 0.000000000
0.000000000 0.000000000
0.000000000 0.000000000
0.000000000 0.000000000
0.000000000 -0.000000000
0.000000000 0.000000000
0.000000000 0.000000000
0.000000000 -0.811304000
0.000000000 0.000000000
0.000000000 0.000000000
0.067249644 0.622608000
0.000000000 0.000000000
0.000000000 -0.000000000
0.000000000 -0.000000000
0.000000000 0.000000000
0.000000000 0.000000000
0.000000000 0.000000000
0.000000000 0.000000000
0.000000000 0.000000000
0.000000000 -0.000000000
0.000000000 0.000000000
0.000000000 0.000000000
0.000000000 -0.000000000
0.000000000 -0.000000000
0.000000000 0.000000000
0.000000000 0.000000000
0.000000000 0.000000000
0.000000000 0.000000000
0.000000000 0.000000000
0.000000000 -0.000000000
0.000000000 -0.000000000
0.000000000 0.000000000
0.000000000 0.000000000
0.000000000 0.000000000
0.000000000 0.000000000
0.000000000 0.000000000
0.000000000 0.000000000
-0.118797155 0.000000000
0.000000000 0.000000000
0.000000000 0.000000000
0.103095022 0.132176000
0.000000000 0.000000000
0.000000000 0.000000000
0.000000000 -0.000000000
0.000000000 0.000000000
0.000000000 0.000000000
0.000000000 0.000000000
0.000000000 0.000000000
0.000000000 -0.000000000
0.000000000 0.000000000
0.000000000 0.000000000
0.000000000 -0.000000000
0.000000000 -0.000000000
0.000000000 -0.000000000
0.000000000 0.000000000
0.000000000 0.000000000
0.000000000 -0.000000000
0.000000000 0.000000000
0.000000000 -0.000000000
0.000000000 -0.000000000
0.000000000 0.000000000
0.000000000 0.000000000
0.000000000 0.000000000
0.000000000 0.000000000
0.000000000 0.000000000
0.000000000 -0.000000000
0.000000000 0.000000000
0.000000000 -0.000000000
0.000000000 0.000000000
0.000000000 0.000000000
0.000000000 0.000000000
0.000000000 0.000000000
0.000000000 -0.000000000
0.000000000 -0.000000000
0.000000000 0.000000000
0.000000000 0.000000000
0.000000000 0.000000000
0.000000000 0.000000000
0.000000000 -0.000000000
0.000000000 0.000000000
0.000000000 0.000000000
-0.015702133 -0.056520000
0.000000000 0.000000000
0.000000000 0.000000000
0.000000000 0.000000000
0.000000000 -0.000000000
0.000000000 0.000000000
0.000000000 0.000000000
0.000000000 0.000000000
-0.156915836 -2.490432000
0.000000000 0.000000000
0.000000000 0.000000000
0.000000000 0.000000000
0.000000000 -0.000000000
0.000000000 0.000000000
0.000000000 0.000000000
0.000000000 0.000000000
0.000000000 0.000000000
0.000000000 -0.000000000
0.000000000 -0.000000000
0.000000000 -0.000000000
0.000000000 0.000000000
0.000000000 0.000000000
0.000000000 0.000000000
0.000000000 -0.000000000
0.000000000 0.000000000
0.000000000 0.000000000
0.000000000 0.000000000
0.000000000 0.000000000
0.000000000 0.000000000
0.000000000 0.000000000
0.000000000 -0.000000000
0.000000000 -0.000000000
-0.029130963 -0.566088000
0.000000000 0.000000000
0.000000000 0.000000000
0.000000000 0.000000000
0.000000000 0.000000000
0.000000000 -0.000000000
0.000000000 0.000000000
0.000000000 0.000000000
0.000000000 1.000000000
0.000000000 0.000000000
-0.013428830 -2.886960000
0.000000000 0.000000000
0.000000000 -0.000000000
0.000000000 -0.000000000
0.000000000 0.000000000
0.000000000 0.000000000
0.000000000 -0.000000000
0.000000000 0.000000000
0.000000000 0.000000000
-0.103095022 -0.943480000
0.000000000 -0.000000000
0.000000000 0.000000000
0.000000000 -1.867824000
0.000000000 0.000000000
0.000000000 0.000000000
0.000000000 0.000000000
0.000000000 0.000000000
0.000000000 -0.000000000
0.000000000 0.000000000
0.029130963 3.188696000
0.000000000 0.000000000
0.000000000 0.000000000
0.000000000 0.000000000
0.000000000 0.000000000
0.000000000 0.000000000
0.000000000 -1.679128000
0.000000000 0.000000000
0.000000000 0.000000000
0.000000000 -0.000000000
0.000000000 0.000000000
0.000000000 0.000000000
0.000000000 0.000000000
0.000000000 0.000000000
0.000000000 0.000000000
0.000000000 0.000000000
0.000000000 0.000000000
0.000000000 -0.000000000
0.192761214 2.377392000
0.000000000 0.000000000
0.000000000 -0.000000000
0.000000000 0.000000000
0.000000000 -0.000000000
0.000000000 0.000000000
0.000000000 0.000000000
0.000000000 0.000000000
0.000000000 0.000000000
0.000000000 0.188696000
0.000000000 0.000000000
0.000000000 0.000000000
0.000000000 0.000000000
0.000000000 -0.000000000
0.000000000 0.000000000
0.000000000 -0.000000000
-0.125511570 -0.509568000
0.000000000 -0.000000000
0.000000000 -0.000000000
0.000000000 -0.000000000
0.000000000 0.000000000
0.000000000 0.000000000
0.000000000 0.000000000
0.000000000 0.000000000
0.000000000 -0.000000000
0.000000000 0.000000000
0.000000000 -0.000000000
0.000000000 0.000000000
0.000000000 0.000000000
0.000000000 0.000000000
0.000000000 0.000000000
0.000000000 1.000000000
0.000000000 0.000000000
0.000000000 0.000000000
0.000000000 0.000000000
0.000000000 0.000000000
0.000000000 -0.000000000
0.000000000 -0.000000000
0.000000000 0.000000000
0.000000000 0.000000000
0.000000000 0.000000000
0.000000000 0.000000000
0.000000000 0.000000000
0.000000000 0.000000000
0.000000000 -0.000000000
0.000000000 0.000000000
0.000000000 0.000000000
0.000000000 0.000000000
0.000000000 0.000000000
0.000000000 0.000000000
0.000000000 0.000000000
0.000000000 0.000000000
0.000000000 -0.000000000
0.000000000 -0.000000000
0.000000000 0.000000000
0.000000000 0.000000000
0.000000000 0.000000000
0.000000000 0.000000000
0.022416548 1.000000000
0.000000000 0.000000000
0.000000000 0.000000000
0.000000000 0.000000000
0.000000000 0.000000000
0.000000000 2.622608000
0.425914411 1.282600000
0.000000000 0.000000000
0.000000000 -0.000000000
0.000000000 0.000000000
0.000000000 -0.000000000
0.000000000 -0.000000000
0.000000000 0.000000000
-0.289141821 -3.566088000
0.000000000 0.000000000
0.000000000 0.000000000
0.000000000 0.000000000
0.000000000 -0.000000000
0.000000000 0.000000000
0.000000000 -0.000000000
0.000000000 0.000000000
0.000000000 0.000000000
0.000000000 0.000000000
0.000000000 0.000000000
0.000000000 0.000000000
0.000000000 0.000000000
0.000000000 -0.000000000
0.000000000 0.000000000
0.000000000 -0.188696000
0.000000000 -0.000000000
0.000000000 -0.000000000
0.000000000 -0.000000000
0.000000000 -0.000000000
0.000000000 0.000000000
0.000000000 0.000000000
0.000000000 0.000000000
0.000000000 0.000000000
0.183773497 0.453048000
0.000000000 0.000000000
0.000000000 0.000000000
0.000000000 0.000000000
0.000000000 0.000000000
0.000000000 -0.000000000
0.000000000 0.000000000
0.000000000 0.000000000
0.000000000 0.000000000
0.000000000 0.000000000
0.000000000 0.000000000
0.000000000 -0.000000000
0.000000000 -0.000000000
0.000000000 0.000000000
-0.022416548 -0.188696000
0.000000000 0.000000000
0.000000000 0.000000000
0.000000000 0.000000000
0.000000000 -0.000000000
0.000000000 0.000000000
0.000000000 0.000000000
0.000000000 -0.811304000
0.000000000 0.000000000
0.000000000 0.000000000
0.000000000 0.000000000
0.000000000 0.000000000
0.000000000 0.000000000
0.000000000 -0.000000000
0.000000000 0.000000000
0.000000000 -0.000000000
0.000000000 0.000000000
0.000000000 0.000000000
0.000000000 0.000000000
-0.038118681 -1.490432000
0.000000000 0.000000000
0.000000000 -0.000000000
0.000000000 0.000000000
0.000000000 0.000000000
0.064976342 1.453048000
0.000000000 0.000000000
-0.013428830 -0.075656000
0.000000000 -0.000000000
0.000000000 0.000000000
0.000000000 0.000000000
0.000000000 -0.000000000
0.000000000 -0.000000000
0.000000000 -0.000000000
0.000000000 0.000000000
0.000000000 3.000000000
0.000000000 -0.000000000
0.000000000 0.000000000
0.000000000 1.622608000
0.000000000 0.000000000
0.000000000 -0.811304000
0.000000000 0.000000000
0.000000000 -0.000000000
0.000000000 -0.000000000
0.000000000 0.000000000
0.000000000 0.000000000
0.000000000 -0.000000000
0.000000000 0.000000000
0.000000000 -0.000000000
0.000000000 -0.000000000
0.000000000 0.000000000
0.000000000 -0.000000000
0.000000000 0.000000000
0.000000000 -0.000000000
0.000000000 0.000000000
0.000000000 0.000000000
0.000000000 0.000000000
0.000000000 -0.000000000
0.000000000 0.000000000
0.000000000 0.000000000
0.000000000 1.000000000
0.000000000 -0.000000000
0.000000000 1.245216000
0.000000000 -0.811304000
0.000000000 -0.000000000
0.000000000 0.000000000
0.000000000 0.000000000
0.000000000 -0.000000000
0.000000000 0.000000000
0.000000000 0.000000000
0.000000000 0.000000000
0.000000000 0.811304000
0.000000000 0.000000000
0.000000000 -0.000000000
0.000000000 -0.000000000
0.000000000 -0.000000000
0.000000000 0.000000000
0.000000000 0.000000000
0.000000000 -0.811304000
0.000000000 0.000000000
0.000000000 0.000000000
0.000000000 0.000000000
0.000000000 0.000000000
0.000000000 -0.000000000
0.000000000 0.000000000
0.000000000 0.000000000
0.000000000 0.000000000
-0.022416548 -5.490432000
0.000000000 0.000000000
0.000000000 -0.000000000
-0.058261926 -0.320872000
0.000000000 -0.000000000
0.000000000 0.000000000
0.000000000 0.000000000
0.000000000 0.000000000
0.000000000 0.000000000
0.000000000 0.000000000
0.000000000 0.000000000
0.000000000 0.000000000
0.000000000 -0.000000000
0.000000000 -0.000000000
0.000000000 0.000000000
0.000000000 -0.000000000
0.000000000 0.000000000
0.000000000 0.000000000
0.000000000 0.000000000
0.000000000 0.000000000
0.000000000 0.000000000
0.000000000 0.000000000
0.000000000 -0.000000000
0.000000000 0.000000000
0.000000000 0.000000000
0.000000000 0.000000000
0.183773497 1.453048000
0.000000000 0.000000000
0.000000000 -0.000000000
0.000000000 -0.000000000
0.000000000 0.000000000
0.000000000 0.000000000
0.000000000 0.000000000
0.000000000 0.000000000
0.000000000 0.000000000
0.000000000 0.000000000
0.000000000 0.000000000
-0.058261926 -0.509568000
0.000000000 0.000000000
0.000000000 0.000000000
0.000000000 0.000000000
0.000000000 0.000000000
0.000000000 0.000000000
0.000000000 0.000000000
0.000000000 0.000000000
0.000000000 0.000000000
0.000000000 0.000000000
0.000000000 0.000000000
0.000000000 -0.000000000
0.000000000 0.000000000
0.000000000 0.000000000
0.000000000 -0.000000000
0.000000000 0.000000000
0.000000000 -0.000000000
0.006714415 0.943480000
0.000000000 0.000000000
0.000000000 1.000000000
0.000000000 0.000000000
-0.044833096 -0.000000000
0.000000000 0.000000000
0.000000000 0.000000000
0.000000000 0.000000000
0.000000000 0.000000000
0.000000000 0.000000000
0.000000000 1.000000000
0.000000000 0.000000000
0.000000000 0.000000000
0.000000000 0.000000000
0.000000000 0.000000000
0.000000000 0.000000000
0.000000000 0.000000000
-0.022416548 0.000000000
0.000000000 0.000000000
0.000000000 0.000000000
0.000000000 0.000000000
-0.170344666 -0.245216000
0.000000000 0.000000000
0.000000000 0.000000000
0.000000000 0.000000000
0.000000000 0.000000000
0.000000000 0.000000000
0.000000000 0.000000000
-0.087392890 -0.075656000
0.000000000 0.000000000
0.000000000 0.000000000
0.000000000 0.000000000
0.000000000 0.000000000
0.000000000 0.000000000
0.000000000 0.000000000
-0.141213703 -4.811304000
-0.058261926 -0.075656000
0.000000000 0.000000000
0.000000000 0.000000000
0.000000000 -0.000000000
0.000000000 0.000000000
0.000000000 0.000000000
0.000000000 -0.000000000
0.000000000 -0.000000000
0.000000000 0.000000000
0.000000000 0.000000000
0.000000000 0.000000000
0.000000000 0.000000000
0.000000000 -0.000000000
0.000000000 1.000000000
0.000000000 0.000000000
0.000000000 0.000000000
0.000000000 0.000000000
0.000000000 0.000000000
0.000000000 0.000000000
0.000000000 0.000000000
0.000000000 0.000000000
0.000000000 0.000000000
0.000000000 -0.000000000
0.000000000 0.000000000
0.000000000 0.000000000
0.000000000 0.000000000
0.000000000 -0.000000000
0.000000000 0.000000000
0.000000000 0.000000000
0.000000000 0.000000000
0.000000000 0.000000000
0.000000000 0.000000000
0.000000000 -1.433912000
0.000000000 -0.000000000
0.000000000 0.000000000
0.000000000 0.000000000
0.000000000 0.000000000
0.000000000 0.000000000
0.000000000 -0.000000000
0.000000000 0.000000000
0.000000000 0.000000000
0.000000000 -0.000000000
0.000000000 0.000000000
0.096380607 0.000000000
0.000000000 0.000000000
0.000000000 8.301736000
0.000000000 -0.000000000
0.000000000 0.000000000
0.000000000 -0.000000000
0.000000000 0.000000000
0.000000000 0.000000000
0.000000000 0.000000000
0.000000000 0.000000000
0.000000000 0.000000000
0.000000000 0.000000000
0.000000000 0.000000000
0.000000000 0.000000000
0.000000000 -0.000000000
0.000000000 -0.000000000
0.000000000 0.000000000
0.000000000 0.000000000
0.000000000 0.754784000
0.000000000 0.000000000
0.000000000 0.000000000
0.000000000 0.000000000
0.000000000 0.000000000
0.000000000 0.000000000
0.000000000 6.056520000
0.000000000 -0.000000000
0.000000000 0.000000000
-0.118797155 -0.000000000
0.000000000 -0.000000000
0.000000000 0.000000000
0.000000000 0.000000000
0.000000000 -0.000000000
0.000000000 0.000000000
0.000000000 0.000000000
0.000000000 -0.000000000
0.000000000 -0.000000000
0.000000000 0.000000000
0.000000000 0.000000000
0.000000000 0.000000000
0.000000000 0.000000000
0.000000000 0.000000000
0.000000000 0.000000000
0.302570652 2.132176000
0.000000000 0.000000000
0.000000000 -0.000000000
0.000000000 -0.000000000
0.000000000 0.000000000
0.000000000 0.000000000
0.000000000 0.000000000
0.000000000 0.000000000
0.000000000 0.000000000
0.000000000 0.000000000
0.000000000 -0.000000000
0.000000000 0.000000000
0.000000000 0.000000000
0.000000000 0.000000000
0.000000000 0.000000000
0.000000000 0.000000000
0.000000000 0.000000000
0.000000000 0.000000000
0.000000000 0.000000000
0.000000000 0.000000000
0.000000000 0.000000000
0.000000000 0.000000000
0.000000000 0.622608000
0.000000000 0.000000000
0.000000000 0.000000000
0.000000000 -0.000000000
0.000000000 0.000000000
0.000000000 1.245216000
0.000000000 0.000000000
0.000000000 -0.000000000
0.000000000 -0.000000000
0.000000000 0.000000000
0.000000000 0.000000000
0.000000000 4.622608000
0.000000000 -0.000000000
0.000000000 0.000000000
0.000000000 0.000000000
0.000000000 0.000000000
0.000000000 0.000000000
0.000000000 0.000000000
0.000000000 0.000000000
0.000000000 0.000000000
0.000000000 2.000000000
-0.067249644 -0.000000000
0.000000000 0.000000000
0.000000000 0.000000000
0.000000000 0.000000000
0.000000000 0.000000000
0.000000000 0.000000000
0.000000000 0.000000000
0.000000000 0.000000000
0.000000000 0.000000000
0.000000000 0.000000000
-0.170344666 -1.377392000
0.000000000 0.000000000
0.000000000 0.000000000
0.000000000 0.000000000
0.000000000 0.000000000
0.000000000 0.000000000
-0.022416548 -0.622608000
-0.289141821 -6.566088000
0.013428830 1.943480000
0.000000000 0.000000000
-0.125511570 -1.754784000
0.000000000 0.000000000
0.000000000 -0.000000000
0.000000000 0.000000000
0.000000000 0.000000000
0.000000000 0.000000000
0.000000000 -0.000000000
0.000000000 0.000000000
0.000000000 0.000000000
0.000000000 0.000000000
0.000000000 0.000000000
0.000000000 -0.000000000
0.000000000 0.000000000
0.000000000 0.000000000
0.000000000 0.000000000
0.000000000 -0.000000000
0.000000000 0.000000000
0.000000000 0.000000000
0.000000000 -0.000000000
0.000000000 -0.000000000
0.000000000 0.000000000
0.000000000 0.000000000
0.000000000 0.000000000
0.000000000 -0.188696000
0.000000000 0.000000000
0.000000000 0.000000000
0.000000000 -0.000000000
0.000000000 -0.000000000
0.000000000 0.000000000
0.000000000 0.000000000
0.448330959 2.414776000
0.186046799 4.000000000
0.000000000 0.000000000
0.000000000 0.000000000
0.000000000 -0.000000000
0.000000000 -0.000000000
0.000000000 0.000000000
0.000000000 0.000000000
0.000000000 -0.000000000
0.000000000 0.000000000
0.000000000 0.000000000
0.000000000 0.000000000
0.000000000 -0.000000000
0.000000000 0.000000000
0.000000000 0.000000000
0.000000000 0.000000000
0.000000000 0.000000000
0.000000000 0.000000000
0.000000000 0.000000000
0.000000000 0.000000000
0.000000000 0.000000000
0.000000000 -0.000000000
0.000000000 0.811304000
0.000000000 0.000000000
0.000000000 0.000000000
0.000000000 0.000000000
0.000000000 0.000000000
0.000000000 0.000000000
0.000000000 -0.000000000
0.000000000 0.000000000
0.000000000 0.000000000
0.000000000 0.000000000
0.000000000 0.000000000
0.000000000 -0.000000000
0.000000000 -0.000000000
0.000000000 0.000000000
0.000000000 0.000000000
0.000000000 0.000000000
0.000000000 3.000000000
0.000000000 0.000000000
0.000000000 0.000000000
0.000000000 0.000000000
0.000000000 0.000000000
0.000000000 0.000000000
0.000000000 -0.811304000
0.000000000 0.000000000
0.000000000 0.000000000
0.000000000 0.188696000
0.000000000 0.000000000
0.000000000 0.000000000
0.000000000 -0.000000000
0.000000000 0.000000000
0.000000000 0.000000000
0.000000000 0.000000000
0.000000000 -5.679128000
0.000000000 0.000000000
0.000000000 0.000000000
0.000000000 0.000000000
0.000000000 0.000000000
0.000000000 0.000000000
0.000000000 0.000000000
-0.022416548 -0.000000000
0.089666192 0.245216000
0.000000000 0.000000000
0.000000000 0.000000000
0.000000000 0.000000000
0.089666192 1.377392000
0.000000000 -0.000000000
0.000000000 0.000000000
0.000000000 0.000000000
0.000000000 0.000000000
0.000000000 0.000000000
0.000000000 -1.000000000
0.000000000 0.000000000
0.089666192 3.113040000
0.000000000 0.000000000
0.000000000 0.811304000
0.000000000 -0.000000000
0.000000000 0.000000000
0.000000000 -0.000000000
0.000000000 0.000000000
0.000000000 0.000000000
0.000000000 0.000000000
0.000000000 0.000000000
0.000000000 -3.000000000
0.000000000 0.000000000
0.000000000 0.000000000
0.000000000 -0.000000000
0.000000000 0.000000000
0.000000000 0.000000000
0.000000000 0.000000000
0.000000000 0.000000000
0.000000000 0.000000000
0.000000000 -0.000000000
0.000000000 -0.000000000
0.000000000 -0.000000000
0.000000000 0.000000000
0.000000000 0.000000000
0.000000000 0.000000000
0.000000000 -0.000000000
0.000000000 0.000000000
0.000000000 -0.000000000
0.000000000 -0.000000000
0.000000000 -0.000000000
0.000000000 0.000000000
0.000000000 0.000000000
0.000000000 0.000000000
0.000000000 0.000000000
0.000000000 0.000000000
0.067249644 0.000000000
0.000000000 -0.000000000
0.000000000 0.000000000
0.000000000 0.000000000
0.000000000 0.000000000
0.000000000 0.000000000
0.000000000 0.000000000
0.000000000 0.000000000
0.098653909 1.169560000
-0.026963153 -5.773032000
0.000000000 -0.000000000
0.000000000 -0.000000000
0.000000000 0.000000000
0.000000000 -0.000000000
0.000000000 0.000000000
0.000000000 0.000000000
0.000000000 -0.000000000
0.000000000 0.000000000
-0.051547511 -0.377392000
0.000000000 0.000000000
0.000000000 0.000000000
0.000000000 -0.000000000
0.251023140 2.320872000
0.000000000 0.000000000
0.000000000 0.000000000
0.000000000 0.000000000
0.000000000 0.000000000
0.000000000 0.000000000
0.000000000 -1.000000000
0.000000000 0.000000000
0.000000000 0.000000000
0.000000000 0.000000000
0.000000000 0.000000000
0.000000000 0.000000000
0.000000000 0.811304000
0.000000000 0.000000000
0.000000000 0.000000000
0.000000000 0.000000000
0.000000000 -0.000000000
0.000000000 0.000000000
0.000000000 0.000000000
0.022416548 0.000000000
0.000000000 0.000000000
0.000000000 0.000000000
0.000000000 0.000000000
0.000000000 0.000000000
0.000000000 -0.000000000
0.000000000 0.000000000
0.000000000 0.000000000
0.000000000 0.000000000
0.000000000 0.000000000
0.000000000 0.000000000
-0.215177762 0.000000000
0.000000000 0.000000000
0.000000000 0.000000000
0.000000000 0.000000000
0.000000000 0.000000000
0.000000000 0.000000000
0.000000000 0.000000000
0.000000000 0.000000000
0.000000000 -0.000000000
0.000000000 0.000000000
0.000000000 0.000000000
0.000000000 0.000000000
0.000000000 0.000000000
0.000000000 0.000000000
0.000000000 0.000000000
0.000000000 -0.000000000
0.000000000 0.000000000
0.000000000 0.000000000
0.000000000 0.000000000
0.000000000 0.000000000
0.000000000 0.000000000
0.000000000 0.000000000
0.000000000 0.000000000
-0.073964059 0.000000000
0.000000000 0.000000000
0.000000000 0.000000000
0.000000000 0.000000000
0.000000000 0.000000000
0.000000000 0.000000000
0.000000000 0.000000000
0.000000000 0.000000000
0.000000000 0.000000000
0.000000000 -0.000000000
0.000000000 0.000000000
0.000000000 -0.000000000
0.000000000 0.000000000
0.000000000 0.000000000
0.000000000 0.000000000
0.000000000 0.000000000
0.215177762 1.245216000
0.000000000 -0.000000000
0.000000000 0.000000000
0.000000000 0.000000000
0.000000000 0.000000000
0.000000000 0.000000000
0.000000000 0.000000000
-0.183773497 -0.453048000
0.000000000 0.000000000
0.000000000 -0.000000000
0.000000000 0.000000000
0.000000000 0.000000000
0.000000000 -0.000000000
0.038118681 0.301736000
0.000000000 0.000000000
0.000000000 0.000000000
0.000000000 0.000000000
0.000000000 0.000000000
0.000000000 -0.000000000
0.000000000 0.000000000
0.000000000 0.000000000
0.000000000 0.000000000
0.302570652 5.698264000
0.000000000 -1.000000000
0.000000000 0.000000000
0.000000000 0.000000000
0.000000000 0.000000000
0.000000000 0.000000000
0.000000000 0.000000000
0.000000000 0.000000000
0.087392890 0.264352000
0.000000000 -0.000000000
0.000000000 0.000000000
0.000000000 0.000000000
0.000000000 -0.000000000
0.000000000 0.000000000
0.000000000 0.000000000
0.000000000 0.000000000
0.000000000 -0.000000000
0.000000000 0.000000000
0.000000000 0.000000000
0.183773497 3.453048000
0.000000000 0.000000000
-0.448330959 -3.282600000
0.000000000 0.000000000
0.000000000 -0.000000000
-0.047106398 -1.226080000
0.000000000 0.000000000
0.000000000 0.000000000
0.000000000 0.000000000
0.000000000 -0.000000000
0.000000000 -0.000000000
0.000000000 0.000000000
0.000000000 0.000000000
0.000000000 0.000000000
0.000000000 0.000000000
0.000000000 0.000000000
0.000000000 0.000000000
0.000000000 0.000000000
-0.022416548 -0.000000000
0.000000000 0.000000000
0.000000000 0.000000000
0.000000000 0.000000000
0.000000000 0.000000000
0.000000000 0.188696000
0.000000000 0.000000000
0.000000000 0.000000000
0.000000000 0.000000000
0.000000000 0.000000000
0.000000000 -0.000000000
0.000000000 -0.000000000
0.000000000 0.000000000
0.000000000 0.000000000
0.000000000 -0.000000000
0.000000000 0.000000000
0.000000000 0.000000000
0.000000000 0.000000000
0.000000000 0.000000000
0.000000000 0.000000000
0.000000000 -0.000000000
0.000000000 -0.000000000
0.000000000 0.000000000
0.000000000 0.000000000
0.000000000 0.000000000
0.000000000 -0.000000000
0.000000000 2.000000000
0.000000000 0.000000000
0.000000000 0.000000000
0.000000000 0.000000000
0.000000000 0.000000000
0.000000000 0.000000000
0.000000000 -0.000000000
0.000000000 -0.000000000
0.000000000 0.000000000
0.000000000 0.000000000
0.000000000 0.000000000
0.000000000 0.000000000
0.000000000 0.000000000
0.000000000 0.000000000
0.000000000 -0.000000000
0.000000000 0.000000000
0.000000000 -0.000000000
0.000000000 0.000000000
-0.073964059 0.000000000
0.000000000 -0.000000000
-0.035845378 -0.698264000
0.132225985 3.509568000
0.000000000 0.000000000
0.000000000 0.000000000
0.141213703 1.000000000
0.000000000 -0.000000000
0.000000000 0.000000000
-0.145760308 -7.773032000
-0.022416548 -1.000000000
0.000000000 1.377392000
0.000000000 -0.000000000
0.000000000 0.000000000
0.000000000 0.000000000
-0.073964059 -0.566088000
0.000000000 0.000000000
0.000000000 0.000000000
0.145760308 6.773032000
0.000000000 0.000000000
0.000000000 0.000000000
0.000000000 0.000000000
0.000000000 0.000000000
0.000000000 0.000000000
0.000000000 0.000000000
0.141213703 1.245216000
0.000000000 -0.000000000
0.000000000 0.000000000
0.000000000 0.000000000
0.000000000 0.000000000
0.000000000 0.000000000
0.000000000 0.000000000
0.000000000 -0.000000000
0.000000000 0.000000000
0.000000000 -0.000000000
0.000000000 -0.000000000
0.000000000 0.000000000
0.000000000 -0.000000000
0.064976342 1.453048000
-0.022416548 -1.188696000
0.000000000 0.000000000
0.000000000 0.000000000
0.000000000 1.000000000
0.000000000 0.000000000
-0.064976342 -0.264352000
0.000000000 0.000000000
0.000000000 2.000000000
0.000000000 0.000000000
0.000000000 0.000000000
0.000000000 0.000000000
0.201748932 2.980864000
0.000000000 0.000000000
0.000000000 0.000000000
0.000000000 0.000000000
0.000000000 0.000000000
0.000000000 0.811304000
0.000000000 0.000000000
0.000000000 0.000000000
0.000000000 0.000000000
0.000000000 0.000000000
0.000000000 0.000000000
0.000000000 -0.000000000
0.000000000 0.000000000
0.000000000 0.000000000
0.000000000 0.000000000
0.000000000 0.000000000
0.089666192 0.867824000
0.000000000 0.000000000
0.000000000 -0.000000000
0.000000000 -0.000000000
0.000000000 -0.000000000
0.000000000 0.000000000
0.000000000 0.000000000
0.000000000 0.000000000
0.000000000 0.000000000
0.000000000 0.000000000
0.000000000 0.000000000
0.000000000 0.000000000
0.000000000 -0.000000000
0.000000000 -0.000000000
0.000000000 0.000000000
0.000000000 0.000000000
0.000000000 -0.188696000
0.000000000 -0.000000000
0.000000000 0.000000000
0.000000000 0.000000000
0.000000000 -0.000000000
0.000000000 0.000000000
0.000000000 0.000000000
0.000000000 0.000000000
0.000000000 0.000000000
0.000000000 0.000000000
0.000000000 0.000000000
0.000000000 -0.000000000
0.000000000 0.000000000
0.000000000 0.000000000
0.000000000 -0.188696000
0.000000000 0.000000000
0.000000000 0.000000000
0.000000000 0.000000000
0.000000000 0.377392000
0.000000000 0.000000000
0.000000000 0.000000000
0.000000000 0.000000000
0.000000000 0.000000000
0.000000000 0.000000000
0.000000000 0.000000000
0.000000000 0.000000000
0.000000000 0.000000000
0.000000000 0.000000000
0.000000000 0.000000000
0.000000000 0.000000000
0.000000000 -0.000000000
0.000000000 0.000000000
0.000000000 0.000000000
0.000000000 0.000000000
0.000000000 0.000000000
0.000000000 -0.000000000
0.096380607 0.000000000
0.000000000 0.000000000
0.000000000 0.000000000
0.022416548 0.000000000
0.156915836 2.679128000
0.000000000 0.000000000
0.000000000 -3.000000000
0.000000000 0.000000000
-0.067249644 -0.245216000
0.000000000 0.000000000
0.000000000 0.000000000
0.000000000 0.000000000
0.000000000 -0.000000000
0.000000000 0.000000000
0.000000000 1.622608000
0.000000000 0.000000000
0.000000000 0.000000000
0.000000000 0.000000000
0.000000000 -0.000000000
0.000000000 0.000000000
0.000000000 -0.000000000
0.000000000 -0.000000000
0.000000000 0.000000000
0.000000000 0.000000000
0.000000000 0.000000000
0.000000000 0.000000000
0.000000000 0.000000000
0.000000000 0.000000000
0.000000000 0.000000000
-0.022416548 0.000000000
0.000000000 0.000000000
0.000000000 0.000000000
0.000000000 0.000000000
0.000000000 0.000000000
0.000000000 0.000000000
0.000000000 0.000000000
0.000000000 0.000000000
0.000000000 0.000000000
0.000000000 -0.000000000
0.000000000 0.000000000
0.000000000 0.000000000
0.000000000 0.000000000
-0.044833096 -0.000000000
0.000000000 -0.000000000
0.000000000 0.000000000
0.000000000 0.000000000
0.000000000 0.000000000
0.000000000 0.000000000
0.192761214 0.000000000
0.000000000 -0.000000000
0.000000000 0.000000000
0.000000000 0.000000000
0.000000000 0.000000000
-0.022416548 -0.000000000
0.000000000 0.000000000
0.000000000 0.000000000
0.000000000 0.000000000
0.000000000 -0.000000000
0.000000000 -0.000000000
0.000000000 -0.000000000
0.000000000 -0.000000000
0.000000000 0.000000000
0.000000000 -0.000000000
0.000000000 0.000000000
0.000000000 0.000000000
0.000000000 -3.245216000
0.000000000 -0.000000000
0.000000000 0.000000000
0.000000000 1.188696000
0.000000000 0.000000000
0.000000000 0.000000000
0.000000000 -0.000000000
0.000000000 0.000000000
0.000000000 0.000000000
0.000000000 0.000000000
0.000000000 -0.000000000
0.000000000 0.000000000
0.000000000 0.000000000
0.000000000 0.000000000
0.000000000 0.000000000
0.000000000 -0.000000000
0.000000000 0.000000000
0.000000000 0.000000000
0.000000000 0.000000000
0.000000000 -0.000000000
0.000000000 -0.000000000
-0.118797155 0.000000000
0.000000000 0.000000000
0.089666192 3.113040000
0.000000000 0.000000000
0.000000000 0.000000000
0.000000000 -0.000000000
0.000000000 0.000000000
0.000000000 0.000000000
0.000000000 0.000000000
0.000000000 -0.000000000
0.000000000 0.000000000
0.000000000 0.000000000
0.000000000 0.000000000
0.000000000 -0.000000000
0.000000000 0.000000000
0.000000000 0.000000000
0.000000000 0.000000000
0.000000000 0.000000000
0.000000000 -1.000000000
0.000000000 0.000000000
0.000000000 0.000000000
0.000000000 0.000000000
0.000000000 0.000000000
0.000000000 0.000000000
0.000000000 -0.000000000
0.000000000 0.000000000
0.000000000 0.000000000
0.000000000 0.000000000
0.000000000 0.000000000
-0.029130963 -3.377392000
0.179332384 1.679128000
0.000000000 0.000000000
0.000000000 -0.000000000
0.000000000 0.000000000
0.000000000 0.000000000
0.000000000 0.000000000
0.000000000 0.000000000
0.000000000 0.000000000
0.000000000 0.000000000
0.000000000 0.000000000
0.000000000 0.000000000
0.000000000 0.000000000
0.000000000 -0.000000000
0.000000000 0.000000000
0.000000000 0.000000000
-0.015702133 -0.867824000
0.000000000 0.000000000
0.000000000 0.000000000
0.000000000 0.000000000
0.000000000 0.000000000
0.000000000 0.000000000
0.000000000 0.000000000
0.000000000 0.000000000
0.000000000 0.000000000
0.000000000 0.000000000
0.000000000 0.000000000
0.000000000 0.000000000
0.000000000 0.000000000
0.000000000 0.000000000
0.000000000 0.000000000
0.000000000 0.000000000
0.000000000 0.000000000
0.000000000 0.000000000
0.000000000 0.000000000
0.000000000 0.000000000
0.000000000 0.000000000
0.000000000 0.000000000
0.000000000 0.000000000
0.000000000 0.000000000
0.000000000 0.000000000
0.000000000 0.000000000
0.000000000 0.000000000
0.000000000 0.000000000
0.000000000 0.000000000
0.000000000 0.000000000
0.000000000 -0.000000000
0.000000000 0.000000000
0.000000000 0.000000000
0.000000000 0.000000000
0.000000000 -0.000000000
0.000000000 0.000000000
-0.324987200 -2.453048000
0.000000000 0.000000000
0.000000000 0.000000000
0.000000000 0.000000000
0.000000000 0.000000000
0.000000000 -0.000000000
0.000000000 0.000000000
0.000000000 -0.000000000
0.000000000 0.000000000
-0.237594310 -3.433912000
0.000000000 0.000000000
0.000000000 -0.000000000
0.000000000 0.000000000
0.000000000 0.000000000
0.000000000 0.000000000
0.000000000 0.000000000
0.000000000 0.000000000
0.000000000 0.000000000
0.000000000 0.000000000
0.000000000 1.811304000
0.000000000 0.000000000
0.179332384 0.867824000
0.000000000 0.000000000
0.145760308 0.773032000
0.000000000 0.000000000
0.000000000 0.000000000
0.000000000 -0.000000000
0.000000000 0.000000000
0.000000000 -1.622608000
0.000000000 0.000000000
0.000000000 0.000000000
0.000000000 0.000000000
0.000000000 0.000000000
0.000000000 0.000000000
0.000000000 0.000000000
0.000000000 0.000000000
0.000000000 0.000000000
0.000000000 0.000000000
0.000000000 0.000000000
0.000000000 -0.000000000
0.000000000 0.000000000
0.000000000 0.000000000
0.026963153 0.773032000
0.000000000 0.811304000
0.000000000 0.000000000
0.000000000 0.000000000
0.000000000 1.000000000
0.000000000 0.000000000
0.000000000 0.000000000
0.000000000 0.000000000
0.000000000 0.000000000
0.000000000 0.000000000
0.000000000 0.000000000
0.000000000 0.000000000
0.000000000 0.000000000
0.000000000 0.000000000
0.000000000 0.000000000
0.000000000 0.000000000
0.000000000 0.000000000
0.000000000 -0.000000000
0.000000000 -0.000000000
0.000000000 0.000000000
0.000000000 -0.000000000
0.000000000 0.000000000
0.000000000 0.000000000
0.000000000 0.000000000
0.000000000 0.000000000
0.000000000 0.000000000
0.000000000 0.000000000
0.000000000 -0.000000000
0.000000000 -1.000000000
-0.029130963 -3.566088000
0.000000000 0.000000000
0.000000000 0.377392000
0.000000000 0.000000000
0.000000000 0.000000000
0.000000000 0.000000000
0.000000000 0.000000000
0.000000000 0.000000000
0.000000000 0.000000000
0.000000000 0.000000000
0.000000000 0.000000000
0.000000000 0.000000000
0.000000000 0.000000000
0.000000000 0.000000000
0.000000000 0.000000000
0.000000000 0.000000000
0.000000000 0.000000000
0.000000000 -0.000000000
0.000000000 0.000000000
0.000000000 0.000000000
0.000000000 0.000000000
0.000000000 -0.000000000
0.000000000 0.000000000
0.035845378 0.320872000
0.000000000 0.000000000
0.000000000 -0.000000000
0.000000000 0.000000000
0.022416548 0.000000000
0.000000000 -0.000000000
0.000000000 0.000000000
-0.266725273 -2.320872000
0.000000000 -0.000000000
0.044833096 1.245216000
0.000000000 0.000000000
0.000000000 0.000000000
-0.087392890 -0.264352000
0.000000000 0.000000000
0.000000000 -0.000000000
0.000000000 -0.000000000
0.000000000 0.000000000
0.000000000 -0.000000000
0.000000000 0.000000000
0.000000000 0.000000000
0.000000000 0.000000000
0.000000000 0.000000000
0.000000000 0.000000000
0.000000000 0.000000000
0.000000000 0.000000000
0.000000000 -0.000000000
0.000000000 0.000000000
0.000000000 0.000000000
0.000000000 0.000000000
0.013428830 0.075656000
0.000000000 0.000000000
0.000000000 0.000000000
0.000000000 0.000000000
0.000000000 0.000000000
0.000000000 0.000000000
0.000000000 -0.000000000
0.000000000 0.000000000
0.000000000 0.000000000
0.000000000 0.000000000
0.000000000 0.000000000
0.000000000 0.000000000
0.000000000 -0.000000000
0.000000000 4.000000000
0.000000000 0.000000000
0.000000000 0.000000000
0.000000000 0.000000000
0.000000000 -0.000000000
0.000000000 0.000000000
0.000000000 -0.000000000
0.000000000 0.000000000
0.000000000 0.000000000
0.000000000 0.000000000
0.000000000 0.000000000
0.000000000 0.811304000
0.000000000 0.000000000
0.000000000 -0.000000000
0.000000000 -0.000000000
0.000000000 0.000000000
0.000000000 0.000000000
0.000000000 0.000000000
0.000000000 0.000000000
0.000000000 -2.433912000
0.000000000 0.000000000
0.000000000 0.000000000
0.000000000 0.000000000
0.000000000 -0.000000000
0.000000000 0.000000000
0.000000000 0.000000000
-0.448330959 -0.905208000
0.000000000 0.000000000
0.000000000 0.000000000
0.000000000 -0.000000000
0.000000000 0.000000000
0.000000000 0.000000000
-0.022416548 -2.245216000
0.000000000 0.000000000
0.000000000 0.000000000
0.000000000 -0.000000000
0.000000000 -0.000000000
-0.073964059 -0.000000000
0.000000000 0.000000000
0.000000000 0.000000000
0.000000000 0.000000000
0.000000000 0.000000000
0.026963153 7.773032000
0.000000000 0.000000000
0.000000000 0.000000000
0.000000000 0.000000000
0.000000000 -0.000000000
0.000000000 0.000000000
0.000000000 0.000000000
0.000000000 0.000000000
0.000000000 0.000000000
0.000000000 0.000000000
0.000000000 0.000000000
0.000000000 -0.000000000
0.000000000 0.000000000
0.000000000 1.811304000
0.000000000 -0.000000000
0.000000000 0.000000000
0.000000000 0.000000000
0.000000000 0.000000000
0.000000000 0.000000000
0.000000000 0.000000000
0.000000000 0.000000000
0.000000000 0.000000000
0.000000000 0.000000000
0.000000000 0.000000000
0.000000000 0.000000000
0.000000000 0.000000000
0.000000000 0.000000000
0.000000000 -0.000000000
-0.112082740 -0.056520000
0.000000000 -0.000000000
0.000000000 0.000000000
0.000000000 0.000000000
0.000000000 -0.000000000
0.000000000 0.000000000
0.000000000 0.000000000
0.000000000 0.000000000
0.000000000 -0.000000000
0.000000000 0.000000000
0.000000000 0.000000000
0.000000000 0.000000000
0.000000000 0.000000000
0.000000000 0.000000000
0.000000000 -0.000000000
0.000000000 0.000000000
0.000000000 -0.000000000
0.000000000 0.000000000
0.000000000 0.000000000
0.000000000 0.000000000
0.000000000 0.000000000
0.000000000 -0.000000000
0.000000000 0.000000000
-0.022416548 0.000000000
0.000000000 -2.000000000
0.000000000 0.000000000
0.000000000 0.000000000
0.000000000 0.000000000
0.000000000 0.000000000
0.000000000 0.000000000
0.000000000 0.000000000
0.000000000 0.000000000
0.000000000 0.000000000
0.000000000 0.000000000
0.000000000 0.000000000
0.000000000 0.000000000
0.000000000 0.000000000
0.000000000 0.000000000
0.000000000 -0.000000000
0.000000000 0.000000000
0.000000000 0.000000000
0.118797155 0.000000000
0.000000000 -2.000000000
0.000000000 0.000000000
0.000000000 0.000000000
0.000000000 -0.000000000
0.000000000 0.000000000
8.24345400166
