0.000000000 -0.314120000
0.037143292 0.429400000
0.000000000 -0.314120000
-0.099328762 0.000000000
0.000000000 0.000000000
0.000000000 -1.000000000
0.000000000 1.000000000
-0.099328762 -0.685880000
0.000000000 2.314120000
0.000000000 0.000000000
0.000000000 0.000000000
0.000000000 0.000000000
-0.144819446 -0.685880000
0.000000000 -0.314120000
0.000000000 0.000000000
0.000000000 0.000000000
0.000000000 0.000000000
0.000000000 0.000000000
-0.045490684 -0.685880000
0.000000000 0.000000000
0.000000000 0.000000000
0.000000000 0.000000000
0.000000000 0.685880000
0.227453422 0.429400000
0.045490684 0.685880000
0.000000000 0.000000000
0.000000000 0.000000000
0.000000000 0.000000000
0.000000000 -0.314120000
0.000000000 -0.314120000
0.099328762 0.000000000
-0.099328762 0.000000000
-0.153166839 -0.570600000
0.000000000 0.000000000
0.000000000 0.000000000
0.000000000 0.000000000
-0.099328762 -0.314120000
0.000000000 -0.685880000
-0.144819446 0.000000000
0.000000000 0.000000000
-0.053838077 0.000000000
0.000000000 -0.057640000
0.000000000 0.000000000
0.000000000 0.314120000
0.000000000 0.000000000
-0.099328762 -0.314120000
0.000000000 0.000000000
0.000000000 0.000000000
0.000000000 0.000000000
0.000000000 0.000000000
0.000000000 -0.371760000
0.000000000 0.000000000
0.000000000 0.000000000
0.000000000 -0.314120000
0.000000000 0.000000000
0.000000000 0.000000000
-0.099328762 0.000000000
0.099328762 0.314120000
0.136472053 0.371760000
0.045490684 1.314120000
0.000000000 0.000000000
0.062185470 0.198840000
0.000000000 -0.685880000
0.090981369 0.371760000
0.000000000 0.000000000
0.000000000 0.000000000
0.144819446 0.000000000
0.000000000 0.000000000
0.000000000 0.000000000
0.037143292 0.429400000
0.000000000 0.000000000
0.000000000 0.000000000
0.000000000 0.000000000
0.000000000 0.000000000
0.000000000 0.000000000
0.000000000 -1.000000000
0.053838077 0.628240000
-0.090981369 -0.371760000
0.000000000 0.000000000
-0.037143292 -1.057640000
0.000000000 0.000000000
0.000000000 0.000000000
0.000000000 0.000000000
0.000000000 0.685880000
0.000000000 0.371760000
0.000000000 0.685880000
0.000000000 0.000000000
0.000000000 0.000000000
-0.016694786 -0.884720000
0.207004917 0.942360000
0.000000000 0.000000000
0.000000000 0.000000000
0.000000000 0.000000000
0.000000000 0.314120000
0.000000000 0.000000000
-0.016694786 -0.198840000
0.000000000 0.000000000
-0.090981369 -0.371760000
0.000000000 0.000000000
0.000000000 0.000000000
0.000000000 0.000000000
0.000000000 -0.256480000
0.000000000 1.000000000
-0.090981369 -0.057640000
0.000000000 -0.314120000
0.000000000 0.000000000
0.053838077 0.942360000
0.000000000 0.000000000
0.000000000 -0.371760000
-0.053838077 0.000000000
-0.045490684 0.000000000
0.000000000 0.000000000
-0.037143292 -0.057640000
0.000000000 0.000000000
0.207004917 0.570600000
0.000000000 -0.314120000
0.090981369 0.371760000
0.045490684 0.000000000
0.000000000 0.314120000
0.000000000 0.000000000
0.000000000 0.000000000
0.000000000 0.000000000
0.000000000 0.000000000
-0.045490684 0.000000000
0.045490684 0.000000000
0.000000000 0.000000000
0.000000000 0.000000000
0.045490684 0.685880000
0.000000000 0.000000000
0.000000000 0.000000000
0.000000000 0.000000000
0.000000000 0.000000000
0.000000000 0.314120000
0.000000000 0.000000000
0.000000000 -0.314120000
0.000000000 0.000000000
0.000000000 -0.314120000
0.000000000 0.000000000
-0.008347393 -0.256480000
0.000000000 0.000000000
0.000000000 0.057640000
0.000000000 0.000000000
0.000000000 0.685880000
0.000000000 0.000000000
0.000000000 0.000000000
0.000000000 0.000000000
0.000000000 0.000000000
0.099328762 1.314120000
0.000000000 0.000000000
0.000000000 0.000000000
-0.161514232 -1.884720000
-0.045490684 0.000000000
0.053838077 0.628240000
0.000000000 0.000000000
0.000000000 0.000000000
-0.099328762 -0.314120000
0.037143292 0.743520000
0.000000000 0.000000000
-0.099328762 0.000000000
-0.045490684 0.000000000
0.000000000 0.685880000
0.000000000 0.000000000
-0.099328762 0.000000000
0.000000000 0.000000000
0.000000000 0.000000000
0.144819446 0.000000000
-0.107676155 -0.570600000
-0.153166839 -0.570600000
0.000000000 0.000000000
0.000000000 0.000000000
0.037143292 0.743520000
0.000000000 0.000000000
-0.136472053 -0.743520000
-0.045490684 0.000000000
0.000000000 0.000000000
0.000000000 0.000000000
0.000000000 0.000000000
0.000000000 1.314120000
0.000000000 -0.685880000
-0.144819446 0.000000000
-0.045490684 0.000000000
0.000000000 0.000000000
-0.116023548 -1.198840000
0.062185470 0.256480000
0.000000000 0.000000000
-0.062185470 -0.570600000
0.000000000 0.000000000
-0.045490684 0.000000000
0.000000000 0.000000000
0.000000000 -0.314120000
0.153166839 0.314120000
0.000000000 0.000000000
0.000000000 0.000000000
0.000000000 0.000000000
0.000000000 -0.314120000
-0.045490684 0.000000000
0.099328762 0.000000000
0.116023548 0.884720000
0.144819446 0.000000000
-0.016694786 -0.198840000
-0.045490684 0.000000000
0.045490684 0.000000000
0.000000000 0.000000000
0.000000000 0.314120000
0.144819446 0.000000000
0.000000000 0.000000000
0.000000000 0.000000000
0.144819446 0.000000000
0.000000000 0.000000000
0.000000000 0.000000000
0.000000000 0.000000000
0.000000000 0.000000000
0.099328762 0.000000000
-0.190310131 0.000000000
0.053838077 0.628240000
0.000000000 0.314120000
0.000000000 0.000000000
0.000000000 0.000000000
0.153166839 0.314120000
0.000000000 0.314120000
0.000000000 1.000000000
0.000000000 0.000000000
0.000000000 0.000000000
-0.144819446 -0.314120000
0.000000000 0.000000000
0.000000000 0.685880000
0.000000000 0.000000000
0.099328762 0.628240000
0.000000000 0.000000000
0.000000000 0.000000000
0.000000000 0.000000000
0.181962738 0.429400000
0.099328762 0.000000000
0.000000000 0.000000000
0.000000000 0.000000000
0.000000000 0.000000000
0.000000000 0.000000000
0.000000000 0.000000000
0.000000000 0.000000000
0.000000000 0.000000000
-0.116023548 -0.884720000
-0.107676155 -0.256480000
0.000000000 -0.314120000
0.000000000 0.000000000
-0.082633976 -0.429400000
0.000000000 0.685880000
0.000000000 -0.314120000
0.000000000 0.000000000
0.045490684 0.314120000
0.000000000 0.000000000
0.000000000 0.000000000
0.000000000 0.000000000
0.000000000 0.000000000
0.181962738 0.429400000
0.000000000 0.000000000
0.000000000 0.000000000
0.000000000 0.000000000
0.000000000 0.000000000
-0.099328762 0.000000000
0.107676155 0.256480000
0.000000000 0.314120000
-0.045490684 -0.371760000
-0.045490684 0.000000000
0.000000000 -0.685880000
0.045490684 0.057640000
-0.037143292 -0.057640000
0.000000000 0.000000000
0.000000000 0.000000000
-0.045490684 -1.314120000
-0.016694786 -0.256480000
0.000000000 0.000000000
0.000000000 0.000000000
-0.045490684 0.000000000
0.099328762 1.314120000
0.000000000 0.000000000
0.000000000 0.000000000
0.000000000 0.000000000
0.153166839 0.628240000
0.000000000 0.000000000
0.082633976 0.743520000
-0.037143292 -0.057640000
0.000000000 0.000000000
0.000000000 0.314120000
0.000000000 0.000000000
0.000000000 0.000000000
0.000000000 -0.371760000
0.000000000 0.685880000
0.000000000 0.000000000
-0.198657524 -0.628240000
0.000000000 0.314120000
0.045490684 0.000000000
0.000000000 0.000000000
0.000000000 0.000000000
0.144819446 0.685880000
-0.053838077 -0.314120000
0.000000000 -0.314120000
-0.053838077 -0.628240000
0.000000000 0.000000000
0.000000000 0.000000000
0.000000000 0.000000000
0.090981369 0.057640000
0.000000000 -0.685880000
0.000000000 0.000000000
0.000000000 0.000000000
0.000000000 0.314120000
-0.144819446 -0.314120000
-0.053838077 -0.314120000
0.000000000 0.000000000
0.000000000 0.000000000
0.000000000 0.685880000
0.000000000 0.000000000
0.000000000 0.000000000
0.000000000 0.000000000
0.000000000 -0.314120000
0.000000000 0.000000000
0.000000000 0.000000000
0.000000000 0.000000000
-0.062185470 -0.628240000
0.000000000 0.000000000
0.000000000 0.000000000
0.000000000 0.000000000
0.000000000 0.000000000
0.000000000 0.000000000
0.000000000 0.000000000
0.136472053 0.743520000
0.000000000 -1.314120000
-0.008347393 -0.256480000
0.000000000 0.000000000
0.000000000 -0.314120000
0.000000000 0.000000000
0.053838077 0.628240000
0.000000000 0.314120000
0.000000000 0.000000000
0.000000000 0.000000000
-0.161514232 -1.884720000
0.000000000 -0.685880000
0.000000000 0.628240000
0.144819446 0.000000000
0.000000000 0.000000000
0.045490684 0.000000000
0.000000000 0.000000000
-0.053838077 -0.371760000
0.000000000 0.000000000
0.000000000 0.000000000
-0.053838077 0.000000000
0.107676155 0.570600000
0.000000000 0.000000000
0.000000000 1.314120000
0.000000000 0.000000000
0.000000000 0.000000000
0.000000000 0.000000000
0.000000000 1.000000000
0.136472053 1.057640000
-0.016694786 -0.884720000
-0.045490684 -0.685880000
0.000000000 0.000000000
0.037143292 0.057640000
0.000000000 0.000000000
0.000000000 0.000000000
0.000000000 -0.371760000
0.000000000 0.000000000
0.000000000 -0.314120000
-0.016694786 -0.570600000
0.000000000 0.000000000
0.000000000 0.000000000
0.000000000 0.685880000
-0.107676155 -0.570600000
0.000000000 -0.057640000
-0.008347393 -0.256480000
-0.045490684 0.000000000
0.000000000 -0.314120000
-0.045490684 -0.371760000
0.099328762 0.314120000
0.000000000 1.000000000
0.000000000 0.000000000
0.000000000 0.000000000
0.000000000 0.000000000
0.107676155 0.570600000
0.000000000 0.000000000
0.000000000 0.000000000
0.090981369 0.371760000
0.000000000 0.000000000
-0.136472053 -0.057640000
0.000000000 -1.000000000
0.000000000 0.000000000
0.000000000 0.000000000
-0.053838077 -0.628240000
-0.045490684 0.000000000
0.144819446 0.000000000
0.099328762 0.628240000
0.008347393 0.942360000
0.000000000 1.314120000
0.000000000 0.000000000
0.000000000 0.000000000
0.082633976 0.743520000
0.000000000 0.000000000
0.000000000 0.000000000
-0.099328762 0.000000000
0.000000000 0.000000000
0.000000000 0.000000000
0.000000000 -0.628240000
0.082633976 0.429400000
-0.037143292 -0.429400000
0.000000000 0.000000000
0.116023548 1.198840000
0.144819446 0.314120000
0.000000000 0.000000000
0.000000000 0.000000000
0.090981369 0.057640000
0.000000000 0.000000000
0.000000000 0.000000000
0.000000000 0.000000000
-0.053838077 -0.314120000
0.000000000 0.000000000
-0.136472053 -0.057640000
0.045490684 0.057640000
0.000000000 0.000000000
0.244148208 0.314120000
0.000000000 -1.314120000
0.000000000 0.000000000
0.000000000 0.000000000
0.000000000 0.000000000
0.000000000 0.000000000
-0.161514232 -0.884720000
0.000000000 -0.314120000
0.000000000 -1.000000000
0.000000000 0.000000000
-0.116023548 -0.198840000
0.000000000 0.000000000
0.000000000 0.000000000
0.000000000 0.000000000
0.000000000 0.000000000
0.000000000 0.000000000
0.000000000 0.000000000
-0.053838077 -0.628240000
0.000000000 -0.314120000
0.000000000 0.000000000
0.000000000 0.685880000
0.000000000 0.000000000
-0.045490684 -0.314120000
0.000000000 0.000000000
0.000000000 0.000000000
0.000000000 0.314120000
-0.144819446 0.000000000
0.000000000 0.000000000
0.153166839 0.000000000
0.000000000 0.314120000
0.000000000 0.000000000
0.000000000 0.000000000
-0.062185470 -0.256480000
0.099328762 1.000000000
0.000000000 0.000000000
0.000000000 0.000000000
-0.099328762 0.000000000
0.000000000 0.000000000
0.000000000 0.000000000
0.000000000 0.000000000
-0.144819446 0.000000000
0.000000000 0.000000000
-0.045490684 0.000000000
0.000000000 0.000000000
-0.045490684 0.000000000
0.000000000 0.371760000
0.000000000 0.000000000
0.000000000 0.000000000
0.000000000 0.000000000
0.053838077 0.628240000
0.008347393 0.942360000
0.000000000 0.000000000
0.037143292 0.685880000
0.000000000 -0.314120000
0.000000000 0.000000000
0.000000000 0.000000000
0.144819446 0.000000000
0.008347393 0.256480000
0.116023548 0.884720000
0.000000000 0.000000000
0.000000000 -0.314120000
-0.053838077 0.000000000
-0.099328762 0.000000000
0.000000000 0.314120000
1.14665139791
