200 1662 9.2953300000 0.0825870000
160 198 8
64 189 5
63 83 5
29 199 5
59 122 10
56 114 2
52 129 2
75 92 3
55 74 3
18 138 1
170 174 3
105 196 5
7 174 7
164 168 9
27 127 9
53 115 6
12 108 7
55 188 9
105 146 7
74 178 4
148 184 9
131 153 1
45 58 2
80 140 10
32 113 10
145 192 3
35 163 8
120 197 8
43 131 10
48 136 10
50 199 2
110 162 7
56 150 3
105 180 9
195 200 5
65 136 3
89 151 7
19 105 3
84 142 8
34 184 1
41 134 5
129 156 9
150 172 6
47 189 8
50 191 1
52 71 9
181 190 8
48 142 8
104 115 3
24 93 8
86 114 3
62 188 4
21 120 10
91 187 1
36 70 5
26 90 6
5 37 7
31 95 6
14 137 9
20 174 1
91 117 9
72 73 6
60 99 10
16 18 5
84 105 10
95 157 10
5 100 4
86 142 8
21 123 3
102 194 5
25 67 3
135 198 6
50 145 3
132 144 7
31 74 7
29 124 8
49 78 10
26 51 6
36 142 9
62 98 9
38 65 3
92 119 7
68 134 10
11 155 2
74 82 5
50 173 2
11 82 10
79 186 3
4 18 1
69 74 9
32 114 9
95 105 6
19 39 7
48 117 2
193 194 8
39 164 8
153 184 6
74 155 4
87 88 9
5 40 5
104 185 6
133 136 8
125 141 2
103 131 4
7 154 2
105 137 6
33 82 3
142 150 4
93 173 5
4 197 2
43 153 6
16 106 8
48 180 5
20 184 10
144 147 1
63 153 9
94 103 2
73 185 8
43 112 9
140 167 7
24 29 4
10 92 1
43 161 3
86 172 9
19 153 5
22 178 1
55 143 8
81 155 5
12 153 5
33 143 10
142 157 6
35 124 3
28 38 8
11 99 3
105 150 3
19 166 10
56 169 6
47 182 5
51 118 3
31 188 7
98 186 1
85 167 10
100 155 7
17 182 10
125 126 7
1 162 7
84 187 3
73 188 2
61 127 8
113 120 3
101 191 8
60 170 1
73 157 7
30 76 6
9 24 5
114 116 3
4 128 9
60 188 2
66 140 6
49 85 6
6 180 6
48 105 8
30 73 4
87 126 9
135 173 6
86 197 6
2 12 7
90 110 5
37 40 7
108 125 3
23 77 3
29 121 10
55 61 5
81 83 6
13 95 3
17 67 5
27 61 3
67 173 1
95 97 1
94 185 5
4 120 7
63 132 1
92 189 1
166 168 3
30 63 9
92 173 7
124 167 7
5 184 6
4 110 2
37 57 5
49 121 9
65 113 5
124 200 4
92 182 2
80 108 3
144 176 3
57 73 2
44 160 6
29 159 10
73 99 1
61 79 6
62 81 3
2 87 2
5 20 9
164 169 1
71 138 9
21 109 2
89 121 2
85 134 5
87 183 4
109 165 8
7 98 10
18 128 3
10 167 1
22 127 10
48 56 8
109 193 8
156 172 9
28 84 1
22 115 7
90 123 2
18 180 8
153 157 7
173 198 1
16 150 7
98 155 5
33 46 8
94 99 4
16 96 10
39 52 1
102 164 8
43 74 5
191 199 8
20 185 6
89 111 5
84 196 5
23 141 3
36 194 9
56 138 5
4 168 1
45 107 3
42 149 6
146 162 1
58 132 10
22 112 2
18 129 3
38 166 5
66 134 5
118 197 3
2 151 1
156 168 3
81 104 3
86 110 2
47 177 2
46 178 9
13 22 8
10 24 5
60 104 6
190 195 6
43 59 3
4 137 3
95 99 1
22 79 7
10 151 10
81 98 9
59 184 9
9 78 6
56 165 2
1 105 4
72 127 2
101 163 6
56 136 3
22 27 7
7 100 6
78 85 1
53 103 1
101 151 4
25 160 2
101 200 1
3 82 1
131 161 6
4 156 4
119 183 6
135 140 4
5 148 2
87 182 4
67 151 8
98 157 10
22 153 3
23 88 3
176 186 1
3 161 9
15 164 6
157 179 4
122 178 6
70 193 7
10 125 7
75 199 4
12 88 8
16 102 1
175 187 4
25 92 6
71 139 6
25 177 4
117 136 5
46 69 10
18 194 1
121 130 1
31 94 2
43 97 2
80 92 10
1 128 5
13 192 6
40 155 10
60 153 5
81 147 9
8 89 8
17 24 3
49 145 1
15 162 7
77 152 2
35 119 6
19 133 4
71 106 1
78 111 9
120 129 5
77 87 1
28 142 3
69 143 5
107 161 5
86 161 6
123 194 7
62 178 7
39 90 3
40 79 1
28 117 7
110 120 9
61 107 5
93 158 9
8 66 2
29 141 4
178 179 5
47 151 5
79 179 1
36 187 5
119 124 2
69 161 10
24 80 9
100 122 4
35 195 9
63 188 7
30 57 1
110 168 7
38 165 3
46 100 9
115 157 10
94 192 5
174 188 5
50 88 10
73 74 4
61 62 10
75 135 6
76 83 5
17 64 7
14 138 10
88 177 9
136 139 3
59 153 6
183 199 10
141 145 3
136 168 1
77 140 8
105 142 1
56 91 1
51 106 8
25 44 7
38 193 9
75 80 4
5 99 10
115 176 10
14 164 3
22 97 9
65 175 4
9 80 8
64 134 10
65 137 3
52 128 7
12 92 10
144 154 4
6 149 2
38 86 9
72 143 2
125 163 4
35 190 2
148 186 2
50 68 8
74 115 5
66 92 2
116 133 1
10 200 4
65 106 5
95 107 10
19 136 10
27 81 5
167 199 7
125 130 7
117 187 7
114 197 10
28 110 2
26 38 4
42 56 1
175 197 1
9 126 2
69 178 8
29 163 8
165 197 6
22 122 5
159 189 6
137 138 9
79 148 9
76 188 3
116 136 9
52 118 2
116 118 3
17 119 7
37 185 3
40 143 7
11 53 8
55 155 2
105 123 10
71 96 1
17 111 7
28 96 2
95 184 10
77 167 7
162 172 1
83 107 7
39 166 7
26 84 3
5 115 10
171 176 1
32 38 1
89 181 2
2 80 9
6 106 5
68 177 9
44 130 10
41 167 8
78 173 10
22 59 9
38 162 1
50 64 10
94 161 5
172 175 1
40 53 5
49 93 5
6 138 7
3 73 9
8 177 1
170 178 3
85 126 5
62 115 8
27 94 5
52 139 7
69 176 8
29 173 9
170 179 4
79 154 6
93 124 8
12 50 2
178 192 8
88 159 2
76 171 8
48 102 1
54 124 8
106 118 4
31 107 6
54 195 5
22 143 9
67 135 9
69 94 2
137 168 9
138 180 10
52 65 2
23 195 5
88 135 3
109 194 8
154 155 2
53 57 4
123 197 3
66 159 7
85 111 2
55 147 4
140 158 5
5 131 6
116 142 9
105 162 5
50 66 1
15 70 5
126 163 3
30 186 8
38 146 9
186 188 2
74 99 3
37 107 7
39 65 3
59 72 1
127 155 8
113 138 8
151 190 2
61 185 9
19 138 1
85 199 8
69 95 8
81 132 1
43 69 3
25 124 7
87 195 2
101 198 5
166 180 3
25 145 8
52 117 1
152 158 6
6 109 4
17 77 8
121 158 10
119 177 8
26 146 5
119 134 1
174 176 2
34 98 4
42 136 5
40 98 10
94 155 8
120 180 2
109 175 3
99 176 6
85 152 10
65 187 4
148 176 1
5 178 8
19 128 5
131 157 10
76 81 1
45 53 4
129 142 8
72 144 2
67 163 1
115 122 7
50 151 7
20 99 1
43 127 3
51 84 4
151 160 5
28 113 4
63 147 10
46 55 5
27 83 10
172 197 1
125 158 2
6 86 1
129 193 4
109 129 1
14 169 10
32 197 6
11 30 3
72 115 5
31 154 8
5 154 6
111 163 1
43 135 5
82 161 9
87 160 6
112 174 2
35 152 7
66 158 4
54 141 10
32 86 6
100 107 6
66 182 3
139 194 1
23 182 2
8 77 5
130 199 7
139 166 5
22 43 3
72 104 2
63 143 3
2 134 1
97 153 9
14 52 6
77 92 2
125 191 3
175 194 5
56 129 1
43 147 7
54 77 2
79 153 6
48 137 9
21 84 2
160 200 7
160 167 10
21 137 9
80 191 4
119 126 2
57 184 8
25 119 2
160 163 1
34 60 4
43 176 1
46 74 9
73 79 3
56 86 9
30 62 3
60 112 7
16 109 5
36 118 6
38 52 7
105 109 8
49 191 9
9 85 5
65 166 3
159 191 8
115 188 7
96 118 5
76 174 3
39 139 9
74 112 6
11 74 7
56 84 1
35 189 10
106 116 6
126 158 4
128 142 10
63 79 6
97 186 9
34 122 8
51 133 3
49 152 9
163 189 6
33 127 8
109 142 10
106 166 6
51 146 6
91 156 1
7 53 8
39 91 10
31 60 7
54 119 8
16 128 6
2 158 3
3 155 3
27 95 3
29 50 3
13 69 4
92 145 6
11 60 3
26 187 1
141 190 10
23 183 9
126 135 3
7 185 2
120 133 3
151 173 3
10 75 5
33 178 4
72 184 7
14 162 4
127 148 1
177 181 10
81 95 10
126 190 5
168 180 5
86 133 6
123 136 6
68 195 6
64 68 4
29 190 7
189 198 1
24 92 5
49 189 3
122 188 8
3 143 3
1 120 4
18 137 9
2 195 4
42 139 4
25 199 1
33 69 6
43 57 7
72 171 10
99 155 8
23 68 2
24 111 2
174 179 10
23 41 8
145 151 9
32 70 2
91 194 10
75 119 6
143 178 10
4 116 3
45 127 4
116 129 6
94 147 1
15 180 1
39 187 3
54 200 9
3 62 4
44 67 8
46 161 10
22 104 10
84 132 6
46 171 8
28 133 7
67 125 10
132 143 2
14 56 5
36 169 1
13 179 1
40 105 6
122 131 10
65 128 8
38 196 1
3 192 9
142 175 8
128 156 6
38 156 6
118 146 8
56 162 5
73 178 2
22 100 2
138 175 8
52 137 2
105 169 5
114 180 8
107 115 1
40 127 9
134 140 2
66 77 10
102 138 10
104 122 3
132 148 8
132 178 10
9 89 2
81 148 5
40 170 2
25 200 10
26 150 10
24 167 3
12 145 5
84 96 10
39 168 8
125 173 4
52 194 7
36 162 4
172 194 1
27 43 9
127 143 8
3 90 6
117 156 10
23 151 1
128 175 6
165 168 2
23 101 3
93 199 8
43 144 7
8 198 10
147 197 4
22 40 8
90 166 10
17 87 6
89 183 6
38 46 6
58 157 4
19 116 4
149 150 1
49 163 3
82 171 10
163 191 3
96 109 6
134 199 7
77 135 3
107 155 3
6 71 9
53 176 6
68 111 1
73 115 2
6 169 1
91 128 10
63 76 5
84 180 6
44 124 5
65 139 3
111 183 6
41 198 6
88 134 1
4 165 10
16 86 10
96 105 6
83 170 9
44 75 4
52 172 4
21 71 4
26 109 2
28 165 6
49 195 6
86 102 7
95 174 4
1 118 3
167 189 9
29 93 9
118 138 2
107 157 2
78 125 9
52 86 9
35 49 1
47 92 10
116 194 8
33 179 8
69 192 3
24 44 7
68 93 1
127 176 10
22 63 4
67 130 3
47 140 6
117 129 7
100 161 4
113 172 3
51 52 10
3 115 7
45 98 3
15 105 2
36 42 4
11 122 5
130 163 2
140 141 6
45 132 6
41 68 9
110 136 9
8 23 3
120 123 3
26 71 5
115 192 6
123 162 4
39 194 8
96 114 6
54 92 4
82 144 7
83 186 4
17 159 9
10 111 4
152 195 10
66 124 4
111 124 5
94 132 6
15 165 4
10 191 4
77 134 8
2 47 6
24 25 7
14 15 1
51 162 1
82 174 5
110 175 10
32 120 8
70 149 9
116 164 5
139 149 3
9 140 2
40 103 3
7 95 8
76 192 10
17 124 7
129 134 3
113 146 4
2 41 4
7 94 5
118 128 10
85 191 4
76 100 5
81 94 5
84 106 5
139 187 6
13 61 4
40 148 8
29 130 2
20 82 9
25 126 10
70 194 7
80 152 5
63 103 3
143 153 9
14 42 7
18 38 8
33 182 2
132 170 2
22 58 2
58 155 6
16 38 1
66 173 9
23 200 7
98 179 9
35 141 3
27 170 3
110 197 1
68 88 3
140 183 5
2 125 2
46 153 2
94 127 7
107 112 10
23 110 4
13 143 9
2 89 10
51 150 1
87 140 5
126 191 5
78 195 9
11 37 1
56 172 1
47 68 6
102 142 7
24 141 4
14 90 2
66 108 1
126 195 8
90 114 2
88 111 3
11 170 9
46 188 9
97 127 3
1 39 2
78 177 10
62 148 4
6 196 6
28 149 7
153 186 10
53 95 6
106 117 3
28 168 7
109 149 8
130 173 8
92 141 6
47 108 2
18 123 1
49 54 2
22 103 10
136 150 6
27 184 7
65 133 8
46 83 2
66 87 8
78 119 5
108 195 1
10 124 7
55 176 10
14 117 1
5 43 7
41 92 2
3 147 1
123 156 7
75 190 9
49 68 10
9 173 1
7 155 2
73 192 4
44 190 9
86 120 8
122 148 9
125 182 5
49 177 4
30 45 1
51 65 2
106 137 6
149 180 1
55 132 7
41 75 8
97 112 10
100 153 10
89 119 5
59 99 6
53 69 5
52 197 2
1 106 3
184 188 2
104 186 6
6 164 2
119 189 10
22 95 8
4 106 1
74 76 1
63 72 4
94 179 7
24 47 5
13 55 7
111 151 6
42 51 8
67 101 9
108 124 10
95 104 4
187 197 10
81 178 3
116 138 8
64 183 5
59 107 9
153 171 9
91 118 3
137 197 8
166 196 4
37 147 8
21 102 10
102 197 2
45 171 5
69 186 3
20 76 8
111 130 4
102 169 4
91 169 1
154 178 10
32 129 2
36 165 2
73 131 10
162 193 9
33 176 10
141 152 9
56 146 3
51 114 10
28 70 4
88 173 1
3 178 6
37 184 2
10 35 8
138 164 6
109 168 2
109 156 8
62 80 1
40 174 7
38 90 9
25 152 6
100 132 10
70 175 7
59 69 3
39 129 5
146 150 3
53 171 9
47 124 4
85 160 7
12 173 4
51 113 7
39 137 5
177 183 5
73 94 4
26 32 2
89 163 8
16 165 1
34 132 5
120 194 2
21 105 10
57 176 9
65 180 8
76 79 10
19 168 6
121 198 3
105 166 7
86 91 5
94 112 8
62 179 10
195 199 9
101 195 6
5 112 6
6 133 4
119 145 1
68 92 6
9 41 10
58 112 9
97 122 8
95 179 5
116 162 9
153 178 1
54 183 4
54 67 10
114 136 10
139 142 10
130 195 3
133 169 4
7 99 6
8 160 4
26 48 6
32 156 10
15 197 7
88 89 1
21 150 3
129 180 8
44 152 1
121 195 6
1 32 5
23 199 10
63 144 2
72 94 3
39 142 10
134 181 6
15 32 3
68 78 7
172 196 7
9 160 2
46 184 10
36 197 2
22 74 9
4 164 7
61 81 7
88 93 1
3 55 2
84 149 2
62 171 7
70 165 8
85 92 5
16 114 3
32 162 6
38 91 2
40 107 6
93 200 3
111 200 10
35 167 8
67 80 2
2 182 10
9 49 3
117 169 8
57 107 9
20 178 6
29 85 6
65 102 4
41 93 7
119 151 5
60 95 8
77 191 8
82 132 4
62 94 10
76 113 4
23 130 10
100 154 9
55 58 3
146 169 9
2 190 7
42 137 5
6 39 3
155 184 3
114 150 2
115 154 8
18 28 2
18 142 7
58 63 9
63 94 8
110 165 2
40 188 5
16 21 4
96 116 1
106 136 5
56 166 2
159 200 3
99 171 3
60 185 3
104 178 1
126 140 2
81 145 5
27 74 4
34 95 5
99 178 5
50 189 5
21 138 2
7 63 1
55 178 7
102 156 3
81 103 10
66 119 5
21 117 10
99 170 6
25 184 6
25 182 10
91 166 10
114 165 1
32 149 7
162 169 8
23 24 2
67 140 8
86 116 7
61 155 8
36 96 1
2 25 1
183 189 4
115 171 1
102 129 8
105 187 1
129 139 6
46 79 2
1 109 5
84 164 2
45 97 8
16 51 8
44 195 2
133 187 2
52 114 6
45 46 8
143 185 4
55 115 3
137 149 2
151 182 4
12 177 8
62 186 8
130 191 1
91 196 10
141 198 7
76 186 9
110 169 7
58 62 1
71 169 8
3 63 6
169 180 9
64 167 4
32 142 5
136 169 2
83 131 9
91 165 9
37 83 10
14 96 6
133 142 5
170 188 6
57 170 5
83 192 6
116 137 5
175 193 10
33 132 10
3 95 5
104 155 2
39 172 3
10 29 8
17 145 8
27 143 10
119 121 8
113 118 9
75 77 8
32 90 7
87 92 9
53 154 10
19 86 4
63 98 7
57 81 10
63 176 9
23 66 8
55 63 3
18 71 10
52 149 9
14 168 5
52 90 10
20 34 2
40 55 9
118 149 6
128 136 9
4 25 1
112 122 9
29 181 1
159 160 7
28 106 10
67 119 1
40 74 10
32 105 5
50 92 7
154 184 5
25 108 3
36 156 3
104 160 7
54 134 8
18 116 4
167 191 1
75 195 4
33 97 3
26 56 6
103 143 1
3 184 2
38 139 4
149 175 7
154 185 9
163 195 3
91 149 3
28 150 8
31 192 2
2 135 8
31 143 7
170 192 1
102 165 2
110 164 2
48 129 6
140 159 5
2 200 9
143 192 3
32 117 2
18 110 5
187 196 4
25 89 3
62 95 8
7 61 8
15 48 10
118 150 1
87 130 1
90 146 3
23 85 7
94 186 6
97 103 7
45 178 8
21 51 6
165 166 6
14 19 8
11 95 4
64 182 9
15 26 10
128 165 8
40 112 1
159 177 7
142 180 10
18 166 6
54 64 5
57 74 3
83 143 7
26 117 1
68 167 9
121 152 7
112 132 10
72 82 8
29 140 7
58 186 7
94 184 3
69 185 4
50 126 3
155 171 10
109 114 8
33 157 5
39 105 1
115 144 10
34 161 6
12 87 7
30 171 4
29 125 7
107 192 9
90 120 10
49 67 6
86 180 10
124 189 1
6 16 9
30 112 2
83 132 7
25 195 2
47 152 7
84 166 4
9 199 7
32 56 8
44 87 4
13 99 1
21 113 4
3 171 7
8 199 5
48 138 3
19 91 10
70 102 8
4 42 1
59 176 3
45 115 9
110 142 10
49 80 3
17 89 1
97 99 4
80 173 5
39 116 5
39 106 6
3 57 7
89 182 6
134 173 10
2 152 3
11 107 4
33 34 8
40 62 2
91 146 2
62 192 6
31 55 2
33 147 10
4 113 8
103 171 8
93 126 6
35 200 7
66 118 4
117 168 9
62 79 9
15 183 1
34 157 4
11 55 7
40 73 7
123 169 5
26 137 4
83 179 5
74 184 3
45 143 1
20 161 2
46 122 8
123 142 10
32 137 10
34 186 7
66 151 6
127 154 3
35 159 1
112 171 7
62 107 9
82 147 10
26 172 10
71 91 10
74 138 5
40 61 9
55 174 2
165 187 1
38 110 8
37 95 7
120 166 8
77 141 1
62 76 4
11 100 3
134 189 1
128 138 5
93 183 2
23 67 3
38 39 4
62 144 8
44 126 5
97 148 9
8 29 6
128 187 1
34 58 6
166 194 3
16 139 6
71 162 9
140 145 10
46 176 3
15 113 7
42 113 6
27 33 8
61 143 6
140 191 4
60 94 8
74 186 5
47 181 4
114 142 8
60 69 2
71 120 6
113 123 6
58 60 3
28 116 8
43 53 8
115 178 4
99 127 10
1 142 1
15 166 10
63 179 10
104 161 6
114 123 5
41 148 3
17 135 3
43 55 8
22 55 4
17 60 6
57 112 6
121 134 8
22 83 4
18 165 10
34 73 6
154 186 2
109 128 7
62 122 10
65 168 4
18 175 6
108 173 1
31 147 6
38 137 7
173 190 4
12 49 9
57 104 4
83 99 6
10 135 6
1 113 10
87 101 4
105 120 3
107 144 8
30 127 1
18 197 6
94 148 10
31 178 1
50 108 3
30 82 4
131 185 9
33 104 8
67 124 7
19 142 5
110 138 7
3 83 1
94 115 7
6 48 6
30 157 1
62 174 10
119 130 9
115 132 6
42 129 4
158 183 5
80 200 10
79 198 3
45 94 2
31 131 6
41 50 2
13 100 3
51 175 2
102 175 9
193 197 1
130 181 8
22 88 2
92 181 4
60 192 8
29 78 5
14 65 6
102 196 4
39 42 4
61 103 5
37 188 1
66 75 6
132 147 8
35 54 9
65 118 8
30 174 6
86 139 6
66 126 5
89 125 2
52 193 1
139 180 2
11 63 10
5 170 8
31 122 5
20 144 6
147 171 10
39 133 3
51 164 6
24 152 5
53 122 4
4 39 10
64 67 7
49 198 4
98 107 1
26 65 8
31 176 10
42 187 2
150 196 6
57 186 4
53 72 6
31 57 2
21 187 2
117 165 3
27 153 1
98 178 5
164 175 1
73 98 9
12 181 7
102 113 4
14 133 4
89 173 5
74 153 9
44 93 5
164 194 4
5 155 7
152 190 6
90 172 3
7 153 3
25 35 2
79 103 2
101 108 8
47 64 9
112 170 9
87 159 3
193 196 3
135 195 8
19 149 3
187 193 8
73 95 7
198 200 3
101 173 1
110 118 10
28 196 7
54 159 6
74 83 2
61 94 5
3 157 7
31 81 4
66 125 9
71 118 8
11 157 5
90 109 2
25 190 10
94 97 8
164 197 2
41 145 2
9 181 10
89 130 5
96 166 4
64 145 4
1 116 8
97 155 5
57 61 9
45 157 3
93 101 9
75 181 9
20 132 8
35 87 4
41 44 10
17 151 1
89 191 6
150 164 9
27 99 4
137 156 8
66 67 6
41 141 5
43 143 5
35 85 10
19 123 2
101 141 10
117 164 5
66 145 9
14 128 5
129 136 7
64 135 6
77 125 1
121 177 10
156 175 4
103 154 4
87 189 8
4 172 1
4 136 6
37 74 8
136 156 4
180 194 5
88 190 8
70 113 4
12 140 8
4 36 9
29 160 4
25 29 6
73 171 8
109 133 8
27 82 6
4 84 10
42 138 1
5 174 10
79 155 5
66 80 9
9 141 6
74 122 10
108 152 1
66 93 8
72 179 9
112 143 3
