0.000000000 0.000000000
0.000000000 0.000000000
0.423700537 0.000000000
0.000000000 -0.765312211
0.000000000 -0.852031684
-0.000000000 -0.469375579
0.000000000 0.000000000
0.000000000 0.000000000
0.000000000 0.000000000
0.000000000 -1.000000000
0.000000000 -0.382656105
0.000000000 0.000000000
0.021069524 1.566402632
0.000000000 0.000000000
0.116202738 1.137660737
0.000000000 0.000000000
0.504766336 0.000000000
0.317775403 0.000000000
0.000000000 1.382656105
0.000000000 0.000000000
0.847401074 0.000000000
0.000000000 0.000000000
0.000000000 0.000000000
0.000000000 0.000000000
0.000000000 0.000000000
0.000000000 0.000000000
0.000000000 0.000000000
0.000000000 0.000000000
0.000000000 0.000000000
0.000000000 0.000000000
0.000000000 0.000000000
0.000000000 0.000000000
0.000000000 0.000000000
0.000000000 -0.382656105
0.000000000 0.000000000
0.000000000 0.000000000
0.000000000 0.000000000
0.000000000 0.000000000
0.000000000 0.000000000
0.317775403 0.000000000
0.000000000 0.000000000
0.065392235 0.000000000
-0.236709604 0.000000000
0.000000000 0.000000000
-0.105925134 0.000000000
0.000000000 0.000000000
0.000000000 0.000000000
-0.040532899 0.000000000
0.000000000 0.000000000
0.000000000 0.000000000
0.000000000 0.000000000
0.000000000 6.704063368
0.000000000 1.234687789
-0.040532899 -0.234687789
0.000000000 -0.617343895
0.000000000 0.000000000
0.000000000 0.000000000
0.000000000 0.000000000
0.211850268 0.000000000
0.037834919 3.642814526
0.000000000 -3.382656105
0.000000000 1.678592737
-0.292916067 0.000000000
0.000000000 0.000000000
0.000000000 1.000000000
0.252383168 0.000000000
0.398841201 0.000000000
0.000000000 0.000000000
0.000000000 0.765312211
0.000000000 0.000000000
0.000000000 0.765312211
0.024859336 0.000000000
0.000000000 0.000000000
-0.040532899 0.000000000
0.000000000 0.000000000
0.000000000 0.000000000
0.000000000 0.765312211
0.000000000 0.147968316
0.000000000 -0.382656105
0.000000000 0.765312211
0.087553590 2.790782842
0.000000000 -0.852031684
0.000000000 0.000000000
0.000000000 0.000000000
0.000000000 -0.617343895
0.000000000 0.000000000
0.000000000 0.000000000
0.000000000 0.000000000
0.000000000 0.000000000
0.000000000 -1.408126737
0.000000000 0.000000000
0.000000000 0.000000000
0.317775403 0.000000000
-0.024859336 0.000000000
0.011883752 0.887809895
0.000000000 0.000000000
0.000000000 0.000000000
0.000000000 0.000000000
0.000000000 0.000000000
-0.000000000 -0.234687789
0.000000000 0.000000000
0.105925134 0.000000000
0.000000000 0.000000000
0.000000000 0.000000000
0.597715886 0.209217158
0.126994658 3.183746526
0.000000000 0.000000000
0.000000000 0.000000000
0.000000000 0.000000000
0.000000000 0.000000000
0.000000000 0.000000000
0.000000000 0.000000000
-0.180503141 -0.295936632
0.000000000 0.000000000
0.000000000 -2.617343895
0.000000000 -0.382656105
0.000000000 0.000000000
0.000000000 0.000000000
0.000000000 0.000000000
0.000000000 0.000000000
0.000000000 0.000000000
0.000000000 0.000000000
-0.065392235 0.000000000
0.000000000 0.000000000
0.000000000 0.000000000
0.000000000 0.000000000
0.000000000 0.000000000
0.000000000 0.000000000
0.000000000 0.617343895
0.000000000 0.000000000
0.000000000 1.765312211
0.000000000 0.000000000
0.000000000 -0.382656105
0.000000000 0.000000000
-0.090251571 0.000000000
0.000000000 0.000000000
-0.130784470 0.000000000
0.000000000 0.000000000
0.000000000 0.000000000
0.000000000 0.000000000
-0.015673564 0.000000000
0.000000000 -1.617343895
0.130784470 0.000000000
0.000000000 -0.382656105
0.000000000 0.000000000
0.000000000 0.000000000
0.000000000 0.000000000
0.000000000 0.000000000
0.000000000 0.000000000
0.000000000 0.000000000
0.000000000 0.000000000
0.049718671 0.147968316
0.000000000 0.000000000
0.000000000 0.000000000
-0.040532899 0.000000000
0.000000000 0.000000000
0.000000000 1.000000000
0.317775403 0.000000000
0.000000000 0.000000000
0.326961175 0.000000000
0.000000000 0.000000000
-0.040532899 0.000000000
0.000000000 0.000000000
0.000000000 0.000000000
0.000000000 0.000000000
0.000000000 0.000000000
0.000000000 0.000000000
0.000000000 0.000000000
-0.065392235 0.000000000
0.000000000 -0.617343895
0.317775403 0.000000000
0.065392235 0.000000000
0.000000000 0.000000000
0.000000000 0.000000000
0.000000000 -4.000000000
0.130784470 0.000000000
0.000000000 0.765312211
-0.143760053 -0.260158421
0.000000000 2.913280526
-0.065392235 0.000000000
0.040532899 0.000000000
0.000000000 0.000000000
0.000000000 -0.617343895
0.105925134 0.000000000
0.000000000 0.000000000
-0.032953276 -0.306244211
-0.211850268 0.000000000
0.000000000 0.000000000
0.000000000 -0.617343895
0.000000000 -0.234687789
0.000000000 0.000000000
0.000000000 2.000000000
0.000000000 0.234687789
0.000000000 0.000000000
-0.211850268 0.000000000
0.000000000 0.382656105
0.040532899 0.000000000
-0.024859336 0.000000000
0.000000000 0.000000000
0.000000000 0.000000000
0.000000000 0.000000000
0.000000000 0.000000000
-0.105925134 0.000000000
0.000000000 0.000000000
0.000000000 0.000000000
0.000000000 0.000000000
0.000000000 2.913280526
0.000000000 0.000000000
0.000000000 0.000000000
0.000000000 1.000000000
-0.040532899 0.000000000
0.000000000 -2.765312211
0.000000000 1.147968316
0.000000000 0.000000000
0.000000000 0.000000000
0.000000000 1.617343895
0.000000000 -0.617343895
0.000000000 0.000000000
-0.211850268 0.000000000
0.000000000 0.000000000
0.000000000 0.000000000
0.146458034 0.000000000
0.268056731 0.000000000
0.000000000 0.000000000
0.000000000 -0.382656105
0.000000000 0.000000000
0.000000000 0.000000000
0.000000000 0.000000000
0.000000000 0.000000000
0.000000000 0.000000000
0.000000000 0.000000000
0.000000000 0.000000000
0.000000000 0.000000000
0.000000000 0.000000000
0.000000000 0.000000000
0.000000000 0.000000000
0.000000000 0.000000000
0.186990933 1.234687789
0.000000000 0.382656105
0.000000000 0.000000000
0.000000000 0.000000000
0.311287611 0.000000000
-0.130784470 0.000000000
0.000000000 -1.234687789
0.000000000 0.000000000
0.000000000 1.000000000
0.000000000 0.000000000
0.000000000 0.000000000
0.000000000 -1.530624421
-0.312379443 -0.050941263
0.000000000 0.000000000
0.000000000 0.000000000
0.000000000 0.000000000
0.000000000 0.000000000
0.000000000 0.000000000
0.112412926 1.790782842
0.000000000 0.000000000
0.000000000 0.000000000
0.130784470 0.000000000
0.000000000 0.000000000
0.000000000 0.000000000
0.000000000 0.000000000
0.000000000 0.000000000
0.000000000 0.000000000
0.000000000 -0.617343895
-0.074578007 0.000000000
0.000000000 0.000000000
0.000000000 0.000000000
0.000000000 0.000000000
0.000000000 1.382656105
0.000000000 0.617343895
0.000000000 -2.765312211
0.000000000 0.000000000
0.000000000 0.000000000
0.000000000 0.000000000
0.000000000 0.000000000
-0.317775403 0.000000000
0.000000000 0.000000000
0.000000000 0.000000000
0.000000000 0.000000000
0.000000000 0.000000000
0.000000000 1.530624421
0.000000000 -0.147968316
0.000000000 0.000000000
0.317775403 0.000000000
0.000000000 0.000000000
0.000000000 0.000000000
0.000000000 0.000000000
0.000000000 0.000000000
-0.015673564 -0.234687789
0.000000000 0.000000000
-0.121598698 0.000000000
0.000000000 0.000000000
-0.105925134 0.000000000
0.000000000 0.000000000
0.000000000 0.000000000
-0.619877242 0.000000000
0.090251571 0.147968316
0.009185772 0.000000000
0.000000000 0.000000000
0.000000000 0.000000000
0.000000000 0.382656105
0.000000000 0.000000000
0.000000000 1.000000000
0.000000000 0.000000000
0.000000000 0.000000000
0.000000000 0.000000000
0.000000000 0.000000000
0.000000000 0.000000000
0.000000000 -0.530624421
0.000000000 0.000000000
0.000000000 0.000000000
0.000000000 0.617343895
0.000000000 0.000000000
0.000000000 -2.234687789
0.000000000 0.000000000
0.000000000 0.000000000
0.000000000 0.000000000
0.105925134 0.000000000
0.000000000 -2.295936632
-0.477209020 -5.494846211
0.000000000 7.000000000
0.292916067 0.852031684
0.000000000 0.000000000
0.000000000 1.234687789
0.000000000 0.000000000
0.000000000 0.000000000
0.000000000 0.000000000
0.000000000 0.000000000
0.000000000 3.086719474
0.105925134 0.000000000
0.000000000 0.000000000
0.000000000 0.000000000
0.000000000 0.000000000
0.000000000 0.000000000
0.000000000 3.765312211
0.000000000 0.000000000
0.000000000 0.000000000
0.000000000 0.000000000
0.000000000 -4.530624421
0.000000000 0.000000000
0.000000000 2.852031684
0.000000000 -1.938751158
0.000000000 0.000000000
0.000000000 0.000000000
0.000000000 1.321407263
0.000000000 -0.382656105
0.000000000 0.000000000
0.000000000 0.000000000
0.000000000 0.000000000
0.000000000 -1.382656105
0.000000000 0.000000000
0.000000000 0.234687789
0.000000000 0.000000000
0.000000000 0.000000000
0.000000000 0.000000000
0.000000000 0.382656105
0.000000000 0.000000000
0.000000000 -2.000000000
0.000000000 0.000000000
0.000000000 0.000000000
0.000000000 0.000000000
0.000000000 0.000000000
0.000000000 0.000000000
0.000000000 0.000000000
0.408026973 0.000000000
0.000000000 0.000000000
0.000000000 0.000000000
0.000000000 1.530624421
0.000000000 -1.000000000
0.000000000 0.000000000
0.000000000 0.000000000
0.000000000 0.000000000
0.000000000 0.000000000
0.000000000 0.000000000
0.000000000 0.000000000
0.000000000 1.617343895
0.000000000 0.000000000
0.000000000 1.530624421
0.000000000 0.000000000
-0.105925134 0.000000000
-0.176713329 -2.331714842
0.000000000 0.000000000
0.000000000 0.000000000
0.000000000 0.000000000
0.000000000 0.000000000
0.000000000 -0.617343895
0.000000000 -0.617343895
0.000000000 0.000000000
0.124296678 0.061248842
0.000000000 0.000000000
0.000000000 -0.617343895
0.000000000 0.000000000
0.000000000 0.000000000
0.000000000 -3.852031684
0.223734020 3.887809895
0.000000000 0.000000000
0.000000000 0.000000000
0.326961175 0.295936632
0.000000000 0.000000000
0.000000000 0.382656105
0.000000000 0.000000000
-0.065392235 0.000000000
0.000000000 2.000000000
0.000000000 0.000000000
0.000000000 0.000000000
0.000000000 0.000000000
0.000000000 0.000000000
0.000000000 0.000000000
0.000000000 -2.382656105
0.211850268 0.000000000
0.000000000 0.000000000
0.000000000 0.000000000
0.000000000 0.000000000
0.105925134 0.000000000
0.000000000 0.000000000
0.000000000 0.000000000
0.081065799 0.000000000
0.000000000 2.617343895
0.121598698 0.000000000
0.000000000 0.000000000
0.000000000 0.000000000
0.000000000 0.000000000
0.000000000 0.000000000
0.000000000 -1.000000000
0.070788195 1.331714842
0.015673564 0.000000000
0.000000000 0.000000000
0.000000000 0.000000000
0.000000000 0.382656105
-0.040532899 0.000000000
0.000000000 0.000000000
-0.423700537 0.000000000
0.000000000 0.000000000
0.000000000 0.000000000
-0.099437342 -0.061248842
0.000000000 0.000000000
0.000000000 0.000000000
0.000000000 0.000000000
-0.252383168 0.000000000
0.000000000 -0.765312211
0.000000000 0.000000000
0.000000000 0.000000000
-0.105925134 0.000000000
0.000000000 0.000000000
0.000000000 0.000000000
0.000000000 0.000000000
0.268056731 0.000000000
-0.065392235 0.000000000
-0.162131597 -0.086719474
0.000000000 0.000000000
0.000000000 0.000000000
0.000000000 0.000000000
0.000000000 0.000000000
-0.105925134 0.000000000
0.000000000 -2.000000000
0.000000000 0.000000000
0.000000000 0.000000000
0.000000000 0.000000000
0.099437342 0.061248842
0.000000000 0.000000000
0.000000000 0.000000000
0.847401074 0.000000000
0.000000000 0.000000000
0.000000000 -7.234687789
0.000000000 2.000000000
0.009185772 0.000000000
0.000000000 0.000000000
0.000000000 0.000000000
0.000000000 0.000000000
0.000000000 0.000000000
0.000000000 0.000000000
0.000000000 0.000000000
-0.062694255 -1.025470632
-0.171317369 0.000000000
0.000000000 0.000000000
0.000000000 0.000000000
0.000000000 0.000000000
0.105925134 0.000000000
0.074578007 1.678592737
0.000000000 -0.617343895
0.000000000 0.000000000
0.000000000 1.617343895
0.000000000 0.000000000
0.000000000 0.000000000
0.000000000 0.000000000
0.000000000 0.000000000
0.000000000 0.000000000
0.000000000 -0.382656105
-0.538811443 -0.000000000
0.000000000 2.000000000
0.105925134 0.234687789
0.000000000 -1.000000000
0.000000000 -0.234687789
0.040532899 0.000000000
0.000000000 0.000000000
-0.211850268 0.000000000
0.065392235 0.000000000
0.000000000 -0.765312211
0.000000000 -0.382656105
0.000000000 2.382656105
0.000000000 0.000000000
0.000000000 0.000000000
-0.317775403 0.000000000
0.000000000 0.000000000
0.000000000 0.000000000
0.000000000 1.765312211
0.000000000 0.000000000
0.473419208 0.000000000
0.000000000 0.000000000
0.000000000 0.000000000
0.000000000 0.000000000
0.000000000 0.000000000
0.000000000 0.617343895
0.000000000 0.000000000
0.000000000 0.000000000
-0.074578007 -4.913280526
0.000000000 1.852031684
0.000000000 2.765312211
0.000000000 -0.382656105
0.000000000 1.913280526
0.000000000 -1.852031684
0.000000000 -0.617343895
0.000000000 0.000000000
0.000000000 0.000000000
0.024859336 0.000000000
0.000000000 -0.382656105
0.000000000 0.000000000
0.000000000 0.000000000
0.000000000 0.000000000
-0.052416651 -0.505153789
-0.012975584 -1.877502316
-0.277242503 0.000000000
0.000000000 0.000000000
-0.529625671 0.000000000
0.000000000 0.000000000
0.000000000 0.000000000
-0.040532899 0.000000000
0.000000000 0.000000000
0.000000000 0.000000000
0.000000000 0.000000000
-0.065392235 0.000000000
0.000000000 0.000000000
-0.040532899 -0.234687789
0.000000000 0.000000000
0.000000000 0.000000000
0.289126255 1.270466000
0.000000000 0.000000000
0.000000000 0.000000000
0.000000000 0.000000000
0.000000000 -0.382656105
0.000000000 0.000000000
0.000000000 0.000000000
0.000000000 0.000000000
0.000000000 0.617343895
0.000000000 0.000000000
0.000000000 0.000000000
0.000000000 0.000000000
0.000000000 0.000000000
0.000000000 0.000000000
0.000000000 -1.000000000
0.423700537 0.000000000
0.000000000 0.000000000
0.000000000 0.382656105
0.000000000 0.000000000
-0.035136939 -1.755004632
0.000000000 0.000000000
0.105925134 0.000000000
0.268056731 0.000000000
0.000000000 0.000000000
0.000000000 0.617343895
-0.040532899 0.000000000
0.000000000 7.852031684
-0.953326208 0.000000000
0.000000000 -0.617343895
0.081065799 0.000000000
-0.171317369 0.000000000
0.000000000 0.000000000
0.000000000 0.000000000
-0.068090215 -0.357185474
0.000000000 0.000000000
0.000000000 0.000000000
0.000000000 4.765312211
0.252383168 0.000000000
0.000000000 0.000000000
0.179411309 2.923588105
0.000000000 0.000000000
-0.130784470 0.000000000
0.000000000 -0.617343895
0.000000000 -1.617343895
0.000000000 -1.234687789
0.000000000 0.000000000
0.000000000 0.000000000
0.000000000 0.000000000
0.000000000 0.000000000
-0.105925134 0.000000000
0.000000000 0.000000000
0.000000000 0.382656105
0.243197396 4.938751158
0.000000000 0.382656105
0.000000000 0.000000000
0.000000000 0.000000000
0.000000000 0.000000000
0.000000000 0.000000000
0.000000000 0.382656105
0.000000000 0.000000000
0.000000000 0.000000000
0.000000000 0.000000000
0.000000000 0.000000000
0.000000000 0.000000000
0.000000000 -5.000000000
0.000000000 0.000000000
0.000000000 0.000000000
-0.211850268 0.000000000
-0.236709604 0.000000000
0.000000000 0.382656105
0.000000000 0.000000000
0.000000000 0.234687789
0.000000000 1.469375579
0.000000000 0.000000000
-0.912793309 0.000000000
0.000000000 -0.382656105
-0.024859336 -0.382656105
0.000000000 0.000000000
0.000000000 0.000000000
0.000000000 0.000000000
0.000000000 0.000000000
0.000000000 0.000000000
0.000000000 0.000000000
0.000000000 0.000000000
0.000000000 0.000000000
0.000000000 0.000000000
0.000000000 0.000000000
0.025951167 4.433597368
0.000000000 2.000000000
0.000000000 0.000000000
0.000000000 -0.617343895
0.000000000 0.382656105
0.000000000 0.000000000
0.000000000 -4.852031684
0.000000000 0.000000000
0.000000000 0.000000000
-0.211850268 0.000000000
0.000000000 0.000000000
-0.081065799 0.000000000
0.000000000 0.000000000
0.000000000 -1.530624421
-0.081065799 0.000000000
0.000000000 -0.678592737
0.000000000 0.000000000
0.000000000 1.000000000
0.000000000 0.000000000
0.000000000 2.000000000
0.000000000 -0.617343895
0.000000000 6.000000000
0.000000000 -0.234687789
0.000000000 0.000000000
0.000000000 0.000000000
0.000000000 0.000000000
0.000000000 0.000000000
0.000000000 0.000000000
0.000000000 -1.000000000
0.000000000 0.000000000
0.000000000 0.000000000
0.000000000 0.000000000
-0.317775403 0.000000000
0.000000000 0.000000000
0.000000000 0.382656105
0.000000000 -1.147968316
0.000000000 0.000000000
-0.211850268 -1.000000000
0.000000000 0.000000000
0.000000000 0.000000000
0.000000000 0.000000000
0.000000000 -0.382656105
0.000000000 -0.617343895
-0.423700537 0.000000000
0.000000000 2.147968316
0.000000000 0.000000000
-0.081065799 0.000000000
0.000000000 -0.382656105
0.000000000 0.000000000
0.000000000 0.000000000
-0.229129981 -1.836868632
0.000000000 0.000000000
0.000000000 0.000000000
0.139970242 5.061248842
0.000000000 0.000000000
0.000000000 0.000000000
0.000000000 0.000000000
0.000000000 0.000000000
0.000000000 0.000000000
0.000000000 0.000000000
0.000000000 0.000000000
0.000000000 0.000000000
0.000000000 -0.382656105
0.000000000 -1.382656105
0.000000000 3.000000000
0.000000000 0.000000000
0.000000000 0.000000000
0.000000000 0.000000000
0.000000000 -6.617343895
0.000000000 0.000000000
0.196176705 0.000000000
0.000000000 0.000000000
0.000000000 3.147968316
0.000000000 2.000000000
0.000000000 -1.000000000
0.000000000 0.000000000
0.000000000 -0.530624421
0.000000000 0.000000000
0.000000000 4.765312211
0.000000000 0.000000000
0.000000000 0.000000000
0.105925134 0.000000000
0.000000000 0.000000000
0.000000000 1.765312211
0.000000000 0.000000000
0.000000000 0.000000000
0.000000000 0.000000000
0.000000000 0.000000000
0.000000000 0.000000000
-0.065392235 -1.382656105
0.000000000 0.617343895
0.000000000 0.000000000
0.103227154 2.260158421
0.000000000 0.000000000
-0.081065799 0.000000000
0.000000000 0.000000000
0.000000000 0.000000000
0.000000000 0.000000000
0.000000000 0.469375579
0.000000000 0.000000000
0.000000000 2.765312211
0.000000000 0.000000000
0.000000000 0.000000000
0.000000000 0.000000000
0.000000000 0.000000000
0.000000000 0.000000000
0.000000000 0.234687789
0.000000000 0.000000000
0.000000000 -0.382656105
0.000000000 0.000000000
0.000000000 -0.765312211
0.000000000 0.000000000
0.000000000 0.000000000
0.000000000 0.556095053
0.000000000 0.000000000
0.000000000 0.000000000
0.000000000 -0.617343895
0.000000000 0.000000000
0.000000000 0.000000000
0.000000000 1.617343895
0.000000000 0.000000000
0.000000000 4.000000000
0.000000000 0.234687789
0.000000000 0.000000000
0.074578007 1.357185474
0.000000000 -0.617343895
0.000000000 -0.382656105
0.423700537 0.000000000
0.000000000 0.617343895
0.000000000 0.000000000
0.000000000 0.000000000
0.000000000 0.000000000
0.000000000 0.000000000
0.000000000 2.234687789
0.000000000 -0.382656105
0.000000000 -0.617343895
0.000000000 0.000000000
0.000000000 0.000000000
-0.130784470 0.000000000
0.000000000 0.000000000
0.000000000 0.000000000
-0.289126255 -1.270466000
0.000000000 0.000000000
0.000000000 1.382656105
0.000000000 0.000000000
0.000000000 0.000000000
0.000000000 0.000000000
0.000000000 0.000000000
0.000000000 -0.147968316
0.000000000 0.000000000
0.000000000 2.530624421
0.000000000 6.765312211
-0.778219027 -2.653122105
0.000000000 0.000000000
0.000000000 0.000000000
0.000000000 1.617343895
0.000000000 0.000000000
-0.065392235 0.000000000
0.000000000 4.000000000
-0.065392235 0.000000000
0.000000000 1.000000000
0.087553590 2.469375579
0.000000000 0.000000000
0.000000000 0.000000000
0.000000000 0.000000000
0.000000000 0.000000000
0.000000000 0.000000000
0.000000000 0.000000000
-0.261568940 0.000000000
0.000000000 0.000000000
-0.277242503 -0.234687789
0.058904443 0.000000000
-0.065392235 0.000000000
0.000000000 0.000000000
0.423700537 0.000000000
0.000000000 0.000000000
0.000000000 0.000000000
0.000000000 0.000000000
-0.081065799 0.000000000
0.000000000 -1.382656105
0.000000000 0.000000000
0.000000000 0.000000000
0.000000000 -1.530624421
0.000000000 0.000000000
0.000000000 1.000000000
0.000000000 -1.147968316
0.000000000 -2.852031684
0.000000000 0.000000000
0.000000000 1.000000000
0.000000000 -2.000000000
0.000000000 0.000000000
0.171317369 0.000000000
0.000000000 0.000000000
0.000000000 0.000000000
0.000000000 0.000000000
0.000000000 -3.000000000
0.000000000 0.000000000
0.000000000 0.000000000
0.000000000 0.000000000
0.000000000 0.000000000
0.000000000 0.000000000
0.000000000 0.000000000
0.000000000 0.000000000
0.000000000 0.382656105
0.000000000 0.000000000
0.000000000 0.000000000
0.000000000 0.000000000
0.000000000 -2.295936632
0.000000000 0.000000000
0.000000000 0.000000000
-0.024859336 0.000000000
0.000000000 0.000000000
0.012975584 0.260158421
-0.081065799 -0.617343895
0.000000000 0.000000000
0.000000000 0.000000000
0.000000000 -0.382656105
0.000000000 1.617343895
0.000000000 0.000000000
0.000000000 -0.382656105
0.000000000 0.000000000
0.000000000 0.382656105
0.000000000 0.000000000
0.000000000 0.000000000
0.211850268 0.000000000
0.000000000 2.382656105
0.000000000 0.000000000
-0.261568940 0.000000000
0.000000000 0.147968316
0.000000000 0.000000000
0.000000000 0.000000000
0.000000000 0.000000000
-0.040532899 0.000000000
0.000000000 0.000000000
0.000000000 0.000000000
0.000000000 0.000000000
0.000000000 0.000000000
-0.137272262 0.000000000
0.000000000 0.000000000
0.000000000 0.000000000
0.130784470 0.000000000
0.000000000 0.000000000
0.000000000 -2.061248842
0.000000000 3.530624421
0.000000000 0.000000000
0.398841201 0.000000000
0.024859336 0.000000000
0.000000000 0.000000000
0.000000000 -0.382656105
0.000000000 -2.147968316
0.000000000 0.000000000
0.000000000 0.000000000
0.000000000 0.000000000
-0.146458034 0.000000000
0.000000000 0.000000000
0.000000000 2.530624421
0.000000000 0.000000000
0.000000000 2.234687789
0.000000000 -1.000000000
0.000000000 0.000000000
0.000000000 0.000000000
0.000000000 0.000000000
-0.431280160 -1.397819158
0.000000000 0.000000000
0.261568940 0.000000000
0.000000000 0.000000000
0.000000000 0.000000000
0.000000000 0.000000000
-0.155643805 -5.000000000
0.000000000 0.000000000
0.000000000 0.000000000
0.000000000 0.000000000
0.000000000 0.000000000
0.000000000 0.000000000
0.000000000 0.000000000
0.000000000 0.000000000
0.000000000 0.000000000
0.000000000 0.000000000
0.000000000 0.000000000
0.000000000 0.147968316
0.000000000 0.000000000
0.000000000 0.000000000
0.000000000 0.000000000
0.000000000 0.000000000
0.000000000 0.000000000
0.000000000 0.000000000
0.000000000 0.000000000
0.000000000 0.000000000
-0.149156014 -1.209217158
-0.211850268 0.000000000
0.000000000 0.000000000
0.000000000 -3.000000000
0.000000000 0.000000000
0.000000000 0.000000000
0.211850268 0.000000000
0.000000000 0.000000000
0.000000000 0.000000000
0.000000000 0.000000000
0.000000000 0.000000000
0.000000000 0.000000000
0.342634738 0.000000000
0.000000000 0.000000000
0.000000000 0.000000000
0.000000000 -2.000000000
0.024859336 0.000000000
0.000000000 0.617343895
0.000000000 0.000000000
0.000000000 0.000000000
0.326961175 0.000000000
0.000000000 0.382656105
0.000000000 0.000000000
0.000000000 0.000000000
0.000000000 0.000000000
0.065392235 2.530624421
0.081065799 0.234687789
0.635550805 0.000000000
0.000000000 0.765312211
0.000000000 0.000000000
0.000000000 0.000000000
0.000000000 0.000000000
0.489092772 0.000000000
0.000000000 0.000000000
0.000000000 -1.913280526
0.000000000 0.617343895
0.000000000 0.000000000
0.000000000 0.000000000
0.000000000 0.000000000
0.000000000 0.000000000
0.000000000 0.000000000
0.180503141 0.000000000
0.000000000 3.147968316
0.000000000 0.000000000
0.000000000 0.000000000
0.000000000 0.000000000
0.000000000 0.000000000
-0.090251571 -3.617343895
0.000000000 0.000000000
0.000000000 0.000000000
0.000000000 0.000000000
0.000000000 0.000000000
0.000000000 0.765312211
0.000000000 0.000000000
0.000000000 0.000000000
0.211850268 0.000000000
0.000000000 0.000000000
0.000000000 -0.382656105
0.000000000 -0.234687789
0.000000000 0.000000000
0.000000000 0.000000000
0.000000000 0.000000000
0.000000000 1.234687789
0.000000000 0.000000000
0.000000000 0.000000000
0.000000000 0.000000000
0.130784470 0.000000000
0.000000000 0.000000000
0.000000000 0.000000000
0.000000000 0.000000000
0.000000000 0.000000000
0.000000000 0.000000000
-0.211850268 0.000000000
0.000000000 -1.000000000
0.000000000 0.000000000
0.000000000 -0.617343895
-0.065392235 0.000000000
0.000000000 -3.000000000
0.000000000 0.000000000
0.395051390 1.270466000
0.000000000 -1.000000000
0.000000000 0.000000000
0.000000000 0.000000000
0.000000000 0.000000000
0.000000000 0.000000000
0.000000000 -0.382656105
-0.423700537 0.000000000
0.000000000 0.617343895
0.000000000 0.000000000
0.000000000 0.000000000
0.000000000 3.234687789
0.000000000 5.617343895
0.000000000 0.000000000
0.000000000 0.000000000
0.227523832 0.000000000
0.000000000 0.000000000
0.000000000 -2.000000000
0.000000000 -1.382656105
0.000000000 0.000000000
0.000000000 0.000000000
-0.015673564 -0.469375579
0.000000000 0.000000000
0.000000000 1.147968316
0.000000000 0.000000000
0.000000000 4.000000000
0.000000000 0.000000000
0.000000000 0.000000000
0.000000000 0.000000000
0.000000000 -2.147968316
0.000000000 0.000000000
0.000000000 0.617343895
0.000000000 0.000000000
0.000000000 0.000000000
0.000000000 1.000000000
0.000000000 -3.000000000
0.227523832 1.086719474
0.000000000 7.000000000
0.000000000 0.000000000
0.000000000 0.000000000
0.000000000 0.000000000
0.000000000 0.000000000
0.000000000 0.000000000
-0.139970242 -5.061248842
0.000000000 0.000000000
0.000000000 0.000000000
0.000000000 -0.765312211
0.000000000 0.382656105
0.000000000 0.000000000
0.000000000 3.086719474
0.000000000 0.000000000
0.000000000 1.000000000
-0.326961175 0.000000000
0.000000000 0.000000000
0.000000000 0.000000000
0.000000000 0.000000000
0.000000000 0.000000000
0.000000000 0.765312211
0.000000000 0.000000000
0.000000000 0.000000000
0.000000000 0.000000000
0.000000000 0.000000000
0.000000000 0.000000000
0.000000000 0.000000000
-0.040532899 0.000000000
0.000000000 0.617343895
0.000000000 0.000000000
0.000000000 -0.382656105
0.000000000 0.000000000
0.000000000 0.000000000
0.000000000 -0.234687789
0.000000000 7.234687789
0.000000000 0.000000000
0.317775403 0.000000000
0.000000000 0.000000000
0.000000000 0.000000000
0.000000000 0.000000000
0.000000000 -0.382656105
0.000000000 0.000000000
0.317775403 0.000000000
0.000000000 -0.469375579
0.000000000 -3.000000000
0.000000000 0.000000000
0.000000000 0.000000000
0.000000000 0.000000000
0.000000000 0.000000000
0.000000000 0.000000000
0.105925134 0.000000000
0.000000000 1.678592737
0.000000000 0.000000000
0.000000000 0.000000000
0.000000000 0.617343895
0.000000000 0.000000000
0.000000000 0.000000000
0.000000000 0.000000000
0.000000000 0.000000000
0.822541738 0.000000000
0.139970242 6.530624421
0.000000000 -0.765312211
0.000000000 0.000000000
0.000000000 0.000000000
0.000000000 0.000000000
0.000000000 0.000000000
0.000000000 0.382656105
0.000000000 -1.147968316
0.782008839 0.000000000
0.000000000 0.000000000
0.000000000 2.000000000
0.000000000 0.000000000
0.000000000 0.000000000
-0.105925134 0.000000000
0.211850268 0.000000000
0.000000000 2.913280526
0.000000000 0.000000000
0.211850268 0.000000000
0.706339000 3.331714842
-0.035136939 -0.668285158
0.000000000 -0.382656105
0.000000000 0.000000000
0.000000000 0.000000000
0.049718671 0.000000000
0.000000000 0.000000000
0.000000000 0.234687789
0.000000000 0.000000000
0.000000000 0.000000000
0.000000000 0.000000000
-0.211850268 0.000000000
-0.130784470 0.000000000
-0.065392235 0.000000000
0.000000000 0.617343895
0.000000000 -2.913280526
-0.006487792 0.000000000
-0.024859336 0.000000000
0.000000000 0.000000000
-0.155643805 0.000000000
0.000000000 -2.000000000
0.000000000 0.000000000
0.000000000 0.765312211
0.000000000 -0.382656105
0.000000000 0.000000000
0.000000000 0.617343895
0.000000000 0.000000000
0.000000000 0.000000000
-0.383167638 0.000000000
0.000000000 0.000000000
0.000000000 0.000000000
0.011883752 6.418434316
0.000000000 1.617343895
0.000000000 0.000000000
0.000000000 0.000000000
0.049718671 1.617343895
0.180503141 0.000000000
0.000000000 0.000000000
0.000000000 0.000000000
0.000000000 2.000000000
0.000000000 0.000000000
-0.186990933 0.000000000
0.000000000 0.000000000
0.000000000 0.000000000
0.000000000 0.000000000
0.000000000 -2.000000000
0.000000000 0.000000000
0.000000000 -2.321407263
0.000000000 -2.147968316
0.000000000 -0.617343895
0.065392235 0.000000000
0.000000000 0.000000000
0.040532899 0.000000000
0.000000000 0.000000000
0.000000000 0.000000000
0.000000000 0.000000000
0.000000000 0.000000000
0.000000000 0.000000000
0.000000000 0.000000000
0.000000000 0.000000000
0.538811443 0.000000000
0.000000000 0.000000000
0.146458034 2.234687789
0.105925134 0.000000000
0.000000000 -1.469375579
0.000000000 0.000000000
0.000000000 1.147968316
0.000000000 0.000000000
0.000000000 -0.617343895
0.000000000 0.000000000
0.000000000 2.382656105
0.000000000 0.000000000
0.000000000 0.000000000
0.000000000 0.000000000
0.000000000 3.617343895
0.000000000 0.000000000
0.000000000 0.000000000
0.000000000 0.000000000
0.000000000 0.000000000
0.000000000 0.000000000
0.000000000 0.000000000
0.000000000 0.000000000
-0.090251571 -2.295936632
-0.024859336 0.000000000
-0.065392235 0.000000000
0.064300403 0.775619789
0.000000000 -2.234687789
0.000000000 0.000000000
0.000000000 0.000000000
0.000000000 1.382656105
0.000000000 -0.765312211
0.000000000 -0.382656105
0.000000000 0.000000000
0.000000000 0.000000000
0.000000000 0.000000000
0.000000000 0.000000000
0.000000000 0.000000000
0.000000000 0.000000000
0.000000000 0.000000000
-0.162131597 0.000000000
0.062694255 1.408126737
0.000000000 -0.234687789
0.579344342 0.000000000
0.000000000 0.000000000
0.000000000 3.295936632
0.000000000 -0.382656105
0.000000000 0.000000000
0.000000000 0.000000000
0.000000000 -0.617343895
0.000000000 0.000000000
0.065392235 4.382656105
0.000000000 -0.234687789
0.000000000 0.000000000
0.000000000 0.000000000
0.000000000 0.000000000
-0.105925134 0.000000000
0.000000000 0.000000000
0.040532899 0.000000000
0.000000000 0.000000000
0.000000000 0.000000000
0.000000000 0.000000000
0.000000000 1.000000000
0.000000000 0.382656105
0.000000000 -0.617343895
-0.221036040 0.000000000
0.000000000 0.000000000
0.000000000 0.000000000
-0.048626840 -2.540932000
0.221036040 2.147968316
0.000000000 0.000000000
0.000000000 0.000000000
0.000000000 -0.382656105
0.115110906 0.000000000
0.000000000 0.000000000
0.766335275 0.147968316
0.000000000 0.000000000
0.000000000 -0.913280526
0.000000000 0.000000000
0.105925134 0.000000000
0.000000000 1.617343895
0.000000000 -0.147968316
0.000000000 0.000000000
0.000000000 0.000000000
0.000000000 0.000000000
0.000000000 0.000000000
-0.236709604 0.000000000
0.065392235 0.000000000
0.000000000 0.000000000
0.000000000 0.000000000
0.000000000 0.000000000
0.000000000 -2.617343895
0.000000000 0.000000000
0.000000000 0.000000000
0.024859336 0.000000000
0.000000000 0.000000000
0.000000000 5.617343895
0.040532899 0.000000000
0.149156014 0.000000000
0.000000000 0.000000000
-0.146458034 0.000000000
0.000000000 0.000000000
-0.171317369 0.000000000
0.000000000 0.000000000
0.000000000 0.382656105
-0.065392235 0.000000000
0.000000000 0.000000000
0.000000000 0.000000000
0.000000000 0.000000000
0.000000000 0.000000000
0.000000000 0.000000000
0.000000000 0.000000000
0.000000000 0.000000000
0.000000000 2.852031684
-0.040532899 0.000000000
0.000000000 0.000000000
0.000000000 0.000000000
0.000000000 0.000000000
0.000000000 0.000000000
0.000000000 -0.382656105
0.000000000 0.000000000
0.292916067 0.617343895
0.000000000 0.000000000
0.000000000 -0.382656105
-0.011883752 -7.887809895
0.000000000 0.000000000
-0.065392235 0.000000000
0.000000000 0.000000000
0.000000000 0.000000000
0.000000000 4.852031684
0.000000000 0.000000000
-0.081065799 -0.234687789
0.000000000 0.000000000
0.000000000 0.000000000
0.000000000 0.000000000
0.000000000 0.000000000
-0.065392235 0.000000000
-0.277242503 0.000000000
0.000000000 0.000000000
0.000000000 0.000000000
0.000000000 0.000000000
0.000000000 0.000000000
0.000000000 0.000000000
0.277242503 0.000000000
0.000000000 1.000000000
0.000000000 0.000000000
0.000000000 0.000000000
0.065392235 0.913280526
-0.040532899 0.000000000
0.000000000 0.000000000
0.000000000 2.000000000
-0.317775403 0.000000000
0.000000000 0.000000000
0.000000000 0.000000000
0.000000000 0.530624421
0.000000000 0.852031684
0.000000000 0.000000000
0.000000000 0.000000000
0.000000000 0.000000000
0.103227154 0.642814526
0.000000000 0.000000000
0.000000000 0.000000000
0.000000000 0.000000000
-0.090251571 0.000000000
-0.105925134 0.000000000
0.000000000 0.000000000
0.000000000 0.000000000
0.000000000 0.234687789
-0.741475940 0.000000000
-0.289126255 -6.270466000
-0.529625671 0.000000000
0.000000000 0.000000000
0.000000000 0.000000000
0.081065799 0.000000000
0.211850268 0.000000000
0.000000000 0.000000000
0.000000000 0.000000000
0.000000000 0.000000000
-0.049718671 0.000000000
0.000000000 -0.234687789
0.000000000 0.000000000
0.000000000 0.000000000
0.000000000 0.765312211
0.000000000 0.000000000
0.000000000 -1.826561053
0.000000000 0.000000000
-0.024859336 0.000000000
0.000000000 0.000000000
0.068090215 0.591873263
-0.105925134 0.000000000
0.000000000 -1.382656105
0.000000000 0.000000000
0.211850268 0.000000000
0.000000000 0.000000000
0.000000000 0.000000000
0.000000000 0.000000000
0.000000000 4.000000000
0.000000000 0.000000000
0.000000000 3.000000000
0.000000000 0.000000000
0.000000000 0.000000000
0.000000000 0.000000000
-0.065392235 0.000000000
0.000000000 -0.617343895
0.000000000 1.530624421
0.000000000 0.000000000
0.065392235 0.000000000
0.000000000 0.000000000
0.000000000 4.000000000
0.000000000 0.000000000
0.000000000 0.000000000
0.000000000 7.852031684
0.000000000 -0.617343895
0.000000000 0.000000000
0.000000000 0.000000000
0.000000000 1.000000000
-0.000000000 -0.852031684
0.000000000 0.382656105
0.000000000 0.000000000
0.000000000 0.000000000
0.000000000 0.000000000
0.000000000 0.000000000
-0.162131597 -0.704063368
0.000000000 0.000000000
0.000000000 0.000000000
0.000000000 0.000000000
0.000000000 -0.765312211
0.000000000 1.234687789
0.000000000 0.000000000
0.252383168 0.000000000
0.000000000 0.000000000
0.155643805 0.000000000
0.000000000 -1.617343895
-0.180503141 -0.061248842
0.000000000 -0.617343895
-0.057812611 -2.454212526
0.000000000 0.000000000
0.056206463 0.000000000
0.326961175 0.000000000
-0.065392235 -0.000000000
0.000000000 0.000000000
-0.236709604 0.000000000
0.000000000 0.234687789
-0.317775403 -0.382656105
0.000000000 0.000000000
0.000000000 0.000000000
0.000000000 0.000000000
0.000000000 -0.617343895
0.000000000 0.000000000
0.000000000 0.000000000
0.545299235 2.086719474
0.105925134 0.000000000
0.000000000 0.000000000
-0.024859336 -0.147968316
0.000000000 0.000000000
0.000000000 -1.765312211
0.040532899 0.000000000
0.000000000 0.000000000
0.000000000 0.000000000
0.074578007 0.061248842
0.000000000 0.000000000
0.000000000 0.382656105
0.000000000 0.000000000
-0.026465484 -2.750149158
-0.513952107 -1.000000000
0.000000000 0.000000000
0.121598698 0.234687789
-0.326961175 0.000000000
0.000000000 0.000000000
0.000000000 0.000000000
-0.317775403 -3.234687789
0.000000000 0.000000000
0.000000000 -0.295936632
0.000000000 0.000000000
0.000000000 -0.382656105
0.000000000 -2.000000000
0.000000000 0.000000000
0.105925134 0.000000000
0.000000000 0.000000000
0.000000000 1.234687789
0.000000000 0.000000000
0.000000000 0.000000000
0.000000000 0.000000000
0.000000000 0.000000000
0.000000000 0.000000000
0.464233436 0.000000000
0.196176705 0.382656105
0.000000000 0.000000000
0.000000000 -0.382656105
-0.211850268 0.000000000
-0.024859336 0.000000000
0.024859336 0.000000000
0.000000000 0.000000000
0.000000000 0.000000000
0.000000000 0.000000000
0.000000000 0.000000000
0.000000000 0.000000000
0.000000000 0.000000000
9.83034063929
