200 6221 1 0.5
86 91 8
91 112 1
102 122 1
68 71 10
36 64 1
120 140 1
97 109 1
148 153 1
73 88 1
108 140 1
117 149 1
192 197 1
119 125 1
106 128 1
26 49 1
8 16 1
25 56 1
22 48 1
106 131 1
54 83 1
72 76 10
150 163 1
2 50 10
130 156 1
162 183 1
79 109 1
40 61 1
51 70 1
99 136 1
3 81 10
173 189 1
71 102 1
69 87 1
120 129 1
108 141 1
85 100 1
85 113 1
141 166 1
16 26 1
30 40 1
56 97 1
98 129 1
132 154 1
137 151 1
122 134 1
70 87 1
162 165 7
76 78 10
149 171 1
134 137 10
63 103 1
92 122 1
23 25 10
17 27 1
22 49 1
100 106 1
69 106 1
152 160 1
192 194 5
93 103 1
25 60 1
77 116 1
88 102 1
143 162 1
61 63 10
110 125 1
8 9 10
156 177 1
13 20 1
105 114 1
186 192 1
48 85 1
159 167 1
41 75 1
103 124 1
39 68 1
110 144 1
121 140 1
139 162 1
87 122 1
60 87 1
69 101 1
102 136 1
10 11 10
123 150 1
91 114 1
129 131 10
1 95 1
78 117 1
147 164 1
96 125 1
62 88 1
159 175 1
25 34 1
132 143 1
153 176 1
115 131 1
127 134 1
49 84 1
74 78 10
29 55 1
121 123 10
175 184 1
67 79 1
76 81 9
50 67 1
3 104 10
105 115 1
157 164 1
137 145 1
120 126 1
67 72 10
97 98 10
59 99 1
65 79 1
33 38 10
123 133 1
14 35 1
127 144 1
3 94 10
73 113 1
92 111 1
193 194 10
93 100 1
2 14 10
152 167 1
171 176 1
95 105 1
83 99 1
69 102 1
120 144 1
17 22 5
175 180 1
99 111 1
111 142 1
47 81 1
64 70 10
88 111 1
64 86 1
67 87 1
58 88 1
104 114 1
33 68 1
113 137 1
1 52 10
171 172 10
163 180 1
151 168 1
81 89 1
53 68 1
21 38 1
60 83 1
50 60 1
76 115 1
154 166 1
73 86 1
37 60 1
95 127 1
60 82 1
63 95 1
83 84 10
173 190 1
65 86 1
36 51 1
62 93 1
30 44 1
18 41 1
142 164 1
24 44 1
55 66 1
175 182 1
25 50 1
43 58 1
3 159 10
37 47 1
147 169 1
146 152 1
74 105 1
31 48 1
90 106 1
19 37 1
44 75 1
106 114 1
79 111 1
104 131 1
174 182 1
116 124 1
84 86 10
58 107 1
53 76 1
2 96 1
133 150 1
68 90 1
64 65 10
128 139 1
160 161 10
82 93 1
110 129 1
60 93 1
88 106 1
54 99 1
68 112 1
158 170 1
161 162 10
86 117 1
179 186 1
160 177 1
192 199 1
157 162 1
130 159 1
37 38 10
138 149 1
101 105 6
121 139 1
186 189 1
183 184 10
94 109 1
111 112 10
57 69 1
69 86 1
128 147 1
113 132 1
88 100 1
61 94 1
109 123 1
161 171 1
2 36 10
127 128 10
64 69 10
190 195 1
188 196 1
169 187 1
85 95 1
42 78 1
23 40 1
3 79 10
31 65 1
38 59 1
101 125 1
42 81 1
182 187 1
59 70 1
57 80 1
87 107 1
131 140 1
103 118 1
98 134 1
18 20 10
105 113 1
68 74 10
58 59 10
33 53 1
99 127 1
146 149 10
34 63 1
93 94 10
3 170 10
68 69 10
52 57 10
42 82 1
25 57 1
86 116 1
57 95 1
102 119 1
56 99 1
122 129 1
30 47 1
116 142 1
154 161 1
171 188 1
83 100 1
47 49 10
5 13 1
91 107 1
196 199 1
21 30 1
62 79 1
85 88 10
195 196 10
78 100 1
51 90 1
145 161 1
166 172 1
142 167 1
26 27 10
29 35 10
101 107 1
45 62 1
107 125 1
41 66 1
109 134 1
111 137 1
58 92 1
22 42 1
75 113 1
46 76 1
48 78 1
179 180 10
3 103 10
19 42 1
162 163 10
187 195 1
66 96 1
128 146 1
84 118 1
134 135 10
84 114 1
14 30 1
35 57 1
36 72 1
1 80 1
54 55 10
26 33 1
132 136 1
29 60 1
76 104 1
80 111 1
3 76 10
74 115 1
128 155 1
176 181 1
100 104 7
65 100 1
92 105 1
27 36 1
173 182 1
161 174 1
33 70 1
104 123 1
81 94 1
133 163 1
146 161 1
64 84 1
131 149 1
52 87 1
69 111 1
15 28 1
32 59 1
72 112 1
179 183 1
125 128 10
46 72 1
47 74 1
36 57 1
94 123 1
92 115 1
76 82 4
2 86 1
85 108 1
92 98 1
1 24 10
115 145 1
26 34 1
115 125 1
2 15 10
17 25 1
84 88 10
172 188 1
66 95 1
18 35 1
176 184 1
108 116 1
26 45 1
96 133 1
5 15 1
103 117 1
169 177 1
128 129 10
105 107 10
112 121 1
132 152 1
100 121 1
113 145 1
155 174 1
50 72 1
63 110 1
73 97 1
18 43 1
54 86 1
76 110 1
100 105 1
3 121 10
180 182 10
67 75 3
139 165 1
126 142 1
125 154 1
106 119 1
65 70 10
70 105 1
116 128 1
190 194 1
3 86 10
64 67 10
160 174 1
83 109 1
114 127 1
31 54 1
1 47 10
85 87 10
78 92 1
88 125 1
54 71 1
175 187 1
175 177 10
128 133 1
22 30 1
50 52 10
12 33 1
83 120 1
120 141 1
152 176 1
120 148 1
128 157 1
140 160 1
62 66 10
59 101 1
64 76 1
3 80 10
57 92 1
119 149 1
105 116 1
55 89 1
182 192 1
27 37 1
116 122 1
168 175 1
49 82 1
122 142 1
71 110 1
73 117 1
54 74 1
72 102 1
11 25 1
21 46 1
12 24 1
93 98 1
72 101 1
125 152 1
72 100 1
113 147 1
1 26 10
28 32 10
78 98 1
65 96 1
57 76 1
189 198 1
84 95 1
167 177 1
113 128 1
92 126 1
100 131 1
133 152 1
44 55 1
2 29 10
37 39 10
77 82 10
125 150 1
130 143 1
152 165 1
70 107 1
99 100 10
160 178 1
8 24 1
60 72 1
189 196 1
30 51 1
1 76 1
73 115 1
96 103 1
34 35 10
27 41 1
47 62 1
44 73 1
2 68 6
184 186 10
168 186 1
42 75 1
65 93 1
78 96 1
83 118 1
105 118 1
79 104 1
96 118 1
102 140 1
56 77 1
147 161 1
91 126 1
97 130 1
132 145 1
90 129 1
129 151 1
163 172 1
23 48 1
191 195 1
76 79 10
26 58 1
129 161 1
2 32 10
103 115 1
96 99 10
124 128 4
3 70 10
76 112 1
186 191 1
2 74 1
47 76 1
86 110 1
60 106 1
176 185 1
41 60 1
76 116 1
20 35 1
1 78 1
149 158 1
62 72 1
56 74 1
135 149 1
161 165 1
107 114 1
31 62 1
65 89 1
138 148 1
120 139 1
12 17 1
3 139 10
93 122 1
81 97 1
98 109 1
3 200 10
55 97 1
62 81 1
21 24 10
88 110 1
88 126 1
59 100 1
157 161 1
154 173 1
34 47 1
95 108 1
46 88 1
66 77 1
27 31 10
174 181 1
113 121 1
82 110 1
9 24 1
49 78 1
142 169 1
53 95 1
2 45 10
165 180 1
126 139 1
98 100 10
166 186 1
57 89 1
99 123 1
68 87 1
96 134 1
68 83 1
56 68 1
74 93 1
73 79 10
127 137 1
15 34 1
121 146 1
183 188 1
139 141 10
51 60 9
23 33 1
177 181 1
100 112 1
65 95 1
168 173 1
47 88 1
148 170 1
106 118 1
42 56 1
151 170 1
142 146 1
130 152 1
153 155 10
137 159 1
71 77 9
3 183 10
136 138 10
153 166 1
69 71 10
98 108 1
147 153 1
77 115 1
44 48 10
97 136 1
73 107 1
100 108 1
156 170 1
46 85 1
154 167 1
122 151 1
29 37 1
35 68 1
66 84 1
41 42 10
15 33 1
49 50 10
6 14 1
101 104 10
22 45 1
3 57 1
118 129 1
57 100 1
30 43 1
19 24 10
1 6 10
119 140 1
28 43 1
47 78 1
81 116 1
142 154 1
38 49 1
71 76 10
138 155 1
81 110 1
68 93 1
117 134 1
25 47 1
124 153 1
39 61 1
56 92 1
62 70 7
2 77 1
181 194 1
92 104 1
64 104 1
7 10 9
179 190 1
2 70 6
29 51 1
63 72 3
77 119 1
169 182 1
27 54 1
131 132 10
133 137 1
145 153 1
46 74 1
56 89 1
182 195 1
104 134 1
21 49 1
146 167 1
45 84 1
117 133 1
64 66 10
158 165 1
3 89 10
52 74 1
108 123 1
22 31 1
172 182 1
87 106 1
136 139 10
52 78 1
93 97 10
162 178 1
100 103 10
97 126 1
3 174 10
40 72 1
135 136 10
31 60 1
144 146 10
11 15 9
127 131 3
3 157 10
28 50 1
58 64 10
185 195 1
174 185 1
19 39 1
100 126 1
181 193 1
77 89 1
114 130 1
97 131 1
79 83 10
81 106 1
3 164 10
89 93 10
54 102 1
127 140 1
3 177 10
133 139 1
116 130 1
78 113 1
29 58 1
114 125 1
52 73 1
83 102 1
146 147 10
50 57 7
186 193 1
69 82 1
57 94 1
73 81 1
69 100 1
50 82 1
72 75 10
11 24 1
136 150 1
36 71 1
179 181 10
14 38 1
99 114 1
113 138 1
60 90 1
116 127 1
144 170 1
126 151 1
81 113 1
104 113 1
39 46 8
49 65 1
131 155 1
79 85 10
156 168 1
134 151 1
77 79 10
74 85 1
134 143 1
128 156 1
119 120 10
19 29 1
67 94 1
69 109 1
37 63 1
177 189 1
69 112 1
180 192 1
123 144 1
103 125 1
20 33 1
101 116 1
36 66 1
133 143 1
88 103 1
44 69 1
113 144 1
11 19 1
137 148 1
57 101 1
105 124 1
59 78 1
64 78 1
2 56 10
24 25 10
12 26 1
181 188 1
119 130 1
55 80 1
173 180 1
53 92 1
107 126 1
101 131 1
13 25 1
41 82 1
39 64 1
173 181 1
51 83 1
134 152 1
59 67 8
92 100 1
9 16 1
110 111 10
64 102 1
12 32 1
71 92 1
148 157 1
113 122 1
73 96 1
135 145 1
113 131 1
70 109 1
85 98 1
158 161 8
75 106 1
18 37 1
142 159 1
70 78 10
68 100 1
40 77 1
75 85 1
152 163 1
95 124 1
47 72 1
24 26 10
171 183 1
25 59 1
96 109 1
3 171 10
82 100 1
53 64 1
56 90 1
85 101 1
196 197 10
125 135 1
30 38 1
85 122 1
40 76 1
49 60 1
161 168 1
112 143 1
132 153 1
66 86 1
166 170 1
1 15 10
18 36 1
73 105 1
90 113 1
60 85 1
57 85 1
80 122 1
182 191 1
101 126 1
173 185 1
16 19 10
116 123 1
15 30 1
2 91 1
127 142 1
48 58 1
48 65 1
34 67 1
23 24 10
178 192 1
159 179 1
153 174 1
65 98 1
80 104 1
81 119 1
121 132 1
100 117 1
77 98 1
80 120 1
76 119 1
3 64 1
25 53 1
123 126 10
97 103 1
75 102 1
173 178 1
136 159 1
96 129 1
5 9 1
1 5 10
2 30 10
65 83 1
80 112 1
90 115 1
66 75 2
81 107 1
122 132 1
84 120 1
119 152 1
78 107 1
9 11 10
123 130 1
136 145 1
17 18 10
57 105 1
62 100 1
68 86 1
107 109 10
65 91 1
129 154 1
29 49 1
20 24 10
114 131 1
174 186 1
3 198 10
124 140 1
130 150 1
66 87 1
65 76 1
57 107 1
167 173 1
93 104 1
94 111 1
116 119 10
156 165 1
70 83 1
50 89 1
39 49 1
75 116 1
40 60 1
38 72 1
94 128 1
1 60 10
165 179 1
106 113 1
28 52 1
133 157 1
62 71 1
28 40 1
152 174 1
57 99 1
52 62 2
131 139 1
59 96 1
90 125 1
86 106 1
89 129 1
157 179 1
3 108 10
99 105 1
143 165 1
3 194 10
64 98 1
37 44 5
78 87 1
30 48 1
165 176 1
24 46 1
121 145 1
109 118 1
39 59 1
70 81 1
123 138 1
123 147 1
117 136 1
87 90 10
147 150 10
124 145 1
106 133 1
55 60 10
181 186 1
50 90 1
64 103 1
75 91 1
114 136 1
51 80 1
46 90 1
134 138 1
157 176 1
22 24 10
105 134 1
77 106 1
94 131 1
98 120 1
67 98 1
74 117 1
31 40 1
141 158 1
131 144 1
47 84 1
96 111 1
88 93 7
127 150 1
117 118 10
3 141 10
75 76 10
55 61 10
159 170 1
87 96 1
105 127 1
85 102 1
59 62 10
84 91 1
46 71 1
166 183 1
43 68 1
128 130 10
153 177 1
46 82 1
76 114 1
112 133 1
70 82 1
143 159 1
3 122 10
168 177 1
1 58 10
86 124 1
131 153 1
3 151 10
14 37 1
68 103 1
65 103 1
146 155 1
98 131 1
75 111 1
99 107 1
105 117 1
2 3 10
36 40 10
112 139 1
103 120 1
46 73 1
82 88 2
105 141 1
61 99 1
174 179 1
84 100 1
89 122 1
29 45 1
25 38 1
162 167 1
22 41 1
28 51 1
13 31 1
1 38 10
8 11 10
3 137 10
53 74 1
48 57 4
3 107 10
36 41 10
167 180 1
144 157 1
3 152 10
180 181 10
143 166 1
40 57 1
39 44 10
44 64 1
2 53 10
110 127 1
74 84 1
3 118 10
84 109 1
157 177 1
160 166 1
14 28 1
111 120 1
128 135 1
54 85 1
116 120 6
15 32 1
166 171 1
90 112 1
132 147 1
9 14 2
58 93 1
126 154 1
89 118 1
180 189 1
77 90 1
52 99 1
128 141 1
82 104 1
182 185 1
107 142 1
38 69 1
169 174 1
128 131 10
162 174 1
56 98 1
121 143 1
77 97 1
41 45 10
58 67 1
32 44 1
55 98 1
190 197 1
163 174 1
1 35 10
110 122 1
170 187 1
76 101 1
118 149 1
141 165 1
95 130 1
55 75 1
62 90 1
174 177 3
98 103 1
86 93 1
177 191 1
67 85 1
88 114 1
169 179 1
159 181 1
189 194 1
59 75 1
135 146 1
148 160 1
109 143 1
29 61 1
165 178 1
139 158 1
120 130 1
159 176 1
48 51 10
125 140 1
142 161 1
37 65 1
40 86 1
18 30 1
3 154 10
68 70 10
25 35 1
94 121 1
174 183 1
45 65 1
146 166 1
3 129 10
125 142 1
67 100 1
159 164 1
35 53 1
48 84 1
179 187 1
70 104 1
88 104 1
15 19 10
49 80 1
130 132 10
153 171 1
136 160 1
45 80 1
104 105 10
147 171 1
8 14 1
35 42 10
17 33 1
71 107 1
136 149 1
170 174 1
45 83 1
151 153 10
125 133 1
152 173 1
15 24 1
32 54 1
78 110 1
2 13 10
80 97 1
49 59 1
118 130 1
32 61 1
79 106 1
58 72 1
109 135 1
41 46 10
140 168 1
91 117 1
186 197 1
115 116 10
37 49 1
60 89 1
15 35 1
170 178 1
156 166 1
131 160 1
194 197 1
35 63 1
100 132 1
23 46 1
87 113 1
50 88 1
44 53 1
128 158 1
71 116 1
72 84 1
40 53 1
43 83 1
74 83 1
33 57 1
172 185 1
177 183 1
88 124 1
64 108 1
87 127 1
90 98 1
3 55 1
59 82 1
12 30 1
84 111 1
96 97 10
153 156 9
96 131 1
136 141 1
41 51 1
107 127 1
82 118 1
50 56 10
114 116 10
132 148 1
33 60 1
115 144 1
86 120 1
75 86 1
63 70 10
106 116 1
116 125 1
89 105 1
45 67 1
53 100 1
104 136 1
106 109 10
171 175 1
30 57 1
23 34 1
69 92 1
41 61 1
100 128 1
27 53 1
44 54 1
136 153 1
71 108 1
3 85 10
116 135 1
117 148 1
117 128 1
94 113 1
109 124 1
3 199 10
72 78 10
16 30 1
138 159 1
158 174 1
91 105 1
2 38 10
57 63 10
68 102 1
37 73 1
75 77 10
109 125 1
84 94 1
105 109 6
144 165 1
104 115 1
100 127 1
116 143 1
87 109 1
187 192 1
107 132 1
100 102 10
27 57 1
100 123 1
60 71 1
56 80 1
59 68 1
126 134 1
155 172 1
67 70 10
2 55 10
87 117 1
65 101 1
20 22 10
143 147 1
108 136 1
102 132 1
64 71 10
141 161 1
39 47 7
122 139 1
103 140 1
184 192 1
83 104 1
131 141 1
90 92 10
2 92 1
69 89 1
102 103 10
162 182 1
86 89 10
88 95 1
52 61 3
120 137 1
54 93 1
36 75 1
194 198 1
173 187 1
141 143 10
123 155 1
63 97 1
155 170 1
53 60 10
141 156 1
96 113 1
46 56 1
70 91 1
3 117 10
88 101 1
43 79 1
97 107 1
178 189 1
53 77 1
1 25 10
95 100 1
43 75 1
160 180 1
148 168 1
3 69 10
102 130 1
46 53 6
135 161 1
100 135 1
47 63 1
54 75 1
91 98 1
69 72 10
101 106 1
164 173 1
103 130 1
1 53 10
38 61 1
117 127 1
2 21 10
180 193 1
72 74 10
116 132 1
80 106 1
51 54 10
27 45 1
134 156 1
49 64 1
173 188 1
42 65 1
78 120 1
183 187 1
164 170 1
40 68 1
176 179 2
45 49 10
159 168 1
105 120 1
147 172 1
71 91 1
28 48 1
88 119 1
109 138 1
100 124 1
31 35 10
70 94 1
58 61 10
11 16 1
123 142 1
44 57 1
145 158 1
155 159 1
1 92 1
34 55 1
106 134 1
80 116 1
89 121 1
53 96 1
20 37 1
114 115 10
107 113 1
40 81 1
36 48 1
38 43 10
32 37 10
8 22 1
155 177 1
115 127 1
191 199 1
87 115 1
64 97 1
124 147 1
53 90 1
116 148 1
79 93 1
157 165 1
78 80 10
43 52 1
89 104 1
112 127 1
57 103 1
142 168 1
197 198 10
108 119 1
101 109 1
137 141 1
158 163 1
90 107 1
70 103 1
149 163 1
138 146 1
142 156 1
88 109 1
79 114 1
24 49 1
44 82 1
174 178 1
100 119 1
41 49 1
79 96 1
123 135 1
108 129 1
79 91 1
140 152 1
91 109 1
41 63 1
104 111 1
88 92 8
95 113 1
90 101 1
46 58 1
78 82 10
76 87 1
93 132 1
76 90 1
2 6 10
99 133 1
82 115 1
184 185 10
61 97 1
128 151 1
20 40 1
67 84 1
121 122 10
133 146 1
42 57 1
98 113 1
139 153 1
88 96 1
150 162 1
175 191 1
109 111 10
68 107 1
59 92 1
102 116 1
72 73 10
89 128 1
3 184 10
103 121 1
167 178 1
125 148 1
3 189 10
51 92 1
80 102 1
66 73 8
44 58 1
76 105 1
71 99 1
127 130 10
172 179 1
73 111 1
59 87 1
102 134 1
48 59 1
59 63 10
144 169 1
6 17 1
99 118 1
102 120 1
154 158 1
30 41 1
179 189 1
63 99 1
73 110 1
17 42 1
120 121 10
27 58 1
57 87 1
42 64 1
96 115 1
141 148 1
115 149 1
114 126 1
60 77 1
82 95 1
32 64 1
111 139 1
68 91 1
65 81 1
52 90 1
169 176 1
43 46 10
62 77 1
76 80 10
108 124 1
172 180 1
32 47 1
24 32 1
55 72 1
123 154 1
95 114 1
81 93 1
29 62 1
131 136 1
91 101 1
85 86 10
136 154 1
101 138 1
27 39 1
62 97 1
66 74 1
93 128 1
182 186 1
30 62 1
42 63 1
58 65 10
102 123 1
134 161 1
49 71 1
61 98 1
69 81 1
76 89 1
102 112 1
48 54 10
84 85 10
32 53 1
40 59 1
53 102 1
87 99 1
7 8 10
90 94 10
92 94 10
126 147 1
39 57 1
11 30 1
41 81 1
30 60 1
121 135 1
61 96 1
160 172 1
137 162 1
73 77 10
42 51 1
88 123 1
15 22 1
66 98 1
34 37 10
50 55 10
166 168 10
38 54 1
84 110 1
108 110 10
70 110 1
137 158 1
171 174 4
45 56 1
91 125 1
95 96 10
39 60 1
80 95 1
56 70 1
127 148 1
134 140 1
143 153 1
140 147 1
134 142 1
95 104 1
60 97 1
99 126 1
32 42 1
62 95 1
167 176 1
155 160 1
192 195 1
32 67 1
43 49 10
93 111 1
128 143 1
33 47 1
117 151 1
2 59 10
53 73 1
172 173 10
52 81 1
110 146 1
143 145 10
62 91 1
106 130 1
98 137 1
124 152 1
53 58 10
42 85 1
83 121 1
47 52 10
38 48 1
146 165 1
50 68 1
106 110 8
74 95 1
192 193 10
66 94 1
157 180 1
57 72 1
65 71 10
144 160 1
185 194 1
122 124 10
128 138 1
71 113 1
163 179 1
122 137 1
53 101 1
126 144 1
13 29 1
94 119 1
139 144 1
86 97 1
3 74 10
66 107 1
25 40 1
60 75 1
129 132 10
1 16 10
52 54 10
2 94 1
128 134 1
175 185 1
51 79 1
67 102 1
42 53 1
74 103 1
141 155 1
163 182 1
143 160 1
133 144 1
20 48 1
1 28 10
5 12 1
67 81 1
23 39 1
124 150 1
32 56 1
41 43 10
124 146 1
71 75 10
71 95 1
135 162 1
77 101 1
54 64 1
119 136 1
100 125 1
159 173 1
11 17 1
89 127 1
12 14 10
75 117 1
113 133 1
104 133 1
1 10 10
81 99 1
92 102 1
134 157 1
6 8 10
44 77 1
49 57 10
138 152 1
62 94 1
141 168 1
2 11 10
125 155 1
94 127 1
133 151 1
137 139 10
158 175 1
145 156 1
11 26 1
64 77 1
3 100 10
3 145 10
26 42 1
42 62 1
21 25 10
58 68 1
92 95 10
103 138 1
29 38 1
70 96 1
150 164 1
69 90 1
17 43 1
55 100 1
87 89 10
72 110 1
26 50 1
58 94 1
33 62 1
64 89 1
71 87 1
86 87 10
114 137 1
77 85 1
92 107 1
161 163 10
112 126 1
10 24 1
118 151 1
33 58 1
97 111 1
13 18 1
26 32 7
29 31 10
66 80 1
55 91 1
74 79 10
162 177 1
84 115 1
77 94 1
65 104 1
92 99 1
14 22 1
85 91 1
164 165 10
75 112 1
1 83 1
104 138 1
3 146 10
99 117 1
127 136 1
158 176 1
126 138 1
48 86 1
103 132 1
52 60 1
154 163 1
34 45 1
88 108 1
30 32 10
95 110 1
88 117 1
84 117 1
114 122 1
149 166 1
1 94 1
62 87 1
177 178 10
115 128 1
127 154 1
137 142 1
129 158 1
35 60 1
40 49 1
187 196 1
108 134 1
3 179 10
18 26 1
148 159 1
127 153 1
152 162 1
154 156 10
126 146 1
71 74 10
135 151 1
126 137 1
43 78 1
3 77 10
3 182 10
54 72 1
104 106 10
21 32 1
13 16 10
41 67 1
167 185 1
127 155 1
41 78 1
90 114 1
26 29 10
98 118 1
87 110 1
86 125 1
145 146 10
155 165 1
82 107 1
69 83 1
9 21 1
159 160 10
49 83 1
87 118 1
85 123 1
94 106 1
113 116 10
2 25 10
65 88 1
39 70 1
114 141 1
120 151 1
54 79 1
127 156 1
64 95 1
115 148 1
56 79 1
149 157 1
65 69 10
81 118 1
69 91 1
43 47 10
139 148 1
105 137 1
153 170 1
130 134 2
164 174 1
146 154 1
68 92 1
105 142 1
23 29 8
98 125 1
21 34 1
112 136 1
3 125 10
14 19 5
86 103 1
86 92 1
191 197 1
163 165 10
3 126 10
58 101 1
61 76 1
97 108 1
43 80 1
74 81 3
86 121 1
25 44 1
105 138 1
48 67 1
66 105 1
41 56 1
171 173 10
158 159 10
99 125 1
144 154 1
106 124 1
157 159 10
83 113 1
155 167 1
37 50 1
157 175 1
186 196 1
60 65 10
74 76 10
6 12 1
43 62 1
18 25 1
42 79 1
65 82 1
12 23 1
73 80 3
5 10 1
41 57 1
70 71 10
110 128 1
75 89 1
23 28 10
7 16 1
169 173 1
94 108 1
95 132 1
131 143 1
7 9 10
135 141 1
123 149 1
3 102 10
138 153 1
133 138 1
53 83 1
31 49 1
96 124 1
1 91 1
144 167 1
9 17 1
50 76 1
60 67 10
121 125 4
100 109 1
100 114 1
84 102 1
96 106 1
69 85 1
172 175 3
42 84 1
88 121 1
138 141 10
1 40 10
155 176 1
11 14 10
141 142 10
98 136 1
64 92 1
3 93 10
176 182 1
171 184 1
71 78 1
70 101 1
75 96 1
138 165 1
92 109 1
14 23 1
62 69 10
81 120 1
131 142 1
38 39 10
109 145 1
82 119 1
146 157 1
113 125 1
25 54 1
117 125 1
74 94 1
65 75 9
60 98 1
138 164 1
67 77 1
54 97 1
3 173 10
99 102 10
29 33 10
114 149 1
24 35 1
44 81 1
78 90 1
110 145 1
3 114 10
182 194 1
165 171 1
2 5 10
60 105 1
155 157 10
74 112 1
41 85 1
133 160 1
77 96 1
95 97 10
23 47 1
92 124 1
107 110 10
170 176 1
73 98 1
116 146 1
24 37 1
68 104 1
67 83 1
87 111 1
53 55 10
17 21 10
139 151 1
40 55 1
153 175 1
89 99 1
24 40 1
38 41 10
66 106 1
25 32 2
84 116 1
79 92 1
119 123 5
144 150 1
85 104 1
118 140 1
111 116 1
35 48 1
146 168 1
37 68 1
32 62 1
107 140 1
172 176 1
48 61 1
33 59 1
128 154 1
156 167 1
185 196 1
80 85 5
2 18 10
63 92 1
99 106 1
124 136 1
113 135 1
61 75 1
53 63 1
108 109 10
37 70 1
33 51 1
114 138 1
39 69 1
171 182 1
51 78 1
160 169 1
156 175 1
93 123 1
113 119 1
174 175 10
40 75 1
18 22 10
55 81 1
119 131 1
41 70 1
67 82 1
85 126 1
62 102 1
127 145 1
118 121 10
37 72 1
114 145 1
91 93 10
140 165 1
123 127 4
91 92 10
48 64 1
27 56 1
101 130 1
70 88 1
168 179 1
78 86 1
128 144 1
57 102 1
148 171 1
117 150 1
142 149 1
102 138 1
61 101 1
34 40 10
148 163 1
176 180 1
93 99 1
18 27 1
126 150 1
42 46 10
3 73 10
157 171 1
82 103 1
98 111 1
123 125 10
77 112 1
139 149 1
37 66 1
121 126 1
114 124 1
16 21 5
33 69 1
83 95 1
122 150 1
157 163 1
136 152 1
176 177 10
89 107 1
78 84 7
165 168 6
1 51 10
20 25 8
56 67 1
86 118 1
144 155 1
132 137 1
98 102 7
68 78 1
38 42 10
81 98 1
66 81 1
178 181 1
86 122 1
77 80 10
133 155 1
22 46 1
52 88 1
96 128 1
71 81 1
35 36 10
2 69 5
57 83 1
63 69 10
9 19 1
185 193 1
77 105 1
151 167 1
1 55 10
59 83 1
3 124 10
182 184 10
25 43 1
79 88 1
50 87 1
115 122 1
31 32 10
76 77 10
98 121 1
95 109 1
26 37 1
41 83 1
63 94 1
158 166 1
68 106 1
150 165 1
19 22 10
172 186 1
2 85 1
54 56 10
53 82 1
115 129 1
38 62 1
130 161 1
3 66 10
137 152 1
125 143 1
81 92 1
91 119 1
92 123 1
168 183 1
66 70 10
75 104 1
40 85 1
3 71 10
140 163 1
50 58 9
155 168 1
67 78 1
101 122 1
49 76 1
103 127 1
192 198 1
113 134 1
151 166 1
181 184 1
15 29 1
39 43 10
46 75 1
135 164 1
62 96 1
41 80 1
190 193 1
98 128 1
175 190 1
73 100 1
142 160 1
140 156 1
187 189 9
73 99 1
83 112 1
3 176 10
35 54 1
76 107 1
61 78 1
22 32 1
121 147 1
105 106 10
135 137 10
118 123 1
24 31 2
111 140 1
31 68 1
106 136 1
110 135 1
130 140 1
36 63 1
61 79 1
34 51 1
105 129 1
136 142 1
10 18 1
58 71 1
11 29 1
161 179 1
43 45 10
50 85 1
125 130 1
113 114 10
52 70 1
60 101 1
31 51 1
54 78 1
63 79 1
129 150 1
141 149 1
60 63 10
64 91 1
126 156 1
55 82 1
120 134 1
176 188 1
83 85 10
193 196 1
43 60 1
24 50 1
129 149 1
90 116 1
2 28 10
28 33 10
121 144 1
12 21 1
187 188 10
85 124 1
20 46 1
82 121 1
164 172 1
106 117 1
36 53 1
32 45 1
117 140 1
64 93 1
2 61 10
117 137 1
159 177 1
154 178 1
121 141 1
129 135 1
109 132 1
98 126 1
112 140 1
138 143 1
43 63 1
96 127 1
23 49 1
72 91 1
126 130 3
97 129 1
55 88 1
103 116 1
106 107 10
39 71 1
1 75 1
24 30 7
1 30 10
46 67 1
107 128 1
111 123 1
35 41 10
28 47 1
115 119 5
133 162 1
63 106 1
39 63 1
75 93 1
86 127 1
30 50 1
46 55 1
109 129 1
112 114 10
66 85 1
156 162 1
147 148 10
66 79 1
176 190 1
115 138 1
59 69 1
107 143 1
166 169 6
111 134 1
95 117 1
79 101 1
57 79 1
17 41 1
36 43 1
49 73 1
130 133 10
163 164 10
63 74 1
167 183 1
180 186 1
149 164 1
136 164 1
42 72 1
80 118 1
72 115 1
138 161 1
18 34 1
62 84 1
174 189 1
143 163 1
160 168 1
134 147 1
27 30 10
40 58 1
108 115 1
175 189 1
3 83 10
105 140 1
118 132 1
89 90 10
51 73 1
22 37 1
13 17 10
109 144 1
94 96 10
108 112 7
77 107 1
134 145 1
15 18 10
79 87 1
70 77 4
24 38 1
1 22 10
75 92 1
101 121 1
63 102 1
169 171 10
2 16 10
158 178 1
141 167 1
64 96 1
73 116 1
151 171 1
62 85 1
164 178 1
41 73 1
3 144 10
54 89 1
102 129 1
153 162 1
16 34 1
73 106 1
152 175 1
85 119 1
72 106 1
46 66 1
100 111 1
151 174 1
87 92 7
144 161 1
69 76 10
154 172 1
26 56 1
118 146 1
116 150 1
132 150 1
68 85 1
55 64 1
139 160 1
146 170 1
44 78 1
150 159 1
156 174 1
91 113 1
71 89 1
103 136 1
118 127 1
121 137 1
55 71 1
126 145 1
117 141 1
74 86 1
130 138 1
17 35 1
125 127 10
57 64 10
62 92 1
129 146 1
95 133 1
67 88 1
179 185 1
87 121 1
111 146 1
18 32 1
93 121 1
169 184 1
59 93 1
138 147 1
49 85 1
133 154 1
61 84 1
93 112 1
138 162 1
51 64 1
103 133 1
73 91 1
109 122 1
70 93 1
132 159 1
25 29 10
155 164 1
3 112 10
16 31 1
89 120 1
45 51 10
164 181 1
47 59 1
24 42 1
12 34 1
34 53 1
38 51 1
88 91 10
157 166 1
126 135 1
131 146 1
2 7 10
61 90 1
185 188 1
46 69 1
1 44 10
112 145 1
133 140 1
101 114 1
183 191 1
116 121 1
156 160 1
163 178 1
59 80 1
33 63 1
72 87 1
97 102 1
58 103 1
79 82 10
81 105 1
129 160 1
75 87 1
94 103 1
71 80 3
52 96 1
101 118 1
68 77 1
12 25 1
99 122 1
96 114 1
3 161 10
70 106 1
52 75 1
126 155 1
141 159 1
36 56 1
57 66 2
153 157 1
112 129 1
120 133 1
49 55 10
32 68 1
3 75 10
97 134 1
89 103 1
24 34 1
61 103 1
130 147 1
45 52 10
57 98 1
159 178 1
3 187 10
2 48 10
186 187 10
103 111 1
150 173 1
129 140 1
99 124 1
91 120 1
139 167 1
81 117 1
41 84 1
59 98 1
33 56 1
159 162 8
98 124 1
42 74 1
113 123 1
64 85 1
3 95 10
168 181 1
11 27 1
153 168 1
114 129 1
81 111 1
44 79 1
160 173 1
78 94 1
90 127 1
178 190 1
3 119 10
143 156 1
166 176 1
56 88 1
60 104 1
5 6 10
20 26 2
91 116 1
122 125 10
81 91 1
125 146 1
1 59 10
188 192 1
107 137 1
113 140 1
158 168 1
37 41 10
109 113 5
108 130 1
53 72 1
190 196 1
131 148 1
167 179 1
31 69 1
37 69 1
1 46 10
3 188 10
1 12 10
66 97 1
121 151 1
51 52 10
81 96 1
4 8 1
3 181 10
148 151 10
33 39 10
86 102 1
86 95 1
56 64 10
40 66 1
74 82 1
36 52 1
32 35 10
31 44 1
88 127 1
110 138 1
44 67 1
108 128 1
78 108 1
72 79 4
128 159 1
107 123 1
34 60 1
15 17 10
152 171 1
99 120 1
67 107 1
74 89 1
159 166 1
46 62 1
93 113 1
1 88 1
140 166 1
121 134 1
28 38 1
47 55 5
49 63 1
71 106 1
122 136 1
100 101 10
154 175 1
81 87 1
61 67 10
26 46 1
48 71 1
73 104 1
98 119 1
31 56 1
25 46 1
135 156 1
151 158 1
102 118 1
151 160 1
71 73 10
21 36 1
125 151 1
32 51 1
1 19 10
36 54 1
2 62 10
35 62 1
93 109 1
50 80 1
151 169 1
120 135 1
136 146 1
42 59 1
96 120 1
185 190 1
140 162 1
25 39 1
56 84 1
135 140 1
11 22 1
159 169 1
44 51 10
77 103 1
102 109 1
22 47 1
60 61 10
123 140 1
112 138 1
56 76 1
48 70 1
113 136 1
99 103 8
50 78 1
118 144 1
127 158 1
163 176 1
110 121 1
23 26 10
131 158 1
10 13 10
23 35 1
20 36 1
170 185 1
106 111 1
56 91 1
82 99 1
1 70 5
90 93 10
3 109 10
89 98 1
61 73 1
165 166 10
61 77 1
174 190 1
38 52 1
118 120 10
123 132 1
120 122 10
50 75 1
30 56 1
3 132 10
117 119 10
40 42 10
102 105 10
144 156 1
138 151 1
105 112 1
48 52 10
110 140 1
142 150 1
183 194 1
3 56 1
138 166 1
189 190 10
92 118 1
119 129 1
106 137 1
3 97 10
63 87 1
112 120 1
151 155 1
39 55 1
106 120 1
26 53 1
81 101 1
136 162 1
187 193 1
103 109 1
146 160 1
30 33 10
45 46 10
89 91 10
53 97 1
58 106 1
4 5 10
25 51 1
118 134 1
14 34 1
155 169 1
59 102 1
74 77 10
4 6 4
40 51 1
106 121 1
68 96 1
42 76 1
79 94 1
124 129 1
131 147 1
17 19 10
94 112 1
1 13 10
161 173 1
110 139 1
68 108 1
122 128 1
54 76 1
8 23 1
98 117 1
56 63 10
159 171 1
63 96 1
111 122 1
89 111 1
123 134 1
38 56 1
32 33 10
74 91 1
42 50 3
58 98 1
118 131 1
111 118 1
161 166 1
60 69 5
28 36 1
42 60 1
46 86 1
104 119 1
24 51 1
182 190 1
155 166 1
147 173 1
158 164 1
55 96 1
91 97 1
115 143 1
3 68 10
39 40 10
54 81 1
8 13 1
48 77 1
59 95 1
25 28 10
138 163 1
113 126 1
12 19 1
20 49 1
124 131 1
3 65 1
188 198 1
1 61 10
173 186 1
115 147 1
170 171 10
130 158 1
173 176 3
92 125 1
59 77 1
70 112 1
63 93 1
62 68 10
90 96 1
1 14 10
132 146 1
137 140 10
34 44 1
110 113 10
2 46 10
145 149 1
62 101 1
84 122 1
21 44 1
107 124 1
33 65 1
32 58 1
101 135 1
152 166 1
23 27 10
94 114 1
78 91 1
40 65 1
99 101 10
7 14 1
109 131 1
65 66 10
93 95 10
66 83 1
31 50 1
111 144 1
150 152 10
13 22 1
58 70 1
2 72 3
46 83 1
132 161 1
28 44 1
86 126 1
45 82 1
95 112 1
48 56 10
56 93 1
176 186 1
36 65 1
41 48 7
66 108 1
90 99 1
146 171 1
68 109 1
167 170 5
31 67 1
153 159 1
143 161 1
156 161 1
172 177 1
49 86 1
19 30 1
80 119 1
70 95 1
135 158 1
145 150 1
137 157 1
17 28 1
67 96 1
178 185 1
128 153 1
66 99 1
152 154 10
115 142 1
142 152 1
183 189 1
107 130 1
154 176 1
2 58 10
154 162 1
127 132 1
64 101 1
71 88 1
133 145 1
67 71 10
124 141 1
70 74 10
107 111 8
73 94 1
36 37 10
64 105 1
79 120 1
2 31 10
98 104 1
56 100 1
68 94 1
66 93 1
43 55 1
124 138 1
124 125 10
189 192 1
191 198 1
2 82 1
32 46 1
143 168 1
23 42 1
151 165 1
135 157 1
82 111 1
79 110 1
23 32 1
56 94 1
89 114 1
79 117 1
2 63 10
10 23 1
81 95 1
63 84 1
48 69 1
97 100 10
58 83 1
9 10 10
40 69 1
91 99 1
160 176 1
80 96 1
46 61 1
42 67 1
79 113 1
107 122 1
143 167 1
39 67 1
23 38 1
102 125 1
20 44 1
94 132 1
37 62 1
36 49 1
47 48 10
17 23 1
75 105 1
74 97 1
118 119 10
62 76 1
147 152 1
180 188 1
68 76 3
40 67 1
82 108 1
10 28 1
65 105 1
85 115 1
95 103 1
3 91 10
85 118 1
54 58 10
121 138 1
123 136 1
66 67 10
52 92 1
171 189 1
110 141 1
156 163 1
85 116 1
61 83 1
57 74 1
72 103 1
86 123 1
98 107 1
3 84 10
77 110 1
40 41 10
52 77 1
138 154 1
57 73 1
144 151 1
60 64 10
105 135 1
3 54 1
75 115 1
62 104 1
117 124 1
134 159 1
11 20 1
133 156 1
64 75 1
6 7 10
97 122 1
93 130 1
34 68 1
16 24 1
104 122 1
11 28 1
37 67 1
12 15 10
100 113 1
126 131 1
176 191 1
140 143 10
146 163 1
178 180 10
126 127 10
3 195 10
153 154 10
181 187 1
47 54 10
28 53 1
35 55 1
112 134 1
130 141 1
83 96 1
94 95 10
45 75 1
164 183 1
107 112 1
163 167 1
62 73 1
3 133 10
1 8 10
88 105 1
29 43 1
3 138 10
103 135 1
50 70 1
106 108 10
118 141 1
46 49 10
92 101 1
162 168 1
118 137 1
29 34 10
148 158 1
43 76 1
3 113 10
177 184 1
198 200 1
80 93 1
139 157 1
32 65 1
150 166 1
47 64 1
102 131 1
7 21 1
77 111 1
50 77 1
98 101 10
115 118 10
50 83 1
151 162 1
137 146 1
82 105 1
107 134 1
31 46 1
154 168 1
163 173 1
47 58 1
145 152 1
42 73 1
28 42 1
111 126 1
137 166 1
170 177 1
64 106 1
121 133 1
36 59 1
162 175 1
163 183 1
34 58 1
51 82 1
3 160 10
53 85 1
143 148 1
79 80 10
184 189 1
168 184 1
57 70 1
49 79 1
13 19 1
114 132 1
57 86 1
58 75 1
56 85 1
33 50 1
113 130 1
148 173 1
147 151 1
154 160 1
77 83 5
4 12 1
130 139 1
122 146 1
118 135 1
3 110 10
118 148 1
147 170 1
92 114 1
1 81 1
68 95 1
123 151 1
66 100 1
33 61 1
34 62 1
34 39 10
155 162 1
80 115 1
159 165 1
2 76 1
153 172 1
62 65 10
110 116 1
120 146 1
12 22 1
97 119 1
100 116 1
70 75 10
141 150 1
122 153 1
45 70 1
97 118 1
53 75 1
166 173 1
134 136 10
126 143 1
127 133 1
57 90 1
157 168 1
12 18 1
82 106 1
54 95 1
29 46 1
111 136 1
72 109 1
7 17 1
1 27 10
21 23 10
105 119 1
189 191 8
101 137 1
106 123 1
196 200 1
80 87 5
109 115 1
170 186 1
92 116 1
50 69 1
11 21 1
92 108 1
35 66 1
84 125 1
94 118 1
47 82 1
83 116 1
147 149 10
71 114 1
55 99 1
29 54 1
96 100 7
150 171 1
163 177 1
118 128 1
75 78 10
88 112 1
152 159 1
97 101 6
59 90 1
149 169 1
185 186 10
22 27 10
55 73 1
118 136 1
3 148 10
141 157 1
1 3 10
16 33 1
58 82 1
156 159 8
122 131 1
59 79 1
104 139 1
97 125 1
184 191 1
79 121 1
143 169 1
152 172 1
172 181 1
78 93 1
46 65 1
30 31 10
94 100 1
137 138 10
182 188 1
71 112 1
46 78 1
129 156 1
19 27 1
34 65 1
28 37 1
83 92 1
122 130 1
46 63 1
94 104 1
99 129 1
75 108 1
16 38 1
3 163 10
117 120 10
63 91 1
5 14 1
179 184 1
48 60 1
112 142 1
145 162 1
94 116 1
3 156 10
62 99 1
118 138 1
104 121 1
191 193 6
26 43 1
9 26 1
133 134 10
105 128 1
83 125 1
116 117 10
128 160 1
93 107 1
36 42 10
59 76 1
167 182 1
37 57 1
27 44 1
162 173 1
1 4 10
148 152 1
44 65 1
79 84 8
50 51 10
102 115 1
44 70 1
52 64 1
119 139 1
78 99 1
174 176 10
35 43 5
77 92 1
125 132 1
65 94 1
122 140 1
64 72 10
1 72 2
52 79 1
65 78 1
3 98 10
37 40 10
136 143 1
60 81 1
21 37 1
122 147 1
166 177 1
168 169 10
140 146 1
136 163 1
47 51 10
2 27 10
87 119 1
76 118 1
19 23 10
103 134 1
98 105 1
48 62 1
44 60 1
66 82 1
142 157 1
51 71 1
80 121 1
3 178 10
57 106 1
149 150 10
3 96 10
84 105 1
86 114 1
79 107 1
90 128 1
174 187 1
99 109 1
106 125 1
157 158 10
47 70 1
137 161 1
178 184 1
157 160 9
64 87 1
112 122 1
3 59 1
87 116 1
134 160 1
49 74 1
164 168 1
3 155 10
98 135 1
36 58 1
101 132 1
95 118 1
150 167 1
177 182 1
63 98 1
97 132 1
105 139 1
90 117 1
109 110 10
99 134 1
1 50 10
43 70 1
3 165 10
2 93 1
3 193 10
17 29 1
32 66 1
155 173 1
104 125 1
33 46 1
32 63 1
57 78 1
56 57 10
73 82 1
96 116 1
166 181 1
125 138 1
108 121 1
53 81 1
23 43 1
1 43 10
83 107 1
93 101 1
115 133 1
22 33 1
21 39 1
147 160 1
90 95 3
122 152 1
61 89 1
83 89 4
68 89 1
111 145 1
55 67 1
76 108 1
10 26 1
34 36 10
64 107 1
152 155 10
88 120 1
93 114 1
142 151 1
1 79 1
169 183 1
132 135 10
39 51 1
150 153 10
60 84 1
38 70 1
99 104 1
24 41 1
119 132 1
31 64 1
93 127 1
107 136 1
158 169 1
95 102 1
31 53 1
31 55 1
3 128 10
69 108 1
124 151 1
83 110 1
130 160 1
99 121 1
62 105 1
2 47 10
39 66 1
145 164 1
63 67 10
129 143 1
96 132 1
49 77 1
36 55 1
113 139 1
131 150 1
43 44 10
80 99 1
142 166 1
117 146 1
94 122 1
90 120 1
108 137 1
33 67 1
93 110 1
62 106 1
102 106 7
83 86 10
103 139 1
90 100 1
87 105 1
26 35 1
69 105 1
77 81 10
40 83 1
173 175 10
9 15 1
50 54 10
89 117 1
121 127 1
66 91 1
36 62 1
23 44 1
89 115 1
56 87 1
131 133 10
22 43 1
27 47 1
57 82 1
106 127 1
116 147 1
161 164 8
82 117 1
61 80 1
73 109 1
147 163 1
51 86 1
69 80 1
78 88 1
154 171 1
149 173 1
156 178 1
183 193 1
102 121 1
61 66 10
24 43 1
17 24 1
126 133 1
126 141 1
87 97 1
108 143 1
129 139 1
58 95 1
129 133 2
68 101 1
141 164 1
109 127 1
19 33 1
134 154 1
39 48 1
82 84 10
63 101 1
98 123 1
158 181 1
143 149 1
96 102 1
88 118 1
114 147 1
167 171 1
146 162 1
19 28 1
162 169 1
173 183 1
108 135 1
146 153 1
76 98 1
120 123 10
129 137 1
35 50 1
127 159 1
117 135 1
2 39 10
79 89 1
14 18 10
105 125 1
88 115 1
81 114 1
118 150 1
31 63 1
144 153 1
40 73 1
10 25 1
188 190 8
56 62 10
55 92 1
151 152 10
11 13 10
94 105 1
109 117 1
144 145 10
150 168 1
69 74 10
116 137 1
45 60 1
32 40 1
70 99 1
45 69 1
85 112 1
7 20 1
68 80 1
144 149 1
105 108 10
25 49 1
44 56 1
52 76 1
49 72 1
48 75 1
30 53 1
37 42 10
142 147 1
121 130 1
81 104 1
191 196 1
87 120 1
80 98 1
91 121 1
173 177 1
109 112 10
132 138 1
100 137 1
6 9 4
22 29 1
54 68 1
20 30 1
116 144 1
112 130 1
130 154 1
88 94 5
107 144 1
8 17 1
120 142 1
54 94 1
76 111 1
22 35 1
93 125 1
172 184 1
54 67 1
33 34 10
156 172 1
128 152 1
115 139 1
164 185 1
82 91 1
35 58 1
139 145 1
46 87 1
181 189 1
110 142 1
9 18 1
119 128 1
34 61 1
56 78 1
27 32 10
63 85 1
79 81 10
134 153 1
141 147 1
180 194 1
149 167 1
174 188 1
44 59 1
10 14 8
83 124 1
51 62 1
111 121 1
1 74 1
124 135 1
96 121 1
78 118 1
163 170 1
93 105 1
93 102 1
104 141 1
40 52 1
151 172 1
112 144 1
76 85 1
117 139 1
161 180 1
50 79 1
146 156 1
20 31 1
158 171 1
181 182 10
131 151 1
137 150 1
184 187 1
81 109 1
110 134 1
112 141 1
2 20 10
8 15 1
58 78 1
3 127 10
79 102 1
135 138 10
104 110 1
54 69 1
55 70 1
36 74 1
74 114 1
40 63 1
44 68 1
107 120 1
192 196 1
63 104 1
105 131 1
17 38 1
122 145 1
41 68 1
162 181 1
109 128 1
31 66 1
36 61 1
70 79 2
123 152 1
120 128 1
114 120 1
65 102 1
71 83 1
108 132 1
58 63 10
92 96 9
52 89 1
187 197 1
114 118 5
169 172 4
101 111 1
54 60 10
50 92 1
78 116 1
2 23 10
160 171 1
43 69 1
54 59 10
172 178 1
71 86 1
124 154 1
83 94 1
17 20 10
169 185 1
111 128 1
78 79 10
50 84 1
117 121 5
74 75 10
77 84 1
9 20 1
55 69 1
136 151 1
34 57 1
90 118 1
2 90 1
2 79 1
124 149 1
71 115 1
94 99 1
57 59 10
155 175 1
14 15 10
142 145 10
13 24 1
46 48 10
64 74 1
3 175 10
59 65 10
61 87 1
3 92 10
57 68 1
58 73 1
22 23 10
108 114 1
1 36 10
78 114 1
17 37 1
126 140 1
184 193 1
3 88 10
122 148 1
15 27 1
110 124 1
101 127 1
174 184 1
143 154 1
80 83 10
107 133 1
89 95 1
100 107 1
18 21 10
158 172 1
42 52 1
110 137 1
87 94 1
41 65 1
101 110 1
64 73 9
3 136 10
112 131 1
79 115 1
71 94 1
15 16 10
132 140 1
165 177 1
130 144 1
35 65 1
48 79 1
43 77 1
159 172 1
70 97 1
102 137 1
179 191 1
40 48 7
25 41 1
105 133 1
111 127 1
94 115 1
138 158 1
70 85 1
140 145 1
31 52 1
195 199 1
39 42 10
175 178 1
27 34 1
32 43 1
180 185 1
66 101 1
48 80 1
31 59 1
21 45 1
91 100 1
1 18 10
198 199 8
58 79 1
47 83 1
162 176 1
181 192 1
118 152 1
199 200 5
33 42 1
69 110 1
114 140 1
116 149 1
35 61 1
143 170 1
36 46 1
146 164 1
154 177 1
17 40 1
127 129 10
56 72 1
90 121 1
108 138 1
47 86 1
84 89 7
41 53 1
104 132 1
184 188 1
104 137 1
27 49 1
160 181 1
84 99 1
148 156 1
177 190 1
39 41 10
119 144 1
34 56 1
70 102 1
2 87 1
10 27 1
34 52 1
103 122 1
3 166 10
127 157 1
104 140 1
195 200 1
147 165 1
157 178 1
119 147 1
121 142 1
40 54 1
27 48 1
169 170 10
146 169 1
118 143 1
121 152 1
2 75 1
182 189 1
125 126 10
185 187 10
83 122 1
58 81 1
168 178 1
51 53 10
42 71 1
188 189 10
24 29 10
152 168 1
128 142 1
56 86 1
53 70 1
88 99 1
121 150 1
73 102 1
171 181 1
2 35 10
67 68 10
48 66 1
120 143 1
144 168 1
166 182 1
103 137 1
12 13 10
6 13 1
75 81 8
61 92 1
178 187 1
40 82 1
54 98 1
91 110 1
58 90 1
143 164 1
83 114 1
78 85 1
118 133 1
15 31 1
64 82 1
3 192 10
104 120 1
38 60 1
96 107 1
19 41 1
99 110 1
65 90 1
144 163 1
112 113 10
30 37 5
36 50 1
56 61 10
155 163 1
2 37 10
115 136 1
8 18 1
45 50 10
49 58 3
38 65 1
3 169 10
51 84 1
39 65 1
68 99 1
49 68 1
129 148 1
43 51 2
114 135 1
13 23 1
115 120 1
136 140 1
69 78 1
165 167 10
132 144 1
133 141 1
98 130 1
139 150 1
110 133 1
59 60 10
186 194 1
25 58 1
2 49 10
75 100 1
140 144 1
32 69 1
69 94 1
3 180 10
71 84 1
13 32 1
85 103 1
28 35 6
71 85 1
42 55 1
59 61 10
124 155 1
160 179 1
161 167 1
171 186 1
63 90 1
148 165 1
80 91 1
20 27 2
46 50 10
34 69 1
80 114 1
49 52 10
65 80 1
62 98 1
81 82 10
80 89 1
5 7 10
77 93 1
4 11 1
122 133 1
2 33 10
34 64 1
53 91 1
85 99 1
2 54 10
7 13 1
132 149 1
104 128 1
83 123 1
81 112 1
51 89 1
112 123 1
52 85 1
3 116 10
2 4 10
89 97 1
163 181 1
163 166 7
31 38 5
11 18 1
60 92 1
60 70 1
75 84 1
178 188 1
53 98 1
114 146 1
95 125 1
39 53 1
70 84 1
179 182 2
49 56 10
131 161 1
61 65 10
3 147 10
68 73 10
25 33 1
40 50 1
148 166 1
124 127 10
153 165 1
129 159 1
51 68 1
51 63 1
29 32 10
29 42 1
154 174 1
3 87 10
25 52 1
60 62 10
45 73 1
70 111 1
77 108 1
53 78 1
47 77 1
69 98 1
140 158 1
22 34 1
140 149 1
42 45 10
35 67 1
101 102 10
170 182 1
54 88 1
26 48 1
45 68 1
26 51 1
79 86 4
30 55 1
46 59 1
95 120 1
85 92 1
138 145 1
139 143 1
137 154 1
124 144 1
130 136 1
99 135 1
162 180 1
87 124 1
28 31 10
111 115 5
77 100 1
92 93 10
37 54 1
132 133 10
42 68 1
34 43 1
87 95 1
113 148 1
115 132 1
158 173 1
98 114 1
79 116 1
28 30 10
176 189 1
73 74 10
126 132 1
10 15 1
168 172 1
56 59 10
28 45 1
103 106 10
3 186 10
14 31 1
10 12 10
144 164 1
172 183 1
194 200 1
160 165 1
51 85 1
162 164 10
75 88 1
113 129 1
142 153 1
27 35 1
108 120 1
74 109 1
91 124 1
59 106 1
52 94 1
44 50 10
150 160 1
55 94 1
127 149 1
155 156 10
129 142 1
131 134 10
43 64 1
95 121 1
83 111 1
148 154 1
15 25 1
38 44 10
42 54 1
133 147 1
68 113 1
101 123 1
102 133 1
78 101 1
85 94 1
67 74 10
40 78 1
133 158 1
70 72 10
141 145 1
167 168 10
110 143 1
111 130 1
197 199 1
77 102 1
89 108 1
46 80 1
111 117 1
72 104 1
22 44 1
59 105 1
113 118 1
145 148 10
127 135 1
57 75 1
43 81 1
131 159 1
89 101 1
2 42 10
43 67 1
85 105 1
13 14 10
108 122 1
163 168 1
44 47 10
128 132 2
120 132 1
181 183 10
60 78 1
148 155 1
49 62 1
2 12 10
47 50 10
60 102 1
82 113 1
120 127 1
73 87 1
73 76 10
122 126 4
27 38 1
162 172 1
193 195 4
56 58 10
33 44 1
52 97 1
129 141 1
132 134 10
129 145 1
125 129 4
181 191 1
21 22 10
76 83 8
19 32 1
112 137 1
145 169 1
84 119 1
96 105 1
73 112 1
72 113 1
40 45 10
25 26 10
38 73 1
30 49 1
36 68 1
32 49 1
110 114 6
67 109 1
100 130 1
53 88 1
147 166 1
111 132 1
106 132 1
111 131 1
119 122 10
21 41 1
104 126 1
67 95 1
44 72 1
165 175 1
1 57 10
77 109 1
37 51 1
178 179 10
50 71 1
98 112 1
3 130 10
37 55 1
32 52 1
52 101 1
41 79 1
60 100 1
67 92 1
115 124 1
119 133 1
71 93 1
65 108 1
180 191 1
104 116 1
41 58 1
101 115 1
187 191 1
40 56 1
44 45 10
100 129 1
2 40 10
123 145 1
123 143 1
32 57 1
98 106 1
43 65 1
91 106 1
72 82 1
30 46 1
80 94 1
91 123 1
89 112 1
119 134 1
66 90 1
46 47 10
74 102 1
160 164 1
47 73 1
72 107 1
130 145 1
179 188 1
94 120 1
59 97 1
96 117 1
117 144 1
3 106 10
89 110 1
87 112 1
125 157 1
102 113 1
93 120 1
51 72 1
100 122 1
57 88 1
44 52 2
33 48 1
109 119 1
154 159 1
142 143 10
1 34 10
42 80 1
71 96 1
153 160 1
147 157 1
56 96 1
104 117 1
68 110 1
145 165 1
140 151 1
137 153 1
76 92 1
12 16 7
51 65 1
72 88 1
142 155 1
143 146 10
102 108 1
141 146 1
38 45 10
166 174 1
85 125 1
54 65 1
151 173 1
41 59 1
37 56 1
40 84 1
139 161 1
161 182 1
117 123 1
123 141 1
1 90 1
95 106 1
91 94 10
168 182 1
45 48 10
193 197 1
170 181 1
66 92 1
73 118 1
63 81 1
169 181 1
48 87 1
119 124 1
80 101 1
127 139 1
94 117 1
76 96 1
176 183 1
109 139 1
113 117 5
92 120 1
97 128 1
88 107 1
34 59 1
63 88 1
82 87 10
16 20 10
69 103 1
34 54 1
72 83 1
38 47 1
62 89 1
81 90 1
16 17 10
145 154 1
97 106 1
77 95 1
99 108 1
43 73 1
92 130 1
1 85 1
89 124 1
92 119 1
175 176 10
61 95 1
70 113 1
103 104 10
67 89 1
136 137 10
106 112 1
92 97 1
130 153 1
104 108 7
14 16 10
72 97 1
69 113 1
77 91 1
165 169 1
22 39 1
78 83 10
98 127 1
76 113 1
122 143 1
43 59 1
54 90 1
125 147 1
32 34 10
107 131 1
58 97 1
49 70 1
59 91 1
156 176 1
45 59 1
79 119 1
14 20 1
1 9 10
148 167 1
81 108 1
120 136 1
57 67 2
149 170 1
137 160 1
19 26 1
48 72 1
68 98 1
26 40 1
3 131 10
57 62 10
71 109 1
110 120 1
44 66 1
4 10 1
108 131 1
65 87 1
70 92 1
123 128 1
33 55 1
188 193 1
45 71 1
50 81 1
150 169 1
27 28 10
79 108 1
56 66 1
53 69 1
23 30 1
86 101 1
97 127 1
155 161 1
1 73 1
105 122 1
119 141 1
26 44 1
134 155 1
81 85 10
54 57 10
165 181 1
15 37 1
196 198 1
168 170 10
90 123 1
51 55 10
41 71 1
20 41 1
140 164 1
107 118 1
79 100 1
64 99 1
103 119 1
54 92 1
97 115 1
2 78 1
53 62 1
168 171 5
59 103 1
8 20 1
98 122 1
48 81 1
34 42 1
67 108 1
106 115 1
101 128 1
63 64 10
108 125 1
1 66 8
35 49 1
3 168 10
58 85 1
111 113 10
61 64 10
20 39 1
161 172 1
77 99 1
62 64 10
50 59 4
38 50 1
136 157 1
117 142 1
117 147 1
160 163 9
61 62 10
118 126 1
121 154 1
116 133 1
47 85 1
164 175 1
71 90 1
105 136 1
107 129 1
181 190 1
3 185 10
124 132 1
177 187 1
112 118 1
27 43 1
71 97 1
24 36 1
34 46 1
3 190 10
63 80 1
157 167 1
3 115 10
97 99 10
76 103 1
43 48 10
93 116 1
157 170 1
90 119 1
103 129 1
1 23 10
8 21 1
113 127 1
143 152 1
152 157 1
114 119 1
74 88 1
12 20 1
187 194 1
75 110 1
17 36 1
51 88 1
29 41 1
28 39 1
50 61 1
72 93 1
31 37 3
185 192 1
68 88 1
2 81 1
38 66 1
80 105 1
26 30 10
98 99 10
58 87 1
26 39 1
80 90 1
91 95 10
141 154 1
109 121 1
60 73 1
19 40 1
76 91 1
16 36 1
107 119 1
33 64 1
135 155 1
65 85 1
138 156 1
35 40 10
55 90 1
17 44 1
39 56 1
94 133 1
189 197 1
47 75 1
134 139 1
123 148 1
155 179 1
90 130 1
119 126 1
167 169 10
93 115 1
76 106 1
84 104 1
121 128 1
114 128 1
73 93 1
161 170 1
114 142 1
28 49 1
42 58 1
188 194 1
49 54 10
166 180 1
18 31 1
46 51 10
147 158 1
161 177 1
2 95 1
22 38 1
152 161 1
74 108 1
32 48 1
130 131 10
29 52 1
127 146 1
102 104 10
36 45 1
162 171 1
93 106 1
120 150 1
103 131 1
52 82 1
16 18 10
125 149 1
49 87 1
89 119 1
40 62 1
147 168 1
89 102 1
84 123 1
96 123 1
38 58 1
63 77 1
101 129 1
101 139 1
84 97 1
164 177 1
100 115 1
50 91 1
89 109 1
166 179 1
122 155 1
135 160 1
76 109 1
68 81 1
46 57 1
60 76 1
43 74 1
92 128 1
106 122 1
53 67 1
65 84 1
97 123 1
82 102 1
135 139 1
41 77 1
41 62 1
109 126 1
56 71 1
86 112 1
149 162 1
98 132 1
45 76 1
1 77 1
20 38 1
130 151 1
58 80 1
140 159 1
104 118 1
41 64 1
110 119 1
55 84 1
129 155 1
119 151 1
102 117 1
65 68 10
87 114 1
139 159 1
167 172 1
124 134 1
108 144 1
145 167 1
3 196 10
153 158 1
91 108 1
183 195 1
145 155 1
6 10 1
63 73 1
11 23 1
149 172 1
186 190 1
20 23 10
191 192 10
2 64 10
1 54 10
50 73 1
32 70 1
81 83 10
134 149 1
162 166 1
13 15 10
120 124 5
140 153 1
148 172 1
81 100 1
97 121 1
101 136 1
66 102 1
42 70 1
106 126 1
144 159 1
164 169 1
80 92 1
106 141 1
46 81 1
142 148 1
28 57 1
109 142 1
154 169 1
88 116 1
86 104 1
54 91 1
64 88 1
146 148 10
185 189 1
125 144 1
114 139 1
31 42 1
125 156 1
103 113 1
149 151 10
166 185 1
33 54 1
168 176 1
122 141 1
83 117 1
148 169 1
14 27 1
126 153 1
59 73 1
117 131 1
51 87 1
61 68 10
110 118 1
45 66 1
40 74 1
121 124 10
136 148 1
10 17 1
3 52 1
111 141 1
42 43 10
71 72 10
30 45 1
188 191 1
53 71 1
149 155 1
148 164 1
75 79 10
18 23 8
60 95 1
120 138 1
82 96 1
154 165 1
108 113 1
3 142 10
75 98 1
107 141 1
149 153 1
27 42 1
172 174 10
141 163 1
36 47 1
41 44 10
20 47 1
135 142 1
74 107 1
179 192 1
92 110 1
150 158 1
47 80 1
50 63 1
10 21 1
61 70 5
2 34 10
179 193 1
48 83 1
5 16 1
44 76 1
45 58 1
82 123 1
56 83 1
66 104 1
51 59 8
150 157 1
60 68 10
112 117 1
101 124 1
22 28 6
3 143 10
86 109 1
14 32 1
86 94 1
165 172 1
150 154 1
150 174 1
54 84 1
96 104 1
99 119 1
132 158 1
60 80 1
3 62 1
138 140 10
70 98 1
9 25 1
7 11 1
62 83 1
151 175 1
102 126 1
117 129 1
84 93 1
105 126 1
121 131 1
143 151 1
109 133 1
52 65 1
1 31 10
140 141 10
1 86 1
79 98 1
57 81 1
125 137 1
79 95 1
20 43 1
29 36 4
10 16 1
45 85 1
55 83 1
130 148 1
125 153 1
3 150 10
1 49 10
9 22 1
47 87 1
122 138 1
6 16 1
1 39 10
90 102 1
1 32 10
103 110 1
58 102 1
100 118 1
163 184 1
36 73 1
30 36 10
60 96 1
82 109 1
159 180 1
52 67 1
72 92 1
23 31 1
140 150 1
62 108 1
79 99 1
167 184 1
141 153 1
138 144 1
102 127 1
160 162 10
20 50 1
92 106 1
38 57 1
53 65 1
149 174 1
77 104 1
97 133 1
51 69 1
126 129 10
39 45 10
51 81 1
77 86 1
12 31 1
37 61 1
142 144 10
55 63 8
135 148 1
101 103 10
135 144 1
75 107 1
98 116 1
85 89 10
83 119 1
147 162 1
59 66 10
31 36 4
189 195 1
170 173 4
71 104 1
88 98 1
93 131 1
75 83 2
26 55 1
1 21 10
24 28 10
123 129 1
40 64 1
156 171 1
91 115 1
21 28 1
137 149 1
40 79 1
65 73 5
109 136 1
136 156 1
44 63 1
6 18 1
125 136 1
84 112 1
156 169 1
133 135 10
166 175 1
58 77 1
118 142 1
119 148 1
67 93 1
99 131 1
86 88 10
43 53 1
59 89 1
136 144 1
93 124 1
116 118 10
66 103 1
88 97 1
95 98 10
26 54 1
115 130 1
74 111 1
37 64 1
43 71 1
134 141 1
49 75 1
119 145 1
131 162 1
174 180 1
118 125 1
30 61 1
85 107 1
82 83 10
128 136 1
74 113 1
20 28 1
54 101 1
170 188 1
94 126 1
25 30 10
67 105 1
140 155 1
149 165 1
72 80 6
154 155 10
76 102 1
175 181 1
175 179 1
86 113 1
18 40 1
74 100 1
148 149 10
106 142 1
82 97 1
61 104 1
88 89 10
85 117 1
55 101 1
129 157 1
73 95 1
89 126 1
76 88 1
27 50 1
90 91 10
93 118 1
42 49 10
139 142 10
164 184 1
91 111 1
135 143 1
80 82 10
129 134 1
84 113 1
14 24 1
169 180 1
45 57 1
72 89 1
90 110 1
110 126 1
94 98 10
167 175 1
50 74 1
123 131 1
140 161 1
77 114 1
123 146 1
2 84 1
53 59 10
2 88 1
131 156 1
175 183 1
115 137 1
33 37 10
142 158 1
30 35 10
51 56 10
34 38 10
187 190 1
18 24 1
56 60 10
34 49 1
105 111 1
89 94 2
147 155 1
68 105 1
178 191 1
53 93 1
65 72 10
62 107 1
82 122 1
29 50 1
22 25 10
117 122 1
190 198 1
28 34 10
83 87 10
59 74 1
64 80 1
146 159 1
173 179 1
123 124 10
107 135 1
22 26 10
118 122 5
161 178 1
83 106 1
87 100 1
108 127 1
97 113 1
108 139 1
103 128 1
138 139 10
69 77 7
55 78 1
132 157 1
27 46 1
47 57 1
110 130 1
58 105 1
102 107 1
143 157 1
135 159 1
65 92 1
75 80 10
171 179 1
19 20 10
2 17 10
21 47 1
55 65 1
185 197 1
107 116 1
164 176 1
87 125 1
41 74 1
1 84 1
20 21 10
156 157 10
52 86 1
30 42 1
60 88 1
36 69 1
38 53 1
24 33 1
152 164 1
58 91 1
7 22 1
106 140 1
64 83 1
93 119 1
122 144 1
49 69 1
165 182 1
99 128 1
85 111 1
165 185 1
81 121 1
145 160 1
24 39 1
58 104 1
178 183 1
97 112 1
113 120 1
134 148 1
55 86 1
88 90 10
66 89 1
115 121 1
68 97 1
1 68 5
93 129 1
111 129 1
180 183 1
21 33 1
61 85 1
69 99 1
112 146 1
125 141 1
39 52 1
112 116 6
158 167 1
126 152 1
164 180 1
15 38 1
152 170 1
77 117 1
82 124 1
60 79 1
91 122 1
60 99 1
101 113 1
3 123 10
54 82 1
103 123 1
3 172 10
52 53 10
38 67 1
156 158 10
119 137 1
23 41 1
111 143 1
17 39 1
12 27 1
151 161 1
67 90 1
169 188 1
35 51 1
126 136 1
53 86 1
116 140 1
21 29 1
31 61 1
2 67 5
59 86 1
171 180 1
102 110 1
135 147 1
194 196 3
19 43 1
25 48 1
6 11 1
33 49 1
118 139 1
127 147 1
1 7 10
165 173 1
13 21 1
2 66 8
21 50 1
169 175 1
83 91 1
52 91 1
44 62 1
108 117 1
1 67 6
100 133 1
76 94 1
26 47 1
132 156 1
124 133 1
136 161 1
1 45 10
68 72 10
9 13 2
85 93 1
104 129 1
87 88 10
13 33 1
52 71 1
8 12 1
63 100 1
137 144 1
7 12 1
140 148 1
44 71 1
57 93 1
177 186 1
94 101 1
38 63 1
15 23 1
79 90 1
97 114 1
95 131 1
148 162 1
47 61 1
107 139 1
26 28 10
35 44 1
114 133 1
55 59 10
107 121 1
5 8 2
82 114 1
90 111 1
2 26 10
160 167 1
67 110 1
148 161 1
64 100 1
71 98 1
144 152 1
137 165 1
191 194 1
59 64 10
56 65 7
31 57 1
113 146 1
61 69 10
109 120 1
83 101 1
141 152 1
29 57 1
35 64 1
107 115 1
45 47 10
168 174 1
96 110 1
127 141 1
122 127 1
112 147 1
145 157 1
23 36 1
154 170 1
195 198 1
96 112 1
177 185 1
77 88 1
81 115 1
175 188 1
3 134 10
108 118 1
57 91 1
58 74 1
21 27 1
81 84 10
151 159 1
84 108 1
91 130 1
80 84 10
42 83 1
142 162 1
3 60 1
150 161 1
27 55 1
102 114 1
37 45 1
126 148 1
183 192 1
128 145 1
72 81 1
79 105 1
62 78 1
47 71 1
184 190 1
17 30 1
110 136 1
106 138 1
50 53 10
75 118 1
143 144 10
44 83 1
53 56 10
53 66 1
111 125 1
85 109 1
67 80 1
64 90 1
49 51 10
127 138 1
140 157 1
111 119 1
91 118 1
62 74 1
3 191 10
94 130 1
16 22 3
90 108 1
157 172 1
83 93 1
122 154 1
25 31 3
55 87 1
66 78 1
78 97 1
129 147 1
26 38 1
32 41 1
25 55 1
33 36 10
97 124 1
81 102 1
37 58 1
99 112 1
57 58 10
25 37 1
34 66 1
35 52 1
82 92 1
74 116 1
53 94 1
80 110 1
121 129 1
138 150 1
129 138 1
35 59 1
118 147 1
40 47 2
48 68 1
116 139 1
46 84 1
102 111 1
20 32 1
112 125 1
2 9 10
67 103 1
108 133 1
115 134 1
171 178 1
86 107 1
106 129 1
123 139 1
155 158 9
183 185 10
100 136 1
140 154 1
44 74 1
158 180 1
33 35 10
3 197 10
64 94 1
55 95 1
3 53 1
141 160 1
42 44 10
95 115 1
31 41 1
69 96 1
153 164 1
87 126 1
116 126 1
54 100 1
118 145 1
2 52 10
89 96 1
54 77 1
72 77 10
159 161 10
116 136 1
71 103 1
115 141 1
160 170 1
1 64 10
90 97 1
63 82 1
124 137 1
99 115 1
149 168 1
104 124 1
184 195 1
167 174 1
113 124 1
57 97 1
186 188 9
108 111 10
73 92 1
131 137 1
173 184 1
163 175 1
35 56 1
147 156 1
82 94 1
45 77 1
39 72 1
153 163 1
30 59 1
58 100 1
72 98 1
106 139 1
190 191 10
112 135 1
23 45 1
7 15 1
65 74 10
67 104 1
28 54 1
115 140 1
27 29 10
132 151 1
185 191 1
29 53 1
38 68 1
18 33 1
73 90 1
37 43 10
89 116 1
110 112 10
133 149 1
2 51 10
74 80 10
80 108 1
7 18 1
112 124 1
76 97 1
155 178 1
22 36 1
115 123 1
32 50 1
131 157 1
94 107 1
68 111 1
159 163 1
109 130 1
35 39 10
48 73 1
13 30 1
61 81 1
86 96 1
103 114 1
105 123 1
120 149 1
61 93 1
50 65 1
78 102 1
45 53 6
195 197 2
43 50 10
111 138 1
45 79 1
33 40 3
36 70 1
50 66 1
35 46 1
66 76 5
160 175 1
83 108 1
124 157 1
61 88 1
83 105 1
99 116 1
46 79 1
97 135 1
65 106 1
96 126 1
57 65 7
145 170 1
45 81 1
137 163 1
113 141 1
151 154 10
91 104 1
128 148 1
112 128 1
101 134 1
88 113 1
26 41 1
90 122 1
59 104 1
15 20 7
163 185 1
13 27 1
46 89 1
73 114 1
47 67 1
161 183 1
86 111 1
73 83 1
154 157 9
83 98 1
149 154 1
13 26 1
182 183 10
53 57 10
117 143 1
144 162 1
91 103 1
134 162 1
37 53 1
29 56 1
59 84 1
96 122 1
161 181 1
59 81 1
3 158 10
46 54 1
143 155 1
21 40 1
20 34 1
54 63 1
35 47 1
134 146 1
42 48 10
96 119 1
72 114 1
162 184 1
20 45 1
91 96 2
114 121 1
1 29 10
111 114 10
151 164 1
71 79 9
70 100 1
102 124 1
75 101 1
63 109 1
15 36 1
33 41 1
161 169 1
172 187 1
12 29 1
120 145 1
144 171 1
40 70 1
145 159 1
55 79 1
60 86 1
126 158 1
139 156 1
89 125 1
80 86 4
55 57 10
100 110 1
88 128 1
70 90 1
30 54 1
112 132 1
17 32 1
51 58 1
130 137 1
78 89 1
95 126 1
31 39 5
84 96 1
81 88 1
133 153 1
16 25 1
141 162 1
52 102 1
65 107 1
84 90 1
130 149 1
140 167 1
52 98 1
58 66 4
90 124 1
58 86 1
38 55 1
10 22 1
146 150 1
16 32 1
139 163 1
73 84 1
158 162 1
106 135 1
98 115 1
21 35 1
180 190 1
47 69 1
119 146 1
32 60 1
120 152 1
83 115 1
87 108 1
149 159 1
157 173 1
41 54 1
94 129 1
63 75 1
79 118 1
54 87 1
97 105 1
1 20 10
112 115 10
150 151 10
63 66 10
3 63 1
147 159 1
73 75 10
90 126 1
58 76 1
28 29 10
78 115 1
79 112 1
66 71 10
75 90 1
139 166 1
67 101 1
42 61 1
52 80 1
139 155 1
31 45 1
55 77 1
7 19 1
168 185 1
19 34 1
124 156 1
52 103 1
95 107 1
57 96 1
14 36 1
145 151 1
83 88 10
89 106 1
14 33 1
170 179 1
111 147 1
71 111 1
58 69 1
44 80 1
16 27 1
3 72 10
75 103 1
143 158 1
95 122 1
166 167 10
61 71 1
2 22 10
102 135 1
43 56 1
75 95 1
55 56 10
128 137 1
132 162 1
52 63 1
3 90 10
45 74 1
82 90 1
54 73 1
67 106 1
61 102 1
114 117 10
144 166 1
87 91 10
1 17 10
30 52 1
136 147 1
166 184 1
86 100 1
170 180 1
84 106 1
77 118 1
50 64 1
123 153 1
81 122 1
19 21 10
116 138 1
101 117 1
52 56 10
41 52 1
69 84 1
110 117 1
65 99 1
110 115 1
117 126 1
71 82 1
169 186 1
69 93 1
18 29 1
93 108 1
163 169 1
18 39 1
87 93 1
52 84 1
38 40 10
68 75 10
138 160 1
121 136 1
77 87 1
158 177 1
80 117 1
69 70 10
131 154 1
29 40 1
78 112 1
153 161 1
77 113 1
135 150 1
121 153 1
26 36 1
36 44 1
164 179 1
84 98 1
91 127 1
180 184 1
45 64 1
48 76 1
45 61 1
1 42 10
19 25 5
3 140 10
164 182 1
48 50 10
140 142 10
21 43 1
93 126 1
126 149 1
190 192 7
78 109 1
101 112 1
161 176 1
66 72 10
58 62 10
154 164 1
139 140 10
105 110 1
29 59 1
156 173 1
189 193 1
57 84 1
152 153 10
44 61 1
1 33 10
2 10 10
142 165 1
133 159 1
145 166 1
122 123 10
18 28 1
125 134 1
43 72 1
145 163 1
101 108 1
82 116 1
10 20 1
21 48 1
165 170 1
80 113 1
53 61 1
156 179 1
2 57 10
114 123 1
94 125 1
72 99 1
33 43 1
8 19 1
63 76 1
177 180 2
75 94 1
25 27 10
87 98 1
60 91 1
177 179 10
89 113 1
84 124 1
188 195 1
161 175 1
105 130 1
132 139 1
79 103 1
105 132 1
95 111 1
123 137 1
82 98 1
47 68 1
103 107 8
109 114 1
63 78 1
124 143 1
170 183 1
57 77 1
76 100 1
145 171 1
36 60 1
107 138 1
184 196 1
84 103 1
41 76 1
69 97 1
181 185 1
61 82 1
1 93 1
69 107 1
58 84 1
74 101 1
128 149 1
53 54 10
48 74 1
78 95 1
152 158 1
74 87 1
48 49 10
67 86 1
2 24 10
127 152 1
85 97 1
108 126 1
135 153 1
53 84 1
60 66 10
21 42 1
45 78 1
14 17 10
38 64 1
95 99 9
92 121 1
124 139 1
86 108 1
145 168 1
30 58 1
61 91 1
16 37 1
120 153 1
62 80 1
1 37 10
124 142 1
177 188 1
102 128 1
21 31 1
125 145 1
36 39 10
65 97 1
57 104 1
9 12 10
109 140 1
2 71 5
27 33 8
57 71 1
38 46 5
114 143 1
63 107 1
116 145 1
63 86 1
19 38 1
72 85 1
29 30 10
159 174 1
76 84 1
72 90 1
107 117 1
99 130 1
115 126 1
112 119 1
37 46 1
129 130 10
86 119 1
141 151 1
58 60 10
34 48 1
27 40 1
49 81 1
104 112 1
23 37 1
131 138 1
102 139 1
47 66 1
87 102 1
62 109 1
167 186 1
111 133 1
103 126 1
69 73 10
151 157 1
76 93 1
56 81 1
83 97 1
97 120 1
121 148 1
135 163 1
48 63 1
130 135 1
1 87 1
124 148 1
85 110 1
66 88 1
120 125 1
41 55 1
11 12 10
73 89 1
48 55 10
69 75 10
122 135 1
14 25 1
3 135 10
39 54 1
50 86 1
28 41 1
52 95 1
129 136 1
158 179 1
67 91 1
141 144 10
59 94 1
92 131 1
157 174 1
24 52 1
74 99 1
157 169 1
6 19 1
56 73 1
45 72 1
170 175 1
113 142 1
149 160 1
52 66 1
3 111 10
139 147 1
151 156 1
71 105 1
34 50 1
160 182 1
76 99 1
148 150 10
37 59 1
100 138 1
178 186 1
139 152 1
137 156 1
32 36 10
25 36 1
175 186 1
1 69 6
52 69 1
146 151 1
33 52 1
29 47 1
4 9 1
118 124 1
139 146 1
94 110 1
162 170 1
47 56 1
30 34 10
51 57 8
94 102 1
188 197 1
104 107 10
42 77 1
54 62 1
150 155 1
128 150 1
82 86 10
56 75 1
8 10 10
74 92 1
40 44 10
39 58 1
36 38 10
108 142 1
85 114 1
78 103 1
1 56 10
117 138 1
42 66 1
116 134 1
86 98 1
114 134 1
24 45 1
133 136 10
63 89 1
38 71 1
74 98 1
1 11 10
113 115 10
183 186 1
67 76 1
104 130 1
52 58 10
94 124 1
162 179 1
53 80 1
47 53 10
31 43 1
4 7 1
88 122 1
54 66 1
1 71 6
134 150 1
90 109 1
31 58 1
2 83 1
45 54 1
165 184 1
78 106 1
93 96 10
134 163 1
32 39 1
49 61 1
3 120 10
24 53 1
93 117 1
1 48 10
114 148 1
44 49 10
53 99 1
55 58 10
84 92 1
67 99 1
52 100 1
97 116 1
40 80 1
49 66 1
57 60 10
89 100 1
48 53 10
2 19 10
50 62 1
116 129 1
97 117 1
18 38 1
87 101 1
69 114 1
78 81 10
54 96 1
73 101 1
137 164 1
49 53 10
56 69 1
43 66 1
24 48 1
171 187 1
95 128 1
76 95 1
85 96 1
80 100 1
104 135 1
137 143 1
35 45 1
130 157 1
16 23 1
42 69 1
164 167 6
16 29 1
84 101 1
9 23 1
59 71 1
75 109 1
142 163 1
133 148 1
130 155 1
71 101 1
184 194 1
117 145 1
15 21 1
39 62 1
72 111 1
92 127 1
37 71 1
97 104 1
28 56 1
69 88 1
59 72 1
98 133 1
28 46 1
99 137 1
46 77 1
87 104 1
2 8 10
92 117 1
168 180 1
101 120 1
13 28 1
170 184 1
124 130 1
82 85 10
29 39 1
72 94 1
27 51 1
96 98 10
28 55 1
62 67 10
30 39 1
180 187 1
67 73 10
44 46 10
68 82 1
65 67 10
134 158 1
78 111 1
90 105 1
56 82 1
14 29 1
63 105 1
76 86 1
19 35 1
182 193 1
2 89 1
84 121 1
17 26 1
87 103 1
121 149 1
87 123 1
120 131 1
172 189 1
62 75 1
76 117 1
65 109 1
74 96 1
139 164 1
86 90 10
67 97 1
40 46 2
95 116 1
110 123 1
62 103 1
3 58 1
194 195 10
147 167 1
124 126 10
119 143 1
64 79 1
73 103 1
193 199 1
73 78 10
126 157 1
171 177 1
48 82 1
78 104 1
66 69 10
47 79 1
82 101 1
107 108 10
150 156 1
53 89 1
55 93 1
41 50 1
155 171 1
51 67 1
70 73 10
166 178 1
85 106 1
37 52 1
29 48 1
2 60 10
2 41 10
72 95 1
176 178 10
74 104 1
111 135 1
135 154 1
62 63 10
178 182 1
20 42 1
26 57 1
55 74 1
54 80 1
143 150 1
69 79 1
31 34 10
149 161 1
5 11 1
153 173 1
100 120 1
31 33 10
10 19 1
51 77 1
61 86 1
41 47 10
64 68 10
26 52 1
173 174 10
99 132 1
55 85 1
63 71 10
92 113 1
151 163 1
111 124 1
15 26 1
14 26 1
46 70 1
153 167 1
24 27 10
1 65 10
109 141 1
129 152 1
119 142 1
158 160 10
138 157 1
55 62 10
197 200 1
81 86 10
33 66 1
19 36 1
95 129 1
54 61 10
89 92 10
55 76 1
3 167 10
114 144 1
125 139 1
29 44 1
149 152 10
126 128 10
104 109 1
169 178 1
103 112 1
163 171 1
115 135 1
186 195 1
32 55 1
86 99 1
144 148 1
58 89 1
78 119 1
2 43 10
115 146 1
63 108 1
72 86 1
119 150 1
98 110 1
110 131 1
75 99 1
79 97 1
59 85 1
69 95 1
46 52 10
53 79 1
144 158 1
1 89 1
6 15 1
136 158 1
103 105 10
60 103 1
42 47 10
119 135 1
183 190 1
18 19 10
43 61 1
3 67 10
177 192 1
1 82 1
69 104 1
113 143 1
165 183 1
119 138 1
85 121 1
70 80 1
31 47 1
37 48 1
75 82 7
115 117 10
68 79 1
73 85 1
193 198 1
66 68 10
47 60 1
61 72 1
132 141 1
128 140 1
95 101 1
70 86 1
134 144 1
145 147 10
47 65 1
40 43 10
2 80 1
33 45 1
60 74 1
129 144 1
132 160 1
52 72 1
75 114 1
133 161 1
103 108 1
164 171 1
55 68 1
78 105 1
147 154 1
35 38 10
22 40 1
84 87 10
135 152 1
116 131 1
96 101 1
58 96 1
21 26 10
74 110 1
73 108 1
130 142 1
43 57 1
3 101 10
164 166 10
152 169 1
84 107 1
62 82 1
2 44 10
72 108 1
67 69 10
92 112 1
131 135 1
35 37 10
95 119 1
52 93 1
81 103 1
133 142 1
17 31 1
91 129 1
49 67 1
27 52 1
127 151 1
16 28 1
26 31 10
85 90 8
43 82 1
18 42 1
3 78 10
57 61 10
68 84 1
116 141 1
82 120 1
83 103 1
70 76 10
52 68 1
51 91 1
130 146 1
63 68 10
32 38 10
119 121 10
14 21 1
132 155 1
2 73 1
63 83 1
24 47 1
51 76 1
12 28 1
89 123 1
122 149 1
77 78 10
36 67 1
51 66 1
146 172 1
34 41 7
144 147 10
90 104 1
168 187 1
25 45 1
39 50 1
52 59 4
119 127 1
40 71 1
41 69 1
91 102 1
3 61 1
70 89 1
62 86 1
149 156 1
146 158 1
74 90 1
117 130 1
132 142 1
86 105 1
45 63 1
3 149 10
92 129 1
83 90 3
45 55 1
52 83 1
120 147 1
3 162 10
46 68 1
104 127 1
63 65 10
94 97 10
72 105 1
109 137 1
139 154 1
3 153 10
131 145 1
127 143 1
75 97 1
129 153 1
106 143 1
90 103 1
165 174 1
99 113 1
53 87 1
51 75 1
136 165 1
117 132 1
71 100 1
54 70 1
153 169 1
3 82 10
150 170 1
1 96 1
85 120 1
58 99 1
137 155 1
80 103 1
61 74 1
156 164 1
60 94 1
3 105 10
92 103 1
96 130 1
51 61 4
65 77 1
3 99 10
137 147 1
194 199 1
150 172 1
110 132 1
51 74 1
96 135 1
19 31 1
64 81 1
70 108 1
91 128 1
43 54 1
136 155 1
80 107 1
95 123 1
80 109 1
25 42 1
82 89 1
1 63 10
17 34 1
170 172 10
100 134 1
97 110 1
109 116 1
101 119 1
105 121 1
74 106 1
61 100 1
16 35 1
20 29 1
1 41 10
101 133 1
131 152 1
46 64 1
176 187 1
59 88 1
82 112 1
80 81 10
72 96 1
125 131 1
86 115 1
41 72 1
138 142 1
96 108 1
52 55 10
171 185 1
2 65 10
80 88 7
46 60 1
167 181 1
1 62 10
152 156 1
56 95 1
