200 9980 4.73006 0.98439
36 144 3
96 194 2
2 158 8
50 166 5
120 178 3
20 185 4
43 111 4
67 104 5
140 200 4
97 195 10
79 135 2
136 198 2
91 151 2
88 131 6
30 51 1
9 133 4
74 122 4
73 180 10
40 83 2
86 126 2
103 176 4
136 153 10
30 55 4
29 194 8
70 75 2
53 166 10
27 131 1
123 135 6
59 172 1
159 175 8
8 187 6
85 134 2
7 70 7
24 73 5
17 63 3
70 194 7
41 47 10
26 199 8
133 190 2
64 97 3
74 163 4
87 97 2
182 194 8
21 132 2
98 112 2
71 200 3
53 65 7
60 193 3
61 164 4
27 78 5
8 93 2
16 150 3
33 136 3
135 143 4
129 197 7
42 159 7
63 110 1
85 194 8
50 104 8
119 161 6
3 29 5
48 102 10
84 148 1
113 194 3
6 149 3
124 157 3
112 146 9
50 106 7
42 70 2
35 80 7
105 131 1
11 17 2
22 158 1
53 130 3
73 191 2
110 166 6
81 137 3
28 85 8
121 176 3
95 118 3
3 119 5
113 159 2
115 132 7
21 192 9
77 126 2
55 110 5
97 145 7
80 132 8
17 49 3
33 197 1
17 101 2
89 132 6
14 107 10
131 142 4
118 162 8
9 135 10
16 109 7
91 155 2
11 104 8
14 193 9
1 82 10
2 189 9
104 179 10
3 194 6
69 152 7
29 92 2
13 171 10
37 90 4
125 130 5
10 37 6
70 79 5
38 156 8
81 127 8
13 148 4
139 200 10
32 81 10
62 189 3
3 74 7
144 184 9
81 100 3
4 173 9
98 200 10
130 194 10
22 23 8
133 143 9
153 174 4
78 128 2
182 191 6
80 84 6
10 185 8
15 39 6
107 196 2
142 148 2
64 119 6
23 103 4
112 129 4
84 128 4
6 173 9
37 162 1
12 44 4
37 194 4
107 129 9
125 172 2
6 106 4
110 169 8
68 185 5
13 28 7
62 148 10
88 117 2
87 168 8
19 200 3
9 158 4
73 185 2
133 169 2
16 143 1
149 171 6
87 160 2
46 184 5
24 62 8
93 133 8
41 129 6
13 200 2
95 117 9
7 97 10
2 101 10
38 83 5
3 83 4
118 174 7
81 88 8
46 103 4
117 189 2
71 140 2
159 188 5
59 176 9
21 187 2
29 40 5
78 126 9
16 111 7
115 195 2
187 196 3
1 8 4
54 181 7
7 143 1
39 197 7
58 176 8
128 158 6
4 112 3
81 174 9
125 184 1
3 155 5
71 159 4
22 24 8
8 21 8
159 177 2
164 176 4
7 132 3
77 150 5
139 181 5
47 130 5
153 189 5
50 176 10
83 112 4
123 191 1
137 195 9
51 52 8
111 149 10
86 174 5
29 146 7
8 61 7
63 89 5
57 75 5
175 189 5
5 145 3
5 59 9
94 128 7
30 161 7
44 178 5
16 118 8
21 150 2
26 80 2
66 97 2
103 156 10
35 111 2
21 117 4
24 106 5
69 71 10
54 99 3
35 194 7
63 115 2
104 149 7
81 114 5
96 185 2
39 151 10
34 133 7
88 111 3
77 170 7
115 164 5
44 100 1
61 173 5
17 43 7
140 183 6
89 178 10
15 104 1
7 197 3
39 83 1
115 179 9
128 181 10
121 135 10
89 99 8
100 147 1
37 188 4
88 197 3
2 71 10
49 159 9
3 86 3
23 73 1
115 146 4
147 164 9
84 178 7
108 116 6
10 77 1
68 84 6
104 119 7
59 137 4
32 103 5
42 96 6
56 195 9
51 90 9
147 189 2
152 163 2
174 180 6
100 169 4
51 93 9
73 149 5
74 197 10
60 172 9
15 17 8
38 158 2
14 19 2
90 152 9
75 140 7
20 99 1
55 122 4
8 127 4
130 183 9
48 106 1
65 96 10
57 147 3
36 148 9
51 69 4
68 136 6
44 69 3
50 148 3
150 165 5
62 91 3
141 176 4
48 193 4
118 196 6
17 94 8
128 192 1
49 54 9
50 163 7
130 166 7
64 171 10
21 61 6
95 121 6
25 176 2
6 190 9
31 46 10
91 96 10
34 117 4
88 186 1
119 133 9
118 184 1
68 117 4
124 143 1
86 102 8
102 179 5
53 163 1
87 153 7
37 45 6
157 177 2
72 128 7
113 191 8
141 146 10
3 138 9
96 182 2
170 175 2
18 37 2
99 118 6
7 176 7
42 109 4
62 68 1
22 99 7
52 61 1
7 156 4
45 49 4
34 180 8
80 169 1
53 150 2
43 172 4
2 60 1
15 184 2
35 54 3
55 82 10
38 126 6
4 47 9
166 168 8
81 102 9
63 187 9
89 116 5
23 129 3
80 97 4
8 189 4
102 158 4
44 174 3
34 166 3
30 42 2
60 130 5
49 167 10
39 141 5
166 175 10
35 153 7
86 145 6
91 176 8
94 140 8
117 134 2
96 116 10
15 178 2
48 85 4
17 41 5
110 191 2
139 171 5
39 98 2
159 182 1
69 125 8
53 143 8
11 134 6
122 193 10
51 162 7
90 177 6
126 134 5
131 191 10
67 91 4
101 143 6
6 73 10
78 105 2
46 99 6
25 97 2
42 189 1
65 92 6
35 53 6
139 174 5
75 127 1
40 114 7
32 53 3
134 191 5
127 166 5
138 145 5
23 102 4
60 122 10
12 151 4
47 199 5
109 157 10
23 190 1
5 106 6
6 96 3
76 190 3
41 185 8
112 125 9
156 158 4
29 69 1
7 67 4
74 172 6
39 132 1
35 97 9
30 174 7
16 165 8
111 190 4
169 198 2
168 195 3
27 160 3
14 43 1
181 191 5
147 160 8
122 149 3
130 193 5
18 140 3
20 53 6
112 184 7
27 103 6
69 111 3
73 98 7
58 122 9
33 167 5
48 123 1
35 39 5
53 54 3
104 176 2
86 175 5
67 198 8
45 83 4
25 36 8
50 116 2
25 28 9
83 130 5
16 45 6
72 75 2
83 132 3
101 152 6
56 163 10
98 171 2
92 194 6
31 177 8
76 174 6
108 168 6
46 180 7
35 59 1
129 142 6
155 165 6
11 166 6
65 74 3
18 70 10
94 139 9
145 151 9
85 123 3
45 92 7
58 84 7
77 197 2
24 194 4
7 199 3
38 185 6
89 122 7
56 120 4
73 112 5
66 131 10
22 72 6
135 169 8
88 139 2
45 101 2
67 195 9
39 61 7
45 148 8
18 35 10
51 122 4
54 55 3
51 80 3
33 192 10
145 188 10
87 180 1
124 150 4
9 92 2
80 171 1
10 54 5
22 138 4
124 192 3
124 128 3
132 158 3
2 138 5
33 116 5
34 93 4
85 173 4
11 194 3
42 176 6
115 116 5
19 74 5
178 183 9
17 142 8
24 125 8
143 182 7
84 101 9
110 163 9
131 161 10
32 168 2
129 188 4
151 194 10
119 157 7
49 66 8
88 141 4
113 138 9
3 136 2
13 60 9
152 192 5
24 52 6
99 193 3
68 145 4
169 195 3
35 69 3
22 40 8
4 67 1
39 188 4
164 168 4
115 137 3
87 110 6
40 136 4
24 92 7
61 79 4
192 200 3
7 21 9
76 165 8
28 134 1
18 156 4
86 158 4
144 147 5
110 155 8
122 163 2
30 98 9
15 173 4
136 197 3
161 167 6
143 146 8
11 115 10
55 153 10
47 98 3
156 179 4
21 40 8
107 142 6
82 86 5
94 185 4
12 139 7
6 140 3
7 195 6
53 69 9
129 149 6
21 116 7
63 105 9
80 108 5
118 198 7
5 68 2
89 160 9
55 148 7
35 188 1
162 185 3
28 74 4
9 110 7
6 121 7
36 139 6
26 47 2
127 179 2
87 188 4
45 191 1
44 187 1
91 157 7
41 105 1
112 173 2
70 118 5
162 195 6
152 153 9
71 196 6
122 124 2
54 108 4
14 45 2
73 177 4
12 81 5
86 172 4
30 96 8
46 90 4
77 167 7
18 160 10
22 83 2
18 138 8
2 172 2
9 156 6
169 180 1
12 70 10
25 150 2
72 195 5
9 13 6
5 184 5
13 114 8
89 103 7
47 165 4
41 173 5
33 48 6
86 140 2
101 142 6
80 81 2
23 166 2
4 9 6
73 111 1
20 148 7
8 51 5
50 105 2
63 80 4
88 91 2
7 66 7
47 147 7
39 122 5
66 164 8
122 178 6
52 83 4
13 65 7
112 200 2
23 80 4
115 153 8
62 115 9
12 150 7
12 69 7
47 127 5
44 148 4
79 105 7
134 151 4
24 46 4
30 157 1
53 170 9
8 120 9
11 118 3
184 197 9
25 90 10
40 86 5
74 173 9
6 45 1
153 179 1
59 140 8
46 121 8
119 153 3
41 51 8
98 175 5
86 93 6
91 101 5
78 107 2
32 126 5
10 50 5
141 186 4
29 140 7
60 194 2
4 84 2
30 48 9
105 188 3
113 150 2
15 97 2
64 84 4
163 184 8
37 117 4
51 55 6
108 190 6
52 54 9
75 98 8
166 191 10
69 144 7
79 182 10
31 87 5
1 131 8
96 140 3
6 145 8
2 97 1
66 119 6
102 167 1
149 191 1
112 160 9
58 120 6
28 150 8
166 198 7
8 112 3
34 66 6
137 168 5
145 168 7
102 185 5
23 65 7
137 166 3
23 193 3
95 125 3
145 161 3
56 156 8
149 177 8
76 114 9
90 113 2
78 152 10
142 187 5
99 154 2
128 148 8
23 86 2
140 156 4
71 96 7
7 60 2
28 199 3
54 86 7
14 167 9
83 96 10
84 94 6
29 66 5
21 111 8
76 131 5
1 41 9
55 76 4
48 145 1
65 127 1
88 124 10
163 165 5
19 76 7
45 189 2
43 156 3
3 99 2
16 30 3
52 150 9
153 176 9
123 200 2
51 104 7
103 110 9
90 109 7
60 72 1
56 71 7
14 99 9
12 115 2
77 89 3
18 39 8
35 122 7
15 91 7
27 110 9
120 193 7
138 192 10
164 197 8
2 77 7
13 176 9
7 90 3
185 195 8
50 60 8
43 135 2
8 162 8
20 189 1
106 129 8
26 134 9
62 177 2
66 118 8
50 161 10
88 123 8
28 154 8
64 153 1
82 126 6
158 187 9
17 135 5
77 187 6
46 176 7
17 131 9
96 109 8
83 178 10
172 194 1
16 57 3
147 154 6
128 151 5
9 82 4
96 160 4
112 140 9
9 95 1
44 72 1
68 85 10
96 190 3
90 147 10
6 59 3
36 133 4
19 181 8
87 120 5
113 149 6
117 137 4
9 16 4
62 98 7
85 189 5
23 69 6
1 97 10
32 116 5
74 125 3
85 130 6
17 184 1
52 69 6
111 174 2
73 187 3
82 124 2
56 172 3
4 160 6
39 142 6
46 173 9
21 182 5
73 76 4
14 190 9
72 116 9
70 78 10
137 170 5
36 113 8
57 106 9
74 128 2
61 82 6
101 198 3
70 176 3
155 183 7
32 128 5
142 152 9
41 115 9
83 143 9
86 168 7
95 196 1
111 116 8
58 150 1
36 145 4
92 162 7
30 123 9
95 200 2
82 130 1
44 45 1
106 178 10
152 178 1
1 55 6
163 200 5
3 71 6
89 147 1
20 124 1
107 187 3
3 73 8
46 98 7
157 185 6
15 176 6
83 185 7
109 185 3
50 150 7
49 60 4
60 100 8
131 150 10
46 85 1
16 35 1
10 133 8
14 61 5
101 153 7
40 53 8
13 142 9
37 80 10
90 174 4
80 182 5
29 56 5
143 176 5
12 146 2
137 191 6
14 164 3
153 191 6
2 105 2
123 194 4
25 135 7
32 185 9
15 170 10
51 144 6
144 156 4
115 142 9
2 163 4
10 14 8
33 64 6
45 159 4
78 88 2
40 95 3
44 54 10
36 138 8
26 65 2
121 136 1
35 50 2
22 108 10
56 111 3
54 186 5
10 192 9
39 167 7
148 157 5
66 162 3
97 142 3
31 95 4
60 147 7
98 190 9
59 135 2
76 181 8
98 151 9
18 158 10
8 123 9
96 144 6
46 83 10
82 144 9
28 45 1
13 170 10
57 155 7
34 65 5
36 72 7
64 192 6
55 198 1
167 170 8
33 130 4
96 146 9
139 147 1
94 127 9
46 168 5
44 60 10
31 109 2
54 94 4
166 172 3
2 120 6
36 56 1
9 100 7
8 76 6
10 36 6
50 153 10
8 10 7
5 16 7
4 165 9
182 199 7
46 125 9
19 37 4
83 175 1
23 33 5
27 34 5
17 99 7
77 115 8
155 193 1
137 200 7
13 23 1
109 131 5
143 169 6
123 169 2
80 151 10
36 164 10
34 159 6
50 187 3
146 167 10
120 179 1
24 60 4
67 85 4
43 124 9
32 90 2
59 61 10
22 102 9
45 114 4
31 124 9
46 155 4
45 173 6
75 166 4
23 147 5
181 182 6
32 194 8
187 199 2
109 130 6
46 146 6
10 105 4
15 132 8
127 134 9
1 186 10
34 121 4
178 185 6
68 186 1
90 159 3
20 187 7
19 57 4
72 166 10
5 116 2
5 66 1
156 162 6
113 134 3
11 22 1
3 157 10
50 103 1
24 28 4
132 134 5
151 166 4
30 60 10
106 195 2
36 180 8
20 145 2
35 107 7
41 188 2
28 75 4
84 127 2
42 111 10
106 171 1
16 78 4
12 128 1
82 115 2
129 144 7
60 76 8
53 146 1
56 110 6
22 69 1
41 59 8
113 128 10
31 159 5
61 64 5
146 163 10
6 182 3
4 145 1
123 137 2
108 155 3
76 81 10
81 120 4
48 91 9
56 129 9
116 178 5
3 133 7
72 145 3
85 171 8
115 176 6
48 71 6
42 103 8
8 34 8
11 192 5
94 172 2
140 191 10
13 54 5
15 38 1
36 83 10
27 153 1
104 107 6
15 133 5
36 190 5
139 145 9
15 59 4
100 182 3
12 148 7
120 175 6
16 62 9
101 154 7
35 125 4
52 185 6
57 62 9
99 103 3
34 79 10
27 157 6
71 132 2
23 136 10
64 185 1
75 180 4
153 181 3
115 147 3
43 62 4
65 165 8
19 22 2
113 179 7
62 125 3
36 77 5
92 104 3
146 184 1
36 67 5
20 34 8
17 149 2
112 118 1
116 174 10
23 150 7
5 186 6
88 167 1
29 121 2
23 137 3
86 160 2
129 171 8
24 111 8
83 183 1
20 37 1
19 34 4
105 129 8
123 157 2
15 171 4
93 97 10
168 176 1
3 80 1
62 116 5
75 79 8
110 150 5
34 104 6
134 180 3
69 83 9
27 108 8
70 145 5
18 79 5
95 145 10
41 197 10
12 200 2
46 132 5
58 67 5
47 97 4
70 73 6
147 175 4
39 179 7
131 156 1
27 71 2
110 135 2
92 161 4
98 114 8
163 199 3
21 78 2
32 61 4
99 196 2
18 94 10
59 178 4
24 72 5
101 178 5
65 182 10
32 45 6
112 130 9
1 167 3
127 196 3
9 195 4
18 163 5
152 168 5
23 198 1
39 137 1
182 189 8
107 192 2
85 166 3
111 120 10
114 143 4
152 182 9
50 174 4
31 80 7
22 65 3
63 160 2
79 165 8
24 101 10
79 159 3
76 99 7
16 101 7
11 90 8
35 104 1
38 84 8
24 74 8
10 87 10
126 168 5
108 159 8
31 191 6
107 166 3
122 176 2
148 163 6
139 195 4
76 158 6
97 173 3
38 49 2
95 120 2
30 32 5
46 195 8
76 125 4
114 173 9
132 190 6
135 153 5
62 75 2
74 174 6
55 135 10
110 120 9
71 199 7
60 67 8
27 119 9
33 52 1
52 111 2
21 66 10
102 172 3
97 101 5
69 98 10
141 159 6
22 191 3
124 187 10
92 177 3
34 82 8
94 195 2
128 153 6
2 59 5
134 165 3
18 145 2
72 197 3
111 117 1
169 173 10
153 165 1
141 179 6
67 182 9
64 193 2
26 74 10
30 31 6
95 174 5
119 150 4
33 141 4
31 103 4
93 198 9
65 179 6
108 191 8
2 133 3
17 139 9
124 171 6
50 193 1
82 157 7
58 110 4
19 63 4
13 20 9
41 113 10
92 106 9
104 112 8
25 35 9
69 128 9
8 85 4
114 129 7
183 186 8
79 83 5
37 136 3
54 115 3
38 39 9
69 156 3
131 155 2
23 48 3
77 193 3
18 60 4
17 191 1
84 172 2
180 185 5
40 46 4
87 103 4
137 145 5
4 46 9
50 53 2
149 158 9
6 81 4
25 38 9
84 111 5
6 30 10
81 178 7
121 125 6
10 162 5
13 175 9
64 166 4
38 198 6
24 70 2
90 134 6
32 123 7
87 154 8
85 142 8
40 166 6
133 171 9
149 161 6
2 98 3
61 150 8
45 95 2
109 176 4
29 84 10
23 42 5
169 179 6
135 163 8
119 170 6
1 51 10
96 151 7
109 145 3
84 106 10
45 199 5
42 79 7
51 75 5
16 96 2
22 82 2
92 151 9
38 111 6
62 155 2
30 114 8
109 133 10
161 174 7
110 172 10
23 112 7
93 106 3
28 46 10
14 37 5
102 109 9
50 146 7
127 169 10
35 99 2
117 177 3
27 175 8
138 187 1
53 88 4
23 105 9
69 126 6
34 164 1
24 49 2
54 107 3
17 197 9
5 189 4
91 110 8
106 177 10
45 131 10
71 115 3
5 7 3
78 190 5
18 123 10
38 62 1
152 190 3
1 52 3
15 34 6
45 147 4
46 96 5
1 13 4
41 198 3
19 148 7
86 148 2
101 127 4
186 196 5
145 171 2
32 58 2
9 191 8
64 141 4
55 187 3
101 158 8
166 197 10
15 135 10
59 157 1
3 43 2
132 182 10
41 180 6
5 93 8
118 197 7
144 167 2
39 135 3
124 200 8
40 74 6
55 163 3
80 187 8
120 131 8
97 198 8
110 112 5
25 173 1
12 124 5
26 127 4
22 63 5
93 134 10
84 183 7
136 178 5
143 185 7
111 157 9
45 82 3
10 80 3
136 171 8
90 144 8
1 7 3
19 72 3
64 158 9
20 79 7
57 88 9
86 183 1
95 101 9
39 57 10
10 72 4
25 55 1
1 20 10
65 118 6
38 117 9
10 103 5
9 198 10
10 93 8
14 121 7
90 181 4
19 129 4
29 139 8
73 198 5
115 123 4
60 152 1
133 200 4
3 27 10
102 171 10
23 99 10
26 132 9
125 144 6
10 63 7
12 34 9
94 97 6
63 193 4
65 67 6
16 138 1
64 172 3
61 100 9
51 168 7
155 164 10
32 165 7
51 198 8
17 130 9
24 181 1
28 147 3
32 159 8
128 183 3
99 166 7
124 175 2
47 133 7
44 135 10
95 170 9
42 122 1
72 114 2
111 161 8
82 99 10
15 98 1
118 138 10
30 173 2
41 136 8
61 169 9
28 68 10
46 171 6
53 129 7
7 158 3
58 109 4
75 131 4
22 160 7
49 192 9
139 142 5
126 142 10
24 134 7
104 153 8
136 200 6
83 161 5
96 123 9
30 124 2
97 113 3
42 128 5
104 193 10
55 188 8
7 165 5
84 124 2
76 89 3
109 163 4
111 186 5
45 166 3
44 170 3
19 170 5
43 112 1
56 80 2
16 127 10
151 180 10
39 113 3
97 102 1
75 78 2
96 192 3
27 114 6
86 190 10
83 154 7
61 155 5
154 179 7
158 162 10
65 83 2
41 82 10
120 129 7
106 181 2
81 177 3
157 180 8
42 135 3
136 172 7
70 189 10
2 100 8
71 164 4
49 149 8
12 90 3
56 66 8
44 85 3
93 162 2
9 23 5
24 142 1
105 152 4
3 193 2
1 87 6
40 54 10
10 78 1
10 121 6
53 194 2
109 118 6
55 139 4
87 101 9
66 122 4
20 134 8
26 168 8
114 150 7
26 39 7
56 101 1
66 155 7
134 173 9
180 197 7
69 117 5
119 168 3
111 122 7
39 185 9
14 186 5
76 154 6
151 168 7
63 126 2
56 169 10
167 193 8
53 79 6
88 146 5
43 126 10
10 109 8
3 129 4
37 161 9
110 115 4
103 159 8
81 159 6
30 137 3
7 113 10
111 146 10
81 105 5
71 126 1
9 34 4
5 89 1
78 140 2
78 103 6
6 46 5
41 152 3
55 164 10
67 74 2
106 115 5
101 149 5
31 149 4
77 93 3
76 110 10
21 37 9
6 76 4
129 186 7
33 188 2
110 198 4
44 119 2
109 168 9
4 104 4
125 191 3
124 182 9
143 151 2
71 117 4
80 99 9
90 148 4
158 172 1
134 157 9
55 68 6
128 141 4
172 188 2
110 165 9
59 195 1
53 78 1
8 28 3
41 166 10
146 159 3
113 129 9
70 97 5
64 195 3
138 172 2
33 103 5
22 78 2
25 113 5
15 22 7
17 26 10
2 178 10
95 197 8
19 58 4
58 104 1
37 107 4
23 44 4
148 152 5
164 198 1
135 198 2
121 142 1
59 145 5
70 91 5
194 197 1
2 45 6
116 183 4
86 152 1
108 130 3
101 186 8
151 157 5
116 134 7
11 116 10
152 160 1
32 186 6
4 12 8
86 198 8
56 180 3
34 147 3
87 100 9
104 177 9
123 151 1
49 98 3
32 63 6
86 197 8
22 125 7
69 110 3
72 150 7
93 142 5
12 60 8
9 66 2
40 173 1
84 135 10
7 153 6
92 190 1
179 188 3
58 70 9
28 41 5
123 142 3
101 138 2
38 184 7
95 168 2
80 128 10
17 32 7
113 157 3
46 73 10
79 185 7
152 161 7
34 42 6
43 53 7
84 169 5
40 157 9
13 135 5
74 133 5
101 103 6
134 152 5
78 80 10
81 144 2
51 59 4
23 158 2
137 150 10
54 197 3
40 49 10
41 171 2
63 73 8
168 170 1
22 67 1
92 153 8
187 188 1
22 120 1
77 195 6
22 151 4
103 149 2
116 191 1
150 181 6
63 147 8
154 182 10
33 171 2
68 94 10
74 159 5
167 173 4
10 165 1
38 43 6
109 175 2
38 123 9
61 145 5
163 186 3
83 168 5
20 102 1
37 126 3
12 19 2
7 177 2
29 129 6
23 89 9
75 95 6
81 101 7
101 196 4
20 149 4
36 127 10
68 168 5
23 177 4
28 43 10
32 76 2
12 198 7
6 19 6
144 189 10
15 182 7
32 77 6
30 79 8
75 117 9
10 128 9
134 169 6
10 81 1
177 185 6
50 186 2
82 112 5
11 161 3
4 63 5
46 86 2
84 123 6
70 183 8
164 189 1
17 195 8
123 143 5
75 143 9
65 147 7
56 60 8
26 182 4
156 191 6
64 168 2
58 136 7
39 163 9
6 58 8
30 50 8
33 72 8
23 159 10
137 180 9
57 84 1
54 156 1
109 115 8
19 138 1
5 175 3
147 193 7
48 58 8
163 185 4
15 186 4
72 186 2
62 100 5
87 144 2
17 48 8
30 195 6
94 155 8
71 119 1
6 118 9
29 105 5
91 168 2
30 66 1
25 153 4
79 146 1
6 120 9
144 160 1
21 170 6
28 172 2
126 128 1
65 167 4
6 95 5
10 179 8
70 150 4
37 47 2
33 170 6
1 66 2
81 109 5
10 175 1
103 107 1
122 179 10
105 112 10
19 164 5
29 190 7
96 137 4
67 169 6
21 81 9
6 64 9
93 166 6
25 33 10
7 91 10
87 124 7
88 148 10
34 193 6
122 136 8
7 170 1
67 170 5
165 199 3
59 160 5
146 169 5
169 181 2
136 160 1
9 40 3
151 182 2
74 153 1
12 111 4
139 184 8
91 104 9
21 198 5
33 135 1
64 98 1
98 117 3
63 67 6
43 173 3
45 58 3
121 144 8
10 40 2
39 193 8
96 124 8
32 137 9
162 172 8
3 152 5
67 125 10
99 181 4
142 151 6
120 167 1
14 66 6
34 198 2
138 181 3
62 70 7
58 148 6
43 77 9
147 165 5
31 70 7
2 188 4
114 185 4
117 144 2
178 179 4
87 155 1
50 157 6
71 130 8
52 53 2
158 196 10
98 168 9
133 188 3
26 78 7
53 116 10
111 193 8
170 199 3
37 103 10
29 189 4
58 165 6
77 98 8
163 172 2
51 89 8
32 189 9
84 156 10
66 151 1
79 137 10
15 52 7
131 183 10
62 195 9
41 110 8
81 82 1
59 100 7
3 104 2
125 129 9
92 150 1
111 158 8
124 129 3
32 122 1
114 123 8
121 177 4
19 64 2
9 130 7
51 199 10
67 161 9
84 198 5
25 107 10
29 101 4
89 142 1
160 168 1
94 98 9
20 101 8
7 68 1
6 56 4
103 139 7
27 53 2
72 161 10
14 84 3
33 200 5
82 164 7
151 178 6
107 118 4
42 174 3
46 149 6
95 146 5
8 95 8
99 133 8
100 102 8
154 196 8
86 184 10
52 70 7
42 57 3
95 158 4
87 177 8
78 160 8
103 180 10
58 69 10
76 179 2
27 178 10
21 105 8
12 178 1
94 144 3
155 158 1
43 85 9
119 134 9
116 176 1
94 133 7
39 169 10
4 93 1
50 78 4
109 126 2
105 114 7
84 92 4
9 102 10
94 146 8
58 107 1
40 159 1
120 147 7
44 56 2
8 71 9
31 148 7
73 194 10
129 166 7
43 102 2
161 166 2
50 75 10
145 166 8
122 143 7
73 196 2
15 107 9
109 143 8
142 178 9
45 195 9
20 70 8
127 135 7
69 96 6
117 141 5
29 197 5
33 173 4
123 167 10
51 161 5
86 161 2
31 152 1
24 66 9
56 84 2
67 77 10
63 88 8
69 129 10
68 160 9
133 167 8
80 90 10
74 167 1
148 153 8
93 130 4
106 130 2
39 164 3
84 105 9
5 178 3
138 153 8
32 155 5
103 119 10
31 153 2
156 157 9
1 113 10
134 172 5
68 121 2
97 105 5
30 165 4
172 189 6
193 197 1
144 178 10
74 145 5
42 47 1
41 142 7
72 139 9
3 162 2
26 200 3
79 194 1
17 59 1
116 166 8
41 158 8
138 152 8
3 113 7
14 54 10
41 83 10
43 148 8
94 165 6
36 117 6
48 88 5
59 147 8
38 141 5
179 199 3
103 136 9
2 112 4
46 161 3
167 176 7
25 183 1
188 198 7
56 152 8
110 148 2
83 98 6
42 86 3
156 197 6
13 15 5
7 173 2
25 156 5
59 162 6
3 179 1
126 198 6
128 152 4
38 69 8
70 113 4
89 100 7
98 179 3
68 179 5
23 154 9
23 122 4
53 171 7
37 62 5
67 76 6
12 93 10
94 135 4
128 179 2
33 121 10
17 120 3
16 24 3
108 115 6
65 199 3
78 171 7
151 156 8
35 120 1
94 153 10
63 134 10
125 186 10
35 113 9
154 165 8
7 42 7
40 94 8
13 173 6
97 121 2
21 103 6
55 103 5
17 134 9
92 124 5
91 137 3
61 91 8
43 185 6
73 195 3
78 129 3
150 180 10
60 192 2
90 163 4
114 117 1
153 171 9
114 145 9
32 133 2
179 194 9
90 171 8
105 147 4
57 166 7
54 152 4
115 154 1
31 171 3
8 136 1
22 192 8
150 193 10
5 134 8
51 106 7
86 135 9
21 88 9
53 112 9
38 171 3
24 133 5
106 116 5
174 192 7
4 44 2
85 150 5
194 198 9
134 187 8
20 181 5
79 186 9
74 152 3
1 163 2
8 165 8
43 151 5
130 164 5
27 118 1
16 158 7
43 136 6
28 55 9
58 101 6
45 187 7
147 194 7
17 152 5
155 173 3
49 151 8
40 138 8
19 134 6
108 181 1
83 119 6
7 162 4
61 108 5
14 101 8
73 156 6
52 177 8
150 183 8
175 177 8
54 79 4
2 191 9
4 49 6
114 148 9
31 145 2
3 173 4
9 139 1
108 189 4
89 95 1
16 199 10
42 63 5
22 47 2
25 29 6
34 87 2
27 111 7
109 152 8
137 173 7
82 152 8
118 148 5
65 124 6
116 195 10
108 175 5
25 67 2
81 182 9
25 138 5
20 66 5
146 178 7
127 180 1
99 169 6
10 69 3
88 93 9
22 165 4
101 102 9
143 189 9
37 200 6
31 33 3
24 77 3
81 118 1
39 196 4
7 138 8
16 125 3
21 134 2
127 149 1
120 144 8
85 181 9
136 151 3
93 183 10
59 88 4
39 49 10
166 174 1
148 193 8
59 96 1
66 183 5
51 173 10
18 112 7
74 120 6
64 109 2
64 191 6
19 184 5
15 124 3
38 89 8
28 109 6
107 135 1
107 119 6
9 61 5
60 85 2
165 198 1
49 162 6
41 64 8
44 183 4
68 199 4
20 173 6
98 153 2
89 135 9
1 60 8
62 166 5
40 185 6
46 148 6
36 188 8
114 142 5
43 168 3
138 151 6
111 187 4
37 182 6
18 98 5
16 139 6
99 174 1
111 176 6
141 169 7
151 196 4
17 169 1
16 52 5
32 119 2
21 87 4
115 156 5
4 51 2
54 103 5
32 125 6
11 150 6
29 52 8
20 165 4
162 186 7
35 106 4
127 194 7
2 146 10
28 72 8
3 163 5
73 142 6
155 169 6
39 102 1
134 179 1
24 200 8
5 60 5
9 132 8
128 174 7
71 135 2
40 167 7
26 57 3
23 85 6
33 78 10
61 128 10
49 102 5
61 138 5
12 192 9
70 152 10
119 193 3
56 113 6
38 124 3
142 145 8
107 200 1
59 66 5
146 164 1
15 74 10
140 167 6
2 139 7
150 200 2
138 139 5
2 149 1
107 138 2
170 193 4
190 194 6
46 170 5
7 25 9
12 153 3
137 163 1
124 154 4
127 197 8
2 13 2
74 118 9
38 145 2
69 200 6
86 128 1
21 71 4
13 81 1
20 132 9
119 176 9
101 136 10
87 172 10
39 123 4
48 164 9
96 145 4
142 192 4
111 142 7
14 78 3
103 137 2
89 140 3
69 162 4
161 178 3
32 83 9
88 173 10
121 130 3
86 134 5
45 193 6
186 189 4
58 198 10
79 161 7
24 158 9
101 171 10
91 161 2
83 103 4
15 185 5
136 150 2
37 143 8
12 121 10
64 127 9
44 82 8
134 178 6
55 129 8
35 48 4
10 167 4
94 100 5
149 168 2
70 144 10
60 126 1
64 77 1
118 135 9
4 175 6
55 86 9
9 91 10
53 142 2
128 166 10
31 183 8
111 165 7
40 97 7
61 63 3
13 134 4
148 154 2
65 68 8
7 83 3
3 177 3
69 179 10
14 75 6
125 180 9
68 184 3
82 114 8
46 163 3
53 148 10
137 149 8
63 85 1
52 134 6
129 134 1
35 167 7
22 168 5
26 63 1
102 178 9
22 55 4
28 100 3
26 131 6
25 41 1
78 164 7
117 126 2
50 147 2
150 184 6
55 56 1
149 183 10
74 109 4
149 173 9
37 197 5
109 149 5
53 84 10
2 43 5
18 126 2
114 130 5
118 178 1
37 57 7
143 195 5
43 90 10
4 78 8
127 171 8
44 122 5
71 189 7
118 169 3
7 58 9
50 127 8
29 143 9
108 194 7
95 107 6
144 175 6
142 150 8
8 124 1
78 185 9
159 184 5
54 56 5
68 194 7
83 122 7
16 160 8
18 71 2
37 56 2
42 162 6
47 148 9
45 185 9
180 193 3
115 150 8
56 106 6
19 43 1
114 175 2
26 45 9
110 124 5
107 126 8
102 163 8
185 196 10
71 93 10
88 189 3
105 190 8
110 113 2
72 82 7
29 70 10
193 194 3
47 75 6
100 180 5
122 153 8
28 63 7
54 71 3
92 166 10
33 195 5
31 186 9
139 170 2
71 102 1
75 111 3
24 54 8
8 56 2
25 162 10
78 87 1
64 110 10
14 88 10
15 64 2
101 197 8
6 65 1
53 144 9
6 32 4
8 80 3
53 185 4
158 190 1
51 76 9
15 45 9
104 170 9
71 138 10
77 125 1
9 72 6
67 116 2
32 187 7
122 166 5
64 85 5
6 104 8
156 189 7
132 149 1
1 155 5
42 145 9
51 145 10
39 166 2
98 102 10
61 142 8
27 195 5
47 113 4
138 165 9
101 104 8
7 200 1
47 117 7
105 116 1
11 168 1
106 150 5
19 123 8
27 74 1
60 176 2
103 199 9
72 137 8
145 164 10
36 48 2
2 162 9
102 142 10
2 38 10
29 182 4
89 185 2
84 95 3
21 188 10
4 69 7
105 160 3
43 49 4
144 181 8
147 151 4
50 130 8
175 181 10
31 63 9
76 78 1
2 72 9
8 131 9
4 30 3
62 66 8
49 111 10
78 83 4
64 75 7
2 10 4
48 49 8
74 187 4
75 146 4
102 200 7
22 100 7
142 167 7
104 116 4
30 91 4
4 153 5
132 200 6
39 146 2
33 89 9
127 151 6
12 181 8
48 180 3
19 189 2
69 173 4
65 113 9
10 120 6
67 69 7
115 184 7
70 86 10
11 137 5
60 86 3
113 137 5
19 85 6
39 130 9
56 165 8
55 74 7
127 129 9
67 188 5
25 177 10
121 174 4
27 39 10
109 186 1
72 151 6
85 116 9
8 69 8
19 96 3
37 54 7
43 182 6
110 154 10
24 177 10
3 181 4
97 149 9
121 199 3
173 184 9
23 58 4
82 118 5
13 48 3
2 55 10
28 148 7
37 152 6
145 180 2
43 147 9
63 165 8
73 155 9
5 87 6
105 123 8
33 166 2
42 163 2
19 171 5
52 119 8
48 173 2
133 195 2
31 200 3
54 88 8
45 79 1
135 185 8
1 133 6
43 63 4
15 24 5
110 126 9
120 177 10
2 157 3
40 200 4
125 197 5
143 145 8
24 93 5
45 143 8
42 184 7
93 115 3
26 146 7
45 158 10
24 68 2
109 150 2
100 186 1
137 139 4
46 164 3
127 188 7
5 58 4
8 20 1
11 80 6
8 91 10
28 142 8
1 199 9
97 144 4
58 179 3
32 115 5
21 36 9
89 128 10
59 97 2
33 88 3
6 54 7
117 183 3
75 187 8
124 195 4
60 158 10
98 162 6
47 67 8
55 147 1
64 114 7
70 110 6
28 103 6
146 188 8
4 115 5
33 119 6
13 197 10
124 130 9
46 190 9
35 95 7
43 140 10
53 138 6
146 190 7
109 125 8
139 149 9
59 131 3
4 187 2
15 83 6
32 174 6
15 41 4
57 68 4
26 143 8
142 154 4
11 15 6
161 173 5
35 124 5
44 134 2
66 165 10
64 112 3
175 199 7
16 89 10
6 153 5
42 67 3
4 60 8
41 43 4
137 155 9
61 172 3
83 87 9
96 128 10
61 95 6
54 113 6
173 191 2
174 200 10
7 30 8
46 122 10
151 176 8
25 62 9
29 167 4
47 68 9
101 176 7
105 132 8
9 171 8
28 178 7
37 78 1
117 170 5
52 189 8
61 151 9
33 111 1
9 148 1
48 90 6
33 110 2
9 42 10
94 130 10
126 179 8
15 174 4
73 193 7
86 103 3
32 169 6
13 199 3
103 191 8
108 196 7
133 152 9
108 165 9
54 116 1
15 189 6
134 140 2
11 111 4
143 152 6
75 148 9
93 163 6
103 118 5
19 80 8
38 47 7
28 59 8
10 101 10
36 173 9
82 93 7
52 59 3
163 171 4
108 146 8
34 69 1
30 181 4
10 118 2
21 194 5
133 182 3
91 138 10
6 125 9
27 172 10
62 99 4
11 37 10
29 50 2
50 71 3
39 115 5
42 77 7
129 147 3
174 181 6
48 89 1
132 172 3
136 146 7
92 191 6
82 170 8
89 182 10
64 132 8
75 106 4
123 171 3
93 171 6
32 69 8
45 150 5
48 92 1
10 70 10
165 176 8
16 28 3
42 105 1
71 109 9
130 150 2
97 112 3
126 148 10
38 160 8
31 106 2
113 175 4
2 80 4
75 138 10
173 176 1
79 153 10
101 132 3
75 103 2
48 59 3
98 100 8
196 197 5
23 37 2
77 176 2
23 49 2
91 197 9
102 114 7
50 87 1
112 162 7
8 40 7
110 164 4
12 177 6
32 121 5
22 53 10
92 185 7
15 123 4
22 91 8
169 193 6
63 74 1
122 137 3
115 149 2
126 159 1
25 151 1
101 159 3
24 29 2
85 144 1
82 90 1
95 131 1
70 175 2
42 71 2
79 99 3
102 137 6
95 161 10
104 195 8
164 170 4
170 194 1
55 108 7
116 188 3
163 190 8
107 168 10
32 98 8
65 133 2
59 167 5
78 139 3
6 14 5
7 144 8
17 65 1
12 67 10
56 196 9
89 197 3
48 121 8
130 161 8
55 121 2
5 196 3
92 168 3
53 152 9
23 29 8
188 194 3
35 126 5
27 83 10
59 123 7
38 138 4
45 78 6
67 99 10
5 157 10
149 181 7
156 196 9
82 154 2
22 164 2
64 68 2
36 101 3
40 199 7
32 68 1
70 114 3
103 197 7
43 164 6
55 159 3
16 181 10
63 181 7
2 192 8
140 162 8
45 55 4
133 157 8
66 107 10
7 46 7
104 110 2
154 199 9
59 73 1
102 103 6
140 190 3
59 181 6
47 85 1
49 179 5
14 174 3
64 118 7
59 94 7
103 144 10
52 140 4
63 186 2
80 165 7
29 161 8
158 180 4
85 163 10
29 195 10
25 81 7
76 186 5
56 138 4
55 96 5
33 117 1
125 159 5
51 148 2
81 97 1
152 189 5
117 158 6
79 147 2
123 139 5
122 175 3
167 191 5
147 200 6
123 150 9
144 186 5
123 126 7
85 154 2
88 156 4
23 148 10
114 193 8
144 193 8
42 44 2
125 162 10
123 187 6
87 192 4
165 188 7
25 166 3
126 195 10
8 181 7
17 127 3
55 100 3
45 63 6
5 62 7
9 114 7
54 154 1
126 139 1
7 93 4
26 68 9
12 127 4
52 71 5
127 138 10
57 90 6
140 187 3
29 31 9
6 115 2
42 190 1
155 170 8
57 174 8
108 163 4
99 121 8
87 199 3
21 24 3
45 190 9
45 126 9
28 30 2
8 174 7
101 190 3
26 117 2
75 81 3
174 189 9
77 181 7
23 53 6
77 119 1
3 16 5
31 134 1
6 172 3
28 162 6
45 124 4
55 95 8
102 134 7
47 53 9
125 152 10
54 82 3
120 197 9
42 139 5
48 105 5
78 163 5
59 115 6
62 103 4
114 124 3
123 182 4
44 58 3
34 174 3
22 87 5
34 101 7
21 34 2
16 31 7
26 37 8
165 170 3
57 153 3
21 109 10
14 130 3
6 29 2
3 117 1
117 198 10
179 185 1
182 188 7
33 83 9
10 190 5
13 90 9
11 100 7
39 73 7
9 126 5
41 94 4
163 198 9
106 161 8
23 75 7
1 175 2
79 123 2
36 104 10
49 154 1
133 149 6
117 181 3
106 186 2
109 134 4
81 140 1
7 63 9
27 188 5
9 194 3
6 51 6
28 182 1
48 161 8
78 176 4
16 95 8
88 130 5
120 187 6
82 117 4
50 190 5
135 161 3
139 154 9
119 183 2
55 196 8
46 138 9
85 177 5
44 155 7
9 57 6
127 153 1
31 136 8
40 109 3
79 100 5
98 173 10
88 165 10
26 124 4
18 149 6
42 120 9
48 110 1
102 168 2
84 130 8
6 39 6
17 104 9
40 131 3
121 127 3
37 160 5
37 183 5
10 144 9
19 60 6
180 182 6
81 160 2
94 122 9
36 167 1
162 174 6
161 177 1
56 118 6
94 107 7
105 136 7
86 121 9
1 195 8
11 44 4
130 200 10
48 63 2
10 152 1
139 144 1
73 190 4
107 161 8
5 185 2
154 193 9
5 187 8
93 184 7
69 73 1
106 191 8
39 112 10
54 62 7
58 146 1
26 105 1
78 151 10
7 142 7
43 70 6
114 177 1
70 107 4
45 169 6
73 151 5
108 154 6
11 38 9
81 192 6
37 60 1
44 193 8
77 107 9
133 164 3
13 189 9
28 118 4
3 66 3
94 141 3
84 146 6
14 64 8
20 68 1
51 188 9
126 178 8
23 151 4
23 90 8
56 102 8
127 189 2
98 199 9
138 163 7
40 152 9
44 162 8
21 102 2
33 164 1
80 123 9
25 56 2
41 137 4
175 200 8
156 159 5
145 182 5
122 142 8
69 188 4
97 190 4
104 106 1
28 157 9
118 199 3
119 123 6
63 133 9
1 198 5
91 130 1
53 182 4
6 110 5
87 156 9
173 192 3
36 84 6
59 65 1
102 116 8
4 123 5
66 84 6
25 87 5
22 153 9
56 58 1
31 83 1
133 192 2
18 144 2
22 39 7
119 129 1
49 141 5
75 158 6
124 174 6
99 115 1
70 87 3
30 80 3
7 92 7
65 142 1
130 137 6
59 79 5
21 114 4
6 22 8
140 152 1
91 98 3
113 125 5
27 169 6
11 181 3
50 124 8
34 120 10
28 76 10
52 67 6
117 154 8
36 135 3
18 127 8
188 191 6
20 162 5
65 86 7
112 147 10
104 162 3
115 186 5
71 145 8
49 68 1
37 74 2
74 168 9
27 56 9
107 159 7
90 140 7
25 180 7
91 102 1
133 177 8
126 131 5
53 161 5
141 152 2
37 106 8
1 23 1
4 88 3
22 96 2
89 97 10
97 193 2
29 85 3
39 190 7
49 52 3
75 199 1
50 192 6
144 164 7
22 130 6
26 59 2
11 101 9
26 198 6
47 73 8
100 124 1
52 179 5
68 106 5
9 177 6
108 136 3
61 116 2
30 194 10
59 183 4
25 26 8
60 190 8
171 184 10
133 139 4
63 158 2
57 58 6
69 113 2
50 57 10
23 106 10
105 107 3
131 185 5
92 159 1
68 90 8
135 150 10
44 180 9
1 6 2
86 159 6
113 115 4
48 199 4
24 190 3
41 191 2
174 184 5
85 143 5
80 118 5
12 180 1
2 83 9
23 162 1
80 194 9
153 158 2
135 176 5
61 196 6
34 181 2
64 122 3
123 140 7
25 66 6
23 121 8
62 69 4
94 169 7
27 117 7
42 59 7
39 58 1
151 170 5
108 178 5
109 195 2
74 185 3
51 119 10
1 127 10
25 32 10
119 180 4
31 92 4
2 24 8
42 52 2
18 171 3
81 170 10
34 188 2
90 111 9
166 192 1
63 65 3
3 180 4
36 141 9
10 187 6
5 126 10
52 103 3
32 149 6
9 28 3
2 31 6
158 182 1
167 180 10
33 149 3
99 162 5
142 196 2
66 110 3
129 167 1
65 189 4
55 171 8
14 152 7
141 182 7
29 95 10
106 173 2
68 123 6
88 149 8
80 121 3
136 155 10
85 126 5
161 200 1
92 163 3
38 159 6
140 160 1
10 174 7
42 114 6
104 150 3
3 192 8
72 154 5
71 107 5
97 197 6
4 13 3
112 181 10
103 200 2
68 189 4
18 175 8
21 165 4
63 151 3
120 142 1
135 152 8
82 145 5
82 168 7
3 87 6
40 174 3
141 170 1
27 69 9
119 130 3
191 196 7
44 130 7
27 139 2
96 175 1
99 198 2
6 111 8
4 126 7
47 112 5
97 169 7
4 32 7
105 193 1
25 48 9
112 126 9
33 102 4
100 153 9
150 166 6
8 139 3
9 74 6
50 54 2
59 153 1
27 146 8
6 31 6
84 118 2
155 172 2
11 157 8
23 169 10
48 68 10
66 121 4
42 94 4
111 180 6
13 184 8
25 181 1
97 135 5
43 178 8
80 142 9
135 192 8
104 152 1
37 129 6
94 161 10
30 47 1
27 106 6
124 141 3
44 199 10
11 180 8
110 180 1
118 171 2
150 192 5
40 184 1
109 172 7
61 101 1
91 165 9
35 161 3
83 199 6
105 183 6
124 137 1
47 185 4
78 143 7
36 193 6
95 98 4
82 163 10
132 143 1
1 112 2
113 153 3
44 63 2
14 141 6
142 198 2
131 158 5
73 129 6
90 132 2
86 150 6
104 151 5
28 138 8
42 81 4
4 17 7
25 50 2
87 169 9
85 165 10
88 110 9
26 64 2
47 144 6
78 108 4
76 129 1
44 157 4
148 177 6
175 185 3
8 180 4
33 104 1
99 127 9
25 178 5
145 191 6
6 23 4
63 96 8
30 36 10
97 157 7
30 58 9
91 194 6
64 92 6
21 118 6
103 145 9
29 72 2
65 139 5
86 120 1
121 155 2
21 152 1
133 196 9
49 64 1
129 152 3
99 190 5
13 163 9
198 200 10
45 52 3
14 180 3
60 197 1
47 61 4
94 188 7
54 96 9
88 105 9
167 177 10
71 110 3
56 166 1
37 198 2
49 180 10
177 183 3
49 178 7
28 39 3
29 33 2
59 146 7
60 93 5
4 199 6
84 161 2
46 133 10
9 46 6
51 118 1
64 65 4
49 100 2
130 146 3
47 91 9
2 44 9
133 189 4
84 170 10
38 146 8
11 54 8
115 140 6
66 102 10
102 133 9
9 64 1
43 118 5
25 197 1
178 197 1
39 78 7
15 190 5
13 105 1
64 184 9
20 84 3
44 188 5
19 137 7
144 153 4
22 136 10
34 57 7
150 176 8
95 191 7
33 108 8
46 76 6
163 181 1
31 34 4
39 158 10
79 196 8
36 90 3
42 138 7
41 123 6
32 162 6
116 156 9
19 35 7
5 182 3
86 189 1
85 98 4
68 122 5
9 187 8
18 188 3
72 90 2
40 101 1
79 167 6
51 146 4
81 92 8
91 118 4
14 81 4
26 36 2
22 50 8
4 71 6
54 176 5
69 91 5
134 171 3
77 159 10
30 138 9
54 174 8
136 187 6
41 181 1
31 150 3
16 49 8
20 21 10
19 90 4
105 130 7
51 191 6
159 189 1
145 167 10
33 162 9
9 157 1
26 87 9
69 139 3
2 23 7
91 164 4
6 155 3
134 188 5
151 163 10
56 104 1
34 197 9
69 72 7
40 51 10
126 188 10
114 164 3
125 151 3
142 160 3
50 188 6
89 124 7
93 191 10
14 182 3
8 118 2
36 186 8
60 63 1
90 176 10
32 94 6
55 178 4
34 95 9
72 97 9
30 185 2
79 85 6
75 152 4
96 158 6
96 141 9
24 83 2
99 157 2
147 152 9
22 101 4
61 85 2
46 142 3
28 86 2
71 86 6
24 71 3
48 53 4
7 71 4
68 126 5
25 141 7
128 173 3
127 200 10
60 149 8
127 148 9
80 159 6
91 166 8
174 179 10
48 168 8
76 197 6
161 191 2
3 103 2
151 193 8
9 155 5
55 158 9
16 176 5
36 105 9
11 79 10
128 172 1
84 167 10
77 106 1
19 197 10
10 31 9
6 180 1
2 166 10
33 42 5
14 44 7
65 175 4
186 193 7
32 56 5
13 166 3
43 131 6
25 119 2
93 152 8
11 63 5
116 173 8
63 87 9
119 139 1
151 161 5
9 89 7
94 190 7
97 125 1
2 96 2
58 137 4
108 173 1
97 152 4
10 24 3
76 80 3
190 193 4
67 146 5
83 100 8
51 102 4
34 103 5
100 158 10
58 124 2
179 183 5
40 71 10
146 182 1
136 163 4
23 142 6
52 136 8
16 17 5
75 86 10
74 117 10
5 192 4
71 187 3
10 11 1
61 127 9
46 66 4
7 189 8
36 79 2
2 130 1
16 192 6
51 77 3
3 53 10
32 35 6
49 59 1
57 99 5
30 159 8
52 108 5
129 131 4
122 169 4
105 184 10
28 111 10
14 87 4
6 37 5
72 162 1
44 151 4
61 175 8
61 193 5
22 186 1
10 107 4
7 152 7
77 95 2
158 164 6
75 177 8
25 84 1
5 119 5
109 154 2
146 160 3
98 123 5
57 175 5
21 67 5
45 71 5
11 92 1
37 123 7
48 135 4
106 189 8
3 183 8
6 164 5
44 77 2
109 147 2
28 47 2
89 184 3
80 154 6
95 148 4
18 105 7
15 112 4
94 116 6
8 55 1
52 109 8
10 136 7
61 90 2
93 169 9
92 119 6
80 196 4
32 86 5
23 108 9
56 162 1
60 105 9
30 162 1
111 139 10
44 104 8
52 159 2
93 101 6
20 137 5
31 190 2
43 68 8
75 129 8
120 141 10
62 132 2
49 130 1
124 180 4
14 77 1
81 86 5
150 190 4
11 66 2
122 127 1
52 96 2
28 132 2
27 94 8
29 32 7
146 156 1
17 118 3
31 184 1
25 37 5
88 190 2
56 130 5
96 148 10
20 156 9
68 100 2
175 179 10
124 158 6
32 39 3
57 113 4
37 101 8
112 188 4
57 91 9
71 82 4
88 180 1
24 40 5
31 179 2
41 135 4
5 28 5
10 164 8
135 157 6
64 123 10
100 187 2
25 172 10
9 131 8
95 104 3
88 192 1
49 108 5
81 188 4
84 110 10
10 96 1
23 153 4
39 171 1
16 18 5
130 192 8
7 14 5
71 83 6
19 87 9
37 69 4
72 85 10
116 181 3
15 168 9
51 84 10
13 117 5
57 128 7
83 188 10
107 178 10
40 150 6
6 94 9
165 167 5
125 131 8
51 190 7
6 99 3
61 131 3
78 115 5
50 191 7
48 184 4
147 188 9
83 192 10
95 100 9
62 135 5
43 75 1
3 20 8
99 152 4
2 169 9
150 173 10
48 107 4
165 172 6
110 189 7
153 194 5
121 157 7
126 186 8
91 106 3
54 190 9
17 57 6
106 147 10
185 194 2
59 144 2
22 84 4
92 174 5
71 114 5
123 181 4
5 169 5
9 124 1
88 143 1
102 125 2
78 123 10
109 191 6
41 76 1
95 179 10
13 119 2
40 99 10
20 49 7
80 178 5
29 98 2
7 103 3
58 97 4
59 180 1
65 78 2
1 162 1
31 165 8
87 161 10
125 133 1
127 160 2
8 12 8
154 166 1
59 161 10
90 125 3
108 125 10
75 160 8
16 37 6
24 199 2
115 173 5
122 199 1
41 93 9
182 192 9
127 131 7
10 163 10
91 121 8
115 157 7
6 160 7
31 58 3
102 153 5
115 169 3
79 128 5
55 109 5
168 187 2
141 150 9
155 167 9
95 183 1
36 40 10
15 18 4
28 33 10
43 96 1
3 147 10
19 33 3
31 88 2
84 121 7
120 137 9
157 176 9
173 186 3
112 161 8
22 183 2
10 16 6
183 189 3
94 191 1
53 121 6
11 99 4
6 20 6
53 181 8
88 92 5
49 115 6
176 187 3
31 74 4
87 105 4
80 120 2
38 101 1
154 200 10
8 82 9
82 169 8
59 71 8
9 93 8
100 130 10
12 53 9
91 126 3
42 192 4
34 115 3
106 152 1
71 106 6
53 168 7
37 145 2
13 145 4
55 169 3
119 149 8
33 133 7
102 177 6
121 149 4
161 162 5
132 167 2
77 111 8
44 164 1
153 155 3
94 170 9
48 78 10
36 128 10
170 186 1
115 159 3
2 42 1
41 189 1
143 191 3
52 199 10
107 165 10
109 124 5
41 71 3
4 162 3
24 76 1
35 116 7
18 65 2
8 22 9
59 98 4
53 75 7
7 57 1
23 63 3
72 144 7
62 194 2
42 98 5
63 170 1
64 73 7
11 75 10
120 192 1
60 83 8
58 62 5
28 102 2
14 155 6
90 103 10
73 150 6
121 128 3
41 150 9
54 145 4
43 157 8
13 88 9
189 196 5
96 150 5
31 164 5
80 141 7
39 54 4
85 109 2
55 112 7
142 186 3
105 186 7
32 109 3
53 141 1
159 172 4
27 40 1
58 145 3
100 168 2
39 94 3
63 175 4
27 150 9
38 53 2
102 157 1
33 75 10
42 54 8
38 44 3
30 112 10
81 119 9
26 96 1
42 113 9
64 90 1
43 125 7
26 186 4
99 159 10
106 135 10
50 91 9
49 164 10
65 170 1
89 130 2
79 150 9
122 155 4
92 125 9
47 66 2
51 139 5
120 188 10
2 53 7
48 192 6
100 141 4
75 108 2
138 168 10
19 156 1
103 130 1
85 179 7
178 199 10
49 85 6
63 91 2
5 131 9
135 154 1
39 157 6
107 157 3
81 176 7
14 128 5
136 164 2
13 33 3
1 194 10
19 124 7
44 116 1
34 40 10
18 141 10
24 116 2
21 32 6
11 184 7
96 164 4
18 181 9
69 154 10
50 200 8
63 179 6
54 119 2
19 191 5
72 98 3
44 111 6
24 25 6
45 184 8
148 164 2
132 171 7
27 132 3
110 119 5
160 195 3
64 131 10
104 144 2
109 184 4
38 71 1
34 131 4
27 149 2
109 128 9
7 102 2
112 180 5
107 186 7
89 143 9
5 167 10
74 93 5
80 170 3
80 87 10
114 132 4
15 88 8
22 133 5
3 118 4
3 197 6
98 135 6
100 161 7
86 122 5
30 106 6
6 126 8
56 62 10
64 133 4
58 174 7
124 190 3
11 46 2
12 147 5
37 172 1
86 105 7
147 172 6
88 162 1
16 92 5
34 106 5
70 192 2
11 144 4
132 150 8
78 94 7
60 75 7
145 173 2
95 140 4
41 84 1
98 161 5
8 147 10
2 147 8
68 89 3
12 77 9
141 166 9
35 37 6
44 50 9
59 199 3
1 119 5
136 149 6
43 121 5
3 178 3
41 182 1
76 87 1
35 96 5
91 107 8
3 106 9
47 142 5
25 124 9
3 60 8
139 188 10
1 116 10
58 178 7
39 200 7
86 170 5
95 176 8
21 23 4
84 180 8
81 190 3
43 69 7
11 28 6
72 78 7
60 178 9
29 117 9
68 170 7
25 146 10
71 186 5
62 145 1
27 36 7
35 133 5
17 31 6
32 199 3
150 189 5
47 57 9
55 61 7
54 179 9
13 35 6
44 177 6
59 92 8
148 182 1
9 26 10
64 151 7
159 185 4
90 105 4
27 48 3
45 104 4
13 77 5
65 101 4
80 152 2
13 100 4
170 188 10
9 188 10
67 124 9
36 111 10
13 24 6
44 153 10
63 107 1
91 127 3
78 177 2
29 153 2
9 113 10
121 147 3
7 41 10
100 185 4
32 161 8
48 98 6
103 193 3
53 193 5
4 196 5
97 123 1
102 191 3
93 132 8
84 140 2
36 176 9
60 88 7
47 128 10
90 167 8
19 115 8
12 63 5
11 73 10
108 119 6
53 200 5
45 56 9
51 71 1
99 139 10
106 125 7
64 104 8
164 173 4
80 188 10
42 172 5
122 154 10
56 91 4
23 82 8
54 142 2
156 185 1
8 188 6
10 193 7
41 149 3
33 58 5
149 192 7
3 65 2
23 109 5
161 188 6
67 168 2
5 91 3
44 184 1
62 95 7
71 183 4
56 141 5
20 136 4
59 158 10
80 115 4
105 145 2
163 182 3
27 85 10
76 85 1
91 152 2
152 155 6
38 106 6
188 190 9
88 121 3
29 173 4
97 116 4
79 191 5
162 200 4
61 106 6
20 183 7
121 141 2
46 134 3
56 175 9
8 125 4
44 149 1
83 145 2
116 124 5
3 64 9
117 169 7
104 185 8
47 86 4
5 79 9
76 173 6
21 142 7
30 39 10
120 157 3
82 127 6
52 141 2
36 65 7
35 118 5
99 100 4
36 80 5
9 161 7
128 182 8
63 76 2
66 111 2
171 174 5
103 161 8
34 75 10
154 155 5
94 120 7
15 37 9
14 131 4
8 97 3
3 176 4
50 198 6
140 174 5
19 40 3
54 78 2
172 199 4
11 151 9
124 176 6
85 192 1
142 168 6
9 62 9
135 199 10
135 170 10
162 184 1
31 68 10
23 43 2
103 111 2
22 180 1
119 192 8
141 171 2
54 191 1
55 144 9
90 126 8
61 166 10
73 163 10
3 72 5
46 119 3
28 58 10
65 97 7
161 192 9
101 195 10
57 178 2
21 140 9
39 51 7
20 153 5
13 82 7
19 78 1
107 181 1
77 104 3
61 192 9
64 128 7
90 199 6
66 180 1
113 190 10
77 171 9
59 155 1
121 169 10
69 195 7
10 196 6
118 125 4
40 104 3
27 45 2
4 39 3
69 123 5
165 196 2
95 157 7
19 132 8
6 162 9
27 112 1
44 189 4
72 187 2
78 153 9
125 169 8
19 160 5
87 185 2
116 190 4
72 83 8
35 87 4
98 178 1
79 195 1
148 178 7
35 146 7
109 153 4
5 176 9
36 39 3
127 133 1
102 110 2
100 125 3
67 163 10
12 48 10
53 63 4
60 181 3
18 41 2
38 60 9
107 182 5
17 164 6
33 80 8
160 173 3
35 74 5
54 137 5
114 154 3
123 129 1
57 60 2
24 26 4
98 195 10
36 45 9
58 81 3
60 61 10
122 148 3
21 160 7
55 191 3
92 144 6
33 59 7
69 197 5
96 129 1
67 88 6
18 48 3
67 177 5
108 114 1
31 41 2
168 178 1
10 151 5
37 199 2
14 126 10
79 90 9
5 173 9
56 89 1
163 196 8
61 74 1
43 181 5
128 138 10
102 155 1
49 147 9
94 103 3
91 199 3
116 154 10
70 184 9
52 102 7
30 158 2
70 174 6
39 59 3
21 130 1
73 119 10
107 108 4
5 121 7
90 155 10
117 199 10
15 111 7
180 198 5
38 61 6
4 80 4
14 118 6
15 113 6
134 141 8
153 154 3
11 199 5
21 176 5
50 51 2
14 74 5
157 199 3
142 172 1
81 194 5
82 183 2
75 100 5
23 71 8
34 51 10
133 166 10
31 160 9
33 44 3
44 55 8
67 103 1
41 169 3
17 173 1
126 156 3
83 101 5
62 147 6
52 88 3
88 172 6
10 75 1
20 128 4
104 190 9
16 107 10
35 136 7
81 93 4
78 194 7
57 145 1
32 67 9
26 184 9
125 185 8
82 88 7
58 154 2
100 113 9
147 162 4
127 162 4
105 144 2
103 162 6
5 43 10
51 179 10
179 184 6
121 170 6
104 163 9
46 84 9
81 187 10
66 198 10
6 60 6
17 18 4
49 196 5
55 107 5
74 103 1
93 94 7
40 119 4
15 28 8
1 76 5
51 171 9
62 94 5
111 197 8
10 157 2
121 182 4
99 131 9
155 197 8
32 59 7
64 169 7
83 114 2
137 160 8
3 82 2
1 91 9
10 199 10
11 177 9
63 71 3
134 196 2
95 149 6
101 150 1
137 140 6
104 180 8
120 143 10
48 160 9
89 194 5
104 133 5
157 187 3
114 158 10
3 81 6
37 41 3
124 184 3
75 104 10
29 150 8
3 55 5
26 31 4
22 110 5
79 131 3
24 100 9
81 135 1
116 199 3
143 168 8
74 161 5
9 22 1
113 146 8
109 193 1
21 90 5
63 153 8
171 185 7
5 108 3
101 162 8
40 176 7
45 130 7
72 79 1
1 77 2
91 173 4
138 162 9
191 192 3
14 52 4
9 200 7
1 149 8
52 126 2
32 184 3
8 60 3
2 57 8
132 188 1
83 153 8
101 167 9
44 168 6
48 179 9
103 196 3
40 133 6
145 150 9
138 147 1
60 161 3
37 127 2
33 114 5
111 198 4
114 151 10
54 76 6
125 176 10
102 128 9
66 78 5
141 167 8
113 143 3
31 56 2
32 131 9
98 122 1
103 198 4
17 151 3
5 99 9
82 155 4
28 116 8
148 197 8
6 24 10
91 139 1
48 75 5
5 90 9
92 196 2
63 120 10
114 155 7
36 49 8
41 42 9
41 80 8
76 115 5
36 160 10
92 200 3
121 162 2
34 83 9
71 113 2
82 121 2
87 104 3
110 193 7
55 66 6
14 170 8
35 173 4
38 72 10
142 183 4
159 180 5
99 163 2
118 127 7
86 117 10
6 47 5
6 8 8
57 143 9
170 177 3
57 199 7
73 88 5
93 145 9
54 121 3
142 144 10
1 93 9
1 15 4
11 86 10
99 135 7
42 194 6
11 169 6
98 187 5
137 182 4
129 159 1
174 188 8
20 176 6
24 38 2
141 172 6
21 29 5
39 153 7
116 186 5
9 21 10
112 138 4
180 195 2
63 200 3
117 120 5
4 111 1
24 121 3
74 89 10
13 93 4
38 108 8
6 167 5
14 124 10
58 88 1
2 145 2
183 196 7
76 100 5
43 162 9
195 197 6
72 91 4
107 180 6
19 177 1
100 123 10
52 166 1
72 126 6
17 178 6
70 94 9
87 186 8
111 171 4
69 155 8
58 170 3
78 136 4
82 149 1
192 199 5
16 27 5
22 113 3
169 196 1
2 19 10
51 56 6
28 151 8
180 190 4
23 67 8
66 191 5
118 176 2
55 180 10
28 129 8
42 182 8
37 105 3
72 192 8
34 161 5
56 67 7
59 142 7
196 199 3
6 183 1
146 154 2
60 110 4
126 194 9
58 157 8
160 163 9
39 42 4
45 88 6
39 155 6
16 43 3
3 67 4
92 110 1
174 190 3
87 159 2
39 129 5
103 188 6
34 148 3
20 72 9
108 153 6
36 91 8
101 166 1
95 142 2
35 163 2
10 132 7
4 22 1
13 157 9
96 173 10
69 176 10
76 82 9
104 128 8
10 154 7
108 199 5
4 156 7
5 77 7
139 151 8
165 189 3
81 129 7
115 194 7
79 86 9
123 136 1
39 121 10
52 79 8
42 181 7
24 82 1
80 185 2
2 3 5
127 170 5
34 183 8
172 193 7
60 90 4
18 52 8
112 132 6
86 130 2
18 136 3
24 149 5
46 143 8
90 173 8
146 157 6
116 121 5
168 172 1
20 200 1
81 94 4
22 143 3
19 26 2
124 181 8
4 6 9
55 157 8
46 92 5
81 107 4
9 144 3
36 162 4
86 199 6
34 73 3
130 157 4
39 165 7
40 52 3
25 60 3
18 197 2
87 134 7
145 149 4
100 126 3
22 31 3
16 140 1
78 81 8
73 165 1
53 189 10
85 180 4
38 42 5
66 200 3
121 154 1
97 186 1
41 117 5
20 96 1
50 121 3
19 133 3
107 116 4
31 116 10
36 125 8
9 37 1
81 111 4
11 142 6
11 110 1
82 106 5
25 64 8
2 116 2
20 155 6
129 196 9
149 169 9
23 188 6
20 154 1
12 140 4
125 164 3
76 168 5
30 169 7
76 138 1
119 146 7
24 91 2
35 171 6
67 119 9
44 185 6
45 139 7
112 154 2
4 31 6
32 144 7
97 137 1
39 174 8
53 155 1
126 196 8
17 112 3
31 36 1
103 131 3
71 104 4
106 120 2
5 11 4
148 200 8
49 168 10
37 131 3
46 82 4
62 196 7
39 62 7
134 148 9
60 153 5
70 180 4
17 58 9
46 60 8
157 191 3
61 104 10
97 139 9
125 148 4
48 86 2
59 166 10
127 137 10
59 186 4
11 182 1
99 128 2
82 177 4
8 144 3
66 106 8
66 79 7
46 100 5
81 124 1
114 152 4
37 168 5
61 185 6
149 150 7
58 71 5
115 182 10
84 177 8
54 167 7
1 92 6
11 163 10
74 102 3
72 200 10
51 183 2
102 183 1
4 167 7
15 72 7
46 188 8
31 132 7
30 126 8
28 122 10
135 149 3
173 187 7
42 90 6
67 185 10
165 190 1
6 157 4
16 42 8
52 144 1
15 159 1
16 124 2
29 100 6
142 156 8
39 91 8
101 121 3
14 103 10
65 148 3
83 156 1
8 38 6
72 153 1
37 122 4
19 174 8
22 95 8
41 109 3
135 156 4
26 177 3
1 88 1
89 121 5
103 167 8
6 200 9
77 105 5
75 123 2
153 192 3
117 200 3
36 81 8
11 27 10
37 163 5
29 73 6
83 85 9
69 127 2
54 129 4
40 62 3
92 111 9
9 128 10
132 169 2
106 118 3
85 121 1
79 117 6
42 89 10
60 127 7
74 135 9
119 177 7
18 117 7
18 137 1
9 173 2
20 57 3
4 129 2
44 79 8
27 91 4
12 173 4
36 181 1
108 129 10
172 187 6
60 143 2
34 64 3
13 53 4
25 187 8
8 183 7
55 97 7
17 188 4
58 162 10
92 96 4
85 175 5
104 134 9
42 110 1
137 147 10
6 26 1
34 199 5
135 172 8
113 127 5
117 139 7
37 140 10
128 189 7
56 77 7
41 184 4
13 37 1
113 130 7
77 103 6
18 164 10
125 155 3
164 180 3
89 125 5
173 195 5
38 57 10
8 168 10
118 192 10
7 61 6
13 167 7
73 147 4
7 101 5
3 151 10
29 115 8
5 105 5
89 153 1
9 54 1
135 155 7
149 179 10
45 84 4
26 130 4
17 23 2
57 103 8
39 46 9
60 137 6
46 137 3
61 149 10
124 191 2
31 69 8
137 156 8
76 198 2
101 144 8
130 196 7
143 163 6
63 142 9
72 121 10
138 182 1
51 151 4
31 89 9
41 52 8
51 54 6
34 132 3
92 99 10
20 94 2
88 158 5
117 125 9
132 180 1
41 178 4
45 65 1
29 160 7
50 194 4
88 144 8
157 189 3
39 195 9
30 130 8
113 148 1
33 160 2
7 183 6
27 51 6
93 122 4
51 99 9
12 136 1
99 108 5
39 104 2
83 184 3
27 115 3
110 152 2
47 60 9
161 194 7
135 187 4
24 135 9
81 117 7
65 119 2
2 176 4
38 66 5
142 170 4
80 160 2
63 171 7
86 156 7
79 170 2
108 166 8
71 156 1
77 80 10
154 180 3
55 106 3
52 176 7
106 138 1
46 141 8
16 103 6
77 157 8
49 103 7
31 81 3
5 82 6
74 82 1
75 91 2
106 142 8
5 166 6
53 82 8
19 168 6
60 112 8
29 103 5
111 121 5
112 124 6
96 119 5
41 74 4
4 36 2
96 200 1
74 113 9
68 178 1
112 122 5
25 143 5
6 84 1
61 111 10
19 55 4
15 48 6
125 170 8
79 89 6
68 146 9
21 146 8
58 143 5
78 96 3
157 159 8
55 91 7
121 158 6
100 109 1
48 57 1
115 181 9
71 198 8
9 50 1
67 68 2
50 177 6
36 184 2
67 158 6
133 175 9
46 139 9
56 190 4
145 165 8
26 77 1
2 155 10
4 128 9
72 95 1
102 150 3
150 168 3
7 140 6
34 96 4
127 155 3
143 183 10
40 186 1
129 154 8
63 106 1
44 160 3
99 104 7
57 61 1
34 108 7
26 155 9
39 84 8
68 70 2
43 161 7
70 166 6
21 30 2
27 79 7
64 139 4
34 123 8
85 187 10
92 188 8
118 122 6
76 176 9
34 141 4
98 133 3
170 191 9
120 184 9
148 195 6
65 174 9
71 195 6
5 180 3
57 112 1
183 200 7
46 54 10
13 51 9
31 131 5
74 200 2
12 129 9
45 90 1
23 175 9
13 129 3
26 46 4
134 193 3
26 109 5
91 105 1
40 187 5
62 161 9
47 116 5
56 146 2
102 193 4
75 83 10
30 132 8
160 199 4
91 190 9
131 160 9
142 158 10
69 191 5
177 187 3
93 199 10
3 172 8
8 133 7
66 67 4
89 111 10
122 183 1
20 197 9
41 73 7
115 135 5
62 162 2
39 105 6
72 111 8
13 84 3
99 105 2
53 108 9
4 170 5
122 134 9
21 70 8
7 155 10
31 169 5
110 184 3
49 58 2
80 133 3
101 120 2
141 181 7
40 43 3
76 124 4
129 161 5
57 154 6
167 175 4
94 200 6
135 188 10
20 69 5
41 66 9
69 151 9
80 122 10
57 74 9
60 171 9
1 158 1
14 86 7
17 138 4
17 166 6
127 175 1
65 100 6
34 54 8
1 108 8
98 158 10
30 41 6
158 199 7
175 198 6
30 94 4
124 140 8
97 200 4
11 179 5
31 130 9
118 179 8
124 139 9
159 166 2
28 141 8
7 185 1
10 68 3
41 92 5
33 148 3
54 84 3
136 169 4
141 183 3
119 159 3
11 95 5
131 170 3
20 157 4
164 179 1
187 194 3
104 198 8
14 134 2
110 200 8
111 178 1
68 101 4
7 16 6
57 115 6
18 182 6
116 196 4
52 130 4
122 160 1
116 123 1
82 133 2
43 153 3
36 140 2
44 144 8
47 104 2
68 187 8
75 188 4
63 159 8
10 191 1
1 196 1
97 164 4
12 191 3
65 135 9
3 44 9
136 165 5
2 5 2
100 157 3
126 163 4
43 74 8
118 155 3
56 121 10
66 134 4
41 167 6
13 133 4
7 79 5
104 138 2
103 195 7
90 102 5
34 136 2
98 113 5
26 158 5
27 154 10
9 38 8
68 198 7
69 115 6
7 167 4
14 159 5
43 120 8
26 185 6
26 159 3
60 189 1
145 162 8
20 113 10
8 146 1
40 50 1
72 80 1
44 195 9
24 132 9
80 109 2
18 196 2
67 190 8
167 200 2
89 198 5
30 63 8
23 35 9
60 157 3
97 118 3
107 124 9
3 68 4
43 189 5
83 106 4
49 69 9
83 169 2
66 169 7
5 38 2
41 118 3
6 159 6
97 106 2
140 163 3
33 126 3
28 56 10
60 107 5
160 200 7
33 181 5
86 119 9
63 78 8
86 112 9
13 161 7
2 14 4
83 99 3
48 148 10
145 163 7
90 187 3
20 140 1
158 160 2
27 123 5
56 134 8
90 129 8
33 37 1
145 174 9
119 172 1
42 72 6
9 151 10
24 36 8
71 177 3
23 189 2
37 96 9
53 111 3
15 161 5
14 68 5
12 138 7
2 27 8
121 191 9
37 89 8
47 190 2
99 142 9
30 118 1
13 68 6
85 191 9
73 160 6
21 171 7
92 113 7
89 126 8
47 157 9
48 157 2
19 71 10
10 15 9
102 161 7
40 121 8
55 81 6
75 192 5
35 131 9
49 175 5
59 126 4
133 162 9
128 170 7
73 135 3
55 62 6
149 182 3
51 120 7
48 54 1
64 86 7
90 120 4
112 197 3
74 96 10
7 148 6
61 199 6
133 180 8
117 152 5
33 139 3
3 101 5
135 165 9
107 112 4
169 197 4
57 80 8
77 121 7
53 55 2
81 153 2
92 105 1
20 123 7
143 161 9
18 40 8
27 73 3
3 159 6
102 132 8
13 159 5
30 70 9
74 129 4
51 149 8
162 178 8
5 101 2
23 120 4
25 95 8
114 199 6
94 193 1
42 142 6
78 134 4
76 157 1
9 69 7
112 182 4
66 70 9
115 119 6
64 154 9
41 44 5
53 107 4
68 134 8
77 144 3
1 134 3
56 119 10
150 158 6
86 107 5
39 86 8
71 146 4
22 25 7
41 134 4
113 142 3
66 159 5
142 159 10
18 131 5
49 189 5
78 133 7
29 87 1
116 137 6
68 76 3
41 156 6
18 106 5
73 159 6
2 76 2
88 89 9
83 116 10
19 196 2
53 156 9
169 192 7
29 180 8
154 185 9
31 161 8
163 164 4
34 46 10
68 191 7
117 191 9
92 98 2
104 115 5
5 153 5
57 131 10
25 129 9
46 115 1
142 153 10
13 45 10
73 116 6
47 140 10
32 120 10
23 131 4
55 118 2
80 93 5
176 188 6
85 160 8
154 161 3
57 184 3
52 122 3
148 165 2
45 91 9
92 169 10
45 177 10
130 144 3
13 188 8
22 43 5
15 63 7
89 93 10
11 136 6
22 73 8
62 139 9
106 180 1
50 63 1
99 177 9
1 68 9
108 187 6
1 9 6
15 47 1
58 164 6
107 145 1
2 132 2
51 156 4
104 114 7
115 191 1
26 118 2
48 174 1
13 29 4
15 108 3
94 175 3
80 174 9
11 155 7
16 87 3
37 159 2
164 182 7
113 181 1
29 199 5
38 95 5
28 57 3
75 92 4
11 132 3
111 145 4
70 143 4
45 149 1
26 128 10
16 119 10
82 167 10
61 114 9
137 172 3
49 127 10
178 200 7
154 192 6
78 169 5
129 140 4
33 51 9
11 19 3
11 146 3
184 185 10
11 173 3
55 89 8
33 115 2
3 137 1
124 159 3
14 70 7
59 139 5
56 76 6
68 177 6
102 174 8
72 178 1
33 125 7
164 166 3
93 135 9
42 158 6
175 182 10
23 194 2
75 185 2
157 190 8
72 106 1
94 137 5
10 51 6
134 194 3
45 106 9
47 115 4
100 179 9
16 183 9
139 140 8
30 150 2
13 94 10
99 173 2
38 45 10
170 200 3
65 188 10
24 140 10
154 168 2
67 97 5
26 30 4
27 199 8
165 184 1
56 90 10
85 141 4
180 194 7
27 60 8
15 26 7
112 183 6
19 23 5
94 117 1
68 115 6
38 182 4
173 183 4
128 167 2
14 116 4
7 188 1
112 159 2
39 40 3
11 197 6
23 50 10
113 119 5
78 111 6
149 175 7
66 166 8
70 193 7
100 160 5
4 193 1
61 126 9
89 92 5
40 102 2
124 136 7
47 146 1
105 143 9
15 86 6
136 144 8
129 187 5
113 172 3
30 40 9
58 117 10
1 96 6
71 118 3
24 144 9
14 105 7
58 135 6
88 164 10
6 41 5
139 185 8
106 131 10
19 149 8
114 188 10
33 94 5
69 166 3
87 106 8
9 68 9
38 150 6
40 148 6
27 82 10
21 133 7
37 185 4
37 48 7
75 133 4
101 123 9
115 127 9
44 182 7
154 173 9
25 54 7
19 89 2
18 157 4
132 194 7
19 162 8
38 96 3
33 109 10
129 148 8
109 120 4
88 122 10
9 36 4
51 92 2
6 168 2
133 137 7
78 161 1
69 108 8
81 184 9
64 200 8
155 182 2
185 188 6
129 194 6
127 173 10
57 193 2
32 177 8
25 193 7
42 185 3
69 175 7
112 166 7
60 154 10
42 97 3
78 191 3
78 179 4
74 95 2
22 197 8
161 175 9
72 180 6
52 94 5
68 174 6
39 199 3
54 92 5
24 35 8
31 154 7
43 180 3
23 94 8
51 110 7
72 109 3
85 99 10
132 156 6
36 63 2
123 166 9
12 143 3
37 125 7
18 97 5
74 140 9
35 142 2
5 181 9
1 140 8
92 95 4
40 193 7
23 160 6
36 142 1
129 136 2
46 63 7
18 68 4
10 150 3
69 92 1
11 102 1
110 130 1
27 81 7
160 176 5
52 131 2
79 112 7
150 191 6
29 62 8
12 184 5
143 160 6
19 192 7
66 172 3
81 98 8
166 184 6
7 124 5
97 185 2
13 183 7
72 188 4
7 77 9
35 91 3
26 172 10
52 105 9
27 43 3
63 194 6
117 179 6
94 105 4
63 69 5
105 156 8
48 79 2
12 166 6
136 180 9
7 81 8
85 151 1
16 151 7
24 64 9
173 175 2
126 144 5
149 198 7
119 182 6
36 192 5
172 182 2
109 137 8
51 142 8
80 82 2
90 157 5
68 151 4
75 107 3
158 195 1
23 88 4
98 156 5
102 187 8
12 167 1
61 137 9
176 198 8
120 146 4
10 102 10
122 174 6
45 155 2
46 174 8
111 195 6
49 76 8
111 173 2
25 103 8
35 162 1
32 182 1
34 135 5
27 182 4
11 96 9
11 57 8
58 151 7
30 54 2
146 150 6
13 146 9
60 145 3
114 180 3
68 163 1
83 191 9
149 151 5
2 137 9
121 139 6
41 97 9
77 108 8
90 175 9
125 156 5
124 166 9
40 169 8
35 182 5
78 180 1
52 192 10
190 196 7
15 92 9
67 184 6
95 187 8
87 92 9
21 43 5
57 170 7
33 129 1
57 76 3
85 196 2
17 30 10
94 123 4
97 196 6
70 177 6
18 119 3
165 193 5
61 154 6
24 59 4
121 179 4
40 120 5
63 95 7
53 99 8
92 112 2
19 98 6
96 117 2
36 92 8
62 123 1
69 105 1
66 116 8
91 112 2
105 113 1
10 106 1
66 89 3
11 93 10
9 193 6
37 61 5
107 140 4
60 104 10
38 151 9
32 141 3
136 173 7
105 121 8
10 180 2
84 189 4
118 154 4
62 150 9
51 170 8
24 108 10
95 172 9
7 160 8
18 191 6
2 95 9
22 116 5
72 127 6
121 132 9
20 23 3
24 50 1
62 197 1
9 81 6
151 186 9
30 53 2
100 122 7
171 192 8
83 90 4
168 171 4
61 105 5
32 64 3
143 181 8
6 192 7
121 165 6
56 128 2
71 123 10
4 177 9
86 188 4
27 62 1
43 45 8
2 190 8
53 86 3
54 189 5
106 163 3
182 185 7
17 122 7
20 147 10
92 147 10
124 170 1
183 198 8
83 158 6
74 121 2
53 118 2
96 153 7
53 134 5
51 127 6
24 31 6
15 164 8
20 129 5
19 116 8
22 154 7
16 173 3
35 155 10
95 135 6
9 77 8
20 196 4
138 148 8
119 185 6
12 195 1
24 61 2
22 195 7
123 160 1
114 169 9
21 181 7
140 193 5
50 77 1
58 183 7
40 106 6
68 195 4
56 160 6
104 200 3
148 183 5
93 150 5
89 138 7
117 176 3
169 176 4
6 128 9
53 100 8
116 169 1
58 128 4
11 190 3
23 74 7
29 35 2
70 188 3
113 152 6
95 126 6
74 105 7
8 121 9
12 172 7
59 148 3
39 159 6
103 178 2
36 50 5
77 182 2
5 29 2
43 108 3
135 164 2
14 147 7
15 80 3
16 50 4
117 123 8
27 30 6
54 110 6
26 79 4
137 162 2
151 187 5
6 62 4
39 81 5
73 92 6
138 174 8
82 92 9
107 137 2
108 135 8
22 93 9
15 188 8
2 63 5
99 161 3
3 37 9
49 88 5
157 158 5
24 102 8
4 136 3
29 38 5
33 93 10
15 78 2
3 40 6
19 143 9
119 196 7
151 177 2
177 198 4
76 137 5
122 172 10
2 159 7
77 91 8
50 169 7
73 79 8
17 179 3
176 192 10
127 178 8
91 144 8
4 61 10
91 188 2
1 122 5
114 196 4
89 159 10
68 158 7
111 138 4
47 145 10
115 189 10
103 121 2
97 127 6
85 149 7
97 99 6
19 45 7
5 34 6
11 127 8
17 39 10
67 95 1
20 98 6
7 94 6
26 171 4
110 196 3
80 134 5
63 149 2
53 96 8
75 118 8
120 170 3
138 189 9
125 192 6
111 134 8
105 149 2
26 107 6
39 160 3
33 189 2
33 96 9
17 121 8
49 126 10
24 130 4
89 189 2
45 86 7
38 56 1
3 144 4
7 33 5
170 185 3
73 153 3
15 33 3
21 99 3
118 200 6
17 144 2
149 200 5
19 70 2
138 186 5
53 186 5
12 59 1
53 133 8
49 75 1
129 139 6
58 118 5
88 138 9
38 137 2
141 174 9
19 44 1
177 199 2
13 132 1
70 105 9
46 51 7
3 124 7
162 187 7
62 141 7
124 152 10
57 79 7
32 74 4
36 171 6
129 175 3
64 91 9
59 125 5
25 192 4
189 198 10
4 194 1
97 174 2
19 144 9
6 69 1
30 85 10
64 183 6
38 186 10
34 102 2
114 176 2
1 31 6
116 141 3
44 71 6
121 143 2
18 176 5
92 176 10
100 172 1
97 158 8
48 141 10
69 99 9
78 146 2
58 99 10
15 145 8
47 141 7
117 163 4
117 129 10
65 166 7
62 192 7
36 57 5
126 133 5
120 194 5
66 187 5
14 30 8
139 155 9
69 157 3
147 163 7
62 146 4
139 187 9
70 154 8
54 102 7
146 171 9
101 124 9
12 33 7
47 103 4
3 164 10
37 146 10
48 172 6
98 182 2
27 155 9
89 108 1
124 153 2
128 156 3
18 19 1
22 89 8
9 43 2
104 157 6
56 92 7
38 81 8
42 170 6
50 134 7
75 151 3
90 112 3
155 166 7
78 112 7
45 168 10
144 172 9
19 104 6
85 128 1
19 193 5
78 198 9
146 162 6
29 78 9
19 106 2
121 161 5
130 147 8
96 136 7
12 107 7
44 53 6
23 199 8
28 124 8
89 94 10
49 106 10
163 169 3
20 40 3
63 190 7
153 157 9
4 152 2
15 85 9
67 167 10
8 110 7
120 159 3
111 181 1
22 29 1
54 194 9
31 189 7
177 184 10
60 108 9
138 197 8
67 82 4
10 138 8
48 69 9
47 162 6
87 158 4
128 193 2
1 78 7
2 160 3
68 148 1
88 126 6
80 144 8
2 12 6
11 76 9
83 193 9
27 109 5
8 29 7
52 99 7
28 126 3
54 90 7
77 132 5
7 13 6
23 79 2
19 199 3
87 121 10
22 190 10
138 198 3
43 166 1
21 72 2
93 117 1
46 175 7
24 185 7
82 175 8
56 147 1
89 139 10
12 86 6
109 119 10
24 87 8
47 107 6
74 91 3
26 102 7
79 172 5
111 143 4
79 84 1
140 168 10
94 163 1
134 183 7
109 170 7
39 47 6
34 167 2
60 102 9
18 187 10
33 137 5
30 191 2
25 174 4
72 133 8
121 131 5
53 159 1
39 192 8
55 92 2
32 106 6
80 166 7
81 162 10
40 85 9
75 139 7
18 59 7
20 114 10
24 110 4
40 75 8
4 70 1
14 47 4
121 175 1
26 61 4
25 51 10
52 180 9
116 145 5
5 85 9
50 76 3
114 160 10
25 134 2
34 105 7
131 178 4
74 112 4
12 183 6
107 150 7
6 114 3
176 180 3
61 83 1
72 174 8
9 80 2
141 154 5
9 12 5
131 169 1
109 136 1
74 132 4
141 158 5
70 100 2
50 68 8
75 136 1
9 185 4
2 174 4
36 123 4
17 27 5
87 128 3
20 120 7
63 136 8
152 173 6
116 139 4
110 114 10
29 90 2
23 127 8
23 132 1
27 92 8
143 196 2
88 174 3
86 96 10
136 174 8
41 195 8
2 6 4
111 200 9
113 114 2
79 168 3
46 140 2
17 194 9
66 103 9
29 179 9
9 118 3
122 162 8
178 196 10
66 147 6
35 62 9
26 33 10
7 125 3
11 183 8
90 196 7
138 184 6
74 162 3
162 164 7
65 141 5
57 66 1
27 194 9
18 102 9
123 189 2
94 152 9
21 92 5
28 99 1
116 149 5
9 147 5
38 59 9
134 186 5
184 188 7
86 89 3
3 169 10
31 65 3
11 94 4
27 186 6
29 165 6
61 140 1
118 177 10
78 170 1
13 113 10
70 128 4
38 169 6
16 26 2
12 78 7
29 60 10
78 99 2
63 161 10
130 180 9
4 57 7
62 118 7
89 127 10
71 101 10
90 100 7
58 68 9
21 97 3
134 143 5
10 186 6
49 96 3
80 180 5
2 50 7
102 140 2
31 32 5
1 185 8
13 149 4
183 184 8
27 124 2
52 172 3
174 182 6
18 75 3
75 167 9
123 163 4
97 124 3
64 196 1
89 151 1
78 165 5
4 120 10
99 158 9
134 150 3
142 161 7
67 142 9
88 132 8
49 145 7
166 173 9
46 91 1
115 199 1
3 122 3
13 87 1
194 195 7
2 52 1
110 168 7
44 114 1
33 112 3
58 77 9
47 120 10
37 64 10
26 161 1
7 39 8
38 153 4
17 165 3
64 121 2
23 39 10
137 183 9
77 112 10
158 175 2
5 103 1
86 157 2
44 110 4
111 151 1
55 125 3
86 87 2
20 121 7
66 146 5
34 129 1
89 183 5
11 24 8
37 93 2
145 156 9
115 174 9
46 160 4
66 156 5
23 149 8
47 126 8
148 184 3
67 166 10
27 55 7
61 75 5
36 100 2
45 99 7
106 160 7
165 195 6
53 83 7
45 129 2
31 98 3
51 184 10
30 87 1
104 182 5
114 131 1
99 160 2
178 194 2
21 174 6
2 136 4
103 116 4
113 188 1
155 186 6
24 192 6
23 182 7
71 116 7
32 147 7
9 154 7
22 28 4
14 15 2
20 186 2
118 173 10
49 135 4
100 197 6
154 184 10
44 171 8
184 200 6
35 45 8
36 132 6
117 159 9
4 132 9
83 140 10
59 117 8
172 175 7
149 164 8
27 68 7
73 105 10
13 154 8
48 116 10
53 126 5
18 161 5
31 123 5
58 78 8
105 106 4
16 25 9
105 180 4
39 133 2
101 169 10
15 106 5
16 110 6
81 167 6
61 191 3
114 149 8
101 126 4
61 198 3
65 140 10
92 186 8
22 71 7
105 179 1
14 133 10
65 123 9
45 64 7
40 41 2
15 70 6
145 192 5
69 159 6
62 142 8
148 156 6
35 169 2
2 134 7
111 144 10
111 141 9
102 198 10
41 192 3
37 102 9
23 77 8
111 160 4
125 141 2
54 126 7
57 109 9
52 98 3
43 133 6
121 122 4
51 155 7
52 78 6
79 102 9
58 92 10
163 173 9
59 93 4
43 200 5
24 157 7
90 150 8
22 64 8
122 185 6
13 96 4
18 184 8
79 110 2
53 123 7
42 60 3
26 163 8
157 193 5
45 180 7
90 122 6
86 100 4
17 187 1
62 160 3
11 109 3
40 73 5
4 33 6
4 124 2
107 195 8
51 60 5
85 148 9
8 196 6
51 138 7
85 145 7
176 185 3
71 72 2
5 161 6
31 193 1
118 134 5
24 103 4
104 137 8
74 107 9
37 121 9
60 69 9
58 63 2
101 108 4
104 131 2
92 122 7
66 128 9
93 147 3
109 200 9
69 77 7
41 145 3
22 59 2
21 145 8
58 200 6
79 106 8
31 185 1
62 149 8
149 185 1
22 112 9
70 185 6
21 101 4
110 141 10
104 184 9
122 195 2
16 48 8
27 58 4
12 22 8
44 66 6
31 125 7
144 198 9
39 107 2
27 33 1
24 178 6
169 199 1
26 129 7
92 152 5
49 119 1
79 109 10
37 170 2
51 180 3
21 31 3
177 194 5
53 89 9
25 117 10
17 124 8
73 138 3
37 179 8
107 130 9
15 114 2
71 74 1
25 158 2
68 137 3
168 193 10
44 105 2
3 41 5
185 186 6
51 95 6
43 183 7
35 172 4
86 116 1
36 198 1
9 11 6
80 136 9
14 27 10
118 126 3
10 98 9
141 194 1
21 185 4
49 84 1
6 33 5
30 199 2
96 181 2
3 165 7
17 133 2
33 132 3
87 171 9
155 196 7
139 156 2
56 135 1
170 180 9
60 81 3
152 200 9
54 170 7
103 160 7
69 170 10
93 168 6
100 198 6
24 127 2
98 176 6
57 197 3
9 58 2
32 197 5
26 189 7
1 153 10
20 177 3
55 58 2
157 186 6
110 199 6
152 191 1
9 106 7
25 52 7
102 194 2
91 160 3
121 124 2
52 74 10
102 154 5
100 136 3
144 169 7
29 116 5
11 74 4
5 138 5
182 195 3
95 199 8
42 167 1
71 139 4
2 167 10
143 172 6
90 119 9
44 61 3
17 68 4
24 176 6
2 40 8
103 165 5
13 16 9
4 73 2
66 125 5
147 190 9
160 175 6
58 156 10
96 121 6
124 134 8
158 165 7
109 127 10
74 141 4
7 169 4
60 114 2
17 66 3
69 78 7
92 175 3
111 153 4
135 195 9
59 60 1
48 113 9
143 194 2
78 84 3
118 121 10
73 84 8
129 198 4
45 123 7
58 89 4
38 92 5
99 155 5
125 182 9
58 91 5
15 118 10
44 121 8
61 117 1
44 137 6
106 162 8
48 162 7
59 83 4
45 183 9
67 172 10
134 136 6
35 67 9
84 174 5
135 190 6
57 118 2
8 104 1
7 112 2
42 157 2
98 192 10
113 123 6
13 41 9
67 96 1
62 130 2
1 59 10
75 99 1
54 89 10
55 72 3
164 169 1
6 74 4
26 27 2
11 89 1
25 65 6
65 187 7
27 107 7
3 85 7
92 116 2
112 163 7
165 175 9
64 81 7
103 182 9
17 35 5
158 171 2
57 160 3
34 45 5
67 181 6
20 80 1
120 172 7
13 83 8
21 197 10
42 49 6
52 132 7
179 187 8
147 187 6
99 124 8
137 144 7
126 171 2
51 200 7
122 186 3
72 193 1
40 182 2
94 184 3
65 157 4
45 197 2
189 197 5
84 171 2
43 191 9
184 193 5
87 102 4
20 59 6
48 125 4
20 100 3
91 133 3
65 172 5
18 148 3
14 36 7
8 57 6
28 188 6
106 146 1
12 176 9
33 168 3
64 94 10
66 163 5
45 198 1
30 62 1
14 112 5
47 99 5
55 99 9
68 131 2
70 186 3
35 86 5
33 91 8
55 154 6
25 169 9
102 138 8
94 106 1
2 175 1
7 78 7
34 37 10
38 48 9
6 135 7
77 134 6
20 32 3
135 178 7
36 151 8
26 32 2
1 29 1
27 97 8
130 189 1
60 131 7
21 104 7
110 182 7
41 172 5
28 137 3
41 165 8
87 98 6
5 67 7
108 110 7
27 177 1
43 119 6
44 175 2
94 113 1
51 147 6
150 154 4
2 151 7
26 164 7
3 143 1
62 101 7
19 54 1
129 153 10
52 112 1
160 162 5
22 126 8
11 34 3
14 148 7
17 24 10
32 132 5
4 159 8
96 143 5
16 130 7
147 198 1
81 166 5
98 128 8
26 165 6
70 112 3
7 116 4
131 165 8
4 110 6
49 134 7
100 110 1
54 135 4
83 173 5
39 79 3
109 182 9
20 166 8
105 198 2
54 155 8
45 164 5
89 112 5
23 164 3
118 153 8
10 22 6
139 172 2
23 40 5
8 192 7
87 130 6
27 59 10
71 166 3
17 140 9
99 129 2
133 181 2
13 140 2
169 175 4
52 149 6
119 197 2
67 174 7
74 101 1
35 79 5
17 73 1
63 113 5
94 124 5
156 195 5
11 81 6
107 170 4
43 139 5
12 142 7
154 171 4
56 125 8
120 163 9
10 28 6
63 123 10
34 173 9
32 40 6
82 159 1
27 156 10
45 122 10
10 42 2
142 169 4
142 164 5
64 103 1
26 141 8
77 86 2
79 156 5
58 159 5
110 194 8
65 85 2
3 89 1
6 36 10
75 125 10
28 54 5
70 93 3
20 61 2
169 178 6
92 149 2
40 93 4
55 123 4
21 108 4
21 89 1
137 161 9
52 121 1
173 196 10
28 42 6
80 175 10
40 162 8
171 179 3
10 178 7
59 182 3
10 62 9
9 30 2
10 137 4
42 165 2
31 137 5
108 132 9
41 174 10
83 164 7
137 167 3
186 187 1
150 169 4
71 157 9
1 45 1
37 195 1
123 134 5
111 183 7
23 140 8
71 167 5
70 141 8
120 164 8
60 163 5
27 105 5
34 56 3
9 179 6
51 62 3
22 178 1
12 110 3
67 149 2
95 109 7
20 28 4
59 164 8
55 162 4
6 16 6
85 91 1
19 117 6
1 169 4
154 176 5
4 66 5
12 197 1
173 193 2
60 70 9
67 189 10
1 152 1
47 196 1
83 194 4
62 165 4
57 98 1
41 183 9
7 136 5
84 98 9
34 48 3
64 143 1
30 90 10
33 184 6
21 154 10
86 118 9
70 89 9
80 104 8
24 57 1
36 62 2
73 78 1
68 153 10
27 166 2
17 192 3
56 127 1
33 43 2
46 150 4
172 196 7
55 90 8
138 167 1
33 193 3
187 198 5
65 112 7
18 100 8
14 62 9
57 70 2
59 106 7
5 50 8
100 111 2
152 167 6
24 197 9
70 90 5
27 72 8
87 126 6
91 148 3
4 172 7
51 73 2
9 14 3
62 152 1
163 183 1
108 148 10
13 106 5
64 170 10
144 187 10
116 160 9
3 31 3
49 113 7
39 120 6
146 199 6
80 156 4
99 156 1
126 176 8
69 114 5
64 124 9
16 98 4
20 83 9
35 138 10
128 129 2
131 149 5
173 185 5
77 200 1
50 184 6
26 54 10
14 185 7
54 200 2
77 163 5
21 191 4
31 61 5
4 154 8
74 115 7
75 165 8
27 189 3
67 94 9
28 179 10
78 127 8
124 131 4
15 81 6
29 30 3
74 75 5
18 93 4
14 32 10
12 75 7
127 192 9
21 69 9
180 192 9
7 159 2
48 51 10
121 183 9
97 172 6
133 138 1
136 162 2
31 142 4
12 155 2
35 110 9
20 93 1
13 79 10
122 141 3
75 134 8
36 59 7
17 105 6
80 103 10
58 134 2
190 192 6
114 127 4
25 196 5
131 157 8
21 121 2
123 144 8
149 159 3
68 156 8
9 137 4
28 83 6
74 97 1
131 199 2
82 196 8
109 117 5
14 197 3
110 179 5
127 142 8
124 145 10
50 178 10
108 122 1
18 29 1
61 103 6
70 198 1
87 178 3
4 64 6
56 200 8
26 72 5
47 109 1
44 95 5
49 97 4
88 142 7
131 189 4
25 98 1
22 60 2
129 180 8
33 140 8
24 187 8
17 132 2
94 115 1
62 122 9
118 166 4
68 75 4
51 187 4
64 99 10
36 64 6
117 187 9
82 199 10
116 150 5
18 155 3
89 119 5
12 104 7
139 190 8
16 36 4
29 99 3
117 168 1
31 196 8
101 191 6
132 165 4
40 67 4
94 147 7
143 170 1
61 80 7
8 105 5
28 187 5
114 162 10
8 149 5
85 188 4
12 38 7
28 155 6
120 136 9
153 163 5
6 146 10
48 94 3
52 58 9
141 180 4
80 161 3
30 107 7
35 103 10
32 146 2
14 169 9
68 139 10
35 181 9
106 108 8
96 101 6
95 97 10
43 105 6
15 56 5
108 183 7
54 65 9
103 187 4
85 176 4
167 169 3
91 122 4
129 182 1
51 100 8
54 59 7
8 158 4
166 195 3
46 154 8
170 192 7
130 131 3
9 178 10
117 193 8
156 192 6
57 177 8
62 81 5
97 128 3
43 169 4
72 115 1
75 126 7
28 121 3
16 135 6
46 80 8
131 135 1
128 188 5
120 176 9
109 183 8
89 161 3
10 32 3
70 80 3
7 129 4
117 188 9
95 133 3
29 47 8
20 58 5
32 112 8
14 158 8
93 173 3
62 171 3
33 185 7
57 82 5
24 117 3
51 63 5
27 127 6
32 44 7
105 175 9
113 197 5
48 158 3
88 153 3
177 200 6
1 161 4
24 48 6
87 182 6
62 153 3
162 196 10
110 137 7
59 129 1
75 132 5
102 190 3
79 175 9
1 74 10
24 39 10
81 134 5
27 98 10
58 161 1
36 161 6
65 150 10
75 121 7
5 51 9
106 121 2
94 178 5
20 75 2
34 178 3
116 157 2
32 118 4
37 67 4
104 187 8
8 84 3
17 171 10
69 104 8
44 101 3
3 76 6
33 73 1
43 163 6
36 70 1
109 116 1
111 125 7
6 198 5
122 158 10
35 63 10
44 139 2
64 190 10
9 197 2
88 136 6
69 174 6
22 184 8
89 136 7
49 199 10
168 189 8
8 50 4
110 143 10
126 200 5
80 198 4
162 175 5
40 141 1
54 185 5
25 125 4
8 184 7
74 170 8
128 149 1
178 187 6
14 83 5
37 191 2
144 174 6
40 126 4
11 78 10
132 162 9
153 198 7
14 176 6
44 103 6
36 146 2
50 73 3
27 176 4
111 133 8
4 190 9
45 110 7
72 136 4
7 133 4
56 167 10
4 79 10
32 104 6
45 112 6
84 86 10
144 149 6
65 115 6
160 169 1
65 161 2
56 82 3
41 130 2
36 76 6
24 58 6
18 165 8
106 166 3
105 148 9
9 149 10
106 154 4
110 177 3
69 137 6
119 155 7
127 147 9
5 200 5
105 172 3
52 135 7
181 197 6
88 171 5
122 180 8
38 189 7
88 140 1
57 100 1
110 129 3
65 131 1
131 140 4
6 158 4
6 34 9
173 188 10
84 197 7
74 164 4
44 64 9
3 23 1
30 86 4
28 184 4
28 40 7
141 198 1
78 157 10
118 181 9
12 131 10
19 61 8
114 157 1
86 155 7
50 109 7
104 165 4
28 133 6
8 194 1
26 83 9
57 93 8
93 160 2
98 105 6
108 144 10
5 88 5
119 194 5
21 131 10
91 147 1
71 81 2
18 83 3
43 66 2
21 64 7
4 117 1
8 138 10
27 116 6
88 150 5
84 139 2
6 143 3
47 173 7
51 117 8
65 158 1
104 188 4
120 162 5
57 85 7
48 159 6
21 48 8
1 101 9
55 84 1
5 27 5
18 32 10
104 197 4
192 195 7
103 146 2
49 80 8
78 100 5
26 70 1
30 189 3
111 188 10
18 77 7
97 153 1
43 195 4
28 105 10
33 41 2
8 153 3
3 13 6
84 126 7
8 182 8
66 136 4
143 166 5
57 172 6
50 175 7
4 163 2
6 75 1
69 169 4
51 91 9
133 150 6
81 132 8
14 34 2
124 126 5
145 186 8
100 103 4
102 175 9
26 51 2
50 151 6
36 107 2
20 43 10
198 199 2
74 155 10
87 147 10
112 168 8
11 113 3
5 111 5
20 170 4
22 199 2
112 193 6
164 194 9
107 163 4
90 191 10
39 99 5
99 150 1
44 49 5
97 115 2
56 168 1
4 48 3
16 77 8
181 195 6
66 143 4
174 183 6
77 94 7
74 191 6
48 84 4
156 172 10
54 118 4
107 127 4
6 70 6
76 118 2
41 138 7
33 174 5
89 146 10
38 58 6
67 87 9
183 192 8
70 182 4
52 183 1
41 50 6
52 190 8
98 110 1
103 133 6
29 164 4
29 77 9
60 133 5
19 179 10
49 123 2
16 53 10
14 120 4
51 150 9
30 45 2
7 147 5
157 172 6
56 148 3
147 176 3
39 89 2
42 62 5
113 182 9
68 182 7
26 112 1
8 107 8
21 153 3
9 98 9
33 79 8
20 118 4
29 124 9
91 95 2
145 187 9
44 106 6
77 117 4
4 14 9
101 155 7
157 162 9
181 187 5
80 91 8
6 184 10
17 189 6
39 48 9
107 171 1
82 141 9
145 153 7
82 98 4
130 170 6
134 197 7
157 173 3
141 187 1
141 199 5
88 182 2
26 151 6
49 129 4
5 18 1
104 127 7
94 110 1
80 197 2
156 186 1
74 158 9
97 119 8
113 193 2
55 181 7
8 47 9
70 111 1
20 35 2
43 141 1
111 155 7
48 122 6
77 152 10
94 134 2
46 177 6
43 115 6
21 63 6
14 94 3
67 120 2
96 98 5
10 125 8
100 189 9
73 184 7
162 173 1
127 157 9
27 161 7
63 112 9
107 148 3
56 139 7
92 136 3
155 190 2
20 146 10
53 81 2
60 103 7
31 146 10
45 117 4
67 98 4
178 186 2
8 166 4
121 150 6
157 195 8
116 184 1
100 176 2
45 51 10
12 106 5
59 130 3
122 131 7
70 133 6
39 119 9
69 88 6
92 137 3
146 175 6
63 196 6
25 126 10
52 75 5
150 199 10
49 140 9
83 92 3
97 141 8
14 149 5
52 128 2
14 119 9
29 65 1
1 35 4
114 116 3
70 156 3
149 172 1
110 183 7
62 120 3
150 198 8
65 183 9
79 163 1
161 195 6
88 90 1
60 74 9
6 195 10
16 82 2
1 30 1
79 136 9
30 183 4
130 162 4
157 178 10
96 131 8
47 179 10
110 123 6
34 175 8
8 186 5
176 191 4
39 45 1
5 199 4
121 178 5
57 101 2
41 46 4
88 188 8
21 80 3
45 76 5
13 38 2
25 121 2
87 179 1
2 28 1
29 127 9
85 190 2
93 189 8
72 165 8
89 118 2
57 200 10
38 80 8
102 107 1
84 145 10
19 47 9
88 187 6
83 180 7
57 181 5
152 177 5
10 94 10
118 190 3
6 55 9
146 193 2
18 25 8
58 180 9
13 126 10
61 62 9
104 194 6
63 177 7
45 53 9
97 189 1
117 165 1
49 63 6
40 68 4
68 164 8
69 120 8
75 186 2
14 161 4
84 97 4
34 100 9
14 72 10
160 180 1
67 173 6
73 189 9
7 15 2
27 147 6
68 192 2
29 111 8
42 118 9
1 62 6
27 95 4
19 68 1
144 190 1
29 108 5
90 142 5
40 122 10
36 124 9
124 135 7
91 131 2
86 104 6
43 103 7
100 148 1
164 191 10
6 123 1
67 183 2
35 150 3
101 173 4
126 166 7
158 163 9
106 151 5
78 109 2
121 195 8
26 162 4
10 57 7
126 164 1
26 71 3
51 141 7
99 189 8
77 160 6
172 174 8
8 171 4
29 144 10
41 53 6
87 145 7
89 96 9
3 134 2
118 151 3
37 133 6
52 68 6
94 171 9
128 195 8
5 97 1
10 58 8
81 91 1
121 198 1
48 163 3
117 132 9
112 169 2
31 156 8
67 157 8
13 139 3
6 87 8
6 105 2
21 147 8
56 57 9
146 196 2
39 162 8
81 128 9
52 92 9
34 39 5
136 141 6
15 35 3
33 35 8
45 165 8
136 157 10
163 167 3
47 92 2
68 181 2
9 63 7
16 81 2
28 71 3
80 105 10
34 52 7
69 196 9
78 122 6
53 153 2
38 88 7
63 166 8
39 106 9
89 190 8
13 110 8
36 154 1
15 149 5
142 171 5
102 136 3
75 162 1
69 145 7
121 189 5
20 115 1
171 190 5
73 133 7
129 157 7
48 194 8
2 26 4
97 192 3
12 119 9
56 132 9
120 138 6
14 53 7
35 83 1
114 159 2
13 64 4
91 150 3
68 71 4
105 135 5
25 142 7
8 70 8
137 142 6
76 109 4
36 103 10
33 47 1
90 116 5
37 98 7
28 94 3
17 44 5
93 120 1
12 36 8
22 88 10
41 116 3
64 149 3
77 184 3
114 192 2
41 176 4
14 102 10
100 105 2
39 191 6
82 134 4
155 180 4
61 195 9
12 174 3
56 189 5
2 21 8
101 172 7
76 152 1
101 187 10
156 183 1
87 129 1
11 47 3
56 73 7
92 132 8
76 103 7
45 153 10
22 45 7
107 132 6
3 62 5
25 73 2
8 132 10
137 193 6
2 124 10
39 87 2
61 179 8
124 179 1
133 185 1
4 174 1
91 141 10
24 119 8
26 94 9
128 176 9
48 119 1
77 83 5
74 119 4
35 128 10
61 110 9
11 140 5
84 179 10
135 144 1
31 155 1
135 140 1
29 44 7
50 119 10
49 65 2
52 186 8
88 195 6
52 64 2
117 150 4
46 179 6
60 196 4
48 154 4
19 172 1
169 188 7
40 77 8
175 180 4
186 200 3
106 113 1
52 197 1
23 165 2
66 82 1
41 143 8
115 151 9
54 95 2
7 53 7
33 153 1
79 97 1
49 56 9
23 113 7
15 65 2
101 157 4
14 91 1
9 181 9
18 53 6
5 115 7
38 133 7
11 153 8
62 127 7
116 171 7
147 159 1
87 164 4
36 114 2
34 61 5
116 180 5
81 147 7
64 136 5
41 147 1
96 111 4
140 141 6
35 75 3
41 54 7
69 122 3
42 126 5
107 114 4
37 88 4
5 125 1
5 140 4
114 146 2
51 172 6
151 175 10
61 146 5
78 90 4
47 70 2
35 123 4
119 181 9
68 133 8
11 139 7
100 149 7
115 183 2
5 23 4
170 197 1
57 95 7
45 69 2
117 148 7
8 32 5
58 66 4
1 165 7
14 55 2
76 175 8
82 100 7
74 92 10
83 107 1
90 136 5
24 174 1
24 84 3
11 31 4
17 114 1
75 197 8
36 191 2
64 148 2
6 85 4
51 189 4
147 161 8
12 132 5
11 65 1
57 133 9
12 45 10
5 53 9
56 164 8
75 155 8
47 102 8
75 88 1
24 32 2
19 102 8
188 189 7
93 139 8
28 82 7
32 72 5
16 200 3
95 177 10
151 159 9
81 168 1
8 102 7
54 158 9
14 125 1
15 109 5
82 166 7
33 157 2
18 193 1
37 119 10
135 147 6
119 190 10
45 67 4
46 199 6
172 178 5
5 122 4
71 170 10
32 198 7
1 145 1
100 118 4
40 189 2
95 134 4
54 148 2
48 120 3
67 80 7
80 88 10
53 58 5
13 61 1
73 126 3
39 69 5
40 110 9
16 167 5
126 190 2
20 184 5
54 83 4
23 146 8
57 182 3
81 173 7
82 116 5
85 155 1
84 187 2
20 109 2
28 65 4
44 126 4
15 57 4
92 157 10
98 147 5
1 111 9
149 165 4
15 51 3
120 153 10
29 109 10
49 132 7
148 168 1
26 62 9
16 20 7
35 170 3
126 146 1
73 125 3
1 11 7
87 109 9
60 184 7
71 168 10
113 163 2
101 182 10
33 178 5
133 165 9
104 178 1
94 162 5
83 142 2
49 95 5
11 198 7
18 69 9
114 137 6
84 190 3
178 198 7
26 42 2
18 162 4
9 67 10
42 160 9
21 122 8
36 61 10
73 127 8
48 143 6
86 92 3
53 178 6
74 127 5
177 188 6
32 37 9
63 130 4
154 167 6
14 108 8
11 60 5
58 177 4
4 99 9
33 152 3
57 64 7
141 144 2
92 128 4
55 185 5
143 147 9
83 197 10
139 158 1
168 182 8
174 193 7
76 162 4
44 90 4
23 62 6
45 108 2
116 128 7
1 146 9
4 195 3
58 65 7
2 199 8
21 127 10
162 188 1
16 162 3
69 80 4
111 114 1
60 109 3
103 109 1
64 137 2
15 79 2
3 36 5
129 141 6
9 78 2
49 77 7
22 124 6
82 189 8
66 120 6
62 159 6
15 120 3
28 166 6
80 147 8
31 50 7
132 178 5
150 160 1
168 169 4
20 159 8
157 164 4
78 130 2
121 190 3
167 184 9
66 109 1
50 135 5
167 188 8
10 145 6
67 155 8
38 46 5
43 192 8
84 147 1
104 147 4
30 144 1
151 190 6
138 177 1
3 57 4
115 118 8
41 126 10
27 170 6
18 185 4
25 75 1
47 186 5
41 190 1
179 200 3
96 199 6
14 163 4
15 192 2
159 194 4
78 125 10
160 171 10
91 146 3
36 126 4
99 130 4
52 125 5
154 156 7
56 99 5
103 123 3
57 198 4
4 188 7
76 150 10
1 147 6
36 182 8
100 137 3
151 195 7
124 161 3
78 200 4
102 130 6
160 188 6
173 181 4
53 72 5
91 149 10
120 154 10
20 161 9
133 198 6
18 198 10
59 119 10
144 185 9
18 170 6
8 200 8
8 151 10
112 192 4
1 72 1
96 122 10
68 79 9
11 185 3
128 200 7
33 53 10
17 90 5
132 168 9
89 157 6
84 142 8
98 108 1
166 178 5
139 191 1
104 167 1
29 68 8
92 97 3
54 183 6
107 199 2
3 25 4
48 70 1
21 91 10
91 180 5
33 95 7
81 154 5
36 78 2
50 84 2
93 149 5
32 164 6
30 65 1
51 181 7
87 117 2
29 149 9
11 178 1
79 120 1
118 147 6
5 143 9
140 189 1
124 198 10
46 198 4
2 84 8
34 91 1
129 146 10
36 99 2
78 186 1
154 190 7
106 164 3
28 73 2
22 36 9
40 55 9
39 70 2
124 185 8
100 174 6
159 193 1
117 190 1
159 171 2
135 180 10
19 50 7
90 146 7
13 97 6
174 194 5
20 76 8
53 95 4
1 178 2
25 68 10
25 145 10
127 168 10
112 190 10
17 88 10
76 130 6
12 26 7
6 161 4
40 76 9
4 166 7
66 178 3
85 125 1
42 124 10
98 165 4
50 56 2
20 151 3
96 99 2
10 195 4
146 194 7
79 96 5
76 126 10
141 188 4
50 99 4
9 141 6
8 73 10
101 193 10
63 114 9
24 113 3
53 80 10
44 76 3
68 114 3
30 88 10
143 190 9
35 200 10
27 84 5
74 84 6
59 101 6
21 169 9
21 172 9
23 134 3
56 136 1
161 198 8
53 77 5
37 187 8
112 155 3
8 98 1
66 129 3
118 180 4
23 100 5
160 185 7
16 34 5
73 173 5
82 143 5
10 148 3
107 133 10
78 110 4
167 181 8
168 173 6
85 138 7
37 157 1
99 187 5
155 191 3
93 200 6
130 184 2
12 179 2
2 81 9
60 123 4
17 117 7
42 155 5
40 63 9
117 130 3
14 73 6
58 141 7
44 48 1
101 177 8
43 46 5
60 155 2
32 43 5
34 140 10
133 140 6
122 173 4
112 141 9
122 171 5
61 66 4
43 55 9
45 151 4
13 152 4
117 143 5
17 150 3
90 124 9
53 190 1
88 196 6
75 191 3
32 54 8
69 84 4
50 55 9
151 152 8
125 199 9
75 198 10
62 112 7
16 54 9
146 168 8
16 21 10
1 157 5
125 189 10
7 108 8
1 177 2
42 186 7
105 151 3
29 175 1
126 149 9
20 175 8
17 47 3
63 144 6
3 107 8
114 186 4
94 149 4
91 171 5
146 197 9
15 67 5
8 19 2
3 128 1
64 187 2
117 184 8
120 130 5
29 83 2
27 179 4
1 69 7
103 128 2
143 188 6
121 180 3
2 154 9
172 186 3
46 79 7
33 90 7
99 125 3
43 78 1
131 198 7
14 165 6
3 42 3
10 194 7
51 53 10
95 129 1
96 142 9
3 120 2
126 170 2
58 132 5
23 45 7
105 182 4
12 161 7
71 173 8
66 114 1
76 188 9
170 174 5
42 93 10
18 61 4
20 47 2
144 197 9
10 166 2
71 191 4
14 181 7
32 142 10
101 146 4
105 141 7
72 124 10
66 193 3
110 171 10
29 178 2
62 96 6
22 66 4
9 27 2
45 57 7
39 100 5
2 22 4
122 140 5
16 51 8
90 188 9
35 127 5
172 190 10
125 136 10
16 126 1
71 182 6
119 125 10
177 190 3
31 100 7
104 142 1
159 161 8
130 152 4
91 191 7
47 170 3
123 172 1
14 92 8
58 155 9
34 59 6
134 147 9
118 157 7
120 182 10
36 42 8
34 138 4
71 108 7
24 191 7
54 131 4
151 184 6
58 115 7
108 172 9
9 70 5
67 140 8
4 157 7
48 133 1
27 122 9
6 127 2
66 145 5
7 174 2
129 200 2
8 41 4
131 197 6
96 147 1
47 95 3
28 69 10
159 198 1
75 176 6
102 117 7
79 134 3
138 143 9
32 70 4
139 186 9
43 122 6
133 145 6
14 111 5
112 171 1
103 138 1
117 166 1
36 89 3
129 193 10
54 151 6
41 107 9
158 194 2
41 164 7
21 141 4
140 181 2
29 89 8
160 178 6
133 194 8
20 92 2
6 116 7
30 131 7
56 107 10
108 152 10
1 54 1
13 92 1
11 191 1
188 200 9
1 118 8
101 122 4
68 161 6
3 96 4
40 151 10
80 130 5
54 172 3
62 199 8
14 29 9
83 108 9
18 166 2
6 44 1
144 194 1
11 12 8
11 170 3
1 156 2
50 62 4
52 95 9
30 110 6
43 152 3
13 27 9
31 168 10
146 155 5
74 144 7
138 157 1
70 158 4
52 93 7
133 184 10
12 122 4
31 182 6
65 144 4
28 115 1
11 62 2
140 194 1
128 162 1
32 97 9
139 152 1
56 154 9
33 40 5
40 198 2
62 140 6
12 193 10
82 174 4
58 175 4
33 186 5
111 164 3
124 196 3
82 182 9
119 166 6
56 183 6
63 124 1
136 176 4
99 153 6
90 117 2
138 142 3
144 179 3
66 150 1
70 88 2
173 182 8
77 192 4
175 195 8
73 77 4
10 104 7
38 120 6
57 159 10
29 97 10
98 141 5
37 147 4
59 120 1
33 69 4
40 179 3
98 104 9
49 101 1
39 138 10
13 19 8
71 124 1
118 141 10
3 56 2
63 77 9
27 67 3
133 142 8
6 57 1
41 196 2
139 198 3
153 200 2
105 166 3
49 93 4
115 162 2
46 108 4
12 196 9
135 186 9
120 183 9
99 195 1
137 194 4
105 194 1
50 79 9
74 178 1
71 150 1
105 181 10
30 84 4
99 165 8
20 88 9
70 92 10
122 144 10
135 167 5
23 179 8
128 145 7
163 168 9
34 77 4
38 77 3
52 55 7
107 120 6
121 126 10
25 148 6
170 173 3
24 55 6
95 155 7
63 82 7
128 136 4
46 48 5
102 196 8
32 130 5
120 124 2
159 174 8
93 136 5
2 102 10
86 178 10
52 151 9
27 144 8
42 53 6
102 189 4
24 169 2
48 150 8
4 164 9
9 53 7
106 174 8
88 177 8
61 121 9
87 151 4
25 184 3
79 91 2
6 82 4
182 198 4
4 116 8
122 192 10
108 176 1
45 133 4
22 107 8
97 178 8
75 172 3
23 185 2
18 62 8
31 64 1
89 110 8
68 152 3
56 109 8
104 186 6
111 192 9
9 32 3
51 66 5
197 199 10
92 155 1
162 191 10
163 187 5
77 166 4
171 195 5
66 88 3
158 169 2
13 30 10
119 140 7
6 150 1
77 155 6
106 112 1
92 107 7
18 200 3
89 193 2
17 111 5
9 52 1
21 106 6
19 66 3
42 198 6
12 42 5
71 98 1
5 54 7
97 180 2
60 198 6
138 193 1
33 147 9
3 93 7
52 160 5
53 105 3
160 166 3
104 129 6
139 168 4
16 180 8
28 152 9
163 192 6
66 157 6
72 101 1
46 87 6
18 134 10
82 103 2
165 194 10
26 86 7
12 102 10
32 42 3
24 80 8
161 193 6
102 127 1
41 179 6
26 136 1
76 191 4
82 179 2
96 179 9
61 93 4
28 180 4
41 153 6
36 129 6
53 195 2
38 128 9
60 77 4
25 39 3
98 142 3
61 99 2
4 40 1
157 188 4
62 126 8
134 158 10
2 49 6
87 93 6
61 159 3
12 13 7
51 61 1
45 182 10
69 172 3
89 113 8
89 155 8
7 154 3
149 195 1
133 158 5
93 127 6
27 32 2
100 115 1
41 58 4
163 175 2
28 191 4
159 162 10
4 143 10
2 75 7
132 195 10
28 106 10
77 156 5
125 138 2
109 181 10
122 177 6
96 167 6
48 56 8
5 150 2
60 188 2
42 123 5
90 180 4
38 55 3
74 134 5
78 174 4
104 159 6
28 98 3
147 181 4
75 171 4
32 139 2
85 101 8
91 136 4
139 162 10
117 140 7
48 111 1
164 199 8
82 198 9
152 187 9
14 21 1
90 143 8
58 108 9
105 167 5
5 24 10
47 110 3
12 80 2
19 142 5
5 127 6
16 171 7
52 200 4
162 168 1
38 118 4
109 192 1
73 75 7
85 167 9
30 83 9
58 131 8
144 163 7
145 170 10
54 73 1
46 135 2
172 173 4
9 127 10
22 123 10
148 185 10
36 82 3
97 110 4
166 177 2
28 196 6
3 168 9
12 94 6
19 112 3
83 144 3
100 138 7
79 132 9
31 49 7
49 99 7
19 56 7
97 161 8
67 135 10
62 167 3
55 70 3
86 129 5
31 78 4
57 126 5
5 35 8
125 143 1
49 153 9
38 135 5
35 88 3
130 163 8
68 83 8
22 49 10
39 147 3
24 179 2
57 127 6
55 105 3
71 131 4
5 76 6
91 189 9
25 127 10
51 64 4
9 105 5
122 170 10
11 172 6
31 170 2
103 166 2
43 86 7
80 168 5
87 189 2
78 182 3
36 156 8
74 182 3
23 144 8
30 178 9
7 123 5
12 97 7
8 195 7
50 69 9
171 176 10
132 193 4
18 46 5
147 178 7
6 66 7
79 115 5
27 29 10
146 153 4
26 178 10
57 150 7
11 130 5
96 180 2
58 111 10
102 121 10
105 137 7
29 81 6
38 129 3
21 62 8
20 133 6
53 101 3
83 151 9
57 140 3
67 131 7
71 94 6
98 197 2
71 100 7
58 129 3
131 181 7
37 38 1
53 119 1
35 139 10
66 113 5
98 196 2
21 75 3
34 116 5
39 90 2
26 140 6
84 181 4
5 120 4
155 159 2
2 177 2
124 132 4
119 158 5
150 161 3
87 163 9
26 50 2
73 141 8
11 30 3
45 156 7
192 193 1
85 164 7
114 179 6
90 108 4
95 116 4
39 186 10
5 30 10
124 164 5
100 117 5
45 172 5
193 195 6
31 167 6
62 113 9
12 71 1
81 113 2
120 158 1
102 104 1
92 129 10
45 59 2
102 113 10
49 107 7
18 116 2
18 96 2
72 155 5
47 197 4
54 112 10
49 112 3
60 169 8
16 153 3
1 33 2
34 177 9
22 176 1
1 151 3
11 98 10
47 183 8
113 183 9
5 14 8
93 164 7
13 131 8
1 193 1
2 47 10
129 133 9
54 146 4
17 161 7
62 179 8
106 110 6
110 121 8
114 165 7
34 149 2
41 61 7
9 146 1
58 105 8
122 126 8
85 159 3
56 79 8
101 179 8
33 187 2
12 187 2
42 92 3
182 200 5
9 160 6
39 127 10
11 124 5
42 148 9
64 176 10
60 65 6
61 73 10
92 198 10
17 85 5
75 196 8
49 194 1
108 149 6
160 196 7
96 165 6
101 148 3
89 171 5
7 75 10
133 136 4
79 187 8
86 88 4
2 8 2
53 158 9
112 127 4
30 141 3
160 183 7
94 159 1
174 186 5
25 69 1
56 116 7
45 85 7
167 179 8
19 178 4
18 146 10
59 69 5
104 160 7
90 170 9
90 141 8
158 200 10
30 119 4
7 150 4
43 107 8
4 125 9
158 191 10
50 199 9
44 83 10
110 146 1
54 85 8
67 150 4
99 112 6
44 179 6
21 155 10
80 116 9
57 67 6
85 146 9
41 155 3
59 192 3
174 197 9
16 19 3
20 91 10
63 152 7
166 187 3
58 119 6
93 146 1
42 169 7
55 193 10
61 119 1
26 29 8
78 158 10
12 137 5
89 192 5
77 123 7
97 199 1
37 176 2
23 46 4
1 192 8
108 192 1
30 37 9
132 176 10
115 120 9
20 86 5
19 135 4
119 148 8
101 161 6
145 195 6
5 86 3
22 105 8
80 124 6
76 104 3
115 175 8
23 55 6
108 133 9
119 138 5
67 109 1
150 194 1
92 181 9
139 176 5
56 95 1
33 98 4
141 147 5
14 198 3
28 117 1
14 35 7
128 143 1
23 32 9
79 103 1
30 172 3
4 106 5
86 106 8
93 107 10
76 164 7
50 139 4
64 188 5
20 130 8
69 103 9
102 165 4
188 195 8
148 167 8
67 132 8
27 163 8
107 191 4
55 128 1
61 76 4
72 103 4
7 84 2
5 52 5
38 54 7
116 117 3
76 167 1
28 90 3
91 185 1
136 191 2
76 102 1
11 82 7
103 140 8
93 104 6
15 193 9
79 87 6
105 173 7
156 167 6
75 120 9
22 194 2
45 141 6
52 143 3
88 161 7
107 197 10
142 197 3
52 120 3
87 133 2
43 48 6
29 148 9
1 98 10
123 196 10
12 25 2
12 162 10
107 189 9
83 139 7
10 38 3
52 148 8
144 162 10
6 72 10
61 89 7
27 52 1
78 86 8
30 187 10
30 77 1
39 64 8
60 148 1
96 178 1
57 83 10
150 152 8
158 166 1
5 55 5
88 96 3
87 152 3
41 89 2
40 113 10
95 127 9
1 109 1
157 181 6
47 101 1
33 36 1
32 171 9
141 193 3
11 33 3
46 97 8
20 44 9
55 167 10
60 138 1
20 112 5
21 167 7
70 85 4
51 197 6
22 177 7
20 74 5
29 39 9
131 182 8
149 156 9
115 167 3
18 128 9
179 181 3
1 187 6
5 123 4
17 107 8
81 180 4
128 177 1
135 162 6
78 120 5
106 156 6
162 177 7
53 179 9
33 65 2
126 150 8
23 30 4
15 19 2
60 134 7
21 60 9
144 199 2
128 194 3
32 135 7
1 27 2
64 174 5
40 81 3
116 194 4
112 177 6
34 146 6
44 173 10
28 198 2
62 72 2
67 171 3
1 43 9
103 108 10
10 95 8
180 189 10
141 178 4
3 46 10
81 112 5
166 196 1
101 189 3
33 123 1
17 100 3
106 111 9
77 174 3
149 199 1
176 199 2
160 165 9
57 120 9
118 168 1
81 186 2
23 156 8
126 182 9
57 104 5
9 115 9
20 106 9
96 154 4
41 85 6
90 110 8
36 189 7
27 129 5
131 187 4
75 116 9
58 166 3
38 67 8
57 136 1
77 84 5
6 52 4
14 93 2
38 147 3
37 82 1
10 146 4
22 75 7
133 186 10
101 112 10
31 129 9
43 198 2
18 133 7
112 194 6
89 164 2
129 151 5
39 116 10
181 192 3
97 191 9
20 143 6
88 155 9
120 165 1
105 133 7
142 194 2
66 105 7
127 181 10
139 192 8
56 112 4
72 143 1
85 104 6
55 94 2
33 67 3
122 145 7
48 155 1
58 163 8
17 20 3
46 126 5
65 77 5
112 178 3
94 150 5
113 124 3
140 172 10
43 64 5
35 84 7
11 152 6
111 159 3
33 45 9
24 148 10
57 141 3
158 179 2
62 93 10
100 104 10
22 117 10
39 63 2
91 124 6
22 34 4
113 195 1
75 135 8
126 160 3
96 103 1
55 88 7
149 154 2
17 119 8
108 123 7
69 185 9
140 176 5
29 187 7
19 175 1
61 188 7
2 104 1
154 159 9
62 134 7
33 56 6
24 166 5
9 184 6
77 96 9
93 112 8
120 145 7
65 99 5
6 141 4
49 191 1
3 88 5
64 96 2
7 88 6
74 190 1
68 196 6
53 74 4
50 122 8
125 194 7
123 152 5
66 184 2
38 112 10
88 101 4
133 179 1
48 136 6
25 133 3
149 178 7
132 174 8
77 199 3
36 121 8
35 180 2
42 196 8
52 175 1
147 177 1
11 154 5
169 186 4
124 169 10
98 149 3
9 199 2
20 52 3
77 180 8
37 156 4
88 109 6
141 184 10
97 130 2
100 120 6
139 180 4
79 158 2
106 185 10
76 149 1
71 161 10
74 195 9
136 148 5
34 86 10
83 88 7
23 83 4
34 72 6
75 80 1
88 198 2
27 65 8
12 46 5
41 127 6
31 133 4
30 190 5
7 151 5
34 182 3
88 152 4
82 125 9
83 104 8
143 184 2
125 149 6
7 51 8
61 86 7
3 61 4
62 157 2
50 159 5
84 141 9
17 198 7
123 124 3
44 127 9
75 77 3
151 164 1
105 142 3
74 111 10
76 108 2
99 120 8
7 166 4
99 109 5
152 184 6
116 177 3
138 149 3
21 53 8
15 169 10
30 180 3
36 69 7
41 62 3
107 143 8
49 121 4
74 88 2
46 114 2
30 129 3
6 49 9
71 193 1
4 18 2
136 139 7
21 83 8
66 133 5
98 121 9
64 140 5
10 134 10
10 161 1
44 109 4
125 196 5
135 193 2
71 129 5
83 138 5
62 193 7
43 51 9
67 93 6
138 173 8
50 114 1
28 194 3
5 46 3
4 137 8
45 120 8
141 190 7
52 164 10
14 59 2
150 172 4
152 170 9
142 182 5
47 200 4
33 82 9
43 134 8
157 196 2
118 189 1
15 90 5
98 177 5
102 173 2
64 155 3
10 156 6
59 173 3
125 145 2
119 126 4
166 169 1
66 138 5
82 135 2
38 193 3
105 189 10
95 136 3
149 160 2
10 142 9
35 55 1
21 195 1
95 112 4
138 156 2
37 63 7
171 191 1
66 188 10
73 166 9
66 195 6
127 163 2
164 185 2
79 94 7
43 54 8
87 88 5
65 185 4
26 92 10
33 158 3
93 138 3
153 184 5
55 136 3
155 189 6
175 191 8
40 57 1
25 102 2
63 90 7
19 29 2
58 194 4
95 108 6
81 106 10
139 167 3
64 79 4
26 114 8
105 165 2
43 76 6
62 79 2
72 125 6
135 175 9
76 147 2
121 200 2
35 65 6
129 179 9
33 50 4
1 32 2
6 108 6
56 61 6
6 103 9
7 28 5
86 187 7
20 125 10
77 88 9
99 199 6
9 47 9
59 185 6
9 45 8
117 135 10
16 184 10
16 170 9
76 159 4
21 54 5
44 156 9
71 194 7
70 129 5
61 190 3
40 161 8
52 73 10
107 183 7
88 94 8
21 82 7
9 129 3
11 175 4
108 134 8
7 35 9
69 143 10
26 99 4
125 174 7
120 156 5
101 174 4
10 177 7
45 200 4
44 124 1
27 63 10
79 145 3
1 110 3
117 173 3
167 185 4
34 191 1
141 160 4
91 145 4
46 81 4
68 144 10
46 186 2
152 164 8
72 167 4
133 199 8
42 101 1
137 196 6
52 155 5
53 117 3
7 89 8
67 100 4
142 191 2
25 182 6
61 162 6
121 148 2
80 127 10
19 39 9
5 95 10
56 153 10
67 73 6
22 187 1
60 183 5
144 148 2
26 193 1
25 175 4
67 114 8
15 58 7
86 179 4
15 93 8
77 136 9
81 126 1
9 85 3
69 121 4
14 67 8
99 117 4
108 184 5
109 148 4
38 105 4
191 194 1
5 197 2
98 132 10
122 147 3
20 105 7
52 152 4
126 153 7
15 129 1
86 180 7
24 45 8
171 200 7
83 137 4
13 43 1
9 73 7
89 191 5
7 190 2
73 167 1
84 102 4
43 81 8
34 114 2
9 87 1
80 155 6
115 160 10
8 89 9
42 191 4
115 145 8
162 176 6
137 146 9
50 64 6
90 133 8
133 163 5
67 176 10
55 101 4
117 156 1
29 48 5
98 103 1
169 190 6
125 142 3
69 153 8
156 169 4
63 135 5
134 176 8
68 103 1
29 88 5
32 152 8
67 84 2
62 87 1
109 155 8
109 180 4
16 55 5
31 52 4
89 109 4
10 74 4
132 183 5
48 60 7
12 20 4
27 192 10
185 197 8
109 171 7
5 130 3
68 124 7
6 93 2
29 133 2
95 102 6
71 158 3
104 105 10
61 71 6
39 67 4
100 154 10
19 146 9
71 171 10
8 31 9
12 82 6
85 113 3
32 110 4
87 127 2
35 36 9
57 179 2
13 32 6
130 159 10
20 193 8
93 172 9
15 50 5
63 72 8
2 122 9
87 167 1
71 147 8
43 194 9
31 54 4
43 60 5
12 73 3
4 45 1
2 69 1
5 154 8
57 132 4
11 41 2
85 93 10
189 193 6
26 176 6
5 136 5
57 158 6
10 181 5
69 177 1
122 129 2
21 49 7
51 176 10
53 192 9
34 126 3
83 179 7
13 14 10
144 161 1
122 198 6
8 130 8
7 76 6
100 162 2
116 130 8
171 173 2
52 124 5
109 138 2
2 131 6
26 145 6
33 101 2
1 50 3
8 170 8
59 169 3
31 147 10
28 78 8
22 111 10
74 169 2
90 123 5
53 59 6
155 187 9
77 164 2
91 181 10
74 100 5
52 89 7
52 129 2
122 167 7
64 89 7
21 124 9
4 59 2
148 150 3
43 91 9
98 186 9
6 165 1
164 165 1
130 175 2
92 100 10
53 169 5
32 170 5
3 8 2
29 82 7
10 200 6
139 196 1
59 156 8
48 77 1
109 166 3
128 199 1
20 48 8
176 189 10
63 117 1
14 122 1
11 171 1
9 112 5
120 152 9
43 89 4
78 79 8
25 44 8
48 166 5
155 195 7
170 172 7
27 89 6
1 197 7
119 178 2
1 182 5
44 192 6
130 156 7
116 172 3
151 183 10
77 148 7
85 119 1
68 104 5
60 139 5
113 176 10
77 194 3
86 111 8
110 149 6
33 55 10
99 180 1
85 105 5
89 115 5
30 171 1
10 91 8
25 34 5
27 135 2
155 184 9
94 196 1
17 46 4
68 155 10
60 160 6
26 38 8
26 110 3
72 93 2
17 190 5
55 173 1
50 86 9
145 147 10
21 178 9
159 169 10
90 154 8
78 189 10
41 175 3
189 190 4
8 114 1
43 159 4
87 90 8
85 157 6
145 176 3
86 98 2
57 189 8
166 199 10
75 145 2
108 112 7
15 119 9
82 171 7
62 63 9
1 10 1
116 122 7
50 88 7
164 175 3
24 41 10
108 157 7
53 73 5
16 196 6
125 150 2
46 89 6
65 82 3
8 134 1
62 84 3
96 152 8
45 134 7
140 199 1
69 141 8
28 170 8
16 141 6
52 174 2
113 180 9
155 157 7
20 50 9
50 154 7
37 184 5
92 197 3
11 196 4
66 148 2
18 169 10
69 178 5
7 171 6
179 193 5
65 159 7
103 164 3
46 56 5
34 163 5
63 137 7
56 94 1
3 9 5
153 186 5
123 180 3
103 112 4
49 172 6
42 183 10
79 155 3
35 72 5
7 145 2
87 142 6
126 183 4
145 181 10
101 181 2
135 173 1
17 123 1
97 184 6
106 143 5
3 58 6
128 144 4
16 40 10
128 198 4
127 143 2
64 101 2
13 73 7
20 29 10
52 171 4
16 134 5
162 198 4
10 123 3
87 139 6
144 171 5
48 128 2
18 90 10
58 158 5
54 157 3
49 78 8
129 177 2
11 55 2
33 57 5
94 96 2
132 164 1
14 184 8
41 133 5
85 185 3
96 132 9
80 164 5
97 109 4
70 108 3
90 114 7
95 128 4
20 139 7
101 164 6
35 152 7
43 110 5
156 175 5
52 113 1
41 99 10
67 139 7
5 171 2
83 102 7
11 162 10
42 164 5
33 179 1
22 169 9
21 135 4
73 188 10
26 142 3
42 50 7
184 194 8
28 113 10
36 95 6
34 109 8
175 184 10
28 50 5
45 62 3
110 188 1
24 105 1
13 108 8
25 191 3
74 177 5
83 181 6
25 72 4
33 198 2
80 173 10
130 168 4
7 36 2
17 183 6
24 138 6
54 67 6
144 154 8
30 193 1
170 181 5
64 95 6
93 188 3
97 146 1
37 94 1
140 197 7
43 59 3
52 72 10
104 158 7
87 119 6
54 177 6
18 78 3
69 132 5
2 94 6
51 65 2
84 134 2
76 200 6
88 159 2
129 178 3
50 97 8
59 138 8
73 181 10
29 107 8
85 117 1
65 152 7
39 194 3
51 87 3
103 104 10
148 191 10
31 138 6
33 97 3
101 192 7
31 120 1
90 158 7
67 108 2
17 147 10
116 147 5
73 107 10
25 82 9
55 79 8
5 61 7
106 199 5
106 134 10
99 110 6
20 131 5
138 180 4
86 144 7
137 178 2
89 101 5
118 194 9
21 38 9
55 67 9
1 117 5
102 122 9
71 181 6
106 190 1
152 195 6
17 22 2
84 132 9
80 184 9
30 109 1
171 193 10
191 198 2
21 47 6
102 129 8
46 124 9
137 171 10
123 133 9
30 115 9
70 200 2
38 148 9
51 72 8
8 30 5
77 196 1
36 97 7
71 95 5
38 114 7
97 129 8
159 192 3
123 147 1
177 195 3
64 198 3
53 164 9
1 132 9
29 188 8
40 139 2
8 178 5
151 189 9
99 184 9
21 199 8
57 180 9
74 80 7
24 33 3
30 46 4
23 92 5
75 153 6
57 176 8
90 160 1
35 43 10
185 189 4
113 185 3
1 90 4
48 101 4
86 101 10
75 163 2
135 141 2
39 60 5
98 136 2
51 126 9
146 179 6
1 40 6
38 103 7
123 141 3
104 143 7
75 147 1
8 142 5
14 104 4
84 163 2
72 132 1
53 197 1
60 128 2
43 71 5
52 63 9
114 172 10
102 160 10
25 59 1
36 175 8
91 156 6
4 52 5
29 74 10
76 140 5
23 36 4
31 82 6
87 113 10
62 178 1
16 85 10
44 87 6
43 146 2
17 70 9
102 181 6
63 188 2
125 140 2
190 197 1
111 166 4
46 50 1
18 132 5
130 139 5
115 124 8
55 142 7
57 121 3
30 74 9
87 89 5
8 198 6
56 173 6
73 152 6
8 83 6
62 106 2
128 164 4
175 187 4
34 150 8
81 123 6
20 42 8
5 146 4
16 66 2
82 150 3
24 183 9
64 111 10
93 121 5
16 91 10
94 95 6
120 200 2
141 151 10
137 141 9
2 99 7
68 74 3
58 76 2
76 133 9
2 18 3
73 97 9
19 166 2
113 171 9
66 92 1
91 94 2
37 141 7
14 129 5
55 98 10
36 120 1
18 38 3
111 172 9
132 197 8
48 109 2
24 104 10
39 56 5
25 160 10
79 88 5
74 189 8
67 75 8
34 111 9
25 49 6
130 135 3
15 25 9
141 189 9
131 177 3
92 138 8
124 155 8
9 35 9
74 104 9
42 125 10
76 88 8
89 107 3
57 114 6
52 182 7
72 189 8
171 182 9
143 164 5
33 120 10
106 168 6
36 109 3
113 144 1
46 145 5
114 128 8
1 84 3
54 81 6
93 124 9
64 199 3
1 65 1
78 144 10
30 68 7
4 81 10
56 87 2
64 182 6
66 192 4
47 193 8
6 169 2
120 186 6
37 186 4
34 128 8
