200 1184 9.5752600000 0.5811250000
54 61 5
87 168 4
11 63 1
2 49 8
26 41 10
75 115 5
109 191 10
13 44 2
21 121 10
60 187 7
132 174 6
81 114 6
3 157 5
21 68 9
15 114 4
119 146 5
41 135 5
85 189 3
134 171 7
55 80 8
19 48 9
47 106 7
59 136 7
93 155 4
133 143 7
113 114 8
52 163 8
3 107 4
149 169 1
93 108 2
74 96 3
23 68 6
17 68 3
26 171 4
10 111 5
17 98 7
146 159 5
58 108 4
67 188 8
33 108 2
32 143 9
121 197 2
27 71 9
9 92 5
84 97 5
23 197 6
92 158 5
63 67 9
63 80 7
25 184 2
98 186 3
12 107 4
69 178 1
1 156 4
30 177 7
60 166 4
103 121 9
2 159 2
96 130 7
117 183 8
20 128 8
33 59 6
82 98 9
119 144 9
114 116 9
31 116 3
100 158 7
10 19 1
135 143 4
67 172 10
76 77 3
4 132 5
55 176 8
16 43 4
181 199 8
32 131 9
16 73 2
92 165 10
134 141 2
73 145 7
53 124 6
66 184 2
62 197 6
5 41 9
12 192 1
34 99 10
65 155 2
15 165 2
38 41 9
119 187 3
47 132 6
134 143 8
8 123 8
79 89 1
110 138 6
24 113 6
27 94 8
5 118 4
21 127 8
38 148 3
4 20 6
114 146 3
110 192 9
45 185 5
160 189 8
81 160 9
50 117 8
41 117 5
82 107 8
52 149 9
5 141 5
77 91 9
99 100 9
108 169 9
3 118 10
191 198 4
83 150 5
97 199 5
77 181 6
139 185 4
47 117 1
119 166 6
9 86 1
70 196 9
20 178 3
42 162 8
71 152 7
144 172 7
57 73 6
87 200 9
15 34 5
5 171 7
131 155 7
103 136 1
1 194 5
54 87 8
112 196 7
16 181 9
86 176 5
37 141 4
107 133 5
20 136 2
116 187 9
140 186 4
21 131 1
23 32 1
32 33 1
122 143 7
169 170 9
57 128 3
130 139 5
127 199 10
52 103 3
110 148 5
131 186 10
48 139 4
66 128 1
41 107 3
159 175 3
47 199 3
122 184 4
36 82 8
150 170 10
42 100 5
168 200 9
28 126 7
139 190 7
21 58 7
57 98 10
140 145 3
143 193 9
43 138 5
98 104 9
51 153 1
37 65 3
16 118 3
69 134 5
20 110 4
47 157 3
157 184 7
82 140 10
12 21 5
128 145 7
2 151 7
110 149 9
21 169 3
100 144 4
25 120 7
13 166 2
148 149 5
86 152 5
80 92 10
52 84 1
99 187 2
1 40 2
101 150 10
17 169 4
163 169 7
16 21 2
30 111 2
120 193 7
61 142 7
106 143 8
24 80 7
12 142 4
4 25 4
9 95 7
32 182 10
113 159 1
34 162 4
65 157 3
29 158 2
39 129 4
140 199 2
186 199 1
44 113 3
128 150 4
101 174 4
33 84 3
13 152 8
6 137 9
47 98 7
164 173 10
29 166 3
96 164 7
82 153 7
114 175 8
133 182 10
104 122 4
76 82 10
23 38 9
36 197 9
84 122 7
46 72 10
54 126 10
50 157 2
22 162 8
163 184 10
7 60 7
133 148 1
43 182 2
68 183 10
41 133 1
157 186 4
20 104 1
59 181 9
84 145 9
24 95 5
44 99 8
91 120 6
77 125 3
4 150 10
73 150 9
140 155 9
100 188 5
32 83 2
106 136 4
69 149 8
62 110 1
80 152 3
36 169 7
83 199 9
66 199 2
59 178 6
49 100 6
107 120 3
2 24 9
146 158 7
42 116 5
45 147 1
5 197 5
97 181 3
68 148 5
157 183 6
35 122 5
80 195 10
10 30 10
14 185 4
98 169 10
29 172 4
136 181 1
34 175 9
102 147 1
34 119 5
11 99 10
60 154 5
169 199 2
21 145 1
111 196 3
79 87 4
83 184 10
73 135 5
14 74 3
77 178 1
37 192 8
24 152 5
25 186 9
29 151 1
18 99 7
51 103 1
24 67 7
127 157 7
64 66 3
81 189 5
55 64 8
21 101 4
113 165 6
27 60 6
3 76 10
73 184 10
125 178 9
74 196 7
56 194 8
24 81 6
89 96 10
80 189 8
76 153 8
27 172 3
126 147 10
23 52 4
95 195 8
11 86 3
25 58 3
21 73 5
61 75 5
145 183 4
3 182 7
10 40 5
38 77 6
73 153 9
170 178 9
29 199 2
19 53 3
57 127 6
86 114 4
23 73 6
22 158 1
104 192 4
61 66 2
46 130 9
10 177 3
100 172 7
108 163 7
122 174 4
34 159 4
115 167 4
174 178 10
181 183 8
14 200 3
75 130 4
50 108 3
45 173 5
120 131 8
24 31 6
68 127 9
14 173 3
129 130 1
108 182 6
88 95 4
79 161 5
10 196 5
98 136 8
56 164 4
4 65 2
39 177 2
39 124 2
16 183 9
13 159 6
3 155 6
70 102 5
64 85 2
11 95 9
84 186 1
32 153 9
55 172 8
57 181 4
155 170 3
86 113 8
83 169 5
39 190 7
135 183 4
52 65 5
119 188 8
16 184 1
48 147 3
121 122 6
64 188 3
14 45 7
76 91 9
51 82 10
68 106 7
12 16 8
49 113 3
152 159 5
133 163 9
8 74 3
51 134 4
147 177 10
65 73 2
100 189 6
8 142 4
110 165 2
10 123 2
178 199 6
126 142 8
57 68 10
43 155 1
86 88 8
16 135 3
42 71 2
64 172 6
121 182 7
38 106 6
61 70 3
149 199 2
83 186 10
152 189 8
121 199 7
148 181 6
37 107 2
157 199 10
77 106 4
108 140 6
94 188 4
135 140 1
118 138 8
86 188 10
175 187 9
84 103 6
44 195 8
23 131 9
144 162 10
84 108 3
10 115 2
35 173 3
50 68 9
10 112 6
25 138 4
6 26 5
73 79 2
72 102 7
16 192 3
67 99 2
90 177 5
9 24 6
36 41 1
16 68 4
106 191 3
118 140 2
18 116 10
66 104 4
46 124 1
3 68 5
95 166 6
31 113 4
73 132 3
78 185 3
50 66 10
77 103 1
26 174 8
110 118 8
75 185 1
118 182 3
3 199 3
20 184 4
73 141 6
84 120 1
30 78 5
131 181 6
6 48 9
24 162 7
104 109 3
88 99 2
26 73 2
40 168 9
23 193 9
65 171 8
146 195 6
96 177 8
125 138 1
42 159 9
89 137 4
120 121 1
21 66 7
71 81 1
58 149 9
88 152 10
23 132 8
84 198 7
7 166 2
18 81 9
47 131 10
74 185 10
130 177 1
126 137 6
61 194 2
27 44 7
52 153 5
5 57 5
120 183 9
10 46 3
66 138 10
149 157 5
69 181 4
82 181 3
7 177 7
162 188 6
130 167 10
147 161 9
24 42 7
127 135 5
20 41 5
110 117 4
68 98 7
15 119 2
33 148 7
122 138 3
5 87 5
74 111 1
60 152 9
49 165 9
50 159 1
5 155 10
101 123 1
32 155 7
34 81 1
22 85 9
99 151 7
83 93 7
108 148 3
77 80 1
3 171 5
50 121 3
112 137 7
23 103 4
113 154 1
130 180 7
91 97 6
36 107 4
5 134 10
4 17 9
28 180 1
46 123 10
104 155 9
119 175 5
66 83 8
110 170 7
20 193 10
36 51 6
8 19 5
33 69 1
170 197 9
2 160 5
106 120 1
21 83 6
133 186 5
89 194 10
11 49 2
69 169 10
16 117 10
158 159 9
11 151 1
23 57 5
77 159 4
27 114 2
25 174 6
125 150 5
132 186 5
3 128 5
106 163 8
150 157 3
74 177 1
115 200 5
53 112 6
71 119 9
161 179 1
22 188 1
3 185 1
20 157 2
126 173 4
47 121 8
27 49 3
91 101 2
36 120 4
40 87 5
83 125 4
86 99 10
89 112 6
25 153 1
33 181 10
37 108 10
120 141 8
73 138 8
26 76 6
174 184 6
95 116 2
49 159 4
191 192 10
10 130 6
52 120 2
1 6 7
77 83 5
88 113 2
166 187 10
5 107 10
37 182 6
21 138 3
75 96 4
9 44 6
11 188 9
66 109 5
41 186 8
97 141 8
9 159 10
33 117 9
21 191 10
12 125 8
141 198 3
160 175 9
69 83 1
12 77 4
96 167 6
131 191 10
133 141 1
104 178 2
98 143 1
27 86 6
7 188 3
115 124 7
26 132 7
94 175 9
39 185 5
24 172 8
40 115 3
175 189 8
1 190 7
64 86 3
137 177 5
52 62 6
63 113 4
54 124 4
21 108 6
141 192 3
110 171 6
86 94 10
42 188 3
125 132 2
121 184 3
65 143 5
18 44 6
64 92 1
41 178 10
65 191 4
106 108 9
109 131 10
48 111 8
32 134 8
120 125 8
62 135 2
42 152 3
8 185 2
22 152 3
91 149 2
85 195 5
37 171 8
113 162 6
20 145 7
38 117 7
26 143 3
82 134 6
12 52 10
6 164 9
2 18 10
44 86 10
178 181 4
47 133 3
44 152 4
143 169 8
27 92 10
178 193 7
108 134 5
67 85 9
76 122 3
85 188 9
131 199 10
85 160 1
2 34 1
83 193 6
50 58 9
10 54 6
17 121 2
32 171 2
95 154 9
80 151 8
105 161 5
83 107 2
5 50 4
126 130 8
16 108 3
4 155 8
124 185 6
38 181 5
64 146 8
77 174 9
83 192 9
184 192 10
49 160 5
131 136 7
78 123 4
32 163 6
86 189 4
22 92 5
53 102 7
51 83 6
62 108 10
121 155 2
43 157 2
18 151 9
44 100 7
66 98 6
73 83 9
3 135 1
32 52 10
31 199 3
13 29 1
19 173 6
3 132 2
16 138 2
179 200 7
28 78 9
69 155 3
6 19 1
4 82 3
69 170 9
152 172 8
27 144 8
29 49 6
144 176 4
10 190 8
128 186 9
24 85 8
10 124 3
156 196 2
16 50 9
115 130 9
128 136 2
110 125 4
97 106 5
13 100 6
40 173 8
11 189 4
139 167 7
57 134 3
58 135 8
94 113 2
10 126 7
47 57 5
138 157 5
3 26 5
143 157 3
119 150 3
2 80 6
23 106 10
23 33 1
41 128 8
108 183 10
41 83 2
69 110 1
93 198 4
25 43 2
62 101 1
72 190 2
16 191 7
12 197 6
12 120 10
35 39 5
91 121 1
30 115 5
25 191 1
95 120 1
128 171 2
99 162 3
99 119 1
58 138 6
54 168 5
10 28 3
13 189 2
171 197 2
114 154 8
99 150 4
67 152 7
10 79 1
89 184 3
91 133 2
62 138 5
4 134 4
22 100 9
43 133 5
32 73 8
57 169 1
76 163 8
36 184 7
77 131 5
72 147 3
101 163 6
51 150 9
21 69 4
133 138 2
1 112 10
29 71 5
101 149 10
82 145 4
57 122 2
120 148 5
118 133 9
54 129 10
125 131 3
29 116 1
18 63 2
19 167 4
56 78 6
31 158 10
6 28 5
16 110 6
144 189 5
4 140 1
31 94 6
123 168 5
17 21 4
38 128 3
56 139 4
4 41 1
30 196 7
20 66 10
150 163 7
110 155 7
45 179 5
23 26 2
52 108 6
54 156 1
4 163 7
29 162 5
82 106 1
51 148 5
129 139 4
13 88 7
14 78 4
7 165 6
82 91 10
107 163 2
57 131 4
22 165 1
26 77 6
61 126 8
111 142 3
7 100 5
80 188 5
141 157 9
65 145 1
17 43 2
60 85 10
86 92 2
71 146 7
84 110 4
127 153 5
26 138 5
171 174 4
52 107 7
16 157 5
25 47 2
21 62 1
117 122 3
43 86 4
74 130 4
139 177 9
50 83 6
117 155 10
58 66 9
78 137 2
33 68 1
164 179 9
3 4 7
98 191 6
7 189 3
122 198 6
41 97 1
111 124 1
58 84 5
45 87 3
7 175 4
91 108 3
147 185 3
95 188 5
30 102 2
156 194 7
103 110 5
31 189 1
60 86 5
33 191 8
83 131 10
76 199 5
98 149 1
86 160 2
42 145 3
57 69 2
141 145 3
50 183 8
39 167 10
13 187 8
76 135 10
158 195 5
101 197 2
7 187 2
73 117 10
106 193 2
92 151 4
52 199 1
115 142 8
54 142 4
159 195 2
82 198 2
22 63 6
52 170 1
85 187 6
79 179 7
148 171 10
17 37 2
87 161 5
29 55 9
82 132 8
58 104 4
172 189 3
44 119 9
76 97 10
4 183 10
4 98 7
72 167 6
93 141 4
60 116 3
139 179 5
3 192 3
123 185 1
182 197 6
1 74 9
56 173 4
15 100 9
130 196 8
33 163 1
87 177 6
72 90 5
76 108 5
76 143 10
30 200 9
134 199 1
57 183 1
58 193 2
119 159 6
26 117 10
34 86 9
94 99 5
56 111 6
5 186 3
47 153 6
170 183 7
156 190 3
122 171 10
26 58 9
6 54 8
71 85 9
139 194 4
13 24 5
94 158 5
80 146 6
51 108 5
52 197 7
130 164 3
31 119 2
125 133 9
145 155 3
93 106 3
67 113 2
123 126 1
7 113 5
73 98 5
34 189 10
111 115 9
35 137 10
21 32 8
32 68 10
90 105 10
139 164 9
60 63 4
103 140 2
52 134 7
10 142 9
8 173 3
44 144 3
29 175 9
25 110 5
49 95 1
131 138 8
22 27 3
93 132 4
28 87 6
46 56 2
38 91 10
27 166 10
29 146 3
63 152 6
63 172 1
62 148 2
57 133 4
50 132 7
75 112 5
149 183 9
77 138 10
8 30 6
183 199 8
116 189 7
68 69 8
162 165 10
74 76 2
29 176 10
62 198 8
151 176 2
94 151 1
81 92 2
198 199 3
61 179 8
20 26 8
53 173 7
5 120 7
58 186 3
56 74 3
49 119 5
122 157 5
16 32 4
43 107 2
32 199 3
106 149 7
18 88 7
55 90 2
7 81 4
18 113 4
117 157 8
41 145 3
81 166 6
23 136 2
16 199 1
90 179 2
4 16 4
25 32 1
147 179 4
83 132 9
41 153 5
140 149 4
21 197 4
73 118 7
91 192 1
83 183 8
29 188 7
4 157 2
9 80 8
42 119 5
32 122 10
83 159 1
33 174 6
22 24 5
112 124 8
118 174 2
47 104 10
13 146 10
60 119 10
110 199 3
88 195 10
26 57 4
25 101 6
23 199 1
48 78 8
26 135 5
105 167 3
94 195 4
105 164 7
54 137 5
70 164 5
58 117 8
13 144 6
150 184 9
55 158 7
82 155 3
78 180 2
180 194 9
56 130 6
80 187 8
46 180 4
28 45 7
82 135 8
14 70 2
11 195 3
121 138 9
14 19 7
91 107 7
45 54 4
80 119 10
41 47 1
140 150 7
97 184 7
73 171 9
15 60 8
44 94 10
17 122 10
101 135 3
20 182 5
40 41 1
44 158 7
103 125 8
81 159 3
137 161 9
71 192 1
43 131 3
9 166 8
51 101 3
83 191 1
4 51 7
71 175 8
45 126 5
145 169 5
127 140 2
94 116 3
77 104 6
33 125 7
23 108 5
124 200 2
35 164 6
148 170 9
62 77 8
96 123 7
75 190 10
98 145 5
11 31 3
99 188 1
59 198 9
48 160 1
128 174 6
65 66 3
181 196 1
96 190 7
124 139 8
71 92 2
12 36 10
15 81 3
129 156 2
13 99 2
11 67 1
11 162 5
104 148 8
88 166 5
88 158 1
97 136 3
131 153 4
13 60 7
137 164 3
55 165 1
12 178 4
154 172 1
125 192 9
79 130 2
56 72 1
11 116 5
24 94 5
138 170 5
85 154 1
114 159 4
163 182 1
55 63 5
67 94 6
54 96 4
25 131 10
3 138 8
61 200 10
17 97 4
68 97 5
20 198 4
68 184 1
