0.164727903 0.000000000
-0.060292097 0.000000000
-0.104435806 0.000000000
0.000000000 1.690750000
0.417743226 0.000000000
-0.269163709 0.000000000
0.010224918 0.747468750
0.120584193 0.000000000
0.000000000 0.000000000
0.000000000 -0.000000000
0.000000000 1.788656250
0.000000000 3.211343750
-0.000000000 -1.577312500
-0.000000000 0.000000000
0.082363951 0.000000000
0.000000000 0.788656250
0.000000000 0.000000000
0.000000000 -0.000000000
0.000000000 0.211343750
-0.176574840 -3.675218750
-0.186799758 -0.000000000
0.000000000 -1.000000000
0.000000000 -0.577312500
0.000000000 0.788656250
0.000000000 -0.000000000
0.000000000 1.577312500
0.000000000 0.000000000
-0.417743226 0.000000000
0.000000000 0.000000000
0.000000000 -0.422687500
0.104435806 0.000000000
-0.269163709 -0.211343750
0.313307419 0.000000000
0.000000000 0.000000000
-0.000000000 0.000000000
0.030674755 0.974343750
0.000000000 0.211343750
0.000000000 1.577312500
0.000000000 0.000000000
-0.185177739 -0.015531250
0.000000000 0.000000000
0.000000000 0.000000000
0.088287420 1.788656250
0.004301450 2.324781250
-0.082363951 -1.731937500
0.000000000 -0.000000000
0.000000000 2.154625000
0.000000000 1.520593750
-0.032296773 -2.056718750
0.000000000 0.000000000
0.000000000 -0.000000000
-0.164727903 -0.000000000
-0.022071855 0.000000000
0.329455806 0.000000000
-0.088287420 -0.000000000
0.000000000 0.000000000
0.027995323 7.943281250
0.000000000 0.422687500
0.082363951 0.000000000
0.000000000 0.000000000
0.000000000 0.000000000
0.626614839 0.000000000
0.032296773 0.324781250
0.022071855 0.788656250
0.033918792 3.252531250
0.120584193 0.000000000
0.000000000 -0.000000000
0.022071855 0.000000000
0.000000000 0.000000000
-0.044143710 -0.365968750
0.116282743 1.097906250
0.000000000 0.000000000
0.000000000 0.000000000
-0.160426453 -2.463875000
0.000000000 0.000000000
0.000000000 0.000000000
-0.208871613 0.000000000
0.000000000 0.000000000
0.000000000 2.000000000
0.000000000 -0.788656250
-0.022071855 -0.000000000
-0.022071855 0.000000000
0.000000000 -0.000000000
-0.775194355 -1.154625000
0.000000000 0.000000000
0.046823141 5.283593750
0.000000000 0.000000000
0.000000000 0.000000000
0.335379274 0.000000000
0.000000000 -0.788656250
0.000000000 -0.000000000
0.000000000 1.422687500
0.433891612 0.000000000
-0.022071855 0.000000000
0.000000000 -0.000000000
0.000000000 -0.000000000
-0.022071855 -3.211343750
0.000000000 2.365968750
0.000000000 0.000000000
0.000000000 -0.000000000
-0.560399274 -0.000000000
0.048445160 1.324781250
0.000000000 0.000000000
0.000000000 0.000000000
0.000000000 0.000000000
0.000000000 0.000000000
0.000000000 0.000000000
-0.000000000 0.000000000
-0.010224918 -0.113437500
0.000000000 0.000000000
-0.000000000 0.000000000
0.004301450 0.170156250
0.000000000 -2.577312500
0.000000000 0.000000000
-0.068330390 -9.345718750
0.000000000 0.000000000
0.000000000 0.000000000
0.000000000 0.000000000
0.000000000 -0.000000000
0.000000000 0.211343750
0.000000000 0.000000000
0.000000000 -0.422687500
0.000000000 0.000000000
0.170651371 0.000000000
0.000000000 -0.000000000
-0.022071855 0.000000000
0.000000000 -0.000000000
0.000000000 -0.000000000
-0.000000000 -2.634031250
-0.000000000 0.000000000
0.000000000 0.000000000
0.000000000 -0.000000000
0.000000000 -0.000000000
0.000000000 -0.577312500
0.247091854 0.000000000
0.439815081 1.365968750
0.000000000 -0.000000000
-0.104435806 0.000000000
0.000000000 0.000000000
0.137297186 2.262656250
-0.016148387 -0.000000000
0.000000000 -0.211343750
0.000000000 2.788656250
0.000000000 0.000000000
0.000000000 0.000000000
0.000000000 0.000000000
0.104435806 0.000000000
0.000000000 -1.211343750
0.000000000 0.000000000
0.000000000 -0.000000000
0.000000000 0.000000000
0.000000000 0.000000000
-0.115225331 -0.474000000
0.000000000 -0.634031250
0.000000000 0.000000000
0.005923468 0.000000000
0.000000000 0.000000000
0.000000000 -0.000000000
0.000000000 -1.000000000
0.000000000 -0.000000000
0.000000000 0.000000000
0.506030646 1.731937500
0.000000000 0.000000000
-0.169029353 -2.958812500
0.230943468 0.000000000
0.022071855 0.000000000
0.000000000 -0.000000000
0.054368628 0.747468750
-0.000000000 0.000000000
0.000000000 -0.000000000
-0.000000000 0.000000000
0.000000000 0.000000000
0.000000000 4.056718750
0.000000000 0.000000000
0.000000000 -0.000000000
0.000000000 -0.000000000
0.000000000 4.211343750
0.022071855 0.000000000
0.000000000 -0.000000000
0.000000000 -0.000000000
0.000000000 0.000000000
0.313307419 0.000000000
0.000000000 -0.000000000
0.000000000 1.479406250
0.000000000 0.000000000
0.000000000 -0.000000000
0.000000000 0.634031250
-0.014526368 -0.649562500
0.000000000 0.000000000
0.000000000 0.000000000
0.000000000 -0.211343750
0.004301450 6.000000000
-0.060292097 -0.000000000
0.000000000 0.000000000
0.208871613 0.000000000
0.000000000 -0.943281250
0.000000000 0.000000000
0.000000000 -0.000000000
0.123828230 0.814312500
0.044143710 0.000000000
0.000000000 -0.000000000
0.000000000 -0.000000000
-0.004301450 -2.536125000
-0.088287420 -0.000000000
-0.417743226 -0.000000000
0.016148387 1.634031250
-0.074818464 -2.438218750
0.000000000 0.000000000
0.016148387 0.634031250
0.000000000 0.000000000
0.000000000 -0.000000000
0.000000000 0.000000000
0.230943468 0.000000000
0.000000000 0.000000000
0.000000000 0.000000000
0.000000000 -0.000000000
0.000000000 0.000000000
-0.000000000 -0.211343750
-0.291235564 -0.000000000
0.000000000 0.000000000
-0.082363951 0.000000000
0.180876290 1.422687500
-0.000000000 -0.788656250
0.000000000 -0.000000000
0.076440483 0.056718750
0.000000000 -0.000000000
0.000000000 -0.577312500
-0.000000000 0.000000000
0.000000000 1.154625000
-0.851634838 0.000000000
0.648686694 2.788656250
0.000000000 0.000000000
-0.044143710 -2.422687500
1.044358064 0.000000000
0.000000000 0.000000000
0.000000000 0.000000000
0.000000000 0.000000000
0.000000000 0.000000000
-0.027995323 -0.000000000
0.000000000 -0.211343750
0.000000000 0.000000000
0.000000000 0.000000000
0.000000000 0.000000000
0.000000000 0.000000000
0.022071855 0.000000000
0.022071855 0.577312500
0.000000000 0.000000000
0.000000000 0.000000000
0.000000000 0.000000000
0.000000000 0.788656250
0.000000000 -0.000000000
0.000000000 -3.056718750
0.000000000 -1.788656250
0.000000000 0.000000000
0.000000000 0.000000000
-0.126507661 -0.365968750
0.000000000 3.788656250
0.000000000 -0.520593750
-0.000000000 -1.000000000
-0.017770405 -0.618500000
0.000000000 -0.000000000
0.000000000 0.000000000
0.000000000 0.000000000
0.604542984 0.000000000
0.010224918 0.958812500
0.000000000 -0.634031250
0.000000000 9.000000000
0.022071855 1.000000000
-0.076440483 -0.000000000
0.000000000 0.000000000
0.000000000 0.000000000
0.000000000 -0.000000000
0.000000000 0.000000000
0.000000000 -0.000000000
0.522179032 0.000000000
0.000000000 0.000000000
0.648686694 0.000000000
0.000000000 0.000000000
0.000000000 0.000000000
0.000000000 0.000000000
0.000000000 0.000000000
0.000000000 0.000000000
0.000000000 0.000000000
-0.024751286 -1.763000000
-0.008602900 -3.340312500
0.000000000 0.000000000
0.000000000 0.000000000
0.000000000 0.000000000
-0.044143710 -0.000000000
0.088287420 0.000000000
-0.022071855 0.000000000
-0.011846937 -1.463875000
0.082363951 0.000000000
0.000000000 0.000000000
0.000000000 0.000000000
-0.000000000 0.000000000
0.000000000 0.000000000
0.000000000 0.000000000
-0.000000000 -0.577312500
0.000000000 0.000000000
0.000000000 -0.000000000
0.000000000 -0.000000000
0.214795081 0.943281250
0.000000000 0.000000000
0.145900085 1.237000000
-0.104435806 0.000000000
0.000000000 0.788656250
0.022071855 1.365968750
-1.044358064 0.000000000
-0.000000000 0.000000000
-0.313307419 -0.000000000
0.000000000 -0.000000000
-0.247091854 0.000000000
0.000000000 -0.000000000
-0.291235564 0.000000000
0.000000000 0.000000000
0.000000000 0.000000000
0.000000000 -0.000000000
-0.377900966 -0.381500000
-0.164727903 -0.000000000
0.000000000 0.788656250
0.000000000 1.000000000
-0.082363951 0.000000000
-0.085043383 -0.185687500
-0.357451129 0.000000000
0.000000000 0.000000000
0.000000000 -0.000000000
0.389747902 0.000000000
-0.106057825 -2.139093750
-0.000000000 0.000000000
-0.104435806 0.000000000
0.000000000 2.000000000
-0.247091854 0.000000000
0.000000000 -0.000000000
0.000000000 0.000000000
0.000000000 -0.000000000
0.000000000 0.000000000
0.000000000 0.000000000
0.208871613 0.000000000
-0.835486452 -0.000000000
-0.023693874 -0.407156250
0.000000000 -0.788656250
0.000000000 -0.000000000
0.000000000 0.000000000
-0.022071855 0.000000000
0.000000000 0.000000000
-0.000000000 0.000000000
0.000000000 0.000000000
0.000000000 -0.000000000
-0.082363951 0.000000000
0.000000000 -2.365968750
0.000000000 0.000000000
0.000000000 -0.788656250
0.000000000 0.479406250
0.000000000 0.000000000
0.164727903 0.000000000
0.104435806 0.000000000
0.000000000 -0.000000000
0.052746609 2.706281250
-0.230943468 -0.211343750
0.000000000 0.000000000
0.000000000 -0.422687500
0.000000000 0.000000000
-0.022071855 0.000000000
0.000000000 0.000000000
0.208871613 0.000000000
0.000000000 0.000000000
0.000000000 -0.000000000
-0.011846937 -5.097906250
-0.253015323 -0.000000000
-0.060292097 -0.000000000
0.000000000 3.211343750
0.000000000 0.000000000
0.000000000 0.000000000
-0.022071855 0.000000000
0.000000000 0.000000000
0.000000000 -0.000000000
-0.058670078 -1.438218750
0.000000000 0.000000000
0.000000000 -0.000000000
0.000000000 0.000000000
0.023693874 1.927750000
0.000000000 0.000000000
-0.082363951 0.000000000
0.044143710 0.000000000
0.028559929 1.783250000
0.000000000 -0.000000000
-0.016148387 -0.000000000
-0.258938791 -1.154625000
0.467810404 0.000000000
0.000000000 -0.000000000
-0.520557014 -2.381500000
0.113038706 0.340312500
0.038220242 0.056718750
0.000000000 0.000000000
-0.291235564 -0.000000000
0.000000000 0.000000000
0.033918792 0.463875000
-0.023693874 -1.350437500
0.000000000 -0.000000000
0.000000000 0.000000000
0.000000000 -2.000000000
-0.164727903 0.000000000
0.000000000 -0.000000000
0.247091854 0.000000000
0.000000000 3.268062500
0.000000000 0.000000000
-0.236866936 -5.309250000
0.000000000 -0.000000000
0.044143710 0.000000000
0.000000000 -0.000000000
0.000000000 -0.000000000
0.000000000 -0.000000000
0.230943468 0.000000000
0.000000000 0.000000000
-0.000000000 0.000000000
0.000000000 -0.211343750
0.000000000 -0.000000000
0.000000000 -0.000000000
0.104435806 0.000000000
0.000000000 0.000000000
-0.014526368 -0.283593750
0.000000000 -0.000000000
0.000000000 0.000000000
0.000000000 0.000000000
0.000000000 0.000000000
0.000000000 0.000000000
0.000000000 -1.000000000
0.000000000 6.000000000
0.000000000 0.000000000
0.000000000 -0.211343750
0.022071855 3.422687500
0.000000000 1.211343750
0.000000000 0.000000000
-0.164727903 0.000000000
-0.144278067 -1.984468750
-0.604542984 0.000000000
0.000000000 0.000000000
0.522179032 0.000000000
-0.208871613 0.000000000
0.483958791 0.000000000
0.000000000 -0.000000000
-0.016148387 -1.845375000
0.455963467 0.000000000
0.000000000 -1.886562500
-0.104435806 0.000000000
0.000000000 0.000000000
0.000000000 -0.000000000
-0.004301450 -1.747468750
-0.000000000 0.000000000
-0.022071855 0.000000000
-0.104435806 0.000000000
-0.522179032 0.000000000
0.000000000 0.845375000
0.186799758 0.000000000
0.000000000 -1.788656250
-0.022071855 -0.000000000
0.000000000 1.520593750
-0.022071855 0.000000000
0.000000000 0.000000000
0.021014442 1.221468750
0.000000000 0.000000000
0.000000000 -0.000000000
-0.185177739 -1.226875000
-0.164727903 -0.000000000
-0.066215565 -0.000000000
0.060292097 0.000000000
0.522179032 0.000000000
-0.022071855 -0.577312500
0.829562983 0.000000000
0.000000000 -0.000000000
0.010224918 2.902093750
0.000000000 1.211343750
0.000000000 0.000000000
0.313307419 0.000000000
0.000000000 0.000000000
0.000000000 0.000000000
0.000000000 -0.000000000
0.000000000 0.000000000
0.000000000 0.000000000
-0.000000000 0.000000000
0.120584193 0.000000000
0.000000000 0.211343750
-0.029617342 -0.561781250
-0.000000000 -1.000000000
0.000000000 0.000000000
0.000000000 1.000000000
0.000000000 0.000000000
0.000000000 -0.000000000
0.000000000 0.000000000
0.022071855 5.634031250
-0.022071855 0.000000000
-0.000000000 0.000000000
0.000000000 0.000000000
0.291235564 0.000000000
0.000000000 0.000000000
0.273465159 1.015531250
-0.000000000 0.000000000
0.357451129 0.000000000
0.000000000 0.000000000
0.039842260 0.407156250
0.000000000 0.000000000
0.000000000 0.000000000
0.000000000 0.000000000
0.000000000 -0.000000000
-0.422044676 0.000000000
0.000000000 -0.000000000
0.000000000 0.000000000
-0.038220242 -0.422687500
0.000000000 1.056718750
-0.021014442 -1.798781250
0.000000000 1.154625000
-0.065158152 -0.164750000
-0.022071855 -0.000000000
-0.060292097 -0.634031250
0.000000000 -0.000000000
0.013468955 0.871031250
-0.522179032 0.000000000
0.104435806 0.000000000
0.000000000 0.000000000
0.000000000 0.000000000
-0.076440483 -0.268062500
0.000000000 0.000000000
-0.104435806 0.000000000
0.000000000 -0.000000000
0.022071855 0.577312500
0.126507661 4.211343750
0.000000000 -0.788656250
0.010224918 0.479406250
0.000000000 -0.422687500
-0.104435806 0.000000000
0.000000000 -0.211343750
0.000000000 -0.000000000
-0.076440483 -0.056718750
0.000000000 0.000000000
-0.000000000 -0.211343750
-0.022071855 -0.000000000
0.202948144 3.211343750
-0.017770405 -1.984468750
0.000000000 0.000000000
0.172273390 1.041187500
0.000000000 0.000000000
0.122206212 0.407156250
0.000000000 0.211343750
0.000000000 0.000000000
-0.000000000 -0.520593750
0.000000000 -0.000000000
0.000000000 0.000000000
0.604542984 0.000000000
-0.082363951 -0.000000000
0.000000000 -0.577312500
0.000000000 0.000000000
-0.060292097 -0.211343750
-0.013468955 -0.659687500
-0.022071855 -0.000000000
0.000000000 0.000000000
-0.164727903 -0.000000000
-0.164727903 0.000000000
0.000000000 0.000000000
-0.000000000 0.000000000
0.044143710 3.365968750
0.000000000 -0.211343750
-0.357451129 -1.365968750
0.000000000 -4.000000000
0.000000000 0.000000000
0.000000000 -0.000000000
0.000000000 -0.422687500
0.000000000 0.000000000
0.000000000 -0.788656250
0.000000000 0.000000000
0.000000000 -0.000000000
0.022071855 0.000000000
-0.164727903 -0.000000000
-0.032296773 0.000000000
0.000000000 2.000000000
0.000000000 0.000000000
0.000000000 0.000000000
-0.104435806 0.000000000
0.000000000 0.000000000
0.000000000 0.788656250
0.000000000 0.000000000
-0.120584193 0.000000000
0.000000000 1.211343750
0.000000000 0.788656250
0.247091854 0.000000000
0.000000000 0.788656250
0.000000000 0.000000000
0.000000000 -0.000000000
0.000000000 0.000000000
0.000000000 0.000000000
-0.077005089 -2.262656250
0.000000000 -2.577312500
0.000000000 0.000000000
-0.158804435 -0.268062500
0.000000000 -0.000000000
0.016148387 0.845375000
0.000000000 0.000000000
0.010224918 0.536125000
0.000000000 -0.000000000
0.000000000 0.000000000
0.731050645 0.000000000
0.014526368 0.283593750
0.000000000 1.577312500
0.000000000 0.422687500
0.636839757 2.634031250
0.000000000 -0.000000000
0.000000000 -0.000000000
0.345604192 0.056718750
-0.313307419 0.000000000
0.000000000 0.000000000
0.000000000 0.000000000
0.000000000 0.000000000
0.000000000 -0.788656250
0.000000000 -0.422687500
0.038220242 0.000000000
0.000000000 0.000000000
0.000000000 0.000000000
0.000000000 -0.000000000
0.000000000 0.788656250
0.022071855 0.365968750
-0.198646695 -1.309250000
0.000000000 -0.000000000
-0.000000000 0.000000000
0.000000000 0.000000000
-0.164727903 0.000000000
-0.021014442 -0.798781250
-0.311685401 -3.015531250
0.000000000 -0.000000000
0.202948144 0.000000000
0.000000000 -0.000000000
0.000000000 -0.211343750
0.000000000 0.000000000
0.000000000 0.000000000
0.016148387 0.000000000
0.000000000 0.000000000
0.576547660 0.000000000
0.000000000 0.154625000
0.000000000 -0.422687500
0.360695167 1.700875000
0.000000000 0.000000000
0.000000000 0.000000000
0.000000000 -0.000000000
0.000000000 -0.000000000
0.000000000 -0.000000000
0.000000000 -0.211343750
0.000000000 -0.000000000
0.000000000 1.365968750
0.000000000 -0.000000000
0.025315892 3.123562500
0.060292097 0.000000000
-0.008602900 -0.494937500
-0.000000000 0.000000000
0.000000000 0.000000000
0.000000000 -0.845375000
0.000000000 2.154625000
0.291235564 0.000000000
0.000000000 0.000000000
0.000000000 1.731937500
0.000000000 0.788656250
0.000000000 0.211343750
0.000000000 0.000000000
0.000000000 -0.000000000
0.000000000 -0.211343750
0.000000000 0.000000000
0.000000000 0.000000000
0.000000000 -1.000000000
-0.011846937 -2.097906250
0.000000000 -0.000000000
0.000000000 -0.000000000
0.000000000 -0.788656250
0.000000000 3.154625000
-0.000000000 0.000000000
0.060292097 9.422687500
0.038220242 0.422687500
0.000000000 0.000000000
-0.022071855 -0.000000000
0.000000000 0.000000000
0.000000000 0.000000000
0.000000000 0.788656250
0.000000000 -0.000000000
0.000000000 0.211343750
0.151258948 1.917625000
0.000000000 -0.000000000
0.000000000 0.000000000
0.000000000 0.000000000
0.000000000 1.000000000
0.000000000 1.000000000
0.000000000 -0.000000000
0.357451129 5.577312500
0.000000000 -0.000000000
0.015090974 0.066843750
0.000000000 0.000000000
-0.016148387 0.000000000
0.000000000 -0.211343750
0.192723226 0.000000000
0.000000000 -0.788656250
0.335379274 0.000000000
0.132431130 0.000000000
0.000000000 -0.000000000
0.000000000 0.000000000
0.433891612 0.000000000
0.000000000 0.000000000
0.000000000 0.634031250
0.000000000 0.000000000
0.000000000 0.000000000
0.000000000 0.000000000
0.000000000 0.000000000
0.000000000 -0.000000000
0.088287420 0.000000000
0.000000000 -0.000000000
0.000000000 0.000000000
0.000000000 -1.943281250
-0.275087178 0.000000000
0.136732580 2.056718750
0.262182828 3.700875000
0.000000000 0.000000000
0.000000000 0.000000000
0.000000000 -1.268062500
0.000000000 -0.000000000
-0.192723226 0.000000000
-0.004301450 -0.860906250
-0.104435806 0.000000000
0.373599516 0.000000000
0.185177739 1.226875000
0.104435806 0.000000000
0.000000000 -0.000000000
-0.094775494 -1.092500000
0.000000000 0.000000000
-0.066215565 -0.000000000
-0.180876290 -0.000000000
0.000000000 -0.000000000
-0.060292097 0.000000000
-0.066215565 -0.000000000
-0.000000000 0.000000000
0.000000000 0.788656250
0.000000000 -0.422687500
0.430647575 0.397031250
0.000000000 -2.000000000
-0.576547660 0.000000000
0.000000000 0.000000000
0.000000000 0.000000000
0.000000000 -0.000000000
-0.022071855 0.000000000
-0.230943468 0.000000000
0.022071855 0.000000000
0.000000000 0.000000000
0.000000000 0.000000000
0.000000000 2.211343750
-0.142656048 0.000000000
-0.082363951 -0.000000000
0.000000000 0.000000000
0.000000000 -0.000000000
0.000000000 -0.000000000
0.000000000 0.788656250
0.000000000 1.577312500
0.000000000 -0.000000000
-0.092588870 -0.324781250
0.000000000 1.577312500
-0.522179032 0.000000000
0.000000000 -0.000000000
0.000000000 3.000000000
0.000000000 4.422687500
0.000000000 0.000000000
0.104435806 0.000000000
0.000000000 0.000000000
0.000000000 0.000000000
0.000000000 0.000000000
0.000000000 0.211343750
0.000000000 0.000000000
0.100627163 0.247812500
0.104435806 0.000000000
-0.022071855 -0.000000000
0.000000000 -0.000000000
0.000000000 -0.000000000
0.000000000 0.000000000
0.439815081 0.000000000
-0.014526368 -0.072250000
0.066215565 0.000000000
0.000000000 0.000000000
0.000000000 1.000000000
0.000000000 0.000000000
-0.000000000 -1.000000000
0.022071855 0.365968750
0.000000000 -0.000000000
-0.000000000 0.000000000
0.291235564 0.000000000
0.000000000 0.000000000
0.000000000 0.000000000
0.000000000 0.577312500
0.000000000 4.000000000
0.055990647 0.252531250
-0.022071855 0.000000000
0.313307419 0.000000000
0.000000000 0.000000000
0.000000000 0.000000000
0.000000000 0.000000000
-0.291235564 -0.000000000
0.081234739 3.010812500
0.000000000 -0.788656250
0.000000000 0.000000000
0.000000000 0.000000000
0.000000000 -0.000000000
-0.038220242 -1.211343750
0.082363951 0.000000000
0.000000000 -0.000000000
0.000000000 -0.788656250
0.000000000 0.000000000
0.000000000 0.788656250
0.911926935 0.000000000
-0.044143710 0.000000000
0.000000000 4.309250000
0.000000000 0.000000000
-0.044143710 0.000000000
0.000000000 -1.788656250
-0.043014498 -3.222156250
-0.000000000 0.000000000
0.070517015 1.324781250
0.000000000 0.000000000
-0.142656048 0.000000000
0.000000000 0.000000000
-0.323532338 0.000000000
0.022071855 0.000000000
-0.478035322 0.000000000
-0.044143710 -0.000000000
0.000000000 0.000000000
0.000000000 0.000000000
-0.118962174 -0.747468750
-0.022071855 0.000000000
-0.253015323 -0.000000000
0.000000000 -0.000000000
-0.022071855 0.000000000
-0.104435806 0.000000000
0.000000000 -0.000000000
-0.620691370 -0.000000000
0.000000000 -0.000000000
0.000000000 -0.000000000
0.000000000 0.000000000
0.038220242 0.000000000
0.000000000 -0.000000000
-0.082363951 0.000000000
0.000000000 -0.000000000
0.000000000 0.000000000
0.010224918 0.113437500
0.000000000 0.000000000
0.208871613 0.000000000
0.146957498 5.592843750
-0.126507661 0.000000000
0.000000000 -0.000000000
0.023693874 1.984468750
0.000000000 0.000000000
0.000000000 0.000000000
0.000000000 0.000000000
-0.032296773 -0.902093750
0.082363951 0.000000000
0.126507661 0.000000000
0.383824434 0.268062500
0.000000000 0.000000000
0.000000000 0.000000000
0.000000000 0.000000000
-0.038220242 -0.000000000
-0.235244918 -3.592843750
0.000000000 -1.365968750
-0.022071855 -0.000000000
-0.000000000 -0.788656250
0.000000000 0.000000000
0.000000000 0.000000000
0.000000000 0.000000000
0.000000000 -0.000000000
0.000000000 0.000000000
0.027995323 0.097906250
-0.060292097 0.000000000
-0.015090974 -0.855500000
0.000000000 -4.000000000
0.307383951 0.000000000
0.022071855 0.577312500
-0.032296773 -2.479406250
0.011846937 4.097906250
-0.010224918 -2.577312500
0.044143710 0.000000000
0.010224918 0.479406250
0.000000000 0.000000000
-0.731050645 0.000000000
0.000000000 -0.000000000
0.000000000 -0.000000000
0.000000000 -0.000000000
-0.104435806 0.000000000
-0.022071855 0.000000000
0.285312096 2.268062500
0.000000000 0.211343750
0.000000000 0.000000000
0.000000000 1.000000000
-0.225019999 -0.211343750
0.000000000 0.000000000
0.044143710 0.000000000
0.164727903 0.000000000
0.104435806 0.000000000
0.000000000 0.000000000
0.000000000 0.000000000
0.000000000 -0.211343750
0.000000000 -1.000000000
0.000000000 0.000000000
0.000000000 -1.000000000
0.000000000 0.000000000
0.011846937 2.886562500
0.000000000 0.000000000
0.000000000 -0.000000000
0.000000000 0.000000000
0.000000000 0.000000000
0.000000000 0.000000000
0.000000000 0.000000000
0.000000000 -0.788656250
0.000000000 0.000000000
0.000000000 0.000000000
0.023693874 2.618500000
0.000000000 0.000000000
0.000000000 4.000000000
0.000000000 0.000000000
0.044143710 0.000000000
0.000000000 0.000000000
0.000000000 0.000000000
0.000000000 0.000000000
0.323532338 0.000000000
0.000000000 0.000000000
0.000000000 1.788656250
0.038220242 0.211343750
0.000000000 0.000000000
0.164727903 0.000000000
0.060292097 0.211343750
-0.282068059 -3.185687500
0.000000000 0.211343750
0.010224918 3.479406250
0.000000000 -0.000000000
0.000000000 0.000000000
0.000000000 -1.000000000
-0.000000000 0.000000000
0.000000000 -0.000000000
0.247091854 0.000000000
-0.071081621 -0.896687500
0.000000000 -0.000000000
-0.000000000 0.000000000
-0.020449836 -1.226875000
-0.082363951 0.000000000
0.000000000 -0.000000000
0.939922258 0.000000000
0.000000000 0.000000000
0.208871613 4.154625000
0.000000000 0.000000000
0.000000000 0.000000000
0.000000000 -0.211343750
0.357451129 0.000000000
0.000000000 0.788656250
0.000000000 0.000000000
-0.000000000 0.000000000
0.000000000 0.000000000
0.000000000 0.000000000
0.000000000 0.000000000
0.000000000 -0.211343750
0.000000000 0.000000000
-0.022071855 -3.097906250
0.000000000 -1.943281250
-0.088287420 -0.000000000
0.000000000 -0.000000000
0.000000000 -0.000000000
0.000000000 -0.000000000
0.022071855 0.000000000
0.000000000 0.000000000
-0.044143710 0.000000000
0.000000000 0.000000000
0.100134357 0.252531250
0.000000000 0.000000000
0.000000000 -5.000000000
0.022071855 0.000000000
-0.004301450 -2.324781250
0.000000000 -2.577312500
0.000000000 -0.000000000
0.022071855 0.000000000
-0.126507661 -0.000000000
0.000000000 0.788656250
0.000000000 -0.000000000
-0.013468955 -2.082375000
-0.104435806 -0.000000000
0.061914115 0.407156250
-0.120584193 -0.268062500
-0.050067178 -0.886562500
0.000000000 0.000000000
0.291235564 0.000000000
-0.275087178 -0.000000000
0.431212181 0.814312500
0.178196858 2.237000000
-0.136732580 0.000000000
0.000000000 -0.788656250
0.000000000 0.000000000
-0.016712993 -1.839968750
0.000000000 -0.000000000
0.000000000 0.000000000
0.000000000 -0.000000000
0.000000000 -0.000000000
0.000000000 0.000000000
-0.126507661 -0.000000000
0.022071855 0.000000000
0.000000000 0.000000000
-0.070517015 -1.690750000
0.094775494 3.092500000
-0.253015323 -1.577312500
-0.186799758 0.000000000
0.419365244 4.927750000
0.000000000 0.000000000
0.000000000 0.788656250
0.000000000 -0.000000000
0.000000000 0.000000000
0.000000000 0.000000000
0.000000000 0.000000000
0.000000000 -0.000000000
-0.351527661 -0.056718750
0.000000000 0.000000000
0.000000000 0.000000000
-0.060292097 0.000000000
0.000000000 0.000000000
0.000000000 0.211343750
0.000000000 4.845375000
0.000000000 1.422687500
0.208871613 0.000000000
0.000000000 0.000000000
0.000000000 0.000000000
0.000000000 2.000000000
0.000000000 -1.000000000
0.000000000 1.211343750
0.000000000 -0.000000000
0.000000000 0.000000000
0.192723226 1.154625000
0.082363951 0.000000000
-0.032296773 -3.845375000
0.000000000 -0.000000000
0.016148387 0.000000000
0.000000000 0.788656250
0.000000000 0.000000000
0.016148387 0.268062500
-0.146957498 -0.381500000
0.000000000 -0.000000000
0.000000000 -0.788656250
0.120584193 5.634031250
-0.120584193 0.000000000
0.186799758 0.000000000
0.000000000 0.000000000
0.000000000 0.000000000
0.000000000 -0.000000000
0.000000000 -0.000000000
0.000000000 0.000000000
0.000000000 -1.000000000
-0.082363951 -0.000000000
-0.170651371 0.000000000
0.082363951 0.000000000
-0.022071855 -0.211343750
0.000000000 0.000000000
0.000000000 0.000000000
0.000000000 -1.788656250
0.000000000 0.000000000
0.000000000 -0.000000000
0.000000000 0.000000000
0.000000000 0.000000000
0.000000000 -0.000000000
0.000000000 0.000000000
0.383824434 2.422687500
0.211551044 0.917625000
0.000000000 0.000000000
0.000000000 -1.000000000
0.000000000 -0.000000000
-0.088287420 -0.577312500
0.000000000 0.000000000
0.000000000 -0.788656250
-0.038220242 0.000000000
-0.000000000 0.000000000
0.000000000 0.000000000
0.000000000 -0.000000000
0.000000000 0.000000000
0.048445160 2.324781250
0.028559929 1.937875000
0.000000000 -1.000000000
0.241168386 0.000000000
-0.000000000 0.000000000
-0.247091854 0.000000000
0.000000000 0.000000000
-0.082363951 -0.000000000
-0.022071855 0.000000000
0.522179032 0.000000000
0.000000000 0.788656250
0.000000000 0.422687500
0.000000000 0.000000000
0.000000000 -0.000000000
0.000000000 -0.000000000
0.022071855 0.000000000
0.000000000 0.000000000
0.373599516 0.000000000
0.000000000 -3.211343750
0.000000000 0.000000000
0.225019999 1.577312500
0.000000000 0.000000000
0.208871613 0.000000000
0.000000000 -0.000000000
0.000000000 6.365968750
-0.313307419 -0.000000000
0.000000000 -0.000000000
0.082363951 1.365968750
0.000000000 1.479406250
-0.022071855 0.000000000
0.000000000 -0.000000000
-0.022071855 -0.000000000
0.000000000 0.000000000
0.000000000 -2.731937500
0.102813788 0.592843750
-0.433891612 0.000000000
0.137297186 1.685343750
0.000000000 0.000000000
0.104435806 0.000000000
0.000000000 -0.000000000
-0.253015323 0.000000000
0.000000000 -0.000000000
0.016148387 0.422687500
0.010224918 0.902093750
-0.032296773 -0.845375000
0.000000000 0.000000000
0.004301450 1.690750000
0.000000000 0.000000000
0.004301450 0.381500000
0.000000000 0.000000000
0.126507661 0.000000000
0.000000000 0.000000000
0.021014442 1.798781250
-0.022071855 -0.211343750
-0.126507661 0.000000000
0.010224918 0.324781250
0.000000000 0.000000000
0.000000000 0.000000000
-0.522179032 -0.000000000
0.000000000 0.211343750
-0.066215565 -1.788656250
-0.417743226 0.000000000
-0.000000000 0.000000000
0.000000000 0.000000000
0.269163709 0.000000000
0.000000000 0.000000000
0.000000000 0.000000000
0.060292097 0.000000000
0.000000000 -0.788656250
0.000000000 0.154625000
-0.104435806 -0.000000000
0.000000000 -0.000000000
-0.170651371 0.000000000
0.000000000 -0.365968750
0.988367418 0.536125000
-0.230943468 -0.788656250
-0.082363951 -0.000000000
0.000000000 1.211343750
0.080741933 0.226875000
0.000000000 0.000000000
0.000000000 3.268062500
0.000000000 0.000000000
-0.022071855 -0.577312500
0.000000000 -2.000000000
0.000000000 0.000000000
-0.229321449 -2.226875000
-0.016148387 -0.056718750
0.000000000 -0.211343750
0.000000000 0.000000000
0.066215565 0.365968750
0.000000000 -0.211343750
-0.104435806 -0.000000000
0.104435806 0.000000000
-0.072139033 -0.886562500
-0.000000000 0.000000000
-0.104435806 -0.211343750
0.082363951 0.000000000
0.000000000 0.211343750
0.000000000 0.000000000
-0.108737256 -0.536125000
0.038220242 1.788656250
-0.417743226 0.000000000
-0.000000000 0.000000000
-0.117904762 -6.659687500
0.000000000 0.000000000
0.373599516 0.000000000
-0.411819757 -1.056718750
0.000000000 0.000000000
0.000000000 0.000000000
8.86041362591
