200 1538 6.3644500000 0.6763700000
3 130 7
67 74 1
15 104 8
107 129 2
15 32 2
44 145 5
8 44 5
2 39 10
46 126 9
51 195 1
27 109 8
147 177 3
36 44 2
36 170 8
6 112 3
156 160 1
155 193 9
19 181 3
113 199 4
57 136 7
89 103 2
166 195 1
99 104 8
29 198 6
52 158 7
114 130 3
150 164 2
20 79 1
8 105 1
40 123 4
6 106 7
77 194 8
6 72 2
90 112 2
23 187 6
69 71 1
27 112 4
76 91 1
5 37 10
72 191 7
35 188 9
70 124 5
44 180 7
45 152 3
51 52 1
99 112 8
55 186 3
15 156 5
136 197 5
103 134 5
110 192 5
119 126 1
131 132 3
129 180 4
17 144 3
106 160 3
28 46 8
46 66 1
112 138 4
4 33 4
2 43 2
141 171 1
58 172 5
130 146 5
64 178 2
73 148 1
100 145 3
85 86 7
70 135 9
58 65 9
90 114 5
31 43 1
51 103 9
100 110 6
20 145 9
11 179 4
4 11 9
59 74 1
19 48 5
76 181 1
59 113 1
29 50 8
88 150 4
55 190 1
92 199 6
120 152 1
29 40 6
57 166 4
82 189 2
37 63 10
149 165 7
106 111 7
182 199 2
71 132 3
192 193 4
60 155 3
74 113 3
113 134 9
42 97 4
74 130 9
134 139 5
66 133 2
9 120 9
59 96 4
106 200 8
7 114 4
23 66 10
68 98 9
61 175 2
75 191 2
30 76 8
34 95 7
13 25 3
99 199 2
110 155 10
73 165 2
70 76 10
113 146 10
13 78 3
71 114 2
5 10 7
62 178 3
2 98 6
143 186 1
48 123 5
50 165 10
130 197 8
89 159 1
11 133 4
23 99 8
11 112 8
12 55 3
23 160 3
86 141 10
130 172 7
33 96 2
144 198 1
87 123 4
110 145 5
90 156 8
32 158 8
69 136 9
112 132 4
113 187 4
103 126 8
17 177 2
16 163 7
114 132 8
14 34 2
58 136 10
105 181 2
101 119 1
13 44 3
44 64 7
41 48 1
72 169 4
77 101 6
46 57 2
62 107 4
7 61 4
34 147 5
53 155 8
26 118 2
66 140 10
175 185 6
33 197 10
177 188 4
58 82 1
78 118 1
38 142 1
9 126 7
53 170 10
32 104 6
63 171 3
27 175 1
90 187 7
85 198 5
59 179 10
103 173 4
66 96 6
8 181 4
46 116 2
47 157 3
10 188 7
1 170 4
37 98 3
19 41 8
51 112 7
98 137 2
142 193 1
16 44 2
64 100 7
99 166 4
109 199 5
141 147 6
32 153 8
97 188 2
87 188 2
57 158 3
108 187 4
48 151 9
108 119 10
30 53 9
49 149 2
22 29 10
116 132 7
72 200 10
132 138 9
72 183 1
89 140 5
18 151 6
61 173 2
117 138 8
11 140 4
65 111 5
47 111 1
28 199 8
117 132 2
121 131 5
34 68 10
119 130 3
119 132 1
3 121 3
65 159 9
29 84 6
62 70 2
25 170 5
9 23 1
108 191 8
59 65 7
57 67 5
82 119 7
30 163 10
117 160 4
8 135 5
30 145 8
54 127 1
136 199 2
165 177 6
45 108 5
74 127 4
114 173 6
58 140 5
120 158 3
112 197 9
163 178 9
5 19 10
70 193 3
36 193 7
36 118 5
11 160 10
101 161 6
61 187 1
36 115 8
99 126 4
62 135 1
67 69 4
95 143 4
84 125 7
15 172 4
47 127 4
61 126 7
87 141 2
69 157 10
41 63 3
33 81 10
119 133 3
14 143 1
19 86 8
63 122 8
2 85 7
20 107 4
58 166 3
10 50 9
35 123 10
23 90 1
69 166 10
86 102 8
54 61 9
44 129 4
60 118 3
15 153 5
12 42 5
51 69 8
57 89 5
2 137 3
12 122 1
69 130 8
85 95 3
187 189 3
32 72 1
19 68 1
78 194 8
75 175 6
88 178 10
70 115 4
104 191 1
80 179 6
14 87 5
85 102 3
31 35 4
94 130 1
39 144 2
81 116 5
23 28 5
92 156 7
65 94 8
78 161 4
11 99 3
96 108 9
103 114 6
118 161 2
42 50 3
17 149 2
82 113 5
111 199 5
2 29 10
14 190 9
36 88 8
108 134 2
174 196 5
48 144 3
3 6 2
91 164 5
58 197 4
84 188 9
23 89 4
32 81 6
32 197 4
80 112 4
123 190 3
69 126 7
111 160 6
44 77 6
18 19 2
64 107 9
18 149 3
163 170 6
121 169 8
32 120 1
14 18 7
120 197 2
69 169 4
101 154 6
67 80 7
21 186 9
41 55 5
8 194 6
9 157 4
98 122 10
50 97 1
3 197 10
146 198 2
108 153 10
4 140 7
3 126 1
49 171 5
22 165 7
47 54 10
138 173 9
64 77 10
75 121 1
58 157 3
28 186 4
32 133 10
15 83 2
47 175 8
109 195 2
52 59 1
88 180 4
68 86 10
91 163 5
89 153 7
14 171 7
50 85 1
13 91 10
9 66 8
38 192 10
33 58 8
112 168 8
11 15 10
3 160 5
19 29 7
1 93 7
59 75 3
11 187 5
58 139 1
113 166 9
53 162 9
185 189 5
121 146 4
46 96 5
138 175 9
5 68 10
121 172 6
3 27 2
72 146 8
61 119 2
150 161 9
99 103 1
67 113 4
29 95 1
37 177 7
82 117 2
46 103 10
47 159 1
51 72 8
69 131 5
121 168 7
107 161 6
11 175 7
34 63 6
30 100 1
25 79 8
79 128 4
49 151 3
35 171 4
107 194 7
4 138 5
25 174 7
28 172 6
131 157 9
109 166 10
7 92 5
6 197 5
10 29 4
53 100 9
6 132 6
147 198 6
33 173 3
168 175 9
55 148 4
32 71 9
25 107 4
83 120 7
79 115 9
126 187 10
68 122 3
112 200 6
55 73 5
148 188 1
51 58 7
46 156 3
19 55 1
54 82 6
100 129 1
11 143 2
130 132 4
57 131 4
31 177 9
162 180 3
88 194 10
95 122 2
85 149 8
17 98 6
50 148 1
38 129 2
110 174 9
81 112 5
127 138 10
22 143 6
119 179 9
33 138 1
114 183 4
120 129 1
3 74 5
7 121 6
102 198 2
6 121 6
9 197 2
41 43 2
140 191 9
33 159 9
111 138 4
104 136 7
66 71 4
54 160 7
83 199 9
126 195 10
58 113 2
135 184 4
51 81 2
170 180 7
51 80 3
40 148 7
21 73 6
39 151 8
22 54 3
47 109 5
109 183 2
5 98 6
130 152 1
111 113 3
109 131 6
32 146 1
52 200 10
6 173 6
27 65 9
129 154 5
88 167 7
135 150 1
41 171 4
40 184 9
66 191 5
158 189 9
99 200 3
108 136 4
137 198 3
14 85 3
153 195 4
85 147 3
96 104 8
99 187 7
8 93 3
39 141 1
5 151 6
166 199 2
163 194 9
86 97 1
90 116 7
80 152 6
124 150 7
15 182 8
51 136 3
54 183 8
3 175 4
39 143 5
57 96 10
170 176 4
7 173 7
21 29 9
20 105 2
5 143 9
90 94 5
138 172 2
77 88 3
46 152 2
120 200 3
61 158 9
51 134 3
10 40 9
87 149 9
50 68 4
71 189 9
116 133 9
116 139 8
172 183 6
133 136 5
130 159 4
132 191 9
54 159 10
8 25 1
144 177 3
144 147 6
61 189 6
77 178 8
33 66 7
41 184 1
57 126 8
41 186 10
66 168 9
6 133 5
122 165 5
110 164 3
157 189 4
47 108 1
135 170 4
73 198 1
3 66 7
172 197 8
15 96 10
90 139 1
5 86 1
109 158 10
32 132 7
45 169 4
79 194 1
32 130 3
58 200 4
27 182 9
124 194 9
54 169 9
85 122 5
4 121 4
43 84 6
9 45 8
160 199 5
116 130 1
89 152 3
149 171 4
37 148 3
2 95 6
109 156 10
15 183 1
69 113 8
3 183 3
71 108 8
7 57 9
7 166 3
114 175 4
113 169 3
64 174 8
29 52 2
2 17 4
56 110 5
30 124 9
34 171 8
82 99 5
130 185 8
145 176 6
31 98 6
129 164 8
31 85 4
93 145 5
114 182 6
53 101 2
148 190 3
64 181 8
14 41 8
57 113 6
56 196 8
6 131 10
108 127 10
45 65 6
23 106 3
107 176 5
53 88 5
131 158 1
23 130 9
67 185 10
128 145 5
121 179 6
157 158 2
32 134 4
12 147 7
130 157 9
79 193 7
30 101 2
65 152 4
11 67 2
31 73 9
72 127 7
117 146 6
64 200 1
91 145 2
91 167 7
94 108 10
43 137 1
128 192 10
133 183 8
140 175 1
2 148 10
18 123 10
59 111 10
60 192 4
10 137 2
136 187 2
28 138 9
155 176 10
25 192 2
30 155 4
99 182 2
71 94 5
24 174 8
157 195 3
120 146 8
103 187 8
45 114 9
66 83 1
37 190 7
74 169 10
49 87 1
83 106 6
178 181 7
3 173 8
8 110 6
27 195 10
101 192 10
167 193 1
52 134 6
91 129 6
75 138 10
10 22 9
96 132 5
170 194 4
3 89 10
19 147 5
27 74 1
123 143 6
54 57 3
26 161 2
73 184 9
169 179 9
113 131 4
131 183 2
30 77 3
51 160 1
116 189 6
54 120 10
93 105 10
32 189 2
83 99 7
166 172 9
155 196 5
72 75 10
80 197 10
109 126 9
45 58 2
83 131 10
179 199 1
9 199 1
70 129 1
119 199 7
66 72 2
76 115 9
146 158 7
89 104 3
176 192 10
181 193 10
81 159 3
46 179 9
128 170 10
30 174 2
80 111 3
141 198 1
41 144 4
156 179 1
23 69 6
93 176 9
4 7 9
2 177 8
57 157 5
49 97 3
32 108 10
114 140 9
1 53 5
41 122 4
23 166 9
96 183 7
67 146 9
44 128 3
23 114 6
70 194 2
89 90 2
4 173 8
46 69 10
38 193 4
94 99 7
13 38 1
110 180 3
105 110 4
113 182 1
134 160 10
46 172 9
104 146 7
97 122 5
9 83 10
89 199 1
157 182 6
4 127 6
152 166 8
44 150 6
32 131 8
46 136 9
68 188 3
80 106 2
26 176 7
132 169 7
6 127 4
74 156 1
115 135 2
133 158 6
145 180 9
81 174 2
104 172 6
90 113 5
166 191 10
75 133 2
119 191 7
173 185 5
18 21 1
127 160 4
26 100 4
107 167 1
64 167 3
55 123 8
53 167 6
28 136 10
27 54 5
80 160 6
37 165 2
127 158 5
40 102 5
108 157 3
116 179 1
159 199 8
45 139 7
24 161 2
68 151 1
184 190 6
12 144 9
62 161 7
9 187 3
19 43 1
9 183 2
90 133 1
2 35 8
7 126 7
14 17 6
41 148 8
60 76 1
29 35 5
102 143 8
17 143 10
108 160 6
56 94 2
140 151 2
63 86 10
54 140 10
45 157 2
45 166 2
29 63 10
27 81 4
49 143 3
17 63 1
154 161 5
84 85 10
152 179 5
24 75 5
2 184 2
3 157 2
30 129 6
124 170 2
14 97 6
67 183 3
46 146 7
4 191 10
63 186 5
26 194 7
131 138 7
48 148 4
23 72 5
33 179 6
89 146 2
81 126 3
46 52 8
26 164 4
26 78 2
67 158 6
167 176 5
19 98 3
48 85 8
102 151 5
45 103 2
19 144 2
130 195 6
167 194 7
38 62 9
64 101 7
15 169 7
39 49 5
46 130 3
109 112 4
114 169 4
40 141 4
75 119 3
124 178 7
6 61 3
39 63 2
57 139 1
62 124 6
98 147 7
158 185 7
82 103 4
59 69 1
27 132 8
162 164 3
109 121 3
18 84 1
3 114 5
2 31 4
18 43 7
103 138 2
50 198 2
32 127 1
153 157 8
146 168 6
52 168 3
30 167 1
136 175 4
175 179 1
148 151 10
10 98 10
132 182 1
51 156 5
58 132 10
35 55 1
72 158 3
111 132 6
32 94 4
141 188 4
15 175 9
89 139 9
31 49 3
83 146 6
94 116 5
43 73 2
101 196 9
3 138 5
3 7 9
28 83 3
74 134 1
66 157 7
108 182 3
99 183 8
37 144 8
136 173 6
185 197 2
90 179 4
75 83 5
45 199 2
61 183 2
1 62 10
115 145 1
3 177 1
68 144 10
29 184 10
186 190 6
126 153 8
3 58 10
172 199 9
88 101 6
107 142 3
142 192 1
81 134 8
118 193 8
56 76 10
170 196 3
34 198 9
8 193 2
39 148 2
6 139 4
193 194 7
46 119 1
38 93 6
35 86 3
47 51 8
141 143 7
128 131 1
57 82 9
24 105 6
112 156 6
25 44 3
85 151 2
52 172 2
2 22 7
92 138 7
131 152 3
63 144 3
64 162 10
131 197 10
16 26 5
128 162 1
166 179 8
22 198 2
53 62 8
6 33 8
56 155 7
71 195 4
171 198 4
16 150 3
46 61 9
46 187 10
52 61 4
29 37 1
7 94 7
32 57 8
54 71 10
168 169 5
125 177 2
111 172 2
58 121 4
154 180 6
94 121 4
93 165 4
70 78 1
70 118 10
53 128 4
184 186 7
72 120 9
132 139 10
60 78 7
61 109 1
160 172 10
57 80 4
16 65 5
28 112 10
100 170 2
137 148 4
126 152 9
79 163 1
15 33 6
31 102 1
56 78 5
59 112 6
101 194 6
62 77 1
148 165 4
76 110 8
182 187 7
8 170 10
134 175 1
13 76 3
15 200 7
43 50 8
9 74 8
75 116 3
9 179 2
56 105 1
47 119 7
80 191 4
67 83 1
94 131 3
146 160 2
9 99 9
188 190 9
134 179 9
72 153 10
131 134 4
105 162 7
63 137 2
169 172 9
15 168 3
62 196 3
2 144 2
68 171 4
83 156 8
18 188 9
41 84 6
154 196 7
137 188 4
82 94 1
113 126 10
5 122 6
96 109 9
18 143 1
22 50 8
42 149 10
116 172 5
43 87 7
14 165 9
12 29 10
3 11 8
6 160 9
98 184 8
24 167 5
164 180 1
47 199 2
60 70 1
82 109 10
1 20 2
74 179 7
35 95 10
8 162 10
96 175 2
67 138 1
123 151 4
41 68 8
38 176 9
10 68 6
40 188 4
41 141 9
57 106 8
8 13 9
16 107 6
132 172 9
1 164 6
24 101 4
58 119 2
108 131 5
71 120 8
126 139 3
39 123 4
103 111 7
10 31 8
43 114 4
16 196 5
111 119 9
97 177 4
143 177 10
7 59 1
119 136 5
51 57 3
78 90 2
90 200 3
83 139 6
61 104 1
71 153 1
7 146 9
1 180 3
76 194 10
61 81 8
133 157 3
75 168 10
65 104 4
3 104 7
153 169 7
35 177 10
2 97 10
4 169 9
46 112 3
26 36 8
168 172 6
41 86 6
94 136 10
93 174 8
47 75 7
135 145 7
111 189 8
167 170 1
81 168 4
146 179 1
48 147 1
169 182 6
130 158 8
153 191 4
26 60 5
37 43 10
167 192 4
51 199 10
25 135 6
49 186 4
119 183 8
51 61 1
77 128 5
52 153 7
139 159 4
111 127 1
121 197 3
81 94 6
16 129 9
37 171 5
7 117 5
28 140 3
11 146 9
28 166 2
103 172 5
25 164 6
180 181 4
89 173 1
61 69 10
29 125 2
26 53 6
19 31 2
54 66 2
99 179 3
93 107 7
138 166 4
153 175 3
107 145 9
11 103 10
34 98 3
5 41 1
92 185 1
115 170 4
100 135 8
106 172 2
105 167 10
43 125 1
103 183 6
59 104 4
35 186 5
42 186 1
131 153 7
57 197 7
71 103 8
74 172 9
108 185 9
71 173 8
25 36 10
164 193 10
142 164 3
94 126 10
106 173 6
9 46 5
16 118 4
78 129 4
75 113 7
24 164 1
15 189 3
19 151 4
92 153 9
17 102 6
10 49 6
147 188 5
34 97 8
94 169 7
156 189 9
13 93 8
155 162 1
99 134 3
33 132 2
51 90 5
57 150 4
45 158 9
27 140 1
169 187 9
14 144 1
73 149 4
104 175 10
14 86 6
7 136 1
163 176 2
2 42 9
48 73 2
178 180 3
93 161 7
80 89 3
69 191 5
18 171 5
9 32 8
78 193 4
51 173 3
137 177 8
119 152 2
115 118 10
81 120 1
58 106 10
16 181 1
6 179 7
59 83 2
44 167 2
79 164 9
70 164 2
20 176 5
50 184 3
118 170 4
40 95 2
26 88 4
177 190 2
125 149 7
52 133 7
119 139 4
91 194 1
67 172 4
72 81 1
140 195 10
46 132 4
62 154 10
57 179 4
5 137 1
126 185 2
43 97 9
138 185 1
93 124 1
125 165 6
137 144 1
64 115 4
76 118 10
10 18 5
7 46 7
135 178 1
111 168 8
152 185 10
3 195 3
12 141 1
45 133 1
20 180 6
15 127 5
36 183 2
81 83 6
19 87 2
67 82 9
2 63 4
52 114 3
14 98 4
188 199 2
72 166 8
61 94 9
48 84 3
66 94 2
89 127 1
103 140 3
109 139 10
86 87 5
136 200 4
41 143 1
15 27 7
112 189 6
53 174 5
45 132 5
23 139 6
30 60 3
63 198 1
92 113 6
66 160 9
106 109 1
35 73 5
57 159 4
55 198 10
37 186 8
5 18 8
21 198 7
66 75 5
44 78 9
54 114 3
121 160 2
112 140 8
114 199 8
30 88 2
68 87 9
42 43 9
113 138 10
50 84 6
7 104 2
141 184 10
40 68 5
35 43 10
47 126 2
57 102 1
6 80 6
75 90 3
119 120 6
26 77 5
26 56 1
83 185 3
63 149 5
81 90 7
7 32 10
63 188 6
62 105 3
61 89 4
88 124 10
5 48 10
77 176 8
42 84 3
6 65 4
8 107 7
95 148 3
99 117 6
33 127 3
142 178 10
112 179 10
123 171 8
27 114 7
132 195 4
187 195 8
121 127 1
83 114 4
20 93 1
61 72 5
170 193 5
30 181 8
131 172 2
165 184 6
48 141 1
141 148 2
38 91 8
67 106 3
159 179 7
69 92 4
71 92 9
82 121 1
33 83 1
78 128 1
104 185 2
46 117 5
160 197 5
42 123 8
113 185 5
87 125 1
108 200 2
7 103 2
50 188 4
7 83 6
8 176 3
54 108 5
1 107 1
102 188 6
177 179 4
66 173 9
11 139 3
47 185 8
63 84 1
62 181 9
104 134 8
175 199 6
39 102 7
8 26 4
85 177 8
1 135 4
57 109 1
65 99 7
39 165 3
9 33 10
47 81 7
36 161 7
58 83 2
99 121 4
57 117 4
20 56 3
123 198 4
3 159 9
16 36 9
8 142 8
20 128 4
65 114 1
20 36 2
91 155 4
70 108 5
153 156 2
164 167 10
127 134 6
68 165 3
167 196 7
33 74 8
103 197 1
114 191 8
28 33 5
33 165 4
32 152 1
71 90 9
5 190 8
130 140 10
108 133 3
45 197 8
18 87 4
1 88 4
57 185 10
61 200 5
99 106 3
34 49 2
133 185 4
32 199 1
102 144 6
104 169 8
67 169 1
23 199 6
130 138 2
78 110 3
37 95 1
143 165 7
45 153 7
112 139 4
63 97 10
61 136 7
55 68 10
107 192 2
132 156 8
134 136 2
43 122 4
114 116 2
91 118 3
85 186 8
91 124 3
12 18 8
74 159 5
102 123 7
111 114 4
68 73 6
25 53 1
46 58 3
46 111 6
130 200 10
3 4 8
19 34 4
52 116 2
46 65 8
127 197 6
119 131 8
56 60 5
148 198 10
90 166 10
123 165 4
160 187 4
29 148 8
113 120 3
1 36 6
135 181 5
21 85 1
131 139 2
73 84 1
45 74 10
103 131 2
76 176 1
92 108 10
69 133 9
107 181 6
25 155 3
3 189 5
38 60 9
52 175 3
117 200 3
49 98 5
51 159 9
42 95 10
157 199 3
54 75 7
130 183 5
27 104 6
98 186 6
128 164 1
92 152 4
115 178 9
34 188 2
58 134 7
15 90 8
33 172 5
51 54 5
107 198 2
66 92 8
83 169 2
127 133 10
92 179 1
55 143 5
27 153 10
54 131 7
44 88 7
187 200 7
29 171 3
4 152 3
14 29 4
57 152 6
74 89 6
172 182 5
58 91 4
69 156 8
76 154 3
108 152 3
118 181 3
60 62 4
24 77 2
9 69 10
15 52 10
64 196 1
45 185 4
71 80 8
88 100 5
