200 2558 7.3684900000 0.8680830000
53 167 5
70 114 2
41 177 1
96 177 9
183 198 7
18 186 5
30 43 7
16 61 8
106 152 4
71 159 2
78 145 4
13 194 3
49 191 9
45 80 5
132 184 8
81 194 1
19 133 8
43 165 4
163 166 7
95 147 5
22 109 10
47 145 8
57 174 2
42 103 9
114 161 3
77 133 3
90 198 4
44 152 4
33 79 10
51 116 2
43 186 10
62 89 7
44 47 6
16 86 9
122 131 1
73 106 8
95 127 7
13 72 10
143 146 9
133 144 3
54 123 7
147 183 6
58 122 6
50 167 5
8 47 3
51 152 4
10 13 6
181 191 7
77 89 7
64 165 9
42 86 6
111 137 5
5 146 1
45 161 9
69 176 10
47 164 4
116 119 2
77 118 2
46 181 7
83 93 4
1 12 6
57 113 9
19 186 6
154 167 10
79 115 3
71 99 4
34 180 4
8 25 2
27 104 4
94 161 5
86 199 10
32 170 3
53 199 3
143 188 6
3 16 10
21 83 6
98 159 6
20 73 5
182 200 8
35 192 2
111 187 8
9 147 6
108 136 5
147 179 6
67 145 6
165 193 4
53 111 1
21 162 6
55 94 10
21 53 1
27 65 6
106 168 7
53 110 3
169 178 5
69 175 3
164 171 1
71 190 8
75 103 6
34 196 6
12 101 8
73 102 9
97 169 10
150 162 7
135 196 3
69 134 6
13 34 6
108 134 5
67 120 9
50 113 1
59 135 6
57 180 10
53 190 7
57 74 3
43 106 6
85 131 4
14 68 5
121 166 8
174 175 9
101 178 7
4 54 7
106 120 8
34 93 1
68 109 9
7 104 9
118 168 9
27 190 6
82 180 1
71 74 6
3 105 5
18 23 3
19 106 7
184 188 8
91 151 9
50 196 5
51 142 9
1 101 4
58 157 10
30 186 7
92 148 2
11 68 10
12 145 9
57 139 4
167 196 4
86 88 6
45 153 4
125 144 6
21 32 4
80 188 3
56 114 7
68 186 4
146 184 6
82 199 9
123 193 10
26 165 9
130 177 5
118 141 2
5 55 8
173 199 10
109 120 10
57 189 4
3 150 9
71 183 5
136 174 10
144 168 4
93 189 7
131 193 10
34 155 9
65 166 9
139 197 9
46 133 9
118 169 1
7 197 1
150 197 8
101 161 10
54 188 10
76 177 3
121 189 4
58 118 6
92 138 8
93 147 3
4 85 5
48 194 1
20 161 2
47 77 2
27 117 4
9 189 8
80 128 8
29 127 6
101 191 10
39 175 7
75 86 7
52 136 9
42 172 4
5 22 4
1 62 8
107 150 6
18 141 8
143 171 3
150 155 7
59 110 8
63 67 7
12 144 9
60 123 6
57 105 4
67 146 4
109 161 7
104 124 1
10 129 1
17 21 5
118 156 7
138 200 9
3 10 1
6 162 9
2 4 7
11 114 4
147 174 9
58 70 9
72 179 3
49 130 10
51 192 4
15 48 6
118 171 6
118 146 7
14 30 7
127 187 9
78 122 9
43 156 1
101 126 6
24 119 5
135 155 6
37 101 3
20 112 4
17 179 1
64 68 1
9 50 9
10 134 2
39 52 3
29 124 7
102 184 1
97 193 1
5 178 2
10 127 1
127 183 10
121 139 1
53 135 10
77 114 5
56 146 8
60 157 10
11 76 3
169 177 6
12 28 1
27 172 4
134 197 4
42 59 4
23 102 1
24 30 8
90 200 5
33 115 2
120 177 8
84 90 10
17 163 5
24 168 4
149 184 5
134 180 8
128 143 5
28 63 1
146 188 6
162 180 10
1 192 8
63 64 1
87 148 1
118 125 7
102 151 1
15 33 10
94 123 7
7 50 4
58 97 3
20 85 10
124 158 3
84 160 3
137 150 2
156 186 6
123 171 1
167 198 2
30 130 2
26 144 9
37 119 5
15 179 8
43 45 2
45 96 6
26 112 6
142 165 2
91 152 8
86 108 9
145 192 7
14 77 9
17 134 1
22 177 3
11 177 6
42 124 3
19 181 9
52 121 10
54 80 5
162 199 8
40 136 7
14 171 5
20 126 6
9 162 5
11 18 9
75 87 8
13 190 1
127 163 4
6 61 5
12 112 7
19 62 8
11 126 4
99 174 10
48 50 2
141 191 10
8 67 3
27 34 10
107 135 9
33 110 2
118 177 2
97 144 6
106 184 4
67 76 8
65 194 3
118 122 8
34 124 4
37 132 9
123 143 1
108 200 1
62 169 10
94 96 10
43 177 10
116 144 2
69 190 2
42 173 1
42 111 1
39 111 7
29 31 10
114 151 1
152 157 1
66 194 5
109 192 5
28 177 6
7 10 1
23 91 5
24 64 3
47 184 10
31 53 1
50 92 1
72 194 9
7 167 8
106 186 4
7 16 2
110 176 10
20 97 3
23 144 7
88 190 10
108 162 7
22 43 9
3 138 8
89 141 8
6 105 2
72 174 3
181 193 7
114 146 2
72 92 4
49 151 1
7 108 3
69 113 6
81 174 2
57 173 1
9 176 5
116 186 7
16 79 5
31 104 4
21 84 8
13 198 1
61 65 7
110 137 6
19 177 1
12 44 3
159 197 9
22 157 5
15 40 4
4 132 10
19 122 1
18 119 5
165 186 3
51 80 3
43 91 1
88 124 8
73 142 10
29 198 10
48 99 5
72 150 3
75 160 9
85 130 10
36 48 2
3 48 4
81 84 6
52 53 6
62 91 1
61 162 2
57 154 8
39 40 5
26 168 3
14 24 7
69 124 2
74 160 10
84 134 2
2 85 3
7 57 6
39 190 8
99 115 7
17 198 7
40 69 9
29 52 9
27 107 7
85 123 7
80 94 10
110 127 8
14 94 4
15 129 1
26 116 3
35 157 2
88 179 1
91 126 3
30 144 10
60 67 6
70 116 10
8 145 2
84 198 9
72 84 9
43 100 6
8 106 6
85 168 10
10 88 5
54 91 8
62 188 5
137 189 7
23 76 2
51 168 7
43 49 1
8 46 10
30 112 5
71 150 7
1 5 9
41 164 8
25 56 1
157 186 3
63 130 2
100 120 5
136 179 4
44 54 5
15 21 5
55 80 7
44 164 8
6 175 8
113 148 7
128 186 2
136 197 4
107 189 7
28 143 6
1 118 2
50 197 1
80 156 5
72 99 4
58 73 10
28 112 10
64 188 2
87 110 1
29 182 7
112 157 3
111 174 9
138 172 10
34 129 4
96 122 4
80 91 1
20 96 4
3 110 6
44 145 8
65 200 7
45 125 1
52 61 6
176 197 1
138 154 6
29 69 9
102 169 5
95 172 6
21 189 5
48 180 9
42 115 5
141 165 6
87 190 8
138 196 2
163 176 6
5 144 8
23 106 5
122 192 8
36 138 3
27 83 9
33 135 3
88 95 5
78 125 10
163 179 7
134 187 7
59 93 9
23 141 4
31 173 5
44 67 6
64 102 7
38 180 1
40 190 10
175 180 2
86 139 9
86 98 4
69 110 10
46 80 7
178 188 8
1 11 1
179 189 10
38 198 8
25 145 2
28 152 1
50 190 9
37 67 1
25 44 9
9 59 2
49 54 2
69 166 4
54 171 10
68 132 4
167 174 10
93 172 6
143 156 1
2 14 2
8 30 2
33 160 2
31 86 10
78 169 6
124 199 1
27 86 4
153 164 2
40 48 4
101 120 9
68 142 7
80 101 8
12 94 6
25 91 1
103 187 5
49 122 5
24 76 10
74 182 9
62 145 3
99 148 5
73 77 5
2 62 5
12 177 1
19 169 6
70 125 5
55 78 4
33 87 9
40 84 1
56 96 8
43 55 6
109 130 6
159 166 4
119 164 2
12 169 3
117 174 10
61 197 1
154 197 7
115 121 2
5 78 8
26 78 2
57 90 2
21 140 5
101 181 8
35 51 7
113 172 2
4 165 2
34 166 8
16 172 5
117 140 3
70 131 10
89 177 7
23 133 5
24 125 10
113 183 1
63 89 3
35 142 7
3 79 6
30 142 2
87 88 7
6 7 8
109 126 3
126 169 4
45 130 7
119 130 3
4 47 1
40 92 8
166 196 6
47 177 10
141 186 6
51 94 2
117 200 6
140 172 6
66 95 10
14 109 9
79 166 5
48 79 1
32 134 1
91 186 7
188 191 2
11 63 5
158 174 10
8 152 4
32 61 7
76 80 5
74 105 5
121 190 9
126 144 7
6 160 2
20 37 8
148 198 10
61 72 3
13 170 9
9 148 4
68 146 7
141 178 1
42 110 2
1 37 10
141 142 2
75 173 10
30 100 2
42 66 6
9 107 3
25 85 7
80 193 2
60 94 5
22 55 9
28 73 9
168 181 2
80 118 5
119 128 8
61 82 9
61 185 5
27 93 9
1 171 8
34 154 10
39 115 4
77 178 2
60 125 10
98 180 9
57 137 3
30 128 8
81 121 1
138 173 6
70 161 1
94 152 5
91 96 7
41 130 3
54 169 10
3 57 8
48 166 2
5 58 6
79 121 2
40 176 8
5 63 4
112 143 3
60 186 9
31 66 8
85 125 8
24 181 2
22 143 3
50 176 2
44 128 8
9 98 10
62 132 1
9 175 9
136 198 5
34 148 4
52 175 9
5 157 6
39 159 10
58 77 4
4 70 3
42 158 5
8 118 1
70 101 2
22 126 6
56 116 10
157 191 10
121 160 7
86 113 6
18 63 9
17 137 6
77 120 3
16 21 1
62 119 5
91 118 1
168 192 7
48 159 5
112 161 5
115 135 4
10 135 9
1 55 3
77 109 7
104 183 9
48 127 2
166 176 10
143 152 1
31 174 4
19 97 5
4 123 4
13 167 3
15 36 10
85 144 6
46 145 3
97 114 4
88 163 6
112 114 3
35 153 4
59 199 9
14 122 3
5 23 10
52 95 10
62 171 9
57 83 5
129 175 9
54 164 10
79 117 5
127 179 10
53 155 5
4 80 5
11 131 10
98 163 10
18 131 7
174 194 6
185 189 6
25 132 6
107 163 1
37 91 5
42 92 8
49 168 9
69 129 5
11 184 6
164 193 2
148 180 9
90 103 2
100 118 3
73 164 4
1 35 5
90 108 5
5 80 7
20 101 1
107 166 4
6 99 3
62 96 2
117 170 4
167 199 1
120 181 2
120 171 8
147 180 4
105 194 2
15 113 8
35 47 2
115 182 5
22 132 8
112 123 5
161 181 8
11 37 6
21 48 4
59 92 4
73 149 3
34 137 10
137 148 7
18 116 10
138 160 8
66 170 3
14 102 3
52 117 4
112 149 5
74 190 2
8 70 7
144 145 3
104 170 7
168 184 10
36 79 8
47 168 1
152 191 10
88 127 2
175 198 2
32 71 5
39 98 7
88 159 9
70 178 2
53 198 2
34 87 7
115 124 10
4 142 1
84 127 7
102 178 5
84 124 9
9 179 3
38 69 9
67 141 8
44 96 3
69 140 7
119 126 6
11 73 5
36 179 8
100 171 10
58 181 7
170 175 7
47 128 6
7 66 8
88 136 4
23 78 2
86 104 8
42 84 10
19 51 3
40 115 4
42 183 4
141 188 9
11 192 5
11 132 6
90 147 1
113 180 1
81 135 4
113 198 8
2 45 3
124 154 6
17 103 3
98 138 7
56 77 2
87 124 1
136 180 3
30 49 6
56 142 7
24 165 2
46 114 3
29 39 10
59 187 7
141 157 9
48 170 9
103 176 3
29 137 1
36 75 8
3 6 10
75 140 10
53 170 6
27 98 8
66 113 4
109 157 8
81 147 4
118 151 6
42 155 8
187 197 10
165 191 8
108 175 8
149 161 2
105 111 3
60 181 6
74 154 8
138 158 7
114 122 5
182 187 6
1 45 7
173 197 4
8 132 1
54 85 2
79 174 6
58 119 9
48 113 10
106 112 1
74 107 1
3 42 2
176 194 3
43 193 7
110 196 3
7 88 1
76 191 7
111 185 7
22 45 4
100 102 3
5 193 3
16 183 3
150 154 2
84 104 3
109 188 4
19 171 9
46 112 3
173 183 2
119 131 8
109 131 10
55 188 10
34 71 4
18 145 1
1 153 7
10 95 6
98 150 4
98 137 4
5 161 6
88 92 7
20 54 7
89 181 8
27 75 2
35 193 2
125 142 9
155 174 5
140 154 6
117 195 9
71 176 3
37 186 7
21 150 6
130 169 1
90 159 3
13 48 8
176 198 6
35 177 3
87 194 6
63 193 1
17 66 3
69 147 2
94 145 8
9 200 9
175 182 8
161 193 4
44 80 9
88 172 5
45 102 8
10 150 4
7 136 6
115 170 8
103 167 3
36 57 1
9 135 7
32 95 7
52 190 9
144 165 7
97 168 10
22 114 6
86 163 10
138 140 7
134 195 1
48 138 1
33 163 7
29 150 9
58 102 7
95 160 8
89 143 8
85 91 4
47 133 5
156 157 5
18 76 4
99 137 4
129 162 6
138 139 2
11 54 7
2 25 2
47 123 6
139 147 9
82 148 10
27 136 5
12 186 10
72 87 4
87 134 8
47 122 9
138 174 4
17 139 10
43 118 4
183 190 8
40 137 8
59 180 8
93 148 2
2 56 1
54 77 10
3 98 5
23 28 5
59 95 10
1 63 1
140 200 5
112 171 8
9 110 2
2 101 10
102 145 5
5 44 10
108 127 5
132 146 9
109 116 10
12 46 5
120 130 1
18 91 4
7 158 8
130 145 9
85 192 1
45 133 9
67 156 9
44 118 8
35 188 8
38 110 10
61 107 3
62 64 8
8 186 5
24 91 4
61 148 2
3 82 3
25 123 3
4 118 6
22 77 6
100 165 4
85 164 10
28 186 10
174 185 8
27 124 3
50 187 7
70 157 3
71 115 1
44 106 2
116 141 6
33 176 9
93 175 1
78 161 2
190 198 4
3 93 6
146 169 3
117 183 3
55 192 3
107 147 4
12 41 3
144 193 5
115 166 10
28 119 5
3 189 7
92 162 2
16 110 2
126 178 6
1 26 3
111 138 7
43 126 6
1 60 2
140 174 7
170 183 10
139 182 7
104 179 3
47 141 7
120 133 4
40 138 10
72 88 8
70 80 2
93 170 10
1 30 4
157 171 3
77 146 3
51 118 7
27 72 5
121 147 1
140 175 9
58 156 1
123 132 8
104 134 2
73 157 1
51 133 10
111 124 5
47 114 9
68 106 4
70 123 7
8 89 3
63 109 1
97 157 6
27 180 4
16 190 5
7 39 10
139 189 1
111 154 5
7 113 7
70 112 10
75 84 1
1 132 4
112 133 6
3 13 2
24 49 2
68 131 8
88 197 7
187 189 3
35 89 1
29 33 2
54 132 8
62 181 7
47 78 9
30 80 7
26 133 1
120 193 10
113 167 6
150 189 9
149 165 1
74 187 8
13 147 5
60 64 4
91 120 6
6 33 1
50 150 2
88 110 4
25 120 5
28 47 8
164 191 5
12 23 6
56 133 5
6 176 3
127 135 10
14 186 8
145 188 4
71 136 3
16 93 2
24 78 5
139 160 3
15 199 1
63 94 3
48 86 7
2 133 2
32 98 2
42 138 8
123 128 6
16 42 2
37 60 3
171 193 8
7 79 3
41 145 4
50 148 9
124 194 4
93 162 8
46 168 8
149 164 7
100 186 5
43 151 5
33 196 1
14 116 5
89 168 9
134 189 5
15 134 1
22 23 8
37 62 8
57 107 4
81 167 4
12 188 1
72 75 5
31 166 6
9 134 2
81 195 1
10 172 7
87 105 7
124 182 2
167 175 7
95 197 2
15 93 8
30 141 2
12 100 10
136 154 7
18 114 7
1 76 9
3 174 6
53 196 6
115 136 2
2 131 1
45 184 2
133 171 8
40 200 9
108 110 7
145 178 1
113 197 8
50 138 9
57 194 10
41 73 1
67 130 2
140 170 10
24 56 5
69 107 6
169 193 3
109 177 9
57 79 5
37 89 9
56 120 5
130 153 9
116 181 8
11 96 7
62 142 1
127 185 2
91 125 1
130 181 6
82 162 10
4 119 8
53 129 7
83 199 4
7 69 7
12 14 3
14 165 3
105 160 9
37 68 9
121 196 5
41 193 6
62 120 5
70 142 5
155 185 10
75 175 2
3 115 1
27 159 6
101 193 10
15 162 3
79 154 8
131 141 10
63 143 3
88 155 4
104 137 1
103 162 4
12 193 5
8 37 8
79 88 3
9 198 8
7 21 9
31 179 1
17 183 4
38 75 7
134 175 3
130 144 2
65 72 3
97 171 6
27 74 5
96 112 2
79 175 9
111 182 7
143 184 1
100 151 3
52 75 1
19 193 5
7 42 5
49 161 2
109 141 10
67 193 4
5 8 6
85 133 7
37 73 3
25 153 10
126 151 9
77 119 10
16 111 9
50 135 7
131 178 4
184 186 4
48 179 2
9 38 1
154 180 6
49 126 7
152 186 8
79 87 8
74 117 10
64 143 7
92 150 3
114 156 1
119 171 9
40 66 8
31 82 9
65 176 3
10 121 6
18 19 9
158 159 1
37 130 3
79 162 10
35 152 9
87 185 10
21 82 2
130 165 4
125 126 10
31 38 5
10 65 10
14 193 10
48 71 9
41 106 5
176 199 9
103 158 4
20 60 1
25 184 2
56 153 7
112 132 2
82 176 5
27 81 9
108 187 8
160 190 9
25 200 3
73 114 8
58 193 5
116 146 5
122 156 1
63 91 6
1 58 7
31 48 4
170 200 9
19 100 3
52 148 5
125 192 9
58 191 2
14 20 1
166 182 7
28 85 1
21 172 5
58 114 10
81 107 9
49 178 7
177 181 7
3 65 9
64 116 1
17 148 5
45 192 4
47 70 6
33 50 9
46 51 1
99 170 10
53 79 4
45 168 8
78 142 6
64 112 10
90 176 6
14 188 2
74 87 8
16 29 7
40 90 3
60 149 3
67 125 1
81 199 1
64 70 6
157 192 9
32 108 1
153 171 10
17 195 2
51 151 7
23 181 6
88 115 4
40 117 8
125 130 8
12 25 1
116 130 3
61 163 7
45 119 5
126 161 7
25 191 2
113 155 9
70 146 8
157 161 7
39 61 7
84 115 5
26 119 6
29 154 2
17 95 4
28 157 8
75 183 4
63 192 1
43 146 1
31 138 3
19 161 10
100 149 2
30 114 6
95 163 5
174 179 10
13 175 2
50 61 1
46 102 3
57 200 1
41 142 8
53 179 9
12 118 6
54 128 8
7 115 9
37 143 5
47 63 6
22 188 10
21 196 8
84 139 10
32 124 4
49 132 1
2 28 1
75 129 1
38 154 2
90 190 5
87 92 3
126 171 10
26 109 7
37 191 6
31 163 1
127 137 10
142 168 6
64 184 8
14 168 7
78 133 9
69 173 5
32 200 2
114 116 10
6 174 6
37 125 3
30 94 2
150 195 1
110 121 3
12 35 10
78 123 2
127 136 1
9 66 1
83 86 1
88 180 2
25 112 8
162 173 5
23 171 10
87 163 8
140 182 5
15 71 8
71 197 8
108 160 1
159 170 6
22 37 7
14 145 4
23 114 1
52 127 6
52 172 8
69 183 2
22 102 2
5 85 9
138 159 4
111 160 9
3 99 10
36 38 3
14 164 6
96 143 1
35 109 3
10 48 8
30 97 2
117 167 8
32 33 5
56 58 4
44 85 8
27 90 5
54 64 7
91 144 6
78 80 5
50 53 10
67 106 10
50 179 8
150 188 8
46 191 7
46 58 4
29 32 10
116 169 2
33 98 4
55 109 3
88 182 6
59 69 9
170 197 4
17 38 2
63 114 4
94 184 4
71 160 10
116 193 5
97 141 2
135 150 9
60 145 8
28 41 5
42 189 9
68 123 9
135 187 1
73 85 7
62 146 4
22 70 5
36 196 6
81 99 2
12 64 6
76 169 7
140 147 6
75 131 2
8 131 3
86 196 10
22 118 10
79 159 7
113 137 5
159 195 7
133 169 10
81 90 5
83 179 8
101 114 7
1 43 2
162 198 9
73 131 9
5 156 4
2 168 5
46 157 6
5 181 2
103 136 8
29 174 9
23 122 10
62 85 7
16 66 5
30 143 4
103 127 9
24 132 3
21 103 6
39 65 10
42 185 9
126 192 2
87 90 10
27 167 10
4 143 8
28 178 5
20 62 4
55 186 7
69 170 3
24 89 9
26 156 10
39 183 9
110 162 5
90 135 3
52 137 9
87 107 2
46 64 6
131 144 3
25 46 5
8 141 1
25 171 7
14 191 6
51 146 10
33 107 6
79 190 3
70 132 9
58 186 4
23 123 4
64 77 8
8 51 6
95 174 1
57 127 4
22 120 7
5 119 8
97 120 7
7 147 5
194 195 5
19 114 9
64 126 3
183 194 10
78 94 1
151 152 4
43 85 6
130 132 10
22 151 7
26 70 5
67 132 9
171 188 2
17 170 2
47 116 2
22 97 8
128 146 7
144 164 9
94 119 5
3 162 2
122 193 1
79 136 10
10 69 8
148 183 7
68 178 7
93 104 7
155 160 1
146 156 4
23 70 7
26 101 6
80 192 6
134 158 6
19 89 4
1 25 4
26 123 5
35 169 7
89 91 2
133 146 2
88 199 1
14 119 10
32 40 1
127 196 1
120 157 2
36 88 8
56 143 9
11 109 5
116 152 3
62 109 7
36 40 1
98 196 3
60 184 6
80 133 1
88 158 8
16 50 3
163 200 8
39 195 4
167 194 3
75 174 10
149 192 7
36 81 2
7 180 5
9 39 1
28 44 9
122 165 3
12 165 1
75 127 3
150 167 10
4 43 6
9 87 6
74 147 7
139 167 2
57 65 10
133 177 6
4 164 8
21 66 2
10 159 1
19 112 6
21 166 1
68 191 6
59 158 2
67 149 3
130 149 8
1 177 10
120 151 2
55 118 8
167 183 9
131 151 9
41 91 5
92 159 10
57 75 5
101 125 1
56 169 7
30 132 10
134 185 3
7 155 5
93 111 5
67 94 6
27 154 10
38 86 6
18 94 2
39 179 2
42 105 3
117 121 10
54 130 4
8 80 1
42 98 4
31 197 5
3 71 7
97 178 8
20 63 8
74 129 8
70 130 4
123 153 9
169 181 7
160 166 10
148 194 3
13 36 4
133 142 5
90 194 3
63 106 10
32 34 2
40 194 2
88 183 5
35 102 10
27 137 2
62 177 8
141 156 1
37 178 6
129 138 1
146 151 8
23 62 3
54 145 9
106 193 4
63 76 6
19 94 6
3 180 6
84 113 4
169 186 7
54 186 1
107 154 2
90 117 6
32 189 10
53 117 5
79 107 3
129 200 8
73 119 2
46 62 5
100 146 6
149 177 9
41 101 2
2 47 10
148 150 6
61 196 7
122 164 6
131 188 5
20 177 5
57 103 9
59 147 4
13 108 6
65 134 6
94 143 1
33 175 2
37 118 4
55 168 2
40 108 9
147 195 4
57 108 8
50 173 9
47 55 3
46 146 3
17 110 10
85 122 7
131 132 6
78 149 9
96 184 10
96 97 2
32 127 1
127 148 10
24 114 10
71 166 8
40 180 1
34 136 3
110 135 9
55 184 5
70 143 6
54 97 1
93 105 1
119 151 1
13 163 7
86 90 1
49 97 3
89 149 3
37 169 4
16 137 6
140 160 8
56 128 1
25 55 1
1 22 7
2 193 6
187 194 2
151 184 9
14 142 2
34 86 2
14 58 9
18 26 8
52 140 8
44 192 5
82 155 2
21 158 6
180 194 3
14 181 9
138 162 6
45 131 5
104 107 10
11 80 4
20 41 3
21 170 8
104 105 8
137 174 3
33 137 1
131 156 7
20 156 2
16 17 9
36 105 9
28 60 3
107 198 4
129 197 5
156 168 2
80 85 5
76 149 2
74 172 9
71 90 6
37 64 2
158 180 10
26 56 4
19 109 7
95 148 4
17 81 7
7 111 10
108 115 3
2 91 7
38 190 4
2 164 4
41 151 1
31 189 1
54 153 1
150 173 6
53 185 9
95 170 6
20 45 10
44 102 4
103 163 9
5 96 8
79 172 2
68 126 8
45 157 3
102 126 10
132 144 2
26 142 6
16 117 9
34 117 1
92 182 9
108 147 9
23 188 1
33 90 7
100 101 8
145 151 10
142 171 4
26 80 8
154 173 4
67 101 2
16 140 6
70 76 9
95 180 9
179 196 4
55 193 10
158 183 7
47 125 5
122 177 6
126 186 7
50 121 7
114 157 5
7 195 9
109 122 5
73 123 7
132 141 5
125 149 8
8 114 6
68 143 10
55 156 7
56 122 1
53 154 3
182 194 6
15 105 3
31 194 6
19 63 7
95 176 1
45 178 2
86 117 7
24 191 3
88 90 5
17 190 5
91 97 10
23 191 6
174 176 2
12 143 2
126 128 3
191 193 6
22 191 6
105 182 4
35 184 4
94 149 10
18 51 6
75 195 4
63 133 7
125 153 9
4 60 6
92 174 9
110 139 2
28 184 5
74 127 8
5 141 9
81 198 10
98 147 2
53 95 9
123 146 3
72 148 8
130 133 1
121 199 10
21 139 2
43 51 1
4 94 1
23 63 4
71 138 3
93 124 10
126 191 6
33 170 9
109 125 6
6 147 9
179 182 2
3 61 5
33 180 7
66 162 2
135 198 5
135 154 8
67 70 5
64 181 7
2 144 3
15 173 7
82 187 9
41 186 4
23 142 8
101 102 3
85 141 6
2 119 2
12 164 5
1 122 5
35 56 1
68 91 7
43 101 4
62 77 1
14 131 2
1 165 9
144 149 8
4 76 4
50 159 3
141 184 9
109 193 5
44 109 4
148 179 9
40 199 9
139 200 9
49 112 4
10 52 1
79 163 3
139 162 3
176 187 9
80 123 10
132 157 9
110 195 4
33 117 9
78 89 5
2 178 2
68 130 6
4 51 3
10 189 4
36 69 6
16 39 3
93 174 8
49 60 8
104 175 4
17 182 1
21 115 6
12 62 1
33 139 9
100 122 3
82 87 1
125 132 6
53 159 5
11 156 4
8 112 2
173 200 2
48 57 3
11 191 9
166 187 4
143 164 9
44 77 1
124 127 8
118 178 10
26 164 9
82 172 2
37 153 2
18 109 10
176 200 1
50 90 6
136 158 6
89 178 9
21 29 2
81 187 9
57 166 7
165 188 1
3 40 6
40 179 9
42 179 10
19 116 10
68 156 9
86 198 3
93 166 8
5 101 9
5 35 4
105 176 7
138 187 4
31 52 5
170 189 9
52 115 7
147 189 9
3 137 1
16 113 1
170 195 2
1 109 6
3 90 4
79 170 4
12 132 10
72 167 6
126 141 6
15 27 2
132 143 6
61 103 3
79 104 4
37 133 10
83 189 7
14 67 4
86 87 9
162 187 3
48 176 5
148 176 8
59 108 7
52 150 4
65 199 7
64 67 3
99 198 3
116 188 6
126 131 1
67 122 2
50 71 1
99 158 1
172 179 6
160 180 4
92 185 5
22 133 10
1 73 3
33 39 9
21 42 6
71 88 4
49 186 8
112 181 9
84 189 6
52 138 8
48 198 5
50 129 3
1 120 7
42 57 7
116 122 1
120 132 8
119 149 2
99 195 3
8 130 7
24 122 9
68 70 6
118 149 10
111 163 3
156 177 2
121 135 2
160 185 8
25 181 8
5 30 10
107 148 4
39 166 4
30 41 5
122 188 9
43 46 9
87 166 10
16 65 7
72 189 2
29 134 1
107 127 5
94 193 7
67 152 8
56 85 4
58 85 8
32 79 10
31 162 10
98 115 7
119 186 7
19 145 3
71 86 7
121 138 2
118 181 6
46 60 8
20 91 4
33 113 6
141 146 2
47 165 10
21 107 7
26 63 6
101 164 5
144 177 10
13 105 2
146 157 2
135 159 5
115 176 10
96 144 7
75 111 9
75 107 8
98 182 1
67 128 1
12 120 2
7 163 2
89 130 9
4 145 2
25 125 10
30 152 7
6 179 6
6 199 7
94 142 10
25 149 7
71 172 9
3 121 2
71 92 7
28 169 3
182 198 7
24 161 7
87 180 5
12 181 10
127 174 3
3 104 8
59 160 3
73 130 4
14 157 8
85 116 7
107 183 2
116 128 6
119 143 9
91 112 7
78 128 6
9 187 9
15 150 6
77 112 2
137 182 4
11 122 5
7 124 10
43 153 5
105 150 3
1 54 1
51 96 2
141 143 1
22 193 4
97 188 7
19 20 6
24 169 2
120 126 1
10 162 9
11 12 3
67 143 4
123 191 7
117 159 5
28 67 8
114 142 8
18 191 5
8 68 5
117 158 4
44 186 8
116 151 5
44 46 1
13 183 10
19 30 9
111 179 1
95 196 1
58 80 4
83 108 7
98 189 1
5 125 4
37 152 1
112 191 7
104 195 4
2 8 4
76 193 9
85 153 9
75 190 2
158 197 7
55 178 6
63 184 8
80 151 5
21 124 5
114 128 9
130 191 6
143 193 8
46 47 8
7 38 3
106 143 3
110 148 1
77 156 7
155 183 10
4 146 4
10 148 2
24 100 6
64 132 1
9 172 6
116 133 10
121 185 4
98 194 6
59 113 7
9 182 9
134 173 5
26 51 3
163 194 7
19 178 5
17 65 9
75 90 8
30 70 7
88 170 5
53 93 9
103 117 5
70 171 8
6 16 10
117 196 7
76 91 9
57 98 5
15 104 2
168 177 10
60 78 4
11 24 7
81 136 7
32 36 7
19 144 10
136 176 10
157 181 6
11 19 6
4 97 2
91 109 10
145 152 7
152 165 6
79 95 6
100 168 5
56 97 3
79 92 9
101 109 3
56 68 7
127 155 9
7 98 6
25 193 5
79 167 7
114 141 6
90 182 4
75 95 10
115 197 2
22 41 6
130 161 10
14 60 5
55 123 4
90 197 8
51 123 1
148 173 1
83 173 6
66 185 5
19 76 8
29 167 3
135 139 4
125 128 10
53 61 1
15 196 5
35 60 3
85 177 6
8 78 2
34 179 7
178 186 7
19 33 6
70 149 7
30 133 2
46 193 9
68 116 2
46 116 3
52 185 3
86 150 8
169 184 9
32 198 7
130 164 7
14 44 1
102 125 7
77 186 8
81 115 9
38 200 7
38 39 10
43 76 9
82 140 8
55 64 9
41 109 1
41 141 4
78 192 2
65 81 4
3 136 1
125 152 7
117 190 5
45 186 10
78 97 10
82 95 10
114 152 10
1 144 9
80 97 5
86 180 1
12 156 7
134 154 8
136 155 3
5 43 8
145 186 7
107 159 7
77 122 5
18 165 6
21 36 9
3 63 1
76 89 8
156 165 5
92 95 2
23 24 10
8 18 10
44 193 9
83 135 6
152 156 9
45 77 4
48 150 3
61 160 9
35 151 4
155 194 3
129 166 7
101 130 7
134 179 4
1 126 2
21 195 10
57 175 9
103 135 8
9 197 10
74 111 10
47 58 9
95 179 8
8 100 5
62 94 7
18 120 6
78 181 3
38 167 5
44 132 8
128 142 4
54 94 8
187 190 1
26 94 5
59 138 6
125 169 6
57 176 7
137 147 3
77 106 10
81 105 4
41 184 4
30 116 5
117 175 4
42 129 7
66 187 7
52 84 9
5 168 10
22 122 8
149 181 9
63 126 10
139 159 4
11 168 1
105 127 3
51 97 3
36 167 2
90 98 9
62 130 3
68 77 5
11 41 2
5 186 10
13 79 3
6 10 3
150 163 5
92 129 10
127 172 5
51 141 3
70 126 6
148 167 10
20 122 1
17 174 8
14 54 6
72 74 8
70 91 9
85 142 10
19 96 9
46 70 8
28 89 8
176 183 9
8 120 8
152 153 4
63 156 5
14 28 1
39 121 1
85 118 8
120 165 4
7 59 7
33 71 3
46 152 2
28 142 8
50 103 4
105 166 8
14 184 5
100 130 4
26 43 5
49 73 5
93 113 5
138 185 6
114 165 7
52 176 9
110 172 7
89 122 2
40 111 8
20 24 2
64 96 9
7 48 6
72 111 10
148 174 7
6 139 9
77 191 6
9 84 4
61 108 10
61 69 8
34 182 7
12 80 6
34 176 4
12 141 1
104 199 3
31 187 6
30 101 5
48 182 5
156 193 6
14 56 9
67 169 5
23 152 6
81 134 5
55 142 3
80 131 3
27 38 3
26 118 6
11 188 5
4 62 4
118 192 3
67 78 3
76 192 8
159 167 6
54 106 8
81 196 1
61 135 8
180 185 9
21 198 2
26 169 9
86 182 7
28 56 8
68 164 4
23 46 10
60 141 7
177 186 8
43 149 9
39 137 8
120 122 4
124 183 6
79 147 1
98 105 7
4 109 1
108 197 9
178 191 2
64 152 8
46 177 1
43 142 10
97 116 3
117 137 9
59 99 7
70 164 1
77 145 5
25 35 9
63 177 1
24 94 3
83 197 10
73 152 8
114 145 4
78 112 2
184 193 1
113 195 7
156 178 7
186 193 1
106 128 3
78 146 5
80 153 4
49 143 6
112 119 8
52 194 7
81 137 9
65 195 7
86 187 3
55 125 6
94 169 6
82 174 3
30 188 6
57 155 9
77 177 2
19 91 2
43 67 7
109 123 3
35 149 2
35 77 2
85 146 4
171 186 8
30 181 9
28 193 6
73 178 6
13 154 3
123 164 10
45 112 7
44 141 8
89 192 4
54 193 3
16 182 3
13 32 2
28 94 2
73 191 7
130 171 2
8 19 2
70 184 7
18 56 9
68 133 6
101 156 1
151 192 10
28 96 2
61 176 3
32 135 9
25 188 6
32 87 6
39 108 6
72 200 2
121 176 10
32 180 6
7 135 2
54 78 10
86 105 2
57 111 4
58 141 1
4 25 1
84 185 7
111 175 10
8 161 10
109 169 3
60 177 9
37 168 1
55 70 7
15 42 7
168 186 10
43 60 7
85 184 6
131 133 6
95 134 9
43 47 5
37 161 9
11 67 1
11 49 6
17 196 2
124 170 6
127 150 9
78 96 7
20 51 7
73 100 4
84 135 2
70 118 8
23 118 10
128 161 3
27 39 1
8 177 9
111 200 1
18 37 9
38 185 8
43 128 5
59 127 10
123 144 4
18 80 8
11 164 7
171 184 2
95 162 1
47 151 5
14 118 5
113 124 9
48 117 1
63 142 5
82 159 6
