0.000000000 0.000000000
-0.224318353 -3.000000000
-0.448636705 0.000000000
0.224318353 0.000000000
0.000000000 0.000000000
0.000000000 -1.000000000
0.000000000 0.000000000
0.000000000 0.000000000
0.000000000 0.000000000
0.897273410 0.000000000
0.000000000 0.000000000
0.000000000 0.000000000
0.000000000 1.000000000
-0.897273410 0.000000000
0.224318353 0.000000000
0.000000000 0.000000000
0.000000000 0.000000000
0.000000000 0.000000000
0.000000000 0.000000000
0.000000000 -2.000000000
0.000000000 0.000000000
0.000000000 0.000000000
-0.448636705 0.000000000
0.000000000 0.000000000
0.000000000 0.000000000
-0.224318353 0.000000000
-0.448636705 0.000000000
0.000000000 2.000000000
0.000000000 1.000000000
0.000000000 0.000000000
0.000000000 2.000000000
0.000000000 0.000000000
-0.224318353 0.000000000
0.448636705 0.000000000
0.000000000 0.000000000
-0.224318353 0.000000000
0.000000000 0.000000000
0.000000000 0.000000000
0.224318353 0.000000000
0.448636705 0.000000000
0.000000000 0.000000000
0.000000000 0.000000000
0.224318353 0.000000000
0.000000000 0.000000000
0.000000000 0.000000000
0.000000000 0.000000000
0.000000000 0.000000000
0.000000000 2.000000000
0.224318353 0.000000000
-1.345910116 0.000000000
0.000000000 0.000000000
0.224318353 4.000000000
0.000000000 0.000000000
0.000000000 0.000000000
0.000000000 0.000000000
-0.448636705 0.000000000
-0.448636705 0.000000000
-1.345910116 -3.000000000
0.000000000 0.000000000
0.000000000 0.000000000
0.224318353 3.000000000
0.000000000 0.000000000
-0.224318353 0.000000000
0.224318353 0.000000000
0.000000000 0.000000000
0.000000000 0.000000000
0.000000000 4.000000000
0.000000000 0.000000000
0.000000000 0.000000000
0.000000000 0.000000000
1.570228468 0.000000000
0.000000000 0.000000000
0.000000000 0.000000000
-0.448636705 0.000000000
0.672955058 0.000000000
-0.224318353 0.000000000
0.000000000 0.000000000
0.000000000 0.000000000
0.000000000 0.000000000
0.448636705 0.000000000
-0.448636705 -2.000000000
0.672955058 7.000000000
0.000000000 0.000000000
-0.224318353 0.000000000
0.000000000 0.000000000
0.897273410 0.000000000
0.000000000 0.000000000
-0.224318353 0.000000000
0.000000000 0.000000000
0.000000000 0.000000000
0.000000000 0.000000000
0.000000000 0.000000000
0.000000000 0.000000000
0.672955058 0.000000000
0.000000000 0.000000000
0.000000000 0.000000000
0.000000000 0.000000000
1.794546821 0.000000000
-0.224318353 0.000000000
0.000000000 0.000000000
0.000000000 0.000000000
0.000000000 0.000000000
1.121591763 0.000000000
0.000000000 0.000000000
0.000000000 0.000000000
-0.448636705 0.000000000
0.000000000 0.000000000
0.000000000 0.000000000
0.000000000 0.000000000
-0.448636705 0.000000000
1.794546821 0.000000000
0.000000000 0.000000000
0.000000000 0.000000000
0.672955058 0.000000000
-0.224318353 -1.000000000
0.000000000 0.000000000
0.000000000 2.000000000
-0.672955058 0.000000000
0.000000000 0.000000000
0.000000000 0.000000000
0.000000000 0.000000000
0.448636705 2.000000000
0.000000000 0.000000000
0.000000000 0.000000000
0.000000000 0.000000000
0.000000000 0.000000000
0.000000000 0.000000000
0.224318353 0.000000000
-0.448636705 -1.000000000
0.000000000 0.000000000
0.000000000 0.000000000
0.000000000 0.000000000
0.000000000 0.000000000
0.000000000 1.000000000
-1.570228468 0.000000000
-0.448636705 0.000000000
0.000000000 0.000000000
0.000000000 0.000000000
0.000000000 0.000000000
-1.121591763 0.000000000
-0.224318353 0.000000000
0.000000000 0.000000000
0.000000000 0.000000000
0.000000000 0.000000000
0.000000000 0.000000000
-0.224318353 0.000000000
0.000000000 0.000000000
-0.672955058 0.000000000
0.000000000 0.000000000
0.000000000 0.000000000
0.000000000 0.000000000
0.000000000 0.000000000
-0.448636705 0.000000000
0.000000000 0.000000000
0.000000000 2.000000000
0.000000000 3.000000000
0.672955058 0.000000000
-0.224318353 0.000000000
0.000000000 0.000000000
0.000000000 0.000000000
0.000000000 0.000000000
-0.224318353 0.000000000
-0.224318353 0.000000000
0.000000000 0.000000000
0.000000000 0.000000000
0.224318353 0.000000000
-0.224318353 0.000000000
0.000000000 0.000000000
0.000000000 0.000000000
0.000000000 0.000000000
0.000000000 0.000000000
0.000000000 0.000000000
0.000000000 0.000000000
0.000000000 0.000000000
-0.224318353 0.000000000
0.448636705 0.000000000
0.000000000 0.000000000
2.018865173 0.000000000
1.121591763 0.000000000
0.000000000 0.000000000
0.224318353 0.000000000
0.000000000 0.000000000
0.000000000 0.000000000
0.000000000 0.000000000
0.000000000 0.000000000
0.000000000 0.000000000
0.000000000 0.000000000
0.000000000 0.000000000
0.000000000 0.000000000
0.000000000 0.000000000
0.000000000 0.000000000
0.672955058 0.000000000
0.000000000 0.000000000
0.000000000 0.000000000
0.000000000 0.000000000
-1.121591763 0.000000000
0.000000000 0.000000000
0.000000000 0.000000000
0.000000000 0.000000000
0.000000000 0.000000000
2.018865173 0.000000000
0.000000000 0.000000000
0.000000000 0.000000000
0.000000000 0.000000000
0.000000000 0.000000000
0.000000000 2.000000000
0.000000000 0.000000000
0.000000000 8.000000000
0.000000000 0.000000000
-0.224318353 0.000000000
0.000000000 0.000000000
0.000000000 0.000000000
0.000000000 0.000000000
1.794546821 0.000000000
0.000000000 0.000000000
-0.448636705 0.000000000
-0.224318353 0.000000000
0.000000000 0.000000000
0.000000000 0.000000000
0.000000000 0.000000000
0.000000000 0.000000000
0.000000000 0.000000000
0.000000000 0.000000000
0.000000000 0.000000000
0.000000000 0.000000000
0.000000000 0.000000000
0.000000000 0.000000000
0.000000000 0.000000000
0.000000000 0.000000000
-0.224318353 0.000000000
0.672955058 1.000000000
0.000000000 0.000000000
0.000000000 0.000000000
0.000000000 0.000000000
0.000000000 0.000000000
0.000000000 0.000000000
0.000000000 0.000000000
-0.224318353 0.000000000
0.000000000 0.000000000
0.000000000 0.000000000
0.000000000 0.000000000
-0.224318353 0.000000000
0.000000000 0.000000000
-0.224318353 0.000000000
0.000000000 0.000000000
0.448636705 0.000000000
0.000000000 0.000000000
0.000000000 0.000000000
0.000000000 0.000000000
0.000000000 0.000000000
1.121591763 0.000000000
-0.224318353 -1.000000000
0.000000000 0.000000000
0.000000000 0.000000000
0.000000000 0.000000000
0.000000000 0.000000000
0.000000000 0.000000000
0.000000000 0.000000000
0.224318353 3.000000000
0.672955058 0.000000000
0.000000000 0.000000000
0.448636705 0.000000000
0.000000000 -6.000000000
0.000000000 0.000000000
2.018865173 0.000000000
0.000000000 0.000000000
0.000000000 1.000000000
0.000000000 0.000000000
0.000000000 0.000000000
0.000000000 0.000000000
0.000000000 0.000000000
0.224318353 4.000000000
0.000000000 0.000000000
0.000000000 0.000000000
0.000000000 4.000000000
0.000000000 0.000000000
0.000000000 0.000000000
0.000000000 0.000000000
0.000000000 0.000000000
0.000000000 0.000000000
0.000000000 2.000000000
1.121591763 1.000000000
-0.448636705 0.000000000
0.000000000 0.000000000
0.000000000 0.000000000
0.000000000 0.000000000
0.000000000 0.000000000
0.448636705 4.000000000
0.000000000 0.000000000
0.000000000 0.000000000
0.000000000 -1.000000000
0.000000000 0.000000000
0.000000000 0.000000000
0.000000000 0.000000000
0.000000000 0.000000000
0.000000000 0.000000000
-0.897273410 0.000000000
0.000000000 0.000000000
0.000000000 0.000000000
0.000000000 0.000000000
0.000000000 1.000000000
0.897273410 0.000000000
0.672955058 0.000000000
0.000000000 0.000000000
0.000000000 0.000000000
0.000000000 0.000000000
0.000000000 0.000000000
0.000000000 0.000000000
0.000000000 0.000000000
0.000000000 0.000000000
0.224318353 0.000000000
0.000000000 0.000000000
1.570228468 0.000000000
0.000000000 0.000000000
0.000000000 0.000000000
0.000000000 0.000000000
0.000000000 0.000000000
0.672955058 0.000000000
-0.448636705 0.000000000
0.000000000 0.000000000
-0.224318353 0.000000000
2.018865173 0.000000000
1.794546821 0.000000000
-0.224318353 0.000000000
-0.448636705 -1.000000000
0.000000000 0.000000000
0.000000000 0.000000000
0.000000000 0.000000000
1.570228468 0.000000000
0.000000000 0.000000000
0.000000000 0.000000000
0.000000000 0.000000000
-0.672955058 0.000000000
0.000000000 0.000000000
0.000000000 0.000000000
0.000000000 0.000000000
0.000000000 0.000000000
0.000000000 0.000000000
0.224318353 3.000000000
0.000000000 0.000000000
-0.448636705 -1.000000000
0.000000000 0.000000000
0.000000000 1.000000000
0.000000000 0.000000000
-1.794546821 0.000000000
0.224318353 0.000000000
0.000000000 0.000000000
0.000000000 1.000000000
0.000000000 0.000000000
0.000000000 0.000000000
0.000000000 2.000000000
0.000000000 0.000000000
0.000000000 0.000000000
0.000000000 0.000000000
0.448636705 0.000000000
0.000000000 0.000000000
0.000000000 0.000000000
0.000000000 0.000000000
0.000000000 0.000000000
1.794546821 0.000000000
0.448636705 0.000000000
0.000000000 0.000000000
0.000000000 0.000000000
0.000000000 -3.000000000
0.000000000 0.000000000
0.000000000 0.000000000
0.000000000 0.000000000
0.000000000 0.000000000
0.000000000 0.000000000
0.000000000 0.000000000
0.000000000 0.000000000
0.000000000 0.000000000
0.000000000 0.000000000
0.000000000 0.000000000
0.000000000 0.000000000
0.000000000 0.000000000
0.000000000 0.000000000
0.000000000 0.000000000
0.000000000 0.000000000
0.000000000 0.000000000
0.000000000 0.000000000
0.000000000 0.000000000
-0.448636705 0.000000000
0.000000000 0.000000000
-1.121591763 0.000000000
1.570228468 0.000000000
-0.224318353 0.000000000
0.000000000 0.000000000
0.000000000 0.000000000
0.000000000 0.000000000
-0.897273410 0.000000000
0.000000000 0.000000000
-1.121591763 0.000000000
0.000000000 2.000000000
0.000000000 0.000000000
0.000000000 0.000000000
0.000000000 0.000000000
0.000000000 0.000000000
0.000000000 0.000000000
0.000000000 0.000000000
0.000000000 0.000000000
0.000000000 0.000000000
0.000000000 0.000000000
0.000000000 0.000000000
0.000000000 0.000000000
-0.224318353 0.000000000
-0.224318353 -7.000000000
1.345910116 0.000000000
1.121591763 0.000000000
0.000000000 0.000000000
-0.224318353 0.000000000
0.000000000 0.000000000
0.000000000 0.000000000
0.000000000 0.000000000
0.000000000 0.000000000
0.224318353 0.000000000
0.000000000 0.000000000
0.224318353 0.000000000
0.672955058 0.000000000
0.000000000 0.000000000
-1.121591763 0.000000000
0.000000000 0.000000000
0.000000000 0.000000000
0.000000000 0.000000000
0.448636705 0.000000000
0.000000000 0.000000000
0.000000000 0.000000000
0.672955058 0.000000000
0.000000000 0.000000000
0.000000000 0.000000000
0.000000000 1.000000000
0.000000000 0.000000000
-1.345910116 0.000000000
-0.672955058 0.000000000
-0.448636705 0.000000000
0.000000000 0.000000000
0.000000000 0.000000000
0.000000000 0.000000000
0.224318353 0.000000000
0.000000000 0.000000000
-0.224318353 0.000000000
0.000000000 0.000000000
-0.224318353 0.000000000
-0.448636705 0.000000000
-0.224318353 -2.000000000
0.000000000 0.000000000
0.000000000 0.000000000
0.448636705 4.000000000
0.000000000 0.000000000
0.000000000 0.000000000
0.000000000 0.000000000
0.000000000 0.000000000
0.897273410 0.000000000
0.000000000 -1.000000000
0.224318353 0.000000000
0.672955058 0.000000000
0.000000000 0.000000000
0.000000000 0.000000000
0.000000000 0.000000000
0.000000000 0.000000000
0.000000000 0.000000000
0.000000000 0.000000000
0.000000000 0.000000000
0.224318353 0.000000000
-0.897273410 0.000000000
0.000000000 0.000000000
0.000000000 0.000000000
0.000000000 0.000000000
0.000000000 9.000000000
0.000000000 0.000000000
-1.570228468 0.000000000
0.000000000 0.000000000
0.000000000 0.000000000
0.000000000 0.000000000
0.000000000 0.000000000
0.000000000 0.000000000
-0.224318353 0.000000000
0.224318353 0.000000000
0.000000000 0.000000000
0.000000000 0.000000000
0.000000000 0.000000000
0.000000000 0.000000000
0.000000000 0.000000000
0.000000000 0.000000000
0.000000000 0.000000000
-0.448636705 0.000000000
0.000000000 0.000000000
0.000000000 0.000000000
0.000000000 0.000000000
0.000000000 0.000000000
1.570228468 0.000000000
0.224318353 0.000000000
0.000000000 0.000000000
0.897273410 1.000000000
0.448636705 0.000000000
0.000000000 -1.000000000
0.000000000 0.000000000
0.000000000 -4.000000000
0.000000000 0.000000000
0.000000000 0.000000000
0.000000000 1.000000000
0.000000000 1.000000000
0.000000000 0.000000000
0.224318353 0.000000000
-0.224318353 0.000000000
-0.448636705 0.000000000
0.000000000 0.000000000
-0.224318353 0.000000000
1.794546821 0.000000000
0.000000000 -1.000000000
0.000000000 0.000000000
0.000000000 0.000000000
0.000000000 0.000000000
-1.794546821 0.000000000
0.000000000 0.000000000
0.000000000 0.000000000
1.121591763 0.000000000
0.000000000 -1.000000000
0.000000000 -2.000000000
0.000000000 0.000000000
0.000000000 0.000000000
-1.570228468 0.000000000
0.000000000 0.000000000
0.224318353 0.000000000
0.000000000 0.000000000
0.000000000 0.000000000
-0.897273410 0.000000000
0.000000000 0.000000000
0.448636705 0.000000000
0.000000000 0.000000000
0.000000000 0.000000000
-0.448636705 0.000000000
0.000000000 0.000000000
0.224318353 2.000000000
0.000000000 0.000000000
0.000000000 0.000000000
0.000000000 0.000000000
0.000000000 0.000000000
0.000000000 0.000000000
0.000000000 0.000000000
0.000000000 0.000000000
0.000000000 0.000000000
0.000000000 0.000000000
-0.224318353 0.000000000
0.000000000 0.000000000
0.448636705 0.000000000
0.000000000 0.000000000
0.000000000 0.000000000
0.000000000 0.000000000
-1.121591763 0.000000000
0.000000000 0.000000000
0.000000000 0.000000000
0.000000000 0.000000000
0.000000000 1.000000000
1.794546821 0.000000000
0.000000000 0.000000000
0.000000000 0.000000000
-1.121591763 0.000000000
0.000000000 0.000000000
0.000000000 0.000000000
0.000000000 0.000000000
0.000000000 0.000000000
0.000000000 0.000000000
0.000000000 2.000000000
0.000000000 -1.000000000
0.000000000 0.000000000
0.000000000 0.000000000
0.000000000 0.000000000
0.000000000 0.000000000
0.000000000 0.000000000
-0.224318353 0.000000000
0.000000000 3.000000000
0.000000000 0.000000000
0.000000000 0.000000000
0.000000000 0.000000000
0.000000000 0.000000000
0.000000000 0.000000000
0.000000000 0.000000000
0.000000000 0.000000000
0.448636705 0.000000000
0.448636705 0.000000000
0.000000000 0.000000000
0.000000000 0.000000000
0.448636705 0.000000000
0.000000000 0.000000000
-0.897273410 0.000000000
0.000000000 0.000000000
0.000000000 0.000000000
0.000000000 0.000000000
0.000000000 0.000000000
0.000000000 0.000000000
-0.897273410 0.000000000
0.224318353 2.000000000
0.000000000 0.000000000
0.000000000 -1.000000000
0.000000000 0.000000000
0.000000000 0.000000000
0.000000000 0.000000000
0.000000000 0.000000000
0.000000000 0.000000000
0.448636705 0.000000000
0.000000000 0.000000000
0.000000000 0.000000000
0.000000000 0.000000000
0.672955058 1.000000000
0.000000000 0.000000000
0.000000000 0.000000000
0.000000000 0.000000000
0.000000000 0.000000000
-0.224318353 0.000000000
0.000000000 0.000000000
0.000000000 0.000000000
0.000000000 0.000000000
0.000000000 0.000000000
0.000000000 0.000000000
1.121591763 0.000000000
-0.672955058 0.000000000
0.897273410 0.000000000
0.000000000 0.000000000
0.000000000 0.000000000
0.000000000 0.000000000
0.000000000 0.000000000
0.000000000 0.000000000
0.897273410 2.000000000
0.000000000 0.000000000
-0.448636705 0.000000000
0.000000000 0.000000000
-0.224318353 0.000000000
-0.224318353 0.000000000
0.000000000 0.000000000
-0.224318353 0.000000000
0.000000000 0.000000000
0.000000000 0.000000000
0.000000000 0.000000000
0.000000000 0.000000000
0.000000000 0.000000000
0.000000000 0.000000000
0.000000000 0.000000000
-0.224318353 -1.000000000
0.000000000 0.000000000
0.000000000 0.000000000
1.121591763 0.000000000
-0.224318353 0.000000000
0.000000000 -1.000000000
0.000000000 0.000000000
2.018865173 0.000000000
0.000000000 0.000000000
0.000000000 0.000000000
0.000000000 0.000000000
0.000000000 0.000000000
-0.224318353 0.000000000
0.000000000 0.000000000
0.000000000 0.000000000
0.000000000 0.000000000
0.000000000 0.000000000
0.000000000 0.000000000
0.000000000 0.000000000
0.000000000 -1.000000000
0.000000000 0.000000000
0.000000000 0.000000000
0.000000000 0.000000000
0.672955058 0.000000000
0.000000000 0.000000000
0.000000000 0.000000000
0.000000000 0.000000000
0.897273410 0.000000000
0.000000000 3.000000000
0.000000000 0.000000000
0.000000000 0.000000000
0.000000000 4.000000000
0.000000000 0.000000000
0.000000000 0.000000000
0.224318353 0.000000000
0.897273410 0.000000000
-0.224318353 -2.000000000
0.448636705 4.000000000
0.000000000 2.000000000
0.224318353 4.000000000
-0.672955058 0.000000000
0.000000000 1.000000000
0.000000000 0.000000000
0.224318353 0.000000000
0.000000000 0.000000000
0.000000000 0.000000000
-0.448636705 0.000000000
0.000000000 0.000000000
0.000000000 0.000000000
0.000000000 0.000000000
0.000000000 0.000000000
0.000000000 0.000000000
0.000000000 0.000000000
0.000000000 0.000000000
0.000000000 0.000000000
-0.224318353 0.000000000
0.000000000 0.000000000
0.000000000 -1.000000000
-0.672955058 0.000000000
0.000000000 0.000000000
0.000000000 0.000000000
0.000000000 0.000000000
0.000000000 0.000000000
-0.897273410 0.000000000
0.000000000 0.000000000
0.000000000 0.000000000
-0.672955058 0.000000000
0.000000000 0.000000000
0.448636705 2.000000000
-0.224318353 -8.000000000
0.000000000 0.000000000
-0.448636705 0.000000000
0.000000000 0.000000000
0.000000000 0.000000000
0.000000000 0.000000000
0.000000000 0.000000000
-0.224318353 -1.000000000
0.000000000 0.000000000
0.000000000 0.000000000
0.000000000 0.000000000
0.000000000 0.000000000
0.000000000 6.000000000
0.000000000 0.000000000
0.000000000 0.000000000
0.000000000 0.000000000
0.000000000 0.000000000
0.000000000 0.000000000
0.000000000 0.000000000
-0.448636705 0.000000000
0.000000000 0.000000000
0.672955058 0.000000000
0.897273410 0.000000000
0.224318353 0.000000000
0.000000000 0.000000000
0.000000000 0.000000000
0.897273410 0.000000000
0.000000000 0.000000000
0.000000000 0.000000000
0.000000000 3.000000000
0.000000000 0.000000000
0.672955058 0.000000000
0.000000000 0.000000000
0.000000000 0.000000000
0.000000000 0.000000000
-1.121591763 0.000000000
0.672955058 0.000000000
0.448636705 0.000000000
-0.448636705 0.000000000
0.000000000 0.000000000
0.000000000 0.000000000
-0.672955058 0.000000000
0.000000000 0.000000000
0.000000000 -1.000000000
0.000000000 0.000000000
0.000000000 0.000000000
0.672955058 0.000000000
-0.224318353 0.000000000
-0.224318353 0.000000000
0.000000000 0.000000000
0.000000000 0.000000000
0.000000000 0.000000000
0.000000000 0.000000000
0.000000000 0.000000000
0.000000000 0.000000000
-0.224318353 -3.000000000
0.000000000 0.000000000
0.000000000 0.000000000
0.000000000 0.000000000
0.672955058 0.000000000
0.000000000 0.000000000
0.000000000 0.000000000
0.000000000 0.000000000
0.000000000 0.000000000
0.000000000 1.000000000
0.000000000 -2.000000000
-0.448636705 -3.000000000
0.000000000 0.000000000
-0.224318353 0.000000000
0.448636705 0.000000000
0.000000000 0.000000000
0.000000000 0.000000000
0.000000000 -1.000000000
0.448636705 0.000000000
0.000000000 1.000000000
-0.224318353 0.000000000
0.000000000 0.000000000
0.224318353 0.000000000
0.000000000 0.000000000
0.000000000 0.000000000
0.000000000 0.000000000
0.000000000 0.000000000
0.000000000 -3.000000000
-0.448636705 0.000000000
0.000000000 0.000000000
-0.897273410 0.000000000
-0.224318353 0.000000000
0.000000000 0.000000000
0.000000000 0.000000000
0.000000000 0.000000000
0.224318353 0.000000000
0.000000000 0.000000000
0.000000000 1.000000000
0.224318353 0.000000000
0.000000000 0.000000000
0.000000000 0.000000000
0.000000000 0.000000000
0.000000000 0.000000000
0.000000000 0.000000000
0.000000000 0.000000000
0.000000000 0.000000000
0.000000000 0.000000000
0.000000000 0.000000000
0.000000000 0.000000000
0.000000000 2.000000000
0.000000000 0.000000000
0.000000000 -1.000000000
0.000000000 0.000000000
0.000000000 0.000000000
0.000000000 0.000000000
0.224318353 1.000000000
0.000000000 0.000000000
0.000000000 0.000000000
0.224318353 2.000000000
0.000000000 0.000000000
0.000000000 0.000000000
0.000000000 0.000000000
0.000000000 0.000000000
0.000000000 0.000000000
0.000000000 0.000000000
0.000000000 0.000000000
0.000000000 0.000000000
0.000000000 0.000000000
0.897273410 0.000000000
0.000000000 0.000000000
0.000000000 0.000000000
0.000000000 0.000000000
0.224318353 0.000000000
0.000000000 0.000000000
0.000000000 0.000000000
0.000000000 0.000000000
0.672955058 0.000000000
-0.224318353 0.000000000
0.000000000 0.000000000
-0.897273410 0.000000000
0.224318353 0.000000000
0.000000000 0.000000000
0.000000000 0.000000000
0.000000000 5.000000000
0.000000000 0.000000000
0.224318353 6.000000000
0.000000000 0.000000000
0.000000000 0.000000000
0.000000000 0.000000000
-0.897273410 0.000000000
0.000000000 0.000000000
0.000000000 4.000000000
0.000000000 0.000000000
0.000000000 0.000000000
0.000000000 0.000000000
0.000000000 0.000000000
0.000000000 0.000000000
0.224318353 1.000000000
0.000000000 0.000000000
0.000000000 0.000000000
0.000000000 0.000000000
0.000000000 0.000000000
0.000000000 0.000000000
0.000000000 0.000000000
0.000000000 0.000000000
0.000000000 0.000000000
1.345910116 0.000000000
0.000000000 0.000000000
0.000000000 0.000000000
0.000000000 0.000000000
0.000000000 0.000000000
-0.672955058 0.000000000
0.000000000 0.000000000
0.224318353 0.000000000
0.000000000 0.000000000
-2.018865173 0.000000000
0.000000000 0.000000000
0.000000000 0.000000000
0.000000000 0.000000000
0.000000000 0.000000000
0.000000000 2.000000000
0.000000000 0.000000000
-0.224318353 0.000000000
0.000000000 0.000000000
0.000000000 0.000000000
0.000000000 0.000000000
0.000000000 0.000000000
0.000000000 0.000000000
0.000000000 0.000000000
0.000000000 0.000000000
0.672955058 1.000000000
0.897273410 0.000000000
0.000000000 0.000000000
0.000000000 0.000000000
-0.224318353 0.000000000
0.000000000 0.000000000
0.000000000 -2.000000000
0.000000000 0.000000000
0.000000000 0.000000000
0.000000000 0.000000000
0.000000000 0.000000000
0.000000000 0.000000000
0.000000000 0.000000000
0.000000000 0.000000000
0.000000000 0.000000000
0.000000000 0.000000000
0.224318353 0.000000000
0.000000000 0.000000000
0.897273410 2.000000000
0.000000000 0.000000000
-0.448636705 0.000000000
0.224318353 0.000000000
-0.224318353 0.000000000
-1.121591763 0.000000000
0.000000000 0.000000000
0.000000000 1.000000000
0.000000000 0.000000000
0.000000000 0.000000000
0.000000000 0.000000000
0.000000000 0.000000000
-0.672955058 0.000000000
0.000000000 1.000000000
-0.224318353 0.000000000
0.000000000 0.000000000
0.000000000 0.000000000
0.000000000 0.000000000
0.000000000 0.000000000
0.000000000 0.000000000
-0.224318353 0.000000000
0.000000000 0.000000000
0.000000000 0.000000000
0.000000000 1.000000000
0.000000000 0.000000000
0.000000000 0.000000000
-0.448636705 -2.000000000
-0.224318353 0.000000000
0.000000000 0.000000000
0.000000000 0.000000000
0.000000000 -1.000000000
0.000000000 0.000000000
0.000000000 0.000000000
0.000000000 0.000000000
0.000000000 0.000000000
0.000000000 0.000000000
1.794546821 0.000000000
0.000000000 0.000000000
0.000000000 0.000000000
-0.224318353 0.000000000
0.000000000 0.000000000
0.000000000 0.000000000
0.000000000 0.000000000
0.000000000 0.000000000
0.000000000 0.000000000
0.000000000 0.000000000
0.000000000 0.000000000
0.000000000 0.000000000
0.000000000 0.000000000
-1.121591763 0.000000000
0.448636705 1.000000000
0.000000000 0.000000000
-0.448636705 0.000000000
0.000000000 0.000000000
0.000000000 0.000000000
0.448636705 0.000000000
1.345910116 0.000000000
0.224318353 0.000000000
0.000000000 0.000000000
0.000000000 0.000000000
0.000000000 0.000000000
0.000000000 0.000000000
0.000000000 1.000000000
0.000000000 0.000000000
0.000000000 0.000000000
-1.121591763 0.000000000
0.000000000 0.000000000
0.000000000 0.000000000
0.448636705 0.000000000
0.000000000 0.000000000
-0.224318353 0.000000000
0.000000000 0.000000000
0.000000000 1.000000000
-0.448636705 -1.000000000
0.000000000 0.000000000
2.243183526 0.000000000
0.000000000 0.000000000
0.000000000 0.000000000
0.000000000 0.000000000
0.000000000 0.000000000
0.000000000 0.000000000
0.000000000 0.000000000
0.000000000 0.000000000
0.000000000 0.000000000
0.000000000 1.000000000
0.000000000 0.000000000
0.000000000 0.000000000
0.000000000 0.000000000
-0.448636705 0.000000000
0.000000000 -1.000000000
0.000000000 2.000000000
0.000000000 0.000000000
0.000000000 0.000000000
0.448636705 0.000000000
0.000000000 0.000000000
0.000000000 0.000000000
0.000000000 0.000000000
-0.448636705 0.000000000
0.000000000 0.000000000
0.000000000 -1.000000000
0.000000000 0.000000000
0.000000000 0.000000000
-1.570228468 0.000000000
-0.448636705 0.000000000
-0.672955058 0.000000000
0.000000000 0.000000000
0.000000000 0.000000000
0.000000000 0.000000000
0.000000000 1.000000000
0.000000000 0.000000000
0.000000000 0.000000000
0.000000000 0.000000000
0.000000000 0.000000000
0.000000000 0.000000000
0.000000000 0.000000000
0.224318353 2.000000000
0.000000000 0.000000000
1.121591763 0.000000000
0.000000000 0.000000000
0.672955058 0.000000000
0.000000000 0.000000000
0.897273410 0.000000000
0.000000000 0.000000000
0.224318353 0.000000000
0.672955058 0.000000000
0.000000000 0.000000000
0.000000000 0.000000000
0.000000000 0.000000000
0.000000000 0.000000000
0.000000000 0.000000000
0.000000000 0.000000000
0.000000000 0.000000000
0.000000000 0.000000000
1.345910116 0.000000000
0.000000000 0.000000000
0.000000000 0.000000000
0.000000000 0.000000000
0.000000000 0.000000000
0.000000000 0.000000000
0.000000000 0.000000000
0.000000000 0.000000000
0.000000000 0.000000000
0.000000000 0.000000000
0.000000000 0.000000000
0.000000000 0.000000000
0.000000000 0.000000000
0.000000000 0.000000000
0.000000000 0.000000000
0.000000000 0.000000000
0.000000000 0.000000000
0.000000000 0.000000000
1.794546821 0.000000000
0.000000000 0.000000000
0.672955058 0.000000000
0.000000000 0.000000000
0.224318353 0.000000000
0.000000000 0.000000000
0.000000000 0.000000000
0.000000000 0.000000000
0.000000000 0.000000000
1.794546821 0.000000000
0.672955058 0.000000000
0.000000000 5.000000000
0.000000000 0.000000000
0.000000000 0.000000000
0.000000000 0.000000000
0.000000000 0.000000000
0.000000000 0.000000000
0.224318353 0.000000000
0.000000000 0.000000000
0.000000000 0.000000000
0.000000000 0.000000000
0.000000000 0.000000000
0.000000000 0.000000000
0.000000000 0.000000000
0.000000000 0.000000000
0.224318353 3.000000000
-0.448636705 0.000000000
0.000000000 0.000000000
-0.224318353 0.000000000
0.000000000 0.000000000
0.000000000 0.000000000
0.000000000 0.000000000
-0.224318353 0.000000000
0.448636705 0.000000000
-0.897273410 0.000000000
0.000000000 0.000000000
0.000000000 0.000000000
0.000000000 8.000000000
0.000000000 0.000000000
0.000000000 0.000000000
0.000000000 0.000000000
0.000000000 0.000000000
0.000000000 0.000000000
0.000000000 0.000000000
0.000000000 0.000000000
0.000000000 0.000000000
0.000000000 0.000000000
-2.018865173 0.000000000
0.000000000 0.000000000
0.000000000 0.000000000
0.000000000 0.000000000
0.000000000 0.000000000
0.672955058 2.000000000
0.000000000 0.000000000
0.000000000 0.000000000
1.794546821 0.000000000
-0.224318353 0.000000000
0.000000000 0.000000000
0.000000000 0.000000000
0.448636705 0.000000000
0.000000000 -1.000000000
0.000000000 0.000000000
0.000000000 0.000000000
0.000000000 2.000000000
-0.897273410 0.000000000
0.897273410 0.000000000
0.000000000 0.000000000
0.000000000 0.000000000
0.000000000 0.000000000
0.000000000 0.000000000
0.448636705 0.000000000
0.000000000 0.000000000
0.000000000 0.000000000
0.000000000 0.000000000
-0.672955058 0.000000000
0.000000000 0.000000000
0.000000000 0.000000000
0.000000000 0.000000000
0.000000000 3.000000000
0.000000000 0.000000000
0.000000000 0.000000000
0.000000000 0.000000000
0.000000000 0.000000000
0.000000000 0.000000000
0.000000000 0.000000000
0.000000000 0.000000000
0.000000000 0.000000000
0.897273410 1.000000000
0.000000000 0.000000000
0.000000000 0.000000000
0.448636705 0.000000000
0.000000000 0.000000000
0.000000000 0.000000000
0.000000000 0.000000000
0.000000000 0.000000000
0.000000000 0.000000000
0.000000000 0.000000000
-0.224318353 0.000000000
0.000000000 0.000000000
-0.224318353 -1.000000000
0.000000000 0.000000000
0.000000000 0.000000000
0.000000000 0.000000000
0.000000000 0.000000000
0.000000000 0.000000000
0.000000000 0.000000000
0.448636705 0.000000000
0.000000000 0.000000000
0.000000000 0.000000000
0.000000000 0.000000000
0.000000000 0.000000000
0.000000000 0.000000000
0.000000000 0.000000000
0.672955058 0.000000000
0.000000000 0.000000000
0.000000000 0.000000000
0.000000000 0.000000000
-2.018865173 0.000000000
0.000000000 0.000000000
0.000000000 0.000000000
0.000000000 0.000000000
0.000000000 0.000000000
0.000000000 0.000000000
0.000000000 0.000000000
0.000000000 0.000000000
1.345910116 0.000000000
0.000000000 0.000000000
-0.448636705 0.000000000
0.000000000 0.000000000
0.000000000 0.000000000
1.570228468 0.000000000
0.000000000 0.000000000
0.000000000 0.000000000
0.000000000 0.000000000
0.000000000 1.000000000
1.121591763 1.000000000
0.000000000 0.000000000
0.000000000 0.000000000
0.000000000 0.000000000
1.345910116 0.000000000
0.224318353 0.000000000
0.000000000 0.000000000
0.224318353 0.000000000
0.000000000 0.000000000
0.000000000 0.000000000
0.000000000 0.000000000
0.000000000 0.000000000
0.000000000 0.000000000
0.000000000 0.000000000
1.121591763 0.000000000
0.000000000 0.000000000
-0.224318353 0.000000000
0.897273410 2.000000000
0.000000000 0.000000000
0.000000000 0.000000000
0.000000000 0.000000000
-0.897273410 0.000000000
0.000000000 0.000000000
-0.224318353 0.000000000
0.000000000 0.000000000
0.000000000 0.000000000
0.000000000 0.000000000
0.224318353 0.000000000
0.000000000 0.000000000
0.000000000 0.000000000
0.000000000 0.000000000
0.000000000 0.000000000
0.000000000 0.000000000
0.000000000 0.000000000
0.000000000 0.000000000
0.000000000 0.000000000
0.224318353 0.000000000
-0.224318353 0.000000000
0.000000000 0.000000000
0.897273410 0.000000000
0.000000000 0.000000000
-0.448636705 -1.000000000
0.000000000 0.000000000
0.000000000 3.000000000
0.897273410 0.000000000
0.000000000 0.000000000
-1.121591763 0.000000000
0.000000000 0.000000000
0.000000000 6.000000000
-0.224318353 0.000000000
0.448636705 1.000000000
0.000000000 0.000000000
0.000000000 0.000000000
0.448636705 3.000000000
0.000000000 0.000000000
0.000000000 0.000000000
0.000000000 0.000000000
-2.243183526 0.000000000
0.000000000 0.000000000
0.224318353 0.000000000
0.000000000 0.000000000
0.000000000 -1.000000000
0.000000000 0.000000000
0.000000000 0.000000000
0.224318353 1.000000000
0.000000000 -1.000000000
0.000000000 0.000000000
0.000000000 0.000000000
0.000000000 0.000000000
0.000000000 0.000000000
0.000000000 -2.000000000
0.000000000 0.000000000
0.000000000 0.000000000
0.000000000 0.000000000
0.000000000 0.000000000
0.000000000 0.000000000
-0.448636705 0.000000000
0.000000000 0.000000000
-0.897273410 0.000000000
0.000000000 0.000000000
0.000000000 0.000000000
0.897273410 0.000000000
0.000000000 0.000000000
0.000000000 0.000000000
0.000000000 0.000000000
0.000000000 0.000000000
0.000000000 0.000000000
-0.224318353 0.000000000
-0.224318353 0.000000000
0.000000000 0.000000000
0.000000000 0.000000000
0.000000000 0.000000000
0.000000000 0.000000000
0.000000000 0.000000000
0.000000000 0.000000000
0.000000000 0.000000000
0.000000000 0.000000000
0.000000000 0.000000000
0.000000000 0.000000000
0.000000000 0.000000000
0.000000000 0.000000000
0.000000000 0.000000000
-0.224318353 0.000000000
0.000000000 2.000000000
0.000000000 0.000000000
0.000000000 0.000000000
-0.448636705 0.000000000
-0.448636705 0.000000000
0.000000000 0.000000000
0.000000000 0.000000000
0.000000000 0.000000000
0.224318353 0.000000000
0.000000000 0.000000000
0.000000000 0.000000000
0.000000000 1.000000000
0.000000000 0.000000000
0.000000000 0.000000000
0.000000000 0.000000000
0.000000000 0.000000000
0.000000000 0.000000000
0.000000000 0.000000000
0.000000000 0.000000000
0.672955058 0.000000000
0.000000000 0.000000000
0.000000000 -4.000000000
0.000000000 0.000000000
0.000000000 0.000000000
0.000000000 0.000000000
0.000000000 0.000000000
0.000000000 0.000000000
0.897273410 2.000000000
0.000000000 0.000000000
0.000000000 0.000000000
0.000000000 0.000000000
0.000000000 0.000000000
0.000000000 0.000000000
0.672955058 0.000000000
0.000000000 0.000000000
-0.224318353 -1.000000000
0.000000000 0.000000000
0.000000000 0.000000000
1.794546821 1.000000000
0.224318353 1.000000000
0.000000000 0.000000000
0.000000000 0.000000000
0.448636705 0.000000000
0.000000000 0.000000000
-1.121591763 -1.000000000
0.000000000 0.000000000
0.672955058 0.000000000
0.224318353 3.000000000
0.448636705 0.000000000
-0.224318353 0.000000000
0.000000000 0.000000000
0.000000000 0.000000000
0.000000000 0.000000000
0.000000000 0.000000000
0.000000000 0.000000000
0.224318353 0.000000000
0.000000000 0.000000000
0.000000000 0.000000000
0.000000000 0.000000000
0.000000000 0.000000000
0.000000000 0.000000000
1.121591763 0.000000000
0.000000000 1.000000000
0.000000000 0.000000000
-1.121591763 0.000000000
0.000000000 0.000000000
0.000000000 0.000000000
0.000000000 0.000000000
-1.570228468 0.000000000
0.000000000 0.000000000
0.000000000 0.000000000
0.000000000 0.000000000
0.000000000 0.000000000
0.000000000 0.000000000
-0.224318353 0.000000000
0.000000000 0.000000000
0.000000000 0.000000000
0.897273410 0.000000000
0.000000000 0.000000000
0.000000000 0.000000000
0.224318353 0.000000000
0.000000000 0.000000000
0.000000000 0.000000000
-0.224318353 0.000000000
0.000000000 0.000000000
0.224318353 0.000000000
0.448636705 2.000000000
0.000000000 0.000000000
0.000000000 0.000000000
0.000000000 0.000000000
0.000000000 0.000000000
-0.224318353 0.000000000
0.000000000 0.000000000
0.000000000 0.000000000
-0.224318353 0.000000000
0.000000000 0.000000000
0.000000000 0.000000000
0.672955058 0.000000000
0.000000000 0.000000000
0.000000000 0.000000000
0.000000000 0.000000000
0.000000000 0.000000000
0.000000000 0.000000000
0.000000000 0.000000000
-0.897273410 -1.000000000
0.000000000 0.000000000
-1.794546821 -2.000000000
0.000000000 0.000000000
-0.897273410 0.000000000
0.000000000 0.000000000
0.000000000 0.000000000
-0.224318353 0.000000000
0.000000000 0.000000000
0.000000000 0.000000000
0.000000000 0.000000000
0.000000000 0.000000000
0.897273410 0.000000000
0.000000000 -1.000000000
0.000000000 0.000000000
0.000000000 0.000000000
0.000000000 0.000000000
0.448636705 0.000000000
0.000000000 1.000000000
0.000000000 0.000000000
0.000000000 0.000000000
0.000000000 0.000000000
0.000000000 0.000000000
-0.224318353 0.000000000
0.224318353 0.000000000
0.000000000 0.000000000
0.000000000 0.000000000
0.000000000 0.000000000
0.448636705 0.000000000
0.224318353 0.000000000
0.000000000 0.000000000
-0.224318353 0.000000000
0.000000000 0.000000000
0.000000000 -4.000000000
0.224318353 0.000000000
-0.672955058 0.000000000
0.000000000 0.000000000
0.000000000 0.000000000
-1.345910116 0.000000000
0.672955058 0.000000000
0.000000000 0.000000000
0.000000000 0.000000000
0.000000000 0.000000000
0.000000000 0.000000000
0.224318353 0.000000000
0.000000000 0.000000000
1.345910116 0.000000000
0.000000000 0.000000000
0.224318353 0.000000000
0.000000000 0.000000000
0.000000000 0.000000000
0.000000000 0.000000000
0.000000000 0.000000000
0.000000000 0.000000000
0.000000000 0.000000000
0.000000000 0.000000000
0.672955058 0.000000000
0.000000000 0.000000000
0.448636705 0.000000000
0.000000000 6.000000000
0.000000000 0.000000000
0.224318353 0.000000000
0.224318353 0.000000000
0.000000000 0.000000000
0.000000000 0.000000000
0.224318353 0.000000000
0.448636705 0.000000000
0.000000000 0.000000000
0.000000000 0.000000000
0.000000000 0.000000000
0.000000000 1.000000000
0.000000000 0.000000000
0.224318353 0.000000000
-0.672955058 -3.000000000
0.000000000 0.000000000
0.000000000 0.000000000
0.000000000 0.000000000
0.000000000 0.000000000
2.018865173 0.000000000
0.000000000 0.000000000
0.000000000 0.000000000
0.000000000 0.000000000
0.000000000 0.000000000
0.000000000 0.000000000
0.000000000 0.000000000
0.448636705 0.000000000
0.000000000 0.000000000
0.000000000 0.000000000
0.000000000 0.000000000
0.000000000 0.000000000
0.000000000 0.000000000
0.000000000 0.000000000
0.000000000 0.000000000
-0.448636705 0.000000000
0.000000000 -1.000000000
0.000000000 0.000000000
0.000000000 0.000000000
0.000000000 0.000000000
0.672955058 0.000000000
0.000000000 0.000000000
-0.897273410 0.000000000
0.000000000 0.000000000
0.000000000 0.000000000
-0.224318353 0.000000000
0.000000000 0.000000000
0.000000000 0.000000000
0.000000000 0.000000000
0.000000000 0.000000000
0.000000000 0.000000000
0.000000000 0.000000000
0.000000000 0.000000000
0.000000000 0.000000000
0.000000000 1.000000000
0.000000000 0.000000000
0.000000000 0.000000000
0.000000000 0.000000000
0.000000000 0.000000000
0.000000000 0.000000000
0.000000000 0.000000000
0.000000000 0.000000000
0.000000000 0.000000000
0.000000000 2.000000000
0.000000000 0.000000000
2.018865173 0.000000000
0.000000000 1.000000000
0.000000000 0.000000000
0.000000000 0.000000000
0.000000000 0.000000000
0.000000000 0.000000000
-0.224318353 0.000000000
-0.224318353 0.000000000
-0.224318353 0.000000000
1.794546821 0.000000000
0.000000000 0.000000000
-0.224318353 0.000000000
0.000000000 0.000000000
0.000000000 0.000000000
0.000000000 0.000000000
0.000000000 0.000000000
0.000000000 -1.000000000
0.000000000 -1.000000000
-0.224318353 0.000000000
0.000000000 0.000000000
0.000000000 0.000000000
0.000000000 0.000000000
0.000000000 0.000000000
-0.224318353 -3.000000000
0.000000000 0.000000000
0.000000000 0.000000000
0.000000000 0.000000000
0.000000000 0.000000000
0.000000000 0.000000000
0.000000000 0.000000000
0.000000000 0.000000000
0.000000000 0.000000000
0.000000000 -1.000000000
0.000000000 0.000000000
0.000000000 0.000000000
0.672955058 0.000000000
0.000000000 1.000000000
0.000000000 0.000000000
0.000000000 0.000000000
0.000000000 0.000000000
-0.224318353 0.000000000
-0.448636705 0.000000000
0.000000000 0.000000000
0.000000000 0.000000000
0.000000000 0.000000000
0.000000000 0.000000000
0.000000000 0.000000000
0.000000000 0.000000000
0.000000000 0.000000000
-0.224318353 0.000000000
0.000000000 0.000000000
2.243183526 0.000000000
0.000000000 1.000000000
0.000000000 0.000000000
-0.448636705 0.000000000
0.000000000 0.000000000
0.000000000 0.000000000
0.000000000 0.000000000
0.000000000 0.000000000
0.000000000 0.000000000
0.000000000 0.000000000
0.000000000 0.000000000
0.000000000 0.000000000
0.224318353 0.000000000
0.448636705 0.000000000
2.018865173 0.000000000
0.000000000 0.000000000
0.000000000 0.000000000
0.000000000 0.000000000
0.448636705 1.000000000
0.000000000 0.000000000
0.000000000 0.000000000
0.000000000 0.000000000
-0.448636705 0.000000000
0.000000000 0.000000000
0.000000000 0.000000000
1.345910116 0.000000000
-0.224318353 0.000000000
0.000000000 0.000000000
0.000000000 0.000000000
0.000000000 0.000000000
0.000000000 0.000000000
0.000000000 -1.000000000
-0.897273410 0.000000000
1.794546821 0.000000000
0.000000000 0.000000000
0.000000000 0.000000000
0.000000000 0.000000000
0.000000000 1.000000000
0.000000000 0.000000000
0.000000000 0.000000000
0.000000000 0.000000000
0.448636705 1.000000000
0.000000000 0.000000000
0.000000000 0.000000000
0.224318353 0.000000000
0.000000000 0.000000000
0.000000000 0.000000000
0.000000000 0.000000000
0.000000000 0.000000000
0.000000000 0.000000000
0.000000000 0.000000000
0.000000000 0.000000000
0.000000000 0.000000000
0.000000000 0.000000000
0.000000000 0.000000000
0.000000000 0.000000000
0.000000000 0.000000000
0.000000000 0.000000000
0.000000000 1.000000000
0.224318353 0.000000000
0.000000000 0.000000000
0.000000000 1.000000000
0.000000000 0.000000000
0.000000000 0.000000000
0.000000000 0.000000000
0.000000000 0.000000000
0.000000000 0.000000000
-0.224318353 0.000000000
0.000000000 0.000000000
0.000000000 0.000000000
0.000000000 0.000000000
-0.897273410 0.000000000
0.000000000 0.000000000
0.000000000 0.000000000
0.000000000 0.000000000
0.000000000 0.000000000
-0.224318353 0.000000000
0.448636705 3.000000000
0.000000000 0.000000000
-0.897273410 0.000000000
0.000000000 -1.000000000
0.000000000 0.000000000
0.000000000 0.000000000
0.000000000 0.000000000
0.000000000 0.000000000
-0.224318353 0.000000000
-1.570228468 0.000000000
0.000000000 0.000000000
0.224318353 0.000000000
0.000000000 0.000000000
0.224318353 0.000000000
0.000000000 0.000000000
0.000000000 0.000000000
0.000000000 0.000000000
0.000000000 0.000000000
0.000000000 0.000000000
-0.224318353 0.000000000
0.000000000 -1.000000000
0.000000000 0.000000000
0.000000000 0.000000000
0.000000000 8.000000000
0.000000000 0.000000000
0.000000000 3.000000000
0.000000000 0.000000000
0.000000000 0.000000000
0.000000000 0.000000000
0.000000000 0.000000000
0.000000000 0.000000000
0.000000000 0.000000000
0.448636705 0.000000000
1.121591763 0.000000000
0.000000000 0.000000000
0.672955058 0.000000000
-0.224318353 0.000000000
1.121591763 0.000000000
-0.672955058 0.000000000
0.448636705 0.000000000
0.000000000 0.000000000
0.000000000 0.000000000
-0.224318353 0.000000000
0.000000000 0.000000000
0.000000000 0.000000000
-0.448636705 0.000000000
0.000000000 0.000000000
0.000000000 0.000000000
0.000000000 -2.000000000
0.000000000 0.000000000
0.897273410 0.000000000
0.000000000 1.000000000
0.000000000 -1.000000000
-0.224318353 0.000000000
0.000000000 0.000000000
0.000000000 0.000000000
0.000000000 0.000000000
0.000000000 0.000000000
0.000000000 1.000000000
-0.224318353 0.000000000
0.000000000 0.000000000
0.000000000 0.000000000
-0.672955058 0.000000000
0.000000000 0.000000000
0.000000000 0.000000000
-0.224318353 0.000000000
0.000000000 0.000000000
0.672955058 0.000000000
0.000000000 -3.000000000
0.000000000 0.000000000
0.000000000 0.000000000
0.000000000 0.000000000
0.000000000 0.000000000
-0.224318353 0.000000000
0.000000000 0.000000000
1.570228468 0.000000000
0.000000000 0.000000000
1.345910116 0.000000000
0.000000000 0.000000000
0.000000000 0.000000000
0.000000000 0.000000000
0.000000000 0.000000000
0.224318353 5.000000000
0.000000000 0.000000000
0.448636705 0.000000000
0.000000000 0.000000000
0.000000000 0.000000000
0.000000000 4.000000000
0.448636705 0.000000000
0.000000000 0.000000000
0.000000000 -5.000000000
0.000000000 0.000000000
-0.224318353 0.000000000
0.000000000 0.000000000
0.000000000 0.000000000
0.000000000 0.000000000
0.000000000 0.000000000
0.000000000 0.000000000
0.000000000 0.000000000
0.000000000 0.000000000
0.000000000 0.000000000
0.000000000 0.000000000
0.000000000 0.000000000
-1.345910116 -1.000000000
0.000000000 0.000000000
0.000000000 0.000000000
0.000000000 0.000000000
0.000000000 0.000000000
0.000000000 0.000000000
1.121591763 0.000000000
0.000000000 0.000000000
0.000000000 0.000000000
0.224318353 1.000000000
0.000000000 0.000000000
0.000000000 0.000000000
0.000000000 0.000000000
-0.448636705 0.000000000
0.000000000 0.000000000
0.000000000 0.000000000
-1.121591763 0.000000000
0.000000000 0.000000000
-0.897273410 0.000000000
0.224318353 1.000000000
0.000000000 0.000000000
0.000000000 0.000000000
0.000000000 0.000000000
-0.672955058 0.000000000
0.000000000 0.000000000
1.794546821 0.000000000
0.000000000 0.000000000
0.448636705 0.000000000
0.000000000 0.000000000
0.000000000 0.000000000
0.897273410 0.000000000
0.000000000 0.000000000
0.000000000 0.000000000
-0.448636705 0.000000000
0.000000000 0.000000000
0.000000000 0.000000000
0.000000000 0.000000000
0.000000000 0.000000000
-0.224318353 0.000000000
0.448636705 2.000000000
0.000000000 0.000000000
0.000000000 0.000000000
0.000000000 0.000000000
0.000000000 0.000000000
0.000000000 0.000000000
0.000000000 0.000000000
0.224318353 1.000000000
0.000000000 0.000000000
0.000000000 1.000000000
0.224318353 1.000000000
-2.018865173 0.000000000
-0.224318353 0.000000000
-0.897273410 0.000000000
0.000000000 0.000000000
0.000000000 0.000000000
0.000000000 0.000000000
0.000000000 0.000000000
0.000000000 -2.000000000
1.345910116 0.000000000
0.000000000 2.000000000
0.000000000 0.000000000
0.000000000 0.000000000
0.000000000 0.000000000
0.000000000 0.000000000
-1.121591763 0.000000000
0.000000000 0.000000000
0.000000000 0.000000000
0.000000000 0.000000000
1.345910116 2.000000000
0.000000000 0.000000000
0.000000000 0.000000000
0.224318353 1.000000000
0.000000000 0.000000000
-0.448636705 0.000000000
0.000000000 0.000000000
0.000000000 0.000000000
-0.897273410 0.000000000
0.672955058 0.000000000
0.000000000 0.000000000
0.000000000 0.000000000
0.224318353 0.000000000
-0.672955058 0.000000000
-0.448636705 -2.000000000
0.000000000 0.000000000
0.000000000 0.000000000
0.000000000 0.000000000
-0.672955058 0.000000000
0.000000000 0.000000000
0.897273410 0.000000000
0.000000000 0.000000000
0.897273410 1.000000000
-0.448636705 0.000000000
-0.448636705 0.000000000
0.000000000 0.000000000
0.000000000 0.000000000
0.000000000 0.000000000
0.000000000 3.000000000
0.000000000 0.000000000
0.000000000 0.000000000
0.000000000 0.000000000
0.000000000 1.000000000
0.000000000 0.000000000
0.000000000 0.000000000
-0.897273410 -2.000000000
0.000000000 0.000000000
0.000000000 0.000000000
0.000000000 2.000000000
-0.672955058 0.000000000
0.000000000 0.000000000
0.000000000 0.000000000
0.000000000 0.000000000
0.000000000 0.000000000
0.000000000 0.000000000
0.000000000 0.000000000
0.000000000 0.000000000
0.000000000 0.000000000
0.000000000 0.000000000
2.018865173 0.000000000
0.000000000 0.000000000
0.000000000 0.000000000
0.000000000 0.000000000
0.000000000 0.000000000
0.000000000 0.000000000
-0.897273410 0.000000000
0.000000000 0.000000000
0.000000000 0.000000000
0.897273410 1.000000000
-0.224318353 0.000000000
0.000000000 -2.000000000
0.000000000 0.000000000
0.897273410 0.000000000
0.000000000 0.000000000
1.345910116 0.000000000
0.897273410 0.000000000
2.243183526 0.000000000
0.448636705 0.000000000
0.000000000 0.000000000
0.000000000 0.000000000
0.000000000 -1.000000000
0.000000000 0.000000000
0.000000000 0.000000000
0.224318353 0.000000000
0.224318353 0.000000000
0.000000000 0.000000000
0.000000000 0.000000000
0.000000000 0.000000000
0.000000000 0.000000000
-0.448636705 0.000000000
0.000000000 0.000000000
1.121591763 0.000000000
-0.672955058 0.000000000
0.000000000 0.000000000
0.000000000 0.000000000
0.672955058 4.000000000
0.000000000 0.000000000
0.000000000 0.000000000
0.000000000 0.000000000
0.448636705 0.000000000
0.000000000 -1.000000000
0.000000000 0.000000000
0.000000000 0.000000000
0.000000000 0.000000000
0.224318353 0.000000000
0.000000000 0.000000000
-0.224318353 0.000000000
0.000000000 0.000000000
0.000000000 0.000000000
0.000000000 0.000000000
0.000000000 0.000000000
0.224318353 0.000000000
1.121591763 0.000000000
-1.570228468 0.000000000
0.000000000 0.000000000
0.000000000 0.000000000
1.570228468 0.000000000
0.000000000 0.000000000
0.000000000 2.000000000
0.000000000 0.000000000
0.000000000 0.000000000
0.000000000 0.000000000
1.345910116 0.000000000
0.000000000 0.000000000
0.000000000 0.000000000
-0.224318353 0.000000000
-0.448636705 0.000000000
0.000000000 1.000000000
-0.224318353 0.000000000
0.000000000 0.000000000
0.000000000 0.000000000
0.000000000 0.000000000
0.672955058 0.000000000
0.000000000 0.000000000
0.000000000 0.000000000
-0.224318353 0.000000000
-0.224318353 0.000000000
0.000000000 0.000000000
0.000000000 4.000000000
0.000000000 0.000000000
0.000000000 0.000000000
0.000000000 0.000000000
1.345910116 0.000000000
0.000000000 0.000000000
0.000000000 0.000000000
0.000000000 0.000000000
-0.897273410 0.000000000
0.000000000 0.000000000
-0.224318353 0.000000000
0.000000000 0.000000000
0.000000000 0.000000000
0.000000000 0.000000000
0.000000000 0.000000000
0.000000000 0.000000000
0.224318353 0.000000000
0.000000000 0.000000000
-0.224318353 0.000000000
0.000000000 0.000000000
0.000000000 0.000000000
0.000000000 0.000000000
0.672955058 0.000000000
0.000000000 0.000000000
0.000000000 0.000000000
-0.224318353 0.000000000
0.000000000 0.000000000
0.000000000 0.000000000
-0.672955058 0.000000000
0.000000000 0.000000000
0.000000000 0.000000000
0.000000000 0.000000000
0.000000000 0.000000000
0.000000000 -1.000000000
0.000000000 0.000000000
0.000000000 0.000000000
0.000000000 0.000000000
0.000000000 0.000000000
0.000000000 0.000000000
0.000000000 0.000000000
0.672955058 0.000000000
1.570228468 0.000000000
0.224318353 0.000000000
-0.224318353 0.000000000
0.897273410 0.000000000
0.000000000 0.000000000
0.000000000 -2.000000000
0.000000000 0.000000000
-0.448636705 0.000000000
0.000000000 0.000000000
0.000000000 0.000000000
0.000000000 0.000000000
-0.448636705 0.000000000
0.448636705 1.000000000
-0.448636705 0.000000000
0.000000000 0.000000000
0.000000000 0.000000000
0.000000000 0.000000000
1.121591763 0.000000000
0.000000000 0.000000000
0.000000000 0.000000000
0.000000000 0.000000000
0.224318353 0.000000000
0.000000000 0.000000000
0.000000000 0.000000000
0.000000000 0.000000000
0.000000000 0.000000000
0.000000000 0.000000000
0.000000000 0.000000000
0.000000000 1.000000000
0.000000000 0.000000000
0.000000000 0.000000000
0.000000000 0.000000000
0.672955058 0.000000000
0.000000000 0.000000000
0.448636705 1.000000000
0.672955058 0.000000000
0.000000000 0.000000000
0.000000000 2.000000000
0.000000000 0.000000000
0.000000000 -1.000000000
0.000000000 0.000000000
-0.224318353 0.000000000
0.000000000 0.000000000
-0.897273410 0.000000000
0.000000000 0.000000000
0.224318353 0.000000000
-0.448636705 -2.000000000
-0.224318353 0.000000000
0.000000000 0.000000000
-1.345910116 -3.000000000
0.000000000 0.000000000
0.000000000 0.000000000
0.000000000 0.000000000
0.000000000 0.000000000
0.000000000 0.000000000
0.000000000 -1.000000000
0.000000000 0.000000000
0.000000000 0.000000000
-0.224318353 0.000000000
0.000000000 0.000000000
0.000000000 0.000000000
0.000000000 0.000000000
0.000000000 0.000000000
0.448636705 0.000000000
-0.672955058 0.000000000
0.000000000 0.000000000
0.000000000 0.000000000
0.000000000 0.000000000
0.000000000 0.000000000
1.570228468 0.000000000
0.000000000 0.000000000
0.000000000 0.000000000
0.000000000 0.000000000
1.345910116 0.000000000
0.000000000 0.000000000
-0.448636705 0.000000000
0.000000000 0.000000000
0.000000000 0.000000000
0.000000000 0.000000000
-1.121591763 0.000000000
0.000000000 0.000000000
0.000000000 0.000000000
0.000000000 0.000000000
0.448636705 2.000000000
0.224318353 0.000000000
-0.448636705 0.000000000
0.000000000 -5.000000000
0.000000000 0.000000000
0.000000000 0.000000000
1.121591763 0.000000000
0.000000000 0.000000000
0.000000000 0.000000000
0.000000000 0.000000000
0.224318353 0.000000000
0.000000000 0.000000000
0.224318353 2.000000000
-0.224318353 0.000000000
0.000000000 0.000000000
0.000000000 0.000000000
0.000000000 0.000000000
0.000000000 0.000000000
0.000000000 0.000000000
0.448636705 0.000000000
0.448636705 0.000000000
-0.224318353 0.000000000
0.000000000 0.000000000
0.000000000 0.000000000
0.000000000 0.000000000
0.000000000 0.000000000
0.000000000 0.000000000
0.000000000 0.000000000
0.000000000 0.000000000
0.000000000 0.000000000
0.000000000 0.000000000
0.000000000 0.000000000
-0.448636705 -2.000000000
0.000000000 2.000000000
0.000000000 0.000000000
0.000000000 0.000000000
0.448636705 3.000000000
-0.448636705 0.000000000
0.224318353 0.000000000
0.000000000 0.000000000
0.000000000 0.000000000
0.000000000 0.000000000
0.897273410 0.000000000
0.000000000 0.000000000
0.000000000 0.000000000
0.000000000 0.000000000
0.000000000 0.000000000
-0.448636705 0.000000000
0.000000000 0.000000000
0.000000000 0.000000000
0.000000000 0.000000000
0.000000000 0.000000000
0.000000000 0.000000000
-0.224318353 0.000000000
0.000000000 0.000000000
0.000000000 0.000000000
0.000000000 0.000000000
0.000000000 0.000000000
0.000000000 0.000000000
-0.224318353 0.000000000
0.224318353 0.000000000
0.000000000 0.000000000
0.000000000 0.000000000
0.000000000 0.000000000
0.000000000 0.000000000
0.000000000 0.000000000
0.000000000 1.000000000
0.000000000 0.000000000
0.000000000 0.000000000
0.000000000 0.000000000
0.000000000 0.000000000
0.224318353 4.000000000
0.000000000 0.000000000
-0.672955058 0.000000000
0.224318353 0.000000000
0.000000000 0.000000000
0.000000000 0.000000000
0.000000000 1.000000000
0.000000000 0.000000000
0.000000000 0.000000000
0.000000000 0.000000000
-0.224318353 0.000000000
0.224318353 0.000000000
0.000000000 0.000000000
0.000000000 0.000000000
-0.448636705 0.000000000
1.121591763 0.000000000
0.000000000 0.000000000
0.000000000 0.000000000
-0.224318353 0.000000000
0.000000000 0.000000000
0.000000000 0.000000000
0.000000000 0.000000000
0.000000000 0.000000000
0.000000000 0.000000000
0.000000000 0.000000000
0.000000000 0.000000000
-0.448636705 0.000000000
0.000000000 1.000000000
0.000000000 0.000000000
0.000000000 0.000000000
0.000000000 0.000000000
0.000000000 0.000000000
0.000000000 0.000000000
0.000000000 1.000000000
0.000000000 0.000000000
0.000000000 0.000000000
0.000000000 0.000000000
0.000000000 0.000000000
0.000000000 1.000000000
0.000000000 0.000000000
1.121591763 0.000000000
0.000000000 0.000000000
0.000000000 0.000000000
0.000000000 0.000000000
0.000000000 0.000000000
0.000000000 0.000000000
0.000000000 0.000000000
0.000000000 0.000000000
0.000000000 0.000000000
-0.224318353 0.000000000
0.000000000 0.000000000
0.000000000 0.000000000
0.000000000 0.000000000
-0.448636705 0.000000000
0.000000000 0.000000000
0.224318353 0.000000000
0.000000000 0.000000000
0.000000000 0.000000000
1.121591763 0.000000000
0.000000000 -1.000000000
0.000000000 0.000000000
0.897273410 0.000000000
0.000000000 0.000000000
0.000000000 0.000000000
0.000000000 0.000000000
0.000000000 0.000000000
-0.448636705 0.000000000
0.000000000 0.000000000
0.000000000 0.000000000
0.000000000 0.000000000
0.000000000 0.000000000
0.000000000 0.000000000
0.000000000 0.000000000
-0.224318353 0.000000000
0.000000000 0.000000000
0.000000000 1.000000000
0.000000000 0.000000000
0.000000000 0.000000000
0.000000000 0.000000000
0.000000000 0.000000000
0.672955058 1.000000000
0.000000000 0.000000000
0.000000000 0.000000000
0.000000000 0.000000000
0.000000000 0.000000000
0.000000000 2.000000000
0.000000000 0.000000000
-0.672955058 0.000000000
-0.448636705 0.000000000
0.000000000 0.000000000
0.000000000 0.000000000
0.000000000 0.000000000
1.121591763 0.000000000
0.000000000 0.000000000
0.000000000 3.000000000
0.000000000 0.000000000
0.000000000 0.000000000
0.000000000 0.000000000
-0.672955058 0.000000000
0.000000000 0.000000000
0.000000000 0.000000000
0.000000000 0.000000000
0.000000000 0.000000000
0.000000000 0.000000000
-0.448636705 -2.000000000
2.018865173 0.000000000
0.000000000 0.000000000
0.000000000 0.000000000
0.000000000 0.000000000
0.000000000 0.000000000
0.448636705 0.000000000
0.000000000 0.000000000
0.000000000 0.000000000
-0.224318353 0.000000000
0.000000000 0.000000000
0.000000000 0.000000000
0.000000000 1.000000000
0.000000000 0.000000000
0.000000000 0.000000000
0.000000000 0.000000000
-0.672955058 0.000000000
0.000000000 0.000000000
0.000000000 1.000000000
0.000000000 0.000000000
0.000000000 0.000000000
0.000000000 0.000000000
-0.224318353 0.000000000
0.000000000 0.000000000
0.000000000 0.000000000
0.000000000 0.000000000
0.000000000 0.000000000
0.000000000 0.000000000
-0.224318353 0.000000000
0.000000000 1.000000000
0.000000000 0.000000000
0.000000000 0.000000000
0.224318353 2.000000000
0.000000000 0.000000000
0.000000000 0.000000000
1.345910116 0.000000000
0.000000000 0.000000000
0.000000000 0.000000000
1.121591763 0.000000000
-0.672955058 0.000000000
0.000000000 0.000000000
0.000000000 0.000000000
0.000000000 0.000000000
1.121591763 0.000000000
0.000000000 0.000000000
1.345910116 3.000000000
0.672955058 0.000000000
0.000000000 0.000000000
0.000000000 0.000000000
-0.448636705 0.000000000
-0.897273410 0.000000000
0.897273410 3.000000000
-1.121591763 0.000000000
0.000000000 0.000000000
-0.224318353 0.000000000
0.000000000 1.000000000
2.018865173 0.000000000
0.000000000 0.000000000
0.000000000 0.000000000
-0.224318353 0.000000000
0.000000000 0.000000000
-0.224318353 0.000000000
0.000000000 0.000000000
0.000000000 0.000000000
0.000000000 -2.000000000
0.000000000 0.000000000
0.000000000 0.000000000
0.000000000 0.000000000
0.000000000 0.000000000
0.000000000 0.000000000
-0.224318353 0.000000000
0.000000000 0.000000000
-1.121591763 -2.000000000
0.672955058 0.000000000
0.000000000 0.000000000
0.000000000 0.000000000
0.000000000 0.000000000
0.000000000 0.000000000
0.897273410 1.000000000
0.000000000 0.000000000
0.000000000 0.000000000
0.000000000 0.000000000
-1.345910116 0.000000000
0.448636705 0.000000000
0.000000000 0.000000000
0.000000000 0.000000000
0.000000000 0.000000000
0.897273410 0.000000000
0.000000000 0.000000000
0.000000000 0.000000000
0.000000000 0.000000000
1.345910116 0.000000000
0.448636705 0.000000000
0.000000000 0.000000000
0.000000000 0.000000000
0.000000000 -1.000000000
0.000000000 0.000000000
0.000000000 0.000000000
0.000000000 0.000000000
0.000000000 0.000000000
0.000000000 0.000000000
1.121591763 0.000000000
0.000000000 0.000000000
0.000000000 0.000000000
0.000000000 0.000000000
0.000000000 0.000000000
0.000000000 0.000000000
0.000000000 0.000000000
0.224318353 0.000000000
0.000000000 0.000000000
18.4267037711
