200 8062 6.76075 0.53796
106 162 9
76 98 2
40 149 10
174 192 7
56 70 3
94 135 6
21 194 5
98 136 1
158 198 8
82 129 3
11 94 2
106 192 6
166 184 4
68 132 7
2 191 7
159 191 1
40 193 2
174 183 1
64 200 6
4 106 5
24 81 4
120 156 6
36 59 9
6 56 5
115 147 10
20 25 6
36 132 5
62 85 5
31 37 4
33 142 10
69 97 9
27 161 3
77 176 9
8 46 8
38 196 10
136 166 1
97 125 1
19 21 3
16 96 5
73 129 2
13 200 1
99 105 3
26 55 4
29 68 6
21 189 8
105 182 10
65 105 7
55 105 4
97 195 2
102 197 8
133 180 10
16 21 9
1 183 4
58 126 3
80 177 10
2 84 7
14 82 2
40 150 4
81 129 1
39 128 10
25 190 4
75 186 4
6 86 10
60 169 9
36 166 4
98 183 7
36 71 5
76 191 1
68 161 9
142 148 10
19 75 5
67 152 7
10 90 7
117 148 8
156 192 7
26 122 1
48 57 9
46 187 4
44 105 3
114 149 10
6 83 8
140 175 9
99 158 5
26 48 10
45 198 4
3 52 9
86 140 1
3 31 7
67 157 8
6 120 6
18 167 5
24 122 4
39 122 9
85 98 6
55 98 2
97 161 6
29 141 7
148 170 6
126 128 4
104 168 4
133 179 3
156 182 5
70 131 8
6 169 10
145 191 1
140 154 10
28 76 1
8 158 6
139 190 2
76 96 4
82 95 4
23 182 3
22 165 9
58 101 10
27 104 10
61 194 8
22 24 9
21 144 4
168 188 4
163 200 8
133 147 2
30 51 9
103 178 3
80 182 3
109 155 1
67 129 9
183 188 9
132 141 2
77 195 7
14 52 9
138 177 2
33 188 7
57 198 10
19 183 10
53 152 6
18 189 5
72 109 9
175 192 6
127 187 8
165 168 2
51 145 8
60 105 4
114 184 5
88 187 8
142 186 4
4 11 9
74 200 5
22 129 8
85 114 4
75 89 7
43 176 8
82 189 8
20 149 8
93 103 5
72 152 10
79 113 10
36 80 6
17 153 9
38 55 6
13 101 6
22 150 6
66 75 7
9 140 6
74 111 4
29 49 2
50 130 1
72 126 5
16 28 5
181 187 3
90 176 5
42 60 10
37 111 7
32 143 4
193 195 8
145 197 5
93 178 2
48 193 1
88 117 1
65 182 4
23 63 7
39 95 1
155 185 6
59 124 5
39 116 6
93 146 9
57 143 8
35 94 9
64 171 3
6 36 10
112 164 10
108 165 1
83 153 9
67 107 5
148 171 1
80 160 9
9 98 10
18 57 1
45 167 7
94 164 8
7 148 2
4 116 9
54 151 4
24 159 7
10 61 3
11 147 3
102 147 5
34 57 9
26 116 1
177 178 5
22 182 3
36 86 1
121 130 2
116 189 1
90 162 8
42 178 4
71 193 2
23 76 6
5 180 2
45 83 10
7 13 1
111 182 6
103 166 10
79 198 7
63 179 7
66 164 6
87 176 10
67 197 4
34 160 1
76 177 3
18 60 6
19 136 1
62 127 9
141 183 3
16 98 6
71 130 6
16 162 10
77 198 6
84 181 6
22 183 10
119 142 10
64 115 2
3 133 3
54 145 9
5 17 6
1 153 5
32 90 8
6 119 5
53 198 8
57 80 3
115 156 5
187 197 5
39 132 9
18 121 3
131 190 9
85 159 1
35 169 3
4 118 4
14 73 1
31 169 7
91 105 5
16 50 3
64 72 2
24 107 4
73 186 9
148 197 7
11 184 3
87 143 4
137 173 1
126 170 8
52 74 5
40 141 1
7 187 1
11 72 3
74 159 2
76 124 8
5 27 5
2 102 7
93 96 9
73 116 9
9 144 6
16 148 8
29 182 8
13 197 4
137 169 4
93 196 6
30 104 5
13 187 4
19 150 5
144 175 6
22 114 3
162 189 3
141 164 10
18 142 8
56 168 5
90 179 3
121 128 3
108 149 1
121 148 6
70 159 9
43 112 9
34 130 10
68 154 10
54 186 7
50 151 4
102 179 2
109 152 8
181 191 1
139 156 5
70 101 7
36 156 9
31 118 1
148 192 10
68 151 6
81 100 10
79 108 10
139 177 5
68 105 9
58 176 4
47 135 5
61 107 2
41 68 5
99 132 4
21 53 2
52 109 3
51 197 9
131 146 3
30 164 5
2 175 4
27 126 9
188 195 3
125 183 6
69 163 3
16 200 10
76 128 4
38 124 6
95 128 2
136 148 10
50 154 8
9 21 2
139 161 4
54 195 8
48 192 3
11 78 7
176 189 5
173 195 6
112 165 4
26 95 10
111 179 4
64 100 9
55 182 6
118 195 8
9 97 1
68 167 4
18 74 8
58 115 2
23 40 10
98 186 1
9 33 10
48 148 3
37 58 9
53 113 7
40 44 5
137 164 7
59 199 2
83 189 2
113 141 2
13 98 7
160 198 4
25 143 2
103 153 9
27 72 9
121 141 4
48 95 3
16 185 7
48 94 2
111 184 4
47 134 8
3 131 4
39 66 4
102 115 7
61 187 5
37 118 1
10 16 10
58 151 2
20 164 9
45 157 4
12 132 3
88 136 1
22 45 7
31 146 10
136 190 3
30 36 1
130 172 7
45 138 7
7 45 5
73 98 9
50 96 2
3 118 4
47 184 6
27 165 3
47 140 8
73 131 6
49 67 4
44 124 2
35 88 8
118 141 8
50 63 2
31 58 2
79 127 6
49 99 9
108 115 8
44 197 8
29 112 8
3 169 3
98 127 9
111 195 6
86 131 1
103 133 6
55 110 4
86 91 6
15 107 6
103 164 4
68 144 7
56 131 8
80 89 3
47 141 6
10 102 4
154 195 2
3 79 3
116 146 1
63 133 2
32 133 3
83 85 7
79 89 7
145 200 9
19 148 1
77 192 10
4 42 2
32 56 7
107 156 10
2 67 2
128 175 4
36 69 5
79 134 3
46 108 2
88 199 10
75 150 1
74 101 1
87 198 3
43 44 1
172 180 5
28 131 3
150 152 6
61 66 1
32 146 1
175 197 2
66 197 5
17 44 9
76 81 5
99 138 8
77 88 10
35 142 1
28 194 1
43 164 3
47 96 7
65 146 3
107 117 9
124 131 9
2 116 5
19 31 7
18 136 10
21 141 8
39 50 4
76 111 6
20 124 1
105 106 8
54 91 8
19 64 2
74 75 3
22 162 7
2 68 3
10 109 10
22 167 8
3 36 10
159 195 2
1 54 5
128 154 1
44 172 4
88 181 3
73 93 8
73 187 7
28 171 8
140 184 5
121 137 5
100 164 1
97 137 6
81 142 6
29 118 8
43 172 10
6 122 10
34 92 3
144 170 2
55 141 2
62 77 7
11 172 3
186 188 2
135 154 7
15 17 8
33 51 8
24 129 9
65 92 1
79 179 9
89 116 10
140 183 4
73 195 4
40 99 9
11 58 5
83 102 2
30 154 4
25 42 4
144 147 7
125 139 10
120 149 4
79 94 9
101 141 10
17 104 5
67 155 8
181 190 2
74 187 9
158 188 2
12 88 5
170 199 10
1 184 6
102 144 4
128 134 5
113 142 2
136 195 4
13 74 3
39 134 7
80 110 10
61 154 7
11 40 8
178 197 2
40 139 1
62 181 2
16 163 4
134 162 9
56 137 8
4 97 6
42 182 10
27 181 4
29 136 7
28 162 7
146 164 7
24 96 3
34 39 9
88 144 1
44 162 8
116 161 5
130 138 10
32 155 4
46 93 1
154 190 7
102 130 9
11 164 6
108 185 8
105 153 5
82 125 9
70 151 6
43 53 4
10 53 5
38 99 8
105 158 9
99 195 6
112 132 3
84 102 10
41 98 5
83 109 10
92 98 3
121 138 6
179 192 5
55 108 4
91 117 8
3 132 8
42 68 8
40 101 6
146 167 9
133 195 8
28 110 6
93 131 6
94 153 1
118 146 3
106 163 5
44 94 3
14 36 3
44 114 3
57 89 2
94 162 3
139 198 10
145 152 10
43 114 2
99 156 8
18 34 7
46 121 7
13 192 6
110 197 9
62 130 10
46 77 9
169 193 5
26 164 1
114 175 2
114 152 5
37 90 3
66 69 7
170 197 2
7 78 7
72 188 6
30 193 2
4 120 6
159 168 9
42 95 10
121 142 1
48 124 5
27 190 10
22 141 5
139 154 2
19 68 9
48 144 9
129 147 2
47 106 2
98 133 9
136 162 4
39 147 9
75 101 3
179 186 10
50 191 2
15 41 5
62 92 7
87 136 7
125 164 10
26 107 10
17 65 3
21 79 2
16 68 10
43 104 3
82 159 10
31 84 7
162 198 10
3 173 4
142 146 7
3 165 4
52 182 1
11 100 7
129 197 9
164 187 7
83 91 9
109 158 4
40 72 3
7 116 6
13 49 5
183 191 4
104 174 7
91 174 9
112 173 2
122 138 1
127 182 10
41 153 3
157 192 2
27 31 10
41 132 8
79 83 9
115 181 10
94 95 8
172 187 10
45 54 9
42 187 6
54 125 2
147 168 5
31 137 8
112 143 8
91 133 9
85 128 2
59 185 9
51 136 6
27 66 10
16 132 6
122 127 3
73 177 9
20 55 10
27 136 9
134 197 6
196 198 9
21 97 10
133 167 3
2 60 2
43 64 9
65 184 3
69 181 6
161 174 9
30 62 6
39 75 8
89 196 2
28 51 1
18 75 9
8 127 1
110 194 2
133 178 10
70 80 1
46 50 7
134 180 7
4 162 6
105 187 2
37 133 5
15 87 3
38 125 10
44 173 9
34 91 9
78 96 7
54 198 6
24 60 1
157 182 1
75 168 9
1 189 1
87 188 3
98 194 7
86 155 5
77 146 1
31 141 6
13 24 10
13 154 9
17 192 3
42 96 2
23 185 7
114 169 6
50 175 6
41 93 8
164 182 6
70 189 10
131 193 3
129 172 5
11 163 4
47 51 5
159 181 4
70 76 2
85 171 7
63 80 7
76 171 10
6 128 4
21 72 3
68 104 4
71 114 7
78 109 8
161 183 7
152 169 8
73 134 8
15 187 1
37 151 4
30 45 6
73 171 1
103 115 9
134 184 4
20 115 3
5 75 10
8 112 9
51 62 8
29 134 6
57 200 6
80 181 7
109 153 4
62 173 5
84 200 3
79 150 2
111 198 6
155 166 4
3 185 4
75 126 4
107 144 7
177 190 5
48 178 10
11 49 1
44 147 8
40 59 6
80 111 9
30 90 9
93 101 3
22 32 8
133 196 2
127 191 4
67 79 5
16 37 3
104 110 9
95 164 7
13 113 4
77 128 4
18 174 3
133 146 10
30 150 10
179 194 7
78 104 10
29 135 5
106 133 5
54 132 6
134 151 2
67 74 5
24 80 3
83 134 5
1 4 3
182 193 4
81 131 3
91 176 9
59 151 8
36 44 9
6 22 6
9 50 7
11 131 3
80 195 2
84 157 10
26 190 5
3 105 2
71 121 1
11 77 9
38 40 3
48 188 2
58 89 6
56 63 6
1 83 6
38 115 2
62 96 5
102 198 1
3 103 10
33 127 8
3 179 8
162 178 3
11 32 10
52 80 7
25 182 2
19 73 5
79 164 9
8 189 9
25 87 3
20 67 1
113 122 5
29 197 10
163 188 2
28 123 9
89 142 4
62 186 9
6 134 9
86 107 5
90 118 4
27 99 6
174 181 9
144 151 1
71 109 8
61 114 1
100 153 3
84 114 1
61 136 9
71 112 6
45 145 8
30 96 7
6 17 3
52 79 7
162 167 2
81 107 7
82 152 3
14 131 4
5 95 2
30 85 10
2 38 9
21 140 6
66 149 6
132 155 2
51 120 3
43 200 8
132 192 1
26 90 7
180 193 10
116 120 2
103 156 9
155 191 2
108 167 1
114 176 3
92 121 3
16 142 4
6 33 5
60 70 1
38 167 3
67 161 6
143 186 8
149 159 7
42 148 10
1 25 5
62 68 9
12 90 1
19 50 10
49 122 8
18 180 4
153 189 4
79 132 5
16 70 9
86 170 9
106 157 1
94 180 6
106 139 8
27 30 7
83 90 7
20 95 6
37 126 7
2 138 5
49 159 1
118 173 2
12 27 9
18 38 8
42 113 4
81 104 8
16 106 1
95 183 8
91 131 10
98 103 2
54 136 2
114 138 9
48 184 3
143 190 2
37 176 8
84 95 4
115 140 5
4 139 6
135 145 9
24 137 2
88 101 1
19 182 1
33 184 8
25 45 10
37 65 2
14 188 4
74 180 4
15 167 3
20 156 8
20 58 8
88 160 1
84 139 8
6 51 5
32 85 9
40 159 5
6 144 5
104 147 1
60 190 4
84 151 2
96 145 6
106 178 1
129 199 2
107 132 7
30 100 7
95 126 9
2 115 2
45 141 6
48 98 9
62 171 6
135 144 7
22 119 4
49 66 4
39 166 2
31 193 2
54 86 2
43 198 7
96 188 6
60 173 4
123 148 5
6 87 10
58 197 9
44 149 2
12 96 2
11 27 10
13 61 10
113 125 5
2 9 10
32 76 7
46 117 10
31 198 1
104 160 2
7 9 2
104 164 8
41 162 10
73 167 4
55 115 3
54 61 9
55 181 4
119 175 2
121 167 9
25 160 8
2 156 6
154 198 5
85 87 6
120 141 10
54 76 9
1 127 7
42 192 4
68 90 8
20 151 7
139 184 9
1 151 4
73 97 2
55 84 10
112 128 4
40 119 6
22 55 9
82 173 1
165 179 3
89 160 6
118 121 10
48 197 3
167 193 8
91 136 2
15 81 1
108 156 9
121 192 7
30 162 8
1 71 2
105 130 9
3 189 5
15 152 5
7 193 2
52 190 8
39 60 2
105 195 2
159 197 2
46 131 8
106 136 2
46 125 6
162 196 8
55 101 4
109 181 3
157 190 2
108 123 2
98 147 6
116 173 7
29 63 3
151 158 10
39 91 10
141 150 5
117 118 3
57 176 7
22 54 3
21 89 1
80 128 4
40 187 7
160 193 4
82 164 10
56 179 5
125 130 5
19 165 1
113 175 2
49 181 2
2 40 2
10 128 9
122 151 5
167 171 4
66 120 7
3 137 7
126 185 6
101 137 6
23 189 2
126 182 5
71 131 7
27 50 4
98 152 5
23 62 9
113 138 8
29 174 8
30 186 1
12 22 2
60 67 3
105 164 6
109 165 9
44 62 1
37 74 4
22 52 4
14 126 5
66 85 7
98 156 9
7 175 4
39 43 9
29 40 10
97 101 1
46 114 5
74 171 1
70 113 2
83 196 8
29 159 3
48 55 10
27 39 4
74 141 3
77 107 8
55 131 9
26 45 9
135 171 8
125 144 9
78 95 4
90 163 8
110 129 9
1 140 5
68 119 6
67 118 9
54 165 2
85 191 9
107 182 8
110 151 5
124 175 1
1 26 8
12 175 10
84 198 4
178 191 4
57 108 4
4 102 8
27 158 5
41 94 9
118 160 1
56 192 3
112 142 9
34 86 5
37 75 6
118 181 8
7 146 5
47 50 4
93 126 7
66 93 3
21 171 8
18 82 9
33 37 4
35 183 2
128 190 2
33 168 10
14 169 5
140 171 2
63 112 4
18 120 9
7 63 7
69 173 3
114 178 7
41 106 6
20 82 7
82 170 3
92 94 1
83 110 7
36 115 1
35 91 10
65 104 10
32 175 5
33 64 5
29 55 7
101 160 8
36 54 8
37 120 4
30 38 3
9 56 7
17 176 7
130 183 7
18 133 8
30 98 8
74 188 3
12 40 9
47 86 7
60 88 10
153 179 7
100 104 7
19 70 7
60 192 6
111 192 2
10 96 10
62 169 2
45 72 3
155 180 3
83 165 3
39 52 3
106 167 9
20 153 10
32 41 4
147 155 3
30 146 1
3 4 5
119 122 8
175 191 4
33 93 2
77 168 8
103 122 3
41 122 7
4 147 6
52 134 7
102 166 3
88 118 5
29 48 5
40 181 3
135 187 1
29 128 7
101 156 1
86 191 8
159 200 8
13 102 6
25 98 6
43 196 1
24 124 6
19 168 1
61 120 3
67 108 7
6 175 8
47 194 5
69 82 10
89 181 6
42 101 1
84 133 8
49 75 9
165 177 6
114 116 1
9 169 1
14 142 2
128 145 6
72 83 4
34 188 10
132 175 2
1 77 10
78 195 9
30 44 4
5 44 10
84 107 1
52 97 5
164 171 1
74 157 9
9 84 4
7 40 9
105 177 2
39 87 8
132 159 6
72 169 4
95 169 5
113 176 8
24 177 10
63 64 5
34 175 2
16 180 2
100 131 5
156 179 4
70 171 1
58 114 5
18 186 3
94 185 8
30 67 9
79 107 9
82 85 2
3 199 2
30 147 2
106 148 3
111 165 2
72 184 7
10 132 5
87 116 3
103 154 4
60 150 7
8 168 8
16 35 3
7 155 3
103 200 3
42 150 4
125 133 5
119 140 9
72 104 10
20 28 9
27 90 10
35 181 6
9 136 4
10 12 10
14 15 6
6 137 9
69 199 9
115 152 9
26 196 6
31 111 10
63 162 6
92 179 6
52 132 8
6 183 3
1 45 10
74 156 4
134 167 5
10 143 3
9 173 8
10 187 8
138 184 6
46 51 10
158 187 3
139 179 8
1 10 9
36 108 6
10 193 9
10 141 6
36 147 6
93 104 7
116 180 7
96 152 9
51 85 8
159 163 10
2 111 3
55 71 5
41 143 6
181 196 7
38 126 5
29 119 6
72 93 10
123 187 2
46 169 5
119 146 1
70 199 7
8 13 7
137 140 7
119 198 9
83 195 10
78 199 1
83 160 7
50 58 9
65 138 5
84 172 4
127 130 6
96 178 5
147 194 10
77 105 3
94 171 6
52 189 5
33 69 4
75 153 6
11 42 1
126 179 6
93 116 3
184 199 8
41 135 8
73 190 3
46 132 5
79 169 10
20 27 6
56 69 1
71 126 4
94 124 3
132 179 8
120 161 5
58 80 9
38 72 4
141 168 6
51 157 4
90 166 1
90 111 1
134 165 7
88 195 8
15 148 2
39 179 6
72 153 6
132 156 6
71 173 3
41 124 5
32 119 7
149 156 3
60 179 10
12 89 9
126 198 3
165 178 1
16 116 10
1 154 9
89 183 1
29 142 5
168 176 9
46 95 9
7 123 10
41 129 5
63 171 10
119 138 7
117 141 6
8 105 1
67 196 1
34 196 1
10 123 9
29 165 7
145 194 5
2 144 3
32 44 5
114 166 6
111 162 6
61 101 4
14 156 7
84 105 2
82 118 9
41 196 7
100 160 1
155 186 6
8 183 1
14 184 9
139 157 2
125 186 6
78 165 2
74 115 3
121 159 4
26 33 9
51 84 1
111 137 7
69 198 3
140 152 7
55 122 8
20 141 9
16 146 1
8 71 9
125 148 4
181 199 1
32 154 9
62 146 3
31 76 6
63 121 9
28 155 3
47 139 3
38 113 5
94 169 9
167 190 5
22 200 5
35 140 1
38 121 1
65 98 5
60 69 4
111 128 6
85 192 6
24 110 3
53 105 7
17 45 1
67 126 3
39 71 2
2 3 6
185 198 7
111 186 1
37 94 5
25 26 5
21 146 8
34 126 9
82 160 3
87 99 7
11 47 10
168 186 8
119 125 6
171 191 5
30 156 5
73 181 6
84 149 10
40 199 8
5 106 6
62 69 2
98 126 2
72 123 2
85 101 2
112 115 8
107 123 8
108 127 4
67 128 2
35 136 10
8 92 10
69 152 5
11 192 2
105 145 1
75 165 4
88 124 7
64 188 6
88 176 7
15 28 7
115 161 7
106 129 1
6 113 7
79 88 7
2 24 1
150 176 9
37 173 2
138 186 3
2 35 4
123 165 8
4 137 2
188 193 6
40 122 8
64 161 7
2 124 7
38 57 1
107 193 5
13 176 1
51 129 2
178 185 5
56 96 6
119 157 6
38 66 1
26 56 3
4 46 10
66 183 8
68 130 2
50 125 5
135 148 1
89 154 3
35 116 9
59 153 5
28 126 4
17 61 2
87 195 4
89 144 4
102 160 8
41 181 6
117 140 7
81 90 5
45 183 8
46 59 6
17 181 8
154 172 5
26 72 10
57 104 3
148 166 2
42 71 7
47 66 1
101 138 4
177 193 5
15 158 4
49 183 4
153 178 1
85 152 8
65 97 2
137 162 9
61 96 9
45 155 1
128 146 3
107 120 3
69 155 5
85 196 3
6 90 2
146 152 2
124 165 9
4 89 6
16 149 10
119 147 5
186 189 4
57 183 1
9 52 6
26 191 3
68 85 7
11 18 6
123 138 4
101 116 4
12 107 4
153 170 10
111 142 9
40 130 1
162 183 10
61 74 7
121 180 1
9 29 10
83 147 6
40 105 5
69 89 8
51 161 4
76 167 4
172 198 5
21 174 8
27 36 6
9 55 6
7 39 8
35 198 7
82 119 6
40 172 4
48 198 3
182 184 5
106 159 8
149 155 9
1 84 3
8 179 2
77 158 6
96 132 8
69 169 2
68 77 1
15 172 8
14 55 5
13 51 7
56 113 6
85 86 6
22 185 4
26 86 8
24 167 5
73 101 2
9 149 1
22 199 7
157 168 5
72 195 4
71 192 3
157 172 5
163 184 5
19 104 7
46 122 3
163 169 10
114 119 6
145 179 10
37 138 4
75 171 9
19 34 8
100 103 8
61 198 9
86 143 4
44 101 1
62 89 3
56 117 6
125 181 7
30 145 1
3 74 2
44 80 5
7 179 3
103 196 2
137 187 6
99 110 4
31 85 7
40 73 1
46 123 2
54 168 1
81 130 7
6 149 7
13 116 1
66 168 1
120 154 6
20 50 3
75 135 2
19 169 10
97 179 4
1 48 6
28 92 4
43 88 8
21 90 7
114 125 10
161 194 4
116 152 9
58 96 1
178 184 7
65 102 1
17 106 6
117 131 9
121 133 3
26 151 10
36 135 5
68 101 1
151 189 5
29 191 10
102 157 1
24 149 5
167 197 6
9 156 4
2 88 4
35 197 2
38 70 3
83 132 4
90 91 3
99 129 1
44 152 6
97 104 1
55 167 2
38 120 7
133 187 1
178 180 2
29 30 3
4 114 7
188 196 1
125 145 10
109 113 8
14 172 3
91 93 6
38 69 4
16 122 8
31 133 9
141 147 2
117 160 6
141 193 1
104 171 3
47 157 5
24 66 8
141 169 9
137 156 4
9 70 2
81 195 1
183 196 5
121 197 7
26 185 7
17 32 6
71 92 7
9 85 8
19 125 9
118 148 10
100 183 6
160 169 3
80 164 1
54 182 7
27 37 9
166 168 8
1 158 3
28 178 3
11 26 9
110 125 9
91 103 4
42 185 9
56 74 6
133 134 6
21 148 10
77 97 5
79 187 10
175 177 1
84 166 3
142 145 3
41 107 8
48 65 5
21 52 3
82 88 7
102 134 1
20 76 3
88 89 4
79 140 1
65 93 8
91 143 6
82 158 10
20 127 6
14 71 2
140 153 2
72 198 1
130 193 2
169 195 2
7 84 2
45 119 2
7 42 1
5 158 1
15 78 7
17 179 4
46 72 7
5 171 3
119 194 8
151 160 1
111 116 10
15 127 9
5 86 7
100 167 2
105 141 3
11 126 10
64 174 10
76 159 4
65 129 9
133 138 7
152 170 2
110 188 7
43 106 5
136 189 9
75 120 7
46 112 3
70 192 2
8 196 1
37 79 3
58 157 7
73 127 1
73 188 8
133 199 10
118 199 8
10 180 3
134 169 3
37 62 2
139 146 3
170 192 9
68 69 2
86 184 6
180 195 2
39 69 8
61 180 10
42 91 10
130 131 10
14 133 9
45 46 9
18 166 7
87 191 8
180 182 3
131 139 7
34 141 8
156 176 2
71 117 2
79 156 2
57 136 4
55 170 1
31 130 7
152 179 5
137 148 2
25 35 5
76 197 10
51 81 1
131 166 4
150 162 8
39 119 1
9 24 5
48 121 2
153 187 7
65 195 8
24 105 7
68 102 9
70 152 7
8 82 5
163 187 9
44 133 6
148 195 10
29 157 3
32 110 1
19 100 7
112 137 10
27 69 7
79 192 8
143 182 2
81 155 7
96 109 7
60 176 10
87 186 2
73 200 8
57 86 3
113 116 1
105 109 8
63 120 3
144 179 2
11 21 2
4 170 2
28 160 9
129 176 1
31 168 1
106 175 5
141 184 6
26 178 7
144 190 4
83 186 6
112 152 10
167 199 8
58 122 1
8 129 5
40 146 9
128 148 10
81 123 9
140 197 4
89 194 10
28 115 1
5 124 9
34 194 8
21 74 8
118 122 7
118 163 9
109 170 2
42 81 7
46 118 4
98 135 2
25 88 6
57 115 6
145 196 9
126 191 10
30 184 5
140 161 2
26 110 10
34 179 3
86 141 5
85 195 3
43 52 5
37 46 7
63 78 10
69 136 8
85 193 9
42 149 7
120 139 2
53 66 9
175 180 2
105 123 10
138 162 8
28 166 4
179 190 6
98 162 9
105 129 8
165 169 5
122 123 5
23 128 2
82 84 10
53 111 6
3 156 6
155 192 2
95 127 10
88 96 10
19 71 7
29 36 2
45 63 9
8 25 4
25 40 4
131 160 2
92 112 7
28 141 7
100 193 6
59 178 8
7 104 4
76 185 4
30 113 3
64 162 8
50 149 10
71 82 2
103 151 1
65 157 10
107 149 1
81 152 5
2 155 5
91 149 2
90 125 5
7 30 2
9 64 8
23 73 4
84 113 4
32 91 10
87 170 9
5 170 6
123 178 3
114 170 9
79 125 8
42 155 4
100 147 2
5 144 10
20 163 9
80 94 9
55 119 3
62 67 2
139 183 7
51 60 8
99 186 9
23 56 4
86 168 7
134 150 4
192 198 10
159 164 2
12 68 5
87 196 9
1 134 3
99 182 6
33 65 1
6 192 10
70 170 1
1 33 5
92 138 9
50 88 8
159 183 2
30 107 4
48 52 9
26 177 8
11 166 7
84 111 5
23 179 7
41 78 10
14 189 2
81 103 1
91 173 10
96 190 8
6 89 6
33 46 1
4 84 5
30 35 4
86 104 7
14 54 7
153 177 1
40 163 10
73 140 7
52 165 4
81 191 3
76 188 6
165 186 2
41 105 5
137 179 4
96 193 4
80 112 2
126 184 8
22 43 7
58 191 4
52 164 10
37 60 5
152 155 7
46 96 5
58 78 1
52 173 2
171 180 1
68 134 3
57 77 7
48 120 9
89 119 10
5 114 6
156 174 7
27 198 2
116 131 6
41 72 8
78 157 5
58 64 7
49 174 1
95 138 3
80 161 10
96 191 10
9 94 3
49 199 4
73 151 9
67 136 4
144 146 1
28 127 3
41 62 6
107 177 6
87 110 6
29 186 1
84 88 1
22 92 2
36 40 5
47 62 5
127 165 9
103 124 6
79 85 5
94 199 5
78 132 9
18 101 2
9 112 1
52 78 1
162 176 2
6 61 3
178 195 8
69 166 8
95 134 1
21 43 9
31 48 8
142 181 6
107 116 10
15 185 5
94 187 6
97 197 3
2 140 10
135 191 8
112 166 1
92 177 8
24 69 2
30 114 9
85 132 9
44 151 9
15 36 5
121 157 8
54 55 8
51 58 6
31 190 4
89 110 3
76 80 6
137 159 3
121 123 2
13 40 3
110 196 1
41 138 2
124 190 5
20 155 8
13 34 6
63 182 4
31 179 6
65 66 1
40 168 7
104 185 9
2 4 2
25 197 4
11 66 2
10 18 10
47 132 6
35 101 10
125 155 2
71 93 7
31 51 6
1 175 5
108 164 9
38 74 5
6 46 6
1 170 6
56 80 1
86 165 3
33 158 9
69 138 6
139 168 2
77 181 8
157 191 5
150 197 1
22 28 2
67 168 5
142 176 10
19 200 6
102 165 10
62 81 9
36 39 3
9 196 7
14 113 7
21 176 9
41 128 5
2 25 1
73 184 9
154 163 1
5 160 6
113 191 3
88 147 2
23 30 8
20 113 6
80 132 2
11 148 1
35 143 1
70 82 1
31 104 3
1 135 8
48 177 10
27 68 7
161 188 1
28 69 8
44 111 2
51 160 7
5 177 6
70 122 10
1 91 6
4 155 7
101 129 6
36 176 3
5 107 6
106 160 9
1 107 2
33 151 3
91 121 1
122 173 3
11 149 5
58 106 5
11 33 2
70 155 6
92 125 5
118 151 1
13 158 10
118 161 7
94 113 1
21 44 3
66 95 8
122 187 8
92 173 4
3 180 6
39 58 9
51 122 1
5 182 5
16 91 7
6 65 5
73 111 10
8 78 1
2 10 8
71 191 9
38 180 9
164 195 9
23 27 4
110 146 9
163 164 5
115 133 6
85 188 5
178 200 3
65 164 4
17 110 8
40 164 10
12 69 5
40 106 9
50 128 2
49 155 6
17 19 4
69 168 8
119 170 7
54 104 10
98 179 6
100 200 8
16 181 2
74 110 6
47 67 10
17 57 4
24 78 1
1 19 3
105 125 10
48 89 6
49 92 3
136 185 8
72 133 6
4 20 5
116 171 3
139 193 5
81 148 10
24 186 5
128 155 7
18 50 4
52 160 4
97 123 3
123 200 8
74 80 8
7 38 8
30 171 3
95 113 4
32 161 6
8 113 6
46 146 7
28 42 10
70 99 6
24 108 2
25 108 9
118 136 3
162 199 6
156 166 5
147 159 8
61 191 8
27 195 7
50 143 2
9 132 5
47 121 1
40 117 2
85 163 5
20 111 5
21 123 10
19 78 2
90 180 2
28 60 7
121 177 6
15 199 10
11 139 2
31 82 9
58 156 7
99 171 3
166 188 5
30 151 6
110 120 5
2 92 5
59 166 10
17 132 3
38 164 9
95 96 8
125 190 10
59 188 5
92 174 1
26 163 10
98 164 8
82 139 2
16 47 3
36 183 6
19 89 10
80 118 10
162 174 10
52 67 10
87 91 2
80 134 6
28 197 9
5 179 8
100 158 1
64 127 9
36 172 4
4 63 8
10 29 2
35 141 4
63 115 10
68 183 9
87 174 8
146 147 2
79 123 4
22 188 1
61 64 3
63 169 5
33 77 6
176 179 1
88 153 7
112 126 1
42 62 5
29 88 8
71 188 3
10 198 2
125 160 1
11 197 3
161 175 8
25 34 8
36 41 10
42 154 8
75 97 2
27 169 1
9 158 3
11 51 9
58 173 8
54 137 1
60 122 6
170 193 10
107 137 6
53 193 7
110 176 2
4 128 3
162 173 10
146 181 7
66 80 4
38 68 2
57 165 9
101 184 2
38 49 8
133 158 9
32 163 6
157 173 7
106 165 9
43 76 4
60 188 1
45 165 6
46 147 5
94 167 5
129 188 1
114 193 2
39 48 9
80 145 8
40 115 2
152 193 10
136 184 10
81 120 6
124 163 7
6 14 4
48 175 4
100 140 6
113 120 7
11 127 3
66 186 7
59 162 6
149 184 5
89 98 5
82 106 7
75 173 3
42 158 2
112 150 6
71 99 4
36 121 10
52 111 10
37 59 9
170 196 4
113 146 8
96 142 8
165 190 7
1 166 1
93 105 6
96 156 1
15 64 10
131 155 5
148 194 2
93 168 7
54 60 1
106 131 8
44 87 9
131 148 3
133 192 4
24 170 1
152 186 5
7 161 1
143 169 8
19 198 9
46 48 6
17 151 9
26 167 3
63 143 4
88 94 6
16 165 7
79 86 4
24 163 2
8 147 3
135 156 5
87 173 1
115 128 9
145 166 2
138 174 5
15 32 4
80 197 4
140 177 8
91 168 5
89 143 6
129 145 9
15 27 9
59 122 3
86 196 8
149 162 2
35 118 5
4 9 3
91 108 1
34 63 1
163 185 3
7 195 2
145 167 6
3 186 10
123 172 10
100 152 10
73 128 4
97 120 10
5 151 4
5 169 4
167 169 9
19 94 1
91 104 10
24 40 4
34 99 1
124 192 2
4 37 4
10 50 5
68 198 7
10 55 6
10 138 3
57 186 7
120 128 6
58 152 4
89 97 7
5 131 1
50 51 1
24 190 1
2 107 9
29 92 4
190 200 6
101 172 9
144 174 8
30 138 4
35 50 5
158 183 9
85 143 1
35 133 4
74 128 10
133 141 10
96 117 9
7 100 5
119 149 4
12 44 7
85 104 5
64 190 3
18 99 3
1 172 5
116 121 4
25 29 8
152 162 4
39 174 6
145 181 7
100 107 2
45 101 7
37 128 10
57 169 7
10 28 4
58 91 2
50 141 2
97 131 8
12 183 10
1 32 1
44 167 2
61 110 1
111 123 4
23 161 10
70 89 3
14 182 7
87 181 9
8 140 6
145 157 4
75 181 5
99 196 5
74 162 4
22 95 8
6 124 1
99 112 10
28 85 6
15 200 10
39 105 5
51 93 5
101 174 10
103 116 4
22 148 9
14 96 7
3 70 6
189 200 5
133 156 7
65 153 10
27 164 9
45 130 2
71 159 4
34 81 5
24 115 5
20 183 8
17 133 2
132 174 5
23 192 10
74 119 8
13 162 1
181 184 8
104 170 5
55 133 8
10 41 6
56 118 3
29 200 9
48 129 8
14 61 2
99 141 3
72 76 9
28 174 3
70 118 5
63 176 5
34 200 5
65 95 8
50 172 10
64 102 7
73 156 2
45 74 5
119 183 10
5 85 2
44 158 9
10 69 5
84 155 6
28 199 8
1 90 2
32 144 8
69 106 1
104 200 1
110 124 9
72 187 8
3 121 7
67 116 9
14 25 7
111 129 6
6 74 2
115 195 9
64 119 10
29 161 10
66 74 3
45 162 9
19 102 10
97 144 3
162 190 2
63 135 6
41 160 5
32 50 10
114 192 8
5 110 10
160 166 7
31 142 5
149 198 10
2 108 4
18 69 7
164 199 4
13 179 7
186 195 8
11 80 7
81 128 3
16 83 9
6 170 8
17 125 5
67 133 7
14 174 9
10 152 6
78 181 7
63 109 4
32 127 5
3 157 6
80 190 10
106 158 9
135 165 6
120 194 2
65 88 6
40 64 10
169 190 1
75 140 9
142 194 2
146 153 1
6 140 8
27 88 4
44 99 5
68 194 2
4 163 4
8 81 4
66 131 5
81 179 9
29 84 1
91 159 3
135 199 5
88 120 5
84 99 2
142 161 2
30 125 4
3 130 4
34 120 3
73 169 9
39 57 4
54 191 8
22 187 10
7 197 5
12 91 2
37 67 3
86 157 8
2 93 8
43 186 5
49 81 5
87 115 4
21 100 6
27 122 9
52 85 4
5 126 10
46 100 10
53 138 3
113 164 7
17 149 9
113 161 7
70 108 3
102 140 7
121 163 2
179 188 10
40 51 3
92 164 2
109 148 10
15 150 2
140 168 4
60 159 2
39 173 1
132 140 2
20 108 8
147 196 6
98 117 10
7 11 10
169 200 9
62 191 1
55 172 7
160 196 3
14 173 7
69 131 6
17 69 9
157 170 5
96 124 5
7 110 4
25 97 3
51 95 4
34 87 8
128 135 8
108 139 8
105 180 2
101 128 6
116 163 9
101 171 5
139 147 5
78 196 7
123 195 4
164 191 8
52 139 8
15 53 8
86 98 4
170 190 7
15 90 2
34 80 8
101 176 9
90 147 8
100 130 2
95 167 9
74 93 8
113 196 5
56 197 10
50 118 2
20 94 4
133 152 5
152 190 7
35 172 7
71 168 1
8 9 5
77 96 3
76 121 10
58 154 6
93 122 1
28 163 8
90 127 10
7 103 5
111 140 10
157 161 7
108 137 5
72 147 10
5 120 3
100 101 6
138 170 2
1 114 10
41 142 4
104 137 1
68 98 9
6 44 9
43 86 4
22 138 2
64 109 1
82 102 10
71 100 9
39 186 3
98 148 6
79 167 10
1 187 10
149 183 10
119 155 3
23 85 4
127 129 9
122 148 8
23 118 10
104 123 1
10 19 4
131 134 1
14 49 9
161 190 5
161 173 5
11 55 2
6 185 5
142 165 1
127 197 10
117 176 3
54 94 4
8 47 10
101 151 1
3 167 3
105 194 10
66 156 8
13 180 3
126 132 3
98 128 9
84 135 8
17 115 1
124 174 10
100 190 2
5 139 5
42 188 2
12 167 10
54 131 10
64 198 8
90 93 10
90 117 5
45 181 8
68 110 5
4 108 4
34 181 5
117 185 3
73 83 8
53 159 10
109 185 1
26 144 6
135 157 2
71 134 2
63 116 9
23 116 3
19 166 5
122 162 4
150 155 7
6 52 7
26 182 8
23 191 8
5 71 10
83 99 2
180 189 7
48 63 10
39 168 8
21 133 7
63 149 4
64 76 5
60 73 1
140 166 8
100 161 6
23 176 8
77 98 10
132 189 8
25 117 6
41 200 10
179 199 9
116 126 4
57 168 4
11 35 2
44 76 6
129 167 2
31 34 8
27 162 10
94 120 3
52 96 5
42 74 5
13 59 5
24 44 8
80 98 5
171 179 2
38 41 2
146 180 7
112 158 10
71 150 3
65 148 9
80 127 5
101 139 6
76 137 8
101 104 8
128 180 7
43 51 6
93 187 8
67 189 8
117 132 8
7 102 3
47 89 8
57 147 10
31 99 10
42 157 8
52 120 2
119 145 10
85 155 2
87 124 4
68 123 2
74 136 5
2 197 2
42 170 9
62 111 5
29 175 4
7 64 7
168 177 7
33 164 8
56 65 5
62 133 5
63 74 4
44 89 1
141 171 5
29 146 4
22 121 6
44 104 9
83 175 10
30 178 6
78 138 5
117 163 1
58 75 8
32 134 2
57 145 3
185 195 10
84 110 1
148 181 10
104 128 3
85 107 3
54 120 7
78 139 7
7 135 7
74 185 8
18 46 4
153 194 10
84 128 6
33 182 7
24 173 8
109 172 1
125 192 5
21 153 9
15 86 7
102 135 8
13 147 1
136 149 6
52 155 9
89 108 4
123 186 10
48 122 10
10 106 7
143 192 2
135 168 4
25 76 9
105 119 4
91 97 1
155 175 5
49 58 6
67 122 9
72 142 9
16 195 8
1 79 6
4 138 10
28 37 6
11 88 1
82 195 8
25 159 9
163 173 5
120 131 2
18 21 2
48 185 5
33 91 9
29 72 4
53 57 4
40 195 1
14 85 3
25 158 9
81 89 10
120 166 9
4 57 1
58 85 9
12 127 7
51 187 9
17 34 2
134 181 2
32 74 7
122 132 3
145 184 3
69 157 7
95 130 7
62 161 5
36 159 2
168 190 10
66 192 7
107 151 10
60 154 2
64 83 2
15 91 1
138 150 3
50 192 6
7 87 5
1 92 10
75 134 7
84 137 4
27 32 1
16 81 3
62 66 2
148 196 7
47 186 3
36 82 7
135 189 3
72 121 5
65 151 6
13 125 7
46 60 10
34 155 3
90 122 6
128 165 10
83 111 8
4 70 8
138 147 1
138 156 4
38 110 4
185 190 4
83 93 2
58 117 2
32 116 9
33 90 2
20 73 6
183 185 9
24 101 9
59 96 9
130 154 3
92 135 4
62 73 8
32 95 5
93 170 6
105 179 6
126 187 5
10 84 4
33 86 10
121 154 9
10 122 8
172 186 6
177 185 5
111 164 4
67 175 8
81 181 3
60 130 1
3 62 1
83 177 3
59 156 5
63 190 4
2 26 1
22 173 8
167 189 1
77 138 5
39 65 4
64 89 8
138 176 9
28 68 7
73 113 5
33 48 6
64 88 8
74 130 5
20 191 9
64 65 5
52 104 7
113 159 3
97 189 1
9 137 6
127 155 9
28 168 2
59 108 6
128 187 4
78 110 5
16 45 1
39 92 2
22 44 4
66 143 9
91 182 4
39 180 2
46 166 9
104 172 8
114 120 5
52 140 7
137 189 7
162 197 1
28 103 10
116 159 1
32 47 6
45 121 1
79 93 10
134 192 6
163 199 6
136 157 5
8 49 10
123 196 8
13 85 4
5 156 7
39 146 7
76 122 7
83 148 2
62 138 5
153 174 7
53 172 2
110 180 3
55 151 7
72 140 7
45 174 6
79 114 6
28 158 1
85 146 4
2 148 7
73 144 7
29 193 10
3 48 5
134 177 10
105 128 9
139 196 4
160 170 3
76 173 3
62 117 1
41 56 2
191 197 4
20 128 4
88 162 10
61 147 7
117 142 1
33 167 5
105 197 9
101 130 4
185 186 1
156 160 5
13 120 2
45 151 6
117 199 2
62 109 4
64 106 4
85 129 8
143 165 9
37 193 4
12 80 6
110 156 8
38 159 10
9 53 5
65 83 8
125 172 6
16 198 6
59 147 7
57 134 7
1 30 10
100 129 3
19 195 10
18 118 1
33 139 7
41 52 9
113 193 8
15 57 1
73 112 9
9 127 9
170 172 8
43 78 9
89 192 4
29 54 3
37 134 7
9 116 6
27 174 8
36 38 7
54 101 10
166 179 4
52 199 6
111 200 3
30 185 2
59 76 4
109 128 2
36 154 2
105 198 4
118 134 1
38 60 10
133 175 9
34 51 5
5 8 4
13 135 6
71 76 4
83 107 5
111 159 9
26 93 8
65 81 7
89 178 4
10 63 8
127 151 9
88 175 7
93 197 7
137 155 3
113 174 9
68 187 3
11 191 6
38 133 5
80 150 10
100 171 10
174 185 3
61 181 4
132 177 8
112 147 8
137 184 8
100 154 9
22 146 6
79 121 6
63 165 4
146 151 7
93 114 1
62 157 10
6 104 4
10 98 7
24 99 9
170 183 4
76 146 8
13 104 1
65 116 10
30 82 8
99 153 4
102 113 5
104 134 3
39 104 6
17 170 2
156 173 9
7 26 5
56 141 4
58 131 10
41 177 1
117 184 2
25 70 10
103 131 5
179 180 6
158 171 2
6 72 1
97 181 9
54 146 1
4 83 6
100 187 3
59 143 1
40 148 1
171 186 10
14 34 5
59 165 6
20 44 8
91 123 7
7 82 3
62 137 5
116 192 5
74 103 5
117 157 2
85 189 1
84 145 3
75 147 8
75 178 4
24 176 3
35 151 10
8 184 3
54 144 7
138 181 3
56 169 10
148 175 3
85 182 2
75 172 7
10 171 5
4 196 6
69 160 6
74 127 10
178 192 5
87 93 2
2 127 4
122 140 5
118 191 7
32 165 10
33 141 10
124 145 7
122 172 10
109 195 6
20 122 4
159 182 8
44 95 3
112 120 8
58 129 1
41 174 8
76 123 5
152 185 4
30 182 6
106 154 2
14 95 7
54 171 5
21 127 1
32 141 5
18 37 7
87 145 3
132 145 3
33 166 10
122 150 8
3 182 6
54 98 9
129 185 8
53 166 4
14 129 7
149 181 2
49 172 8
45 156 1
116 132 1
173 196 1
38 117 7
29 126 5
104 127 4
9 57 10
14 48 6
16 63 3
4 17 6
172 185 9
9 66 3
72 105 2
88 196 2
11 93 1
43 59 6
8 142 9
24 151 10
69 75 5
16 34 1
91 116 7
8 87 8
12 179 6
21 49 3
4 134 7
77 108 10
66 115 7
3 143 9
58 180 2
60 148 7
65 174 9
70 120 3
54 197 9
31 123 1
105 122 8
24 157 7
95 140 10
125 193 8
129 134 5
50 116 1
49 194 2
28 83 10
46 126 9
46 74 5
69 91 3
46 153 9
3 45 1
13 152 6
78 191 9
27 120 4
105 188 7
90 144 5
78 188 7
11 102 2
30 63 2
20 79 7
99 139 5
15 88 6
29 185 8
61 103 2
26 106 8
48 82 4
60 125 10
43 109 4
86 163 5
65 180 2
27 87 4
12 149 2
2 129 9
96 189 8
14 185 7
128 168 2
65 103 6
6 173 4
77 100 7
97 109 3
81 101 10
43 133 5
102 176 10
9 11 10
11 122 4
37 110 9
33 187 3
78 107 3
42 82 4
77 159 1
144 185 2
14 168 9
130 168 2
14 157 7
71 133 9
9 77 7
89 91 4
27 196 2
61 149 10
111 176 3
64 164 9
52 185 8
50 55 1
49 126 4
42 124 9
12 104 5
25 125 1
20 137 8
5 198 10
88 156 4
79 165 4
105 118 2
103 175 4
16 187 3
133 176 8
55 148 7
68 197 3
15 129 4
10 44 3
103 130 2
37 129 3
62 118 8
197 200 4
50 132 6
7 147 1
94 110 2
47 55 5
136 191 1
52 87 8
106 170 5
125 127 6
126 155 1
60 89 3
97 169 2
81 182 5
33 66 9
24 178 8
20 180 2
100 165 1
78 86 3
28 132 6
7 163 10
79 80 10
46 109 2
16 140 4
54 83 10
76 129 7
35 115 4
22 117 10
50 106 9
116 137 1
50 114 4
68 116 6
81 141 10
6 35 1
50 199 10
7 41 8
135 139 10
94 123 7
45 164 4
18 132 3
1 196 9
108 147 1
27 48 7
52 64 10
32 166 9
195 197 5
155 161 4
68 100 2
60 184 3
146 183 1
41 188 4
100 134 1
9 111 6
117 181 10
165 200 8
170 181 8
6 98 3
9 42 1
36 75 6
159 194 10
131 147 8
103 177 9
29 171 8
7 89 7
120 162 3
162 177 7
153 191 4
28 184 3
140 180 7
136 152 7
16 60 4
150 183 7
114 179 8
19 161 5
19 40 4
158 177 7
52 158 5
33 185 4
47 177 7
51 131 7
165 196 10
3 39 9
87 163 3
49 139 5
27 59 1
63 114 5
46 151 1
57 73 8
180 190 5
121 144 4
26 176 6
19 92 9
46 71 2
53 137 9
62 94 1
17 178 8
66 138 8
142 178 8
28 136 6
96 166 2
65 159 7
115 130 2
31 43 3
62 194 5
41 119 3
20 33 6
45 75 9
59 132 4
1 56 10
36 62 9
80 81 2
115 141 3
74 137 7
98 121 9
36 198 9
51 184 6
48 161 5
61 150 5
48 135 9
19 97 4
82 140 2
73 74 8
58 153 2
42 122 5
9 76 8
154 179 6
156 195 6
67 101 10
79 92 5
51 99 7
55 194 8
32 140 9
34 62 4
16 78 4
22 103 8
77 79 9
69 118 10
131 191 7
11 39 3
50 56 9
158 180 9
57 181 4
35 70 9
148 200 7
81 105 10
79 130 5
11 141 8
110 189 1
50 163 1
39 170 10
48 84 4
79 106 6
91 128 8
23 61 1
2 187 7
32 188 10
131 169 9
31 149 9
146 193 5
13 54 7
22 102 8
85 170 6
140 193 6
47 84 6
86 200 5
13 148 9
20 178 9
176 186 4
3 87 7
36 177 4
139 197 10
114 131 1
115 162 10
121 125 10
49 52 10
29 81 4
42 63 4
140 163 1
19 30 5
27 135 7
142 160 9
18 85 8
89 168 9
4 173 5
91 100 1
50 147 9
40 135 9
40 194 8
73 82 9
118 157 9
28 96 5
4 124 1
13 174 8
11 44 4
30 149 9
125 177 10
181 188 10
81 133 9
43 126 5
47 98 6
106 182 10
102 124 1
68 95 4
149 172 8
62 123 9
6 50 7
130 144 8
186 198 8
20 134 9
92 172 2
12 151 1
80 135 7
149 175 5
91 127 1
56 191 5
99 136 8
89 157 5
55 196 3
129 140 7
72 157 4
149 165 4
7 96 5
136 175 1
15 177 9
4 142 2
11 14 2
115 146 2
116 197 2
25 195 2
29 95 6
68 82 1
101 111 10
116 125 9
14 87 6
6 116 3
59 176 7
54 66 4
9 46 9
3 188 7
6 16 8
20 43 4
97 105 10
158 190 8
178 181 3
23 155 10
16 33 9
43 103 5
52 180 6
83 139 6
38 107 3
75 113 10
14 125 8
97 126 4
93 200 7
5 30 5
17 129 2
13 47 7
54 123 4
100 145 2
16 138 5
24 180 3
19 25 5
87 95 9
74 152 1
86 149 3
138 175 6
20 192 3
24 182 1
9 176 5
9 146 10
64 180 9
33 121 8
24 192 9
13 57 7
20 197 6
35 167 3
76 148 4
10 110 8
42 111 4
120 184 8
162 187 1
59 136 5
33 70 5
54 72 2
89 96 7
9 118 8
30 132 10
103 161 2
37 55 6
74 175 5
69 149 1
48 163 10
80 82 6
109 144 1
134 158 2
97 142 3
59 163 1
42 117 2
22 34 6
85 91 8
102 125 8
44 163 10
5 118 4
19 61 7
116 172 2
97 198 7
19 93 8
118 142 6
9 157 1
56 136 8
46 102 5
71 185 1
120 187 7
146 150 6
71 151 4
70 142 10
61 62 7
91 94 2
24 62 1
13 153 8
56 176 8
64 193 6
7 53 10
54 78 6
78 108 2
77 120 9
147 156 8
64 199 2
6 96 3
41 82 2
132 169 2
46 176 2
78 154 8
85 167 1
82 101 3
89 187 6
37 48 2
138 159 7
8 80 3
3 56 10
2 149 9
129 132 2
153 155 7
59 134 3
69 70 10
110 131 3
75 159 1
149 180 4
21 46 1
153 196 9
18 130 6
13 84 6
168 169 5
56 64 2
93 153 4
91 120 7
64 75 8
2 5 8
84 147 6
92 96 1
178 196 3
5 48 8
115 135 8
20 68 8
109 177 1
21 132 2
156 169 3
5 146 10
3 148 3
108 184 10
1 131 1
152 158 9
80 166 4
11 50 1
68 120 9
62 99 10
47 87 1
132 170 9
147 190 9
98 172 5
18 73 2
76 114 10
39 74 8
88 103 6
48 172 4
39 181 9
95 131 7
37 102 5
82 124 4
54 73 3
168 185 10
107 150 8
77 115 8
57 189 3
160 174 9
34 78 5
17 62 5
35 63 2
67 100 6
18 92 9
89 112 3
18 91 9
170 191 5
37 88 8
142 174 1
58 142 9
81 113 7
49 71 1
15 98 7
49 60 7
21 105 5
30 199 3
79 142 6
13 23 4
58 125 6
189 195 5
62 160 9
106 124 2
84 119 7
8 174 3
22 177 4
58 147 5
116 190 5
62 139 9
156 168 3
81 177 5
79 135 2
81 118 2
35 43 9
78 170 4
106 114 1
72 132 10
22 46 3
10 33 5
79 111 3
10 46 8
106 177 5
65 166 4
34 44 8
77 148 5
57 138 5
185 187 3
121 187 3
58 98 10
5 52 4
72 171 7
118 167 1
9 123 3
75 78 10
116 157 4
48 128 8
26 133 5
15 118 5
33 191 5
150 175 9
38 101 4
54 142 2
9 73 4
73 75 3
151 168 5
26 81 3
126 144 4
84 132 1
37 195 1
45 189 9
98 163 7
183 197 8
15 80 9
60 81 7
113 131 6
58 66 3
11 140 8
38 199 6
79 98 3
27 193 6
71 167 2
33 89 5
22 42 4
36 174 7
59 172 1
2 176 3
70 121 2
23 121 6
14 77 5
55 166 1
44 68 1
48 115 9
4 73 7
109 112 6
29 173 5
154 189 8
43 188 2
80 105 8
63 65 7
134 154 9
80 113 7
82 145 1
34 106 8
11 194 6
185 199 5
75 87 6
4 188 2
53 132 6
56 112 9
31 57 7
50 83 5
55 111 8
2 71 4
127 132 3
33 40 6
55 186 8
28 114 4
106 145 10
110 167 3
39 54 3
58 194 4
16 131 8
154 193 7
62 131 8
26 73 6
62 155 8
102 112 10
4 77 7
15 134 4
70 112 6
17 22 4
80 148 7
78 185 1
19 176 8
25 167 9
20 186 9
173 184 4
139 182 4
161 187 3
21 107 3
89 105 10
190 193 6
108 181 10
172 178 9
42 53 8
37 93 7
29 147 9
14 160 4
13 38 7
150 194 6
165 166 5
53 187 9
11 96 5
70 169 7
85 127 6
145 180 3
2 82 1
66 157 6
56 67 4
20 184 10
149 197 10
47 60 8
23 178 1
7 149 10
56 90 9
156 185 10
47 168 9
97 128 7
27 163 8
157 179 5
94 190 3
138 191 8
27 29 8
147 193 5
38 169 5
20 179 1
26 41 9
45 180 1
5 73 5
38 50 9
14 180 6
80 115 2
96 165 8
22 106 9
44 165 9
177 188 9
48 80 1
146 196 1
133 174 10
63 86 5
41 118 9
19 83 9
109 179 6
100 116 4
10 66 5
87 114 3
127 144 9
17 46 4
7 174 10
191 198 10
103 114 2
48 86 5
70 150 7
50 171 10
144 178 5
43 191 7
95 132 10
77 127 5
119 187 7
2 29 10
15 192 1
69 107 2
44 109 5
50 150 10
122 183 2
92 190 10
152 174 6
10 176 7
172 195 6
145 147 6
145 158 2
144 157 10
54 89 10
5 36 7
66 140 5
116 143 10
35 42 2
78 158 4
43 179 6
39 86 4
21 182 1
10 103 10
19 106 5
103 192 2
15 125 8
8 74 10
61 79 9
13 118 4
110 119 6
63 97 9
100 117 5
130 169 6
33 57 5
174 194 9
78 97 9
39 137 3
146 189 9
66 71 10
30 175 8
63 119 4
32 172 10
89 120 10
81 170 1
76 134 2
31 188 8
84 91 8
22 58 4
111 138 2
5 157 6
94 172 2
187 195 1
122 135 8
136 187 3
137 194 1
2 34 9
150 169 8
24 39 5
36 57 4
13 165 3
48 156 4
62 132 9
7 142 9
31 38 10
26 200 5
10 79 5
188 190 6
15 93 6
80 138 1
72 80 4
12 139 6
118 139 3
23 177 6
64 169 3
22 190 2
17 94 3
28 149 2
93 184 1
118 137 8
85 88 7
166 178 5
61 65 1
14 30 1
22 89 7
53 106 10
145 185 7
142 164 2
5 190 7
9 99 4
49 69 5
38 80 1
11 199 5
156 175 2
24 139 7
11 138 2
15 24 2
145 192 4
101 186 10
89 102 10
183 199 5
92 198 4
77 104 1
36 187 9
130 151 9
36 58 7
83 198 10
30 142 2
28 177 4
54 116 6
112 196 5
32 57 6
147 188 1
93 183 6
29 65 3
54 110 1
42 156 9
87 140 4
37 57 10
47 136 5
96 155 5
152 191 1
56 92 4
6 167 8
74 179 1
49 54 8
106 119 8
13 106 10
76 179 9
17 37 8
8 88 1
106 168 9
50 140 9
33 94 4
53 165 4
39 196 6
73 166 9
127 185 8
9 102 6
4 7 3
122 130 10
88 90 4
89 191 2
126 186 1
19 130 6
39 125 6
7 165 6
49 72 9
34 105 8
44 121 1
179 198 7
30 81 4
32 130 8
33 113 9
136 194 7
91 138 5
23 130 4
111 144 6
93 115 3
96 143 1
46 103 8
72 120 1
157 174 1
20 23 2
146 194 2
21 115 5
4 64 4
117 146 2
114 172 3
151 156 10
10 54 7
117 193 2
147 165 7
55 76 3
125 128 5
44 125 2
90 115 5
123 158 2
96 113 7
117 151 7
6 40 5
50 139 9
122 169 2
91 126 1
26 71 3
136 154 6
42 139 10
36 184 1
69 98 9
63 102 6
92 195 9
15 168 2
175 187 2
40 63 1
2 160 1
143 152 3
36 185 5
182 183 5
32 63 3
19 192 9
91 195 6
2 65 7
11 193 7
19 43 3
35 54 9
122 129 10
58 175 10
33 162 9
17 47 5
152 153 1
90 182 2
39 133 2
93 100 1
146 187 5
49 191 5
17 28 10
64 181 1
147 179 4
125 156 6
118 178 3
68 76 6
82 172 10
17 30 5
87 168 1
92 108 1
10 88 5
60 102 6
6 10 6
10 81 4
88 186 8
178 194 9
99 163 9
76 133 2
60 131 3
11 185 5
27 54 4
87 187 1
8 199 3
102 119 2
41 84 9
78 101 4
4 36 9
1 132 10
41 103 6
9 20 1
106 156 2
34 139 9
35 57 3
57 199 9
117 196 9
52 136 5
14 114 7
26 104 4
51 153 8
160 164 9
144 195 3
154 181 5
107 114 3
16 111 2
99 152 7
78 81 1
166 177 8
26 168 3
19 96 10
16 136 10
19 154 10
101 182 7
82 198 5
58 155 2
67 86 7
51 70 6
81 166 10
8 30 4
93 166 3
155 167 5
125 126 2
11 171 3
34 148 2
129 144 6
86 94 4
49 121 3
20 34 7
55 149 6
33 83 8
137 199 10
110 148 9
23 199 2
17 112 1
41 99 2
35 65 7
10 147 5
26 150 8
11 90 2
47 91 3
122 192 7
77 152 8
67 123 6
109 199 1
50 74 7
2 77 1
14 111 5
20 54 5
110 185 6
35 36 2
14 16 8
99 122 3
93 188 8
103 195 3
71 181 9
142 169 7
157 189 10
5 37 1
123 152 2
118 166 6
176 198 10
53 109 3
64 66 10
41 55 9
21 185 6
147 180 8
60 99 9
124 185 10
33 100 2
31 44 10
81 112 9
12 23 9
13 168 4
59 177 7
7 80 4
80 158 5
48 170 1
113 150 5
81 146 5
144 155 7
5 187 2
67 85 5
27 179 6
113 117 10
140 156 3
75 85 9
101 142 1
60 196 6
76 184 3
142 144 5
61 170 2
73 194 4
14 107 6
38 189 8
118 143 7
38 138 1
53 141 8
36 158 8
33 120 6
5 117 3
126 181 4
3 139 3
110 168 1
31 191 7
164 170 1
20 119 7
98 102 8
118 154 7
54 81 3
77 111 6
118 156 3
132 136 7
6 43 5
108 158 1
72 155 6
87 107 10
58 140 10
65 149 6
35 78 1
71 120 5
53 191 8
127 194 5
26 67 4
36 46 9
25 47 1
65 171 10
51 140 5
37 119 8
74 151 8
97 140 9
110 163 2
53 89 1
1 138 6
6 109 5
60 96 2
45 88 3
95 123 9
25 27 6
99 178 10
68 170 8
73 103 5
17 86 1
62 121 4
123 154 7
27 105 2
69 156 8
73 176 8
117 165 10
113 156 1
127 186 9
87 111 1
172 192 4
109 186 10
24 106 2
129 143 2
54 74 10
15 30 10
10 170 4
43 92 2
126 172 4
121 143 4
9 18 4
174 184 8
65 89 6
89 161 4
121 151 5
132 182 3
171 198 4
13 45 2
27 102 7
23 112 2
13 29 5
44 200 5
41 140 10
56 120 9
130 163 7
29 189 5
16 18 6
43 146 7
124 142 1
20 104 4
10 86 4
19 156 6
10 135 7
68 71 1
55 78 8
46 65 5
6 78 9
73 196 6
9 12 7
35 146 7
105 168 10
82 120 3
40 197 9
63 87 6
24 54 7
17 128 10
2 21 7
69 180 3
110 179 7
116 156 8
132 171 7
89 147 3
150 158 7
17 157 9
2 64 6
56 134 10
69 137 10
26 79 1
107 135 7
113 166 3
153 157 2
17 81 4
64 107 8
16 137 10
36 61 9
21 36 5
97 194 10
23 94 4
60 163 8
123 182 4
32 147 1
149 195 7
108 160 6
67 165 2
55 162 6
43 162 10
29 32 4
8 164 5
16 161 10
45 61 10
66 165 6
69 150 2
2 167 1
89 159 5
47 92 3
120 185 4
74 176 3
65 132 5
120 167 4
33 161 2
22 25 5
45 135 7
75 196 1
126 174 7
124 159 4
169 183 4
157 187 3
104 187 2
25 64 6
126 149 10
71 155 5
72 173 7
45 161 2
42 103 5
14 124 9
52 94 2
74 195 4
71 127 3
139 191 4
1 55 6
113 130 2
16 115 1
15 189 2
105 191 2
35 179 1
87 125 5
109 157 3
20 189 5
64 118 9
25 141 3
4 111 4
67 188 9
51 144 7
59 192 8
95 173 3
131 200 10
67 173 7
38 179 9
12 35 7
14 194 8
71 158 3
50 189 7
77 131 9
112 148 4
38 150 1
117 164 4
33 42 4
70 114 3
5 129 9
64 111 4
1 69 3
38 92 9
21 143 4
181 197 1
4 145 6
57 191 5
1 163 2
77 133 4
33 73 10
9 199 6
39 76 8
58 198 10
56 162 1
3 135 1
77 200 4
90 173 10
113 169 1
2 69 5
134 147 8
21 29 7
42 66 3
126 145 2
153 175 7
33 194 4
20 147 10
21 50 8
59 85 5
62 165 9
18 109 7
13 43 6
77 103 4
68 150 6
116 193 10
58 112 4
19 86 5
107 200 4
21 70 9
91 185 2
164 185 5
124 180 9
142 171 3
100 179 2
67 193 7
147 172 5
33 39 2
2 32 6
92 127 6
74 139 4
23 117 6
26 135 9
65 178 4
77 92 7
78 163 8
134 178 7
79 105 2
38 88 7
72 85 4
15 105 9
104 108 5
72 89 6
63 132 4
75 119 2
69 162 9
148 158 6
7 101 10
75 117 4
83 140 3
121 132 1
47 148 9
55 104 2
152 161 6
86 153 3
93 142 7
14 74 6
84 188 9
105 142 2
69 144 2
56 167 2
3 98 1
39 107 8
26 42 4
63 164 6
18 162 3
73 77 9
29 127 1
25 127 8
43 156 5
97 103 10
58 195 9
129 184 2
20 85 9
134 188 1
36 93 3
71 149 8
77 90 5
20 116 4
71 122 7
61 174 8
39 84 4
41 154 7
6 12 7
107 139 1
80 179 7
24 98 9
15 104 10
6 189 5
43 80 3
6 69 3
110 198 7
48 189 1
146 200 8
112 174 9
14 118 7
19 74 3
33 53 10
5 42 4
84 123 8
6 133 1
111 149 1
2 100 9
48 51 10
68 158 9
95 187 8
194 196 1
163 167 8
88 151 1
61 190 1
52 90 9
79 145 7
122 191 10
132 187 1
100 195 1
17 74 6
2 181 10
105 131 5
10 21 8
80 184 1
47 119 2
9 150 6
45 120 6
128 170 10
83 127 3
38 59 1
71 135 3
56 158 4
93 147 6
47 61 8
72 79 4
73 117 7
23 132 9
55 159 1
80 96 10
50 178 5
29 51 3
28 79 2
26 158 2
51 116 4
135 193 7
167 175 2
122 131 4
67 131 8
78 122 2
4 197 4
132 184 8
2 95 8
114 155 5
113 126 5
25 66 7
51 148 2
47 102 4
60 124 7
82 121 1
17 103 1
114 142 6
80 144 2
79 144 10
37 100 9
46 47 10
109 126 9
54 159 5
53 135 4
85 173 1
165 172 8
37 38 4
85 94 3
10 17 9
117 122 9
31 88 1
33 125 6
73 141 9
75 146 2
82 134 10
59 82 10
131 196 4
138 185 8
52 162 4
71 180 4
13 175 3
51 111 4
60 147 10
28 93 6
37 51 1
115 184 1
73 123 2
21 161 2
26 87 8
139 155 5
2 56 10
63 166 1
76 170 9
60 127 1
42 176 2
108 135 8
35 150 4
146 199 2
34 65 4
49 125 10
21 163 10
55 77 2
88 193 9
103 173 3
25 104 10
147 152 6
12 154 5
62 91 1
55 112 3
77 177 3
51 186 10
62 87 6
142 155 4
153 156 10
76 153 5
80 97 9
48 159 4
111 120 1
9 184 5
55 123 9
58 135 5
147 189 1
30 172 7
60 94 10
120 164 10
192 193 2
82 89 8
63 196 1
37 160 1
150 187 9
30 120 5
82 117 6
72 125 3
121 152 6
25 62 9
174 193 5
77 180 2
151 153 9
135 155 8
69 196 8
6 195 5
39 149 7
66 107 2
43 66 4
19 27 7
86 174 2
101 177 6
86 169 9
18 190 1
107 186 5
34 163 4
24 74 5
10 130 10
143 184 7
24 43 1
97 110 4
49 107 6
153 164 10
95 177 6
67 72 10
76 130 10
78 119 7
92 136 2
60 103 6
11 112 9
99 175 2
36 133 2
21 101 4
17 100 4
3 27 7
97 192 1
72 96 5
128 178 3
149 187 1
36 77 8
37 148 9
58 158 1
10 154 2
47 69 6
62 79 5
73 125 2
50 136 2
165 170 2
138 158 8
140 164 2
22 31 8
64 138 7
57 179 1
126 165 9
3 101 7
27 46 6
82 143 4
124 156 4
80 165 5
23 66 10
80 86 1
39 108 6
51 92 4
33 63 6
5 13 2
37 44 7
107 189 1
52 130 1
69 115 9
136 193 3
23 93 7
115 169 8
70 185 5
81 151 8
15 66 9
123 197 1
14 146 3
35 171 6
63 152 2
138 190 7
86 160 5
139 152 10
22 74 1
21 23 10
1 167 7
84 98 2
18 64 5
107 113 9
76 139 9
96 144 1
120 140 2
18 110 7
18 127 5
71 157 3
102 191 2
91 98 5
138 187 1
21 51 7
4 96 9
88 167 6
97 186 5
82 156 10
25 153 8
21 88 8
49 123 8
57 109 6
127 154 8
40 55 9
89 155 8
27 58 8
54 82 5
31 144 4
9 80 4
56 157 9
70 96 2
49 154 4
54 170 3
39 56 5
170 171 6
79 101 3
101 124 1
54 99 8
1 176 5
83 158 2
69 109 1
15 190 5
48 100 8
120 183 4
128 173 8
64 179 7
32 197 6
27 185 3
46 191 3
13 67 9
33 163 2
12 124 10
167 170 7
164 180 6
71 83 4
100 114 7
70 149 6
47 97 1
110 112 6
42 177 8
39 178 2
29 181 4
68 124 3
81 108 5
35 157 6
41 45 5
66 105 2
9 134 8
7 29 2
113 195 1
55 109 2
46 79 1
37 132 2
43 189 7
141 146 9
79 133 8
45 154 3
119 182 3
113 121 7
47 88 3
6 42 2
95 182 2
82 131 2
81 156 9
41 92 6
51 61 4
162 180 9
123 143 6
65 91 2
136 192 10
128 147 1
51 98 9
66 129 10
42 145 5
170 175 5
93 169 6
41 86 6
71 148 7
33 174 6
103 198 10
126 162 4
25 133 8
20 159 6
25 54 10
156 183 8
7 33 2
108 121 2
6 88 2
4 41 1
38 106 7
123 168 1
48 149 9
76 126 4
5 197 10
114 167 10
88 113 4
11 46 5
7 109 3
58 171 4
22 80 6
64 125 5
87 182 8
134 138 8
60 119 8
37 105 9
73 173 3
112 178 6
16 124 10
72 178 10
76 178 4
137 190 3
10 47 7
126 156 8
80 169 5
114 173 9
61 130 7
84 130 7
5 67 6
87 175 1
24 119 6
75 91 3
56 139 3
92 105 2
14 170 2
107 119 8
94 195 4
59 69 4
119 148 4
72 86 4
93 97 3
77 199 7
1 20 2
72 179 4
100 138 7
4 112 7
97 145 8
8 122 2
88 163 6
59 152 10
38 166 9
10 27 6
93 186 2
57 149 2
143 146 6
7 138 4
25 109 6
17 79 8
58 143 3
59 116 7
99 125 8
43 154 7
94 186 9
112 134 6
20 59 10
47 56 1
110 143 4
61 161 3
35 139 3
3 17 10
39 198 9
27 47 1
112 163 2
26 97 1
1 146 5
34 113 8
109 188 3
102 196 7
19 91 3
82 96 8
57 177 5
33 148 10
77 178 10
63 100 9
15 37 3
31 160 2
53 167 1
129 131 2
30 41 7
150 168 3
28 94 7
122 124 7
88 190 9
38 168 10
52 143 6
152 154 2
179 191 2
86 89 5
5 100 1
89 127 3
2 154 2
21 75 6
116 149 7
22 158 4
118 135 6
37 144 4
155 182 8
27 53 2
29 154 7
102 108 4
2 170 10
112 171 1
31 32 3
42 195 10
64 170 7
8 137 3
113 155 2
152 198 7
150 154 5
54 117 7
39 150 4
108 170 4
110 128 6
3 146 10
49 150 5
26 127 7
1 87 8
9 60 9
133 166 6
18 23 9
52 151 7
91 132 9
21 106 7
12 191 3
13 183 5
36 129 10
3 63 5
131 144 9
32 176 7
86 190 6
23 67 2
110 162 6
24 138 10
61 87 3
101 102 7
7 79 3
169 196 6
30 92 1
122 170 9
7 67 1
101 125 9
98 158 9
19 145 6
34 197 10
87 180 1
168 189 9
78 111 10
6 70 10
88 138 5
56 99 4
130 195 1
113 139 5
33 157 1
49 200 2
32 183 6
120 195 5
111 156 1
52 176 6
44 92 2
33 171 3
20 157 9
82 123 4
127 135 2
25 184 1
103 139 3
74 122 3
30 133 3
118 194 9
4 153 5
16 43 2
66 116 1
169 177 8
37 64 3
25 74 5
78 92 5
66 200 10
114 185 10
45 171 4
2 190 7
120 151 4
24 109 2
118 125 2
106 179 5
39 41 8
24 147 2
19 85 6
29 58 9
160 200 2
12 113 10
169 194 9
47 154 7
14 100 3
79 185 9
30 50 6
45 188 4
3 150 9
83 193 6
88 123 2
82 98 1
29 104 2
23 42 3
35 92 4
8 132 9
89 131 8
128 156 3
4 119 7
58 148 2
72 117 1
101 180 9
82 105 6
60 98 1
94 155 3
74 113 4
56 174 7
21 37 8
40 143 6
147 169 9
82 92 3
69 80 3
118 131 7
147 175 5
48 152 5
58 133 5
175 199 9
4 152 3
81 169 5
95 198 5
13 149 6
6 153 1
18 155 6
90 188 3
52 193 1
42 121 1
72 193 4
79 195 3
56 87 9
3 104 10
124 173 3
63 110 5
1 82 3
34 41 1
93 157 10
23 44 9
50 129 1
34 128 10
56 155 5
73 91 7
168 199 2
43 49 10
59 130 8
95 104 1
18 123 1
3 12 10
108 116 10
94 200 7
23 119 2
16 44 10
31 87 5
23 51 9
29 91 4
125 199 2
104 116 8
101 140 5
26 74 4
67 119 6
88 126 2
70 128 8
131 184 8
23 86 2
62 70 3
117 187 1
122 196 10
118 123 10
41 185 4
35 53 5
18 187 10
99 179 3
22 33 4
121 175 10
27 170 1
152 178 3
112 154 5
107 157 8
17 92 6
50 188 3
6 41 9
94 147 9
43 148 6
76 192 4
34 69 2
123 140 2
123 135 1
5 134 2
133 157 1
7 62 7
35 110 10
89 200 4
2 199 7
73 85 2
105 110 10
107 138 1
150 190 3
130 149 2
97 124 7
17 137 5
38 114 8
32 70 1
173 187 8
88 152 8
131 185 6
86 194 7
36 87 6
156 164 6
67 145 3
75 116 8
82 112 3
150 199 10
4 25 10
25 91 9
124 182 8
59 71 5
137 147 1
56 75 5
12 157 10
105 154 3
50 108 6
94 178 6
28 122 6
31 112 4
75 123 9
21 156 5
64 166 5
113 140 7
90 98 1
106 152 4
17 160 9
123 149 3
14 140 4
61 115 10
59 93 6
62 168 4
41 63 2
84 101 2
128 197 7
3 71 3
123 155 3
152 196 6
73 133 7
98 120 7
132 188 10
28 116 10
78 161 5
118 197 10
128 139 4
13 32 3
9 126 9
35 47 5
10 23 2
81 82 2
96 175 1
134 149 7
70 124 10
96 110 9
132 144 6
81 194 5
78 142 7
14 99 2
102 177 7
129 187 2
190 192 3
97 115 7
34 121 9
70 140 2
101 195 1
165 182 4
46 116 5
106 122 1
48 160 7
47 65 4
91 146 5
39 191 10
80 140 4
77 165 5
92 147 6
118 144 3
18 43 2
92 102 3
12 114 6
22 100 7
93 120 7
104 199 7
65 74 9
42 137 1
11 178 5
57 112 9
148 155 10
19 171 7
87 151 1
60 145 9
154 184 8
8 24 7
49 166 6
44 144 3
76 83 7
174 182 4
85 108 8
66 199 2
24 118 6
100 108 2
74 172 6
27 157 2
22 157 8
109 163 4
122 200 8
61 151 3
28 67 8
74 150 9
44 176 1
69 125 7
67 105 6
38 84 10
41 133 7
100 122 6
57 157 10
152 160 4
132 135 10
76 79 2
65 131 9
121 139 7
53 54 2
8 64 6
51 174 5
12 197 1
136 144 1
70 111 9
148 174 10
54 187 9
23 45 10
36 124 6
33 107 10
142 163 4
50 102 3
87 130 6
18 128 3
73 139 7
78 120 4
38 193 9
25 164 9
101 123 8
84 120 3
4 169 10
4 95 1
81 150 6
11 120 1
36 50 3
151 173 1
144 182 9
105 107 6
21 34 6
9 67 8
134 191 8
11 160 6
38 78 3
34 108 2
125 154 6
26 46 5
12 141 4
20 195 8
94 166 3
9 174 4
172 176 5
60 141 1
165 197 1
102 195 5
146 158 2
149 182 2
134 179 6
17 52 2
42 153 6
113 136 6
41 121 9
59 145 5
34 170 1
24 165 6
56 149 2
162 192 3
50 137 1
95 154 4
20 190 6
67 142 7
19 56 7
95 122 4
77 110 6
78 148 6
84 122 7
145 182 4
72 148 6
114 160 1
26 78 8
65 191 7
103 150 10
81 97 8
2 61 5
69 147 3
66 166 8
89 158 1
53 114 1
101 197 3
59 173 2
39 111 5
7 126 2
70 102 3
136 172 4
82 178 5
33 50 2
3 181 6
181 189 4
76 88 10
7 170 5
18 194 8
36 122 6
29 52 2
7 164 10
11 117 3
84 104 6
192 199 6
83 130 6
43 74 4
1 123 9
119 124 4
20 110 7
60 194 2
146 172 4
159 189 7
15 196 1
70 184 1
58 103 2
21 184 3
16 93 6
43 98 1
64 110 4
54 96 6
40 179 5
17 150 8
49 179 4
12 43 10
4 171 2
101 148 10
85 156 9
65 94 7
176 185 7
90 194 3
142 200 5
54 103 7
5 21 9
95 114 4
52 101 9
104 135 10
37 178 10
21 111 6
148 153 4
31 69 10
17 53 5
71 81 5
147 184 10
78 135 7
138 154 2
18 146 6
102 188 10
7 186 8
6 15 4
17 142 7
75 76 1
31 59 5
113 135 3
9 58 5
36 89 8
56 182 2
145 171 2
23 107 9
92 97 6
31 107 6
156 193 8
51 67 2
8 104 2
109 130 7
50 144 2
15 124 7
29 86 2
44 90 1
8 51 8
70 162 10
57 101 9
5 200 1
69 164 8
32 131 2
83 114 9
1 142 10
109 127 1
76 194 4
97 127 10
61 156 4
8 62 3
113 192 5
156 186 3
53 100 5
66 102 2
89 99 10
10 190 7
60 64 2
27 189 9
46 54 6
67 97 9
161 179 4
166 192 3
166 175 3
124 177 6
26 188 7
11 134 10
2 174 10
70 175 4
160 195 3
42 93 5
89 145 6
106 198 2
152 156 3
26 140 7
5 103 6
111 151 10
88 177 2
56 145 1
98 188 4
89 139 7
101 118 1
47 90 10
11 189 6
151 184 5
32 181 2
19 138 8
70 106 7
95 190 6
171 187 6
91 187 5
20 40 5
99 197 10
69 154 3
15 46 6
18 164 9
144 167 1
73 180 10
29 75 6
151 167 10
49 180 7
2 113 3
46 88 5
59 146 10
176 181 2
61 143 9
15 62 6
20 102 5
129 193 6
9 45 8
71 80 8
122 167 10
3 89 5
108 171 10
128 179 5
82 191 10
102 168 5
18 70 3
18 112 3
62 143 5
81 161 9
107 166 2
34 131 2
162 179 6
72 164 1
87 105 10
93 173 8
27 171 7
53 145 4
32 64 4
14 50 6
174 198 1
102 183 4
88 150 3
10 94 9
141 199 4
113 200 3
12 169 9
5 145 6
4 191 10
44 135 1
2 19 2
53 81 10
4 159 2
25 41 5
15 69 9
96 150 5
109 116 4
19 22 7
50 112 10
24 199 2
68 138 10
52 98 6
28 152 8
96 179 4
168 175 9
3 122 2
47 129 4
98 155 6
116 187 10
54 106 8
68 191 4
25 172 4
189 199 5
66 127 2
42 191 4
33 155 6
93 117 7
72 199 9
77 191 9
120 178 7
35 156 7
161 200 3
70 154 10
122 137 5
17 49 2
74 108 6
70 139 7
37 200 7
112 195 3
125 180 9
28 101 10
45 194 3
17 85 7
3 57 1
118 168 10
132 181 8
86 136 10
62 120 8
50 157 3
11 123 9
49 149 7
52 195 10
16 189 4
129 149 3
10 181 6
3 184 5
18 196 4
68 195 8
108 191 6
173 182 3
114 188 6
25 175 7
22 73 5
97 166 5
68 140 4
164 200 6
58 200 4
1 37 10
53 91 8
40 81 10
108 198 8
4 49 7
131 198 7
40 196 1
135 183 10
103 160 1
38 146 9
67 186 4
4 140 7
114 187 8
40 69 2
35 127 4
10 157 4
89 135 1
134 174 2
88 143 3
93 155 8
82 171 7
113 145 8
8 97 3
122 175 7
67 96 9
51 168 7
74 120 10
11 110 2
58 69 3
130 166 6
68 79 2
23 108 8
68 178 7
132 137 3
95 163 8
96 149 5
14 148 6
141 181 9
59 112 7
99 111 3
135 147 7
75 90 9
106 161 1
63 73 6
84 103 10
29 107 3
9 172 7
47 162 10
20 154 3
77 161 4
68 103 2
4 187 2
7 162 9
51 72 8
7 154 8
25 170 8
163 191 4
154 200 2
118 159 10
56 170 3
14 84 9
26 35 8
20 74 8
38 160 7
80 122 9
72 112 1
39 184 5
12 13 3
43 122 7
1 47 3
49 86 6
13 123 2
22 70 1
75 198 1
60 153 6
24 36 1
88 192 1
140 162 3
15 198 1
37 191 10
6 117 10
86 185 5
42 142 5
21 39 3
102 129 2
79 181 4
26 162 10
169 192 3
69 135 10
78 184 7
182 189 7
88 157 8
22 26 9
7 167 2
118 147 1
80 126 9
137 141 2
96 174 8
21 57 8
17 134 3
25 32 5
1 130 1
63 67 3
60 93 2
14 105 9
30 74 1
103 120 6
128 191 4
49 77 7
21 136 8
140 158 7
70 161 5
140 195 3
18 104 2
7 74 3
9 195 9
64 157 2
136 138 1
3 68 1
30 65 8
77 185 4
120 148 1
59 184 7
125 166 7
4 115 3
119 143 4
13 164 7
41 65 8
63 124 10
111 183 1
122 126 2
63 104 9
51 109 2
87 167 3
17 97 1
18 116 7
85 125 4
48 195 4
156 194 4
53 122 9
163 181 5
73 137 10
5 79 2
150 188 6
44 145 3
134 157 5
55 107 4
126 197 1
121 179 4
88 146 5
20 37 6
13 177 4
132 178 1
46 162 4
48 176 10
33 44 5
35 155 9
127 174 3
108 118 7
83 115 6
53 79 4
23 58 7
54 69 1
99 176 7
25 77 5
108 119 8
17 77 5
111 166 3
19 26 5
106 183 5
6 101 9
113 197 3
20 89 4
115 122 2
103 137 7
46 174 10
25 71 2
113 182 1
18 61 10
164 194 9
45 200 9
119 193 5
98 104 6
152 192 10
55 152 4
10 31 1
41 66 4
23 46 1
16 72 6
2 122 6
100 168 7
50 153 10
42 97 3
194 197 2
60 74 8
1 122 5
179 187 3
38 186 6
33 133 1
35 196 2
83 161 1
28 30 4
130 153 3
82 122 3
64 85 3
75 160 8
81 199 3
171 172 10
23 187 10
85 131 2
126 161 8
160 186 9
73 174 4
15 115 2
16 128 8
13 48 10
35 165 5
102 122 4
153 167 7
98 154 3
40 161 4
57 142 8
21 116 1
54 190 9
25 110 8
104 181 5
71 176 8
12 100 1
40 85 10
131 132 10
36 162 5
46 124 2
152 188 2
36 37 6
172 184 2
101 144 10
13 89 5
63 90 6
151 177 9
65 137 3
100 163 5
10 111 3
50 95 8
62 105 3
23 78 8
38 157 2
40 78 3
48 132 9
161 167 9
18 47 8
71 86 5
36 144 9
55 139 3
72 149 2
27 98 9
114 159 1
55 176 1
113 163 3
77 188 8
22 59 6
169 174 7
79 182 4
91 122 6
6 108 4
170 184 5
68 135 6
94 193 4
98 196 2
11 43 9
38 200 4
93 148 7
58 88 10
19 37 1
114 147 2
140 146 2
31 114 1
48 168 8
183 187 8
7 166 5
153 180 10
157 164 9
24 194 1
5 194 7
64 189 2
19 67 1
130 170 1
141 157 10
25 94 5
109 151 4
34 140 6
129 151 1
15 85 9
77 137 4
105 196 10
59 83 6
110 121 9
15 95 5
62 134 1
119 137 7
51 166 6
5 154 4
62 82 6
98 138 9
26 159 9
94 174 3
101 133 2
4 168 1
7 107 3
45 134 7
57 82 6
6 30 3
177 199 3
158 167 6
56 77 10
155 172 9
97 180 8
113 154 2
1 124 8
154 156 1
52 56 5
7 158 6
21 94 1
178 188 8
160 179 6
138 157 2
76 143 7
105 159 6
55 86 2
34 125 6
30 116 1
32 132 7
41 53 3
37 69 4
55 126 9
39 110 6
111 199 6
42 129 4
5 33 10
42 48 9
43 153 4
78 93 1
34 53 3
31 163 2
16 80 5
92 113 3
140 191 9
44 183 1
52 183 10
19 163 6
89 180 10
1 27 3
87 152 8
112 130 10
111 135 7
101 132 10
6 18 2
1 96 6
9 163 10
30 170 6
117 134 6
139 176 10
22 40 8
59 150 6
188 199 10
75 79 8
60 121 1
60 171 6
155 170 7
17 143 6
66 135 8
13 181 2
49 59 1
83 95 10
144 156 4
9 186 4
21 99 1
87 178 7
60 183 8
71 128 8
25 128 5
13 139 8
119 139 8
69 99 5
23 188 3
103 138 10
30 93 1
182 190 5
53 121 4
98 178 8
121 190 4
76 168 10
13 52 7
15 147 9
21 40 3
110 186 5
33 56 3
64 103 8
147 149 10
86 181 4
70 117 5
167 172 2
20 140 6
112 193 9
49 96 4
15 82 8
3 187 4
70 187 10
3 154 5
130 162 4
88 161 5
22 166 5
122 186 4
18 51 4
5 173 1
112 170 1
75 86 10
148 178 7
21 162 10
64 98 8
3 138 6
70 97 3
88 154 4
61 200 7
36 128 8
103 141 8
96 118 8
54 105 2
130 152 6
167 181 9
95 100 1
14 176 9
89 103 4
80 88 9
63 189 2
30 88 5
94 177 3
1 64 2
160 165 5
39 131 4
58 105 2
63 107 4
89 148 10
87 146 7
37 107 10
69 142 5
44 137 1
48 138 9
25 124 8
72 161 9
186 199 4
70 72 7
85 180 3
4 72 6
6 158 7
44 131 1
117 144 7
47 126 5
39 177 8
150 160 5
28 148 5
60 158 7
44 71 8
11 121 4
144 193 1
78 106 9
135 167 7
164 181 7
191 192 6
74 109 1
8 60 3
14 149 7
53 58 3
107 179 3
117 168 8
5 60 3
130 197 10
116 196 8
14 35 9
127 152 10
22 120 4
123 130 6
5 150 1
12 131 9
44 72 7
18 27 7
99 149 6
17 120 10
33 38 5
24 123 10
42 160 2
121 165 9
112 194 2
72 98 4
112 140 9
73 146 6
123 146 10
51 54 5
19 55 4
129 156 7
45 112 9
66 90 3
8 28 1
35 186 5
102 110 8
133 200 8
50 87 1
43 83 6
37 39 4
39 176 4
73 191 7
169 176 4
64 116 10
54 85 6
155 162 2
150 196 5
65 136 6
18 169 5
34 56 5
63 126 1
58 160 7
61 144 10
33 84 8
43 60 8
69 161 1
61 196 6
130 171 8
12 189 7
123 169 2
130 191 4
39 155 4
67 94 3
88 188 8
48 108 5
100 137 1
28 179 2
18 88 9
97 149 4
46 107 4
7 136 3
30 84 4
125 173 10
42 89 1
108 124 2
85 185 1
123 142 9
117 129 10
168 174 5
114 129 9
13 82 5
43 107 3
158 193 2
30 195 5
28 34 1
117 174 8
84 142 6
53 85 4
100 124 7
12 32 3
16 151 5
129 130 4
66 114 9
51 66 1
146 149 6
36 195 2
22 101 10
112 114 4
65 133 1
37 49 6
15 39 10
57 118 1
56 152 7
133 151 10
26 184 5
24 88 8
48 117 3
4 61 4
61 134 10
102 137 2
5 41 8
100 159 1
55 153 3
99 189 5
74 104 5
92 188 3
4 50 3
131 137 3
70 158 8
104 106 7
133 183 4
59 114 6
2 79 1
29 80 10
30 60 1
123 145 5
20 177 2
147 176 3
83 166 1
10 15 7
54 194 7
102 185 3
32 88 6
131 178 6
18 200 9
69 128 6
1 102 9
11 135 6
169 179 3
86 135 3
8 157 10
32 149 4
126 199 3
115 200 8
43 68 2
3 41 2
36 76 1
18 141 5
96 108 3
139 185 6
31 136 3
57 148 3
115 116 1
47 52 1
17 198 8
103 171 7
70 188 6
42 99 6
142 162 8
126 192 6
17 127 8
110 147 7
93 128 10
97 176 3
22 69 3
117 190 10
43 178 7
46 184 4
100 162 7
45 184 1
87 141 10
53 170 6
106 195 5
45 191 9
84 124 10
81 124 9
14 41 8
14 64 10
59 148 9
7 65 3
77 114 9
107 130 10
38 45 3
119 152 9
9 14 2
16 59 5
8 17 10
38 85 4
63 70 6
71 101 1
154 160 9
20 125 1
21 159 8
97 143 8
86 164 3
15 132 1
1 62 2
4 129 1
33 110 10
67 159 7
129 177 3
81 134 8
50 156 10
15 96 6
173 197 3
41 95 1
20 182 1
146 188 2
63 163 3
38 170 9
15 68 3
70 172 9
7 122 6
19 177 1
14 57 1
25 96 8
38 53 1
105 169 10
57 58 8
46 185 9
107 169 5
26 88 1
59 128 5
60 109 1
49 163 6
17 72 5
90 143 2
2 59 1
58 90 4
45 104 5
47 189 6
132 197 5
35 161 3
2 184 8
101 110 7
14 175 7
6 155 6
137 167 4
128 144 10
15 72 7
5 35 6
10 165 7
24 155 4
16 85 9
56 122 9
136 177 1
83 199 9
129 161 5
81 138 10
14 63 5
44 96 5
108 162 9
142 173 3
53 176 8
35 199 6
19 98 4
44 179 9
33 117 5
81 132 8
113 181 1
30 52 8
36 182 9
16 166 1
8 33 3
71 111 10
60 182 3
111 117 7
66 97 3
21 198 3
7 8 3
16 55 5
161 172 4
39 194 1
110 190 9
2 70 8
21 150 3
120 174 4
156 188 7
49 74 6
61 124 9
9 74 10
14 151 7
35 180 10
19 149 9
61 169 9
51 69 10
85 161 3
60 166 5
58 76 8
149 174 1
128 196 1
56 57 2
90 157 4
72 135 7
109 198 9
82 90 5
125 176 1
21 87 2
55 184 6
37 115 1
111 167 9
67 158 3
72 158 6
2 158 6
131 153 1
30 83 7
88 182 6
148 151 6
1 195 5
9 36 10
10 115 5
15 40 5
10 195 10
29 67 5
42 61 7
23 84 2
163 171 1
20 77 5
23 133 10
67 156 3
51 182 2
15 42 9
22 153 2
84 164 9
44 64 6
151 157 1
85 92 10
88 122 9
15 131 10
144 145 7
68 186 4
139 178 10
106 121 2
186 191 5
127 181 4
13 136 3
36 169 6
19 52 7
119 161 7
106 184 5
62 150 5
87 92 6
7 10 7
166 193 5
34 82 4
30 144 8
126 147 6
87 156 2
136 147 8
102 127 4
19 196 3
94 105 2
86 188 6
13 134 10
54 70 5
25 148 2
73 193 9
11 124 3
55 134 4
3 82 7
28 61 2
98 182 7
1 16 8
115 129 1
138 172 3
22 79 7
17 78 5
67 137 6
91 96 9
79 81 8
30 78 3
8 152 10
99 172 1
89 100 10
104 152 2
105 124 9
88 194 4
88 119 1
31 180 1
14 155 7
10 166 4
42 84 1
4 87 7
25 152 8
25 191 7
163 189 2
90 158 10
28 59 9
139 169 1
29 105 5
98 199 6
77 173 10
103 126 8
43 165 2
145 150 3
36 143 10
68 92 5
141 167 2
36 65 2
6 68 4
34 174 10
43 89 4
138 183 7
90 99 7
96 135 7
12 137 6
16 176 10
155 157 5
15 184 3
97 99 3
87 135 5
27 83 2
65 111 2
119 160 8
10 168 5
54 126 7
45 47 3
182 195 9
32 77 5
50 195 9
1 67 6
49 192 9
5 46 9
105 135 10
26 94 5
2 78 5
52 159 10
69 74 10
13 171 10
39 183 6
30 155 2
75 174 1
91 102 4
88 93 7
74 191 3
80 192 4
132 133 9
84 116 8
32 200 6
6 93 6
14 110 6
151 185 9
79 186 7
51 53 8
61 104 10
25 31 10
143 176 7
33 123 6
10 99 10
23 37 3
40 170 3
3 61 7
36 110 1
141 162 3
128 177 6
25 89 9
17 173 3
84 93 7
28 102 2
39 159 6
144 159 4
106 166 8
70 182 10
109 184 2
28 121 1
24 125 7
10 137 3
72 172 4
83 146 6
12 70 5
106 197 9
19 159 7
85 106 6
15 117 8
66 84 5
90 100 5
62 180 10
70 173 9
134 176 2
75 183 3
124 171 2
33 58 1
12 81 10
75 109 9
133 153 6
131 187 2
6 34 9
83 96 6
18 66 5
37 159 6
46 195 2
39 154 1
60 162 5
45 178 1
115 120 6
102 194 1
26 180 2
49 91 4
37 152 7
33 108 3
60 186 2
12 176 10
45 158 6
14 91 5
81 119 3
14 116 5
26 166 6
74 107 3
17 35 8
62 142 4
42 175 3
18 165 5
43 169 5
155 179 2
31 56 9
76 120 5
49 193 5
8 163 3
10 126 5
67 77 10
38 128 9
18 143 8
8 20 9
28 134 1
11 154 5
114 132 7
98 150 9
25 79 8
61 193 1
18 153 6
44 52 2
158 159 10
24 141 4
9 34 5
15 128 10
16 100 8
14 21 5
13 159 2
5 125 3
16 145 5
70 74 2
68 172 1
68 113 10
135 140 4
46 97 2
32 75 9
182 199 7
23 77 1
39 49 5
31 167 4
85 160 6
36 73 1
42 171 7
41 48 5
33 152 9
85 134 1
131 175 6
49 170 4
39 182 10
108 132 9
14 120 2
15 49 2
114 126 7
55 191 6
21 167 9
173 178 6
119 128 7
142 185 1
82 146 7
102 169 8
139 174 6
9 142 9
48 106 4
4 167 4
27 33 3
77 119 4
108 173 9
153 186 8
10 164 5
29 199 7
52 135 2
45 77 10
58 119 9
86 139 4
21 196 9
9 108 2
46 145 8
68 193 2
86 158 9
15 55 8
107 111 4
115 179 5
55 188 7
121 162 7
5 56 6
103 182 10
21 86 3
99 192 8
50 148 4
39 127 2
9 87 4
96 194 1
67 117 9
126 148 6
89 153 3
72 139 1
147 162 8
56 178 1
89 106 3
41 159 1
13 63 5
5 81 7
58 99 4
77 102 7
17 36 6
45 199 5
115 191 10
83 119 7
15 31 5
22 107 10
50 184 6
90 112 7
25 57 4
44 126 3
81 84 8
85 120 3
68 128 5
43 71 6
29 160 4
155 193 9
36 60 7
76 101 8
119 176 10
98 118 10
10 48 2
35 73 10
64 147 1
101 109 8
40 56 6
144 153 3
74 76 6
83 156 3
105 172 4
3 80 3
35 193 5
134 175 3
86 127 1
69 176 6
156 170 7
32 162 5
83 118 10
93 95 7
124 188 4
3 175 4
43 69 2
6 38 3
16 150 1
107 176 1
106 126 2
44 81 7
96 138 5
147 150 7
23 96 4
131 168 8
43 115 5
34 157 8
81 136 8
13 151 1
18 79 9
163 172 2
123 194 10
24 71 7
125 165 5
144 163 7
125 135 10
41 194 10
46 75 7
75 193 3
103 172 9
144 173 4
19 172 9
9 35 10
89 169 6
80 90 6
22 96 4
4 79 6
18 106 6
12 73 8
82 111 6
42 199 3
84 170 7
12 163 10
13 144 1
90 102 7
77 78 1
69 108 1
34 71 3
82 168 4
97 165 3
65 134 1
148 168 3
1 174 3
102 106 3
31 151 5
89 117 2
98 177 5
87 121 9
13 53 9
116 117 6
17 199 10
176 200 3
5 55 8
50 78 2
38 162 1
92 118 6
105 112 7
71 138 8
102 146 9
108 187 4
22 65 7
87 131 8
139 192 3
26 120 7
50 115 10
5 83 1
21 134 8
61 83 3
39 169 1
20 65 7
7 181 6
29 124 3
118 192 2
95 117 3
44 138 8
97 157 9
47 79 4
104 180 7
18 36 6
93 107 8
56 105 9
12 129 5
140 186 2
129 180 4
38 95 9
32 45 6
11 95 8
90 95 6
5 189 2
189 194 2
10 78 10
51 118 6
20 118 5
27 149 10
111 194 9
124 162 7
59 111 3
53 125 10
104 112 7
150 200 2
101 105 5
67 83 7
79 137 9
4 92 9
156 165 4
20 88 8
101 158 8
128 141 3
103 146 1
39 188 9
56 88 10
7 156 6
35 191 6
29 117 1
16 82 7
84 174 10
24 136 6
82 137 3
2 62 4
46 82 8
113 118 9
32 194 8
29 71 8
38 98 7
29 110 5
11 22 8
15 186 5
14 153 1
84 150 3
93 113 2
66 170 8
60 115 7
16 152 10
95 180 6
22 41 5
78 198 8
52 150 5
44 51 4
63 192 6
36 178 8
44 188 6
183 200 2
19 33 6
5 58 3
57 71 2
54 112 5
90 151 2
130 177 3
158 176 3
58 137 9
120 182 5
5 91 3
80 84 6
102 136 3
8 126 7
2 72 1
74 148 2
131 174 4
58 167 6
22 179 8
186 200 7
106 143 4
65 150 6
131 172 4
31 83 3
44 122 6
12 67 2
34 187 5
4 121 9
140 149 1
5 192 8
27 91 7
32 177 3
52 69 7
111 124 2
16 121 3
50 54 4
35 137 3
42 136 2
20 114 8
47 195 7
2 182 2
97 152 2
116 155 5
41 139 8
29 44 9
23 69 1
58 144 5
69 110 5
21 58 1
26 198 3
35 123 3
104 178 4
67 177 9
105 111 7
23 50 8
28 159 1
23 146 3
173 176 7
92 192 10
147 171 6
60 185 8
21 28 9
44 78 10
48 166 2
75 182 4
160 188 1
176 182 4
65 114 6
91 129 1
137 168 4
100 141 3
55 163 5
3 140 2
154 169 1
36 48 8
88 164 4
69 194 5
108 128 4
97 193 8
142 152 6
136 137 2
69 159 2
6 168 9
6 171 2
35 114 2
91 164 7
62 125 4
30 176 9
143 178 4
109 174 1
142 182 9
49 138 6
3 46 3
6 32 10
72 73 3
115 197 5
151 178 3
108 152 5
57 90 3
123 192 2
79 172 8
67 143 3
129 160 7
62 98 5
31 72 6
71 171 9
25 130 1
171 173 5
104 143 10
70 93 3
22 62 2
100 150 3
86 103 5
110 150 10
19 108 5
27 130 4
11 86 7
14 123 10
97 107 2
24 29 2
149 200 8
25 93 1
84 186 3
83 176 8
97 150 3
113 149 4
138 180 3
14 19 6
10 20 5
69 117 2
45 126 3
83 103 4
94 194 3
33 131 7
6 114 9
109 150 1
172 190 4
38 46 2
162 193 5
87 126 4
55 154 6
164 192 7
45 108 9
47 138 6
16 79 4
152 200 7
15 67 2
39 172 10
19 107 5
8 166 1
90 164 7
27 173 10
129 192 5
29 179 5
25 86 10
51 195 8
6 99 10
132 167 10
165 195 5
86 151 4
193 197 4
3 11 3
80 147 7
96 180 5
17 135 7
37 199 3
30 109 4
49 64 6
100 133 4
45 96 10
139 173 5
33 177 5
76 157 9
142 154 5
11 81 10
6 47 7
40 185 1
22 88 10
77 156 7
101 108 5
84 97 1
21 149 3
16 36 7
26 121 8
114 148 1
2 112 8
75 77 1
1 178 1
54 139 7
13 79 10
101 157 4
71 194 6
86 195 10
69 145 9
16 19 3
29 39 1
74 131 8
41 79 7
135 169 1
4 177 2
10 22 1
100 135 10
17 26 4
41 89 9
46 163 7
124 197 8
77 121 8
88 99 1
143 191 8
19 137 6
23 165 2
126 183 2
42 83 4
48 77 6
98 173 1
27 141 4
115 124 6
101 131 10
74 168 4
7 131 8
17 188 4
137 146 1
94 136 10
106 186 5
80 104 9
37 163 3
46 164 8
51 173 2
14 179 8
75 200 9
63 144 5
28 95 9
74 186 5
79 153 6
103 123 5
30 191 2
118 200 10
7 114 9
70 200 6
134 135 7
109 166 6
115 136 7
25 61 10
54 127 9
174 190 5
23 72 8
117 161 7
74 140 6
171 194 9
23 152 8
28 40 7
8 139 9
8 59 2
2 46 9
56 86 1
2 193 7
2 192 9
13 37 10
30 140 4
28 200 9
45 127 3
15 101 4
25 73 3
120 126 5
107 184 5
16 66 6
49 53 2
49 143 4
19 185 5
76 82 3
30 177 1
98 143 5
95 142 7
73 110 2
27 159 6
18 55 8
28 198 10
50 186 9
89 132 4
18 48 10
93 130 6
7 34 8
129 190 7
86 148 3
48 49 9
28 128 9
11 69 9
166 198 9
22 127 4
126 189 10
58 185 9
118 126 8
6 174 5
99 183 3
7 124 9
125 175 4
120 138 3
50 68 3
138 178 2
108 172 9
12 26 10
128 182 9
6 77 9
111 173 4
21 181 8
84 156 1
143 156 3
126 177 2
7 160 6
90 183 8
66 89 5
94 126 10
24 148 9
73 132 5
14 186 8
133 169 8
53 163 2
75 149 7
119 192 6
93 180 7
10 40 2
59 105 1
105 127 8
61 158 7
86 108 10
16 159 8
50 66 9
11 16 8
127 166 7
52 95 8
51 179 4
79 184 6
50 77 5
16 147 3
52 63 8
2 132 8
174 200 9
94 107 8
175 200 6
115 134 3
131 143 5
42 198 7
92 200 9
65 143 7
95 185 7
36 152 10
20 165 2
12 101 3
76 152 4
178 183 9
46 129 3
47 197 3
107 158 9
41 195 6
38 39 5
51 165 6
54 178 10
143 150 6
162 186 5
140 178 1
80 120 10
65 199 2
37 52 9
79 190 2
163 166 7
117 147 8
47 144 7
10 105 8
63 159 3
103 127 7
163 174 9
93 108 9
31 155 8
110 155 7
47 149 5
166 169 3
75 158 4
18 195 10
44 77 6
94 173 10
170 187 6
56 103 8
29 129 2
58 63 2
53 98 10
24 38 3
119 188 8
6 136 7
60 84 3
43 85 8
1 144 8
135 162 5
159 166 10
175 183 8
68 164 8
133 198 9
129 195 10
92 183 4
7 132 8
146 166 4
7 68 5
28 164 7
37 166 6
49 97 7
53 71 4
31 64 8
64 101 9
27 35 3
143 200 9
62 198 8
57 160 4
65 90 2
108 146 10
6 129 2
31 187 5
116 199 7
74 123 3
29 82 4
9 105 8
91 169 10
26 156 1
94 141 4
133 177 5
69 172 7
63 137 3
5 193 5
47 161 8
61 137 3
37 41 8
43 117 8
54 57 4
108 189 5
25 115 9
44 184 2
125 182 2
134 145 8
8 151 6
13 76 6
48 125 3
125 170 2
30 160 9
10 155 1
40 158 10
72 108 5
79 161 8
3 153 9
18 161 8
16 178 2
61 133 10
123 184 5
43 137 9
58 128 3
41 182 6
26 179 7
65 198 9
154 188 1
76 119 6
25 90 6
124 126 7
42 126 3
31 172 8
106 191 7
7 129 1
5 65 9
83 104 6
78 94 1
68 177 2
47 151 5
26 195 1
23 129 1
134 166 10
155 197 6
11 30 9
39 142 9
61 185 3
158 160 4
118 164 10
69 183 7
2 169 6
2 101 9
46 134 7
3 76 4
120 137 8
12 158 10
31 46 2
31 127 7
100 123 7
127 133 9
153 183 9
13 94 1
12 128 9
33 62 1
15 76 9
82 187 3
142 184 6
24 200 2
63 108 5
13 128 7
23 198 4
142 157 8
86 88 6
22 35 3
4 199 2
91 134 10
101 134 3
74 144 1
23 122 7
132 195 2
58 68 10
145 174 10
9 183 1
25 193 2
27 166 7
60 136 6
40 80 7
160 177 1
95 147 1
13 30 3
3 142 1
41 179 4
40 153 4
32 185 1
103 121 10
57 61 5
46 196 3
94 118 8
81 114 9
145 175 10
3 21 3
52 107 3
40 103 7
88 110 8
163 195 10
111 125 9
12 168 10
103 125 3
114 128 7
42 196 3
39 106 5
8 146 9
135 142 5
28 89 10
26 171 1
88 91 2
48 102 9
56 181 3
36 136 10
123 176 3
69 79 5
148 198 2
150 151 1
54 192 3
92 193 3
10 131 4
11 105 10
35 58 7
45 182 10
36 104 3
58 111 1
25 82 7
118 175 4
35 48 3
120 129 5
164 184 2
34 68 7
2 54 7
13 107 2
11 145 3
50 76 2
118 158 10
54 95 10
63 79 9
24 53 10
66 182 1
94 184 2
108 129 10
36 43 6
9 187 1
24 198 3
63 177 4
93 141 10
47 104 7
65 142 10
74 143 7
14 28 4
128 192 2
6 8 1
57 75 4
64 151 6
2 150 7
32 180 3
34 77 6
32 107 10
17 60 7
94 112 7
32 124 10
123 134 6
1 150 1
64 108 1
61 93 5
28 190 7
82 109 8
14 17 8
51 68 3
13 108 6
18 94 3
20 112 3
44 141 9
13 156 4
37 98 10
2 134 2
123 160 5
17 166 9
86 167 1
64 105 2
36 155 3
49 148 7
24 68 2
25 119 3
104 184 9
40 47 5
165 187 7
77 81 4
30 157 10
105 149 8
54 58 5
68 81 7
34 199 2
7 50 6
166 196 5
31 66 5
18 108 10
92 131 7
44 181 4
66 153 8
74 155 4
62 178 7
2 186 3
124 129 4
138 168 4
185 194 5
60 146 1
29 177 10
13 16 1
118 187 9
94 132 9
86 128 9
81 137 3
46 86 4
13 46 7
66 171 1
60 174 10
65 165 6
55 174 6
26 160 1
57 79 8
74 83 4
153 192 7
142 190 10
28 181 3
51 141 5
19 38 9
104 118 9
61 85 2
62 119 8
38 197 9
53 72 3
1 171 9
165 173 1
69 111 5
74 147 9
68 157 2
103 152 6
40 180 3
4 66 3
151 196 6
1 108 5
90 136 10
53 82 10
105 108 2
83 184 4
114 191 2
2 110 4
5 90 10
63 96 4
5 104 10
106 185 6
147 166 8
66 104 7
102 138 4
137 142 6
55 144 8
43 46 3
26 58 7
61 186 10
24 79 6
75 121 7
39 161 2
100 180 7
20 120 1
59 129 4
2 83 3
111 134 7
10 87 3
24 92 7
24 35 5
55 97 3
94 108 3
80 123 7
98 161 7
17 111 2
101 170 10
42 85 9
112 123 3
3 149 4
61 152 4
149 170 2
51 127 10
53 67 8
70 143 2
60 133 3
63 98 1
196 200 8
21 183 2
187 199 3
133 185 8
22 147 7
152 182 9
11 165 9
5 12 9
61 165 10
4 184 9
41 127 4
9 160 7
115 196 10
84 178 3
59 106 3
21 98 10
47 64 3
182 200 7
16 191 6
27 139 2
7 31 7
131 150 10
116 150 3
16 129 5
43 193 1
55 142 4
121 189 4
72 176 8
50 71 2
106 109 1
35 95 7
14 159 7
18 150 1
30 165 4
79 170 9
58 138 10
111 132 6
157 175 8
115 185 9
65 67 8
8 135 1
107 125 1
6 75 5
14 79 10
101 113 1
89 195 8
164 183 10
22 82 7
10 42 3
61 199 6
27 63 1
173 186 5
121 200 10
112 188 9
33 81 7
81 135 2
98 191 2
37 131 3
90 170 6
25 186 9
7 73 5
141 179 2
17 159 5
104 144 8
115 125 5
54 150 2
97 200 7
29 83 2
112 199 5
28 187 2
82 188 9
12 147 4
73 106 10
69 171 3
20 173 7
90 190 8
50 85 4
8 185 3
29 184 2
30 161 7
48 183 1
67 171 3
130 146 2
88 102 5
108 176 9
4 131 1
31 125 2
122 177 2
154 165 9
24 113 9
95 120 4
2 48 1
132 147 6
36 53 3
18 22 5
126 193 6
94 182 7
57 69 6
50 52 1
41 151 6
106 155 7
88 108 5
23 54 5
121 161 10
78 190 7
9 32 9
86 111 3
92 116 6
92 162 6
65 113 4
133 139 6
12 48 9
44 139 2
158 161 1
30 115 1
18 184 2
122 161 10
17 163 3
125 198 1
68 149 9
61 112 1
155 190 1
123 185 4
151 170 6
2 39 4
49 146 7
99 151 2
139 186 5
25 111 6
60 116 1
66 134 1
75 148 7
116 140 5
65 99 3
121 149 7
11 70 7
94 175 2
40 169 9
40 177 1
52 55 2
55 88 10
19 153 9
5 132 10
98 145 1
9 107 1
55 124 9
126 154 7
20 175 1
1 188 6
117 175 1
31 140 10
144 150 9
140 159 2
37 186 7
37 122 8
33 189 7
102 178 3
67 104 2
15 29 7
89 111 4
11 12 8
72 177 4
4 56 6
19 51 2
138 164 7
21 173 6
1 181 6
133 154 2
84 154 4
30 124 4
60 135 10
4 91 9
28 99 3
90 105 9
77 145 4
177 200 5
55 62 9
141 152 6
43 101 8
92 178 1
110 182 10
40 76 2
118 130 7
175 193 1
94 109 2
23 114 6
56 177 3
34 164 5
59 186 8
125 147 5
44 53 3
4 58 4
5 99 9
10 148 2
115 151 2
107 168 7
33 101 10
73 95 10
73 179 1
31 50 4
26 80 10
79 163 9
138 148 3
9 61 8
50 79 4
125 200 1
22 51 3
30 169 8
2 49 3
65 77 9
6 49 2
114 123 3
45 107 8
144 180 7
149 185 3
79 129 5
22 84 9
53 73 7
73 197 5
113 199 3
114 180 9
63 130 4
98 110 7
89 186 8
11 48 7
62 114 9
15 153 9
86 119 10
34 85 6
32 164 5
144 194 7
13 39 6
4 6 2
92 132 5
122 194 4
79 162 6
2 89 1
73 155 6
18 105 5
6 176 7
124 144 1
150 179 4
20 92 3
69 179 7
153 160 9
10 161 4
182 185 1
59 79 5
33 172 3
91 184 7
41 67 1
15 22 1
14 164 4
29 66 1
109 196 8
121 145 1
52 81 2
45 55 2
190 199 1
48 139 10
23 172 2
21 180 8
125 185 3
58 74 5
135 195 7
96 167 1
70 196 6
46 120 8
56 196 4
124 186 10
57 155 8
41 111 3
104 153 5
82 93 5
24 183 10
25 150 10
37 198 3
36 148 8
63 84 5
173 183 6
17 84 2
107 196 5
38 134 3
17 113 8
106 151 1
137 177 2
22 139 9
79 90 9
69 124 7
31 159 7
104 149 5
125 187 5
106 194 7
140 145 3
86 100 3
50 167 8
99 126 9
130 182 7
90 123 10
56 78 2
93 193 6
20 171 9
47 59 8
44 93 3
70 104 8
80 119 6
62 153 3
43 180 10
145 165 2
93 124 3
57 178 2
62 184 3
59 113 2
165 184 2
138 141 2
37 101 6
52 86 2
44 49 3
18 63 10
52 105 2
81 125 1
145 160 4
3 75 6
4 75 4
15 61 8
57 175 8
71 94 2
80 159 7
115 117 7
17 140 6
152 181 9
40 173 3
62 108 6
23 180 5
4 146 5
148 185 1
7 189 3
9 193 4
7 171 4
73 100 3
47 130 6
15 89 1
101 143 2
32 53 6
177 179 1
4 94 7
94 144 9
66 67 5
56 94 10
124 125 3
120 168 8
63 117 3
12 111 8
72 99 3
68 129 8
17 136 8
115 189 2
169 198 7
58 199 9
46 143 5
43 181 6
78 102 9
59 74 8
156 200 10
160 197 2
11 162 3
78 187 10
54 119 1
80 154 2
107 143 5
6 29 6
92 133 3
69 83 1
172 193 8
150 184 8
31 186 1
68 181 1
44 146 1
114 141 2
71 187 2
17 144 7
12 112 6
103 106 10
35 71 7
2 52 2
48 150 4
70 126 6
133 188 5
83 97 4
188 189 5
106 116 1
68 145 2
111 197 10
98 159 10
37 171 10
42 194 9
86 90 10
116 181 9
