0.168111349 0.628644000
-0.154128017 -0.399873000
0.000000000 0.000000000
0.004661110 0.000000000
0.163450238 0.000000000
0.000000000 0.000000000
0.168111349 0.000000000
0.000000000 2.657161000
0.000000000 0.028517000
0.000000000 -0.028517000
0.009322221 0.285805000
-0.107413122 -0.000000000
0.000000000 0.342839000
0.000000000 0.000000000
0.056037116 0.000000000
0.000000000 0.342839000
-0.004661110 -0.000000000
0.107413122 0.000000000
0.051376006 0.000000000
0.000000000 0.000000000
0.000000000 0.657161000
0.000000000 0.000000000
0.000000000 -1.000000000
0.000000000 0.628644000
0.074785349 0.856780000
0.051376006 0.000000000
0.056037116 0.000000000
0.163450238 0.000000000
-0.051376006 0.000000000
0.000000000 -1.000000000
0.004661110 0.628644000
0.056037116 0.000000000
-0.331561587 -0.628644000
0.000000000 -0.342839000
0.000000000 0.000000000
0.000000000 1.000000000
0.000000000 0.000000000
0.000000000 0.000000000
0.000000000 0.342839000
0.060698227 1.285805000
0.000000000 0.000000000
0.000000000 2.000000000
-0.018748233 -0.542458000
0.000000000 -0.657161000
0.000000000 1.657161000
0.247557808 0.142585000
0.000000000 0.657161000
0.000000000 1.000000000
0.000000000 0.971483000
0.000000000 0.000000000
0.000000000 0.000000000
0.000000000 1.000000000
0.000000000 -0.342839000
0.009322221 1.600127000
0.000000000 1.314322000
0.046714895 0.371356000
0.000000000 1.000000000
0.056037116 0.000000000
0.042053785 0.742712000
-0.009322221 -0.942966000
0.326900477 0.000000000
-0.042053785 -2.085551000
0.004661110 0.000000000
0.084107570 0.485424000
0.000000000 0.000000000
0.004661110 0.971483000
0.000000000 0.000000000
0.000000000 0.000000000
-0.032731564 -1.456907000
0.042053785 0.057034000
0.056037116 0.314322000
-0.112074233 0.000000000
0.051376006 0.000000000
-0.042053785 -0.742712000
0.000000000 0.000000000
-0.163450238 -0.342839000
0.000000000 -0.657161000
0.000000000 1.000000000
-0.116735343 -0.628644000
0.000000000 0.000000000
0.210165134 0.028517000
0.000000000 0.000000000
0.000000000 0.000000000
0.000000000 0.000000000
0.000000000 -0.657161000
-0.210165134 -0.714195000
0.000000000 -0.971483000
0.163450238 0.000000000
-0.098090901 -1.714195000
0.013983331 0.600127000
-0.126057564 -0.885932000
0.000000000 0.000000000
-0.051376006 -0.000000000
0.000000000 -0.657161000
0.004661110 0.314322000
-0.112074233 -0.000000000
0.219487355 0.000000000
0.000000000 1.657161000
-0.102752012 0.000000000
0.004661110 0.285805000
0.000000000 0.000000000
0.000000000 0.628644000
0.000000000 0.342839000
0.004661110 0.285805000
0.000000000 0.342839000
0.000000000 0.000000000
0.004661110 0.000000000
-0.060698227 -0.285805000
0.434313599 0.342839000
-0.163450238 -0.000000000
0.000000000 0.000000000
0.056037116 0.000000000
0.051376006 0.000000000
-0.158789128 -0.342839000
0.000000000 0.314322000
-0.158789128 0.000000000
-0.112074233 -0.314322000
0.112074233 1.314322000
-0.060698227 -0.285805000
-0.051376006 -0.685678000
-0.163450238 -0.000000000
0.163450238 0.000000000
0.000000000 0.000000000
-0.056037116 -0.657161000
0.000000000 0.000000000
0.004661110 0.314322000
0.000000000 0.000000000
0.046714895 0.057034000
0.000000000 0.685678000
0.000000000 -1.000000000
0.000000000 -0.314322000
0.056037116 0.000000000
-0.004661110 -0.628644000
0.051376006 0.000000000
0.000000000 -0.314322000
0.000000000 0.000000000
0.000000000 0.000000000
0.060698227 0.285805000
0.149466907 0.057034000
-0.042053785 -1.085551000
0.112074233 0.314322000
0.051376006 0.000000000
0.000000000 0.314322000
-0.107413122 -0.000000000
0.000000000 0.000000000
0.000000000 0.000000000
0.098090901 1.399873000
0.000000000 -0.342839000
-0.013983331 -0.914449000
0.000000000 0.657161000
-0.070020448 -0.571610000
0.000000000 0.342839000
0.004661110 0.314322000
0.107413122 0.000000000
-0.046714895 -0.714195000
-0.056037116 0.000000000
0.056037116 0.000000000
0.000000000 0.000000000
-0.084107570 -0.485424000
0.000000000 0.000000000
0.056037116 0.000000000
0.000000000 0.657161000
0.000000000 0.657161000
0.000000000 -0.342839000
0.000000000 0.000000000
0.088768680 1.771229000
0.000000000 0.000000000
-0.004661110 -0.971483000
0.056037116 0.000000000
-0.009322221 -1.942966000
-0.112074233 -0.971483000
0.084003779 0.828898000
-0.065359337 -0.600127000
0.000000000 0.000000000
0.000000000 0.000000000
0.046714895 0.028517000
0.000000000 0.000000000
0.000000000 0.000000000
0.000000000 -0.342839000
-0.107413122 0.000000000
-0.009322221 -0.285805000
0.163450238 0.000000000
0.107413122 0.000000000
-0.056037116 -0.342839000
-0.018748233 -0.885297000
-0.004661110 -0.285805000
0.000000000 1.000000000
0.018748233 0.542458000
0.000000000 0.657161000
-0.219487355 0.000000000
0.000000000 0.000000000
0.070020448 0.228771000
0.107413122 0.657161000
0.378276483 0.000000000
0.000000000 -0.342839000
0.163450238 0.000000000
0.000000000 -0.657161000
0.000000000 2.657161000
-0.056037116 0.000000000
0.004661110 0.971483000
0.000000000 0.342839000
0.004661110 0.971483000
-0.098090901 -0.057034000
0.018748233 0.885297000
-0.107413122 -0.000000000
0.000000000 0.000000000
0.000000000 0.342839000
0.000000000 0.000000000
0.107413122 0.000000000
0.000000000 0.657161000
0.000000000 -0.657161000
0.000000000 0.000000000
0.000000000 -1.314322000
0.000000000 1.971483000
0.056037116 0.000000000
0.000000000 -2.000000000
0.056037116 0.314322000
0.000000000 0.000000000
0.000000000 -0.657161000
-0.051376006 -0.000000000
0.000000000 -1.657161000
0.000000000 0.000000000
0.051376006 2.685678000
0.214826244 0.342839000
-0.154128017 -2.057034000
0.056037116 0.314322000
0.000000000 -0.657161000
0.000000000 0.342839000
0.000000000 0.657161000
0.000000000 0.000000000
-0.004661110 -0.628644000
0.000000000 0.000000000
0.107413122 0.000000000
-0.084107570 -0.799746000
0.060698227 0.000000000
-0.056037116 -0.000000000
0.000000000 -0.314322000
-0.219487355 0.000000000
0.009322221 0.285805000
-0.214826244 0.000000000
-0.046714895 -0.057034000
-0.023305552 -1.514576000
0.051376006 0.714195000
0.000000000 -0.342839000
-0.051376006 -0.342839000
-0.112074233 -1.314322000
0.000000000 0.342839000
0.000000000 -0.342839000
-0.013983331 -1.914449000
-0.056037116 0.000000000
-0.051376006 -0.000000000
-0.214826244 -0.028517000
0.000000000 -2.000000000
0.000000000 0.000000000
0.107413122 0.000000000
-0.051376006 -0.342839000
0.000000000 1.000000000
0.000000000 0.000000000
0.000000000 0.657161000
0.238131796 0.543093000
0.000000000 1.000000000
0.037392674 0.428390000
0.000000000 0.942966000
0.000000000 0.000000000
0.000000000 0.000000000
-0.270863361 0.000000000
-0.107413122 0.000000000
0.000000000 -1.000000000
0.074681558 0.200254000
-0.046714895 -0.371356000
0.000000000 -1.342839000
-0.037392674 -0.428390000
0.098090901 0.399873000
0.000000000 -2.000000000
0.000000000 0.000000000
0.000000000 -0.342839000
-0.046714895 -1.714195000
0.000000000 0.000000000
-0.051376006 -0.342839000
0.000000000 0.000000000
0.000000000 -0.657161000
0.098090901 1.057034000
0.051376006 1.342839000
0.116735343 0.285805000
-0.009322221 -0.285805000
-0.056037116 0.000000000
-0.060698227 -0.628644000
0.000000000 -0.657161000
0.000000000 0.000000000
-0.004661110 -0.628644000
0.000000000 -0.657161000
0.000000000 0.342839000
0.018748233 0.885297000
-0.042053785 -1.057034000
0.056037116 0.000000000
0.000000000 0.000000000
-0.070020448 -0.571610000
0.060698227 0.285805000
-0.107413122 -0.657161000
0.000000000 0.000000000
0.112074233 0.657161000
0.000000000 -0.342839000
0.000000000 -1.000000000
0.000000000 0.000000000
0.000000000 0.000000000
-0.112074233 -1.628644000
-0.116735343 -2.285805000
0.000000000 0.657161000
0.000000000 0.000000000
0.000000000 0.000000000
-0.004661110 -0.628644000
0.102752012 1.342839000
0.000000000 1.685678000
0.000000000 -0.314322000
0.326900477 0.000000000
0.163450238 0.000000000
-0.107413122 -0.000000000
-0.051376006 -0.685678000
0.000000000 0.000000000
-0.056037116 0.000000000
0.107413122 0.000000000
0.004661110 1.314322000
0.163450238 0.000000000
0.112074233 1.628644000
0.060698227 0.285805000
0.000000000 0.685678000
0.004661110 0.971483000
0.004661110 0.628644000
-0.009322221 -0.600127000
-0.037392674 -2.085551000
0.000000000 0.000000000
0.000000000 0.000000000
0.112074233 0.000000000
-0.046714895 -1.057034000
-0.214826244 0.000000000
-0.056037116 -1.657161000
0.000000000 0.000000000
-0.163450238 -0.342839000
0.000000000 -0.657161000
0.163450238 0.000000000
0.070020448 0.571610000
0.000000000 -0.657161000
-0.004661110 -0.971483000
0.000000000 -0.342839000
0.046714895 1.057034000
0.163450238 0.000000000
0.000000000 0.000000000
-0.121396453 -0.257288000
-0.060698227 -0.628644000
0.242792907 0.514576000
0.051376006 0.000000000
0.000000000 0.657161000
-0.116735343 -0.285805000
0.056037116 0.657161000
0.000000000 2.000000000
0.060698227 0.628644000
0.004661110 0.314322000
-0.037392674 -0.771229000
0.098090901 0.057034000
-0.107413122 0.000000000
0.168111349 0.000000000
0.000000000 1.000000000
0.000000000 -1.000000000
0.107413122 0.000000000
0.013983331 0.914449000
-0.163450238 0.000000000
0.000000000 0.000000000
0.000000000 1.342839000
0.000000000 0.000000000
-0.056037116 0.000000000
-0.107413122 -0.000000000
0.000000000 0.000000000
-0.000000000 -0.657161000
-0.107413122 -0.342839000
0.000000000 0.657161000
0.000000000 0.000000000
0.056037116 0.000000000
-0.149466907 -0.085551000
0.000000000 0.000000000
-0.102752012 -0.342839000
-0.056037116 -0.000000000
0.000000000 1.657161000
-0.056037116 -0.314322000
0.000000000 0.000000000
0.326900477 0.000000000
0.000000000 0.000000000
0.004661110 0.000000000
0.000000000 -0.314322000
0.037392674 0.771229000
0.000000000 0.000000000
-0.056037116 0.000000000
0.219487355 0.628644000
0.060698227 0.628644000
0.000000000 0.000000000
0.000000000 0.000000000
0.000000000 0.000000000
0.000000000 0.342839000
-0.042053785 -0.085551000
0.042053785 0.057034000
-0.009322221 -0.285805000
0.168111349 0.000000000
-0.023409343 -0.199619000
-0.042053785 -1.085551000
0.000000000 1.000000000
0.163450238 0.000000000
-0.233470686 -0.571610000
-0.214826244 -0.685678000
-0.056037116 -0.314322000
0.000000000 0.000000000
0.000000000 -0.342839000
0.000000000 0.000000000
-0.042053785 -0.399873000
0.000000000 0.000000000
-0.056037116 -0.628644000
-0.158789128 0.000000000
-0.158789128 0.000000000
-0.107413122 -0.000000000
-0.018644442 -0.543093000
0.060698227 0.628644000
0.000000000 0.657161000
0.121396453 0.257288000
0.000000000 0.657161000
0.000000000 0.000000000
0.144805797 1.114068000
-0.107413122 0.000000000
-0.326900477 -0.000000000
0.000000000 0.000000000
0.000000000 0.000000000
-0.051376006 -0.685678000
0.093429791 0.428390000
0.004661110 0.314322000
0.000000000 0.000000000
-0.163450238 -0.000000000
-0.051376006 -0.000000000
0.000000000 0.000000000
0.000000000 -0.342839000
0.000000000 0.000000000
0.009322221 0.628644000
0.000000000 0.000000000
0.000000000 0.000000000
-0.056037116 0.000000000
0.000000000 0.657161000
0.000000000 0.000000000
0.000000000 0.000000000
-0.205504023 -0.057034000
0.000000000 0.685678000
0.163450238 0.000000000
0.210165134 1.714195000
0.046714895 0.028517000
0.056037116 0.000000000
0.098090901 0.057034000
-0.378276483 -0.000000000
0.000000000 0.000000000
0.051376006 0.000000000
0.000000000 0.000000000
-0.107413122 0.000000000
0.000000000 -0.657161000
0.056037116 0.314322000
0.000000000 -2.000000000
0.000000000 0.000000000
0.000000000 0.000000000
0.042053785 0.428390000
0.112074233 0.000000000
0.415669157 0.114068000
0.000000000 0.000000000
0.107413122 0.000000000
-0.056037116 -0.000000000
-0.214826244 -0.657161000
0.056037116 0.000000000
0.000000000 0.657161000
0.046714895 0.714195000
-0.084107570 -0.485424000
0.000000000 0.000000000
-0.163450238 -0.000000000
0.000000000 0.000000000
-0.060698227 -0.628644000
0.000000000 0.000000000
-0.042053785 -0.742712000
0.000000000 -0.342839000
0.000000000 0.000000000
0.051376006 0.685678000
0.144805797 0.114068000
0.000000000 0.000000000
0.000000000 0.000000000
0.000000000 0.657161000
-0.056037116 0.000000000
0.112074233 0.000000000
0.149466907 0.428390000
-0.056037116 0.000000000
0.000000000 1.000000000
0.000000000 1.342839000
-0.070020448 -1.200254000
-0.065359337 -2.600127000
0.000000000 -1.000000000
-0.037392674 -0.428390000
0.107413122 0.000000000
0.000000000 0.000000000
0.000000000 1.000000000
0.154128017 0.371356000
0.270863361 0.000000000
0.060698227 0.942966000
0.326900477 0.000000000
0.000000000 0.000000000
0.000000000 0.000000000
0.046714895 1.342839000
0.051376006 0.000000000
0.051376006 0.000000000
0.009322221 0.942966000
0.000000000 0.000000000
0.051376006 0.000000000
-0.028070454 -0.828263000
-0.070020448 -0.571610000
-0.224148465 -0.628644000
0.000000000 0.000000000
0.004661110 0.000000000
-0.121396453 -1.257288000
-0.004661110 -0.314322000
0.000000000 0.000000000
3.95583099303
