0.000000000 1.456868000
-1.019222262 -1.456868000
0.000000000 7.000000000
0.000000000 -1.456868000
1.019222262 1.456868000
-1.019222262 -1.456868000
1.019222262 1.456868000
-1.019222262 -1.456868000
1.019222262 1.456868000
0.000000000 -7.000000000
-1.019222262 -1.456868000
0.000000000 -1.456868000
1.019222262 1.456868000
0.000000000 7.000000000
-1.019222262 -1.456868000
-1.019222262 -1.456868000
-1.019222262 -1.456868000
0.000000000 -1.456868000
-1.019222262 -1.456868000
-1.019222262 -1.456868000
0.000000000 -7.000000000
0.000000000 -7.000000000
-1.019222262 -1.456868000
1.019222262 1.456868000
0.000000000 7.000000000
-1.019222262 -1.456868000
1.019222262 1.456868000
0.000000000 -1.456868000
0.000000000 7.000000000
0.000000000 1.456868000
0.000000000 -7.000000000
0.000000000 7.000000000
0.000000000 7.000000000
1.019222262 1.456868000
0.000000000 7.000000000
0.000000000 1.456868000
0.000000000 7.000000000
1.019222262 1.456868000
0.000000000 7.000000000
0.000000000 7.000000000
0.000000000 -7.000000000
1.019222262 1.456868000
1.019222262 1.456868000
0.000000000 7.000000000
-1.019222262 -1.456868000
0.000000000 -7.000000000
0.000000000 7.000000000
0.000000000 -1.456868000
-1.019222262 -1.456868000
-1.019222262 -1.456868000
1.019222262 1.456868000
1.019222262 1.456868000
0.000000000 1.456868000
1.019222262 1.456868000
1.019222262 1.456868000
0.000000000 7.000000000
-1.019222262 -1.456868000
1.019222262 1.456868000
0.000000000 7.000000000
-1.019222262 -1.456868000
0.000000000 -1.456868000
1.019222262 1.456868000
-1.019222262 -1.456868000
0.000000000 7.000000000
-1.019222262 -1.456868000
0.000000000 -7.000000000
0.000000000 -7.000000000
0.000000000 7.000000000
0.000000000 -1.456868000
-1.019222262 -1.456868000
-1.019222262 -1.456868000
0.000000000 -1.456868000
0.000000000 -7.000000000
0.000000000 7.000000000
0.000000000 -7.000000000
0.000000000 -7.000000000
0.000000000 7.000000000
-1.019222262 -1.456868000
0.000000000 -1.456868000
-1.019222262 -1.456868000
1.019222262 1.456868000
1.019222262 1.456868000
0.000000000 7.000000000
0.000000000 7.000000000
0.000000000 -7.000000000
-1.019222262 -1.456868000
0.000000000 1.456868000
0.000000000 -7.000000000
0.000000000 1.456868000
0.000000000 -7.000000000
0.000000000 -7.000000000
-1.019222262 -1.456868000
0.000000000 7.000000000
-1.019222262 -1.456868000
-1.019222262 -1.456868000
-1.019222262 -1.456868000
1.019222262 1.456868000
0.000000000 1.456868000
0.000000000 1.456868000
1.019222262 1.456868000
-1.019222262 -1.456868000
0.000000000 -7.000000000
1.019222262 1.456868000
0.000000000 -7.000000000
0.000000000 -7.000000000
0.000000000 -7.000000000
0.000000000 1.456868000
0.000000000 -7.000000000
-1.019222262 -1.456868000
1.019222262 1.456868000
0.000000000 7.000000000
-1.019222262 -1.456868000
0.000000000 7.000000000
1.019222262 1.456868000
0.000000000 1.456868000
-1.019222262 -1.456868000
-1.019222262 -1.456868000
0.000000000 7.000000000
0.000000000 1.456868000
1.019222262 1.456868000
0.000000000 -7.000000000
0.000000000 -1.456868000
-1.019222262 -1.456868000
0.000000000 1.456868000
0.000000000 -7.000000000
0.000000000 -1.456868000
0.000000000 -1.456868000
0.000000000 7.000000000
-1.019222262 -1.456868000
0.000000000 1.456868000
1.019222262 1.456868000
1.019222262 1.456868000
1.019222262 1.456868000
0.000000000 -7.000000000
1.019222262 1.456868000
0.000000000 -7.000000000
1.019222262 1.456868000
-1.019222262 -1.456868000
0.000000000 -1.456868000
-1.019222262 -1.456868000
1.019222262 1.456868000
0.000000000 7.000000000
0.000000000 -7.000000000
0.000000000 -7.000000000
-1.019222262 -1.456868000
0.000000000 -7.000000000
-1.019222262 -1.456868000
1.019222262 1.456868000
0.000000000 -7.000000000
0.000000000 7.000000000
1.019222262 1.456868000
0.000000000 1.456868000
0.000000000 -1.456868000
0.000000000 1.456868000
0.000000000 -7.000000000
-1.019222262 -1.456868000
0.000000000 7.000000000
0.000000000 7.000000000
0.000000000 -7.000000000
1.019222262 1.456868000
0.000000000 -7.000000000
0.000000000 7.000000000
-1.019222262 -1.456868000
0.000000000 1.456868000
0.000000000 7.000000000
-1.019222262 -1.456868000
0.000000000 7.000000000
-1.019222262 -1.456868000
0.000000000 -7.000000000
0.000000000 -1.456868000
1.019222262 1.456868000
0.000000000 -1.456868000
0.000000000 7.000000000
0.000000000 1.456868000
0.000000000 -7.000000000
0.000000000 -7.000000000
0.000000000 1.456868000
3.6590304902
