0.000000000 0.000000000
0.476290837 0.000000000
0.000000000 0.000000000
0.000000000 0.000000000
0.000000000 0.000000000
0.000000000 0.000000000
0.000000000 0.000000000
-0.119072709 0.000000000
-0.119072709 0.000000000
0.238145419 0.000000000
0.000000000 0.000000000
0.000000000 0.000000000
0.000000000 0.000000000
0.000000000 0.000000000
0.000000000 0.000000000
0.000000000 2.000000000
0.119072709 0.000000000
0.000000000 0.000000000
-0.595363547 0.000000000
0.000000000 0.000000000
0.000000000 0.000000000
0.000000000 0.000000000
0.000000000 0.000000000
0.000000000 0.000000000
0.000000000 0.000000000
0.000000000 1.000000000
-0.357218128 0.000000000
0.000000000 0.000000000
0.119072709 0.000000000
-0.119072709 0.000000000
0.000000000 0.000000000
0.595363547 0.000000000
0.238145419 0.000000000
0.119072709 0.000000000
0.238145419 0.000000000
0.238145419 0.000000000
0.000000000 0.000000000
0.000000000 0.000000000
0.000000000 0.000000000
0.000000000 0.000000000
0.000000000 0.000000000
0.357218128 0.000000000
-0.476290837 -2.000000000
0.000000000 0.000000000
-0.476290837 0.000000000
0.000000000 0.000000000
0.000000000 0.000000000
0.000000000 0.000000000
0.000000000 -2.000000000
0.000000000 0.000000000
0.595363547 3.000000000
0.595363547 0.000000000
0.119072709 0.000000000
0.000000000 0.000000000
0.000000000 0.000000000
0.000000000 0.000000000
0.000000000 0.000000000
0.238145419 0.000000000
-0.119072709 0.000000000
0.000000000 0.000000000
0.000000000 0.000000000
0.119072709 0.000000000
0.000000000 0.000000000
0.000000000 0.000000000
0.000000000 0.000000000
0.000000000 0.000000000
0.000000000 0.000000000
0.000000000 0.000000000
0.952581675 2.000000000
0.000000000 0.000000000
0.000000000 0.000000000
0.000000000 0.000000000
0.000000000 0.000000000
0.000000000 0.000000000
0.000000000 0.000000000
0.000000000 0.000000000
0.000000000 0.000000000
-0.476290837 0.000000000
0.000000000 0.000000000
0.000000000 0.000000000
0.000000000 0.000000000
0.000000000 0.000000000
0.000000000 0.000000000
0.000000000 0.000000000
0.000000000 0.000000000
0.000000000 0.000000000
-0.119072709 0.000000000
0.000000000 0.000000000
0.000000000 0.000000000
0.119072709 0.000000000
0.000000000 0.000000000
0.000000000 0.000000000
0.000000000 0.000000000
-0.119072709 0.000000000
0.000000000 0.000000000
-0.238145419 -2.000000000
0.000000000 0.000000000
0.238145419 1.000000000
0.119072709 0.000000000
0.000000000 0.000000000
0.000000000 0.000000000
0.000000000 0.000000000
0.238145419 0.000000000
-0.357218128 0.000000000
0.000000000 0.000000000
0.000000000 0.000000000
0.000000000 0.000000000
0.357218128 1.000000000
0.000000000 0.000000000
0.000000000 0.000000000
0.000000000 0.000000000
0.595363547 0.000000000
0.000000000 0.000000000
0.000000000 1.000000000
0.000000000 0.000000000
0.000000000 0.000000000
0.000000000 0.000000000
0.000000000 0.000000000
0.000000000 0.000000000
0.000000000 0.000000000
0.000000000 0.000000000
0.000000000 0.000000000
0.000000000 0.000000000
0.000000000 0.000000000
0.000000000 -1.000000000
0.833508966 0.000000000
0.476290837 0.000000000
-0.476290837 0.000000000
0.000000000 0.000000000
0.000000000 0.000000000
0.000000000 0.000000000
0.000000000 0.000000000
0.000000000 0.000000000
0.476290837 0.000000000
0.000000000 0.000000000
0.833508966 1.000000000
0.119072709 0.000000000
-0.238145419 0.000000000
0.000000000 0.000000000
-0.357218128 0.000000000
0.000000000 0.000000000
0.000000000 0.000000000
0.476290837 0.000000000
-0.238145419 0.000000000
0.357218128 1.000000000
-0.357218128 0.000000000
0.476290837 1.000000000
0.000000000 0.000000000
0.000000000 0.000000000
0.000000000 0.000000000
0.000000000 0.000000000
0.476290837 0.000000000
0.000000000 0.000000000
0.357218128 0.000000000
0.595363547 0.000000000
0.000000000 0.000000000
-0.714436256 0.000000000
0.000000000 0.000000000
0.000000000 0.000000000
0.000000000 0.000000000
0.000000000 4.000000000
0.000000000 1.000000000
0.000000000 0.000000000
0.000000000 0.000000000
-0.119072709 0.000000000
0.000000000 -1.000000000
0.000000000 0.000000000
0.000000000 0.000000000
0.119072709 0.000000000
-0.238145419 0.000000000
0.000000000 0.000000000
0.000000000 1.000000000
-0.119072709 0.000000000
0.476290837 0.000000000
0.000000000 0.000000000
0.119072709 4.000000000
0.000000000 0.000000000
0.119072709 0.000000000
0.000000000 -1.000000000
0.000000000 0.000000000
-0.595363547 0.000000000
0.000000000 0.000000000
-0.119072709 0.000000000
0.000000000 0.000000000
0.000000000 0.000000000
0.000000000 0.000000000
0.000000000 0.000000000
0.714436256 0.000000000
0.000000000 0.000000000
0.000000000 0.000000000
-0.119072709 0.000000000
0.000000000 0.000000000
0.000000000 2.000000000
0.000000000 0.000000000
0.000000000 0.000000000
0.000000000 2.000000000
0.000000000 0.000000000
0.000000000 0.000000000
0.000000000 0.000000000
0.000000000 0.000000000
0.357218128 0.000000000
0.000000000 0.000000000
0.000000000 0.000000000
0.000000000 0.000000000
0.000000000 0.000000000
0.000000000 0.000000000
0.238145419 0.000000000
0.000000000 0.000000000
0.119072709 0.000000000
0.000000000 0.000000000
-0.119072709 0.000000000
-0.357218128 0.000000000
0.000000000 0.000000000
0.000000000 0.000000000
0.000000000 0.000000000
0.000000000 0.000000000
0.000000000 0.000000000
0.000000000 0.000000000
-0.238145419 0.000000000
0.000000000 0.000000000
0.119072709 1.000000000
-0.119072709 0.000000000
-0.119072709 0.000000000
0.000000000 0.000000000
0.238145419 0.000000000
0.000000000 0.000000000
0.000000000 0.000000000
0.000000000 0.000000000
-0.238145419 0.000000000
-0.119072709 0.000000000
0.000000000 0.000000000
0.000000000 0.000000000
0.000000000 2.000000000
-0.238145419 -1.000000000
-0.119072709 0.000000000
0.000000000 0.000000000
0.000000000 0.000000000
0.000000000 0.000000000
0.000000000 0.000000000
0.476290837 1.000000000
0.000000000 0.000000000
0.000000000 0.000000000
0.000000000 1.000000000
0.000000000 0.000000000
0.000000000 0.000000000
0.000000000 0.000000000
0.000000000 0.000000000
0.000000000 3.000000000
0.119072709 0.000000000
0.714436256 0.000000000
0.000000000 0.000000000
0.000000000 0.000000000
0.119072709 0.000000000
0.000000000 0.000000000
0.000000000 0.000000000
0.357218128 0.000000000
0.000000000 0.000000000
0.238145419 0.000000000
0.000000000 0.000000000
0.238145419 0.000000000
0.000000000 0.000000000
0.000000000 0.000000000
0.000000000 0.000000000
0.000000000 0.000000000
-0.238145419 0.000000000
0.000000000 0.000000000
0.000000000 0.000000000
0.000000000 0.000000000
0.000000000 0.000000000
0.000000000 0.000000000
0.238145419 0.000000000
0.000000000 1.000000000
-0.119072709 0.000000000
0.000000000 0.000000000
0.000000000 0.000000000
0.000000000 0.000000000
0.000000000 0.000000000
0.000000000 -1.000000000
0.119072709 0.000000000
0.000000000 0.000000000
0.000000000 0.000000000
0.119072709 0.000000000
0.000000000 0.000000000
0.000000000 0.000000000
0.000000000 0.000000000
0.476290837 1.000000000
0.000000000 0.000000000
0.000000000 0.000000000
0.119072709 0.000000000
-0.119072709 0.000000000
0.119072709 0.000000000
0.238145419 0.000000000
0.357218128 0.000000000
0.000000000 -1.000000000
0.000000000 0.000000000
0.238145419 0.000000000
0.000000000 0.000000000
0.000000000 0.000000000
0.000000000 0.000000000
0.119072709 0.000000000
0.000000000 0.000000000
0.000000000 0.000000000
0.000000000 0.000000000
0.000000000 0.000000000
0.000000000 0.000000000
0.000000000 0.000000000
0.000000000 0.000000000
0.000000000 0.000000000
0.000000000 0.000000000
0.000000000 0.000000000
-0.119072709 0.000000000
0.000000000 0.000000000
0.000000000 0.000000000
0.952581675 0.000000000
0.000000000 0.000000000
0.119072709 0.000000000
0.000000000 0.000000000
0.000000000 0.000000000
0.000000000 0.000000000
0.000000000 0.000000000
-0.119072709 0.000000000
0.000000000 0.000000000
0.000000000 0.000000000
0.000000000 0.000000000
-0.952581675 0.000000000
0.000000000 0.000000000
-0.119072709 0.000000000
0.000000000 0.000000000
-0.119072709 0.000000000
0.000000000 0.000000000
0.000000000 0.000000000
0.000000000 0.000000000
0.000000000 0.000000000
0.000000000 0.000000000
0.000000000 0.000000000
0.000000000 0.000000000
0.000000000 0.000000000
-0.833508966 0.000000000
0.000000000 0.000000000
0.000000000 0.000000000
-0.238145419 0.000000000
0.595363547 5.000000000
0.000000000 0.000000000
0.000000000 0.000000000
0.000000000 0.000000000
-0.119072709 0.000000000
0.000000000 0.000000000
0.000000000 0.000000000
0.000000000 0.000000000
0.000000000 0.000000000
-0.119072709 0.000000000
-0.238145419 0.000000000
0.000000000 1.000000000
0.000000000 0.000000000
0.000000000 0.000000000
0.357218128 2.000000000
0.000000000 0.000000000
0.000000000 5.000000000
0.000000000 0.000000000
0.000000000 0.000000000
0.000000000 0.000000000
0.000000000 0.000000000
0.119072709 3.000000000
0.000000000 0.000000000
0.000000000 0.000000000
0.000000000 0.000000000
0.000000000 0.000000000
0.000000000 0.000000000
0.000000000 0.000000000
-0.119072709 0.000000000
0.000000000 0.000000000
0.000000000 0.000000000
0.238145419 0.000000000
0.000000000 0.000000000
-0.238145419 0.000000000
0.119072709 0.000000000
0.000000000 0.000000000
0.000000000 0.000000000
-0.119072709 0.000000000
0.000000000 0.000000000
0.000000000 0.000000000
0.000000000 0.000000000
0.000000000 0.000000000
0.000000000 0.000000000
0.119072709 0.000000000
0.952581675 0.000000000
0.000000000 0.000000000
0.000000000 0.000000000
0.833508966 0.000000000
0.000000000 2.000000000
1.071654384 0.000000000
0.238145419 4.000000000
0.119072709 0.000000000
0.000000000 0.000000000
0.000000000 0.000000000
0.000000000 0.000000000
0.000000000 0.000000000
0.000000000 0.000000000
0.000000000 0.000000000
0.000000000 0.000000000
0.000000000 0.000000000
-0.119072709 0.000000000
0.000000000 0.000000000
-0.119072709 0.000000000
0.000000000 0.000000000
0.000000000 0.000000000
0.000000000 0.000000000
0.000000000 0.000000000
0.000000000 0.000000000
0.119072709 0.000000000
0.000000000 0.000000000
0.000000000 0.000000000
0.000000000 0.000000000
0.000000000 0.000000000
0.238145419 0.000000000
0.000000000 0.000000000
0.000000000 0.000000000
0.000000000 0.000000000
-1.071654384 0.000000000
0.000000000 0.000000000
0.000000000 0.000000000
0.000000000 0.000000000
0.476290837 0.000000000
-0.119072709 0.000000000
0.000000000 0.000000000
0.000000000 0.000000000
0.119072709 0.000000000
0.119072709 0.000000000
0.000000000 0.000000000
0.000000000 0.000000000
0.119072709 0.000000000
0.000000000 0.000000000
-0.119072709 0.000000000
-1.190727094 0.000000000
0.000000000 0.000000000
0.000000000 0.000000000
0.000000000 0.000000000
0.000000000 0.000000000
0.000000000 0.000000000
0.000000000 0.000000000
0.595363547 0.000000000
0.000000000 0.000000000
0.000000000 0.000000000
0.000000000 0.000000000
0.000000000 0.000000000
0.000000000 0.000000000
0.000000000 0.000000000
-0.119072709 0.000000000
-0.238145419 0.000000000
0.357218128 0.000000000
0.714436256 0.000000000
0.000000000 0.000000000
0.000000000 0.000000000
-0.119072709 0.000000000
0.000000000 1.000000000
0.000000000 0.000000000
0.000000000 0.000000000
0.000000000 0.000000000
0.000000000 0.000000000
-0.238145419 0.000000000
0.000000000 0.000000000
-0.238145419 0.000000000
0.000000000 0.000000000
-0.119072709 0.000000000
0.833508966 0.000000000
0.000000000 0.000000000
0.000000000 0.000000000
0.000000000 0.000000000
-0.119072709 0.000000000
0.952581675 0.000000000
0.119072709 3.000000000
0.000000000 0.000000000
0.000000000 0.000000000
0.000000000 0.000000000
0.000000000 0.000000000
0.357218128 0.000000000
0.000000000 0.000000000
0.000000000 0.000000000
0.714436256 0.000000000
0.000000000 0.000000000
0.000000000 0.000000000
-0.476290837 0.000000000
-0.833508966 0.000000000
0.000000000 0.000000000
0.000000000 0.000000000
0.000000000 0.000000000
0.000000000 0.000000000
0.476290837 0.000000000
0.000000000 0.000000000
0.000000000 0.000000000
0.595363547 1.000000000
0.000000000 0.000000000
0.000000000 0.000000000
0.000000000 0.000000000
0.119072709 0.000000000
0.000000000 0.000000000
0.000000000 0.000000000
0.000000000 0.000000000
0.000000000 0.000000000
0.000000000 0.000000000
0.000000000 0.000000000
0.000000000 0.000000000
0.000000000 0.000000000
0.000000000 0.000000000
0.000000000 0.000000000
0.000000000 0.000000000
0.000000000 0.000000000
-0.238145419 0.000000000
0.595363547 0.000000000
0.000000000 0.000000000
0.000000000 0.000000000
0.000000000 0.000000000
0.000000000 0.000000000
0.000000000 0.000000000
0.000000000 0.000000000
0.000000000 0.000000000
1.190727094 0.000000000
0.595363547 0.000000000
0.000000000 0.000000000
0.000000000 0.000000000
0.000000000 0.000000000
0.119072709 0.000000000
0.000000000 0.000000000
0.000000000 0.000000000
0.000000000 0.000000000
0.000000000 0.000000000
0.000000000 0.000000000
0.119072709 0.000000000
0.119072709 0.000000000
0.238145419 0.000000000
0.000000000 0.000000000
0.000000000 0.000000000
0.357218128 3.000000000
0.000000000 0.000000000
0.000000000 0.000000000
0.000000000 0.000000000
0.000000000 0.000000000
0.000000000 0.000000000
0.000000000 0.000000000
0.000000000 4.000000000
0.000000000 0.000000000
0.000000000 0.000000000
0.000000000 0.000000000
0.000000000 0.000000000
0.119072709 0.000000000
0.000000000 0.000000000
0.000000000 0.000000000
0.000000000 0.000000000
-0.119072709 0.000000000
0.000000000 0.000000000
0.000000000 0.000000000
-0.357218128 0.000000000
0.000000000 0.000000000
0.000000000 0.000000000
0.119072709 0.000000000
0.000000000 0.000000000
0.000000000 0.000000000
0.119072709 0.000000000
0.000000000 0.000000000
0.000000000 0.000000000
0.238145419 0.000000000
0.000000000 0.000000000
-0.119072709 0.000000000
0.119072709 0.000000000
0.000000000 0.000000000
-0.119072709 0.000000000
0.000000000 0.000000000
0.119072709 2.000000000
0.000000000 0.000000000
0.714436256 0.000000000
0.000000000 0.000000000
0.000000000 0.000000000
0.000000000 0.000000000
0.000000000 0.000000000
0.000000000 0.000000000
-0.119072709 0.000000000
0.000000000 0.000000000
0.000000000 -1.000000000
-0.119072709 0.000000000
0.000000000 0.000000000
0.119072709 2.000000000
0.000000000 0.000000000
0.000000000 0.000000000
0.238145419 0.000000000
0.000000000 0.000000000
0.000000000 0.000000000
0.000000000 0.000000000
0.000000000 0.000000000
-0.238145419 0.000000000
0.000000000 0.000000000
0.000000000 0.000000000
1.071654384 0.000000000
0.000000000 0.000000000
0.000000000 0.000000000
0.000000000 0.000000000
0.000000000 0.000000000
0.000000000 0.000000000
-0.238145419 0.000000000
0.000000000 0.000000000
0.000000000 0.000000000
0.119072709 1.000000000
0.000000000 0.000000000
0.000000000 0.000000000
0.000000000 0.000000000
0.000000000 0.000000000
0.000000000 0.000000000
0.357218128 1.000000000
0.238145419 1.000000000
-0.119072709 0.000000000
0.000000000 0.000000000
0.000000000 0.000000000
0.000000000 0.000000000
0.000000000 0.000000000
0.238145419 0.000000000
0.000000000 0.000000000
0.000000000 0.000000000
-0.357218128 0.000000000
0.000000000 0.000000000
-0.238145419 0.000000000
0.000000000 0.000000000
0.000000000 0.000000000
0.000000000 0.000000000
0.000000000 0.000000000
0.000000000 0.000000000
0.000000000 0.000000000
-0.238145419 -1.000000000
0.000000000 0.000000000
0.000000000 0.000000000
0.000000000 0.000000000
0.000000000 0.000000000
0.000000000 0.000000000
-0.119072709 0.000000000
0.000000000 0.000000000
0.000000000 0.000000000
0.000000000 0.000000000
0.000000000 0.000000000
0.000000000 0.000000000
0.000000000 0.000000000
0.000000000 0.000000000
0.000000000 0.000000000
0.000000000 0.000000000
0.000000000 0.000000000
-0.357218128 0.000000000
0.000000000 0.000000000
0.000000000 0.000000000
0.000000000 0.000000000
0.119072709 6.000000000
0.000000000 0.000000000
0.119072709 0.000000000
-0.238145419 0.000000000
0.000000000 -2.000000000
0.000000000 0.000000000
0.000000000 -3.000000000
0.000000000 0.000000000
0.000000000 0.000000000
0.000000000 1.000000000
0.000000000 0.000000000
0.000000000 0.000000000
0.000000000 0.000000000
0.000000000 0.000000000
-0.952581675 0.000000000
0.000000000 0.000000000
0.000000000 0.000000000
0.000000000 0.000000000
0.000000000 0.000000000
0.000000000 0.000000000
0.119072709 0.000000000
0.000000000 0.000000000
0.000000000 0.000000000
0.000000000 0.000000000
0.000000000 0.000000000
0.000000000 0.000000000
0.000000000 0.000000000
0.000000000 0.000000000
0.000000000 0.000000000
-0.714436256 -1.000000000
0.000000000 0.000000000
0.238145419 0.000000000
0.000000000 0.000000000
0.357218128 0.000000000
0.000000000 0.000000000
0.000000000 0.000000000
0.000000000 0.000000000
0.119072709 0.000000000
0.000000000 0.000000000
0.000000000 0.000000000
0.000000000 0.000000000
0.000000000 0.000000000
-0.476290837 0.000000000
0.238145419 3.000000000
0.000000000 0.000000000
0.000000000 0.000000000
0.000000000 0.000000000
0.000000000 0.000000000
0.000000000 0.000000000
0.595363547 0.000000000
0.000000000 0.000000000
0.000000000 0.000000000
-0.476290837 0.000000000
0.000000000 0.000000000
0.000000000 0.000000000
0.000000000 0.000000000
0.238145419 0.000000000
0.000000000 0.000000000
0.000000000 0.000000000
0.000000000 0.000000000
0.000000000 1.000000000
0.000000000 0.000000000
0.000000000 1.000000000
0.000000000 0.000000000
0.000000000 0.000000000
0.000000000 0.000000000
0.000000000 0.000000000
0.000000000 0.000000000
0.000000000 0.000000000
0.000000000 0.000000000
-0.119072709 0.000000000
-0.119072709 0.000000000
-0.119072709 0.000000000
0.000000000 2.000000000
0.000000000 0.000000000
0.000000000 0.000000000
0.000000000 0.000000000
0.000000000 0.000000000
-0.952581675 0.000000000
0.000000000 0.000000000
-0.357218128 0.000000000
0.000000000 0.000000000
0.000000000 0.000000000
-0.595363547 0.000000000
0.238145419 0.000000000
0.000000000 0.000000000
0.000000000 0.000000000
0.000000000 0.000000000
0.000000000 0.000000000
0.357218128 0.000000000
0.119072709 0.000000000
0.000000000 0.000000000
0.000000000 0.000000000
0.714436256 0.000000000
0.000000000 0.000000000
0.000000000 0.000000000
0.000000000 0.000000000
0.000000000 0.000000000
0.000000000 0.000000000
0.000000000 0.000000000
0.119072709 0.000000000
0.238145419 0.000000000
0.000000000 0.000000000
0.000000000 0.000000000
0.000000000 0.000000000
-0.119072709 0.000000000
0.000000000 0.000000000
0.000000000 0.000000000
0.000000000 0.000000000
0.000000000 0.000000000
0.000000000 0.000000000
0.000000000 0.000000000
0.238145419 0.000000000
0.000000000 0.000000000
0.000000000 0.000000000
-0.119072709 0.000000000
-0.714436256 0.000000000
0.000000000 0.000000000
0.000000000 0.000000000
0.476290837 0.000000000
0.000000000 0.000000000
-0.119072709 0.000000000
-0.357218128 0.000000000
0.000000000 0.000000000
-0.357218128 0.000000000
0.000000000 0.000000000
0.000000000 0.000000000
-0.238145419 0.000000000
0.000000000 4.000000000
0.000000000 0.000000000
0.000000000 0.000000000
0.000000000 0.000000000
0.000000000 0.000000000
0.000000000 0.000000000
0.000000000 0.000000000
-0.238145419 0.000000000
0.000000000 0.000000000
0.000000000 0.000000000
0.000000000 0.000000000
0.238145419 0.000000000
0.000000000 0.000000000
0.000000000 -3.000000000
0.000000000 0.000000000
0.000000000 0.000000000
0.000000000 0.000000000
-0.833508966 0.000000000
0.000000000 0.000000000
0.000000000 0.000000000
-0.119072709 0.000000000
0.238145419 0.000000000
0.238145419 0.000000000
0.000000000 0.000000000
0.000000000 0.000000000
0.119072709 5.000000000
-0.119072709 -1.000000000
-0.119072709 0.000000000
0.119072709 0.000000000
0.595363547 0.000000000
0.000000000 0.000000000
0.000000000 0.000000000
0.000000000 0.000000000
0.000000000 0.000000000
0.000000000 0.000000000
0.357218128 1.000000000
-0.357218128 0.000000000
0.000000000 0.000000000
0.000000000 0.000000000
0.000000000 0.000000000
0.119072709 0.000000000
0.000000000 0.000000000
0.000000000 0.000000000
-0.357218128 0.000000000
0.000000000 0.000000000
0.238145419 0.000000000
0.000000000 0.000000000
0.000000000 0.000000000
0.000000000 0.000000000
0.595363547 0.000000000
0.000000000 0.000000000
0.119072709 0.000000000
-0.119072709 0.000000000
0.000000000 0.000000000
0.000000000 0.000000000
0.000000000 0.000000000
0.000000000 0.000000000
0.000000000 0.000000000
0.000000000 0.000000000
-0.238145419 0.000000000
0.000000000 0.000000000
0.000000000 0.000000000
0.000000000 0.000000000
0.476290837 0.000000000
0.357218128 2.000000000
0.000000000 0.000000000
0.238145419 1.000000000
0.000000000 0.000000000
0.000000000 0.000000000
0.000000000 0.000000000
0.119072709 0.000000000
0.000000000 0.000000000
0.000000000 0.000000000
-0.119072709 0.000000000
0.000000000 0.000000000
-0.476290837 0.000000000
0.000000000 0.000000000
0.000000000 0.000000000
0.119072709 0.000000000
0.476290837 2.000000000
0.000000000 0.000000000
0.357218128 2.000000000
0.000000000 0.000000000
-0.119072709 0.000000000
0.000000000 0.000000000
0.000000000 -1.000000000
0.119072709 0.000000000
0.000000000 0.000000000
0.000000000 0.000000000
0.000000000 0.000000000
0.000000000 0.000000000
-0.238145419 0.000000000
0.238145419 0.000000000
0.000000000 0.000000000
0.000000000 0.000000000
0.000000000 0.000000000
0.000000000 0.000000000
0.000000000 0.000000000
-0.238145419 0.000000000
0.000000000 0.000000000
0.119072709 0.000000000
0.000000000 0.000000000
0.000000000 0.000000000
0.000000000 0.000000000
0.000000000 0.000000000
0.000000000 0.000000000
0.000000000 0.000000000
-0.119072709 0.000000000
0.000000000 0.000000000
0.238145419 0.000000000
-0.476290837 0.000000000
-0.119072709 0.000000000
0.000000000 -1.000000000
0.000000000 0.000000000
0.000000000 0.000000000
-0.119072709 0.000000000
0.000000000 0.000000000
0.000000000 0.000000000
0.000000000 0.000000000
-0.238145419 0.000000000
0.000000000 0.000000000
0.000000000 2.000000000
0.000000000 0.000000000
0.119072709 3.000000000
0.000000000 0.000000000
-0.357218128 -1.000000000
0.000000000 0.000000000
0.000000000 0.000000000
0.000000000 0.000000000
-0.238145419 0.000000000
-0.357218128 0.000000000
0.000000000 -1.000000000
-0.119072709 0.000000000
0.119072709 0.000000000
0.000000000 0.000000000
0.000000000 0.000000000
-1.071654384 0.000000000
0.000000000 0.000000000
0.000000000 0.000000000
0.000000000 0.000000000
0.000000000 0.000000000
0.000000000 0.000000000
-0.476290837 -3.000000000
0.000000000 0.000000000
0.000000000 0.000000000
-0.119072709 0.000000000
0.000000000 0.000000000
0.000000000 0.000000000
0.595363547 0.000000000
0.000000000 0.000000000
0.000000000 0.000000000
0.000000000 0.000000000
0.476290837 0.000000000
0.238145419 0.000000000
0.000000000 0.000000000
0.000000000 0.000000000
-0.714436256 0.000000000
0.000000000 0.000000000
0.476290837 0.000000000
0.000000000 0.000000000
0.714436256 3.000000000
0.000000000 0.000000000
0.000000000 0.000000000
-0.119072709 0.000000000
0.119072709 0.000000000
0.119072709 0.000000000
0.000000000 0.000000000
0.000000000 0.000000000
0.476290837 0.000000000
0.119072709 3.000000000
0.000000000 0.000000000
0.000000000 0.000000000
0.000000000 0.000000000
0.000000000 0.000000000
0.476290837 0.000000000
0.000000000 0.000000000
0.000000000 0.000000000
0.000000000 0.000000000
0.000000000 0.000000000
0.000000000 0.000000000
0.000000000 0.000000000
-1.071654384 0.000000000
0.119072709 0.000000000
0.000000000 0.000000000
-0.833508966 0.000000000
-0.476290837 -4.000000000
0.476290837 0.000000000
0.000000000 0.000000000
0.000000000 0.000000000
0.000000000 0.000000000
0.000000000 0.000000000
-0.238145419 0.000000000
0.000000000 0.000000000
0.000000000 0.000000000
0.119072709 5.000000000
-0.119072709 0.000000000
0.000000000 0.000000000
0.000000000 0.000000000
0.000000000 0.000000000
0.000000000 0.000000000
0.357218128 0.000000000
0.000000000 0.000000000
0.000000000 0.000000000
0.119072709 0.000000000
0.000000000 0.000000000
0.000000000 0.000000000
0.119072709 3.000000000
0.000000000 0.000000000
0.000000000 0.000000000
0.119072709 0.000000000
0.000000000 0.000000000
0.000000000 0.000000000
0.000000000 -2.000000000
0.119072709 0.000000000
0.833508966 0.000000000
-0.238145419 0.000000000
-0.238145419 0.000000000
-0.119072709 0.000000000
0.000000000 0.000000000
0.357218128 1.000000000
0.000000000 0.000000000
0.476290837 0.000000000
0.000000000 0.000000000
0.000000000 0.000000000
0.000000000 0.000000000
0.000000000 0.000000000
0.000000000 0.000000000
0.000000000 0.000000000
-0.238145419 0.000000000
0.119072709 0.000000000
0.833508966 0.000000000
0.000000000 0.000000000
0.000000000 0.000000000
0.000000000 0.000000000
0.000000000 0.000000000
0.119072709 0.000000000
0.119072709 0.000000000
0.357218128 0.000000000
0.000000000 0.000000000
0.000000000 0.000000000
0.000000000 0.000000000
0.000000000 0.000000000
-0.476290837 0.000000000
0.000000000 2.000000000
0.000000000 0.000000000
0.000000000 0.000000000
0.000000000 0.000000000
-0.119072709 0.000000000
0.000000000 0.000000000
-1.071654384 0.000000000
0.000000000 0.000000000
0.000000000 0.000000000
0.000000000 0.000000000
0.000000000 0.000000000
0.000000000 0.000000000
0.000000000 1.000000000
0.000000000 0.000000000
0.000000000 0.000000000
0.000000000 0.000000000
0.000000000 0.000000000
0.000000000 0.000000000
-0.357218128 0.000000000
0.000000000 0.000000000
0.000000000 0.000000000
0.000000000 0.000000000
0.000000000 0.000000000
-0.357218128 0.000000000
0.595363547 1.000000000
-0.238145419 0.000000000
0.000000000 0.000000000
0.000000000 0.000000000
0.000000000 0.000000000
0.000000000 0.000000000
-0.238145419 0.000000000
0.000000000 0.000000000
0.238145419 0.000000000
0.000000000 0.000000000
0.000000000 0.000000000
0.000000000 0.000000000
0.000000000 0.000000000
-0.238145419 0.000000000
0.000000000 0.000000000
0.238145419 0.000000000
0.000000000 0.000000000
0.000000000 0.000000000
0.000000000 0.000000000
0.000000000 0.000000000
0.000000000 2.000000000
0.000000000 0.000000000
-0.476290837 0.000000000
0.000000000 0.000000000
-0.119072709 0.000000000
0.238145419 6.000000000
0.000000000 0.000000000
0.000000000 0.000000000
0.000000000 0.000000000
0.476290837 0.000000000
0.000000000 0.000000000
0.000000000 0.000000000
0.119072709 0.000000000
0.000000000 0.000000000
0.000000000 0.000000000
0.000000000 0.000000000
-0.595363547 -5.000000000
0.000000000 1.000000000
0.000000000 0.000000000
0.000000000 0.000000000
0.000000000 0.000000000
0.000000000 0.000000000
0.714436256 4.000000000
0.000000000 0.000000000
0.000000000 0.000000000
0.000000000 0.000000000
0.000000000 0.000000000
0.000000000 0.000000000
0.119072709 0.000000000
-0.238145419 0.000000000
0.119072709 1.000000000
0.000000000 0.000000000
0.000000000 0.000000000
0.000000000 0.000000000
0.000000000 0.000000000
-0.119072709 0.000000000
0.119072709 0.000000000
0.119072709 0.000000000
0.000000000 0.000000000
0.000000000 0.000000000
0.357218128 0.000000000
0.000000000 0.000000000
0.000000000 0.000000000
0.000000000 0.000000000
0.000000000 0.000000000
0.000000000 0.000000000
0.000000000 0.000000000
0.000000000 0.000000000
0.000000000 0.000000000
-0.119072709 0.000000000
0.000000000 0.000000000
-0.119072709 0.000000000
0.000000000 0.000000000
0.000000000 0.000000000
0.000000000 0.000000000
-0.476290837 0.000000000
-0.238145419 0.000000000
0.238145419 0.000000000
0.000000000 0.000000000
0.000000000 0.000000000
-0.238145419 0.000000000
0.000000000 0.000000000
-0.119072709 0.000000000
0.000000000 0.000000000
0.000000000 0.000000000
0.000000000 0.000000000
0.000000000 0.000000000
0.000000000 0.000000000
0.238145419 3.000000000
-0.595363547 0.000000000
0.000000000 -2.000000000
-0.357218128 0.000000000
0.000000000 0.000000000
-0.476290837 0.000000000
0.000000000 0.000000000
0.595363547 0.000000000
0.476290837 0.000000000
-0.238145419 -2.000000000
0.000000000 0.000000000
0.000000000 0.000000000
0.000000000 0.000000000
0.000000000 0.000000000
0.000000000 0.000000000
0.000000000 0.000000000
0.000000000 -1.000000000
0.000000000 0.000000000
0.000000000 0.000000000
0.000000000 0.000000000
0.000000000 0.000000000
0.000000000 0.000000000
0.000000000 0.000000000
0.000000000 0.000000000
0.000000000 0.000000000
0.000000000 -1.000000000
-0.119072709 0.000000000
0.000000000 0.000000000
0.000000000 0.000000000
0.000000000 0.000000000
0.119072709 1.000000000
-0.476290837 0.000000000
0.000000000 -2.000000000
0.000000000 0.000000000
-0.595363547 0.000000000
0.119072709 0.000000000
0.000000000 0.000000000
0.000000000 -2.000000000
0.000000000 0.000000000
0.357218128 0.000000000
0.000000000 0.000000000
0.000000000 0.000000000
0.000000000 0.000000000
0.000000000 0.000000000
0.000000000 0.000000000
0.000000000 0.000000000
0.357218128 0.000000000
0.000000000 0.000000000
0.000000000 0.000000000
0.000000000 0.000000000
0.000000000 0.000000000
0.000000000 0.000000000
0.000000000 0.000000000
0.000000000 0.000000000
0.595363547 0.000000000
0.000000000 0.000000000
0.000000000 0.000000000
0.000000000 1.000000000
0.000000000 0.000000000
0.000000000 0.000000000
0.000000000 0.000000000
0.000000000 0.000000000
0.238145419 0.000000000
0.000000000 0.000000000
0.000000000 0.000000000
0.000000000 0.000000000
0.000000000 0.000000000
0.238145419 0.000000000
0.000000000 0.000000000
0.000000000 0.000000000
0.000000000 0.000000000
0.000000000 0.000000000
0.833508966 0.000000000
0.000000000 0.000000000
0.119072709 0.000000000
0.000000000 -2.000000000
-0.476290837 0.000000000
0.000000000 0.000000000
0.119072709 0.000000000
0.000000000 0.000000000
0.119072709 0.000000000
0.000000000 0.000000000
0.000000000 0.000000000
0.000000000 0.000000000
0.000000000 0.000000000
0.119072709 0.000000000
0.000000000 0.000000000
-0.119072709 0.000000000
0.000000000 0.000000000
0.000000000 0.000000000
0.000000000 0.000000000
0.000000000 0.000000000
0.000000000 0.000000000
0.000000000 0.000000000
0.357218128 0.000000000
0.000000000 0.000000000
-0.119072709 0.000000000
0.000000000 0.000000000
0.000000000 0.000000000
0.000000000 0.000000000
0.000000000 0.000000000
0.238145419 0.000000000
0.000000000 0.000000000
0.000000000 0.000000000
-0.119072709 0.000000000
-0.119072709 0.000000000
0.238145419 0.000000000
0.000000000 0.000000000
0.476290837 0.000000000
0.119072709 0.000000000
-0.238145419 0.000000000
0.000000000 0.000000000
0.000000000 0.000000000
-0.238145419 0.000000000
0.000000000 0.000000000
0.000000000 0.000000000
0.000000000 0.000000000
0.000000000 0.000000000
0.000000000 0.000000000
0.000000000 -1.000000000
0.000000000 0.000000000
0.000000000 0.000000000
0.000000000 0.000000000
0.000000000 0.000000000
-0.119072709 0.000000000
0.000000000 0.000000000
0.000000000 0.000000000
0.000000000 0.000000000
0.000000000 0.000000000
-0.119072709 0.000000000
0.000000000 0.000000000
0.000000000 0.000000000
-0.238145419 0.000000000
0.000000000 0.000000000
0.000000000 0.000000000
-0.833508966 0.000000000
0.000000000 0.000000000
0.000000000 0.000000000
0.357218128 0.000000000
0.000000000 0.000000000
0.000000000 0.000000000
0.119072709 0.000000000
0.714436256 0.000000000
-0.119072709 0.000000000
0.000000000 0.000000000
-0.119072709 0.000000000
0.000000000 0.000000000
0.833508966 0.000000000
0.000000000 0.000000000
-0.714436256 0.000000000
0.000000000 0.000000000
0.000000000 0.000000000
0.000000000 0.000000000
0.000000000 0.000000000
0.000000000 0.000000000
0.000000000 0.000000000
0.000000000 0.000000000
-0.119072709 0.000000000
0.238145419 1.000000000
0.000000000 0.000000000
0.000000000 0.000000000
0.000000000 0.000000000
0.952581675 0.000000000
0.000000000 0.000000000
0.000000000 0.000000000
0.119072709 2.000000000
0.000000000 0.000000000
0.000000000 0.000000000
0.000000000 0.000000000
0.000000000 0.000000000
0.119072709 0.000000000
0.000000000 0.000000000
0.714436256 0.000000000
0.000000000 0.000000000
-0.119072709 0.000000000
0.476290837 4.000000000
0.000000000 0.000000000
0.000000000 0.000000000
0.000000000 0.000000000
-0.476290837 0.000000000
0.000000000 0.000000000
-0.238145419 0.000000000
0.000000000 0.000000000
0.000000000 0.000000000
0.000000000 -4.000000000
0.000000000 0.000000000
0.000000000 0.000000000
-0.119072709 0.000000000
0.000000000 -1.000000000
0.000000000 0.000000000
0.119072709 1.000000000
0.000000000 0.000000000
0.238145419 0.000000000
0.000000000 0.000000000
0.000000000 0.000000000
0.595363547 3.000000000
0.119072709 0.000000000
0.000000000 0.000000000
0.000000000 0.000000000
0.000000000 0.000000000
0.000000000 0.000000000
0.238145419 0.000000000
0.000000000 0.000000000
-0.119072709 0.000000000
0.000000000 0.000000000
0.238145419 2.000000000
0.000000000 0.000000000
0.000000000 0.000000000
0.476290837 4.000000000
1.071654384 0.000000000
0.000000000 0.000000000
0.119072709 4.000000000
0.000000000 0.000000000
0.000000000 0.000000000
-0.238145419 0.000000000
0.238145419 0.000000000
0.000000000 0.000000000
0.000000000 1.000000000
0.714436256 3.000000000
-0.119072709 0.000000000
0.000000000 0.000000000
0.000000000 0.000000000
0.000000000 0.000000000
0.000000000 0.000000000
0.000000000 -1.000000000
0.119072709 3.000000000
-0.119072709 0.000000000
0.952581675 0.000000000
0.000000000 0.000000000
0.000000000 0.000000000
0.000000000 0.000000000
0.000000000 0.000000000
0.000000000 0.000000000
0.238145419 0.000000000
0.000000000 0.000000000
0.238145419 0.000000000
0.000000000 0.000000000
0.000000000 0.000000000
0.000000000 1.000000000
0.000000000 0.000000000
0.000000000 0.000000000
0.000000000 0.000000000
0.000000000 0.000000000
0.000000000 0.000000000
-0.119072709 0.000000000
0.000000000 0.000000000
0.000000000 0.000000000
0.000000000 0.000000000
-0.119072709 -2.000000000
0.476290837 0.000000000
0.357218128 0.000000000
0.000000000 0.000000000
0.000000000 0.000000000
0.000000000 0.000000000
0.000000000 0.000000000
0.000000000 0.000000000
0.000000000 0.000000000
0.000000000 0.000000000
0.000000000 0.000000000
0.238145419 0.000000000
0.000000000 0.000000000
0.000000000 0.000000000
0.000000000 0.000000000
0.000000000 0.000000000
0.000000000 0.000000000
0.000000000 0.000000000
0.000000000 0.000000000
0.000000000 0.000000000
0.119072709 0.000000000
0.000000000 0.000000000
0.000000000 0.000000000
-0.119072709 0.000000000
0.000000000 0.000000000
-0.119072709 0.000000000
0.000000000 0.000000000
0.000000000 0.000000000
0.000000000 0.000000000
0.000000000 0.000000000
0.000000000 0.000000000
0.000000000 0.000000000
0.357218128 0.000000000
0.000000000 0.000000000
0.000000000 0.000000000
0.000000000 0.000000000
0.000000000 0.000000000
0.476290837 0.000000000
0.000000000 0.000000000
0.000000000 0.000000000
0.000000000 0.000000000
0.000000000 0.000000000
0.000000000 0.000000000
0.000000000 0.000000000
0.000000000 0.000000000
0.000000000 0.000000000
0.000000000 0.000000000
0.000000000 0.000000000
0.000000000 0.000000000
0.000000000 0.000000000
0.000000000 3.000000000
-0.238145419 0.000000000
0.000000000 0.000000000
0.000000000 0.000000000
1.071654384 0.000000000
-0.476290837 0.000000000
0.000000000 0.000000000
0.000000000 0.000000000
0.000000000 0.000000000
0.000000000 0.000000000
0.000000000 0.000000000
0.000000000 1.000000000
0.000000000 0.000000000
-0.714436256 -2.000000000
0.000000000 0.000000000
-0.119072709 0.000000000
0.000000000 0.000000000
0.000000000 0.000000000
0.000000000 0.000000000
0.000000000 0.000000000
-0.595363547 0.000000000
-0.119072709 0.000000000
0.000000000 0.000000000
0.000000000 0.000000000
0.000000000 0.000000000
0.000000000 0.000000000
0.000000000 0.000000000
0.000000000 0.000000000
0.000000000 0.000000000
0.000000000 0.000000000
0.000000000 0.000000000
-0.119072709 0.000000000
0.000000000 0.000000000
-0.119072709 0.000000000
0.476290837 0.000000000
0.000000000 0.000000000
0.000000000 0.000000000
0.714436256 0.000000000
0.000000000 0.000000000
0.000000000 0.000000000
0.476290837 0.000000000
-0.238145419 0.000000000
0.000000000 0.000000000
-0.119072709 0.000000000
0.119072709 0.000000000
0.238145419 0.000000000
0.000000000 0.000000000
0.000000000 0.000000000
0.000000000 0.000000000
0.000000000 0.000000000
0.000000000 0.000000000
0.000000000 0.000000000
0.000000000 0.000000000
0.238145419 0.000000000
0.000000000 0.000000000
0.000000000 3.000000000
-0.357218128 0.000000000
0.000000000 0.000000000
0.476290837 0.000000000
0.000000000 0.000000000
0.000000000 0.000000000
0.000000000 0.000000000
0.000000000 0.000000000
0.238145419 0.000000000
-0.238145419 0.000000000
0.000000000 -5.000000000
-0.119072709 0.000000000
0.714436256 0.000000000
-0.119072709 0.000000000
0.000000000 0.000000000
0.000000000 0.000000000
0.000000000 0.000000000
0.000000000 0.000000000
0.000000000 0.000000000
1.071654384 0.000000000
0.000000000 0.000000000
0.000000000 0.000000000
0.000000000 0.000000000
0.000000000 0.000000000
0.000000000 0.000000000
0.000000000 0.000000000
0.000000000 0.000000000
0.000000000 0.000000000
-0.476290837 0.000000000
0.119072709 0.000000000
0.000000000 0.000000000
0.000000000 0.000000000
0.119072709 0.000000000
0.000000000 0.000000000
0.000000000 2.000000000
0.000000000 0.000000000
0.000000000 0.000000000
0.000000000 0.000000000
0.000000000 0.000000000
0.000000000 0.000000000
0.119072709 0.000000000
0.000000000 0.000000000
0.000000000 0.000000000
0.000000000 0.000000000
0.000000000 0.000000000
0.000000000 1.000000000
0.714436256 3.000000000
1.190727094 0.000000000
0.476290837 0.000000000
-0.357218128 0.000000000
0.000000000 0.000000000
0.000000000 0.000000000
0.000000000 0.000000000
0.000000000 0.000000000
0.000000000 0.000000000
0.000000000 0.000000000
0.000000000 0.000000000
0.000000000 0.000000000
0.000000000 -1.000000000
0.000000000 0.000000000
0.000000000 0.000000000
0.000000000 0.000000000
0.000000000 0.000000000
0.357218128 1.000000000
0.000000000 0.000000000
0.000000000 0.000000000
0.000000000 0.000000000
0.000000000 0.000000000
0.000000000 0.000000000
1.190727094 0.000000000
0.000000000 0.000000000
0.357218128 0.000000000
-0.357218128 0.000000000
0.000000000 0.000000000
0.238145419 0.000000000
-0.238145419 0.000000000
-0.119072709 -1.000000000
0.000000000 0.000000000
0.000000000 0.000000000
0.000000000 0.000000000
0.000000000 0.000000000
0.000000000 0.000000000
-0.119072709 0.000000000
0.000000000 0.000000000
0.238145419 3.000000000
0.000000000 0.000000000
0.000000000 0.000000000
0.000000000 0.000000000
0.000000000 0.000000000
0.833508966 0.000000000
-0.119072709 -3.000000000
0.000000000 0.000000000
0.000000000 0.000000000
0.000000000 0.000000000
0.000000000 0.000000000
0.119072709 0.000000000
0.119072709 0.000000000
0.000000000 0.000000000
0.000000000 0.000000000
0.000000000 0.000000000
0.000000000 0.000000000
0.000000000 0.000000000
0.000000000 0.000000000
0.000000000 0.000000000
0.000000000 0.000000000
0.000000000 0.000000000
0.000000000 0.000000000
0.000000000 0.000000000
0.000000000 0.000000000
0.000000000 0.000000000
0.000000000 0.000000000
0.000000000 0.000000000
0.952581675 0.000000000
0.000000000 0.000000000
0.000000000 0.000000000
-0.119072709 0.000000000
0.238145419 0.000000000
0.000000000 3.000000000
0.000000000 0.000000000
0.000000000 0.000000000
0.000000000 0.000000000
0.000000000 0.000000000
-0.119072709 0.000000000
0.476290837 0.000000000
0.000000000 0.000000000
0.000000000 0.000000000
0.000000000 0.000000000
0.119072709 4.000000000
0.119072709 0.000000000
-0.238145419 0.000000000
-0.238145419 0.000000000
0.000000000 0.000000000
-0.238145419 0.000000000
0.000000000 0.000000000
0.119072709 0.000000000
0.000000000 0.000000000
0.714436256 3.000000000
0.000000000 0.000000000
0.119072709 0.000000000
0.000000000 0.000000000
0.000000000 0.000000000
0.000000000 0.000000000
0.119072709 0.000000000
0.000000000 0.000000000
0.000000000 0.000000000
0.357218128 0.000000000
0.000000000 0.000000000
0.000000000 0.000000000
0.000000000 0.000000000
0.000000000 0.000000000
0.000000000 0.000000000
0.000000000 0.000000000
-0.238145419 0.000000000
-0.119072709 0.000000000
0.000000000 0.000000000
0.000000000 0.000000000
0.000000000 0.000000000
0.000000000 1.000000000
-0.357218128 -2.000000000
0.119072709 0.000000000
-0.476290837 0.000000000
0.000000000 0.000000000
0.000000000 0.000000000
-0.357218128 0.000000000
-0.119072709 0.000000000
0.952581675 0.000000000
0.000000000 0.000000000
0.000000000 0.000000000
0.000000000 0.000000000
-0.476290837 0.000000000
0.000000000 0.000000000
0.000000000 0.000000000
0.833508966 0.000000000
0.119072709 1.000000000
0.238145419 0.000000000
0.000000000 1.000000000
0.595363547 2.000000000
0.000000000 0.000000000
-0.119072709 -2.000000000
0.000000000 0.000000000
-0.357218128 0.000000000
0.000000000 0.000000000
0.000000000 0.000000000
0.000000000 0.000000000
0.833508966 0.000000000
-0.119072709 0.000000000
0.000000000 0.000000000
0.952581675 0.000000000
0.000000000 0.000000000
0.000000000 0.000000000
0.000000000 0.000000000
0.000000000 0.000000000
0.000000000 0.000000000
-0.238145419 0.000000000
0.000000000 0.000000000
-0.119072709 0.000000000
0.000000000 0.000000000
0.000000000 0.000000000
0.000000000 0.000000000
0.000000000 0.000000000
0.000000000 1.000000000
0.000000000 0.000000000
-0.238145419 0.000000000
0.000000000 0.000000000
0.000000000 0.000000000
0.000000000 0.000000000
0.000000000 0.000000000
0.000000000 0.000000000
0.000000000 0.000000000
0.000000000 0.000000000
0.238145419 0.000000000
-0.119072709 0.000000000
0.000000000 0.000000000
0.119072709 0.000000000
0.000000000 0.000000000
0.000000000 0.000000000
0.000000000 0.000000000
0.000000000 0.000000000
-0.119072709 -1.000000000
0.000000000 0.000000000
0.000000000 0.000000000
0.000000000 0.000000000
0.000000000 0.000000000
-0.357218128 0.000000000
0.000000000 0.000000000
0.000000000 0.000000000
1.071654384 0.000000000
0.119072709 0.000000000
0.000000000 0.000000000
0.000000000 0.000000000
0.000000000 0.000000000
0.000000000 0.000000000
0.238145419 0.000000000
0.119072709 0.000000000
0.000000000 0.000000000
0.000000000 0.000000000
0.000000000 1.000000000
0.357218128 0.000000000
0.000000000 0.000000000
0.952581675 1.000000000
0.833508966 0.000000000
0.952581675 0.000000000
-0.833508966 0.000000000
0.119072709 0.000000000
-0.119072709 0.000000000
0.119072709 0.000000000
0.000000000 0.000000000
0.000000000 0.000000000
-0.238145419 0.000000000
0.000000000 0.000000000
0.000000000 0.000000000
0.119072709 0.000000000
0.357218128 1.000000000
0.476290837 0.000000000
0.000000000 0.000000000
0.000000000 0.000000000
0.357218128 0.000000000
0.000000000 0.000000000
0.000000000 0.000000000
0.000000000 0.000000000
0.119072709 0.000000000
-0.357218128 0.000000000
0.000000000 0.000000000
0.000000000 0.000000000
-0.119072709 0.000000000
0.000000000 0.000000000
1.190727094 0.000000000
0.119072709 0.000000000
0.238145419 0.000000000
0.000000000 0.000000000
0.119072709 0.000000000
0.000000000 0.000000000
0.000000000 0.000000000
0.000000000 0.000000000
0.000000000 0.000000000
0.000000000 0.000000000
0.119072709 0.000000000
-0.238145419 0.000000000
0.000000000 1.000000000
0.000000000 0.000000000
0.000000000 0.000000000
0.000000000 0.000000000
0.000000000 0.000000000
0.000000000 0.000000000
-0.238145419 0.000000000
0.000000000 0.000000000
0.000000000 0.000000000
0.000000000 0.000000000
0.000000000 0.000000000
0.000000000 0.000000000
-0.357218128 0.000000000
0.952581675 0.000000000
0.000000000 0.000000000
0.238145419 0.000000000
0.119072709 0.000000000
-0.119072709 0.000000000
0.000000000 0.000000000
0.000000000 0.000000000
0.000000000 0.000000000
-0.119072709 0.000000000
-0.238145419 0.000000000
0.000000000 0.000000000
0.714436256 0.000000000
0.000000000 0.000000000
0.000000000 0.000000000
0.000000000 0.000000000
0.000000000 0.000000000
0.000000000 -1.000000000
-0.238145419 0.000000000
0.000000000 0.000000000
0.000000000 0.000000000
-0.952581675 0.000000000
0.000000000 0.000000000
0.000000000 0.000000000
0.595363547 0.000000000
0.000000000 0.000000000
0.476290837 0.000000000
0.000000000 0.000000000
-0.357218128 0.000000000
0.000000000 0.000000000
0.000000000 0.000000000
0.000000000 0.000000000
0.000000000 0.000000000
0.000000000 0.000000000
1.071654384 0.000000000
0.000000000 0.000000000
-0.714436256 0.000000000
0.000000000 0.000000000
0.000000000 0.000000000
0.000000000 0.000000000
0.000000000 0.000000000
0.000000000 0.000000000
0.000000000 0.000000000
0.595363547 0.000000000
0.000000000 0.000000000
0.000000000 0.000000000
0.000000000 0.000000000
-0.476290837 -2.000000000
0.000000000 0.000000000
0.357218128 0.000000000
0.000000000 0.000000000
0.000000000 0.000000000
1.190727094 0.000000000
0.000000000 0.000000000
0.119072709 0.000000000
-0.119072709 0.000000000
-0.357218128 -3.000000000
-0.119072709 0.000000000
0.238145419 0.000000000
0.000000000 0.000000000
0.833508966 0.000000000
0.357218128 1.000000000
0.119072709 0.000000000
0.595363547 0.000000000
0.476290837 0.000000000
0.000000000 0.000000000
0.000000000 0.000000000
0.000000000 0.000000000
0.000000000 0.000000000
0.119072709 3.000000000
0.119072709 0.000000000
0.476290837 0.000000000
-0.119072709 0.000000000
0.000000000 0.000000000
0.000000000 0.000000000
0.000000000 0.000000000
0.000000000 0.000000000
-0.714436256 0.000000000
0.000000000 0.000000000
0.238145419 0.000000000
0.595363547 0.000000000
0.000000000 0.000000000
0.357218128 0.000000000
0.000000000 0.000000000
0.595363547 1.000000000
0.000000000 0.000000000
0.000000000 0.000000000
-0.238145419 0.000000000
0.000000000 0.000000000
0.000000000 0.000000000
0.000000000 0.000000000
0.000000000 0.000000000
0.000000000 0.000000000
0.000000000 0.000000000
-0.119072709 0.000000000
0.238145419 0.000000000
-0.119072709 -1.000000000
0.000000000 0.000000000
0.000000000 0.000000000
0.000000000 0.000000000
0.000000000 0.000000000
0.000000000 0.000000000
-0.238145419 0.000000000
-0.119072709 0.000000000
0.000000000 0.000000000
0.238145419 4.000000000
0.000000000 1.000000000
0.119072709 0.000000000
0.000000000 0.000000000
0.000000000 0.000000000
-0.238145419 0.000000000
0.000000000 0.000000000
0.238145419 0.000000000
0.000000000 0.000000000
0.476290837 0.000000000
0.000000000 0.000000000
0.000000000 0.000000000
0.000000000 0.000000000
0.000000000 0.000000000
1.071654384 0.000000000
0.595363547 0.000000000
0.000000000 -2.000000000
0.000000000 0.000000000
0.000000000 0.000000000
0.000000000 5.000000000
0.357218128 0.000000000
0.238145419 2.000000000
0.357218128 0.000000000
0.000000000 0.000000000
0.476290837 0.000000000
0.000000000 -1.000000000
0.000000000 0.000000000
0.000000000 0.000000000
0.119072709 0.000000000
0.000000000 0.000000000
-0.119072709 0.000000000
0.000000000 0.000000000
0.000000000 0.000000000
0.476290837 2.000000000
0.000000000 0.000000000
0.000000000 0.000000000
0.000000000 0.000000000
0.000000000 0.000000000
-0.119072709 -6.000000000
0.000000000 0.000000000
0.000000000 0.000000000
0.000000000 0.000000000
0.000000000 0.000000000
0.595363547 0.000000000
0.000000000 0.000000000
0.000000000 0.000000000
0.000000000 0.000000000
0.000000000 0.000000000
0.119072709 0.000000000
0.000000000 1.000000000
0.119072709 0.000000000
0.000000000 0.000000000
-0.238145419 0.000000000
0.000000000 0.000000000
-0.952581675 0.000000000
0.000000000 0.000000000
-0.119072709 -9.000000000
0.000000000 0.000000000
0.000000000 0.000000000
0.595363547 0.000000000
0.357218128 0.000000000
0.000000000 0.000000000
0.000000000 0.000000000
0.000000000 0.000000000
-1.071654384 0.000000000
0.000000000 0.000000000
0.000000000 0.000000000
0.000000000 0.000000000
0.000000000 0.000000000
0.000000000 0.000000000
0.000000000 0.000000000
0.000000000 -2.000000000
0.119072709 3.000000000
0.000000000 0.000000000
-0.119072709 0.000000000
0.000000000 0.000000000
0.000000000 0.000000000
0.119072709 0.000000000
0.000000000 0.000000000
0.595363547 0.000000000
-0.238145419 0.000000000
0.000000000 0.000000000
0.000000000 0.000000000
0.000000000 0.000000000
0.000000000 0.000000000
0.000000000 -1.000000000
0.000000000 0.000000000
0.000000000 0.000000000
0.000000000 0.000000000
0.357218128 0.000000000
0.000000000 0.000000000
0.000000000 0.000000000
0.000000000 0.000000000
0.000000000 0.000000000
0.000000000 0.000000000
0.000000000 0.000000000
-0.119072709 0.000000000
0.119072709 2.000000000
0.000000000 0.000000000
-0.595363547 0.000000000
-0.119072709 0.000000000
0.000000000 0.000000000
0.000000000 0.000000000
0.000000000 0.000000000
0.000000000 0.000000000
0.000000000 0.000000000
0.000000000 0.000000000
0.000000000 0.000000000
0.000000000 0.000000000
-0.119072709 0.000000000
0.000000000 0.000000000
-0.238145419 0.000000000
0.833508966 0.000000000
-0.357218128 0.000000000
0.000000000 0.000000000
0.000000000 0.000000000
0.000000000 0.000000000
0.000000000 0.000000000
0.833508966 0.000000000
0.000000000 0.000000000
0.000000000 0.000000000
0.476290837 0.000000000
0.000000000 0.000000000
0.357218128 0.000000000
-0.119072709 0.000000000
0.000000000 0.000000000
-0.119072709 0.000000000
0.000000000 0.000000000
0.000000000 0.000000000
0.000000000 0.000000000
0.000000000 0.000000000
0.000000000 0.000000000
0.000000000 0.000000000
0.000000000 0.000000000
-0.476290837 0.000000000
0.000000000 0.000000000
0.000000000 0.000000000
-0.238145419 0.000000000
0.000000000 0.000000000
0.000000000 0.000000000
0.000000000 0.000000000
0.000000000 0.000000000
0.000000000 0.000000000
0.119072709 0.000000000
-0.238145419 0.000000000
0.357218128 0.000000000
0.119072709 2.000000000
0.000000000 0.000000000
0.000000000 0.000000000
0.000000000 0.000000000
-0.238145419 0.000000000
0.119072709 0.000000000
0.000000000 0.000000000
0.000000000 0.000000000
0.000000000 0.000000000
0.238145419 0.000000000
0.000000000 0.000000000
0.000000000 2.000000000
0.119072709 0.000000000
0.000000000 0.000000000
0.000000000 0.000000000
0.833508966 0.000000000
-0.119072709 0.000000000
0.476290837 0.000000000
0.238145419 0.000000000
0.000000000 0.000000000
0.000000000 0.000000000
0.000000000 0.000000000
-0.238145419 -3.000000000
-0.119072709 0.000000000
0.238145419 0.000000000
0.000000000 0.000000000
0.000000000 0.000000000
0.119072709 0.000000000
0.000000000 0.000000000
0.833508966 0.000000000
0.000000000 0.000000000
0.000000000 0.000000000
0.000000000 1.000000000
0.119072709 0.000000000
0.000000000 0.000000000
0.000000000 0.000000000
0.000000000 0.000000000
0.000000000 0.000000000
0.000000000 -2.000000000
0.000000000 0.000000000
0.000000000 0.000000000
-0.119072709 0.000000000
0.000000000 0.000000000
0.000000000 0.000000000
0.000000000 0.000000000
0.000000000 0.000000000
0.119072709 0.000000000
0.238145419 0.000000000
0.000000000 0.000000000
0.000000000 0.000000000
0.000000000 0.000000000
0.000000000 3.000000000
0.000000000 0.000000000
0.000000000 0.000000000
0.000000000 0.000000000
0.000000000 0.000000000
0.000000000 0.000000000
0.000000000 0.000000000
0.000000000 0.000000000
0.000000000 0.000000000
0.000000000 0.000000000
-0.238145419 0.000000000
0.000000000 0.000000000
0.119072709 2.000000000
0.238145419 2.000000000
0.000000000 0.000000000
0.000000000 0.000000000
0.000000000 0.000000000
0.000000000 0.000000000
0.833508966 3.000000000
0.714436256 0.000000000
0.000000000 0.000000000
0.000000000 0.000000000
0.000000000 0.000000000
0.000000000 0.000000000
0.476290837 0.000000000
0.000000000 0.000000000
0.000000000 0.000000000
0.000000000 0.000000000
0.000000000 0.000000000
0.000000000 1.000000000
0.000000000 0.000000000
0.000000000 0.000000000
-0.952581675 0.000000000
0.000000000 0.000000000
0.000000000 0.000000000
0.000000000 0.000000000
0.000000000 0.000000000
-0.119072709 0.000000000
0.000000000 0.000000000
0.357218128 0.000000000
-0.238145419 0.000000000
0.000000000 6.000000000
0.238145419 0.000000000
0.000000000 0.000000000
-0.119072709 -6.000000000
0.119072709 0.000000000
0.119072709 0.000000000
0.000000000 0.000000000
0.000000000 0.000000000
0.000000000 -3.000000000
0.000000000 0.000000000
-0.119072709 0.000000000
-0.119072709 0.000000000
-0.476290837 0.000000000
0.000000000 0.000000000
0.000000000 0.000000000
0.714436256 0.000000000
0.714436256 0.000000000
-0.119072709 0.000000000
0.000000000 0.000000000
0.000000000 0.000000000
0.000000000 0.000000000
0.000000000 0.000000000
0.000000000 0.000000000
0.000000000 0.000000000
0.000000000 0.000000000
0.000000000 0.000000000
0.000000000 0.000000000
-0.119072709 0.000000000
-0.476290837 0.000000000
0.952581675 0.000000000
0.000000000 0.000000000
0.000000000 0.000000000
0.119072709 0.000000000
0.000000000 0.000000000
0.000000000 0.000000000
0.000000000 0.000000000
0.000000000 0.000000000
0.000000000 0.000000000
0.238145419 3.000000000
0.000000000 0.000000000
0.000000000 0.000000000
0.000000000 0.000000000
0.000000000 0.000000000
0.000000000 0.000000000
0.000000000 0.000000000
0.595363547 3.000000000
0.000000000 0.000000000
-0.119072709 0.000000000
-0.238145419 0.000000000
0.000000000 0.000000000
0.119072709 0.000000000
0.595363547 0.000000000
0.000000000 0.000000000
-0.238145419 -1.000000000
0.000000000 0.000000000
0.000000000 0.000000000
0.000000000 0.000000000
0.000000000 0.000000000
0.000000000 0.000000000
-0.119072709 0.000000000
0.000000000 0.000000000
0.357218128 0.000000000
0.000000000 0.000000000
-0.476290837 0.000000000
0.000000000 0.000000000
0.000000000 0.000000000
-0.476290837 0.000000000
0.238145419 0.000000000
0.000000000 0.000000000
0.000000000 0.000000000
0.000000000 0.000000000
0.000000000 0.000000000
0.000000000 0.000000000
0.000000000 0.000000000
0.000000000 0.000000000
0.357218128 0.000000000
0.000000000 0.000000000
0.357218128 0.000000000
-0.119072709 0.000000000
-0.119072709 0.000000000
0.000000000 0.000000000
0.000000000 9.000000000
0.000000000 0.000000000
0.000000000 0.000000000
0.000000000 0.000000000
0.000000000 0.000000000
0.000000000 0.000000000
-0.238145419 0.000000000
-0.714436256 0.000000000
0.000000000 0.000000000
-0.238145419 0.000000000
0.000000000 0.000000000
0.000000000 0.000000000
-0.595363547 0.000000000
-0.357218128 0.000000000
-0.238145419 -1.000000000
0.000000000 0.000000000
0.000000000 0.000000000
0.000000000 0.000000000
0.119072709 3.000000000
0.000000000 0.000000000
0.000000000 0.000000000
0.952581675 0.000000000
0.000000000 -4.000000000
0.119072709 0.000000000
0.000000000 -1.000000000
0.000000000 0.000000000
0.000000000 0.000000000
0.000000000 0.000000000
-0.595363547 0.000000000
0.119072709 0.000000000
0.000000000 0.000000000
0.000000000 0.000000000
0.238145419 2.000000000
0.000000000 0.000000000
0.000000000 0.000000000
0.000000000 0.000000000
0.000000000 0.000000000
0.000000000 0.000000000
0.000000000 0.000000000
0.000000000 0.000000000
0.000000000 0.000000000
-0.119072709 0.000000000
0.000000000 0.000000000
0.000000000 0.000000000
0.000000000 0.000000000
0.000000000 0.000000000
0.000000000 0.000000000
0.238145419 0.000000000
0.119072709 1.000000000
0.000000000 0.000000000
0.000000000 1.000000000
-0.119072709 -1.000000000
0.000000000 0.000000000
0.000000000 0.000000000
0.000000000 0.000000000
0.000000000 0.000000000
0.000000000 0.000000000
0.000000000 0.000000000
0.238145419 0.000000000
0.000000000 0.000000000
0.000000000 1.000000000
0.000000000 0.000000000
0.000000000 1.000000000
0.000000000 0.000000000
0.476290837 0.000000000
0.000000000 0.000000000
0.000000000 0.000000000
-0.357218128 -1.000000000
0.000000000 0.000000000
0.000000000 0.000000000
0.000000000 0.000000000
0.000000000 0.000000000
0.000000000 0.000000000
0.000000000 0.000000000
0.000000000 0.000000000
0.000000000 0.000000000
0.000000000 0.000000000
1.071654384 0.000000000
0.000000000 0.000000000
0.000000000 0.000000000
0.000000000 0.000000000
0.000000000 0.000000000
-0.119072709 0.000000000
0.119072709 3.000000000
0.476290837 0.000000000
0.000000000 0.000000000
0.000000000 0.000000000
0.000000000 0.000000000
0.000000000 0.000000000
0.000000000 0.000000000
0.000000000 0.000000000
0.000000000 0.000000000
0.000000000 0.000000000
0.000000000 0.000000000
0.000000000 0.000000000
0.000000000 0.000000000
0.000000000 0.000000000
-0.119072709 0.000000000
-0.238145419 0.000000000
0.000000000 0.000000000
0.000000000 0.000000000
0.000000000 0.000000000
0.714436256 0.000000000
0.000000000 0.000000000
0.000000000 0.000000000
0.000000000 0.000000000
0.238145419 0.000000000
-0.238145419 0.000000000
0.000000000 0.000000000
0.000000000 0.000000000
0.000000000 0.000000000
0.000000000 0.000000000
0.238145419 0.000000000
0.000000000 0.000000000
0.000000000 0.000000000
0.000000000 2.000000000
0.000000000 0.000000000
0.000000000 3.000000000
0.476290837 1.000000000
0.476290837 0.000000000
0.000000000 0.000000000
0.000000000 0.000000000
0.000000000 2.000000000
0.000000000 0.000000000
0.000000000 0.000000000
0.000000000 0.000000000
-0.476290837 0.000000000
0.000000000 0.000000000
0.000000000 0.000000000
0.000000000 0.000000000
0.000000000 2.000000000
0.000000000 0.000000000
-0.119072709 0.000000000
0.000000000 0.000000000
0.000000000 0.000000000
-1.071654384 0.000000000
0.000000000 0.000000000
0.000000000 0.000000000
0.000000000 0.000000000
0.000000000 0.000000000
0.000000000 0.000000000
0.000000000 0.000000000
0.238145419 0.000000000
0.000000000 0.000000000
0.000000000 0.000000000
0.000000000 0.000000000
0.714436256 0.000000000
0.000000000 0.000000000
0.000000000 0.000000000
0.000000000 1.000000000
0.000000000 0.000000000
0.000000000 0.000000000
0.000000000 0.000000000
0.000000000 0.000000000
0.000000000 0.000000000
0.000000000 0.000000000
0.000000000 0.000000000
0.833508966 0.000000000
-0.238145419 -1.000000000
0.000000000 0.000000000
0.119072709 0.000000000
0.000000000 0.000000000
0.000000000 0.000000000
0.000000000 0.000000000
-0.238145419 0.000000000
9.6076639572
