200 5532 3.04435 0.0675737139
47 80 8
139 147 6
72 138 2
94 141 2
16 97 9
136 138 1
17 34 1
26 101 6
101 181 2
81 165 1
48 157 9
164 182 2
30 48 7
63 114 4
100 186 7
52 97 2
6 96 5
31 164 4
28 159 3
52 63 7
22 56 2
41 137 6
42 167 4
58 60 3
10 23 10
67 94 8
166 193 7
81 154 6
123 124 8
40 193 5
140 179 1
100 192 7
43 158 9
40 130 7
28 122 8
58 74 10
39 131 8
41 67 10
49 91 3
17 124 5
30 71 5
67 121 5
16 193 10
31 60 8
23 45 9
140 165 4
11 187 4
131 159 4
14 57 2
97 167 8
22 142 1
26 178 7
102 199 5
14 36 4
122 151 8
54 106 5
37 121 8
38 107 7
53 125 5
90 182 7
114 135 8
5 188 5
1 2 6
121 146 7
112 176 9
10 141 10
97 195 5
20 67 2
102 152 2
35 80 2
26 90 6
76 144 9
92 198 1
63 180 6
40 53 8
92 119 5
66 128 7
129 165 1
34 94 5
33 57 6
90 185 4
59 84 10
94 184 7
26 112 5
94 188 3
37 179 4
22 149 5
91 168 9
55 190 1
108 137 9
32 176 2
12 109 3
27 73 2
11 69 9
19 128 4
90 194 2
61 111 6
127 181 2
35 51 7
139 187 2
49 200 5
26 144 2
22 160 4
174 185 2
2 130 7
95 131 5
157 171 5
72 200 6
139 195 3
1 7 10
109 155 9
185 198 8
85 95 8
83 178 5
30 156 9
61 163 7
173 200 1
92 133 4
66 199 9
24 193 4
52 88 7
46 119 1
138 154 6
33 64 10
42 147 2
38 150 6
64 68 7
11 18 1
119 130 5
38 109 6
9 34 2
14 156 4
110 170 4
8 21 2
115 118 3
124 130 3
15 161 4
22 49 10
75 131 10
110 184 4
49 76 8
94 137 6
23 109 1
97 173 1
94 175 2
24 153 6
39 94 8
84 98 3
35 62 6
48 161 1
73 182 10
79 169 10
85 195 3
88 119 5
165 187 8
28 55 4
127 200 9
173 187 10
67 96 3
31 52 2
26 126 9
69 128 9
153 182 8
78 173 1
105 159 3
1 47 8
29 82 3
23 29 9
123 184 8
10 182 4
25 81 3
47 175 10
85 150 5
45 162 6
24 137 8
47 101 7
57 122 3
82 119 10
36 185 3
64 169 7
149 157 8
47 79 1
36 194 10
53 165 4
87 91 8
70 73 9
92 183 8
19 143 3
21 63 3
60 85 10
30 101 4
56 92 2
17 161 1
120 146 8
37 157 1
76 121 10
32 57 10
49 153 5
123 180 10
132 171 10
74 151 4
41 55 5
115 192 7
110 150 6
24 58 7
99 177 9
65 141 2
36 187 8
32 47 6
42 57 6
104 181 10
26 48 10
17 23 3
135 143 9
55 65 6
106 187 10
68 108 5
7 131 9
42 152 8
16 141 10
2 128 10
22 178 10
11 188 8
23 56 1
69 191 8
50 164 6
111 114 1
138 163 1
170 180 1
60 188 5
39 103 7
94 108 8
3 188 2
82 89 10
29 61 2
94 116 5
7 90 5
80 99 5
17 144 8
82 103 4
44 131 7
185 195 2
66 170 9
16 151 8
53 146 5
24 167 5
1 79 8
7 180 6
158 174 7
83 85 2
91 164 6
87 135 5
108 125 5
69 188 6
121 148 4
101 158 10
143 155 4
71 106 7
172 187 5
16 187 8
35 149 7
30 139 9
35 152 9
51 55 7
39 101 4
66 153 8
140 145 10
102 182 8
87 186 7
97 123 4
47 58 5
74 198 9
15 139 10
11 95 4
145 155 3
108 117 8
104 156 8
83 146 7
102 151 2
15 97 7
153 183 1
19 115 9
17 190 9
84 169 5
99 109 7
131 187 1
85 142 3
13 144 9
64 77 5
92 110 8
8 92 2
76 176 1
65 143 3
19 126 3
5 135 6
96 164 7
119 189 1
54 62 2
153 184 8
1 149 6
17 166 2
124 131 2
82 99 2
8 20 2
16 34 7
21 59 1
13 189 9
28 108 3
75 139 4
61 141 1
74 76 4
98 166 1
67 104 1
77 115 6
71 154 2
52 175 2
59 73 4
90 102 8
59 144 3
14 136 6
32 83 7
16 189 6
85 103 1
166 172 10
37 102 10
43 132 4
6 170 5
145 165 2
117 128 4
43 74 7
59 120 7
116 160 2
135 149 3
68 93 8
31 181 3
147 185 7
93 98 1
173 183 10
46 54 5
14 198 9
99 135 10
101 118 7
9 103 2
3 163 6
36 112 5
62 69 1
46 155 8
120 137 2
34 184 10
150 172 2
56 131 6
28 188 3
174 188 2
131 189 2
27 153 7
107 150 2
6 63 1
77 169 8
12 138 4
60 168 4
28 169 1
14 70 7
24 121 3
97 130 4
40 139 5
79 148 7
23 135 4
28 149 1
40 91 8
140 168 10
64 183 2
33 192 10
134 148 7
127 187 2
95 98 3
57 198 5
38 69 3
114 149 8
86 153 8
70 77 9
118 153 7
81 92 9
36 85 10
121 161 2
20 194 9
69 111 5
32 191 4
20 80 3
78 181 9
68 162 7
178 195 3
2 43 1
19 77 3
105 148 5
21 178 6
84 181 8
151 167 9
128 141 7
17 200 3
100 161 5
20 190 8
89 108 10
100 122 2
82 200 6
6 144 4
6 187 5
25 129 6
52 86 4
195 200 10
124 135 10
33 165 8
33 197 7
102 189 5
26 184 4
179 181 2
85 111 8
29 35 9
153 158 9
20 31 7
6 134 7
157 174 1
14 35 10
35 108 7
21 102 8
6 97 1
58 73 2
45 176 9
36 96 2
149 173 3
37 58 2
114 132 2
56 84 4
79 140 6
118 127 8
108 188 1
81 113 7
22 129 7
18 35 3
37 142 7
60 149 6
154 173 5
88 131 8
42 199 7
66 159 9
121 179 8
70 156 2
32 200 5
73 177 10
115 197 10
82 151 3
19 136 5
11 56 4
62 158 9
103 154 6
136 189 9
83 148 7
169 197 9
15 183 6
50 197 2
36 139 6
80 139 3
10 140 2
19 168 1
27 127 4
29 62 1
17 102 5
49 184 5
22 164 3
98 113 1
34 192 3
49 191 4
46 156 1
48 97 8
70 93 3
33 67 3
43 111 3
88 112 5
30 198 10
150 164 9
45 113 3
48 133 7
59 67 2
57 71 1
130 140 5
64 167 2
45 167 7
31 150 8
20 28 7
80 137 1
28 135 1
10 51 9
64 160 1
21 159 5
73 77 8
60 134 2
47 158 7
12 88 4
66 93 6
29 188 5
68 195 10
45 183 6
7 113 8
8 139 6
117 167 6
54 199 3
39 88 2
11 67 10
61 74 3
67 170 8
34 124 3
101 169 2
34 48 5
115 149 5
162 171 1
19 35 7
23 158 1
31 171 2
73 105 3
13 76 4
11 172 6
41 47 5
65 110 7
8 57 5
88 99 9
34 54 9
148 184 1
108 170 10
10 42 7
8 193 10
70 165 8
57 172 10
65 124 1
37 57 5
174 198 8
14 172 8
112 139 7
68 79 3
4 189 2
34 60 10
7 198 9
72 158 2
80 182 10
13 154 1
90 142 8
180 195 8
137 178 4
25 125 8
2 126 9
19 100 9
57 182 4
77 168 1
121 128 4
56 166 5
39 133 9
98 126 1
54 89 6
24 28 6
56 57 2
55 112 3
67 190 5
49 197 9
67 133 5
129 196 4
16 29 7
31 44 10
55 98 2
30 64 1
74 86 10
63 168 7
26 174 10
96 163 1
30 185 4
106 143 10
45 178 5
4 131 5
43 125 4
15 43 2
76 99 9
129 168 3
30 195 3
1 86 7
27 175 3
116 153 6
92 137 2
83 120 2
96 198 7
96 103 5
2 45 8
33 48 5
60 193 6
110 119 2
4 8 5
39 59 5
84 200 9
12 69 10
70 74 2
29 71 5
89 117 6
84 106 7
19 97 9
37 133 8
133 182 4
42 159 6
120 123 8
134 141 7
43 101 3
13 62 6
28 171 8
27 190 4
4 17 9
76 149 8
10 106 6
119 144 8
37 130 7
49 119 10
134 175 10
21 94 3
81 159 6
18 183 4
135 196 9
134 184 7
34 113 5
34 195 10
91 154 10
7 179 2
21 104 1
11 166 9
29 146 4
31 48 1
92 151 8
29 87 1
84 95 9
48 99 4
51 57 1
7 175 3
38 105 7
104 109 5
7 36 10
58 131 3
162 188 1
27 91 8
25 177 9
90 109 3
7 99 9
123 139 5
11 27 7
10 119 8
62 119 10
71 74 5
22 96 4
11 70 6
143 176 6
87 142 6
109 110 4
114 169 2
91 188 2
13 111 4
78 155 4
106 126 1
3 34 7
25 95 2
47 154 8
10 84 2
16 142 6
79 142 2
53 138 4
124 139 2
79 96 1
35 139 3
22 91 1
1 37 5
123 152 7
5 22 10
52 128 10
115 147 4
58 150 6
68 186 9
13 163 8
45 47 4
4 135 3
2 167 6
175 178 6
104 144 7
156 196 7
97 137 8
72 174 10
47 177 3
40 68 5
43 73 1
23 106 6
71 175 4
38 42 9
11 75 5
50 140 1
25 187 5
19 101 8
43 199 7
55 131 7
160 177 10
83 157 6
136 188 5
120 164 1
65 102 8
74 181 1
1 115 10
46 87 3
25 111 9
18 83 6
25 161 6
78 115 8
9 175 9
96 169 3
7 111 8
5 69 4
65 188 5
4 166 2
58 87 9
114 162 5
1 28 9
98 119 6
116 167 10
42 179 5
8 154 3
53 154 9
6 145 2
36 151 8
93 138 2
59 187 6
22 108 5
66 85 8
76 150 8
100 123 10
106 200 10
103 179 1
119 188 9
4 45 2
42 138 9
126 163 5
124 140 8
140 151 10
113 151 8
155 191 3
75 163 3
20 23 6
10 143 7
161 173 1
84 121 2
64 138 6
36 148 9
171 196 4
126 132 9
136 154 8
6 13 2
28 199 8
108 162 3
169 174 9
69 123 8
121 140 2
89 90 9
73 138 3
10 55 1
127 180 9
48 167 6
62 105 6
48 162 8
90 161 4
93 154 9
105 140 1
51 89 6
106 178 1
90 188 7
90 132 9
133 163 5
93 167 9
110 140 2
165 191 2
13 98 9
122 139 3
23 199 5
127 189 1
37 170 1
161 163 10
103 189 2
14 61 8
120 167 10
48 107 5
73 154 5
106 150 10
98 149 4
77 171 6
110 187 7
31 158 8
61 114 7
39 105 4
87 112 7
112 144 5
80 157 8
83 96 5
118 129 10
9 82 8
87 95 8
75 115 3
21 183 8
119 146 7
26 175 8
138 176 5
32 159 1
9 108 7
85 96 3
46 176 6
140 199 10
53 147 6
80 116 6
188 197 3
32 92 9
19 27 4
59 153 2
33 133 9
37 88 10
80 138 2
54 112 3
123 148 10
88 106 6
27 48 1
77 100 1
26 115 7
77 151 9
10 38 8
5 39 8
180 199 3
28 75 5
14 107 7
56 132 4
12 76 6
189 196 1
12 124 2
45 149 4
17 54 2
8 129 1
109 166 5
79 173 2
14 183 10
17 185 5
152 165 9
117 122 3
121 131 5
38 178 5
3 119 10
49 74 2
16 72 9
46 100 7
35 65 5
45 88 10
98 130 10
6 171 3
44 161 2
29 122 9
136 185 10
58 163 2
20 189 8
3 98 1
98 122 6
23 38 9
59 76 6
19 64 5
4 25 6
73 150 2
73 136 1
30 109 2
17 139 6
99 144 1
34 64 2
25 139 9
74 196 2
4 14 10
21 139 6
52 179 4
91 121 8
156 199 5
37 80 7
5 90 8
14 166 2
103 183 5
100 142 2
46 137 9
84 113 2
63 131 1
89 169 5
14 125 5
28 124 6
8 41 1
44 98 1
100 114 9
51 133 7
35 73 1
108 114 4
50 72 8
54 113 8
120 197 10
131 197 6
178 185 3
39 66 5
54 191 6
34 98 2
22 176 2
11 19 1
7 141 5
7 117 1
19 102 2
98 124 3
54 139 5
70 126 10
22 98 10
6 68 3
52 133 7
34 151 8
4 183 9
18 179 2
9 77 8
49 198 1
10 77 3
133 143 1
12 87 7
15 83 9
8 182 1
14 55 2
14 142 7
23 59 9
6 177 8
87 190 10
97 200 10
64 92 7
37 38 4
25 199 4
18 28 2
160 173 5
105 110 10
44 126 10
35 142 2
58 100 8
51 164 7
21 106 1
55 103 10
134 163 7
11 30 10
110 167 4
10 80 7
125 153 7
124 155 2
64 168 7
98 117 10
73 181 7
92 107 5
63 110 1
109 136 7
31 137 3
41 68 1
38 182 10
20 165 1
94 121 9
130 160 3
34 87 6
114 125 3
92 161 6
23 155 2
25 85 1
47 117 10
78 186 4
86 140 3
142 170 10
54 130 7
23 136 8
117 186 4
139 146 6
77 78 7
4 106 5
94 169 4
71 146 10
24 163 10
104 118 8
46 66 9
24 67 5
41 149 2
111 123 2
181 189 6
102 129 4
144 146 2
93 160 9
50 160 9
111 188 1
96 196 2
75 193 1
51 169 6
133 150 10
24 192 3
99 107 5
91 98 8
80 133 1
59 188 10
44 61 2
120 183 7
41 97 2
59 140 6
2 116 6
126 136 7
29 185 6
88 162 2
80 148 7
142 194 1
69 92 9
157 191 10
112 188 9
16 152 9
29 171 1
69 160 2
93 164 6
10 156 4
66 137 5
65 176 4
65 100 4
54 129 4
25 175 5
57 73 9
30 116 5
164 198 4
62 141 6
22 30 8
55 93 6
79 137 5
32 39 7
80 111 2
35 144 9
24 147 4
83 103 5
18 66 1
143 188 8
42 78 9
107 197 8
94 101 8
105 158 5
89 118 8
83 112 2
77 94 2
81 193 2
46 178 5
21 167 8
147 188 1
48 169 9
6 175 7
38 161 5
72 104 9
57 118 10
66 109 4
34 194 10
97 161 1
119 137 7
136 171 10
105 183 3
6 108 5
71 200 4
23 115 4
132 191 2
47 197 4
102 178 7
43 107 2
51 139 9
21 152 6
57 64 10
64 112 8
30 177 6
40 132 8
5 18 10
21 99 7
121 175 7
14 128 10
1 72 1
77 178 5
79 87 3
6 140 8
13 44 8
90 165 1
71 104 9
87 138 2
26 177 6
44 200 3
49 98 8
82 102 9
22 78 1
3 6 8
13 197 4
100 170 8
3 107 2
28 43 9
5 101 2
51 132 1
29 96 9
34 161 5
67 182 2
53 78 2
38 39 9
140 141 7
84 182 8
137 156 6
37 112 2
130 161 4
5 75 6
56 194 7
28 200 10
39 123 5
11 37 3
118 165 8
69 198 9
48 177 6
4 55 7
73 174 7
82 198 6
18 155 9
1 42 7
37 134 4
14 177 4
74 100 9
159 183 9
39 120 2
6 23 10
57 111 2
121 174 2
32 150 9
26 192 9
96 110 2
12 73 3
157 182 4
46 76 4
113 135 3
19 178 10
31 168 2
8 105 8
67 188 6
108 111 2
45 125 9
103 178 9
133 175 10
5 173 7
95 144 8
131 172 7
96 99 3
68 74 8
92 121 8
13 186 6
53 59 6
59 95 10
151 160 1
5 161 6
44 68 9
20 123 3
8 149 7
120 140 5
156 197 6
21 196 5
10 19 4
45 185 5
65 114 8
41 70 2
17 32 8
45 54 3
29 193 1
55 133 1
13 116 6
81 169 2
22 177 2
71 113 1
96 97 6
124 128 3
121 135 6
103 171 5
8 116 6
186 187 1
149 186 3
31 178 9
17 43 2
32 133 4
52 167 8
1 146 9
47 71 8
121 145 8
21 112 4
73 164 4
90 126 8
33 185 9
75 92 4
28 118 7
162 199 6
56 95 4
36 50 1
25 88 8
34 74 10
75 159 2
101 140 8
108 149 6
3 161 8
149 164 2
96 183 3
24 108 5
113 149 2
14 105 5
130 145 9
89 166 10
84 157 2
84 141 7
107 151 7
98 164 10
102 141 3
12 46 9
47 151 5
153 155 5
2 118 8
159 196 3
91 126 1
97 160 1
37 136 4
90 93 10
76 162 9
138 198 2
22 179 1
9 66 1
44 113 9
130 166 7
86 94 5
146 164 6
23 32 2
78 145 3
35 82 6
72 185 2
15 130 7
74 190 6
44 176 4
164 165 3
9 118 7
82 104 7
145 147 3
156 179 4
136 146 2
15 119 1
135 159 9
179 197 1
35 129 8
79 94 2
136 170 9
109 146 10
129 185 1
42 61 5
95 120 6
34 197 8
7 49 10
20 144 5
2 58 2
51 105 7
24 164 9
15 140 1
52 162 1
9 80 10
41 191 2
33 146 2
12 147 6
128 178 7
56 68 6
61 159 2
96 104 6
52 148 2
41 112 7
18 77 2
65 191 7
50 168 4
123 164 5
70 193 9
70 125 3
12 99 8
8 174 8
40 58 8
9 166 6
101 151 6
80 184 9
2 179 2
39 112 3
90 146 2
93 114 4
31 63 3
87 178 8
2 161 9
73 122 2
193 195 9
79 130 7
19 187 7
119 161 6
115 145 3
60 129 9
42 47 9
20 157 1
34 39 6
73 168 2
2 29 3
2 62 2
116 131 9
55 108 4
38 157 5
90 138 9
40 154 3
110 116 2
1 112 6
77 143 4
14 189 1
139 192 10
76 152 8
7 190 6
20 154 6
87 182 3
75 101 2
44 47 10
40 184 3
4 35 9
106 168 6
96 199 4
128 164 6
9 84 8
159 166 9
196 199 6
126 195 1
21 169 4
55 177 7
30 167 7
78 81 4
34 139 5
72 91 10
159 193 7
76 188 8
17 106 7
101 175 8
7 105 6
89 128 8
43 182 10
4 88 1
26 55 9
127 132 2
34 135 3
8 43 3
116 177 6
76 197 1
132 194 9
75 103 3
9 18 5
133 136 4
86 143 4
32 157 9
27 148 10
39 79 9
11 159 9
133 169 6
42 59 1
21 80 7
31 156 2
64 131 8
57 160 5
28 52 3
72 180 2
11 170 9
60 192 10
156 171 5
125 199 9
37 47 1
2 168 6
30 129 4
94 118 9
5 156 3
33 65 2
2 141 7
114 129 2
120 147 2
30 133 2
107 163 6
2 4 5
9 124 10
94 112 4
106 185 8
33 154 1
139 159 4
78 175 2
167 169 8
81 171 8
43 87 10
21 144 2
101 149 1
6 128 4
154 196 7
41 53 10
165 170 3
35 123 3
83 195 10
1 88 7
98 178 3
24 83 6
43 58 5
17 129 8
19 194 8
130 136 9
30 126 4
41 78 7
36 158 8
128 170 3
172 191 3
142 175 2
99 180 4
182 192 2
44 134 4
88 158 8
114 126 8
24 181 8
107 152 9
85 158 8
30 89 1
10 112 2
50 81 8
12 81 3
32 106 10
82 86 10
56 175 3
76 161 4
65 167 5
47 136 2
49 148 3
137 200 10
113 114 8
84 138 3
60 170 8
91 111 10
151 166 4
69 116 5
153 200 2
12 103 3
71 88 8
65 125 4
46 108 8
129 171 4
105 130 3
76 93 8
85 130 8
123 126 7
59 82 9
71 142 2
122 164 2
100 193 1
46 169 5
65 70 1
109 111 4
45 166 8
26 43 4
22 122 2
130 135 5
102 180 9
75 157 1
57 163 10
101 177 9
64 174 9
54 94 4
33 100 6
50 130 2
55 191 3
113 140 5
30 83 7
63 192 4
17 64 7
55 73 9
38 47 3
90 136 5
76 158 7
89 193 10
57 58 7
29 41 7
149 152 1
38 187 9
128 173 5
142 164 6
31 197 10
1 113 4
45 70 3
19 179 6
63 129 1
51 154 7
90 112 7
101 125 4
161 164 7
67 69 8
152 163 1
21 138 9
72 144 8
48 130 5
35 166 8
158 180 8
39 85 1
70 76 10
147 167 10
54 188 9
31 199 9
54 161 5
11 73 10
27 184 1
110 161 7
21 140 3
5 170 8
173 197 9
151 153 1
157 179 5
76 175 5
35 134 4
118 130 7
92 102 5
92 146 8
123 187 3
137 194 8
89 103 3
71 98 10
25 172 3
26 113 5
50 149 9
16 108 9
96 123 10
17 52 1
135 140 6
73 118 9
51 95 8
42 128 4
69 129 9
66 124 1
76 177 3
87 159 4
82 153 2
88 139 8
21 190 8
69 89 2
33 35 3
40 75 3
51 174 5
1 51 9
47 114 6
16 47 6
44 67 5
29 148 3
93 105 6
56 188 7
69 87 8
94 135 5
6 117 10
22 72 1
10 172 10
16 18 10
88 167 4
59 158 3
121 158 3
68 167 10
5 98 5
12 177 4
79 150 7
133 162 3
70 86 3
115 131 1
21 42 10
13 130 2
51 80 9
93 125 2
87 162 6
39 47 6
67 153 4
153 180 1
28 32 2
14 75 1
2 33 1
43 62 4
174 189 1
32 98 7
110 129 2
22 185 4
44 139 2
7 168 4
55 164 3
5 128 2
155 181 10
24 82 2
145 185 6
149 170 9
110 130 1
114 155 5
167 200 6
78 179 6
65 123 7
19 103 6
45 84 8
159 189 3
22 95 3
13 64 2
140 163 7
175 198 4
51 186 9
47 116 7
19 84 3
108 148 9
5 163 1
42 136 3
97 178 7
30 75 10
96 109 7
80 104 6
14 196 6
128 186 7
56 193 4
129 194 1
121 171 3
118 198 9
93 100 2
17 105 5
18 198 7
43 139 4
20 86 5
76 147 5
94 161 9
61 88 8
23 96 3
121 169 2
12 191 6
64 150 1
24 154 8
90 95 4
144 183 9
70 84 5
26 39 9
21 39 10
147 179 6
2 57 3
34 97 3
37 145 7
69 82 4
130 192 5
17 195 5
65 95 3
57 187 7
22 110 5
151 187 2
14 31 9
18 38 1
50 171 10
45 89 10
82 148 5
116 127 6
49 179 10
115 127 7
41 141 6
31 107 3
24 129 5
19 53 4
58 69 5
104 147 10
26 100 8
4 186 9
125 152 4
89 92 4
19 45 5
99 126 3
39 67 9
5 37 7
135 175 9
143 149 5
90 189 5
15 30 8
104 125 5
37 51 5
144 160 8
25 26 8
108 127 3
53 142 6
8 172 8
168 169 3
43 115 9
54 82 1
118 122 2
129 187 1
80 136 3
62 193 4
85 132 7
60 77 5
51 103 5
90 124 3
57 87 1
27 122 1
139 142 1
19 118 9
44 159 9
105 119 10
8 67 7
22 143 6
29 172 9
58 102 6
75 107 1
108 168 9
40 98 7
80 154 9
132 179 3
35 85 5
10 63 1
44 45 1
109 139 6
33 172 5
108 129 5
45 132 6
110 164 3
50 98 10
170 173 6
88 104 5
32 75 10
85 116 8
2 199 10
12 137 6
42 175 5
32 137 4
121 139 10
45 82 7
11 43 8
1 135 7
27 112 8
110 127 2
12 13 5
50 137 8
35 110 1
113 189 6
9 26 10
119 191 2
37 156 1
16 184 6
49 77 3
127 130 10
60 98 5
6 129 2
30 112 1
89 109 10
41 116 7
3 94 6
14 97 3
172 197 5
3 112 8
20 150 6
64 86 4
7 125 1
55 138 4
92 154 9
85 98 1
10 157 10
21 160 4
61 109 2
3 57 6
35 60 10
36 91 1
41 122 4
27 65 5
40 45 7
33 140 3
73 186 1
184 189 6
96 128 5
75 76 3
94 149 4
32 58 4
113 166 6
69 81 2
79 99 10
19 39 2
29 44 5
20 113 8
45 197 2
2 136 10
35 63 8
85 181 2
178 187 4
69 149 5
12 187 3
94 171 6
48 196 10
59 102 6
172 180 8
65 162 8
76 154 9
82 162 6
16 169 3
106 107 9
3 89 2
31 80 4
95 173 6
1 192 4
79 115 9
28 103 10
106 175 10
159 188 1
22 43 9
31 65 7
141 181 5
29 94 2
58 118 7
34 75 10
14 87 4
29 101 8
7 41 3
99 117 2
6 20 10
47 160 10
59 131 9
52 150 7
79 83 9
15 16 9
103 111 10
107 129 1
85 154 4
53 76 4
174 183 6
18 86 8
103 184 2
22 89 2
56 146 6
35 106 7
26 176 4
86 121 6
38 91 1
42 198 5
13 71 8
137 190 3
23 123 10
23 116 10
17 137 1
54 143 10
3 159 6
117 197 5
58 143 2
73 76 3
6 101 10
120 174 6
55 105 6
146 155 10
2 192 4
5 70 7
46 136 7
7 78 5
78 82 6
56 124 5
8 110 1
30 36 4
8 196 2
70 107 7
25 74 2
67 148 10
59 124 6
173 189 3
9 50 9
98 191 9
140 178 2
1 23 3
26 94 5
122 158 3
95 112 5
1 186 1
60 61 6
78 194 2
151 188 6
48 140 7
61 182 1
84 117 3
19 117 6
111 197 2
150 158 8
31 86 7
30 111 6
16 67 3
66 157 5
51 96 5
54 75 1
7 183 7
35 153 3
3 136 6
27 101 8
36 132 3
82 196 5
28 139 4
54 159 3
6 158 10
2 143 1
5 148 3
90 92 3
36 161 9
3 194 10
92 180 8
1 143 10
66 99 2
27 89 1
84 86 8
5 64 3
25 173 5
105 177 3
134 189 10
45 175 7
6 132 10
61 176 4
25 140 1
3 69 5
32 144 5
14 171 4
39 119 4
65 156 3
75 82 1
100 126 5
51 131 8
106 123 8
68 155 2
161 166 6
40 99 5
71 178 7
13 61 8
18 50 6
127 191 9
78 126 4
48 76 8
42 119 6
142 171 7
46 91 9
67 68 3
52 60 5
84 198 7
68 83 8
17 91 2
123 165 9
82 131 3
23 41 1
76 117 7
62 107 6
117 134 7
66 102 2
154 183 4
111 170 2
136 143 7
53 163 6
12 142 9
114 185 2
120 158 9
40 78 8
69 135 9
145 197 6
52 113 5
16 160 8
54 176 6
98 103 4
97 169 8
147 158 5
80 135 6
27 180 6
102 148 9
6 192 7
60 115 8
181 187 6
1 59 3
36 127 8
12 157 8
69 140 5
134 173 7
26 188 5
26 40 4
115 165 9
20 83 5
49 180 3
145 196 3
65 99 3
19 62 10
33 183 9
66 87 1
21 147 2
13 99 4
22 189 2
90 164 9
109 194 10
19 123 7
31 135 6
8 65 1
51 168 7
94 181 7
160 199 6
163 185 10
88 155 1
51 155 2
32 34 10
136 176 9
112 157 5
84 179 3
30 193 4
77 199 5
158 176 2
66 130 1
57 151 3
11 193 10
15 25 6
14 193 7
12 132 5
132 197 3
27 179 4
12 186 2
29 179 2
13 19 4
77 179 10
116 170 7
63 88 4
157 162 3
24 79 4
60 127 2
106 130 10
51 66 6
12 118 1
55 186 1
49 165 8
72 162 6
65 92 5
40 54 5
6 153 2
122 162 3
11 66 5
23 33 4
75 98 10
95 157 9
160 163 4
50 189 4
42 103 5
69 197 1
13 103 10
61 82 6
44 186 6
135 188 5
54 79 8
121 170 5
7 171 10
148 170 6
93 110 5
48 52 1
115 178 3
125 194 8
75 146 8
41 176 6
99 199 1
55 173 7
66 81 4
18 87 9
23 104 5
104 186 6
131 154 5
31 77 6
152 158 3
167 183 8
79 118 8
113 187 3
30 128 3
74 188 2
62 146 9
23 92 3
9 76 4
9 184 1
57 75 9
105 123 6
54 192 8
24 97 10
154 189 3
58 185 4
22 128 8
114 182 2
139 198 6
153 166 5
53 145 2
53 54 7
108 151 8
32 110 3
23 77 2
3 86 2
89 99 3
7 62 5
129 136 5
46 196 3
80 188 10
67 101 1
86 167 10
99 115 2
6 59 7
153 170 6
40 171 10
10 167 9
25 176 6
42 149 4
147 184 9
11 173 8
57 168 3
72 88 7
122 197 2
21 103 4
28 186 2
79 131 5
88 101 1
26 33 4
16 106 3
53 57 5
20 162 10
53 151 9
138 160 7
94 125 5
48 158 5
104 172 2
35 38 1
13 122 2
32 121 8
109 200 5
65 73 9
124 144 4
61 187 4
6 24 3
59 99 3
24 119 3
1 53 2
131 143 9
48 151 6
37 64 8
189 193 6
36 71 2
131 193 8
29 76 3
9 75 5
146 149 4
29 116 1
68 113 10
194 198 9
44 192 1
52 78 8
15 163 10
77 135 5
25 61 4
140 149 4
151 178 1
78 125 5
166 200 6
48 72 2
7 31 3
52 74 8
56 149 8
77 89 10
38 57 3
186 192 4
6 74 4
36 62 9
10 184 5
112 160 7
30 59 10
50 169 7
133 179 7
64 141 2
4 193 9
63 164 6
69 106 7
147 153 9
88 114 1
24 179 6
30 162 8
127 170 1
13 101 3
111 186 6
117 120 6
77 144 9
32 135 2
44 199 9
15 197 3
36 90 7
14 182 4
59 133 1
114 146 8
102 112 4
53 108 7
11 178 9
36 135 2
38 177 8
23 134 5
17 19 10
144 169 3
80 187 9
38 153 6
79 127 6
73 88 10
60 72 4
58 166 10
55 168 9
78 192 7
32 76 2
118 176 3
109 140 7
39 99 10
114 174 4
43 149 1
22 121 8
9 112 2
56 199 3
42 77 7
20 158 6
58 65 6
7 159 9
73 103 5
52 99 1
84 111 3
2 25 8
20 49 1
78 80 10
115 170 2
35 178 9
12 167 7
177 194 4
47 173 1
92 132 1
136 191 4
25 71 7
57 186 6
62 191 8
15 91 1
96 185 8
16 138 9
143 185 5
64 108 9
52 101 5
10 137 10
75 183 2
122 182 5
40 77 10
176 194 5
74 183 5
7 154 7
121 147 9
66 116 8
156 192 8
125 196 7
1 108 2
3 129 8
160 179 1
113 171 9
100 110 9
19 60 10
56 106 6
152 155 4
35 83 10
44 116 8
8 134 8
85 191 3
101 119 10
127 145 1
11 196 10
76 166 5
76 178 7
76 113 1
52 188 8
74 182 8
94 190 8
37 114 2
63 87 1
73 128 3
3 126 6
134 190 2
40 135 1
39 167 10
83 180 3
35 124 2
16 68 6
25 43 8
138 197 10
116 200 6
95 136 3
8 170 10
4 102 9
13 23 3
128 159 6
34 154 6
6 31 5
77 106 10
32 100 8
118 147 5
56 77 5
37 148 1
35 132 4
82 125 7
127 141 5
157 183 1
104 162 8
12 15 9
99 124 2
14 92 1
149 193 6
59 63 2
29 74 6
52 195 8
57 136 5
2 190 3
5 144 3
29 75 2
116 196 2
30 189 7
86 185 2
66 174 10
9 182 5
47 110 7
111 159 5
96 114 7
45 157 7
60 181 6
50 109 4
116 143 10
157 181 7
53 73 2
61 154 9
100 151 6
71 86 6
34 179 5
174 175 7
109 123 6
115 188 8
5 154 2
12 85 6
54 84 7
40 89 7
53 155 5
7 200 5
116 190 1
10 67 9
148 160 9
40 165 2
35 94 1
73 180 6
128 156 10
118 144 4
148 186 3
179 188 7
79 190 5
45 120 1
4 43 7
33 167 6
4 104 3
77 164 1
28 99 6
139 165 9
4 172 5
160 196 5
52 187 10
56 76 1
12 56 1
73 184 3
29 49 8
103 107 6
95 171 5
5 149 10
59 86 9
8 16 10
106 172 1
63 90 4
89 145 3
112 199 5
66 184 2
131 133 6
117 192 5
98 160 2
18 89 5
40 52 8
8 166 8
121 134 10
35 81 10
17 95 9
32 102 1
171 173 4
2 110 1
139 190 7
136 159 8
77 195 8
83 173 4
148 180 6
16 116 1
61 135 10
53 160 3
118 191 9
103 109 2
65 127 4
32 190 2
107 168 10
40 159 8
97 106 6
147 155 2
51 191 2
7 88 1
88 198 1
81 117 10
19 80 3
163 173 4
17 50 5
144 185 4
2 125 2
57 112 3
55 95 10
102 187 2
123 185 9
117 135 2
119 196 5
53 114 3
21 69 4
97 118 5
15 108 2
37 54 4
12 97 2
19 150 2
58 127 1
99 112 2
151 165 7
38 189 4
13 45 3
22 200 4
62 189 8
88 192 3
6 51 6
43 165 1
15 55 10
138 178 10
103 150 6
108 158 8
32 182 2
80 146 4
79 123 10
62 174 1
3 28 10
110 181 5
134 138 3
18 65 3
82 197 1
38 164 2
129 142 9
77 79 6
23 147 8
14 115 3
21 163 7
29 192 9
40 194 7
105 168 1
90 127 4
93 143 7
30 84 8
149 199 6
37 141 2
144 166 5
165 175 2
53 68 8
49 56 3
91 170 3
51 184 10
76 124 6
145 151 7
164 199 5
115 135 5
39 150 9
99 182 9
25 115 3
25 65 9
26 74 4
156 168 3
194 200 9
111 130 6
94 114 1
49 108 7
6 98 1
149 161 3
69 187 2
62 168 9
161 170 5
19 42 6
104 138 9
108 167 1
130 193 10
114 120 5
110 146 7
68 196 2
52 186 10
38 151 2
82 166 8
135 158 5
84 170 8
119 145 5
26 151 8
87 158 3
151 172 1
167 176 1
26 169 10
127 199 10
11 120 9
23 66 7
151 168 3
4 87 7
72 189 4
166 180 3
18 167 4
38 121 4
72 171 8
53 180 2
49 178 10
24 134 5
15 156 7
118 157 7
4 16 4
16 125 6
41 118 3
22 150 5
75 125 6
73 183 8
88 95 4
116 123 1
136 186 5
11 46 7
27 55 4
147 174 9
44 197 6
145 179 6
144 175 10
117 123 5
80 101 9
60 84 5
17 123 9
28 115 8
12 19 5
85 89 3
135 187 4
56 125 9
32 197 1
95 177 7
105 197 8
98 190 7
22 134 3
56 59 3
1 141 9
115 158 8
103 105 6
11 100 6
18 45 9
118 132 7
2 80 1
80 91 10
94 156 3
117 177 7
107 125 10
24 155 1
120 195 8
138 186 4
109 143 7
168 180 7
64 157 3
18 20 9
135 185 1
150 199 7
88 182 2
73 111 1
65 183 4
56 144 2
27 117 10
157 169 6
101 176 4
77 146 4
46 161 8
82 142 6
47 188 9
13 69 5
12 156 3
14 73 4
6 54 9
84 108 1
89 100 10
143 151 10
67 189 1
18 41 2
46 145 3
67 126 9
113 124 4
68 86 1
91 132 8
45 81 2
176 187 8
36 86 7
85 117 9
61 131 8
130 144 7
65 82 6
15 70 6
170 197 1
72 119 9
24 186 2
21 71 9
86 132 7
21 105 7
114 133 9
18 82 9
141 183 10
33 142 10
56 101 1
15 148 10
104 130 3
122 187 4
4 79 6
31 146 3
41 138 9
99 169 7
99 179 6
23 49 2
14 81 10
169 172 1
107 162 5
12 89 4
135 180 4
46 190 6
161 176 4
112 145 2
4 134 1
97 154 9
92 141 9
14 49 4
29 95 2
43 60 7
108 198 1
70 110 2
46 104 2
52 160 4
123 161 6
50 170 4
46 194 5
23 189 3
68 190 8
153 195 10
76 112 3
19 88 1
30 50 3
111 154 6
7 8 5
131 162 4
71 190 9
110 174 9
58 198 9
154 199 9
107 200 4
180 184 7
43 56 10
87 199 8
17 51 9
79 189 1
106 111 6
87 149 2
66 160 5
122 140 3
37 74 3
38 99 5
4 129 8
32 90 4
53 126 1
48 173 2
26 182 9
91 92 2
32 79 4
19 47 2
29 156 4
119 142 4
52 59 9
48 149 3
79 198 9
29 100 9
98 172 5
140 180 8
75 149 10
178 189 9
132 143 6
20 97 9
31 160 1
119 174 6
16 119 4
30 73 7
58 167 8
58 194 1
13 29 9
62 96 10
34 165 9
22 104 7
54 125 9
59 191 7
15 19 7
93 168 8
124 157 5
88 116 1
115 183 3
2 32 7
36 129 7
10 183 8
62 66 2
8 42 2
26 119 2
71 164 6
6 35 5
107 187 2
21 186 8
113 197 7
16 191 4
78 120 10
73 142 2
71 161 4
144 186 8
61 81 6
133 185 3
138 199 4
29 81 7
46 72 9
2 7 9
38 90 5
80 110 3
102 139 3
107 138 3
65 152 7
64 75 9
71 107 7
18 91 9
85 141 4
21 70 6
96 130 10
27 193 5
1 73 1
116 179 2
31 193 9
56 179 1
43 45 4
88 124 8
98 169 10
73 160 1
64 144 6
30 123 5
22 59 8
8 106 2
45 67 3
25 193 1
94 159 6
30 52 6
156 198 3
9 91 7
5 130 6
119 197 5
57 92 6
75 78 3
104 119 7
29 140 10
65 163 10
7 136 9
35 92 6
78 157 10
44 122 8
106 121 5
28 88 8
23 54 9
157 197 3
25 96 6
1 64 5
18 188 4
31 50 5
8 64 8
2 181 3
77 80 2
76 192 5
8 49 5
95 122 4
21 96 1
65 131 3
155 194 5
145 171 3
45 184 1
61 117 2
80 108 9
39 78 4
37 96 3
34 88 9
42 106 10
36 63 4
90 135 7
6 49 5
54 110 5
146 173 8
45 75 2
162 168 9
20 138 3
2 169 6
12 95 1
9 155 6
1 32 1
107 174 3
99 156 5
93 157 7
32 87 10
57 105 7
62 87 8
129 140 4
4 50 3
44 84 4
41 76 2
52 62 3
43 44 5
156 181 2
92 187 3
42 132 8
67 159 5
87 140 2
104 200 3
51 119 8
52 125 5
36 199 7
178 182 9
79 121 5
57 174 10
166 188 2
15 172 1
32 122 8
131 152 1
33 119 10
11 16 3
4 81 8
24 90 3
28 113 2
39 160 6
60 131 10
148 166 7
70 166 4
100 179 9
64 123 1
37 99 8
54 133 8
20 105 4
22 162 1
34 115 1
152 171 7
34 49 7
48 180 8
41 102 8
13 92 7
73 83 4
48 69 7
32 97 6
81 101 3
78 104 9
88 188 5
101 168 3
106 155 9
60 67 2
84 94 1
67 178 9
176 195 1
22 41 7
134 172 3
90 117 7
1 46 2
171 197 7
13 198 1
3 185 2
31 106 8
23 182 6
100 116 4
109 144 1
29 150 8
17 59 10
163 167 1
67 167 8
150 154 5
1 87 5
54 68 2
118 137 7
24 172 8
123 154 3
88 152 10
138 191 10
10 20 10
11 111 10
66 172 9
146 197 6
47 131 7
2 196 4
66 106 10
82 183 7
20 106 4
138 156 9
3 49 4
99 172 8
37 140 7
74 187 9
52 111 3
24 86 8
27 194 5
96 178 5
44 191 2
50 83 3
88 174 5
160 192 5
44 89 3
48 124 6
20 70 5
67 93 2
48 95 4
9 195 1
158 163 8
5 143 6
29 166 1
64 184 5
119 163 1
48 92 9
33 113 1
124 169 9
4 57 9
24 55 2
124 148 10
113 152 6
141 199 5
149 182 1
7 84 5
129 131 10
73 108 6
103 104 7
113 162 3
37 199 1
16 78 3
90 195 7
141 152 4
24 54 10
83 164 5
94 167 2
165 185 7
8 35 2
43 78 10
27 82 3
118 135 5
60 136 5
72 198 1
13 32 5
141 182 3
79 184 2
33 78 3
74 92 1
21 31 6
77 107 8
88 175 4
2 67 3
18 97 5
49 73 4
57 91 2
97 177 10
126 143 8
12 171 4
11 179 9
55 181 2
77 102 8
59 164 2
46 99 7
11 12 10
121 136 6
49 182 1
90 148 7
103 113 7
125 158 7
92 116 6
59 166 2
175 193 5
11 121 6
44 135 8
10 99 8
39 147 3
146 181 1
178 200 2
80 112 1
25 104 3
2 133 9
151 186 4
67 85 5
2 78 7
79 113 4
155 174 3
77 198 3
99 120 2
82 173 1
24 62 9
13 16 4
54 69 9
84 176 4
154 172 10
12 131 8
3 106 3
47 70 10
110 126 6
142 169 1
25 48 7
82 108 10
87 126 1
13 129 7
39 57 1
86 149 7
3 181 10
141 169 10
29 175 5
37 126 2
71 196 5
116 159 8
6 14 1
46 154 9
118 164 5
12 49 2
93 190 7
158 192 6
85 119 5
86 189 2
2 173 5
62 98 9
135 179 7
47 121 5
73 113 7
53 91 8
141 194 8
6 151 1
104 122 1
46 47 8
95 117 3
13 117 4
60 90 3
88 177 3
165 189 5
67 124 5
10 28 8
69 185 3
182 183 7
74 163 4
108 194 1
155 183 9
3 55 7
24 29 7
148 153 2
101 183 6
67 175 1
13 148 3
62 83 5
14 130 4
96 144 10
112 192 10
47 72 5
147 152 8
27 85 1
5 118 5
19 163 3
18 152 3
45 169 4
47 89 4
31 71 8
192 200 6
73 152 4
34 93 6
36 103 8
44 104 4
53 171 9
101 110 7
142 180 10
31 96 7
85 176 10
16 17 6
55 118 9
134 159 7
50 121 4
81 182 9
5 54 9
13 164 6
119 170 10
104 150 9
19 30 9
128 130 1
122 185 7
113 159 10
76 138 6
94 134 8
88 90 5
25 189 10
129 138 4
3 80 1
76 109 1
96 167 2
8 13 1
44 78 5
80 199 9
14 181 9
31 53 4
159 165 7
3 54 7
34 36 9
8 56 1
46 170 1
82 170 9
108 190 3
81 198 9
78 172 8
11 13 6
5 123 3
88 120 2
154 167 8
52 137 10
18 125 6
35 93 10
72 86 6
102 160 10
48 183 2
55 106 6
42 114 1
37 83 6
11 158 8
150 161 6
93 108 6
23 53 5
56 58 1
26 96 5
27 45 4
61 89 6
18 58 3
149 180 3
137 165 2
10 11 7
129 178 4
36 164 7
113 158 10
98 197 8
16 136 9
110 192 3
158 160 3
72 92 5
55 140 5
31 73 5
91 192 8
148 155 6
6 107 5
28 48 7
83 135 4
55 100 5
160 200 8
69 136 2
95 142 8
6 137 3
7 80 8
17 78 1
22 107 2
38 115 8
60 132 6
31 186 6
6 130 6
69 152 10
6 154 4
79 192 7
159 186 7
46 61 1
88 110 7
70 114 1
6 105 9
119 131 7
55 83 8
13 49 4
103 124 9
167 187 7
89 126 4
115 168 8
74 178 4
26 29 3
92 117 1
20 135 3
21 161 2
62 125 4
90 155 4
20 124 4
62 93 4
51 72 7
24 44 8
55 113 8
78 182 3
21 79 4
90 183 10
140 192 4
66 186 8
29 83 8
157 172 1
15 144 4
94 160 5
23 108 5
114 138 8
61 63 8
60 123 8
54 179 7
27 57 1
16 74 4
7 86 7
62 88 5
1 67 8
79 138 7
47 146 4
108 136 9
29 103 6
65 147 4
52 72 10
145 186 4
39 192 4
6 26 6
87 130 9
12 21 8
12 125 3
81 121 2
34 149 10
35 121 2
136 198 9
3 132 4
2 106 3
1 163 1
50 60 2
61 178 7
21 154 9
164 169 8
34 132 6
75 148 10
141 193 5
45 127 3
98 128 3
46 48 8
155 175 4
40 94 9
191 198 6
7 178 6
22 161 1
77 177 6
43 53 8
13 94 3
62 188 8
104 151 3
41 188 6
109 169 4
141 174 7
45 200 4
58 67 1
73 110 9
18 157 9
84 90 3
24 60 6
52 142 4
56 72 8
44 138 5
58 192 3
93 104 1
24 107 4
8 40 8
77 95 2
37 153 10
33 131 5
113 179 7
139 152 5
33 129 5
147 151 6
13 67 3
17 116 10
62 151 3
99 130 5
61 103 3
88 168 10
9 156 2
57 189 1
149 163 9
55 116 1
49 125 5
149 150 2
50 67 3
1 102 7
73 189 5
25 75 3
102 195 10
143 200 9
136 155 6
13 118 5
2 159 9
127 195 3
7 38 1
52 116 3
103 142 10
49 156 3
123 173 2
102 174 9
71 96 10
126 130 6
2 89 6
68 70 6
40 126 8
97 131 2
113 125 5
56 80 1
64 182 5
129 200 8
18 181 3
31 112 9
51 165 5
12 59 8
15 100 10
153 178 5
11 138 3
47 164 5
102 130 7
143 195 9
81 87 1
106 199 6
35 162 3
74 84 9
63 148 1
4 67 6
73 148 8
151 163 5
77 137 8
7 195 2
148 158 10
64 71 5
5 95 6
18 46 7
110 136 4
157 173 5
117 191 1
39 95 5
34 52 7
122 161 10
46 163 3
65 153 1
121 189 9
35 174 2
88 137 5
59 152 7
75 100 7
7 138 1
45 85 8
62 108 2
22 105 2
11 119 4
127 172 6
52 68 3
95 129 2
50 92 6
41 52 5
45 68 10
19 116 4
44 129 8
87 188 3
3 85 8
132 164 6
12 68 1
1 78 5
136 142 4
1 26 3
40 44 9
42 162 4
103 164 10
79 156 2
112 133 2
109 132 3
20 55 4
150 193 5
9 198 8
81 149 7
154 200 7
3 173 3
9 157 3
111 173 8
121 126 1
58 68 5
41 178 2
161 186 5
92 186 9
50 80 1
30 119 6
38 54 8
121 122 3
5 113 9
135 164 1
14 90 1
26 146 1
104 135 10
131 181 5
2 82 8
41 65 3
32 139 4
47 53 4
99 189 9
169 170 2
49 141 10
76 94 6
10 198 4
108 183 4
77 175 2
125 160 7
46 200 8
64 190 2
48 89 1
69 137 8
5 9 10
15 42 5
56 159 8
50 85 3
37 190 2
60 183 7
111 119 5
103 139 9
46 81 1
46 127 10
5 52 2
79 128 7
7 199 9
42 157 5
76 97 9
26 157 9
75 90 7
61 65 10
26 91 3
12 128 3
38 138 2
148 197 4
92 164 5
58 76 8
47 141 1
19 165 4
10 120 4
1 89 5
185 196 1
80 143 2
134 145 4
76 148 10
2 154 1
61 200 9
27 151 1
112 169 9
102 164 1
143 153 7
24 169 4
100 133 3
20 36 6
48 128 7
166 176 2
19 50 8
29 42 10
51 160 10
39 75 7
26 197 9
156 180 2
121 200 4
109 145 5
15 190 5
6 42 7
108 164 2
35 195 4
56 141 7
127 196 6
79 108 10
133 138 5
133 174 10
2 194 8
56 114 10
64 162 4
26 190 2
91 103 4
60 96 1
69 118 4
14 56 7
67 163 1
24 72 2
32 85 1
4 97 4
64 110 6
57 127 9
3 193 2
42 84 8
76 198 4
1 54 5
148 198 10
104 115 10
90 160 6
46 123 4
34 62 5
57 89 10
90 167 1
96 134 6
78 148 7
189 197 8
71 118 10
52 122 4
107 118 9
82 165 2
125 166 10
79 145 7
106 118 6
109 126 7
112 194 3
54 93 3
18 150 4
23 47 2
18 108 10
26 195 9
8 123 6
29 157 8
107 146 5
11 28 5
168 197 3
88 176 8
146 160 2
10 93 8
44 168 2
140 148 2
105 188 5
68 140 7
9 170 10
50 176 5
20 47 10
148 193 1
65 87 7
72 105 5
72 81 6
23 125 8
78 168 5
79 153 5
2 148 4
100 164 1
70 137 6
173 199 5
114 124 4
1 187 8
74 138 2
163 179 6
96 190 7
91 100 9
23 61 7
132 139 2
68 161 8
28 170 10
29 45 4
110 115 7
33 51 7
66 179 8
151 162 9
23 126 2
15 107 5
39 90 2
5 191 7
156 166 2
44 137 1
47 153 3
170 189 10
4 179 4
99 150 6
38 142 1
171 192 5
28 61 2
13 183 10
13 194 6
12 26 2
56 112 10
82 132 6
21 78 1
158 172 2
118 119 9
137 150 9
190 198 7
5 167 7
33 108 2
9 154 7
70 131 8
48 118 9
154 170 5
90 134 5
22 29 4
15 93 2
188 194 9
48 115 6
72 123 5
44 111 4
39 149 7
75 87 8
38 104 6
99 162 9
89 95 8
162 165 8
81 152 8
74 130 10
61 101 2
132 133 2
52 119 7
69 142 10
55 169 8
172 194 9
37 163 3
108 174 8
172 174 8
74 136 4
34 106 7
70 79 6
17 155 3
7 167 1
98 181 4
25 91 4
158 169 9
68 159 8
146 159 4
63 91 3
102 146 4
97 144 7
124 167 8
1 77 3
82 107 9
14 20 3
17 197 4
6 60 6
98 101 9
55 158 9
68 157 10
51 65 10
41 45 7
40 145 8
100 174 9
84 103 2
87 176 8
64 81 7
159 178 10
98 165 1
48 65 1
27 145 8
70 163 7
154 158 7
31 108 7
1 6 9
164 173 10
48 164 8
88 143 1
77 87 3
69 112 5
157 199 10
37 48 9
107 147 9
127 164 3
19 93 1
65 159 2
121 194 4
129 192 7
24 189 2
75 147 1
168 171 8
130 200 4
88 153 1
20 58 5
74 168 6
66 155 2
18 144 1
90 192 2
143 168 9
131 175 10
26 86 7
17 140 10
88 130 9
124 185 3
85 171 2
71 125 3
14 122 6
32 82 8
77 186 9
15 170 2
14 82 8
31 194 8
83 111 9
62 92 5
14 123 7
14 185 10
32 33 2
68 118 7
164 187 4
37 197 7
17 37 5
90 199 1
63 73 4
138 146 6
3 158 7
36 159 4
51 158 6
134 157 10
20 109 1
37 44 1
45 160 2
140 157 7
6 131 8
37 165 2
113 154 2
67 142 6
37 56 3
2 86 4
31 83 6
111 148 10
16 117 6
188 199 2
95 178 4
42 46 7
71 92 5
23 90 1
39 87 2
128 149 7
38 160 9
102 186 2
11 90 10
11 72 7
63 197 5
81 91 2
153 167 3
110 178 10
31 128 5
99 114 3
12 17 2
140 158 4
108 181 6
92 94 9
37 173 8
122 192 8
148 181 6
38 147 2
83 127 1
25 102 6
54 168 4
74 106 2
60 198 8
87 185 8
61 124 8
110 189 9
28 143 4
74 143 1
132 193 4
47 130 9
143 159 7
139 140 9
11 97 6
17 145 9
91 149 10
38 85 4
10 83 10
105 146 7
26 160 8
67 150 10
146 184 9
142 152 9
16 198 4
81 83 10
29 164 2
51 130 1
28 185 7
68 169 7
103 120 6
134 197 3
45 140 4
24 166 2
20 192 4
137 174 5
115 134 2
97 113 10
44 189 8
27 163 10
23 35 9
28 81 9
29 135 3
134 167 5
73 130 9
41 115 9
16 154 10
38 130 9
180 191 9
115 175 6
178 194 1
96 165 6
126 159 5
72 108 4
61 94 10
177 185 10
70 120 5
141 167 10
177 198 4
137 140 7
116 187 9
18 119 2
57 155 10
125 154 4
3 103 10
24 125 2
146 153 1
122 172 3
167 193 7
4 65 10
66 152 1
32 171 4
38 96 8
102 125 1
45 60 5
69 196 3
59 78 9
84 153 4
131 156 5
82 141 8
31 177 6
28 107 7
28 174 5
65 83 1
138 162 6
5 174 6
148 178 8
34 73 1
60 172 1
18 78 9
59 80 2
9 173 5
120 165 3
41 113 2
86 176 4
71 120 8
117 179 9
90 200 1
137 193 7
116 182 1
112 147 8
35 44 5
27 167 2
54 156 2
43 82 3
41 126 6
87 107 1
24 150 10
41 42 1
1 148 5
87 102 10
7 157 6
75 196 3
98 187 1
79 151 4
138 169 1
52 176 4
126 127 9
136 153 10
101 192 5
75 126 5
49 117 1
53 179 9
4 170 1
15 48 5
7 97 4
93 175 3
8 89 4
17 65 7
20 199 10
93 174 10
141 189 3
91 194 4
73 116 5
51 183 3
82 129 6
72 125 9
12 164 8
42 161 6
156 194 6
28 184 10
145 176 6
5 102 7
96 175 5
50 97 7
25 158 10
102 122 2
61 79 8
2 61 1
126 135 6
21 156 9
34 125 7
100 131 9
90 196 4
77 188 4
37 159 3
161 188 3
145 180 5
94 123 6
6 29 5
177 193 4
80 169 8
39 63 8
8 15 2
105 181 10
123 159 8
127 176 4
72 79 1
65 113 2
115 169 8
23 151 7
44 157 7
5 36 9
118 188 7
80 131 1
24 65 3
101 136 9
150 155 7
2 188 4
147 177 3
18 154 4
89 167 7
93 199 4
3 100 5
13 81 6
58 83 3
30 43 2
141 178 7
39 175 6
13 158 4
115 144 8
83 153 3
83 128 1
21 121 10
114 147 10
99 161 7
32 94 6
71 152 7
74 154 2
27 98 9
63 195 2
54 95 10
162 179 1
60 126 8
61 190 8
136 196 9
62 126 6
50 116 4
62 173 6
94 110 3
61 76 2
1 40 2
22 34 8
117 173 7
105 170 10
89 198 8
83 125 9
70 88 4
58 99 3
85 159 3
87 115 5
104 106 9
18 195 6
73 127 9
40 63 9
167 195 2
40 90 1
72 76 8
81 111 3
35 90 2
26 62 3
126 179 6
119 164 10
143 190 2
64 113 2
20 139 8
48 113 4
94 168 10
49 83 9
59 100 2
111 193 5
148 152 3
129 173 1
43 129 2
141 186 7
126 194 1
46 101 2
76 125 6
149 200 10
146 174 3
98 198 3
1 96 10
141 188 4
36 87 6
6 46 4
44 164 4
69 120 6
115 171 9
36 52 5
87 160 10
18 174 8
85 123 2
103 145 7
40 43 1
14 50 1
85 135 3
30 181 2
103 167 1
91 112 4
80 156 10
85 108 7
69 133 1
112 163 9
104 176 4
29 85 8
33 42 7
188 190 8
120 149 4
113 180 5
73 74 10
57 145 4
35 107 6
66 158 2
9 136 10
23 197 7
51 100 2
66 193 10
40 137 1
83 150 9
102 162 5
69 153 9
133 198 2
86 87 9
44 158 2
96 161 3
49 59 7
55 71 1
62 90 10
36 60 10
43 118 6
130 141 5
93 163 1
117 168 10
20 91 10
43 130 8
97 189 4
74 83 3
119 128 3
13 68 4
174 184 2
30 107 5
29 58 2
128 191 6
107 153 1
15 137 5
22 57 1
13 200 10
65 134 2
77 93 3
79 84 8
49 159 3
89 190 6
57 120 10
44 83 7
27 60 7
78 176 6
155 180 6
111 152 10
79 199 5
102 165 4
20 160 4
136 160 10
90 99 8
110 158 4
71 131 2
159 176 4
44 142 6
83 94 9
58 148 1
85 166 8
108 109 1
126 175 9
9 153 2
11 123 7
54 164 3
62 128 6
58 129 1
191 199 4
108 179 1
16 94 4
25 127 6
83 122 1
67 180 1
1 33 2
64 170 7
60 146 4
58 75 3
28 187 8
94 100 2
6 159 7
18 79 5
153 198 3
104 166 6
46 168 1
65 148 2
1 10 6
25 57 2
159 171 2
173 185 3
2 69 8
103 186 6
83 197 2
112 151 10
13 107 2
79 122 1
17 147 5
54 87 3
115 152 9
2 172 4
88 190 9
19 193 5
13 77 8
57 170 6
43 156 8
90 163 1
35 158 8
40 138 3
93 101 7
105 200 10
104 178 6
58 169 7
35 159 4
62 177 5
40 179 7
88 135 8
16 182 2
79 185 6
37 137 9
77 121 9
102 106 10
7 94 6
42 117 1
112 143 8
31 161 5
71 112 9
63 190 7
31 120 10
50 179 1
52 82 10
89 163 6
1 91 4
66 190 3
34 172 9
86 98 4
37 200 5
72 164 8
26 49 8
67 111 2
29 182 1
152 189 3
98 104 4
25 27 6
34 117 4
93 169 6
84 145 7
149 166 9
50 175 7
97 119 4
29 66 1
177 186 6
30 45 3
59 60 10
78 185 2
146 165 3
17 125 10
196 197 2
19 68 9
47 149 7
142 172 7
45 64 7
7 10 3
16 111 1
182 189 3
67 140 2
128 165 6
108 132 6
1 166 8
4 190 7
82 133 4
86 113 1
153 176 10
103 163 6
11 33 9
17 110 3
66 188 10
23 25 7
161 177 6
21 192 7
63 139 3
39 178 1
20 64 5
46 129 8
24 130 3
112 141 7
162 175 9
108 144 3
112 153 9
164 177 8
25 70 9
131 149 10
123 197 3
35 98 8
90 113 8
41 125 2
45 190 2
84 185 2
7 127 7
62 100 10
51 79 2
82 140 10
87 196 10
74 119 1
75 123 2
7 91 7
7 25 10
23 85 2
44 132 9
5 79 6
42 107 4
104 177 5
80 126 1
38 97 3
4 159 7
112 134 10
7 192 1
8 140 7
74 139 7
100 150 9
159 164 5
12 162 5
29 80 8
2 75 5
131 153 8
4 148 4
7 70 6
12 30 8
121 192 5
9 197 1
49 96 7
2 150 1
18 110 10
112 116 6
141 176 6
30 127 5
59 157 6
89 93 4
56 170 3
70 182 10
127 149 3
4 127 7
121 182 2
88 157 5
118 126 3
71 192 4
155 167 3
47 105 9
114 153 4
30 183 9
61 97 10
61 139 2
51 108 8
23 94 10
101 155 6
31 103 6
30 80 4
50 158 2
146 179 8
6 77 3
71 155 9
73 120 4
24 66 6
83 124 8
39 169 9
56 181 2
20 170 7
38 59 5
89 158 10
82 176 10
37 144 7
132 182 8
128 167 5
33 89 5
22 64 5
135 163 10
10 190 2
87 125 2
79 178 4
134 153 6
28 189 7
15 145 4
25 89 10
103 165 2
55 141 9
1 165 3
77 127 2
143 177 5
73 93 5
49 189 8
46 103 10
124 152 9
13 173 1
25 82 3
179 186 10
74 91 6
21 95 1
104 141 4
59 109 2
5 166 3
63 144 3
28 49 3
56 151 5
123 182 3
154 179 5
1 156 10
45 121 2
37 182 8
11 135 2
157 160 2
126 172 5
27 30 1
79 172 7
13 185 5
127 165 7
47 155 3
18 29 2
15 53 5
54 145 1
160 189 2
10 188 6
83 136 5
132 155 1
142 182 5
63 193 10
30 197 1
48 152 6
58 95 5
8 32 10
30 37 1
30 56 9
50 144 4
160 184 4
43 88 1
125 133 9
121 196 2
99 154 8
30 174 9
51 75 8
86 116 8
175 188 8
135 155 6
18 51 10
15 152 10
119 155 9
88 107 5
13 177 7
8 91 6
21 48 10
15 149 5
23 50 6
24 176 6
29 117 9
36 84 3
70 85 7
106 141 10
43 166 5
96 127 10
24 162 9
112 119 3
68 179 4
52 152 3
98 99 2
16 128 6
15 45 1
9 11 1
94 130 1
3 76 9
108 131 1
103 143 4
1 63 5
110 169 6
31 136 7
168 174 4
99 178 4
27 154 6
80 149 2
47 157 7
60 151 7
38 73 5
80 93 3
2 146 8
63 94 9
7 156 8
71 153 10
71 193 5
41 132 8
19 86 7
117 155 6
140 154 5
109 173 1
54 61 6
57 193 10
26 57 6
38 81 5
12 161 8
99 193 5
90 100 1
18 33 3
93 193 3
8 168 3
62 129 9
52 114 10
85 152 7
54 63 5
4 105 2
125 186 4
81 98 2
62 116 1
91 193 8
46 89 3
32 170 5
70 130 6
30 124 3
49 196 10
25 162 4
104 121 7
147 168 3
101 156 1
118 167 9
18 84 2
51 138 5
173 196 1
158 173 5
182 191 5
139 149 1
26 88 4
112 179 5
149 171 2
32 52 3
115 133 2
12 115 7
87 175 1
39 82 8
62 159 4
8 51 5
124 129 9
4 58 10
32 145 5
2 122 9
132 177 10
10 95 2
113 120 4
50 146 4
171 189 9
83 91 5
64 192 5
78 103 10
67 157 3
17 109 9
16 38 5
84 164 5
60 121 3
103 114 1
73 179 3
67 119 2
115 155 2
121 191 2
144 181 9
30 69 6
93 196 1
60 143 5
110 145 2
38 71 8
97 183 2
113 137 8
41 142 8
64 95 1
58 77 2
41 187 8
10 103 2
84 130 7
42 168 4
63 187 8
42 137 3
67 144 3
139 144 10
40 199 3
9 146 1
49 134 8
71 87 3
85 187 7
19 191 5
89 139 10
124 156 4
86 158 8
48 55 10
1 106 5
103 121 3
86 160 2
110 177 8
7 33 10
57 81 4
32 178 4
28 58 7
61 116 3
74 133 4
106 149 10
81 161 9
54 141 6
40 59 10
73 145 4
96 106 4
129 139 3
5 168 3
99 118 4
107 178 6
141 143 10
23 124 10
34 171 10
189 194 3
137 179 10
35 88 3
74 98 10
1 125 5
110 195 2
125 195 7
128 138 4
63 143 5
57 113 3
97 136 10
115 137 8
130 163 3
56 157 9
101 134 3
117 130 3
80 179 10
57 161 8
39 162 5
27 131 6
76 122 10
95 132 8
133 152 8
89 185 7
84 140 7
75 180 9
98 141 4
57 116 2
116 154 4
61 132 5
131 194 1
110 132 7
161 199 7
108 126 8
125 170 7
23 110 8
8 18 7
59 199 2
176 186 9
62 106 9
59 83 1
2 164 2
27 143 7
21 37 5
116 168 5
97 168 10
138 200 3
28 93 10
137 141 2
57 146 1
38 137 1
82 160 9
59 122 6
32 88 1
120 200 8
6 87 6
22 158 5
22 86 5
123 145 5
67 92 5
54 55 1
59 182 6
47 73 6
131 180 7
29 186 3
74 147 5
24 100 4
66 84 9
110 175 9
37 90 1
16 93 1
101 173 3
28 150 2
20 22 3
82 114 1
85 148 7
16 137 10
45 86 2
4 142 8
66 95 10
60 179 5
95 127 9
14 93 10
65 171 5
9 120 5
83 90 7
76 193 5
144 176 10
18 53 4
63 126 3
53 164 7
84 156 9
34 78 4
66 164 8
14 178 5
8 87 7
100 194 9
145 198 2
58 114 2
72 94 6
5 109 2
106 152 3
6 67 4
54 120 1
148 177 2
72 109 4
31 61 7
6 56 4
133 142 6
120 143 1
149 183 6
10 48 3
86 172 9
86 175 9
72 183 10
54 154 1
110 183 1
144 170 1
20 72 1
4 9 6
3 15 5
132 134 4
53 132 3
25 142 2
7 162 5
21 88 8
76 79 10
11 62 1
25 86 4
119 183 2
31 82 1
16 155 7
135 156 10
33 190 9
24 174 3
46 180 2
9 41 6
101 104 3
132 147 7
73 106 1
71 188 4
96 193 2
19 138 2
192 199 2
39 108 10
105 154 7
29 176 10
93 198 9
18 27 6
134 144 4
15 151 5
113 145 4
61 150 4
62 77 10
5 164 8
143 187 5
40 104 9
163 188 2
19 113 4
146 185 1
86 130 9
159 187 6
8 70 7
23 174 7
127 152 9
116 126 4
54 171 4
2 162 7
155 184 8
101 172 8
14 63 9
147 180 8
56 189 3
76 104 3
65 172 2
146 161 6
152 176 8
9 190 5
82 135 6
132 136 5
9 39 6
124 127 8
43 126 9
35 197 10
166 183 9
104 191 3
32 134 7
122 195 7
93 147 10
92 140 3
131 199 8
142 192 1
49 175 7
175 191 10
61 69 7
5 194 7
83 151 2
132 158 4
170 194 6
36 193 2
56 138 8
18 163 1
82 156 9
39 109 10
156 159 10
59 147 4
31 56 5
20 54 5
119 175 7
24 26 5
13 43 8
13 15 1
119 172 1
60 107 7
77 123 2
25 97 9
45 156 8
150 183 4
64 85 9
95 166 6
50 126 8
156 184 8
3 150 6
81 140 10
92 195 10
38 168 6
41 73 5
154 181 1
40 103 5
90 103 10
14 47 2
101 115 3
105 161 4
62 74 7
139 143 5
10 76 6
48 166 4
62 140 6
101 144 8
66 194 5
25 45 1
156 162 7
72 177 10
29 39 8
17 177 10
38 82 8
29 183 9
166 196 10
89 115 9
49 126 1
41 190 5
60 92 8
65 79 9
164 176 9
15 65 2
26 61 5
6 62 3
56 85 6
100 162 7
36 198 2
49 58 6
10 128 3
76 102 10
51 142 9
135 172 8
92 134 6
121 127 7
40 175 6
79 179 2
27 149 9
115 126 5
62 187 2
41 177 9
59 103 1
66 178 1
17 176 1
1 100 8
66 134 1
42 153 7
26 111 7
33 58 6
98 192 1
43 157 1
152 174 4
21 200 6
16 62 1
115 124 8
5 83 4
94 102 3
62 157 4
112 127 7
18 200 6
39 170 5
17 89 4
102 143 2
155 176 1
9 142 6
10 146 4
2 12 10
2 165 5
25 134 3
61 144 5
167 185 3
51 149 9
71 162 10
107 180 9
167 171 1
125 142 5
33 95 7
21 150 6
126 182 1
91 148 7
116 180 8
87 93 7
3 20 5
65 128 1
19 31 7
36 134 8
71 114 4
116 199 3
46 120 6
59 145 6
22 197 5
67 129 1
69 95 4
62 91 6
53 75 6
16 65 9
145 172 10
39 50 9
68 187 10
108 197 8
53 109 5
52 190 8
38 95 10
89 98 10
8 160 4
8 186 6
10 36 9
48 53 1
18 22 7
107 109 6
59 79 7
128 176 3
105 163 4
27 71 6
119 140 3
71 140 5
5 68 5
64 132 7
103 196 3
64 114 1
107 156 10
78 183 8
56 118 1
37 196 1
2 103 9
166 178 2
29 98 1
172 175 10
51 153 8
119 143 5
130 174 2
170 171 2
94 157 2
119 200 3
20 74 5
163 174 9
6 115 5
102 179 8
47 186 9
73 194 8
50 112 2
14 72 2
27 178 4
3 66 1
38 171 4
115 186 7
85 118 10
31 64 9
112 175 4
31 162 2
103 177 4
33 34 6
34 71 8
32 56 3
73 98 9
126 200 10
6 40 7
52 104 1
38 113 8
47 108 4
65 189 3
4 187 5
17 164 8
5 85 2
110 114 3
12 65 1
47 180 5
49 105 8
35 68 7
32 180 6
80 129 10
100 166 1
5 187 4
74 120 6
13 140 5
25 188 3
11 194 8
153 164 5
32 117 5
38 163 4
6 17 2
79 129 8
45 83 10
176 196 3
143 145 6
12 144 3
126 139 5
79 133 5
56 140 8
11 55 8
27 34 5
74 127 2
128 187 9
107 154 2
57 96 7
14 110 9
46 151 4
107 112 9
38 61 8
12 64 7
117 143 1
87 155 4
9 24 10
39 163 4
152 162 7
33 111 8
113 141 5
74 118 3
101 121 5
2 37 10
104 142 6
148 165 5
4 56 10
63 149 5
62 170 10
137 186 4
32 149 9
38 64 1
76 200 9
11 171 4
62 136 9
25 87 2
138 161 6
72 90 3
103 181 3
135 153 6
39 65 8
71 159 8
83 114 7
29 145 5
95 152 6
55 101 2
75 173 2
15 196 1
45 168 5
161 189 9
121 137 5
19 43 5
30 152 4
113 148 10
3 18 7
6 135 5
95 109 8
185 190 7
43 85 8
119 150 4
126 166 3
85 109 5
183 193 10
135 195 1
86 115 3
107 186 4
23 144 4
93 152 6
74 121 8
15 79 2
64 129 1
6 18 7
161 193 7
161 180 6
115 160 6
117 165 5
162 198 7
14 89 10
41 152 8
29 180 4
21 134 8
70 134 6
35 102 4
166 168 6
133 178 4
139 191 5
5 198 7
45 79 2
14 200 9
24 49 5
24 37 4
45 142 1
110 173 3
132 186 5
171 182 9
17 26 6
91 153 8
193 194 4
30 159 5
86 157 10
162 163 3
15 60 9
24 141 8
30 178 1
182 190 5
117 183 7
110 176 5
120 130 10
58 85 10
84 167 8
9 47 8
46 159 10
4 113 3
125 187 2
129 152 8
72 190 8
96 126 5
31 32 3
59 151 6
60 100 7
133 153 7
11 145 5
67 149 2
17 189 6
104 174 1
130 189 6
34 134 1
120 159 2
97 191 2
23 133 6
29 86 3
80 160 6
101 162 2
78 122 2
135 176 1
59 165 5
120 141 10
63 191 1
21 108 4
23 79 10
28 94 2
2 73 7
43 164 6
71 180 7
105 120 9
38 53 5
71 93 5
94 97 3
13 190 9
78 112 7
10 62 1
19 33 4
64 128 9
81 97 1
78 177 1
190 191 4
53 177 8
98 170 10
105 139 3
128 139 9
38 48 4
8 131 6
64 125 3
89 176 4
74 160 9
39 161 8
106 176 3
99 191 8
75 181 10
103 170 5
111 143 1
124 172 3
70 122 4
91 178 5
13 48 3
178 196 9
100 200 7
69 190 9
70 105 2
62 131 1
60 78 2
15 77 6
109 177 8
23 196 8
95 189 8
18 81 4
99 121 4
118 138 2
48 51 3
101 161 6
49 70 10
95 134 9
32 198 9
27 125 1
77 176 1
17 196 6
37 125 8
37 65 9
66 187 1
128 137 6
39 110 3
71 77 5
44 195 10
40 167 8
163 187 2
13 60 2
57 88 6
12 75 9
132 151 4
60 140 9
64 176 3
55 75 3
3 190 10
73 169 1
39 145 5
11 154 1
87 150 5
51 107 7
43 169 2
61 173 3
95 133 5
146 193 2
39 164 4
61 119 5
22 101 4
87 153 9
93 183 4
8 142 2
18 26 9
6 50 1
10 121 9
81 114 5
29 53 5
50 68 9
4 66 4
1 16 1
44 171 9
5 56 9
185 194 10
70 187 2
114 191 8
9 185 7
146 180 6
30 131 6
21 64 5
5 42 3
40 163 1
35 147 7
153 161 9
62 70 9
129 130 3
52 112 5
18 132 4
127 179 4
40 111 8
123 166 8
48 188 4
39 143 8
1 98 4
14 188 6
9 179 10
64 154 2
1 52 2
106 156 8
99 155 6
123 176 1
107 137 5
88 195 8
71 94 10
166 173 9
45 180 3
37 132 3
103 180 7
26 54 6
11 156 1
88 121 5
40 150 3
36 167 2
88 138 6
76 92 7
21 184 5
36 111 4
179 195 7
37 198 9
52 81 3
69 85 4
38 194 7
20 95 3
5 60 6
86 188 4
38 89 6
55 180 3
36 39 6
23 91 10
143 199 10
74 115 6
44 147 4
53 139 2
68 151 2
133 188 7
42 144 1
58 101 3
46 167 7
127 173 8
132 148 7
27 39 2
82 92 1
102 149 5
63 118 2
129 157 10
40 79 3
55 134 4
85 186 7
6 89 6
19 46 7
20 183 9
26 167 9
21 77 2
63 71 5
33 145 4
39 142 8
142 187 2
166 189 9
48 105 1
137 191 5
70 145 6
2 36 9
9 165 1
109 138 5
127 131 5
21 164 8
18 25 5
168 170 2
83 160 10
108 119 9
78 161 10
20 195 4
73 190 7
105 129 10
33 80 2
50 105 1
18 107 3
73 99 1
83 119 9
80 176 2
34 190 4
11 148 3
127 142 2
41 140 5
32 128 4
6 126 7
96 145 4
140 189 2
41 159 2
60 122 7
79 188 4
59 149 6
11 71 10
24 196 8
63 150 2
54 187 10
124 178 3
39 107 10
27 108 5
68 137 2
93 121 3
5 49 9
120 175 7
153 188 7
88 111 10
98 159 2
4 74 9
37 91 5
34 105 10
126 192 5
78 124 10
118 199 2
102 157 5
173 184 10
104 197 10
70 138 8
5 179 2
99 103 9
156 160 4
62 180 5
4 71 1
7 170 6
88 145 10
163 169 7
22 175 4
65 94 2
70 183 10
101 159 9
7 59 5
31 75 5
43 173 9
157 178 7
37 178 3
40 148 7
51 192 7
24 191 5
27 195 7
9 67 5
30 145 3
108 154 1
111 141 3
51 125 10
66 151 7
142 197 9
149 196 1
92 106 7
4 6 1
91 185 7
62 71 7
1 24 1
20 30 3
163 190 3
151 189 7
22 115 8
16 112 1
92 150 1
10 58 10
72 142 3
147 194 6
88 166 9
61 196 4
73 131 3
46 134 4
36 156 9
23 150 8
47 50 4
48 193 6
49 82 2
161 169 2
34 178 2
119 194 10
24 178 9
51 189 9
5 26 4
50 55 7
55 174 3
54 148 8
8 55 4
147 161 8
29 112 3
40 88 7
68 129 8
60 197 9
37 131 2
111 145 10
90 116 9
5 48 9
110 155 2
64 136 2
3 12 1
48 168 8
24 182 10
114 116 5
54 146 3
150 165 2
60 101 7
150 184 10
98 134 4
87 94 2
15 87 3
111 136 4
33 179 4
167 172 1
3 189 5
28 195 2
62 112 10
26 140 2
61 104 2
177 181 10
67 75 10
130 154 5
88 178 10
113 173 8
145 156 2
61 73 9
11 197 7
5 134 3
119 176 4
138 165 2
98 195 9
8 103 5
45 136 9
14 121 3
16 197 10
127 169 4
85 139 5
61 186 5
33 150 7
172 178 2
3 63 2
30 168 9
33 198 8
16 139 8
177 190 8
37 71 10
106 138 1
19 122 6
82 159 5
181 196 10
122 163 6
25 192 4
67 98 2
198 200 5
8 144 6
162 181 1
131 190 7
143 171 10
64 66 2
84 151 3
33 144 9
66 180 8
120 169 10
148 167 4
137 167 4
83 155 8
3 43 1
88 98 2
169 198 8
54 104 10
59 186 9
15 111 10
43 144 6
116 152 1
95 183 6
81 196 1
48 122 3
110 121 6
35 46 2
63 162 7
122 176 3
57 95 2
15 200 5
22 180 6
124 146 3
51 185 4
113 138 6
29 162 2
33 176 1
24 190 10
139 157 5
164 200 9
63 174 4
78 159 4
4 162 2
29 158 6
96 197 3
97 104 9
125 197 9
99 186 8
39 200 2
108 161 3
56 152 10
119 168 9
17 187 10
27 54 10
75 116 1
22 139 6
108 121 10
13 136 5
107 193 7
77 134 8
45 103 1
8 155 9
13 97 10
31 69 3
128 177 6
128 155 9
65 174 10
90 175 9
74 90 8
92 99 1
109 178 10
7 188 8
58 175 8
81 150 5
14 174 6
97 100 10
72 89 4
22 124 3
70 82 9
11 137 2
48 74 2
33 161 10
63 128 1
177 182 8
15 171 1
31 54 3
8 60 10
17 35 1
47 87 1
133 199 9
66 127 6
21 170 8
35 71 7
33 199 8
10 94 8
