19 18 758 88 17 10
59 67 43 65 25 50 67 15 53 106 108 23 52 38 17 52 47 90 54
104 98 82 15 91 75 107 19 40 74 72 80 22 104 62 65 60 46 30
9 87 54 23 75 12 44 94 93 70 16 41 57 84 45 55 32 46 99
48 57 106 23 17 7 73 22 100 110 14 66 10 75 39 107 38 87 43
71 44 106 69 98 83 65 72 108 90 5 10 77 45 49 54 51 93 97
76 98 31 96 24 77 85 27 18 27 21 6 29 99 94 89 26 58 49
89 14 26 14 34 65 47 73 26 17 23 44 39 7 100 97 7 43 54
75 29 110 2 26 76 88 25 12 91 52 47 43 28 33 83 39 85 57
39 6 17 52 97 84 13 86 52 32 4 41 86 74 105 26 78 12 83
22 14 40 82 52 8 8 87 46 57 88 96 9 57 82 21 76 69 11
13 35 27 44 20 41 62 17 92 37 73 59 79 30 96 5 92 12 22
3 30 18 13 65 107 4 32 36 2 87 22 3 58 95 48 95 49 89
3 67 56 15 86 16 26 2 16 40 110 77 92 42 98 82 28 79 63
62 82 20 14 67 106 93 104 41 74 1 94 10 71 108 31 28 80 52
27 37 34 68 63 53 53 82 80 5 19 87 68 101 50 12 86 21 80
4 20 23 63 43 16 97 10 63 94 83 30 82 10 62 31 41 72 28
20 36 87 44 46 74 93 73 61 20 110 98 75 75 62 21 31 88 62
80 9 75 49 75 60 85 76 25 44 108 47 37 95 63 55 49 90 75
