20 18 941 98 2 2
115 51 51 142 8 11 53 54 109 117 34 115 55 36 74 42 141 104 21 133
113 100 4 138 22 32 99 39 70 90 161 152 78 128 163 100 41 135 72 92
78 135 97 38 31 23 6 144 71 85 103 127 46 23 58 10 78 52 103 58
146 125 157 123 44 92 85 143 143 65 32 112 144 159 58 136 53 5 73 90
63 14 11 150 24 46 94 53 164 85 117 164 130 17 59 5 26 5 23 73
159 57 114 142 113 65 88 147 42 139 114 24 9 23 99 54 84 71 25 147
26 135 158 84 153 41 55 151 152 29 52 6 49 55 70 80 121 66 38 15
35 108 95 87 112 126 89 104 39 147 50 56 121 86 36 153 92 121 102 27
43 33 33 151 128 119 22 12 88 129 157 52 28 102 50 122 55 94 91 33
102 12 101 156 25 132 147 152 36 86 67 99 39 124 103 128 103 102 33 19
38 45 84 139 101 24 48 150 7 143 89 22 106 1 32 141 95 14 7 52
102 142 160 74 13 82 163 160 42 73 12 157 48 90 90 36 30 60 138 129
100 137 45 138 61 159 26 11 66 142 119 149 155 108 22 51 12 37 104 149
71 163 150 157 158 70 103 22 52 150 74 61 161 53 34 160 151 133 138 107
131 45 118 6 83 105 66 27 160 70 104 87 37 9 58 123 81 110 164 83
37 17 163 97 91 147 129 53 36 60 161 158 142 14 42 54 67 39 101 77
117 88 107 61 141 154 134 7 46 122 160 165 29 115 66 105 158 10 145 82
23 57 115 23 153 73 123 165 159 65 92 119 44 148 77 162 31 107 129 26
