20 20 465 87 2 8
367 403 377 234 51 831 735 457 176 688 824 568 413 31 801 218 505 501 892 310
365 799 611 712 254 876 64 582 88 282 765 526 331 652 313 61 979 502 236 973
844 665 430 697 647 126 335 611 857 311 161 413 167 446 264 637 211 755 329 258
240 984 185 534 652 462 30 616 974 18 650 541 924 865 849 27 645 472 170 828
18 317 248 764 312 834 345 203 115 196 709 585 236 710 484 565 720 21 684 862
430 182 679 171 402 904 468 859 319 459 115 549 623 292 796 686 549 446 440 976
99 658 608 370 971 802 856 895 301 70 722 937 851 501 179 570 289 497 230 13
199 669 156 591 275 673 250 669 403 774 956 322 540 523 54 360 867 789 893 137
298 91 871 439 319 776 539 281 108 966 246 292 836 11 281 71 297 191 845 172
764 902 246 274 3 405 654 58 84 137 187 481 452 476 280 51 441 295 585 580
587 79 112 907 211 258 202 622 89 607 821 392 770 764 926 812 529 364 63 896
21 565 270 180 189 549 642 553 220 688 768 758 23 547 925 182 28 7 816 81
944 623 363 387 229 107 243 584 407 804 230 873 715 623 848 450 157 885 268 386
465 740 673 721 554 285 39 706 303 897 307 63 476 56 668 949 488 592 511 673
291 475 318 852 849 129 187 168 387 712 709 920 275 573 920 358 255 244 36 971
529 921 934 206 320 969 57 408 260 940 617 854 512 8 114 440 397 53 215 989
651 264 124 493 401 325 395 383 960 687 382 772 803 346 662 544 17 65 444 235
124 185 395 724 339 401 680 341 16 295 451 213 820 954 321 839 502 169 308 156
508 654 290 287 81 722 45 711 502 887 553 829 252 584 463 985 264 741 537 955
210 2 218 589 360 953 859 829 851 618 87 553 110 736 847 14 923 509 161 612
