33 32 31 32 33 X 31 32 33 X X X 21 20 19 4 3 2 3
32 31 30 X X X 30 X 34 35 X 21 20 19 18 17 2 1 2
33 32 29 28 27 28 29 30 X X X 20 X 18 19 16 17 0 3
30 29 28 27 26 27 X X 22 X X 19 18 17 18 15 16 X 4
X 28 27 26 25 X 23 X 21 20 19 18 17 16 15 14 X 6 5
28 27 26 25 24 23 22 21 20 19 X 17 18 15 14 13 8 7 6
29 28 27 26 27 22 21 20 19 18 17 16 15 14 13 12 9 8 7
X 29 28 27 24 23 22 21 20 19 18 17 16 15 14 11 10 11 8
29 28 27 26 25 24 23 22 21 20 19 18 17 16 15 12 11 10 9
30 29 28 27 26 25 24 23 24 21 20 19 18 17 16 X X 11 14
31 30 29 28 27 26 25 24 25 X 21 20 19 20 15 14 13 12 13
32 31 30 X 28 27 26 25 26 25 24 19 18 17 16 15 14 19 14
33 32 33 30 29 28 27 26 25 24 23 20 19 18 17 16 17 18 15
34 33 34 35 30 29 28 27 24 23 22 21 20 19 18 17 18 17 16
X 34 35 36 X X 27 26 25 24 23 24 21 20 19 18 19 18 17
38 37 36 X X X 28 27 26 25 24 23 22 X 20 21 20 19 X
39 38 X X X 30 29 28 27 26 25 X X 22 21 22 X X X
X 39 40 41 42 45 46 29 28 29 26 X 24 23 22 23 X X X
X 40 41 42 43 44 45 30 29 30 31 32 X 24 25 24 25 26 X
