0 39 40 79 80 119 120 159 160 199 200 239 240 279 280 319 320 359 360 399
1 38 41 78 81 118 121 158 161 198 201 238 241 278 281 318 321 358 361 398
2 37 42 77 82 117 122 157 162 197 202 237 242 277 282 317 322 357 362 397
3 36 43 76 83 116 123 156 163 196 203 236 243 276 283 316 323 356 363 396
4 35 44 75 84 115 124 155 164 195 204 235 244 275 284 315 324 355 364 395
5 34 45 74 85 114 125 154 165 194 205 234 245 274 285 314 325 354 365 394
6 33 46 73 86 113 126 153 166 193 206 233 246 273 286 313 326 353 366 393
7 32 47 72 87 112 127 152 167 192 207 232 247 272 287 312 327 352 367 392
8 31 48 71 88 111 128 151 168 191 208 231 248 271 288 311 328 351 368 391
9 30 49 70 89 110 129 150 169 190 209 230 249 270 289 310 329 350 369 390
10 29 50 69 90 109 130 149 170 189 210 229 250 269 290 309 330 349 370 389
11 28 51 68 91 108 131 148 171 188 211 228 251 268 291 308 331 348 371 388
12 27 52 67 92 107 132 147 172 187 212 227 252 267 292 307 332 347 372 387
13 26 53 66 93 106 133 146 173 186 213 226 253 266 293 306 333 346 373 386
14 25 54 65 94 105 134 145 174 185 214 225 254 265 294 305 334 345 374 385
15 24 55 64 95 104 135 144 175 184 215 224 255 264 295 304 335 344 375 384
16 23 56 63 96 103 136 143 176 183 216 223 256 263 296 303 336 343 376 383
17 22 57 62 97 102 137 142 177 182 217 222 257 262 297 302 337 342 377 382
18 21 58 61 98 101 138 141 178 181 218 221 258 261 298 301 338 341 378 381
19 20 59 60 99 100 139 140 179 180 219 220 259 260 299 300 339 340 379 380
