20 19 558 80 18 17
254 160 308 157 238 189 287 162 301 251 296 302 287 215 67 274 32 319 34 103
187 63 271 172 292 207 134 19 252 256 267 106 75 319 268 277 73 114 263 282
152 234 122 53 260 82 286 235 216 36 276 146 311 70 53 171 269 143 251 88
282 178 234 69 268 81 163 274 134 23 228 164 298 111 126 94 9 11 219 88
18 108 83 81 153 71 252 33 105 90 231 3 285 167 13 283 99 47 202 302
188 313 296 161 247 192 84 62 145 303 275 213 30 306 330 67 210 230 69 6
185 194 62 241 190 37 262 78 116 112 258 188 231 193 224 102 96 76 137 175
200 209 27 185 124 217 100 286 283 188 83 6 190 72 308 175 288 12 123 304
165 176 177 12 63 288 313 71 292 174 244 169 320 260 304 184 1 246 50 135
187 77 27 307 298 9 311 266 289 44 116 301 4 185 18 211 61 28 249 48
228 97 330 70 209 27 238 93 303 125 281 285 167 111 122 98 123 28 196 56
283 87 96 67 173 238 179 313 20 91 248 115 18 287 124 97 137 249 27 319
148 46 211 78 225 158 243 56 177 36 269 46 287 276 306 234 21 166 251 137
143 303 257 270 139 275 156 106 106 302 181 72 2 180 27 296 99 12 150 308
94 42 237 164 155 141 151 117 211 169 35 147 37 95 57 23 184 203 91 3
38 269 177 247 35 195 252 15 89 106 326 307 199 51 301 161 265 302 307 241
201 171 123 195 200 44 231 195 169 148 220 323 123 46 195 307 1 258 180 73
28 110 193 104 229 250 90 280 198 287 57 168 208 191 21 327 81 152 96 180
101 84 54 125 285 38 147 80 42 230 274 264 222 70 241 237 312 106 187 13
