20 20 1000 1000 10 10
0 50 100 150 200 250 300 350 400 450 500 450 400 350 300 250 200 150 100 50
50 100 150 200 250 300 350 400 450 500 550 500 450 400 350 300 250 200 150 100
100 150 200 250 300 350 400 450 500 550 600 550 500 450 400 350 300 250 200 150
150 200 250 300 350 400 450 500 550 600 650 600 550 500 450 400 350 300 250 200
200 250 300 350 400 450 500 550 600 650 700 650 600 550 500 450 400 350 300 250
250 300 350 400 450 500 550 600 650 700 750 700 650 600 550 500 450 400 350 300
300 350 400 450 500 550 600 650 700 750 800 750 700 650 600 550 500 450 400 350
350 400 450 500 550 600 650 700 750 800 850 800 750 700 650 600 550 500 450 400
400 450 500 550 600 650 700 750 800 850 900 850 800 750 700 650 600 550 500 450
450 500 550 600 650 700 750 800 850 900 950 900 850 800 750 700 650 600 550 500
500 550 600 650 700 750 800 850 900 950 1000 950 900 850 800 750 700 650 600 550
450 500 550 600 650 700 750 800 850 900 950 900 850 800 750 700 650 600 550 500
400 450 500 550 600 650 700 750 800 850 900 850 800 750 700 650 600 550 500 450
350 400 450 500 550 600 650 700 750 800 850 800 750 700 650 600 550 500 450 400
300 350 400 450 500 550 600 650 700 750 800 750 700 650 600 550 500 450 400 350
250 300 350 400 450 500 550 600 650 700 750 700 650 600 550 500 450 400 350 300
200 250 300 350 400 450 500 550 600 650 700 650 600 550 500 450 400 350 300 250
150 200 250 300 350 400 450 500 550 600 650 600 550 500 450 400 350 300 250 200
100 150 200 250 300 350 400 450 500 550 600 550 500 450 400 350 300 250 200 150
50 100 150 200 250 300 350 400 450 500 550 500 450 400 350 300 250 200 150 100
