19 18 448 79 16 15
70 339 85 152 75 182 82 233 409 284 452 460 572 70 256 215 29 599 533
557 300 548 221 501 38 348 550 131 211 69 399 208 77 531 225 405 205 151
549 304 415 586 259 502 27 305 8 582 373 313 179 538 474 412 7 187 28
336 406 274 288 375 292 205 16 361 514 153 68 569 438 192 202 62 463 499
61 583 98 248 254 176 479 497 603 399 201 216 13 148 350 95 572 178 334
369 295 206 266 8 444 414 455 160 448 50 64 93 60 262 557 551 23 340
138 321 196 286 100 75 497 576 263 212 100 473 18 349 9 117 128 440 529
173 580 366 584 437 240 266 558 96 245 276 96 591 194 275 598 52 333 70
460 401 94 242 97 364 596 547 471 301 409 10 441 559 88 158 104 351 354
359 288 81 238 348 522 285 31 423 130 602 143 350 56 562 58 146 512 473
554 242 154 276 247 581 253 564 142 510 101 169 545 495 472 561 36 81 440
259 284 570 159 314 489 65 574 261 466 45 416 245 113 271 513 515 234 423
381 257 61 473 103 435 411 485 219 345 242 391 383 217 17 524 6 113 580
523 169 520 553 110 320 239 524 11 469 63 358 534 496 420 84 248 267 204
122 94 377 499 454 340 475 77 253 127 591 297 489 543 407 306 534 477 67
449 579 185 113 476 454 362 31 119 253 258 367 439 565 218 308 527 220 70
569 389 74 48 461 569 394 189 213 380 55 526 390 434 116 118 273 460 124
104 354 464 437 186 80 321 300 369 53 601 298 70 524 462 549 159 353 296
