4 4 3 3 X X 6 6 9 8 8 9 10 11 X X X X X X
4 3 2 2 X X X 5 6 7 8 X 11 11 X X X X X X
5 4 5 1 2 2 3 4 5 8 7 X 11 X 16 15 X X X X
5 5 6 0 1 2 6 5 5 6 7 X 10 10 X 14 14 15 16 X
X 6 7 7 8 3 4 5 6 7 7 8 9 10 11 X 13 14 15 16
13 X X 8 9 6 5 5 6 X 8 9 9 10 11 12 12 16 15 17
12 11 10 9 10 11 6 6 6 X 9 10 X 11 12 13 13 15 16 17
X 11 11 10 11 11 12 7 7 8 X X 13 13 13 13 14 15 16 17
13 12 12 11 11 X 13 13 14 15 16 15 14 14 14 14 14 15 16 17
13 13 13 12 12 X 13 14 14 15 17 18 15 15 15 14 14 15 17 17
17 14 14 13 13 14 20 21 15 16 18 18 19 15 21 21 15 18 18 17
16 15 15 15 20 19 19 20 16 19 19 19 20 16 20 17 16 19 19 18
16 16 X 16 17 18 19 21 21 20 20 20 20 20 19 18 19 20 19 20
37 36 18 17 33 19 19 20 21 21 21 22 23 20 20 19 20 20 21 22
35 35 34 33 32 31 30 21 22 22 22 23 24 21 20 20 20 21 21 22
36 35 34 32 31 30 30 29 23 23 23 23 24 21 21 22 21 22 22 22
37 36 35 31 31 30 29 28 27 28 24 25 25 X 22 22 23 23 23 24
37 36 36 32 31 X 28 27 26 25 25 26 26 27 22 23 24 24 24 24
