19 20 297 63 19 14
366 156 246 34 395 292 363 382 278 103 359 197 407 146 216 307 285 439 158
38 162 183 265 361 181 420 346 259 391 331 219 439 34 268 214 109 283 112
152 102 317 210 173 36 143 8 392 183 370 247 361 94 267 252 145 417 341
97 248 160 249 257 208 116 255 147 140 383 213 189 190 327 160 216 318 120
228 416 77 104 389 284 182 160 211 12 65 279 103 103 97 149 261 427 346
407 235 118 313 341 88 407 182 381 45 427 209 417 420 165 247 314 81 96
72 73 151 229 303 331 146 333 123 395 216 236 70 288 388 380 77 261 400
434 279 84 383 304 370 130 83 112 435 139 47 421 380 274 398 349 294 42
81 374 81 222 75 108 96 260 98 234 65 231 364 26 373 62 305 174 36
150 90 136 293 421 80 83 19 50 427 408 50 80 348 93 160 151 83 426
32 393 79 411 107 98 47 158 59 4 93 116 194 191 130 263 123 50 39
359 117 31 308 150 402 427 156 245 192 400 187 339 434 204 252 66 66 323
166 57 288 153 112 89 353 138 4 267 438 370 276 333 305 67 334 166 163
168 420 191 306 195 328 27 223 232 374 271 17 410 425 85 109 8 278 413
84 289 96 393 125 186 253 51 223 386 49 434 166 212 240 205 15 439 31
295 354 418 391 388 353 406 113 299 65 292 197 278 108 349 68 380 212 440
71 51 70 289 341 214 391 394 308 357 4 360 187 305 255 67 32 276 45
311 317 138 427 403 369 368 41 374 383 178 157 267 235 13 129 274 435 356
44 98 187 329 438 90 366 340 152 424 51 378 105 82 80 360 85 97 125
237 144 416 433 437 135 161 284 8 243 196 413 303 281 123 58 109 155 401
