20 20 1000 1 6 12
1 1 1 1 1 1 1 1 1 1 1000 1000 1000 1000 1000 1000 1000 1 1000 1000
1 1 1 1000 1000 1000 1 1 1000 1 1000 1000 1 1 1 1000 1000 1 1000 1
1 1 1000 1000 1000 1000 1 1000 1000 1000 1 1000 1000 1 1000 1000 1 1 1 1000
1 1 1 1000 1000 1 1000 1 1 1000 1000 1 1 1 1000 1000 1 1000 1000 1000
1000 1000 1000 1000 1000 1000 1 1 1 1000 1 1 1000 1000 1000 1000 1000 1000 1000 1
1 1 1 1 1 1 1 1000 1000 1000 1000 1 1 1000 1 1000 1000 1 1000 1000
1 1 1 1000 1000 1 1000 1000 1 1000 1 1 1000 1000 1 1000 1000 1 1 1000
1 1 1000 1 1 1 1 1000 1 1000 1000 1 1 1 1 1 1000 1 1 1
1000 1 1 1 1000 1 1 1000 1 1000 1000 1000 1000 1000 1 1000 1 1000 1000 1
1000 1000 1 1 1000 1 1000 1000 1000 1000 1000 1000 1000 1 1 1000 1000 1 1 1
1000 1000 1000 1000 1 1000 1000 1000 1 1 1 1000 1000 1000 1000 1000 1000 1000 1 1000
1 1000 1 1 1000 1000 1 1 1000 1 1000 1 1 1 1000 1000 1 1000 1 1
1000 1000 1 1 1000 1000 1 1 1 1 1 1000 1000 1 1000 1 1000 1 1 1000
1 1000 1000 1 1 1000 1000 1 1 1000 1 1 1000 1 1 1000 1 1000 1000 1000
1 1 1 1000 1000 1000 1 1 1 1000 1000 1000 1000 1000 1 1000 1 1000 1000 1
1000 1 1000 1000 1000 1 1000 1 1 1000 1000 1 1 1000 1000 1 1 1000 1 1000
1 1 1 1 1 1000 1000 1 1 1000 1 1000 1000 1 1000 1 1000 1 1 1000
1000 1 1000 1000 1 1000 1000 1 1000 1000 1 1 1 1 1000 1000 1000 1000 1000 1
1000 1 1 1000 1 1 1000 1 1000 1 1000 1 1 1000 1000 1 1 1000 1 1
1000 1 1 1 1 1000 1 1 1000 1000 1000 1000 1000 1 1 1 1 1 1000 1
