20 19 813 101 18 13
204 391 45 592 771 462 593 478 259 470 333 504 47 474 425 171 160 537 247 509
529 198 727 712 292 562 670 42 179 674 754 32 704 479 305 397 703 244 99 363
376 247 116 818 220 385 613 34 86 822 749 155 168 190 504 532 483 645 789 434
638 289 349 430 495 812 107 724 437 660 158 446 45 343 198 291 477 619 342 456
119 55 787 479 360 671 404 703 746 782 666 646 296 339 454 71 158 780 67 218
411 763 455 265 64 226 364 648 662 747 359 311 32 278 87 359 241 327 129 517
206 79 119 488 191 154 314 630 429 324 716 458 4 239 89 459 505 628 581 407
224 508 633 513 815 773 494 668 578 512 629 224 779 30 720 234 758 6 196 140
427 377 745 270 751 493 588 451 715 406 417 82 245 445 746 527 166 71 353 228
193 406 378 350 519 566 591 266 801 270 821 825 483 317 426 207 417 194 314 57
697 749 72 78 702 156 50 697 87 284 485 116 169 507 15 822 47 439 525 654
455 695 619 339 372 812 756 444 646 238 529 769 469 129 58 5 39 484 819 412
736 369 270 735 183 752 336 797 253 563 251 154 521 327 228 642 317 458 434 514
203 553 207 3 177 716 782 465 211 652 760 766 331 613 820 97 711 434 713 420
307 402 59 489 700 168 698 249 606 506 654 214 680 129 646 85 269 357 22 38
567 691 532 46 181 57 599 232 86 389 636 587 72 356 292 580 445 803 394 504
386 277 426 118 84 567 433 406 345 439 529 426 636 791 643 563 548 821 548 145
650 728 276 647 369 52 624 674 359 668 216 770 570 707 545 252 462 126 294 158
745 226 805 218 187 299 230 439 369 127 574 479 636 630 14 727 281 659 282 303
