18 20 934 110 18 16
547 361 791 747 271 478 663 632 494 528 317 860 473 38 664 647 615 820
284 801 723 372 808 621 766 742 128 864 319 609 209 527 867 402 312 863
774 501 840 129 860 521 49 729 800 69 191 390 848 310 878 186 405 269
617 96 312 654 246 368 223 371 749 451 715 839 737 500 837 247 272 499
603 95 520 213 91 234 600 840 397 277 157 270 280 457 159 776 25 193
232 854 309 713 398 524 86 288 82 609 839 416 642 732 745 456 128 163
676 730 454 241 168 694 479 169 733 560 514 45 335 69 132 682 689 782
784 417 280 741 831 41 839 323 233 167 205 735 128 401 258 577 699 818
518 827 511 792 44 377 176 709 53 829 61 61 67 510 460 24 277 823
546 611 704 507 216 784 803 579 865 822 212 619 681 368 86 267 77 686
420 274 318 92 467 377 586 1 347 722 186 654 240 695 488 527 710 802
115 716 665 335 606 750 334 536 508 762 622 742 810 233 165 479 419 760
203 645 372 572 713 688 124 412 861 826 284 396 424 824 499 540 257 575
546 29 399 612 572 878 872 185 822 731 288 823 503 450 122 774 352 338
314 469 699 558 682 367 426 849 575 295 337 778 221 698 136 167 837 699
213 671 402 203 879 511 246 119 66 490 176 757 852 152 83 170 715 523
752 228 587 573 70 828 595 772 91 707 182 436 193 767 717 621 333 859
862 348 596 584 458 635 358 454 463 379 805 698 144 116 577 658 177 817
465 825 77 189 70 785 876 199 869 785 284 10 6 348 711 304 788 501
816 101 180 75 552 37 211 695 614 211 756 698 103 137 273 704 382 76
