20 20 100 32 1 1
1 3 5 7 9 11 13 15 17 19 21 23 25 27 29 31 33 35 37 39
79 77 75 73 71 69 67 65 63 61 59 57 55 53 51 49 47 45 43 41
81 83 85 87 89 91 93 95 97 99 101 103 105 107 109 111 113 115 117 119
159 157 155 153 151 149 147 145 143 141 139 137 135 133 131 129 127 125 123 121
161 163 165 167 169 171 173 175 177 179 181 183 185 187 189 191 193 195 197 199
239 237 235 233 231 229 227 225 223 221 219 217 215 213 211 209 207 205 203 201
241 243 245 247 249 251 253 255 257 259 261 263 265 267 269 271 273 275 277 279
319 317 315 313 311 309 307 305 303 301 299 297 295 293 291 289 287 285 283 281
321 323 325 327 329 331 333 335 337 339 341 343 345 347 349 351 353 355 357 359
399 397 395 393 391 389 387 385 383 381 379 377 375 373 371 369 367 365 363 361
401 403 405 407 409 411 413 415 417 419 421 423 425 427 429 431 433 435 437 439
479 477 475 473 471 469 467 465 463 461 459 457 455 453 451 449 447 445 443 441
481 483 485 487 489 491 493 495 497 499 501 503 505 507 509 511 513 515 517 519
559 557 555 553 551 549 547 545 543 541 539 537 535 533 531 529 527 525 523 521
561 563 565 567 569 571 573 575 577 579 581 583 585 587 589 591 593 595 597 599
639 637 635 633 631 629 627 625 623 621 619 617 615 613 611 609 607 605 603 601
641 643 645 647 649 651 653 655 657 659 661 663 665 667 669 671 673 675 677 679
719 717 715 713 711 709 707 705 703 701 699 697 695 693 691 689 687 685 683 681
721 723 725 727 729 731 733 735 737 739 741 743 745 747 749 751 753 755 757 759
799 797 795 793 791 789 787 785 783 781 779 777 775 773 771 769 767 765 763 761
