20 20 1000 1000 18 17
1000 1000 1000 1000 1000 1000 1 1000 1 1000 1000 1000 1 1000 1 1000 1 1000 1000 1000
1 1000 1000 1000 1000 1000 1 1 1 1000 1000 1 1 1000 1000 1000 1000 1 1 1
1 1000 1000 1000 1 1 1000 1000 1 1 1000 1000 1000 1 1 1 1 1 1 1000
1000 1 1000 1000 1000 1 1 1000 1 1000 1 1 1 1 1000 1 1000 1000 1000 1
1 1 1 1 1000 1 1000 1000 1000 1000 1000 1 1000 1 1000 1 1000 1000 1 1
1 1000 1 1000 1000 1 1000 1000 1000 1 1000 1 1 1000 1 1 1000 1000 1 1000
1 1 1000 1000 1000 1000 1 1000 1000 1 1000 1 1 1 1 1 1 1 1000 1
1 1000 1 1 1000 1 1000 1000 1000 1000 1000 1 1 1000 1 1 1 1 1 1
1000 1000 1000 1000 1 1 1000 1000 1 1 1000 1000 1000 1000 1000 1000 1000 1000 1000 1
1000 1000 1 1000 1 1000 1000 1 1000 1000 1 1 1 1000 1000 1000 1000 1000 1 1000
1000 1000 1000 1000 1000 1000 1000 1000 1 1 1000 1 1000 1 1000 1 1 1 1000 1
1000 1000 1000 1 1000 1 1 1000 1000 1 1 1 1 1 1 1000 1 1 1 1
1 1 1 1 1 1000 1000 1000 1000 1 1000 1000 1 1000 1 1 1000 1 1000 1
1 1000 1000 1000 1 1 1 1000 1000 1000 1000 1 1 1 1000 1000 1000 1 1000 1
1000 1 1000 1000 1 1 1 1 1 1000 1 1 1000 1 1 1000 1 1 1 1
1 1 1000 1000 1000 1 1000 1 1000 1000 1000 1000 1000 1 1000 1 1000 1 1 1
1000 1000 1 1000 1000 1 1000 1 1 1 1000 1 1000 1000 1000 1000 1 1 1 1000
1 1000 1000 1000 1000 1 1 1 1000 1000 1 1000 1000 1000 1 1 1000 1000 1 1
1 1 1 1000 1 1000 1 1000 1 1 1 1000 1 1 1 1 1 1000 1000 1
1000 1000 1 1000 1000 1 1000 1 1000 1 1000 1000 1 1000 1000 1000 1000 1000 1 1
