18 18 453 70 18 18
55 6 26 14 19 51 46 25 25 46 46 22 4 21 32 16 48 6
1 8 5 19 15 11 45 32 16 47 8 31 13 37 38 2 44 2
34 3 40 43 17 39 38 28 22 24 18 45 30 48 17 39 10 26
35 13 11 2 31 39 24 15 5 50 38 8 22 53 38 32 36 5
55 34 21 37 51 22 10 50 43 24 31 11 10 42 52 28 6 25
50 36 4 38 28 49 45 42 41 22 24 54 25 44 27 5 15 21
36 27 44 30 28 8 33 1 31 44 35 10 19 26 25 53 37 38
4 40 2 25 29 37 19 13 10 50 8 15 28 35 38 20 30 16
5 18 24 7 16 36 10 46 17 22 24 37 19 36 54 30 29 44
31 23 11 35 30 43 49 13 9 11 44 44 35 34 25 25 42 29
35 41 15 12 32 18 23 11 12 37 3 46 25 52 4 42 51 42
50 1 12 24 52 44 55 11 1 8 45 49 10 24 15 19 16 5
11 16 5 4 51 33 47 4 39 4 8 5 30 38 31 42 22 25
27 10 23 33 20 23 14 6 14 52 50 45 46 18 16 47 46 10
16 9 24 17 10 40 33 47 6 28 33 24 32 11 25 14 14 31
34 3 8 50 4 9 26 15 15 27 41 27 34 6 25 6 53 27
25 28 1 16 13 27 20 35 19 21 43 50 23 12 41 12 3 32
19 9 28 22 48 51 42 15 38 35 55 49 31 44 50 7 42 3
