18 20 864 98 12 7
179 52 265 248 195 136 290 161 316 282 358 21 66 132 145 38 379 108
110 159 250 358 184 2 349 351 248 147 256 57 147 73 164 249 196 46
383 269 376 95 76 361 223 260 159 48 33 158 375 380 264 92 252 95
61 115 4 80 61 206 359 186 376 222 139 200 131 194 19 293 180 372
173 169 131 319 365 176 16 351 194 24 70 169 33 138 125 306 258 68
270 332 99 104 74 373 1 286 261 114 305 307 59 125 108 18 81 237
287 16 359 207 171 52 105 312 308 167 288 192 363 264 197 3 217 46
229 379 358 48 72 75 48 14 277 148 138 143 175 151 1 43 163 289
17 54 119 57 365 108 379 12 132 323 143 349 160 244 93 333 8 319
253 351 43 50 16 140 52 158 101 30 339 299 190 248 114 207 220 324
38 5 115 275 365 57 338 346 5 177 66 213 22 343 202 201 364 288
340 325 227 124 289 92 267 138 194 139 115 73 143 32 318 368 103 99
115 199 354 180 166 239 374 270 248 343 102 60 65 275 35 111 29 123
211 135 377 219 307 220 305 66 61 57 50 363 212 8 162 330 102 326
194 107 105 34 240 349 320 150 15 106 253 354 255 175 298 131 159 366
23 251 348 202 251 215 38 71 190 28 194 1 324 294 147 44 23 298
29 103 135 100 229 20 249 165 196 370 11 197 359 319 228 282 246 179
355 380 53 179 344 106 11 124 107 67 208 94 23 121 354 172 105 326
5 292 269 321 159 282 65 4 249 212 141 337 336 76 115 214 208 146
150 324 382 371 344 250 15 94 312 146 292 291 76 360 50 249 349 313
