19 20 372 78 16 15
48 82 428 24 26 574 855 329 430 304 492 459 306 177 922 904 923 584 364
776 167 566 377 132 862 841 202 58 761 50 634 316 146 625 765 555 868 111
718 648 757 907 490 601 850 440 397 208 581 706 863 466 683 638 21 283 87
598 251 737 569 747 62 610 747 69 148 43 805 927 80 652 446 605 889 59
200 817 17 554 39 851 248 735 314 359 91 154 497 225 114 120 566 737 409
933 728 400 674 33 17 203 751 898 313 475 298 282 34 841 174 181 782 661
258 143 9 101 113 725 12 264 310 750 534 695 102 79 123 208 238 491 794
335 921 528 265 333 29 801 242 244 219 226 919 838 261 611 499 790 28 788
223 477 839 688 577 302 94 722 533 563 10 577 390 911 7 118 154 246 771
824 331 892 125 620 419 78 510 778 116 339 866 777 420 444 551 882 285 669
722 145 565 627 165 211 281 735 117 445 584 422 414 468 340 267 630 328 270
716 591 496 516 435 221 200 153 600 903 694 597 843 849 867 256 466 447 843
216 135 537 416 927 535 392 175 302 690 596 334 305 160 690 413 662 432 749
365 369 749 6 445 514 808 507 512 927 679 583 660 31 206 285 369 314 128
459 263 425 677 501 380 883 258 157 564 289 76 846 198 649 280 372 127 859
742 377 325 227 866 645 280 23 213 222 313 48 266 874 737 276 885 223 871
491 753 406 150 341 366 504 119 309 933 43 12 729 57 559 462 504 510 41
886 338 69 802 513 729 49 927 788 1 146 818 634 437 601 914 158 112 243
625 185 365 154 345 71 343 507 466 618 77 359 202 835 559 243 934 650 97
622 842 467 713 478 693 708 914 813 908 289 207 627 933 334 327 256 526 459
