20 18 507 86 4 4
300 136 211 25 623 484 19 34 638 545 142 200 392 63 443 103 514 494 161 391
469 289 84 201 601 529 527 287 366 518 45 590 184 179 496 503 312 360 509 412
499 456 543 279 336 59 62 236 185 469 189 580 200 642 113 53 514 639 633 116
273 268 650 122 91 76 518 382 52 221 312 620 337 161 560 122 298 432 177 524
618 181 430 417 509 56 153 286 43 174 212 289 321 54 148 585 341 153 233 285
186 650 645 252 527 308 243 187 235 562 156 467 232 358 518 344 74 382 116 375
135 172 396 232 527 634 156 72 87 585 314 209 599 216 659 557 127 386 531 414
588 80 479 311 408 207 579 201 190 38 603 549 135 459 369 534 513 644 364 397
30 433 421 144 252 647 233 490 637 266 354 82 243 537 562 356 45 192 634 203
125 440 545 307 27 581 28 302 197 115 504 441 89 20 309 115 49 222 638 280
539 70 471 11 248 94 399 537 266 240 499 21 335 107 607 478 175 497 644 80
395 488 336 310 633 582 413 348 88 476 399 409 288 73 595 143 173 575 308 26
5 202 656 349 244 438 10 545 527 582 342 191 342 533 427 316 440 311 309 348
471 560 83 88 636 200 121 53 396 527 314 411 617 292 550 426 523 435 617 617
175 408 490 482 518 559 412 105 376 547 310 526 631 400 403 156 267 547 135 93
363 366 348 121 215 270 623 504 104 62 321 164 445 106 530 650 42 510 249 123
483 456 451 87 12 419 392 549 377 421 205 446 161 605 324 17 570 303 474 509
353 196 568 20 226 633 115 34 372 212 147 219 451 383 6 57 556 464 208 450
