X X X X X X X X 25 X 39 X 37 37 34 33 32 32 33
X X X X X X X 25 24 24 24 38 37 36 35 33 32 31 31
X X X X X X X X 24 23 23 X 26 26 34 33 32 31 30
X X X X X X X X X 22 22 X 25 25 34 33 25 26 29
X X X X X X X X 22 21 21 21 25 24 24 24 24 28 27
X X X X X X X 23 22 21 20 21 26 23 23 23 28 27 26
X X X X X X X X X X 19 18 24 23 22 22 23 24 25
X X X X X X 20 20 19 19 18 18 25 20 21 22 23 23 24
X X X X X 21 20 19 18 17 17 17 18 19 20 21 22 23 25
X X X X 13 21 20 19 18 17 16 16 X 20 23 22 23 23 24
X X X 14 13 12 11 10 11 18 13 15 15 X 23 23 19 24 25
X X X X X X X 10 11 11 12 14 14 15 16 17 18 25 25
X X X 9 9 8 8 9 10 11 12 13 14 33 28 27 26 26 26
X X 9 8 X 7 8 8 7 8 8 8 14 32 28 28 27 27 27
X X X 8 7 6 5 6 6 X 7 7 8 31 32 28 28 28 28
X 10 9 8 8 X 4 5 5 5 6 7 8 30 29 29 29 29 29
16 X 11 10 9 3 3 4 4 5 6 6 32 31 30 31 30 30 31
15 X 11 10 2 2 1 4 3 3 6 7 8 32 33 31 31 31 31
14 13 12 X 2 1 0 1 2 3 4 5 6 7 34 32 32 31 X
