3 4 3 3 7 6 9 8 41 40 39 39 39 39 39 41 X 43 42 43
3 2 2 X 5 5 8 7 7 X 39 38 38 39 38 40 39 X 41 40
2 1 1 1 4 4 5 6 7 X X 37 37 40 37 37 38 38 38 39
2 1 0 1 3 4 5 6 22 22 23 36 35 35 36 36 37 38 37 38
2 1 1 2 3 4 5 6 21 21 22 35 34 35 35 36 37 35 36 37
3 8 2 2 3 4 5 21 20 21 34 34 33 34 33 33 33 34 37 38
4 7 8 3 3 18 17 18 19 20 34 33 32 32 33 32 32 33 34 35
5 6 5 4 15 15 16 36 35 34 33 32 31 31 30 31 32 33 34 35
6 11 12 5 14 15 16 17 36 35 34 27 31 30 29 30 31 32 32 X
7 10 10 13 14 15 16 17 36 27 26 26 32 27 28 29 30 31 32 33
8 9 10 14 14 16 16 X 37 23 26 25 25 26 X 29 30 31 32 33
11 10 15 15 16 17 X 20 X 22 23 24 25 X 28 28 31 32 33 33
12 13 14 15 16 17 18 19 20 21 22 25 26 27 27 28 32 33 33 34
13 14 15 15 16 17 18 19 20 21 22 26 27 27 37 37 33 33 34 35
14 14 15 16 16 18 19 19 23 22 22 27 27 38 37 36 35 X 35 36
15 15 16 16 17 18 19 20 24 23 29 28 28 28 31 32 34 34 X X
16 16 17 17 17 23 24 21 25 25 30 28 30 30 31 32 33 34 35 X
17 19 18 18 18 22 23 24 25 26 27 28 29 30 31 32 33 X X X
18 20 19 20 21 22 23 24 25 26 27 28 29 30 32 32 X X X X
19 20 20 20 21 22 23 24 25 26 27 28 29 30 31 32 X X X X
