18 18 816 98 2 4
362 513 284 198 30 92 405 288 473 281 205 269 32 280 355 277 529 252
381 106 258 450 176 336 428 192 510 22 12 82 172 379 62 113 409 169
363 179 148 121 387 80 296 317 175 453 492 166 309 374 60 253 282 535
521 329 10 339 348 202 189 330 75 549 364 549 549 427 403 263 455 501
464 94 470 52 27 112 136 95 537 312 264 125 91 361 62 291 535 541
24 237 371 439 394 119 197 453 63 271 434 213 377 214 269 141 308 399
372 207 510 194 63 379 265 323 538 454 419 383 128 521 319 297 179 408
456 154 140 310 461 222 235 437 136 316 283 414 333 293 309 365 419 128
394 92 488 126 91 205 160 354 544 65 51 505 69 343 267 345 231 354
147 463 392 246 345 114 102 70 432 120 497 460 424 22 443 431 255 375
225 34 321 380 252 157 196 480 98 23 411 106 246 249 507 78 418 206
313 275 262 5 521 360 314 435 491 532 521 194 384 358 303 222 422 179
216 171 541 4 205 415 326 392 242 257 94 255 394 350 317 479 242 78
42 245 209 107 445 240 419 476 411 520 43 498 264 9 486 13 274 465
21 512 35 477 99 56 538 503 328 532 397 463 195 64 212 233 354 293
392 369 456 473 375 154 288 347 171 70 124 515 453 216 406 42 38 279
406 491 319 218 348 61 8 523 501 523 324 248 155 178 156 411 96 446
122 428 533 520 15 264 550 205 166 371 442 401 136 5 274 244 174 271
