29 28 28 27 26 25 25 26 27 28 X X X 3 2 1 2 3
29 28 27 26 25 24 24 27 28 X X X X 4 X 0 X 4
30 29 26 25 24 23 24 21 X 7 6 5 4 3 2 1 2 3
31 26 X 24 23 22 21 20 17 16 7 X X 4 3 2 3 X
32 25 24 23 22 21 20 19 X 15 16 13 12 11 12 3 4 5
33 25 24 23 X X 19 18 X 14 15 16 17 10 9 8 5 6
32 33 34 22 X 19 18 17 X 13 12 11 10 9 8 7 6 7
31 30 35 21 20 20 17 16 15 14 13 16 11 X 9 8 7 8
30 29 36 21 20 19 18 17 16 15 14 15 X X 10 9 8 9
29 28 27 21 20 20 18 18 16 16 19 16 X 12 11 10 9 10
28 27 26 25 21 21 19 19 18 17 18 17 16 15 14 13 12 11
27 26 25 24 23 22 23 20 23 18 19 17 16 15 15 14 13 12
28 26 26 25 24 23 22 21 22 19 20 22 17 17 16 15 14 13
29 X 27 X 25 24 23 22 23 24 21 21 18 18 17 16 19 20
30 X 28 27 26 31 32 23 26 25 21 20 19 20 18 17 18 19
31 X 29 28 29 30 31 24 25 26 22 21 20 21 X 18 19 20
32 31 30 29 30 31 32 33 26 27 23 22 21 22 X X 20 21
X 31 31 30 31 32 29 28 27 28 X 25 24 23 X X X 22
34 33 32 31 32 33 30 31 32 33 27 26 25 X X X X 23
