7 6 6 6 6 X X 27 26 33 33 32 31 31 X 30 X X X X
6 6 5 6 5 X 6 26 26 27 32 31 30 30 30 30 X X 30 X
6 5 4 5 5 5 5 25 X 28 29 30 30 30 30 29 28 X 29 30
3 X 3 4 4 5 5 24 X 25 31 31 30 29 30 27 28 28 28 31
2 2 3 3 4 23 22 23 23 24 31 30 28 28 27 27 27 27 29 30
2 1 2 2 3 22 22 23 24 24 25 30 29 23 27 26 26 27 28 31
1 1 1 2 22 21 22 23 24 24 32 31 30 23 22 25 26 27 27 28
1 0 1 2 2 20 18 23 23 33 32 20 21 22 22 24 X X X 29
1 1 X 3 3 19 18 17 16 33 18 19 X 22 23 23 24 25 X 30
X X 4 3 3 6 17 16 15 16 17 20 21 22 23 23 25 25 X X
X 5 4 X 4 5 6 16 14 34 35 21 37 38 39 40 26 26 26 X
X X 5 6 5 16 15 15 14 35 36 36 37 37 40 27 27 26 X 43
X X 6 7 6 7 8 14 13 36 36 37 37 38 39 40 27 X 42 43
X X X X X 8 8 15 12 37 36 37 38 38 39 40 41 41 42 43
X X X X X 9 9 10 11 38 38 39 38 39 41 40 41 41 42 X
X X X 15 15 X 10 11 11 39 39 40 39 39 40 41 41 41 42 X
X 16 16 15 14 13 12 12 40 40 39 41 41 40 42 42 42 42 43 44
17 17 16 16 14 13 43 13 13 40 40 41 42 43 43 X 43 43 44 44
X X 17 16 15 44 43 42 41 45 41 43 43 43 43 X 44 46 45 X
19 18 17 18 17 45 44 43 44 44 42 42 43 44 45 46 X 46 46 X
