20 20 2 4 1 1
1000 912 900 812 800 712 700 612 600 512 500 412 400 312 300 212 200 112 100 12
998 914 898 814 798 714 698 614 598 514 498 414 398 314 298 214 198 114 98 14
996 916 896 816 796 716 696 616 596 516 496 416 396 316 296 216 196 116 96 16
994 918 894 818 794 718 694 618 594 518 494 418 394 318 294 218 194 118 94 18
992 920 892 820 792 720 692 620 592 520 492 420 392 320 292 220 192 120 92 20
990 922 890 822 790 722 690 622 590 522 490 422 390 322 290 222 190 122 90 22
988 924 888 824 788 724 688 624 588 524 488 424 388 324 288 224 188 124 88 24
986 926 886 826 786 726 686 626 586 526 486 426 386 326 286 226 186 126 86 26
984 928 884 828 784 728 684 628 584 528 484 428 384 328 284 228 184 128 84 28
982 930 882 830 782 730 682 630 582 530 482 430 382 330 282 230 182 130 82 30
980 932 880 832 780 732 680 632 580 532 480 432 380 332 280 232 180 132 80 32
978 934 878 834 778 734 678 634 578 534 478 434 378 334 278 234 178 134 78 34
976 936 876 836 776 736 676 636 576 536 476 436 376 336 276 236 176 136 76 36
974 938 874 838 774 738 674 638 574 538 474 438 374 338 274 238 174 138 74 38
972 940 872 840 772 740 672 640 572 540 472 440 372 340 272 240 172 140 72 40
970 942 870 842 770 742 670 642 570 542 470 442 370 342 270 242 170 142 70 42
968 944 868 844 768 744 668 644 568 544 468 444 368 344 268 244 168 144 68 44
966 946 866 846 766 746 666 646 566 546 466 446 366 346 266 246 166 146 66 46
964 948 864 848 764 748 664 648 564 548 464 448 364 348 264 248 164 148 64 48
962 950 862 850 762 750 662 650 562 550 462 450 362 350 262 250 162 150 62 50
