20 20 1 1 7 19
1000 1000 1000 1000 1 1 1 1000 1000 1 1 1000 1000 1000 1000 1 1000 1 1000 1000
1 1 1000 1000 1000 1000 1000 1000 1000 1000 1 1000 1 1 1 1 1000 1000 1000 1000
1 1000 1000 1000 1 1000 1 1000 1 1000 1 1000 1 1 1 1000 1 1000 1 1000
1 1000 1000 1 1 1 1 1000 1000 1 1 1 1000 1000 1 1000 1 1 1 1000
1 1 1 1000 1 1000 1000 1000 1 1 1 1 1 1 1000 1 1 1 1 1
1000 1 1000 1 1000 1 1000 1000 1000 1 1000 1 1 1 1000 1 1 1 1 1
1000 1000 1 1 1 1000 1000 1 1 1 1000 1 1000 1 1 1000 1 1000 1000 1
1000 1000 1000 1 1 1000 1 1000 1000 1 1000 1000 1 1 1000 1000 1000 1000 1 1
1000 1 1 1 1 1000 1000 1000 1000 1000 1000 1000 1000 1000 1 1 1000 1000 1000 1
1000 1000 1 1 1000 1000 1000 1 1 1000 1000 1 1 1000 1 1 1 1000 1 1000
1000 1 1 1000 1 1000 1000 1 1000 1 1000 1000 1000 1000 1 1 1000 1 1000 1
1000 1000 1000 1000 1 1000 1000 1 1000 1000 1 1 1 1 1000 1000 1000 1 1 1
1 1000 1 1 1 1 1000 1 1000 1 1 1000 1 1 1000 1 1000 1000 1 1000
1000 1 1 1 1000 1000 1 1 1000 1 1 1000 1000 1000 1 1000 1 1000 1 1
1 1000 1000 1 1 1000 1 1 1 1 1000 1000 1 1000 1000 1000 1 1000 1 1
1000 1 1 1000 1000 1 1 1 1 1000 1000 1000 1 1000 1000 1 1 1000 1000 1000
1000 1000 1 1 1 1 1000 1 1 1000 1000 1 1 1000 1 1 1 1000 1000 1000
1000 1000 1000 1 1 1000 1000 1 1 1 1000 1000 1000 1 1 1000 1 1 1 1
1 1 1 1000 1000 1 1 1 1 1000 1000 1000 1 1 1000 1000 1 1000 1 1
1000 1000 1 1000 1 1000 1000 1 1 1000 1000 1000 1000 1 1000 1000 1 1000 1 1
