18 17 16 15 14 13 12 11 10 9 10 11 12 13 14 15 16 17 18 19
17 16 15 14 13 12 11 10 9 8 9 10 11 12 13 14 15 16 17 18
16 15 14 13 12 11 10 9 8 7 8 9 10 11 12 13 14 15 16 17
15 14 13 12 11 10 9 8 7 6 7 8 9 10 11 12 13 14 15 16
14 13 12 11 10 9 8 7 6 5 6 7 8 9 10 11 12 13 14 15
13 12 11 10 9 8 7 6 5 4 5 6 7 8 9 10 11 12 13 14
12 11 10 9 8 7 6 5 4 3 4 5 6 7 8 9 10 11 12 13
11 10 9 8 7 6 5 4 3 2 3 4 5 6 7 8 9 10 11 12
10 9 8 7 6 5 4 3 2 1 2 3 4 5 6 7 8 9 10 11
9 8 7 6 5 4 3 2 1 0 1 2 3 4 5 6 7 8 9 10
10 9 8 7 6 5 4 3 2 1 2 3 4 5 6 7 8 9 10 11
11 10 9 8 7 6 5 4 3 2 3 4 5 6 7 8 9 10 11 12
12 11 10 9 8 7 6 5 4 3 4 5 6 7 8 9 10 11 12 13
13 12 11 10 9 8 7 6 5 4 5 6 7 8 9 10 11 12 13 14
14 13 12 11 10 9 8 7 6 5 6 7 8 9 10 11 12 13 14 15
15 14 13 12 11 10 9 8 7 6 7 8 9 10 11 12 13 14 15 16
16 15 14 13 12 11 10 9 8 7 8 9 10 11 12 13 14 15 16 17
17 16 15 14 13 12 11 10 9 8 9 10 11 12 13 14 15 16 17 18
18 17 16 15 14 13 12 11 10 9 10 11 12 13 14 15 16 17 18 19
19 18 17 16 15 14 13 12 11 10 11 12 13 14 15 16 17 18 19 20
