20 20 435 76 3 4
118 342 354 16 216 115 384 16 317 288 266 74 70 15 51 254 441 237 312 424
212 173 323 486 31 34 429 331 29 459 18 306 309 354 82 338 256 453 259 266
239 192 476 126 445 178 291 224 79 408 471 211 222 476 90 104 309 179 122 237
396 458 348 230 364 233 231 104 389 221 14 284 67 118 187 240 344 303 256 198
337 59 355 406 276 349 11 146 316 5 58 480 168 248 403 423 374 112 214 178
112 446 51 223 150 79 15 283 197 64 202 360 109 441 260 139 158 162 340 220
75 320 413 138 120 330 204 53 87 6 244 383 336 76 487 375 83 78 98 81
123 195 65 92 266 150 168 412 392 283 362 229 180 371 5 270 234 333 425 278
183 342 473 149 361 30 289 195 416 470 341 67 416 300 217 174 237 338 69 429
112 305 135 399 262 344 430 163 440 242 201 238 422 139 88 185 182 300 387 52
107 191 305 454 17 377 240 485 235 9 296 295 13 50 289 45 169 299 351 430
249 158 457 430 484 15 400 102 441 218 134 189 161 466 64 14 168 381 413 215
341 385 451 411 97 238 100 213 186 160 116 290 418 42 63 103 245 235 34 258
303 436 422 397 283 271 312 373 285 390 177 363 365 31 210 394 6 132 78 271
390 185 383 229 112 340 354 182 468 348 47 304 304 470 391 394 349 492 110 202
323 11 476 251 209 23 127 271 471 22 408 357 306 44 250 164 411 69 355 382
262 162 378 277 113 252 305 111 297 212 420 223 488 387 309 298 304 99 94 409
294 490 387 136 35 300 423 492 305 244 279 392 493 50 313 166 147 287 356 3
149 478 431 393 342 443 249 370 448 143 307 293 278 53 364 90 429 436 269 23
22 23 208 270 370 2 273 290 19 385 180 149 139 251 238 41 305 299 12 357
