20 20 222 48 1 1
10 98 110 198 210 298 310 398 410 498 510 598 610 698 710 798 810 898 910 998
12 96 112 196 212 296 312 396 412 496 512 596 612 696 712 796 812 896 912 996
14 94 114 194 214 294 314 394 414 494 514 594 614 694 714 794 814 894 914 994
16 92 116 192 216 292 316 392 416 492 516 592 616 692 716 792 816 892 916 992
18 90 118 190 218 290 318 390 418 490 518 590 618 690 718 790 818 890 918 990
20 88 120 188 220 288 320 388 420 488 520 588 620 688 720 788 820 888 920 988
22 86 122 186 222 286 322 386 422 486 522 586 622 686 722 786 822 886 922 986
24 84 124 184 224 284 324 384 424 484 524 584 624 684 724 784 824 884 924 984
26 82 126 182 226 282 326 382 426 482 526 582 626 682 726 782 826 882 926 982
28 80 128 180 228 280 328 380 428 480 528 580 628 680 728 780 828 880 928 980
30 78 130 178 230 278 330 378 430 478 530 578 630 678 730 778 830 878 930 978
32 76 132 176 232 276 332 376 432 476 532 576 632 676 732 776 832 876 932 976
34 74 134 174 234 274 334 374 434 474 534 574 634 674 734 774 834 874 934 974
36 72 136 172 236 272 336 372 436 472 536 572 636 672 736 772 836 872 936 972
38 70 138 170 238 270 338 370 438 470 538 570 638 670 738 770 838 870 938 970
40 68 140 168 240 268 340 368 440 468 540 568 640 668 740 768 840 868 940 968
42 66 142 166 242 266 342 366 442 466 542 566 642 666 742 766 842 866 942 966
44 64 144 164 244 264 344 364 444 464 544 564 644 664 744 764 844 864 944 964
46 62 146 162 246 262 346 362 446 462 546 562 646 662 746 762 846 862 946 962
48 60 148 160 248 260 348 360 448 460 548 560 648 660 748 760 848 860 948 960
