38 39 X 41 40 39 X 37 36 37 38 39 40 41 42 X X X X X
37 36 X 40 39 38 37 35 35 36 37 38 39 X X X X X X X
36 35 34 33 40 33 36 35 34 35 38 39 X X X X X X X X
X 34 35 32 41 32 33 36 33 34 39 40 X X X X X X X X
34 33 32 31 31 31 X 32 32 33 40 40 X X X X X X X X
X X X 31 30 31 32 31 31 42 41 42 43 X X 47 X X 51 52
X X 31 30 29 29 X 30 30 30 42 43 44 45 46 47 48 49 50 51
X X 30 29 28 28 27 30 29 30 31 31 45 45 47 48 X 50 51 X
X X X 29 28 27 26 26 28 29 30 31 50 49 48 49 49 X 52 53
X 29 30 X X 25 25 26 27 24 25 X 32 50 49 50 50 51 X 54
X 28 X 26 26 24 24 25 28 23 X X 52 51 52 51 51 52 X 55
X 27 26 25 25 24 23 X 21 22 X 10 11 X 53 52 52 X X X
27 26 26 25 24 23 22 21 20 21 X 9 X X X X 5 X X X
27 26 25 26 23 X 21 20 19 X X 8 7 6 5 X 4 3 3 X
26 25 24 23 22 21 20 19 18 17 10 9 6 5 4 3 3 2 2 3
27 X 25 24 21 20 19 17 17 16 X X 9 6 X 3 2 1 2 3
28 27 26 25 26 19 18 17 16 15 16 X 8 7 X X 1 0 1 2
29 28 27 26 27 28 17 16 15 14 11 10 9 10 11 X 1 1 1 2
30 29 28 27 28 17 16 15 14 13 12 11 10 11 X X X 2 3 3
