19 16 15 14 13 12 11 10 9 10 11 8 9 10 11 12 X 14
18 17 16 17 14 11 10 9 8 7 12 7 8 9 10 11 12 13
X X X 16 15 X 11 10 9 6 5 6 X X 11 12 13 14
45 44 18 17 16 X X 11 X 5 4 5 5 6 7 17 14 X
44 43 42 X X X 38 X X 3 3 4 4 5 6 16 15 16
45 46 41 40 39 X 37 X X 3 2 3 4 5 6 7 8 X
46 47 X 39 38 37 36 X X 2 1 0 9 8 7 6 13 12
47 X X 38 37 36 35 34 X 3 2 1 2 3 4 5 12 11
40 39 38 37 X 35 X 33 32 X 3 X 3 4 5 X 9 10
X X 37 36 35 34 33 32 31 30 X X 4 5 6 7 8 9
39 39 38 X X 34 34 35 30 29 28 X 5 6 7 8 11 10
39 38 37 36 X 33 33 30 29 28 27 27 26 7 X X 12 11
40 39 X 35 34 33 32 31 30 31 26 26 25 X 15 14 13 12
40 39 X 36 35 34 33 28 27 26 25 25 24 23 X X 14 X
39 38 37 36 36 35 34 29 27 26 25 24 23 22 X 16 15 X
40 X X 38 37 36 31 30 33 27 26 22 22 21 18 17 16 X
41 41 40 39 38 33 32 31 32 X 23 22 21 20 19 20 21 22
X X 41 40 X 34 33 32 33 34 X 22 21 21 X 21 22 X
X X X X X X 34 33 X X X X X 22 23 22 23 24
X X X X X X 35 34 X X X X X X 24 23 24 25
