191
-3 2
-2 2
-2 1
-1 0
-2 3
-4 5
-3 5
-2 4
-2 6
-4 8
-4 9
-5 9
-5 8
-4 7
-6 7
-5 6
-3 6
-5 5
-4 4
-4 3
-6 5
-6 6
-7 6
-9 8
-9 7
-5 3
-5 2
-7 4
-6 2
-6 1
-7 1
-7 2
-8 2
-10 1
-9 2
-11 1
-9 3
-10 4
-10 3
-11 2
-11 3
-12 3
-12 1
-13 1
-13 3
-14 1
-15 1
-14 2
-15 3
-15 4
-14 3
-13 4
-13 6
-14 4
-14 5
-13 7
-14 6
-13 8
-12 8
-12 4
-11 4
-11 9
-10 7
-10 5
-8 3
-7 3
-9 5
-8 5
-9 6
-10 8
-10 9
-11 10
-12 10
-12 9
-13 9
-14 7
-13 10
-12 11
-11 11
-9 9
-8 9
-7 8
-8 8
-7 7
-6 8
-7 9
-9 10
-8 10
-10 11
-7 11
-9 13
-7 13
-7 12
-5 12
-7 14
-5 14
-5 13
-4 14
-4 15
-3 14
-3 13
-2 12
-3 12
-3 11
-4 13
-4 11
-6 11
-7 10
-6 9
-6 10
-3 10
-2 11
-2 10
-3 9
-3 8
-2 9
-2 7
-1 5
-1 1
0 0
0 5
-1 6
-1 8
0 6
0 9
-1 9
-1 10
0 10
0 14
-1 11
-1 14
0 15
0 16
-1 16
-1 15
-2 14
-2 13
-3 15
-2 15
-2 16
-6 16
-5 15
-7 15
-7 16
-14 16
-12 13
-11 13
-13 15
-11 15
-11 14
-10 14
-10 15
-8 15
-8 14
-9 14
-10 13
-9 12
-12 12
-13 14
-14 13
-14 15
-15 15
-15 16
-16 16
-16 8
-15 14
-15 8
-14 12
-13 13
-13 11
-14 11
-14 8
-15 7
-15 5
-16 7
-16 2
-15 2
-16 1
-16 0
-8 0
-9 1
-8 1
-7 0
-5 0
-5 1
-4 0
-2 0
-3 1
-4 1
-4 2
-3 3
