100
5675 0
5096 320
9219 1164
6323 1206
5537 1421
7180 2332
8787 3479
8780 4131
6560 3606
6417 4072
7534 5474
7349 6079
5101 4790
5742 6115
4154 5021
4618 6356
3825 6027
2789 5073
3987 8472
2099 5301
2014 6198
1762 6862
1775 9307
858 6793
397 6323
0 6011
-498 7921
-654 5183
-1292 6776
-1406 5476
-2000 6156
-3080 7780
-2567 5455
-4641 8442
-4163 6560
-3216 4427
-5108 6175
-5782 6157
-3930 3690
-5435 4496
-5196 3775
-8248 5234
-5273 2899
-7287 3429
-7436 2944
-7120 2313
-5534 1421
-9740 1858
-7431 938
-8513 535
-7977 0
-6795 -427
-5016 -633
-6612 -1261
-5778 -1483
-8974 -2916
-5044 -1997
-8731 -4108
-7237 -3978
-5382 -3415
-5050 -3669
-6920 -5725
-6578 -6177
-3803 -4050
-3552 -4293
-5861 -8067
-3516 -5541
-4614 -8392
-4200 -8926
-1965 -4965
-2133 -6567
-1504 -5859
-1779 -9327
-1055 -8354
-426 -6777
0 -8170
513 -8169
920 -7289
1248 -6544
2287 -8908
2474 -7616
2764 -6983
3410 -7246
2539 -4618
3573 -5631
3492 -4806
6314 -7633
4967 -5289
5985 -5620
4150 -3433
7225 -5249
7940 -5039
4466 -2455
8498 -3999
4715 -1867
8493 -2759
5582 -1433
5577 -1064
8891 -1123
9221 -580
