2000
8596 -48
7794 130
7241 379
7079 -51
6516 146
6126 523
5542 402
6080 -117
6102 -221
5556 -714
6301 -699
6527 -264
6588 -1964
6638 -1591
6787 -1210
6613 -2173
7031 -1363
7158 -615
7338 -1411
7520 -1518
7412 -797
7297 -575
8579 -546
8285 -1447
8873 -845
9229 -2075
9066 -1543
8703 -2732
8751 -1218
8163 -2622
7077 -1704
7532 -3024
7990 -3410
7712 -3797
7846 -3412
6902 -3468
7373 -4652
7287 -4666
7004 -3907
6825 -3654
7047 -4096
7249 -4967
6698 -4790
6813 -5175
7916 -5672
7752 -5318
8088 -5220
8867 -5683
8872 -5730
9265 -7139
10000 -4333
10000 -4042
10000 -3689
10000 -3532
9391 -4237
9697 -4694
7769 -4941
8627 -3498
8035 -3967
8838 -3006
8816 -3650
9236 -3644
10000 -2803
10000 -2470
10000 -2365
10000 -2334
9430 -2657
10000 -1870
10000 -1503
10000 -1445
10000 -1178
10000 -1092
10000 -1055
10000 -966
10000 -640
10000 -459
10000 -166
10000 31
10000 704
9156 452
8749 620
8449 480
8827 1136
9334 1265
10000 1505
10000 2472
8817 1454
10000 2970
10000 3288
10000 3850
10000 3858
10000 4040
9829 3735
9409 2887
9433 2561
8393 1675
8864 1978
8267 1285
8218 761
7593 774
7848 1446
8146 2464
8289 2837
8403 3015
8888 3649
8501 3319
7992 2714
7382 916
7463 2611
8546 3616
9950 4642
10000 4183
9984 4996
8634 4301
8605 4299
7796 4328
7638 4997
8753 5169
8618 4585
8988 4558
9344 4684
10000 5251
10000 5652
10000 6679
10000 7389
10000 7675
10000 9906
9938 10000
8635 10000
9170 9475
9244 8954
7622 9830
8046 10000
6679 10000
5512 10000
5301 10000
5135 10000
4757 10000
4455 10000
4318 10000
4131 10000
3438 10000
3402 10000
3091 10000
3089 10000
3234 9955
5086 8642
5544 6841
5578 6278
5350 6442
4686 7527
4589 8291
3697 8961
3346 9601
3862 9476
2919 10000
1538 10000
938 10000
736 10000
679 10000
57 10000
22 10000
-285 10000
-374 10000
-618 10000
-701 10000
-1485 10000
-1115 9844
571 9035
-307 8411
-1540 8160
-420 8607
6 8899
-878 9600
-1598 10000
-1607 10000
-2076 10000
-2289 10000
-2344 10000
-2607 10000
-2868 10000
-2913 10000
-3029 10000
-3324 10000
-2364 8963
-2156 9258
-981 8583
-3379 9170
-2966 8797
-1618 8216
-4424 9415
-3897 9356
-3326 10000
-3856 10000
-3936 10000
-3994 10000
-4614 10000
-4702 10000
-4909 10000
-4962 10000
-5165 10000
-6115 10000
-7854 10000
-10000 8447
-6844 8841
-5791 8826
-7279 7698
-7491 7736
-7253 6288
-6919 6293
-6833 6797
-6501 6215
-7641 5721
-8248 6558
-8746 7279
-9680 8043
-10000 7485
-9954 6655
-9863 6155
-8862 4675
-8228 5222
-8197 5054
-8173 4565
-8523 3859
-8532 4012
-9143 3060
-9842 5432
-10000 6065
-10000 5616
-10000 5570
-10000 5005
-10000 4837
-10000 4595
-10000 4547
-10000 3614
-10000 3611
-9834 2942
-10000 3201
-10000 2466
-10000 2444
-10000 2206
-10000 2082
-10000 1893
-10000 1824
-10000 1771
-10000 1102
-10000 1069
-9501 2238
-9515 2238
-9484 2308
-9274 2689
-9004 2289
-7531 2217
-6599 2119
-6862 2582
-8131 2411
-8299 2764
-7458 2908
-7180 4598
-7243 3898
-7354 3142
-7056 3002
-6082 2448
-5568 2400
-5460 1930
-5641 1704
-5714 1710
-5217 1613
-5504 1486
-5467 898
-6152 1518
-6084 1762
-6447 1818
-7064 966
-7283 599
-7173 1143
-7456 1152
-7501 1419
-6830 1932
-5992 1743
-5709 2177
-6334 2174
-7430 1924
-8288 1890
-8299 1628
-8150 1793
-7968 1319
-8110 -360
-8277 -390
-8312 -499
-8342 -524
-8482 -508
-9051 -514
-9625 719
-9012 20
-8469 1603
-10000 1026
-10000 891
-10000 505
-10000 354
-10000 298
-10000 -225
-10000 -316
-10000 -423
-10000 -662
-10000 -1127
-10000 -1351
-10000 -1360
-10000 -1434
-9794 -1322
-9234 -1581
-9045 -1368
-8758 -2367
-9401 -3062
-10000 -1534
-10000 -2140
-10000 -2236
-10000 -2483
-10000 -2560
-10000 -2573
-10000 -2763
-10000 -3079
-10000 -3189
-10000 -3235
-10000 -3722
-10000 -4481
-10000 -4698
-10000 -5148
-10000 -9260
-9938 -4505
-9563 -7347
-9894 -3713
-9271 -3807
-7717 -4197
-8465 -2392
-8086 -2813
-7888 -2958
-7593 -2634
-6615 -4955
-6843 -5213
-7168 -4588
-7386 -4993
-9060 -5072
-8911 -5803
-7824 -6287
-8715 -8331
-8929 -6552
-9199 -8483
-7438 -8927
-6732 -8425
-6301 -9310
-5828 -9462
-7799 -9555
-10000 -10000
-7476 -10000
-7324 -9999
-7083 -10000
-5278 -10000
-4958 -9762
-4521 -10000
-4198 -10000
-5048 -9470
-7018 -7786
-7618 -7710
-6596 -7137
-6244 -7176
-6882 -7759
-5744 -8817
-5565 -8439
-5388 -8351
-5337 -8872
-5343 -8992
-3680 -10000
-3320 -10000
-3217 -10000
-3098 -9443
-1508 -9813
-3208 -10000
-3137 -10000
-2751 -10000
-2734 -10000
-1800 -10000
-1690 -10000
-1517 -10000
-1398 -10000
-1156 -10000
-880 -10000
-562 -10000
-520 -10000
-494 -10000
-184 -10000
-178 -10000
-169 -9937
-1440 -9891
259 -9536
1379 -9590
1431 -9806
-224 -9697
94 -10000
577 -10000
1010 -10000
1260 -10000
1442 -10000
1625 -10000
2023 -10000
2201 -10000
2209 -10000
2313 -10000
2448 -10000
2537 -10000
2956 -10000
1330 -9259
1684 -9690
1129 -9358
879 -9199
1865 -9133
619 -8736
453 -8235
925 -7834
1589 -7717
1538 -7755
2073 -8299
1720 -8369
2697 -9412
2361 -8368
2513 -8020
3201 -8926
2451 -8563
3212 -10000
3489 -10000
3901 -10000
4479 -10000
4143 -9824
4617 -9916
5799 -10000
5964 -10000
6089 -10000
6581 -10000
7532 -9971
8119 -10000
8355 -10000
9784 -10000
9871 -10000
10000 -10000
10000 -7574
10000 -7176
10000 -6515
10000 -5803
10000 -5737
10000 -5642
9896 -4885
9762 -7830
9577 -9063
8222 -8457
8758 -7050
8297 -6480
7648 -5712
7410 -6346
6669 -6830
6460 -8079
6072 -9392
5264 -9719
4797 -9597
3939 -9621
3740 -9421
3995 -9583
3157 -8267
3400 -7578
3228 -7895
3217 -7788
3088 -8170
1782 -7768
2071 -7583
1532 -7598
1218 -7012
1059 -6736
347 -6477
133 -5289
557 -5666
1537 -7456
2101 -7261
2295 -6935
2600 -7492
2477 -6505
3234 -6281
2575 -6023
2949 -5941
3227 -6154
2872 -5770
2925 -5201
3291 -5181
3425 -5037
3423 -4403
3825 -4293
3967 -4408
4083 -4264
3779 -4218
3341 -3529
2632 -3756
2879 -4139
3611 -4062
3408 -4382
2886 -4806
2652 -4730
2362 -5270
2097 -4919
1861 -5121
2374 -5392
2484 -5634
2000 -6120
2086 -6356
1318 -6466
748 -5757
946 -5795
1586 -6346
1736 -5871
959 -5447
1425 -5894
715 -5384
767 -5173
1038 -5411
1219 -5388
1230 -5218
1164 -5049
1062 -4958
987 -4858
285 -4979
153 -5091
-101 -5300
196 -5810
241 -6138
108 -6383
50 -5671
-225 -5459
-847 -4929
-1058 -4903
-1302 -4888
-1925 -4879
-2159 -5170
-1248 -5070
-1625 -5317
-1421 -5945
-1266 -5649
-862 -5337
-447 -5346
-398 -6138
-851 -6251
-773 -5565
-1142 -5981
-1061 -6514
619 -7002
-37 -7233
284 -7279
-502 -7385
-677 -7396
-788 -6735
-801 -6733
-1335 -6311
-1269 -6049
-901 -5602
-1576 -6126
-2322 -5714
-3040 -5710
-2532 -6136
-2012 -6334
-1895 -6435
-1720 -6241
-1653 -6510
-726 -7396
-1007 -7960
-1173 -8881
-643 -8853
368 -8304
467 -8719
-621 -9102
681 -9153
733 -9216
-772 -9286
-1026 -9188
-1625 -9064
-1850 -8765
-2185 -8572
-2139 -8588
-2435 -8465
-3251 -8794
-3471 -8886
-3418 -9056
-4551 -8370
-3961 -7230
-4382 -7049
-4742 -7339
-5442 -7914
-5431 -6736
-4834 -6724
-5593 -6287
-5856 -6792
-6692 -6733
-7150 -6227
-6738 -6524
-7217 -5754
-5771 -5579
-5317 -5490
-5420 -5614
-5818 -5847
-4428 -5690
-4167 -5591
-4262 -5932
-4016 -5901
-3622 -6740
-4215 -6664
-4557 -6521
-4366 -6892
-3164 -7206
-3887 -7808
-2515 -7612
-3060 -8639
-2261 -7930
-1887 -7533
-1686 -7596
-892 -7527
-2702 -7323
-3180 -6712
-2582 -7192
-1621 -7284
-2389 -6648
-2638 -6450
-2779 -6381
-3597 -5988
-3722 -5322
-4124 -5079
-4235 -4886
-4356 -4361
-4326 -5139
-4546 -5220
-4452 -5142
-5401 -4222
-5596 -4233
-5341 -3912
-4990 -4099
-5146 -4357
-4666 -3743
-4179 -3195
-4113 -3542
-3944 -3954
-3890 -3808
-4112 -3098
-3853 -3849
-3872 -3935
-3828 -4240
-3753 -5075
-2709 -5109
-3167 -5007
-3405 -4811
-3160 -4550
-3585 -4918
-3438 -4677
-3230 -3703
-2653 -4970
-2646 -5058
-2142 -4516
-1793 -4442
-1862 -4422
-1462 -4482
-1453 -4591
-1296 -4530
-665 -4200
-411 -3742
-525 -3495
-721 -3851
-777 -4135
-1038 -3819
-1095 -4015
-1793 -4113
-1470 -3896
-1762 -3976
-1898 -3739
-996 -3817
-784 -3645
-606 -3109
-646 -3516
-494 -3485
-656 -2839
-504 -2996
-122 -3750
-263 -3915
-391 -3873
-758 -4954
-525 -4695
-621 -4646
-338 -4399
578 -4556
361 -4629
-181 -4635
46 -4688
460 -4817
841 -4548
1028 -4480
1160 -4593
873 -3960
1131 -4103
1569 -4311
2077 -4497
1581 -4486
2537 -4635
2711 -4229
1244 -3946
2454 -4103
2790 -4029
2022 -4005
3154 -3440
2098 -3424
2615 -3265
2473 -3064
1871 -2960
2178 -2945
2417 -2968
2791 -2894
2668 -2684
2549 -2620
2565 -2747
2684 -2830
2364 -2793
1916 -2784
1379 -2617
1131 -2241
1465 -2578
1785 -2454
2000 -2486
1532 -2596
2425 -2503
2395 -2036
2840 -1645
2808 -2276
2732 -2450
2857 -2612
3092 -3142
3077 -2883
3371 -2935
3639 -3412
3817 -3803
3985 -4196
4020 -3923
4566 -4166
4301 -4467
4173 -4498
3741 -5179
3671 -5246
3441 -5969
3494 -6895
3446 -7331
4261 -6910
4814 -6913
5262 -6717
5494 -6598
5981 -6419
4745 -7085
4238 -7267
3555 -7721
5813 -7578
5170 -8328
4132 -8969
4839 -7851
4549 -8056
4301 -7980
3311 -8254
4161 -9287
5306 -9446
5176 -9315
5093 -9149
5165 -8746
5586 -8089
5791 -8453
6570 -6902
6752 -6357
6689 -6351
6981 -5355
6525 -6306
5351 -6049
4388 -5452
3943 -5173
3716 -6835
3638 -6391
3977 -4821
4311 -4950
5638 -6108
6058 -5949
6364 -5524
6107 -5321
5538 -4570
5039 -4313
5127 -4777
5099 -4996
4569 -4087
4463 -3492
4364 -3363
4513 -3534
4909 -3333
4679 -3569
4752 -3625
5208 -3891
5122 -3424
5147 -3126
4780 -3037
4473 -2501
4333 -3029
3865 -3256
3809 -3313
3774 -3351
3735 -3156
3914 -2826
3790 -2664
3894 -2529
4220 -2551
4328 -1974
4728 -2140
4415 -2397
5039 -2008
5208 -1791
4930 -1806
4994 -1500
5122 -1332
6011 -1475
5336 -1839
5968 -2022
6484 -2284
6481 -2438
6244 -2244
5049 -2109
5341 -3119
5397 -3004
5820 -2879
5543 -3356
5352 -3825
5430 -3699
6422 -2994
6235 -3248
5779 -4010
6027 -4468
5526 -4379
5311 -4197
5772 -4734
6476 -5238
6268 -4878
6515 -4042
6265 -3453
6537 -3074
7043 -2823
6597 -2398
6764 -2369
6038 -1596
5966 -1560
6363 -1212
6125 -903
5914 -861
5752 -879
5748 -1094
5707 -1098
5571 -1051
5342 -516
5468 -294
5250 -199
5462 620
5067 223
5015 -15
5195 -518
5169 -657
4892 -980
4806 -1761
4104 -797
4069 -902
4238 -1121
4878 -1904
4358 -1397
4464 -1578
4134 -1224
3818 -1299
3572 -1044
3978 -653
4757 -996
4770 -486
4599 -469
4419 -481
4015 -573
4959 275
4757 467
3956 -78
3918 15
4276 422
4695 570
4253 609
4143 471
3672 422
3762 18
3536 -403
3009 -176
2915 -187
3393 -520
3888 -655
3145 -1315
3319 -1665
3423 -1550
3613 -1691
3850 -1937
4083 -2080
3755 -2451
3796 -2282
3383 -2167
3354 -2480
3787 -3053
3303 -2808
3012 -2667
3099 -2485
3068 -1396
2848 -1226
2526 -770
2574 -575
2508 -446
2384 -833
2388 -986
2481 -974
2578 -1405
2756 -1372
2277 -1623
2980 -1448
2964 -1530
2235 -1995
2194 -2028
1999 -1902
2381 -2299
1307 -2275
1456 -2130
1691 -2049
1966 -1890
1146 -2113
1070 -2113
754 -2487
658 -1957
717 -2055
778 -2006
804 -1847
626 -1912
280 -1712
462 -1303
836 -1523
449 -1228
903 -1423
448 -882
481 -843
709 -694
1132 -695
943 -819
1213 -1174
1444 -1189
1221 -659
1582 -1250
1214 -1344
1212 -1355
1077 -1051
939 -1562
762 -1617
982 -1916
1409 -1703
1571 -1829
1770 -1542
1793 -1540
1591 -1326
2087 -1608
2330 -484
2121 -946
2453 -143
2745 -380
2768 -799
3006 -1225
3126 -876
3057 -775
3377 -671
2759 -215
2583 -120
2422 -61
3120 -116
3390 -40
3551 80
3016 366
2457 138
2534 332
2833 368
2897 365
3060 644
2804 798
2853 909
2891 900
3007 1059
3082 687
3106 875
3083 1058
3040 1143
3344 1117
3584 1014
3697 554
4005 1017
4128 1149
4146 1396
3789 1756
4308 1868
3964 2068
3943 2440
4652 2143
4821 2175
5447 1796
4361 1624
4392 1622
4874 1368
5596 1821
4647 3049
4524 3125
4647 3100
4137 3440
4372 2843
3689 2735
3506 2017
3391 2624
4176 3131
3652 3842
3217 2941
3441 3465
3517 3586
3101 3339
3489 3669
3166 3603
3283 4032
3487 4017
3323 4434
2774 5081
2682 4879
2558 4652
2432 4312
2578 4304
2964 4796
3044 4124
3074 3563
3026 3550
2899 3983
2543 3548
2640 3910
1823 4004
1154 3785
891 3842
908 3963
1755 4114
2884 4071
1417 4142
2090 4262
2034 4430
960 4435
950 4102
905 4333
692 4453
2618 5245
2511 5333
2695 5362
2707 5432
2254 6681
2081 7221
2516 5984
2367 6728
2303 7243
2816 7753
3402 7591
3470 8043
2723 9229
1746 9089
2176 8593
1957 8236
1583 8999
1545 9114
1362 9071
1402 8242
1236 7938
1970 7384
1151 6721
267 7387
114 7304
386 7150
302 7106
365 6249
257 6654
384 5717
-168 6160
-1133 5631
-1413 5658
-1787 5672
-2061 6196
-2242 6257
-2485 6848
-2107 6418
-2047 6517
-1357 6181
-1990 6895
-2295 7688
-2708 7676
-2595 6978
-3311 7584
-3573 7441
-3698 7414
-3435 7111
-3264 6816
-3209 6658
-3562 6744
-3980 6846
-3783 6008
-3853 5955
-2618 5718
-2677 6002
-2573 5922
-2307 5427
-2245 5354
-1897 5225
-1594 4722
-2827 4163
-2008 4399
-2991 4103
-1626 4039
-1064 4107
-1917 4180
-2040 4099
-2221 4161
-1720 4438
-1247 4374
-1177 4248
-1013 4184
-1011 4400
-1386 4767
-1816 5217
-1495 5060
-1179 4899
-743 4256
-689 4086
-304 3685
-503 3658
-536 3658
-614 3458
-440 3233
-1135 3295
-670 3338
-1025 3556
-900 4024
-2484 3857
-2148 3832
-929 4015
-1067 3643
-1147 3573
-2235 2962
-1959 3133
-1687 3428
-1954 3185
-2935 3261
-2712 2784
-2352 2576
-1993 2655
-2268 2895
-2010 2967
-1532 2605
-1386 2544
-802 2274
-1719 2448
-1986 2638
-2131 2486
-2005 2254
-1945 1949
-2143 2125
-2556 2092
-2174 1728
-2683 1739
-3176 1230
-3353 1556
-2974 1909
-3294 2083
-3379 2271
-3529 1932
-3306 1868
-3695 1833
-3877 1539
-3157 779
-3802 388
-4028 156
-3619 427
-3215 427
-3300 629
-3098 741
-2691 1196
-2487 1310
-2597 1392
-2245 1273
-2068 1543
-1752 870
-1951 1307
-2130 1886
-1771 1743
-1904 2158
-1266 1857
-1061 1913
-1171 2302
-664 1971
-537 1802
-637 1630
-853 1706
-946 1650
-928 1632
-701 1463
-1105 1622
-1099 1045
-1101 965
-1005 777
-703 824
-697 791
-528 504
-364 445
-315 1003
-599 924
-384 1005
-197 1090
-363 1062
-225 1361
-488 1270
-557 1256
-151 1448
-247 1880
-374 1674
-219 1748
-662 1451
-380 2068
-599 2316
-589 2351
-122 2854
-70 2920
-472 2701
-636 2798
-898 2912
-1241 2809
-1605 3145
-835 3249
-1154 3181
-745 3125
-241 3190
128 3205
145 3061
-18 2621
-157 2427
21 2600
834 3032
584 2720
6 2471
-32 2341
90 2314
-75 1567
176 2068
171 2217
698 2417
1096 2568
1784 2570
2070 2734
1524 2871
1640 2996
1690 3039
1394 3209
1337 3124
1206 2978
1147 3042
406 3303
474 3255
319 3270
209 3270
602 3531
-99 3806
-745 4303
-1166 5312
-957 5567
-812 5663
-1030 5292
-505 4729
-182 5272
-367 5544
-621 5842
-408 5904
359 5624
569 5312
1587 5578
1347 5670
1398 6083
849 6117
1457 6372
1316 6754
1990 5868
1975 5840
2252 5484
1929 6087
2017 6676
2390 5953
2529 5521
2413 5418
2020 5328
1064 4721
754 4535
614 4912
-393 4630
33 4648
29 4316
-52 4265
536 4183
73 4213
156 3907
696 3532
1151 3331
1304 3451
1887 3863
1992 3759
2384 3843
2069 3069
2985 3546
2983 3102
2879 2800
2709 2828
2162 2803
2107 2705
1357 2328
1058 2165
967 2375
858 2207
901 2203
750 2077
274 2100
718 1532
826 1515
1607 1813
1616 1714
2217 1202
2321 1249
2668 1405
2301 1248
2230 1357
2297 1452
2155 1548
1875 1810
1966 1693
1370 2139
2251 2586
2794 2400
2987 2492
2649 2101
2654 2317
2619 2137
2705 1891
2645 1745
2708 1812
3035 2396
3178 2522
3245 2624
3339 2421
3462 1560
3369 1396
3442 1542
3126 2356
2582 1621
2645 1568
3136 1498
2972 1092
2365 791
2174 432
2118 736
2469 1086
1994 825
1615 1081
1678 1295
1889 1310
1702 1381
1337 1208
1028 1067
1008 1139
1062 1421
935 1333
761 1343
208 1481
-53 1509
-174 1307
246 1383
728 1080
617 920
-191 147
-154 160
-108 124
245 113
153 428
340 236
605 870
481 152
387 80
586 -159
364 -252
333 -216
22 -272
105 -438
847 -89
1037 -248
871 -12
852 298
1102 621
740 449
1055 735
1397 974
1726 752
1228 189
2018 280
2272 239
1826 96
1637 35
1890 61
2171 -430
2036 -320
1788 -97
1824 -237
1008 -1
1067 -313
1240 -223
1163 -394
968 -471
399 -665
150 -1190
99 -1190
317 -1400
-228 -1650
-354 -1928
-180 -1871
69 -2010
-143 -1976
-221 -2067
120 -2283
149 -2297
72 -2211
21 -2150
312 -2070
737 -2590
1114 -2604
1347 -2715
1568 -2889
2001 -3236
1845 -3284
1651 -3470
1339 -2929
960 -2741
1261 -3051
1288 -3402
1571 -3605
1739 -3806
908 -3516
761 -3268
901 -3433
1268 -3449
671 -2860
110 -2384
341 -2606
672 -3243
286 -2675
15 -2330
-308 -2290
28 -3029
408 -3902
565 -3939
216 -3966
-173 -2986
-269 -3290
-143 -2661
-471 -2315
-570 -2305
-515 -2984
-618 -2821
-653 -2564
-753 -2208
-746 -2663
-860 -1936
-690 -1700
-641 -1671
-464 -1703
-122 -1029
68 -670
-306 -810
-396 -1000
-280 -1074
-517 -1391
-635 -1562
-896 -915
-950 -950
-794 -715
-682 -579
-632 -1194
-476 -995
-486 -989
-57 -79
-154 102
-513 -260
-744 -182
-652 -124
-597 315
-529 412
-1174 495
-755 627
-1594 629
-1678 769
-1516 1140
-1120 1620
-1514 1230
-1657 966
-1866 621
-2122 1354
-2263 971
-2143 621
-1929 623
-1650 411
-1672 271
-1881 156
-1894 -626
-2016 -324
-2015 -964
-2037 -915
-2226 -284
-2155 -296
-2055 -191
-2179 414
-2647 751
-2775 708
-2559 459
-2771 -45
-2723 104
-3034 43
-2908 181
-2813 282
-4653 -297
-4195 -687
-4749 -617
-3713 -1079
-3950 -404
-4056 -177
-3994 -226
-3470 -256
-2973 -389
-3287 -630
-3572 -611
-3391 -1001
-3182 -662
-3023 -1232
-3992 -1182
-4396 -1007
-4486 -945
-4580 -1136
-5059 -499
-5374 -678
-5378 -847
-5585 -932
-5354 -1071
-5025 -1276
-4647 -1407
-3887 -1488
-3576 -1664
-3757 -1786
-3644 -1785
-3695 -2233
-2982 -2677
-3316 -2878
-3307 -3217
-3297 -3067
-3122 -2781
-2833 -2807
-2636 -2480
-3136 -2164
-3323 -1940
-3315 -1805
-3157 -1527
-2949 -1687
-2693 -1578
-2568 -1744
-2769 -2181
-2483 -2600
-2351 -2397
-2197 -1782
-2084 -1680
-2098 -1749
-2049 -2047
-1766 -1964
-1879 -1429
-1768 -1453
-1733 -1236
-1672 -1189
-1602 -1283
-1625 -972
-1976 -1465
-2607 -1257
-2734 -979
-2794 -897
-2630 -794
-2514 -841
-2627 -252
-2370 -91
-2335 193
-2440 119
-2504 356
-2442 478
-2210 -66
-2355 -889
-2359 -1051
-2526 -999
-2311 -1197
-1628 -918
-1803 -864
-1852 -892
-1625 -354
-1679 -213
-1579 134
-1560 -330
-1404 -807
-1434 -696
-1370 -382
-1391 -142
-1338 145
-1357 38
-1258 -120
-943 -412
-775 -132
-988 -718
-981 -808
-1112 -1127
-705 -1430
-1003 -1339
-1190 -1214
-1243 -545
-1298 -126
-1334 -1268
-1198 -1519
-1016 -1502
-1072 -1940
-1248 -1754
-1233 -2201
-613 -3030
-958 -2834
-1237 -2208
-1509 -2683
-1771 -2987
-2206 -3628
-2251 -3917
-2361 -4071
-2557 -4040
-2776 -3589
-2609 -3613
-1618 -2726
-1500 -2278
-2049 -2341
-2069 -2249
-2235 -2881
-2160 -2896
-2425 -3106
-2498 -3184
-2611 -3359
-3008 -3305
-3262 -3254
-3428 -3382
-3592 -3794
-3656 -3998
-3647 -3174
-3417 -2749
-4018 -1931
-4082 -2438
-4213 -2386
-4332 -1963
-4412 -1799
-5054 -1594
-5085 -1947
-5541 -1491
-5294 -2118
-4892 -2125
-4530 -2579
-4701 -2623
-5012 -2988
-5188 -3038
-5700 -3036
-5756 -2543
-6082 -1851
-6645 -778
-6024 -2047
-6055 -4284
-6269 -3350
-6352 -2915
-6341 -4015
-5591 -5403
-6506 -5000
-6391 -4301
-6524 -4143
-6770 -3753
-6814 -2233
-6364 -2714
-6216 -2288
-6453 -2002
-7394 -2398
-8000 -2266
-8169 -1953
-7413 -1703
-7520 -1672
-8158 -1830
-8006 -589
-7366 -1589
-7898 -635
-7624 -285
-7579 -384
-7135 -906
-6967 -1062
-7389 -295
-6741 917
-5938 890
-5954 471
-6173 284
-6439 371
-6201 -1254
-6270 -1030
-6622 561
-6732 365
-6869 -343
-6801 -427
-6310 -1414
-5659 -2541
-5560 -2514
-5280 -2166
-5536 -1920
-5720 -1500
-6073 -521
-5163 -257
-4909 41
-5232 -52
-5531 -174
-5782 324
-4651 486
-5190 598
-5177 1177
-4682 589
-4604 516
-4617 572
-3901 773
-3844 1083
-3953 847
-4274 839
-4450 1425
-4710 1463
-4307 1668
-4513 1818
-4388 1873
-4069 1900
-3910 1823
-3582 2236
-3543 2177
-3432 2641
-3759 2741
-3664 2499
-3482 2561
-4034 2318
-4947 2565
-5160 2730
-5328 2667
-5347 2687
-5390 2705
-5794 2750
-7143 3573
-5849 4140
-5873 4561
-5840 4737
-5223 4029
-5439 4113
-5473 3475
-5865 3450
-5659 3053
-5559 3088
-4955 2594
-5470 3090
-4306 2926
-4649 3653
-4693 3714
-5468 4905
-5930 5224
-5375 4895
-5017 5180
-4174 5594
-4258 4935
-4541 4235
-3866 4329
-3853 5025
-3751 4779
-3557 5443
-3383 4415
-3353 3945
-4904 4055
-4502 3730
-3482 2991
-3886 2985
-3147 2729
-2707 2167
-2772 2662
-3003 2938
-4381 3771
-4217 3945
-3959 3961
-3618 3830
-3968 3626
-3478 3417
-3167 3472
-3102 3519
-3576 3583
-2113 3513
-2552 3857
-3163 4055
-3032 4470
-2906 4142
-2110 5021
-3088 4762
-3203 5168
-3136 5681
-4351 5705
-4340 6489
-4984 6454
-4062 7004
-4202 7263
-4405 7717
-3773 8261
-4012 8081
-5410 7946
-5045 7596
-6100 8126
-5453 7174
-5290 6680
-5612 6475
-5411 4977
-6016 5706
-6421 5419
-6255 5375
-6727 5316
-7040 5157
-7796 4614
-7170 5497
-6596 5799
-6287 6354
-5962 6895
-6345 7333
-6528 7484
-6578 7556
-6824 8037
-3436 8895
-2786 8512
-3343 8454
-1739 8012
-840 7841
-947 7296
-1608 6720
-833 6324
291 6751
-517 6514
-411 7018
-5 7797
602 8354
874 8168
1089 8947
-45 8157
-221 8467
731 8939
894 9069
3118 9738
3721 8205
3366 9126
4003 8421
4483 7403
4019 6947
4110 6773
4013 6503
3523 7082
3306 6975
3456 6021
4229 5823
4081 5595
3139 5933
2851 6127
3291 5270
3407 5020
2672 6210
3039 4997
3442 4677
3624 4093
3741 3974
3813 4080
3831 4128
4055 3874
4169 3762
3937 4322
3814 4502
3931 4853
3533 5557
3869 5637
4345 5504
4238 4964
4201 4781
4620 4050
5028 3646
5433 4139
4750 4800
4979 4397
4841 4291
4531 4817
4578 5267
4849 4886
5343 4826
5527 4944
5886 4491
5798 3917
6136 4738
5949 5214
5906 5024
5918 4987
4946 5086
5793 5861
6495 6720
6997 7122
6294 7125
5755 7859
6561 8810
6345 7671
6783 9307
8483 6441
9386 7501
8922 6566
8931 5858
8583 5882
8568 6350
7698 6099
7534 5716
8289 5344
7854 5366
7480 4747
7019 4939
6341 5730
6380 5437
7312 3969
6962 3824
8181 3748
7369 3296
7175 3411
6106 3623
6090 3482
5153 3552
4405 3473
4904 3259
4938 3245
6183 3181
6319 3467
7223 3191
7473 3150
6176 2936
6135 2288
5978 1986
5948 1917
5786 2478
5209 2693
5452 2065
5824 2175
5572 1997
6170 1369
6314 1527
6478 916
6104 1156
5827 1292
5572 1479
5514 1293
5134 1473
4838 1082
4852 1039
4765 1086
4842 1136
4622 1112
4526 715
5290 949
5239 982
6299 592
6842 361
7139 356
6528 944
6642 1943
6334 1532
6287 2598
6501 2734
7109 2988
7201 2810
7218 2459
7072 2322
6568 2541
6694 2050
7248 1796
7189 540
7689 444
8411 152
