2000
-93 9907
-98 9902
-100 9900
-101 9899
-123 9877
-180 9820
-192 9808
-196 9804
-197 9803
-238 9762
-253 9747
-268 9732
-282 9718
-290 9710
-294 9706
-334 9666
-428 9572
-466 9534
-474 9526
-477 9523
-486 9514
-504 9496
-534 9466
-536 9464
-573 9427
-605 9395
-612 9388
-614 9386
-622 9378
-624 9376
-632 9368
-657 9343
-659 9341
-674 9326
-726 9274
-734 9266
-735 9265
-792 9208
-797 9203
-800 9200
-816 9184
-824 9176
-838 9162
-853 9147
-881 9119
-882 9118
-894 9106
-920 9080
-957 9043
-963 9037
-974 9026
-978 9022
-985 9015
-993 9007
-1029 8971
-1034 8966
-1037 8963
-1067 8933
-1078 8922
-1114 8886
-1123 8877
-1132 8868
-1135 8865
-1149 8851
-1184 8816
-1196 8804
-1220 8780
-1230 8770
-1236 8764
-1246 8754
-1266 8734
-1300 8700
-1305 8695
-1309 8691
-1319 8681
-1333 8667
-1336 8664
-1380 8620
-1393 8607
-1399 8601
-1439 8561
-1444 8556
-1445 8555
-1461 8539
-1472 8528
-1484 8516
-1519 8481
-1524 8476
-1562 8438
-1563 8437
-1564 8436
-1587 8413
-1599 8401
-1618 8382
-1620 8380
-1626 8374
-1635 8365
-1649 8351
-1659 8341
-1689 8311
-1701 8299
-1705 8295
-1716 8284
-1727 8273
-1737 8263
-1740 8260
-1756 8244
-1784 8216
-1862 8138
-1870 8130
-1883 8117
-1886 8114
-1887 8113
-1912 8088
-1921 8079
-1924 8076
-1926 8074
-1951 8049
-1952 8048
-1959 8041
-1991 8009
-1999 8001
-2006 7994
-2043 7957
-2062 7938
-2077 7923
-2087 7913
-2160 7840
-2175 7825
-2237 7763
-2245 7755
-2261 7739
-2263 7737
-2296 7704
-2305 7695
-2314 7686
-2317 7683
-2333 7667
-2377 7623
-2402 7598
-2417 7583
-2421 7579
-2437 7563
-2444 7556
-2465 7535
-2470 7530
-2474 7526
-2517 7483
-2525 7475
-2528 7472
-2560 7440
-2562 7438
-2570 7430
-2582 7418
-2596 7404
-2600 7400
-2602 7398
-2630 7370
-2652 7348
-2653 7347
-2669 7331
-2674 7326
-2712 7288
-2717 7283
-2781 7219
-2792 7208
-2804 7196
-2805 7195
-2822 7178
-2831 7169
-2847 7153
-2858 7142
-2898 7102
-2933 7067
-2939 7061
-2969 7031
-2980 7020
-3000 7000
-3060 6940
-3084 6916
-3121 6879
-3125 6875
-3136 6864
-3163 6837
-3169 6831
-3171 6829
-3200 6800
-3216 6784
-3240 6760
-3244 6756
-3250 6750
-3258 6742
-3260 6740
-3280 6720
-3313 6687
-3344 6656
-3386 6614
-3391 6609
-3416 6584
-3423 6577
-3441 6559
-3486 6514
-3500 6500
-3503 6497
-3515 6485
-3520 6480
-3522 6478
-3548 6452
-3600 6400
-3611 6389
-3618 6382
-3630 6370
-3644 6356
-3655 6345
-3686 6314
-3689 6311
-3699 6301
-3711 6289
-3725 6275
-3757 6243
-3776 6224
-3851 6149
-3950 6050
-3993 6007
-3996 6004
-4018 5982
-4046 5954
-4074 5926
-4111 5889
-4145 5855
-4154 5846
-4186 5814
-4200 5800
-4202 5798
-4239 5761
-4251 5749
-4259 5741
-4271 5729
-4285 5715
-4332 5668
-4334 5666
-4339 5661
-4385 5615
-4401 5599
-4419 5581
-4433 5567
-4456 5544
-4471 5529
-4498 5502
-4599 5401
-4600 5400
-4605 5395
-4672 5328
-4679 5321
-4688 5312
-4698 5302
-4704 5296
-4737 5263
-4738 5262
-4741 5259
-4838 5162
-4936 5064
-4980 5020
-4982 5018
-5024 4976
-5031 4969
-5059 4941
-5114 4886
-5134 4866
-5144 4856
-5145 4855
-5197 4803
-5204 4796
-5218 4782
-5223 4777
-5232 4768
-5233 4767
-5241 4759
-5249 4751
-5265 4735
-5300 4700
-5302 4698
-5304 4696
-5342 4658
-5403 4597
-5423 4577
-5434 4566
-5440 4560
-5458 4542
-5461 4539
-5485 4515
-5510 4490
-5603 4397
-5607 4393
-5613 4387
-5631 4369
-5637 4363
-5652 4348
-5671 4329
-5678 4322
-5704 4296
-5710 4290
-5719 4281
-5723 4277
-5764 4236
-5788 4212
-5799 4201
-5812 4188
-5844 4156
-5865 4135
-5915 4085
-5924 4076
-5937 4063
-5949 4051
-5952 4048
-5955 4045
-6041 3959
-6148 3852
-6160 3840
-6197 3803
-6217 3783
-6274 3726
-6285 3715
-6324 3676
-6344 3656
-6397 3603
-6443 3557
-6449 3551
-6464 3536
-6468 3532
-6495 3505
-6496 3504
-6499 3501
-6526 3474
-6536 3464
-6538 3462
-6539 3461
-6549 3451
-6563 3437
-6581 3419
-6590 3410
-6603 3397
-6604 3396
-6626 3374
-6655 3345
-6675 3325
-6682 3318
-6686 3314
-6793 3207
-6797 3203
-6855 3145
-6866 3134
-6894 3106
-6901 3099
-6936 3064
-6945 3055
-6969 3031
-6970 3030
-6988 3012
-7110 2890
-7113 2887
-7129 2871
-7145 2855
-7213 2787
-7246 2754
-7255 2745
-7258 2742
-7291 2709
-7299 2701
-7312 2688
-7364 2636
-7369 2631
-7384 2616
-7407 2593
-7415 2585
-7432 2568
-7434 2566
-7436 2564
-7457 2543
-7465 2535
-7514 2486
-7520 2480
-7521 2479
-7523 2477
-7532 2468
-7537 2463
-7550 2450
-7551 2449
-7582 2418
-7605 2395
-7616 2384
-7668 2332
-7669 2331
-7678 2322
-7738 2262
-7746 2254
-7759 2241
-7767 2233
-7779 2221
-7827 2173
-7837 2163
-7943 2057
-7944 2056
-8003 1997
-8011 1989
-8027 1973
-8042 1958
-8047 1953
-8056 1944
-8075 1925
-8114 1886
-8126 1874
-8156 1844
-8158 1842
-8192 1808
-8197 1803
-8200 1800
-8201 1799
-8206 1794
-8216 1784
-8221 1779
-8241 1759
-8267 1733
-8291 1709
-8332 1668
-8341 1659
-8362 1638
-8367 1633
-8380 1620
-8383 1617
-8389 1611
-8391 1609
-8431 1569
-8437 1563
-8472 1528
-8478 1522
-8483 1517
-8507 1493
-8509 1491
-8563 1437
-8571 1429
-8591 1409
-8598 1402
-8602 1398
-8624 1376
-8630 1370
-8650 1350
-8658 1342
-8665 1335
-8667 1333
-8685 1315
-8713 1287
-8759 1241
-8838 1162
-8865 1135
-8873 1127
-8948 1052
-8961 1039
-8984 1016
-8997 1003
-9024 976
-9047 953
-9062 938
-9064 936
-9090 910
-9093 907
-9096 904
-9135 865
-9141 859
-9144 856
-9145 855
-9171 829
-9194 806
-9201 799
-9231 769
-9240 760
-9258 742
-9341 659
-9410 590
-9417 583
-9522 478
-9543 457
-9556 444
-9557 443
-9572 428
-9594 406
-9645 355
-9651 349
-9719 281
-9732 268
-9743 257
-9752 248
-9848 152
-9857 143
-9862 138
-9876 124
-9905 95
-9907 93
-9918 82
-9987 13
-10000 0
-9981 -19
-9964 -36
-9959 -41
-9958 -42
-9933 -67
-9887 -113
-9870 -130
-9847 -153
-9836 -164
-9807 -193
-9780 -220
-9779 -221
-9770 -230
-9752 -248
-9751 -249
-9746 -254
-9735 -265
-9708 -292
-9687 -313
-9683 -317
-9671 -329
-9648 -352
-9643 -357
-9641 -359
-9592 -408
-9547 -453
-9536 -464
-9503 -497
-9502 -498
-9492 -508
-9485 -515
-9479 -521
-9462 -538
-9458 -542
-9440 -560
-9423 -577
-9363 -637
-9339 -661
-9291 -709
-9282 -718
-9272 -728
-9268 -732
-9247 -753
-9243 -757
-9214 -786
-9189 -811
-9160 -840
-9140 -860
-9133 -867
-9125 -875
-9122 -878
-9077 -923
-9062 -938
-9059 -941
-9046 -954
-9008 -992
-8993 -1007
-8978 -1022
-8971 -1029
-8948 -1052
-8930 -1070
-8928 -1072
-8922 -1078
-8913 -1087
-8874 -1126
-8868 -1132
-8802 -1198
-8799 -1201
-8782 -1218
-8667 -1333
-8618 -1382
-8554 -1446
-8517 -1483
-8501 -1499
-8469 -1531
-8460 -1540
-8421 -1579
-8377 -1623
-8280 -1720
-8277 -1723
-8270 -1730
-8193 -1807
-8191 -1809
-8169 -1831
-8122 -1878
-8098 -1902
-8088 -1912
-8073 -1927
-8054 -1946
-8052 -1948
-8044 -1956
-7962 -2038
-7910 -2090
-7900 -2100
-7887 -2113
-7838 -2162
-7816 -2184
-7778 -2222
-7761 -2239
-7747 -2253
-7741 -2259
-7729 -2271
-7715 -2285
-7619 -2381
-7600 -2400
-7567 -2433
-7565 -2435
-7559 -2441
-7502 -2498
-7495 -2505
-7489 -2511
-7473 -2527
-7465 -2535
-7449 -2551
-7407 -2593
-7405 -2595
-7373 -2627
-7358 -2642
-7355 -2645
-7341 -2659
-7340 -2660
-7339 -2661
-7304 -2696
-7289 -2711
-7271 -2729
-7252 -2748
-7225 -2775
-7218 -2782
-7213 -2787
-7169 -2831
-7118 -2882
-7100 -2900
-7071 -2929
-7069 -2931
-7025 -2975
-7001 -2999
-6967 -3033
-6961 -3039
-6940 -3060
-6917 -3083
-6914 -3086
-6898 -3102
-6881 -3119
-6855 -3145
-6839 -3161
-6833 -3167
-6823 -3177
-6814 -3186
-6804 -3196
-6796 -3204
-6778 -3222
-6765 -3235
-6758 -3242
-6754 -3246
-6724 -3276
-6715 -3285
-6713 -3287
-6669 -3331
-6664 -3336
-6626 -3374
-6572 -3428
-6536 -3464
-6510 -3490
-6484 -3516
-6482 -3518
-6472 -3528
-6445 -3555
-6403 -3597
-6364 -3636
-6289 -3711
-6280 -3720
-6271 -3729
-6251 -3749
-6230 -3770
-6219 -3781
-6178 -3822
-6167 -3833
-6160 -3840
-6138 -3862
-6124 -3876
-6123 -3877
-6105 -3895
-6084 -3916
-6073 -3927
-6059 -3941
-6001 -3999
-5993 -4007
-5973 -4027
-5971 -4029
-5968 -4032
-5947 -4053
-5920 -4080
-5917 -4083
-5908 -4092
-5906 -4094
-5897 -4103
-5883 -4117
-5869 -4131
-5868 -4132
-5844 -4156
-5840 -4160
-5754 -4246
-5747 -4253
-5742 -4258
-5720 -4280
-5705 -4295
-5672 -4328
-5671 -4329
-5645 -4355
-5637 -4363
-5627 -4373
-5626 -4374
-5581 -4419
-5578 -4422
-5561 -4439
-5547 -4453
-5533 -4467
-5527 -4473
-5524 -4476
-5422 -4578
-5402 -4598
-5388 -4612
-5376 -4624
-5372 -4628
-5369 -4631
-5354 -4646
-5350 -4650
-5349 -4651
-5347 -4653
-5319 -4681
-5302 -4698
-5278 -4722
-5269 -4731
-5212 -4788
-5190 -4810
-5187 -4813
-5185 -4815
-5175 -4825
-5144 -4856
-5112 -4888
-5082 -4918
-5056 -4944
-5053 -4947
-5045 -4955
-5038 -4962
-5010 -4990
-4997 -5003
-4993 -5007
-4984 -5016
-4961 -5039
-4952 -5048
-4941 -5059
-4912 -5088
-4896 -5104
-4893 -5107
-4874 -5126
-4872 -5128
-4858 -5142
-4796 -5204
-4765 -5235
-4762 -5238
-4736 -5264
-4720 -5280
-4718 -5282
-4677 -5323
-4666 -5334
-4660 -5340
-4646 -5354
-4643 -5357
-4563 -5437
-4516 -5484
-4497 -5503
-4495 -5505
-4457 -5543
-4446 -5554
-4430 -5570
-4406 -5594
-4380 -5620
-4377 -5623
-4290 -5710
-4245 -5755
-4244 -5756
-4198 -5802
-4190 -5810
-4177 -5823
-4122 -5878
-4107 -5893
-4104 -5896
-4084 -5916
-4068 -5932
-4059 -5941
-4039 -5961
-4033 -5967
-3982 -6018
-3952 -6048
-3909 -6091
-3893 -6107
-3886 -6114
-3882 -6118
-3874 -6126
-3870 -6130
-3864 -6136
-3844 -6156
-3829 -6171
-3826 -6174
-3797 -6203
-3760 -6240
-3726 -6274
-3661 -6339
-3658 -6342
-3650 -6350
-3642 -6358
-3616 -6384
-3584 -6416
-3565 -6435
-3561 -6439
-3551 -6449
-3550 -6450
-3542 -6458
-3539 -6461
-3527 -6473
-3520 -6480
-3513 -6487
-3496 -6504
-3492 -6508
-3466 -6534
-3436 -6564
-3410 -6590
-3404 -6596
-3363 -6637
-3342 -6658
-3339 -6661
-3308 -6692
-3262 -6738
-3212 -6788
-3195 -6805
-3152 -6848
-3123 -6877
-3121 -6879
-3105 -6895
-3093 -6907
-3059 -6941
-3040 -6960
-3030 -6970
-3025 -6975
-3017 -6983
-3011 -6989
-2904 -7096
-2894 -7106
-2890 -7110
-2887 -7113
-2877 -7123
-2855 -7145
-2843 -7157
-2817 -7183
-2787 -7213
-2776 -7224
-2746 -7254
-2737 -7263
-2700 -7300
-2699 -7301
-2680 -7320
-2669 -7331
-2656 -7344
-2654 -7346
-2619 -7381
-2602 -7398
-2523 -7477
-2514 -7486
-2511 -7489
-2491 -7509
-2449 -7551
-2445 -7555
-2432 -7568
-2371 -7629
-2313 -7687
-2312 -7688
-2298 -7702
-2281 -7719
-2268 -7732
-2262 -7738
-2217 -7783
-2207 -7793
-2185 -7815
-2156 -7844
-2122 -7878
-2104 -7896
-2103 -7897
-2095 -7905
-2023 -7977
-2020 -7980
-2004 -7996
-2001 -7999
-1966 -8034
-1951 -8049
-1923 -8077
-1922 -8078
-1919 -8081
-1913 -8087
-1906 -8094
-1888 -8112
-1878 -8122
-1863 -8137
-1857 -8143
-1851 -8149
-1844 -8156
-1824 -8176
-1808 -8192
-1802 -8198
-1763 -8237
-1743 -8257
-1686 -8314
-1596 -8404
-1584 -8416
-1522 -8478
-1513 -8487
-1481 -8519
-1472 -8528
-1469 -8531
-1463 -8537
-1428 -8572
-1403 -8597
-1330 -8670
-1329 -8671
-1318 -8682
-1275 -8725
-1263 -8737
-1257 -8743
-1207 -8793
-1196 -8804
-1191 -8809
-1187 -8813
-1172 -8828
-1170 -8830
-1148 -8852
-1133 -8867
-1107 -8893
-1094 -8906
-1091 -8909
-1066 -8934
-1064 -8936
-1043 -8957
-1037 -8963
-1018 -8982
-901 -9099
-877 -9123
-865 -9135
-858 -9142
-776 -9224
-775 -9225
-761 -9239
-745 -9255
-735 -9265
-707 -9293
-665 -9335
-619 -9381
-544 -9456
-531 -9469
-527 -9473
-506 -9494
-463 -9537
-450 -9550
-447 -9553
-443 -9557
-428 -9572
-379 -9621
-373 -9627
-352 -9648
-270 -9730
-240 -9760
-224 -9776
-192 -9808
-179 -9821
-170 -9830
-147 -9853
-67 -9933
-52 -9948
-29 -9971
-12 -9988
-9 -9991
0 -10000
59 -9941
70 -9930
74 -9926
91 -9909
117 -9883
122 -9878
125 -9875
129 -9871
145 -9855
151 -9849
191 -9809
204 -9796
210 -9790
233 -9767
234 -9766
248 -9752
264 -9736
267 -9733
273 -9727
330 -9670
336 -9664
348 -9652
373 -9627
391 -9609
415 -9585
420 -9580
481 -9519
502 -9498
510 -9490
517 -9483
527 -9473
569 -9431
574 -9426
605 -9395
679 -9321
709 -9291
736 -9264
739 -9261
764 -9236
798 -9202
816 -9184
828 -9172
839 -9161
883 -9117
897 -9103
941 -9059
963 -9037
965 -9035
977 -9023
987 -9013
1030 -8970
1035 -8965
1041 -8959
1052 -8948
1086 -8914
1088 -8912
1093 -8907
1126 -8874
1136 -8864
1199 -8801
1203 -8797
1227 -8773
1273 -8727
1297 -8703
1310 -8690
1316 -8684
1341 -8659
1351 -8649
1372 -8628
1382 -8618
1387 -8613
1399 -8601
1458 -8542
1471 -8529
1484 -8516
1497 -8503
1610 -8390
1619 -8381
1633 -8367
1642 -8358
1661 -8339
1662 -8338
1671 -8329
1695 -8305
1707 -8293
1710 -8290
1725 -8275
1737 -8263
1768 -8232
1777 -8223
1793 -8207
1807 -8193
1820 -8180
1826 -8174
1827 -8173
1847 -8153
1851 -8149
1859 -8141
1881 -8119
1908 -8092
1912 -8088
1943 -8057
1946 -8054
1952 -8048
1963 -8037
1964 -8036
2017 -7983
2025 -7975
2028 -7972
2054 -7946
2062 -7938
2086 -7914
2097 -7903
2099 -7901
2100 -7900
2153 -7847
2201 -7799
2205 -7795
2222 -7778
2285 -7715
2319 -7681
2356 -7644
2357 -7643
2377 -7623
2385 -7615
2445 -7555
2510 -7490
2539 -7461
2553 -7447
2582 -7418
2592 -7408
2634 -7366
2635 -7365
2660 -7340
2673 -7327
2676 -7324
2705 -7295
2739 -7261
2784 -7216
2786 -7214
2844 -7156
2859 -7141
2869 -7131
2886 -7114
2897 -7103
2903 -7097
2922 -7078
2936 -7064
2951 -7049
2957 -7043
2962 -7038
2972 -7028
2976 -7024
2978 -7022
2988 -7012
2989 -7011
2990 -7010
2991 -7009
2992 -7008
3003 -6997
3005 -6995
3045 -6955
3057 -6943
3067 -6933
3069 -6931
3078 -6922
3086 -6914
3094 -6906
3117 -6883
3120 -6880
3122 -6878
3133 -6867
3148 -6852
3151 -6849
3154 -6846
3166 -6834
3192 -6808
3238 -6762
3280 -6720
3313 -6687
3338 -6662
3348 -6652
3351 -6649
3407 -6593
3421 -6579
3422 -6578
3429 -6571
3467 -6533
3471 -6529
3473 -6527
3478 -6522
3503 -6497
3511 -6489
3537 -6463
3583 -6417
3601 -6399
3622 -6378
3631 -6369
3652 -6348
3657 -6343
3674 -6326
3703 -6297
3708 -6292
3721 -6279
3736 -6264
3750 -6250
3761 -6239
3769 -6231
3771 -6229
3814 -6186
3828 -6172
3858 -6142
3867 -6133
3877 -6123
3886 -6114
3958 -6042
3982 -6018
3999 -6001
4012 -5988
4027 -5973
4035 -5965
4058 -5942
4082 -5918
4195 -5805
4196 -5804
4227 -5773
4255 -5745
4332 -5668
4357 -5643
4371 -5629
4440 -5560
4448 -5552
4460 -5540
4478 -5522
4503 -5497
4537 -5463
4572 -5428
4593 -5407
4598 -5402
4629 -5371
4661 -5339
4663 -5337
4684 -5316
4721 -5279
4725 -5275
4740 -5260
4794 -5206
4796 -5204
4801 -5199
4856 -5144
4873 -5127
4875 -5125
4883 -5117
4884 -5116
4969 -5031
4975 -5025
4988 -5012
5001 -4999
5017 -4983
5031 -4969
5033 -4967
5084 -4916
5103 -4897
5104 -4896
5116 -4884
5118 -4882
5130 -4870
5150 -4850
5151 -4849
5169 -4831
5194 -4806
5202 -4798
5245 -4755
5260 -4740
5273 -4727
5286 -4714
5292 -4708
5293 -4707
5312 -4688
5314 -4686
5341 -4659
5344 -4656
5380 -4620
5398 -4602
5434 -4566
5469 -4531
5473 -4527
5554 -4446
5555 -4445
5556 -4444
5565 -4435
5589 -4411
5607 -4393
5640 -4360
5647 -4353
5658 -4342
5680 -4320
5682 -4318
5684 -4316
5695 -4305
5696 -4304
5714 -4286
5752 -4248
5758 -4242
5765 -4235
5784 -4216
5801 -4199
5863 -4137
5889 -4111
5903 -4097
5922 -4078
5932 -4068
5996 -4004
6062 -3938
6079 -3921
6084 -3916
6109 -3891
6114 -3886
6120 -3880
6128 -3872
6151 -3849
6166 -3834
6202 -3798
6212 -3788
6283 -3717
6290 -3710
6363 -3637
6377 -3623
6397 -3603
6421 -3579
6482 -3518
6505 -3495
6520 -3480
6522 -3478
6530 -3470
6535 -3465
6559 -3441
6562 -3438
6646 -3354
6691 -3309
6707 -3293
6737 -3263
6781 -3219
6793 -3207
6862 -3138
6868 -3132
6907 -3093
6928 -3072
6932 -3068
6952 -3048
6962 -3038
6969 -3031
6979 -3021
7006 -2994
7022 -2978
7037 -2963
7045 -2955
7092 -2908
7133 -2867
7137 -2863
7160 -2840
7166 -2834
7187 -2813
7195 -2805
7214 -2786
7229 -2771
7239 -2761
7290 -2710
7298 -2702
7304 -2696
7310 -2690
7313 -2687
7337 -2663
7341 -2659
7342 -2658
7364 -2636
7377 -2623
7394 -2606
7472 -2528
7498 -2502
7525 -2475
7567 -2433
7584 -2416
7620 -2380
7652 -2348
7667 -2333
7670 -2330
7673 -2327
7684 -2316
7696 -2304
7728 -2272
7736 -2264
7741 -2259
7760 -2240
7771 -2229
7800 -2200
7850 -2150
7858 -2142
7905 -2095
7935 -2065
7942 -2058
7964 -2036
7976 -2024
7979 -2021
7993 -2007
7995 -2005
8049 -1951
8055 -1945
8071 -1929
8098 -1902
8134 -1866
8181 -1819
8220 -1780
8232 -1768
8235 -1765
8296 -1704
8298 -1702
8307 -1693
8328 -1672
8378 -1622
8383 -1617
8397 -1603
8408 -1592
8432 -1568
8444 -1556
8452 -1548
8459 -1541
8498 -1502
8507 -1493
8534 -1466
8541 -1459
8569 -1431
8582 -1418
8600 -1400
8608 -1392
8611 -1389
8619 -1381
8639 -1361
8711 -1289
8751 -1249
8786 -1214
8822 -1178
8823 -1177
8868 -1132
8880 -1120
8921 -1079
8944 -1056
8959 -1041
8970 -1030
8976 -1024
8999 -1001
9006 -994
9040 -960
9068 -932
9072 -928
9082 -918
9092 -908
9106 -894
9129 -871
9142 -858
9154 -846
9159 -841
9184 -816
9234 -766
9242 -758
9243 -757
9250 -750
9269 -731
9297 -703
9303 -697
9368 -632
9383 -617
9427 -573
9447 -553
9453 -547
9475 -525
9497 -503
9512 -488
9526 -474
9549 -451
9554 -446
9569 -431
9592 -408
9603 -397
9642 -358
9649 -351
9653 -347
9683 -317
9688 -312
9690 -310
9720 -280
9736 -264
9807 -193
9822 -178
9824 -176
9833 -167
9905 -95
9938 -62
9955 -45
9956 -44
9963 -37
10000 0
9920 80
9916 84
9912 88
9894 106
9877 123
9872 128
9859 141
9799 201
9785 215
9722 278
9696 304
9692 308
9674 326
9663 337
9614 386
9599 401
9592 408
9537 463
9534 466
9485 515
9429 571
9414 586
9402 598
9377 623
9358 642
9351 649
9327 673
9278 722
9245 755
9240 760
9235 765
9211 789
9176 824
9167 833
9134 866
9126 874
9098 902
9093 907
9089 911
9048 952
9034 966
9033 967
9014 986
8930 1070
8906 1094
8900 1100
8883 1117
8848 1152
8821 1179
8820 1180
8766 1234
8763 1237
8756 1244
8750 1250
8723 1277
8708 1292
8696 1304
8674 1326
8671 1329
8665 1335
8627 1373
8622 1378
8557 1443
8538 1462
8504 1496
8472 1528
8460 1540
8437 1563
8427 1573
8422 1578
8395 1605
8385 1615
8378 1622
8377 1623
8370 1630
8286 1714
8245 1755
8239 1761
8216 1784
8214 1786
8193 1807
8153 1847
8147 1853
8127 1873
8120 1880
8085 1915
8074 1926
8071 1929
8012 1988
8008 1992
7989 2011
7965 2035
7964 2036
7933 2067
7921 2079
7912 2088
7892 2108
7876 2124
7874 2126
7850 2150
7824 2176
7816 2184
7793 2207
7773 2227
7762 2238
7727 2273
7721 2279
7689 2311
7688 2312
7667 2333
7647 2353
7602 2398
7588 2412
7559 2441
7531 2469
7461 2539
7452 2548
7438 2562
7420 2580
7386 2614
7377 2623
7375 2625
7324 2676
7317 2683
7312 2688
7293 2707
7278 2722
7261 2739
7231 2769
7216 2784
7193 2807
7164 2836
7146 2854
7120 2880
7119 2881
7065 2935
7046 2954
7020 2980
7008 2992
6976 3024
6965 3035
6931 3069
6928 3072
6916 3084
6911 3089
6896 3104
6825 3175
6804 3196
6789 3211
6765 3235
6764 3236
6763 3237
6761 3239
6751 3249
6735 3265
6730 3270
6726 3274
6721 3279
6718 3282
6706 3294
6671 3329
6666 3334
6665 3335
6661 3339
6619 3381
6603 3397
6589 3411
6497 3503
6478 3522
6474 3526
6457 3543
6445 3555
6443 3557
6418 3582
6379 3621
6342 3658
6317 3683
6304 3696
6269 3731
6267 3733
6258 3742
6251 3749
6246 3754
6196 3804
6101 3899
6089 3911
6083 3917
6079 3921
6070 3930
6068 3932
6013 3987
5989 4011
5988 4012
5982 4018
5974 4026
5920 4080
5884 4116
5882 4118
5841 4159
5829 4171
5800 4200
5726 4274
5715 4285
5712 4288
5697 4303
5690 4310
5669 4331
5666 4334
5654 4346
5650 4350
5645 4355
5643 4357
5634 4366
5625 4375
5600 4400
5588 4412
5582 4418
5567 4433
5562 4438
5551 4449
5507 4493
5498 4502
5490 4510
5489 4511
5483 4517
5472 4528
5462 4538
5430 4570
5426 4574
5413 4587
5409 4591
5336 4664
5332 4668
5294 4706
5291 4709
5202 4798
5193 4807
5187 4813
5183 4817
5175 4825
5121 4879
5108 4892
5080 4920
5036 4964
4978 5022
4950 5050
4931 5069
4895 5105
4865 5135
4864 5136
4860 5140
4858 5142
4842 5158
4780 5220
4753 5247
4746 5254
4698 5302
4680 5320
4677 5323
4674 5326
4665 5335
4628 5372
4624 5376
4623 5377
4610 5390
4608 5392
4607 5393
4588 5412
4578 5422
4509 5491
4491 5509
4432 5568
4393 5607
4388 5612
4361 5639
4336 5664
4319 5681
4314 5686
4301 5699
4294 5706
4289 5711
4273 5727
4253 5747
4243 5757
4180 5820
4179 5821
4171 5829
4148 5852
4125 5875
4076 5924
4031 5969
4022 5978
3998 6002
3955 6045
3926 6074
3896 6104
3879 6121
3876 6124
3843 6157
3819 6181
3809 6191
3770 6230
3739 6261
3690 6310
3681 6319
3664 6336
3654 6346
3640 6360
3553 6447
3548 6452
3542 6458
3512 6488
3497 6503
3485 6515
3483 6517
3465 6535
3430 6570
3405 6595
3404 6596
3367 6633
3365 6635
3261 6739
3241 6759
3228 6772
3198 6802
3193 6807
3182 6818
3161 6839
3109 6891
3063 6937
3046 6954
3045 6955
3008 6992
3006 6994
3005 6995
2952 7048
2927 7073
2925 7075
2908 7092
2888 7112
2875 7125
2848 7152
2847 7153
2821 7179
2814 7186
2789 7211
2786 7214
2770 7230
2761 7239
2745 7255
2732 7268
2724 7276
2708 7292
2690 7310
2684 7316
2683 7317
2663 7337
2658 7342
2654 7346
2617 7383
2611 7389
2599 7401
2597 7403
2583 7417
2559 7441
2533 7467
2518 7482
2512 7488
2509 7491
2499 7501
2486 7514
2481 7519
2479 7521
2473 7527
2435 7565
2423 7577
2416 7584
2392 7608
2385 7615
2326 7674
2322 7678
2289 7711
2270 7730
2248 7752
2216 7784
2213 7787
2210 7790
2185 7815
2178 7822
2156 7844
2135 7865
2129 7871
2125 7875
2123 7877
2115 7885
2109 7891
2091 7909
2087 7913
2060 7940
2041 7959
2033 7967
2029 7971
2019 7981
1997 8003
1979 8021
1969 8031
1943 8057
1932 8068
1896 8104
1871 8129
1863 8137
1823 8177
1819 8181
1802 8198
1788 8212
1782 8218
1763 8237
1751 8249
1740 8260
1729 8271
1721 8279
1707 8293
1703 8297
1671 8329
1668 8332
1592 8408
1579 8421
1577 8423
1544 8456
1538 8462
1520 8480
1517 8483
1516 8484
1467 8533
1412 8588
1410 8590
1404 8596
1402 8598
1394 8606
1387 8613
1356 8644
1333 8667
1322 8678
1319 8681
1295 8705
1270 8730
1267 8733
1241 8759
1225 8775
1224 8776
1192 8808
1180 8820
1175 8825
1169 8831
1139 8861
1127 8873
1118 8882
1114 8886
1092 8908
1045 8955
1029 8971
1026 8974
1010 8990
925 9075
909 9091
873 9127
859 9141
831 9169
812 9188
797 9203
780 9220
757 9243
754 9246
747 9253
744 9256
710 9290
702 9298
698 9302
685 9315
683 9317
671 9329
651 9349
611 9389
591 9409
587 9413
557 9443
547 9453
544 9456
474 9526
415 9585
408 9592
394 9606
369 9631
358 9642
347 9653
295 9705
260 9740
252 9748
237 9763
203 9797
198 9802
187 9813
178 9822
163 9837
149 9851
135 9865
126 9874
119 9881
118 9882
106 9894
99 9901
96 9904
79 9921
52 9948
19 9981
0 10000
