835
-750 -9935
-731 -9937
-702 -9940
-692 -9941
-661 -9944
-640 -9946
-608 -9949
-597 -9950
-574 -9952
-562 -9953
-537 -9955
-524 -9956
-497 -9958
-483 -9959
-454 -9961
-439 -9962
-408 -9964
-392 -9965
-375 -9966
-357 -9967
-338 -9968
-318 -9969
-297 -9970
-275 -9971
-252 -9972
-228 -9973
-203 -9974
-177 -9975
-150 -9976
-122 -9977
-93 -9978
-63 -9979
-32 -9980
0 -9981
1 -9981
33 -9980
64 -9979
94 -9978
123 -9977
151 -9976
178 -9975
204 -9974
229 -9973
253 -9972
276 -9971
298 -9970
319 -9969
339 -9968
358 -9967
376 -9966
393 -9965
409 -9964
440 -9962
455 -9961
484 -9959
498 -9958
525 -9956
538 -9955
563 -9953
575 -9952
598 -9950
609 -9949
641 -9946
662 -9944
693 -9941
703 -9940
732 -9937
751 -9935
779 -9932
788 -9931
814 -9928
831 -9926
856 -9923
864 -9922
895 -9918
918 -9915
933 -9913
955 -9910
984 -9906
991 -9905
1018 -9901
1038 -9898
1051 -9896
1083 -9891
1102 -9888
1127 -9884
1158 -9879
1164 -9878
1193 -9873
1216 -9869
1233 -9866
1261 -9861
1272 -9859
1299 -9854
1315 -9851
1336 -9847
1362 -9842
1393 -9836
1398 -9835
1427 -9829
1451 -9824
1470 -9820
1484 -9817
1507 -9812
1539 -9805
1548 -9803
1579 -9796
1601 -9791
1614 -9788
1644 -9781
1661 -9777
1682 -9772
1707 -9766
1736 -9759
1740 -9758
1771 -9750
1798 -9743
1821 -9737
1840 -9732
1855 -9728
1881 -9721
1892 -9718
1921 -9710
1939 -9705
1964 -9698
1996 -9689
2003 -9687
2034 -9678
2058 -9671
2075 -9666
2102 -9658
2112 -9655
2135 -9648
2148 -9644
2177 -9635
2193 -9630
2212 -9624
2234 -9617
2259 -9609
2287 -9600
2318 -9590
2321 -9589
2350 -9579
2376 -9570
2399 -9562
2419 -9555
2436 -9549
2467 -9538
2481 -9533
2506 -9524
2517 -9520
2547 -9509
2566 -9502
2593 -9492
2601 -9489
2630 -9478
2651 -9470
2664 -9465
2695 -9453
2713 -9446
2736 -9437
2764 -9426
2769 -9424
2796 -9413
2818 -9404
2835 -9397
2864 -9385
2876 -9380
2907 -9367
2926 -9359
2952 -9348
2959 -9345
2989 -9332
3012 -9322
3028 -9315
3053 -9304
3062 -9300
3091 -9287
3111 -9278
3142 -9264
3153 -9259
3177 -9248
3190 -9242
3218 -9229
3233 -9222
3250 -9214
3269 -9205
3290 -9195
3313 -9184
3338 -9172
3365 -9159
3394 -9145
3425 -9130
3427 -9129
3458 -9113
3487 -9098
3514 -9084
3539 -9071
3562 -9059
3583 -9048
3602 -9038
3619 -9029
3634 -9021
3662 -9006
3675 -8999
3699 -8986
3710 -8980
3741 -8963
3761 -8952
3790 -8936
3799 -8931
3824 -8917
3840 -8908
3863 -8895
3893 -8878
3900 -8874
3926 -8859
3945 -8848
3976 -8830
3988 -8823
4017 -8806
4034 -8796
4056 -8783
4083 -8767
4088 -8764
4116 -8747
4139 -8733
4157 -8722
4188 -8703
4201 -8695
4222 -8682
4251 -8664
4259 -8659
4286 -8642
4305 -8630
4335 -8611
4346 -8604
4371 -8588
4385 -8579
4416 -8559
4433 -8548
4453 -8535
4476 -8520
4502 -8503
4531 -8484
4534 -8482
4565 -8461
4593 -8442
4618 -8425
4640 -8410
4659 -8397
4675 -8386
4704 -8366
4717 -8357
4740 -8341
4750 -8334
4777 -8315
4794 -8303
4818 -8286
4849 -8264
4856 -8259
4881 -8241
4899 -8228
4928 -8207
4939 -8199
4965 -8180
4980 -8169
4999 -8155
5022 -8138
5049 -8118
5080 -8095
5084 -8092
5113 -8070
5138 -8051
5159 -8035
5176 -8022
5206 -7999
5219 -7989
5241 -7972
5272 -7948
5281 -7941
5304 -7923
5318 -7912
5337 -7897
5361 -7878
5390 -7855
5395 -7851
5426 -7826
5452 -7805
5473 -7788
5489 -7775
5516 -7753
5527 -7744
5555 -7721
5572 -7707
5595 -7688
5624 -7664
5630 -7659
5661 -7633
5686 -7612
5705 -7596
5718 -7585
5738 -7568
5765 -7545
5772 -7539
5801 -7514
5823 -7495
5838 -7482
5861 -7462
5892 -7435
5900 -7428
5925 -7406
5942 -7391
5968 -7368
5977 -7360
6005 -7335
6024 -7318
6053 -7292
6063 -7283
6094 -7255
6115 -7236
6126 -7226
6149 -7205
6161 -7194
6186 -7171
6199 -7159
6226 -7134
6240 -7121
6269 -7094
6284 -7080
6315 -7051
6331 -7036
6348 -7020
6366 -7003
6385 -6985
6405 -6966
6426 -6946
6448 -6925
6471 -6903
6495 -6880
6520 -6856
6546 -6831
6573 -6805
6601 -6778
6630 -6750
6660 -6721
6691 -6691
6692 -6690
6722 -6659
6751 -6629
6779 -6600
6806 -6572
6832 -6545
6857 -6519
6881 -6494
6904 -6470
6926 -6447
6947 -6425
6967 -6404
6986 -6384
7004 -6365
7021 -6347
7037 -6330
7052 -6314
7081 -6283
7095 -6268
7122 -6239
7135 -6225
7160 -6198
7172 -6185
7195 -6160
7206 -6148
7227 -6125
7237 -6114
7256 -6093
7284 -6062
7293 -6052
7319 -6023
7336 -6004
7361 -5976
7369 -5967
7392 -5941
7407 -5924
7429 -5899
7436 -5891
7463 -5860
7483 -5837
7496 -5822
7515 -5800
7540 -5771
7546 -5764
7569 -5737
7586 -5717
7597 -5704
7613 -5685
7634 -5660
7660 -5629
7665 -5623
7689 -5594
7708 -5571
7722 -5554
7745 -5526
7754 -5515
7776 -5488
7789 -5472
7806 -5451
7827 -5425
7852 -5394
7856 -5389
7879 -5360
7898 -5336
7913 -5317
7924 -5303
7942 -5280
7949 -5271
7973 -5240
7990 -5218
8000 -5205
8023 -5175
8036 -5158
8052 -5137
8071 -5112
8093 -5083
8096 -5079
8119 -5048
8139 -5021
8156 -4998
8170 -4979
8181 -4964
8200 -4938
8208 -4927
8229 -4898
8242 -4880
8260 -4855
8265 -4848
8287 -4817
8304 -4793
8316 -4776
8335 -4749
8342 -4739
8358 -4716
8367 -4703
8387 -4674
8398 -4658
8411 -4639
8426 -4617
8443 -4592
8462 -4564
8483 -4533
8485 -4530
8504 -4501
8521 -4475
8536 -4452
8549 -4432
8560 -4415
8580 -4384
8589 -4370
8605 -4345
8612 -4334
8631 -4304
8643 -4285
8660 -4258
8665 -4250
8683 -4221
8696 -4200
8704 -4187
8723 -4156
8734 -4138
8748 -4115
8765 -4087
8768 -4082
8784 -4055
8797 -4033
8807 -4016
8824 -3987
8831 -3975
8849 -3944
8860 -3925
8875 -3899
8879 -3892
8896 -3862
8909 -3839
8918 -3823
8932 -3798
8937 -3789
8953 -3760
8964 -3740
8981 -3709
8987 -3698
9000 -3674
9007 -3661
9022 -3633
9030 -3618
9039 -3601
9049 -3582
9060 -3561
9072 -3538
9085 -3513
9099 -3486
9114 -3457
9130 -3426
9131 -3424
9146 -3393
9160 -3364
9173 -3337
9185 -3312
9196 -3289
9206 -3268
9215 -3249
9223 -3232
9230 -3217
9243 -3189
9249 -3176
9260 -3152
9265 -3141
9279 -3110
9288 -3090
9301 -3061
9305 -3052
9316 -3027
9323 -3011
9333 -2988
9346 -2958
9349 -2951
9360 -2925
9368 -2906
9381 -2875
9386 -2863
9398 -2834
9405 -2817
9414 -2795
9425 -2768
9427 -2763
9438 -2735
9447 -2712
9454 -2694
9466 -2663
9471 -2650
9479 -2629
9490 -2600
9493 -2592
9503 -2565
9510 -2546
9521 -2516
9525 -2505
9534 -2480
9539 -2466
9550 -2435
9556 -2418
9563 -2398
9571 -2375
9580 -2349
9590 -2320
9591 -2317
9601 -2286
9610 -2258
9618 -2233
9625 -2211
9631 -2192
9636 -2176
9645 -2147
9649 -2134
9656 -2111
9659 -2101
9667 -2074
9672 -2057
9679 -2033
9688 -2002
9690 -1995
9699 -1963
9706 -1938
9711 -1920
9719 -1891
9722 -1880
9729 -1854
9733 -1839
9738 -1820
9744 -1797
9751 -1770
9759 -1739
9760 -1735
9767 -1706
9773 -1681
9778 -1660
9782 -1643
9789 -1613
9792 -1600
9797 -1578
9804 -1547
9806 -1538
9813 -1506
9818 -1483
9821 -1469
9825 -1450
9830 -1426
9836 -1397
9837 -1392
9843 -1361
9848 -1335
9852 -1314
9855 -1298
9860 -1271
9862 -1260
9867 -1232
9870 -1215
9874 -1192
9879 -1163
9880 -1157
9885 -1126
9889 -1101
9892 -1082
9897 -1050
9899 -1037
9902 -1017
9906 -990
9907 -983
9911 -954
9914 -932
9916 -917
9919 -894
9923 -863
9924 -855
9927 -830
9929 -813
9932 -787
9933 -778
9936 -750
9938 -731
9941 -702
9942 -692
9945 -661
9947 -640
9950 -608
9951 -597
9953 -574
9954 -562
9956 -537
9957 -524
9959 -497
9960 -483
9962 -454
9963 -439
9965 -408
9966 -392
9967 -375
9968 -357
9969 -338
9970 -318
9971 -297
9972 -275
9973 -252
9974 -228
9975 -203
9976 -177
9977 -150
9978 -122
9979 -93
9980 -63
9981 -32
9982 0
9982 1
9981 33
9980 64
9979 94
9978 123
9977 151
9976 178
9975 204
9974 229
9973 253
9972 276
9971 298
9970 319
9969 339
9968 358
9967 376
9966 393
9965 409
9963 440
9962 455
9960 484
9959 498
9957 525
9956 538
9954 563
9953 575
9951 598
9950 609
9947 641
9945 662
9942 693
9941 703
9938 732
9936 751
9933 779
9932 788
9929 814
9927 831
9924 856
9923 864
9919 895
9916 918
9914 933
9911 955
9907 984
9906 991
9902 1018
9899 1038
9897 1051
9892 1083
9889 1102
9885 1127
9880 1158
9879 1164
9874 1193
9870 1216
9867 1233
9862 1261
9860 1272
9855 1299
9852 1315
9848 1336
9843 1362
9837 1393
9836 1398
9830 1427
9825 1451
9821 1470
9818 1484
9813 1507
9806 1539
9804 1548
9797 1579
9792 1601
9789 1614
9782 1644
9778 1661
9773 1682
9767 1707
9760 1736
9759 1740
9751 1771
9744 1798
9738 1821
9733 1840
9729 1855
9722 1881
9719 1892
9711 1921
9706 1939
9699 1964
9690 1996
9688 2003
9679 2034
9672 2058
9667 2075
9659 2102
9656 2112
9649 2135
9645 2148
9636 2177
9631 2193
9625 2212
9618 2234
9610 2259
9601 2287
9591 2318
9590 2321
9580 2350
9571 2376
9563 2399
9556 2419
9550 2436
9539 2467
9534 2481
9525 2506
9521 2517
9510 2547
9503 2566
9493 2593
9490 2601
9479 2630
9471 2651
9466 2664
9454 2695
9447 2713
9438 2736
9427 2764
9425 2769
9414 2796
9405 2818
9398 2835
9386 2864
9381 2876
9368 2907
9360 2926
9349 2952
9346 2959
9333 2989
9323 3012
9316 3028
9305 3053
9301 3062
9288 3091
9279 3111
9265 3142
9260 3153
9249 3177
9243 3190
9230 3218
9223 3233
9215 3250
9206 3269
9196 3290
9185 3313
9173 3338
9160 3365
9146 3394
9131 3425
9130 3427
9114 3458
9099 3487
9085 3514
9072 3539
9060 3562
9049 3583
9039 3602
9030 3619
9022 3634
9007 3662
9000 3675
8987 3699
8981 3710
8964 3741
8953 3761
