97
522 0
474 1
543 1
523 0
670 0
544 1
652 1
671 0
736 0
653 1
668 1
737 0
758 0
723 1
752 1
759 0
831 0
753 1
804 1
832 0
875 0
805 1
845 1
876 0
915 0
846 1
957 1
916 0
981 0
975 1
985 1
982 0
986 0
986 1
992 1
987 0
999 0
998 1
999 1
999 2
997 1
993 1
998 2
969 2
974 1
958 1
968 2
813 2
722 1
684 1
812 2
666 2
683 1
669 1
665 2
434 2
473 1
367 1
433 2
323 2
366 1
301 1
322 2
285 2
300 1
287 1
284 2
218 2
260 1
181 1
217 2
12 2
24 1
9 1
11 2
2 2
8 1
1 1
1 2
0 2
0 0
10 0
25 1
51 1
11 0
34 0
52 1
89 1
35 0
70 0
90 1
180 1
71 0
226 0
261 1
286 1
227 0
