500
9861 0
6812 85
7520 189
7380 278
5178 260
7253 456
6724 507
7648 674
6898 695
5518 626
5005 632
9331 1298
4943 751
9438 1555
6461 1148
9637 1838
5312 1082
9406 2040
8241 1896
8053 1960
8715 2237
6398 1728
5037 1429
4855 1443
7371 2293
7768 2524
8513 2884
9057 3196
6740 2474
8789 3352
5730 2269
8361 3432
8111 3449
8634 3800
8249 3755
7173 3375
6401 3111
4736 2376
5822 3012
8109 4326
5958 3275
6834 3869
5007 2919
5002 3000
7308 4510
7976 5061
4814 3140
5661 3795
4240 2920
6446 4560
7508 5454
4068 3034
4192 3209
4904 3854
4155 3350
6872 5685
5471 4643
7194 6262
7148 6382
7053 6459
7068 6637
6973 6715
6006 5931
3690 3737
5704 5924
6063 6456
6480 7076
5608 6281
5215 5991
4916 5793
6162 7448
6260 7764
5090 6478
4468 5836
4459 5977
5073 6982
3502 4950
5523 8018
4160 6205
3748 5745
3514 5538
2652 4297
3650 6085
2842 4875
4518 7979
4311 7841
2996 5616
3017 5831
3121 6222
2366 4868
3632 7718
2831 6219
3499 7948
2979 7004
3088 7523
3362 8493
3275 8586
3195 8704
1988 5635
2212 6529
2055 6326
2458 7902
2437 8197
2698 9510
2221 8223
1451 5652
1533 6302
1365 5933
1947 8976
1670 8194
1758 9220
1192 6710
1156 7016
873 5751
1346 9680
850 6729
998 8788
844 8371
816 9254
593 7856
335 5327
268 5346
231 6132
146 5829
99 7921
0 6973
-89 7094
-171 6840
-282 7492
-463 9208
-559 8887
-391 5176
-558 6337
-775 7689
-727 6407
-870 6892
-1354 9736
-1241 8169
-913 5540
-986 5547
-1744 9144
-1177 5777
-1501 6921
-1629 7079
-2146 8817
-2146 8358
-2150 7958
-2319 8176
-1458 4904
-1842 5924
-1575 4849
-2393 7061
-2433 6895
-3309 9014
-2534 6645
-3039 7675
-3770 9183
-3527 8294
-3032 6889
-3167 6956
-3524 7489
-3204 6592
-2605 5193
-4162 8044
-4644 8706
-4464 8120
-2497 4411
-3129 5368
-3530 5885
-4587 7433
-2854 4497
-3580 5488
-3478 5188
-5664 8223
-3686 5210
-5701 7847
-4220 5658
-5013 6548
-6077 7733
-4386 5439
-5177 6258
-5159 6080
-4911 5641
-3529 3952
-6168 6736
-6687 7121
-6269 6510
-6326 6406
-3570 3525
-6661 6414
-4234 3976
-6072 5560
-7093 6332
-5625 4896
-5907 5013
-7429 6146
-4360 3516
-4276 3360
-4270 3269
-6322 4716
-5136 3732
-5304 3753
-6133 4224
-8093 5426
-4733 3087
-4331 2748
-5822 3593
-7365 4418
-4857 2831
-7856 4448
-6012 3305
-4676 2494
-5040 2608
-4986 2501
-8823 4288
-7223 3399
-5474 2492
-5279 2324
-8487 3609
-4983 2045
-4793 1897
-5453 2080
-8233 3022
-7705 2719
-6513 2207
-5436 1766
-7446 2316
-8570 2548
-6254 1774
-6348 1715
-8647 2220
-6967 1695
-5926 1363
-9251 2007
-8211 1673
-6899 1316
-7328 1302
-5216 859
-8832 1342
-5747 799
-9416 1189
-6304 716
-7909 797
-9138 805
-5758 434
-7638 480
-8964 450
-7813 294
-5566 139
-6543 82
-7432 0
-7154 -89
-5075 -127
-7036 -265
-9911 -498
-8902 -560
-7451 -562
-6872 -606
-8428 -850
-6608 -750
-9218 -1164
-8940 -1243
-7187 -1092
-8239 -1358
-5812 -1033
-7620 -1453
-9267 -1888
-7318 -1587
-7573 -1742
-6613 -1609
-7187 -1845
-9556 -2582
-8533 -2421
-8283 -2463
-9209 -2865
-5276 -1714
-5474 -1855
-5797 -2046
-7972 -2926
-6999 -2670
-8812 -3488
-6522 -2677
-6438 -2738
-8982 -3954
-7472 -3402
-4762 -2240
-7295 -3545
-8053 -4039
-8732 -4519
-6883 -3672
-4914 -2701
-5183 -2934
-5761 -3358
-4812 -2886
-5894 -3637
-4755 -3018
-6846 -4466
-8099 -5430
-5710 -3933
-6873 -4863
-5669 -4118
-7370 -5497
-6696 -5126
-6119 -4808
-5724 -4615
-5885 -4869
-4383 -3720
-4710 -4100
-4286 -3827
-4660 -4267
-6162 -5787
-5548 -5342
-4183 -4130
-6332 -6412
-4714 -4896
-5987 -6376
-6665 -7278
-3440 -3853
-4014 -4611
-5051 -5951
-5003 -6047
-6233 -7730
-3893 -4954
-3493 -4562
-5922 -7940
-3398 -4677
-4293 -6068
-4653 -6755
-2899 -4324
-4463 -6841
-4872 -7678
-4330 -7017
-3228 -5381
-3133 -5375
-3804 -6718
-2994 -5446
-4673 -8760
-4220 -8155
-3104 -6188
-4081 -8397
-3580 -7608
-3180 -6985
-3946 -8963
-2069 -4865
-3788 -9228
-2924 -7387
-2366 -6202
-2287 -6231
-1746 -4948
-2688 -7934
-2068 -6367
-1604 -5157
-1710 -5753
-2488 -8770
-2165 -8013
-1677 -6535
-2213 -9093
-1790 -7780
-2108 -9719
-1405 -6894
-1155 -6057
-1517 -8536
-1300 -7892
-1359 -8944
-691 -4972
-1234 -9769
-858 -7558
-572 -5672
-754 -8553
-545 -7216
-505 -8028
-285 -5675
-314 -8333
-210 -8385
-67 -5359
0 -9326
67 -5367
225 -8951
319 -8483
336 -6684
607 -9662
548 -7259
753 -8547
612 -6074
954 -8403
1192 -9442
1162 -8356
1365 -8985
876 -5316
1177 -6622
1669 -8750
1184 -5812
1265 -5832
1899 -8255
1977 -8125
1522 -5929
1852 -6856
2589 -9125
1463 -4920
2740 -8808
2477 -7625
2735 -8072
1932 -5475
2805 -7642
2766 -7252
2080 -5255
2017 -4913
3033 -7131
3468 -7878
3646 -8008
2602 -5529
4006 -8243
3905 -7785
2469 -4771
4654 -8725
3885 -7066
4682 -8269
4789 -8216
3881 -6469
4617 -7482
3851 -6069
3751 -5749
5178 -7723
5277 -7662
4977 -7034
4396 -6050
3616 -4847
4313 -5634
4905 -6243
5716 -7089
5668 -6851
5408 -6372
5856 -6728
3530 -3953
6139 -6704
4080 -4345
4523 -4697
6677 -6762
6635 -6552
4982 -4798
6910 -6489
4958 -4540
4145 -3701
6545 -5698
4128 -3503
5178 -4284
5058 -4078
5097 -4005
6220 -4762
5602 -4179
7591 -5515
4643 -3285
5787 -3986
6301 -4224
5807 -3788
7761 -4925
6417 -3960
8103 -4861
7517 -4382
7033 -3982
4536 -2493
8520 -4545
6263 -3241
8253 -4140
5748 -2793
7953 -3742
8718 -3969
6268 -2759
8018 -3410
7029 -2885
7556 -2991
6260 -2388
8916 -3273
6188 -2184
8582 -2908
9369 -3044
7202 -2240
6702 -1993
7552 -2142
7687 -2077
6966 -1788
6362 -1548
5922 -1363
5133 -1113
7251 -1477
8445 -1611
9192 -1634
8903 -1467
5329 -809
5609 -780
5963 -753
9338 -1060
5360 -540
9290 -819
9050 -683
5860 -368
5917 -297
5747 -216
5121 -128
9205 -115
