2000
-4 -6500
-3 -7000
0 -8000
1 -8000
4 -7000
5 -6500
6 -6000
7 -5000
8 -3000
9 0
9 1
9 2
9 3
9 4
9 5
9 6
9 7
9 8
9 9
9 10
9 11
9 12
9 13
9 14
9 15
9 16
9 17
9 18
9 19
9 20
9 21
9 22
9 23
9 24
9 25
9 26
9 27
9 28
9 29
9 30
9 31
9 32
9 33
9 34
9 35
9 36
9 37
9 38
9 39
9 40
9 41
9 42
9 43
9 44
9 45
9 46
9 47
9 48
9 49
9 50
9 51
9 52
9 53
9 54
9 55
9 56
9 57
9 58
9 59
9 60
9 61
9 62
9 63
9 64
9 65
9 66
9 67
9 68
9 69
9 70
9 71
9 72
9 73
9 74
9 75
9 76
9 77
9 78
9 79
9 80
9 81
9 82
9 83
9 84
9 85
9 86
9 87
9 88
9 89
9 90
9 91
9 92
9 93
9 94
9 95
9 96
9 97
9 98
9 99
9 100
9 101
9 102
9 103
9 104
9 105
9 106
9 107
9 108
9 109
9 110
9 111
9 112
9 113
9 114
9 115
9 116
9 117
9 118
9 119
9 120
9 121
9 122
9 123
9 124
9 125
9 126
9 127
9 128
9 129
9 130
9 131
9 132
9 133
9 134
9 135
9 136
9 137
9 138
9 139
9 140
9 141
9 142
9 143
9 144
9 145
9 146
9 147
9 148
9 149
9 150
9 151
9 152
9 153
9 154
9 155
9 156
9 157
9 158
9 159
9 160
9 161
9 162
9 163
9 164
9 165
9 166
9 167
9 168
9 169
9 170
9 171
9 172
9 173
9 174
9 175
9 176
9 177
9 178
9 179
9 180
9 181
9 182
9 183
9 184
9 185
9 186
9 187
9 188
9 189
9 190
9 191
9 192
9 193
9 194
9 195
9 196
9 197
9 198
9 199
9 200
9 201
9 202
9 203
9 204
9 205
9 206
9 207
9 208
9 209
9 210
9 211
9 212
9 213
9 214
9 215
9 216
9 217
9 218
9 219
9 220
9 221
9 222
9 223
9 224
9 225
9 226
9 227
9 228
9 229
9 230
9 231
9 232
9 233
9 234
9 235
9 236
9 237
9 238
9 239
9 240
9 241
9 242
9 243
9 244
9 245
9 246
9 247
9 248
9 249
9 250
9 251
9 252
9 253
9 254
9 255
9 256
9 257
9 258
9 259
9 260
9 261
9 262
9 263
9 264
9 265
9 266
9 267
9 268
9 269
9 270
9 271
9 272
9 273
9 274
9 275
9 276
9 277
9 278
9 279
9 280
9 281
9 282
9 283
9 284
9 285
9 286
9 287
9 288
9 289
9 290
9 291
9 292
9 293
9 294
9 295
9 296
9 297
9 298
9 299
9 300
9 301
9 302
9 303
9 304
9 305
9 306
9 307
9 308
9 309
9 310
9 311
9 312
9 313
9 314
9 315
9 316
9 317
9 318
9 319
9 320
9 321
9 322
9 323
9 324
9 325
9 326
9 327
9 328
9 329
9 330
9 331
9 332
9 333
9 334
9 335
9 336
9 337
9 338
9 339
9 340
9 341
9 342
9 343
9 344
9 345
9 346
9 347
9 348
9 349
9 350
9 351
9 352
9 353
9 354
9 355
9 356
9 357
9 358
9 359
9 360
9 361
9 362
9 363
9 364
9 365
9 366
9 367
9 368
9 369
9 370
9 371
9 372
9 373
9 374
9 375
9 376
9 377
9 378
9 379
9 380
9 381
9 382
9 383
9 384
9 385
9 386
9 387
9 388
9 389
9 390
9 391
9 392
9 393
9 394
9 395
9 396
9 397
9 398
9 399
9 400
9 401
9 402
9 403
9 404
9 405
9 406
9 407
9 408
9 409
9 410
9 411
9 412
9 413
9 414
9 415
9 416
9 417
9 418
9 419
9 420
9 421
9 422
9 423
9 424
9 425
9 426
9 427
9 428
9 429
9 430
9 431
9 432
9 433
9 434
9 435
9 436
9 437
9 438
9 439
9 440
9 441
9 442
9 443
9 444
9 445
9 446
9 447
9 448
9 449
9 450
9 451
9 452
9 453
9 454
9 456
9 457
9 458
9 459
9 460
9 461
9 462
9 463
9 464
9 465
9 466
9 467
9 468
9 469
9 470
9 471
9 472
9 473
9 474
9 475
9 476
9 477
9 478
9 479
9 480
9 481
9 482
9 483
9 484
9 485
9 486
9 487
9 488
9 489
9 490
9 491
9 492
9 493
9 494
9 495
9 496
9 497
9 498
9 499
9 500
9 501
9 502
9 503
9 504
9 505
9 506
9 507
9 508
9 509
9 510
9 511
9 512
9 513
9 514
9 515
9 516
9 517
9 518
9 519
9 520
9 521
9 522
9 523
9 524
9 525
9 526
9 527
9 528
9 529
9 530
9 531
9 532
9 533
9 534
9 535
9 536
9 537
9 538
9 539
9 540
9 541
9 542
9 543
9 544
9 545
9 546
9 547
9 548
9 549
9 550
9 551
9 552
9 553
9 554
9 555
9 556
9 557
9 558
9 559
9 560
9 561
9 562
9 563
9 564
9 565
9 566
9 567
9 568
9 569
9 570
9 571
9 572
9 573
9 574
9 575
9 576
9 577
9 578
9 579
9 580
9 581
9 582
9 583
9 584
9 585
9 586
9 587
9 588
9 589
9 590
9 591
9 592
9 593
9 594
9 595
9 596
9 597
9 598
9 599
9 600
9 601
9 602
9 603
9 604
9 605
9 606
9 607
9 608
9 609
9 610
9 611
9 612
9 613
9 614
9 615
9 616
9 617
9 618
9 619
9 620
9 621
9 622
9 623
9 624
9 625
9 626
9 627
9 628
9 629
9 630
9 631
9 632
9 633
9 634
9 635
9 636
9 637
9 638
9 639
9 640
9 641
9 642
9 643
9 644
9 645
9 646
9 647
9 648
9 649
9 650
9 651
9 652
9 653
9 654
9 655
9 656
9 657
9 658
9 659
9 660
9 661
9 662
9 663
9 664
9 665
9 666
9 667
9 668
9 669
9 671
9 672
9 673
9 674
9 675
9 676
9 677
9 678
9 679
9 680
9 681
9 682
9 683
9 684
9 685
9 686
9 687
9 688
9 689
9 690
9 691
9 692
9 693
9 694
9 695
9 696
9 697
9 698
9 699
9 700
9 701
9 702
9 703
9 704
9 705
9 706
9 707
9 708
9 709
9 710
9 711
9 712
9 713
9 714
9 715
9 716
9 717
9 718
9 719
9 720
9 721
9 722
9 723
9 724
9 725
9 726
9 727
9 728
9 729
9 730
9 731
9 732
9 733
9 734
9 735
9 736
9 737
9 738
9 739
9 740
9 741
9 742
9 743
9 744
9 745
9 746
9 747
9 748
9 749
9 750
9 751
9 752
9 753
9 754
9 755
9 756
9 757
9 758
9 759
9 760
9 761
9 762
9 763
9 764
9 765
9 766
9 767
9 768
9 769
9 770
9 771
9 772
9 773
9 774
9 775
9 776
9 777
9 778
9 779
9 780
9 781
9 782
9 783
9 784
9 785
9 786
9 787
9 788
9 789
9 790
9 791
9 792
9 793
9 794
9 795
9 796
9 797
9 798
9 799
9 800
9 801
9 802
9 803
9 804
9 805
9 806
9 807
9 808
9 809
9 810
9 811
9 812
9 813
9 814
9 815
9 816
9 817
9 818
9 819
9 820
9 821
9 822
9 823
9 824
9 825
9 826
9 827
9 828
9 829
9 830
9 831
9 832
9 833
9 834
9 835
9 836
9 837
9 838
9 839
9 840
9 841
9 842
9 843
9 845
9 846
9 847
9 848
9 849
9 850
9 851
9 852
9 853
9 854
9 855
9 856
9 857
9 858
9 859
9 860
9 861
9 862
9 863
9 864
9 865
9 866
9 867
9 868
9 869
9 870
9 871
9 872
9 873
9 874
9 875
9 876
9 877
9 878
9 879
9 880
9 881
9 882
9 883
9 884
9 885
9 886
9 887
9 888
9 889
9 890
9 891
9 892
9 893
9 894
9 895
9 896
9 897
9 898
9 899
9 900
9 901
9 902
9 903
9 904
9 905
9 906
9 907
9 908
9 909
9 910
9 911
9 912
9 913
9 914
9 915
9 916
9 917
9 918
9 919
9 920
9 921
9 922
9 923
9 924
9 925
9 926
9 927
9 928
9 929
9 930
9 931
9 932
9 933
9 934
9 935
9 936
9 937
9 938
9 939
9 940
9 941
9 942
9 943
9 944
9 945
9 946
9 947
9 948
9 949
9 950
9 951
9 952
9 953
9 954
9 955
9 956
9 957
9 958
9 959
9 960
9 961
9 962
9 963
9 964
9 965
9 966
9 967
9 968
9 969
9 970
9 971
9 972
9 973
9 974
9 975
9 976
9 977
9 978
9 979
9 980
9 981
9 982
9 983
9 984
9 985
9 986
9 987
9 988
9 989
9 990
9 991
9 992
9 993
9 994
9 995
9 996
9 997
9 998
9 999
9 1000
8 4000
7 6000
6 7000
5 7500
4 8000
1 9000
0 9000
-3 8000
-4 7500
-5 7000
-6 6000
-7 4000
-8 1000
-8 999
-8 998
-8 997
-8 996
-8 995
-8 994
-8 993
-8 991
-8 990
-8 989
-8 988
-8 987
-8 986
-8 985
-8 984
-8 983
-8 982
-8 981
-8 980
-8 979
-8 978
-8 977
-8 976
-8 975
-8 974
-8 973
-8 972
-8 971
-8 970
-8 968
-8 967
-8 966
-8 965
-8 964
-8 963
-8 962
-8 961
-8 960
-8 959
-8 958
-8 957
-8 956
-8 955
-8 954
-8 953
-8 952
-8 951
-8 950
-8 949
-8 948
-8 947
-8 946
-8 945
-8 944
-8 943
-8 942
-8 941
-8 940
-8 939
-8 938
-8 937
-8 936
-8 935
-8 934
-8 933
-8 932
-8 931
-8 930
-8 929
-8 928
-8 927
-8 926
-8 925
-8 924
-8 923
-8 922
-8 921
-8 920
-8 919
-8 918
-8 917
-8 916
-8 915
-8 914
-8 913
-8 912
-8 911
-8 910
-8 909
-8 908
-8 907
-8 906
-8 905
-8 904
-8 903
-8 902
-8 901
-8 900
-8 899
-8 898
-8 897
-8 896
-8 895
-8 894
-8 893
-8 892
-8 891
-8 890
-8 889
-8 888
-8 887
-8 886
-8 885
-8 884
-8 883
-8 882
-8 881
-8 880
-8 879
-8 878
-8 877
-8 876
-8 875
-8 874
-8 873
-8 872
-8 871
-8 870
-8 869
-8 868
-8 867
-8 866
-8 865
-8 864
-8 863
-8 862
-8 861
-8 860
-8 859
-8 858
-8 857
-8 856
-8 855
-8 854
-8 853
-8 852
-8 851
-8 850
-8 849
-8 848
-8 847
-8 846
-8 845
-8 844
-8 843
-8 842
-8 841
-8 840
-8 839
-8 838
-8 837
-8 836
-8 835
-8 834
-8 833
-8 832
-8 831
-8 830
-8 829
-8 828
-8 827
-8 826
-8 825
-8 824
-8 823
-8 822
-8 821
-8 820
-8 819
-8 818
-8 817
-8 816
-8 815
-8 814
-8 813
-8 812
-8 811
-8 810
-8 809
-8 808
-8 807
-8 806
-8 805
-8 804
-8 803
-8 802
-8 801
-8 800
-8 799
-8 798
-8 797
-8 796
-8 795
-8 794
-8 793
-8 792
-8 791
-8 790
-8 789
-8 788
-8 787
-8 786
-8 785
-8 784
-8 783
-8 782
-8 781
-8 780
-8 779
-8 778
-8 777
-8 776
-8 775
-8 774
-8 773
-8 772
-8 771
-8 770
-8 769
-8 768
-8 767
-8 766
-8 765
-8 764
-8 763
-8 762
-8 761
-8 760
-8 759
-8 758
-8 757
-8 756
-8 755
-8 754
-8 753
-8 752
-8 751
-8 750
-8 749
-8 748
-8 747
-8 746
-8 745
-8 744
-8 743
-8 742
-8 741
-8 740
-8 739
-8 738
-8 737
-8 736
-8 735
-8 734
-8 733
-8 732
-8 731
-8 730
-8 729
-8 728
-8 727
-8 726
-8 725
-8 724
-8 722
-8 721
-8 720
-8 719
-8 718
-8 717
-8 716
-8 715
-8 714
-8 713
-8 712
-8 711
-8 710
-8 709
-8 708
-8 707
-8 706
-8 705
-8 704
-8 703
-8 702
-8 701
-8 700
-8 699
-8 698
-8 697
-8 696
-8 695
-8 694
-8 693
-8 692
-8 691
-8 690
-8 689
-8 688
-8 687
-8 686
-8 685
-8 684
-8 683
-8 682
-8 681
-8 680
-8 679
-8 678
-8 677
-8 676
-8 675
-8 674
-8 673
-8 672
-8 671
-8 670
-8 669
-8 668
-8 667
-8 666
-8 665
-8 664
-8 663
-8 662
-8 661
-8 660
-8 659
-8 658
-8 657
-8 656
-8 655
-8 654
-8 653
-8 651
-8 650
-8 649
-8 648
-8 647
-8 646
-8 645
-8 644
-8 643
-8 642
-8 641
-8 640
-8 639
-8 638
-8 637
-8 636
-8 635
-8 634
-8 633
-8 632
-8 631
-8 630
-8 629
-8 628
-8 626
-8 625
-8 624
-8 623
-8 621
-8 620
-8 619
-8 618
-8 617
-8 616
-8 615
-8 614
-8 613
-8 612
-8 611
-8 610
-8 609
-8 608
-8 607
-8 606
-8 605
-8 604
-8 603
-8 602
-8 601
-8 600
-8 599
-8 597
-8 596
-8 595
-8 594
-8 593
-8 592
-8 591
-8 590
-8 589
-8 588
-8 587
-8 586
-8 585
-8 584
-8 583
-8 582
-8 581
-8 580
-8 579
-8 578
-8 577
-8 576
-8 575
-8 574
-8 573
-8 572
-8 571
-8 570
-8 569
-8 568
-8 567
-8 566
-8 564
-8 563
-8 562
-8 561
-8 560
-8 559
-8 558
-8 557
-8 556
-8 555
-8 554
-8 553
-8 552
-8 551
-8 550
-8 549
-8 548
-8 547
-8 546
-8 545
-8 544
-8 542
-8 541
-8 540
-8 539
-8 538
-8 537
-8 536
-8 535
-8 534
-8 533
-8 532
-8 531
-8 530
-8 528
-8 527
-8 526
-8 525
-8 524
-8 523
-8 522
-8 521
-8 520
-8 519
-8 518
-8 517
-8 516
-8 515
-8 514
-8 513
-8 512
-8 511
-8 510
-8 509
-8 508
-8 507
-8 506
-8 505
-8 504
-8 503
-8 502
-8 501
-8 500
-8 499
-8 498
-8 497
-8 496
-8 495
-8 494
-8 493
-8 492
-8 491
-8 490
-8 489
-8 488
-8 487
-8 486
-8 485
-8 484
-8 483
-8 482
-8 481
-8 480
-8 479
-8 478
-8 477
-8 476
-8 475
-8 474
-8 473
-8 472
-8 471
-8 470
-8 469
-8 468
-8 467
-8 466
-8 465
-8 464
-8 463
-8 461
-8 460
-8 459
-8 458
-8 456
-8 455
-8 454
-8 453
-8 452
-8 451
-8 450
-8 449
-8 448
-8 447
-8 446
-8 445
-8 444
-8 443
-8 442
-8 441
-8 440
-8 439
-8 438
-8 437
-8 436
-8 435
-8 434
-8 433
-8 432
-8 431
-8 430
-8 429
-8 428
-8 427
-8 426
-8 425
-8 424
-8 423
-8 422
-8 421
-8 420
-8 419
-8 418
-8 417
-8 416
-8 415
-8 414
-8 413
-8 412
-8 411
-8 410
-8 409
-8 408
-8 407
-8 406
-8 405
-8 404
-8 403
-8 402
-8 401
-8 400
-8 399
-8 398
-8 397
-8 396
-8 395
-8 394
-8 393
-8 391
-8 390
-8 389
-8 388
-8 387
-8 386
-8 385
-8 384
-8 382
-8 381
-8 380
-8 379
-8 378
-8 377
-8 376
-8 375
-8 374
-8 373
-8 372
-8 371
-8 370
-8 368
-8 367
-8 366
-8 365
-8 364
-8 363
-8 362
-8 361
-8 360
-8 359
-8 358
-8 357
-8 356
-8 354
-8 353
-8 352
-8 351
-8 350
-8 349
-8 348
-8 347
-8 346
-8 345
-8 344
-8 343
-8 342
-8 341
-8 340
-8 339
-8 338
-8 337
-8 336
-8 335
-8 334
-8 333
-8 332
-8 331
-8 330
-8 329
-8 328
-8 327
-8 326
-8 325
-8 324
-8 323
-8 322
-8 320
-8 319
-8 318
-8 317
-8 315
-8 314
-8 313
-8 312
-8 311
-8 310
-8 309
-8 308
-8 307
-8 306
-8 305
-8 304
-8 303
-8 302
-8 301
-8 300
-8 299
-8 298
-8 297
-8 296
-8 295
-8 293
-8 292
-8 291
-8 290
-8 289
-8 288
-8 287
-8 286
-8 285
-8 284
-8 283
-8 282
-8 281
-8 280
-8 279
-8 278
-8 277
-8 276
-8 275
-8 274
-8 273
-8 272
-8 271
-8 270
-8 269
-8 268
-8 267
-8 266
-8 265
-8 264
-8 263
-8 262
-8 261
-8 260
-8 259
-8 258
-8 257
-8 256
-8 255
-8 254
-8 253
-8 252
-8 251
-8 250
-8 249
-8 248
-8 247
-8 246
-8 245
-8 244
-8 243
-8 242
-8 241
-8 240
-8 239
-8 238
-8 237
-8 236
-8 235
-8 234
-8 233
-8 232
-8 231
-8 230
-8 229
-8 228
-8 227
-8 226
-8 225
-8 224
-8 223
-8 222
-8 221
-8 220
-8 219
-8 218
-8 217
-8 216
-8 215
-8 214
-8 213
-8 212
-8 211
-8 210
-8 209
-8 208
-8 207
-8 206
-8 205
-8 204
-8 203
-8 202
-8 201
-8 200
-8 199
-8 198
-8 197
-8 196
-8 195
-8 194
-8 193
-8 192
-8 191
-8 190
-8 189
-8 188
-8 187
-8 186
-8 185
-8 184
-8 183
-8 182
-8 181
-8 178
-8 177
-8 176
-8 175
-8 174
-8 173
-8 172
-8 171
-8 170
-8 169
-8 168
-8 166
-8 165
-8 164
-8 163
-8 162
-8 161
-8 160
-8 159
-8 158
-8 157
-8 156
-8 155
-8 154
-8 153
-8 152
-8 151
-8 150
-8 149
-8 148
-8 147
-8 146
-8 145
-8 144
-8 143
-8 142
-8 141
-8 140
-8 139
-8 138
-8 137
-8 136
-8 135
-8 134
-8 133
-8 132
-8 131
-8 130
-8 129
-8 128
-8 127
-8 126
-8 125
-8 124
-8 123
-8 122
-8 121
-8 120
-8 119
-8 118
-8 117
-8 116
-8 115
-8 114
-8 113
-8 112
-8 111
-8 110
-8 109
-8 108
-8 107
-8 106
-8 105
-8 104
-8 103
-8 102
-8 101
-8 100
-8 99
-8 98
-8 97
-8 96
-8 95
-8 94
-8 93
-8 92
-8 91
-8 90
-8 89
-8 88
-8 87
-8 86
-8 85
-8 84
-8 83
-8 82
-8 81
-8 80
-8 79
-8 78
-8 77
-8 76
-8 75
-8 74
-8 73
-8 72
-8 71
-8 70
-8 69
-8 68
-8 67
-8 66
-8 65
-8 64
-8 63
-8 62
-8 61
-8 60
-8 59
-8 58
-8 57
-8 56
-8 55
-8 54
-8 53
-8 52
-8 51
-8 50
-8 49
-8 48
-8 47
-8 46
-8 45
-8 44
-8 43
-8 42
-8 41
-8 40
-8 39
-8 38
-8 37
-8 36
-8 35
-8 34
-8 33
-8 32
-8 31
-8 30
-8 29
-8 28
-8 27
-8 26
-8 25
-8 24
-8 23
-8 21
-8 20
-8 19
-8 18
-8 17
-8 16
-8 15
-8 14
-8 13
-8 12
-8 11
-8 10
-8 9
-8 8
-8 7
-8 6
-8 5
-8 4
-8 3
-8 2
-8 1
-8 0
-7 -3000
-6 -5000
-5 -6000
