1998
740 -650
753 -696
719 -663
683 -565
593 -539
586 -446
648 -415
713 -447
639 -331
566 -351
523 -297
575 -264
616 -286
541 -227
462 -324
460 -370
479 -380
585 -430
566 -427
510 -401
585 -516
489 -435
384 -380
423 -442
478 -536
379 -415
313 -361
325 -318
263 -421
303 -482
306 -512
287 -516
259 -508
216 -569
434 -562
199 -621
49 -685
13 -712
-47 -701
-93 -673
-28 -670
57 -610
-2 -593
-3 -588
59 -577
134 -632
96 -527
149 -496
186 -446
252 -356
167 -503
218 -529
264 -495
269 -457
231 -447
251 -393
280 -346
298 -345
338 -216
328 -227
250 -250
228 -257
306 -244
275 -286
257 -267
273 -301
189 -413
180 -372
252 -310
187 -304
207 -320
55 -384
-42 -439
138 -386
-81 -545
-88 -553
-18 -548
8 -498
47 -575
-73 -563
-55 -617
-225 -609
-307 -686
-292 -744
-245 -814
-165 -850
-147 -854
-169 -683
-119 -728
-139 -663
-151 -683
-222 -666
-131 -617
-102 -664
-124 -796
-5 -809
148 -756
153 -828
-9 -874
101 -1171
39 -1065
-49 -920
-25 -1008
-62 -925
-321 -819
-373 -847
-417 -785
-408 -730
-418 -729
-425 -739
-427 -733
-386 -667
-355 -599
-324 -694
-332 -750
-320 -736
-329 -639
-159 -547
-177 -569
-123 -510
-95 -430
-190 -491
-322 -540
-350 -534
-304 -477
-363 -492
-389 -511
-296 -435
-250 -412
-285 -391
-340 -372
-356 -340
-378 -197
-298 -349
-290 -305
-92 -383
-109 -332
-92 -312
-118 -323
-174 -325
-163 -274
-153 -254
-229 -239
-314 -182
-333 -194
-329 -144
-329 -136
-337 -119
-428 -35
-323 -114
-307 -101
-287 -154
-231 -144
-443 1
-440 -26
-468 -85
-517 -110
-497 -145
-486 -184
-549 -223
-530 -225
-543 -235
-553 -285
-548 -288
-509 -226
-495 -254
-480 -389
-493 -485
-473 -409
-464 -418
-459 -433
-446 -476
-442 -503
-422 -462
-396 -517
-392 -542
-424 -667
-471 -845
-453 -847
-485 -899
-484 -869
-549 -895
-646 -975
-849 -1160
-855 -1206
-924 -1211
-701 -1209
-585 -1188
-775 -1204
-597 -1082
-368 -938
-438 -918
-302 -916
-318 -826
-179 -979
-49 -1031
-245 -1025
-343 -1038
-187 -1073
-260 -1060
-476 -1113
-187 -1122
-380 -1121
-239 -1170
-91 -1259
-226 -1243
-390 -1140
-447 -1216
-748 -1222
-873 -1268
-888 -1405
-808 -1413
-741 -1343
-739 -1374
-645 -1348
-701 -1265
-427 -1232
-415 -1352
-529 -1321
-422 -1391
-358 -1405
-340 -1505
-235 -1328
-349 -1378
-304 -1304
8 -1301
16 -1295
-13 -1294
-58 -1286
-154 -1070
38 -1242
51 -1354
148 -1407
189 -1414
196 -1513
192 -1416
242 -1470
161 -1630
177 -1661
162 -1699
124 -1572
122 -1573
-7 -1381
-17 -1413
51 -1675
93 -1787
182 -1781
1 -1902
-169 -1959
-300 -1804
1 -1811
-78 -1807
-387 -1797
-771 -2127
-771 -1821
-621 -1780
-43 -1627
-74 -1576
-303 -1543
-397 -1562
-406 -1640
-433 -1494
-439 -1443
-526 -1438
-488 -1424
-568 -1452
-637 -1504
-507 -1664
-771 -1589
-902 -1478
-913 -1470
-936 -1341
-991 -1264
-1118 -1043
-1174 -1069
-1266 -898
-1273 -899
-1093 -710
-1121 -698
-1139 -722
-1127 -741
-1294 -887
-1318 -870
-1279 -822
-1465 -1015
-1323 -1119
-1256 -1075
-1345 -1265
-1700 -962
-2206 -834
-2214 -1056
-1926 -1262
-1650 -1225
-2106 -1010
-1770 -1063
-1654 -1182
-1566 -1221
-1580 -1128
-1412 -1258
-1377 -1387
-1334 -1431
-1283 -1423
-1205 -1488
-1187 -1098
-1180 -1166
-1112 -1240
-940 -1402
-970 -1459
-1051 -1415
-1069 -1413
-1065 -1355
-1105 -1546
-1163 -1511
-1145 -1533
-933 -1682
-549 -1721
-655 -1727
-858 -1788
-850 -1714
-985 -2233
-984 -2341
-569 -2369
-452 -2198
-455 -2180
-314 -2180
-776 -2716
-849 -2683
-1024 -2420
-1021 -2317
-1154 -2165
-1149 -1851
-1044 -1636
-947 -1675
-1273 -1527
-1288 -1607
-1234 -1691
-1307 -1864
-1363 -2017
-1147 -3276
-1031 -2438
-874 -2987
-618 -2678
25 -2463
-70 -2363
260 -2272
395 -2269
557 -2013
389 -1839
218 -1800
228 -1640
649 -1956
662 -1967
604 -2037
532 -2252
481 -2334
-655 -3173
469 -2567
159 -3261
333 -3685
609 -2456
750 -2182
670 -2052
1196 -2047
1265 -2183
1261 -2242
733 -2674
1713 -3217
1374 -2327
1518 -2235
1564 -1923
1704 -1897
1725 -1890
1217 -1931
1610 -1572
1732 -1637
1829 -1541
2226 -1026
1837 -1827
3097 -817
2932 -715
2923 -722
2476 -1211
2297 -774
2064 -673
2423 -587
2496 -707
2490 -143
2625 -333
2456 283
2225 585
2407 583
2278 595
2581 634
2430 390
3285 522
3310 1145
3195 1312
2725 1300
2737 746
2028 705
2020 631
1983 605
1784 462
1702 430
1837 382
2087 171
1908 298
1891 320
1751 355
1863 156
1874 28
1893 24
2036 -27
2060 84
2185 157
2285 -165
2209 -311
2209 -143
1974 -14
2118 -429
2087 -441
2019 -552
1820 -139
1773 -121
1659 13
1553 219
1732 145
1782 140
1639 247
1539 355
1491 436
1228 477
1241 551
1280 576
1554 401
1364 587
1476 599
1683 437
1862 632
1912 701
2106 995
1873 938
1868 685
1685 690
1416 1009
1507 993
1669 811
1644 1009
1693 786
1704 991
1834 968
2064 1189
2285 1136
2416 1281
1849 1242
1734 1273
1736 1359
1845 1424
2056 1884
2163 1837
1444 2384
1382 2182
1417 2100
1502 2157
1648 1565
1521 1464
1711 1547
1516 1338
1585 1293
1497 1289
1505 1250
1242 1195
1486 1133
1592 1177
1598 1236
1736 1248
1690 1147
1607 1045
1521 1044
1558 1053
1391 1070
1384 1058
1183 1217
1226 1271
1458 1323
1376 1694
1320 1488
1338 1372
1299 1486
1124 1404
944 1346
1135 1288
1170 1203
1147 1102
1159 1101
1233 1067
1211 913
1214 806
1105 640
1054 687
1033 715
1122 853
1147 869
1109 869
930 826
916 843
885 720
821 679
901 920
1005 1009
914 1072
858 1151
1018 1021
1139 1007
1069 1017
1072 1122
1038 1185
857 1227
993 1318
909 1283
785 1196
799 1160
836 1190
835 808
801 891
808 984
815 1031
806 1102
756 1198
749 1300
919 1350
719 1488
683 1555
647 1527
512 1455
471 1380
241 1296
435 1280
540 1397
499 1420
557 1425
702 1111
782 917
817 706
724 966
664 944
609 886
579 964
557 1143
530 1200
447 1237
293 1218
272 1184
313 1105
477 1118
414 1116
464 1186
547 929
368 973
444 833
376 929
292 963
295 945
362 862
377 854
388 847
343 872
251 983
218 1132
242 1118
206 1143
179 1204
150 1211
94 1181
45 1226
37 1269
9 1310
-152 1362
1 1272
13 1209
117 1106
61 1076
79 946
129 1029
150 941
95 832
115 811
125 741
174 821
176 846
197 922
163 1019
240 901
248 871
260 802
241 745
307 725
275 826
302 782
343 845
345 842
318 736
292 694
160 634
212 714
194 693
200 740
232 801
176 764
126 642
128 679
77 816
25 748
-88 853
43 665
4 618
-124 581
-53 723
-67 739
-120 835
-68 904
-251 758
-149 857
-107 904
-118 1032
-39 1140
40 926
-8 892
5 892
72 936
20 1124
5 1163
-4 1183
-254 1378
-179 1396
-104 1543
-116 1570
-387 1463
-334 1365
-200 1277
-269 1143
-277 1011
-231 1017
-289 890
-207 913
-169 1252
-164 1258
-186 877
-274 884
-456 818
-570 791
-495 867
-601 845
-648 757
-702 726
-739 680
-755 655
-744 573
-719 607
-704 605
-633 626
-659 652
-714 637
-735 668
-669 655
-621 709
-469 759
-373 767
-375 822
-609 730
-581 771
-355 853
-362 808
-219 849
-261 779
-248 718
-235 703
-258 712
-357 754
-389 720
-412 718
-541 627
-547 649
-354 762
-478 731
-550 650
-576 674
-555 591
-673 528
-563 551
-598 319
-474 417
-502 357
-383 366
-469 343
-656 230
-667 265
-717 310
-600 470
-636 478
-668 524
-712 524
-647 588
-802 521
-781 406
-759 417
-750 414
-790 336
-856 362
-806 297
-767 320
-785 261
-755 182
-895 361
-1070 513
-887 428
-881 378
-806 527
-788 545
-825 583
-922 537
-921 600
-960 605
-937 549
-1106 635
-1154 761
-1099 830
-1032 821
-907 786
-939 806
-911 826
-821 791
-918 688
-979 736
-1078 776
-1039 746
-1113 729
-1013 645
-904 689
-789 723
-690 860
-594 968
-585 961
-494 1088
-424 1085
-466 1016
-545 938
-314 1016
-369 1121
-316 1204
-390 1403
-423 1475
-469 1575
-403 1598
-341 1571
-383 1645
-283 1953
-657 1901
-812 1770
-655 1730
-531 1682
-472 1646
-465 1638
-622 1623
-541 1583
-536 1576
-739 1559
-476 1418
-424 1353
-404 1258
-717 1496
-794 1541
-926 1644
-859 1969
-38 1964
-54 1685
-144 1817
-156 1777
-99 1712
-197 1757
-20 1372
55 1410
288 1510
65 1475
-30 1618
129 1721
245 1708
4 1843
161 1825
433 1710
374 1643
316 1560
316 1474
244 1390
265 1489
198 1402
146 1426
189 1341
216 1346
408 1443
388 1518
539 1537
467 1582
515 1661
638 1661
316 1934
61 2059
-54 2171
483 1904
640 1745
400 1997
-9 2431
176 2792
202 2413
633 1956
904 1891
835 2405
955 1758
736 1745
824 1663
980 1724
1190 1782
789 1640
698 1725
832 1528
989 1592
1073 1643
1484 1858
1378 1946
982 1767
1223 2020
1454 2456
1858 2595
1168 2699
674 2470
756 2091
638 2440
135 3149
-248 2829
-669 3179
-2355 3131
-2011 2260
-1730 2141
-1335 2412
-419 2929
-115 2573
-390 2214
-81 2243
-136 2205
-185 2003
-612 2029
-606 2123
-645 2160
-561 2539
-851 2089
-1024 2188
-1159 2265
-2041 2057
-2270 1893
-2402 776
-2431 518
-2520 146
-2525 -37
-2706 555
-2731 -314
-2785 -526
-2421 -129
-2317 240
-2332 717
-2264 823
-2178 854
-2119 556
-2229 108
-2391 -498
-2541 -715
-2500 -609
-2479 -341
-2850 -652
-3002 296
-3026 -1040
-2976 -1134
-2707 -1433
-2358 -2008
-1685 -2135
-1474 -1545
-1463 -1344
-1666 -2007
-2066 -1438
-2073 -1560
-2342 -1555
-2294 -955
-2274 -1230
-2226 -847
-2130 -709
-2210 -65
-2054 -299
-2045 -319
-2099 -476
-2124 -712
-1856 -790
-1913 -678
-2008 -630
-1965 -551
-1961 -412
-1835 -275
-1819 -416
-1727 -429
-1863 -463
-1931 -623
-1826 -572
-1760 -682
-1789 -815
-1747 -854
-1738 -892
-1496 -960
-1372 -911
-1470 -918
-1602 -914
-1624 -628
-1546 -529
-1528 -479
-1644 -600
-1677 -586
-1586 -384
-1504 -355
-1520 -129
-1583 -169
-1699 -365
-1665 -181
-1703 -299
-1731 -343
-1729 -329
-1840 -15
-1690 62
-1815 93
-1590 379
-1711 -108
-1685 -77
-1734 -164
-1599 1
-1591 170
-1560 264
-1435 47
-1306 45
-1340 167
-1322 210
-1334 333
-1370 393
-1420 389
-1475 383
-1465 378
-1419 382
-1384 386
-1465 268
-1500 410
-1432 414
-1462 508
-1480 616
-1350 697
-1350 757
-1564 596
-1575 586
-1553 496
-1762 397
-1632 360
-1780 256
-1793 381
-1907 250
-1976 119
-2208 78
-1908 358
-1975 437
-1642 558
-1606 594
-1888 513
-1968 517
-1890 837
-1907 848
-1875 1084
-1697 910
-1732 685
-1536 780
-1825 1177
-1532 1065
-1651 1163
-1712 1300
-1602 1406
-1373 1448
-1390 1430
-1510 1230
-1219 1533
-1581 1607
-1657 1613
-1754 1286
-1745 1268
-1948 1100
-1946 1225
-2046 1393
-2081 1431
-2151 1687
-1809 1382
-1753 1962
-1387 1757
-1377 1792
-1689 2012
-1791 2051
-1066 2132
-1072 1821
-1009 1703
-1116 1635
-1183 1947
-1138 1581
-949 1580
-937 1601
-885 1597
-641 1428
-587 1300
-505 1224
-409 1179
-477 1157
-521 1082
-582 998
-810 994
-751 1044
-724 1003
-672 1135
-576 1167
-686 1149
-842 1318
-789 1413
-891 1487
-916 1556
-969 1485
-1123 1502
-1110 1515
-1199 1578
-1251 1260
-1053 1482
-1321 1097
-1302 972
-1183 1169
-1170 1212
-1145 1329
-1023 1350
-932 1301
-1100 1130
-1187 1004
-1053 1074
-1056 1079
-801 1195
-830 1248
-687 1132
-912 1116
-831 897
-817 855
-887 954
-1054 924
-1012 887
-1149 924
-1316 866
-1277 930
-1343 974
-1381 1017
-1457 915
-1577 927
-1371 846
-1348 841
-1254 853
-1320 810
-1278 826
-1329 688
-1229 693
-1250 473
-1206 520
-1272 416
-1365 611
-1390 615
-1346 548
-1252 302
-1283 106
-1263 123
-1210 87
-1183 94
-1118 172
-1030 166
-1040 57
-1159 89
-1118 -95
-1235 33
-1278 17
-1244 -24
-1243 -53
-1312 -110
-1199 -176
-1300 -191
-1311 -185
-1357 -174
-1399 -74
-1485 -200
-1489 -139
-1470 6
-1525 1
-1526 -33
-1478 -340
-1297 -228
-1296 -267
-1299 -266
-1397 -458
-1466 -548
-1423 -513
-1319 -452
-1267 -345
-1236 -289
-1238 -351
-1190 -385
-1220 -360
-1160 -284
-1120 -383
-1092 -321
-1158 -287
-1107 -136
-1099 -105
-1027 -9
-972 9
-967 12
-994 5
-958 59
-990 118
-857 165
-831 175
-853 188
-963 152
-1121 191
-1094 373
-1199 169
-1229 178
-1223 200
-1264 417
-1212 231
-1107 453
-907 360
-925 298
-943 323
-1051 263
-957 175
-946 170
-839 208
-726 140
-717 100
-710 78
-738 100
-847 41
-879 7
-866 40
-765 112
-740 138
-985 -14
-1085 -125
-1093 -214
-985 -76
-956 -61
-948 -18
-897 -41
-735 36
-802 -23
-910 -199
-921 -408
-950 -235
-917 -123
-996 -152
-1015 -142
-973 -325
-1005 -267
-981 -354
-862 -476
-752 -538
-838 -520
-931 -451
-1030 -422
-983 -449
-1018 -440
-762 -572
-746 -597
-890 -515
-744 -790
-791 -619
-773 -659
-715 -612
-742 -550
-770 -457
-815 -473
-743 -322
-719 -291
-667 -385
-697 -389
-673 -410
-663 -474
-683 -470
-705 -510
-578 -532
-588 -500
-607 -388
-555 -457
-501 -557
-516 -609
-542 -709
-564 -702
-541 -658
-559 -609
-580 -743
-539 -852
-566 -810
-560 -797
-617 -785
-655 -651
-647 -830
-700 -911
-684 -868
-697 -667
-725 -842
-808 -951
-788 -914
-864 -764
-961 -771
-844 -649
-934 -563
-982 -507
-1016 -462
-1221 -534
-1085 -442
-1155 -437
-1263 -553
-1412 -663
-1420 -697
-1153 -611
-1122 -601
-1115 -556
-1068 -617
-1096 -631
-1246 -674
-1067 -639
-1003 -725
-1001 -599
-990 -823
-1071 -649
-1056 -799
-1156 -893
-1212 -949
-1194 -964
-1023 -864
-950 -830
-952 -774
-875 -770
-868 -881
-861 -939
-882 -916
-907 -988
-907 -1020
-958 -970
-1067 -926
-1122 -1020
-1103 -1024
-1021 -1021
-856 -1107
-899 -1203
-748 -1017
-652 -913
-585 -888
-523 -884
-481 -846
-502 -660
-418 -618
-395 -542
-476 -501
-500 -554
-564 -420
-562 -388
-565 -358
-630 -235
-694 -260
-705 -253
-685 -190
-714 -157
-801 -225
-801 -156
-845 -262
-906 -329
-809 -440
-908 -328
-811 -136
-732 -38
-746 -90
-699 -22
-702 17
-697 -6
-632 24
-728 158
-765 252
-714 164
-606 64
-564 118
-600 127
-620 192
-548 144
-448 179
-483 178
-534 156
-519 198
-440 304
-335 330
-308 353
-302 248
-342 315
-482 205
-314 244
-366 169
-405 175
-520 48
-561 -31
-627 -50
-581 -53
-577 -69
-612 -69
-661 -49
-591 -203
-588 -184
-554 -67
-437 21
-442 21
-474 96
-447 68
-379 146
-323 146
-293 136
-297 237
-291 236
-222 296
-224 246
-204 249
-182 269
-162 284
21 241
-4 185
-32 147
101 312
86 219
55 173
-46 93
-67 38
-58 107
-50 138
-105 187
-158 189
-238 167
-227 142
-274 117
-249 18
-184 22
-176 33
-231 82
-153 146
-113 150
-126 93
-95 24
-28 22
10 16
66 139
110 162
129 103
73 100
139 17
130 -35
54 -8
32 -19
14 -52
134 -58
160 18
199 75
233 28
256 58
280 76
284 32
243 -90
232 -128
218 -8
253 10
236 20
231 12
195 13
199 -44
152 -132
68 -157
59 -168
-10 -233
23 -130
32 -106
60 -157
133 -91
-5 -83
-74 -88
-28 -81
-42 -25
-49 11
-177 -41
-74 -45
-62 -64
-173 -86
-164 -48
-198 -120
-103 -74
-111 -92
-74 -142
-47 -223
-6 -260
56 -211
58 -191
64 -222
160 -206
263 -154
230 -161
268 -142
365 -12
252 -129
345 46
326 88
428 82
468 21
434 -61
467 -236
478 -149
510 -79
528 -45
552 -11
547 41
526 -31
434 207
521 239
548 113
508 157
462 195
572 72
567 101
646 103
573 110
584 138
605 218
563 406
542 474
508 427
507 420
482 377
418 428
447 590
391 523
367 529
281 546
193 493
167 447
176 450
259 520
345 455
284 436
375 436
367 468
367 480
426 363
418 362
343 343
369 315
472 376
433 291
428 260
338 220
375 148
319 219
294 222
427 346
333 293
226 328
237 294
256 280
249 269
302 242
244 230
236 224
298 214
342 173
306 171
187 192
302 103
184 79
154 142
109 319
92 342
39 369
-112 459
-175 377
11 299
59 271
5 283
-26 293
-180 379
-189 345
-245 444
-268 414
-264 351
-292 440
-304 472
-266 543
-418 486
-457 500
-479 480
-401 420
-293 350
-447 389
-539 601
-445 581
-415 576
-391 654
-394 633
-340 622
-252 543
-249 498
-177 433
-148 499
-192 545
-197 647
-165 683
-156 622
-134 572
-157 440
-44 538
-21 561
-47 492
-58 468
-8 448
-4 510
13 555
-18 566
36 563
17 503
37 400
116 345
107 463
112 480
187 514
158 538
47 480
48 599
83 569
121 529
249 620
312 692
341 713
382 757
416 754
375 734
380 711
499 650
508 634
465 735
509 756
469 791
528 822
521 745
533 677
515 596
537 596
545 543
583 500
682 597
735 521
726 461
730 421
742 400
684 284
684 435
593 411
613 389
605 414
662 314
625 352
624 170
689 265
696 264
771 163
772 231
770 235
806 272
789 364
782 447
734 562
687 611
542 857
665 833
702 729
689 864
768 626
768 591
745 543
801 475
791 546
854 599
872 590
977 610
972 760
1071 629
1083 620
1000 478
949 478
975 411
1013 417
1053 524
1103 637
1079 538
1073 490
1128 171
1180 504
1120 352
1123 533
1210 633
1301 695
1255 975
1340 944
1508 808
1678 682
1744 548
1469 768
1640 614
1396 625
1472 704
1274 582
1240 573
1148 241
1169 125
1199 -37
1212 102
1386 242
1311 269
1495 248
1502 252
1316 145
1364 -67
1363 -126
1353 -103
1302 44
1231 48
1257 -101
1229 -144
1148 -81
1172 -112
1073 -161
1018 -186
967 -196
927 -174
1108 -50
1114 19
1122 50
1058 40
1019 25
1057 -22
1100 -32
1070 -55
973 -30
946 -74
936 -31
1105 174
1043 318
1065 315
1047 334
965 401
935 453
920 375
948 281
970 209
986 252
1015 241
966 122
919 13
888 -7
847 -52
803 27
803 65
848 57
863 52
869 14
862 153
884 223
880 130
922 84
955 117
946 148
891 223
908 326
906 374
897 431
880 452
889 397
792 422
801 358
829 253
842 248
874 306
847 118
829 138
829 174
830 208
806 145
747 117
640 184
673 103
668 119
688 100
729 55
723 31
743 19
807 -46
793 -94
760 -107
707 2
687 29
626 2
595 -10
593 -81
579 -45
575 -6
533 -186
613 -51
697 -47
706 -129
671 -249
737 -448
697 -309
748 -230
756 -264
772 -272
744 -175
731 -136
823 -102
863 -174
1021 -223
1095 -222
1076 -251
1084 -272
976 -276
909 -263
729 -337
913 -467
961 -506
933 -326
898 -402
863 -360
843 -329
874 -297
1111 -317
1071 -332
1351 -482
1265 -266
1306 -353
1361 -367
1374 -184
1393 -225
1514 -222
1487 -179
1373 60
1447 73
1457 -27
1509 -118
1571 -46
1560 -221
1713 -315
1608 -415
1618 -452
1524 -407
1434 -419
1461 -506
1501 -563
1684 -476
1678 -409
1766 -426
1715 -225
1622 26
1961 -496
1982 -516
2083 -760
2217 -802
2150 -869
1864 -1092
1989 -983
1829 -955
1843 -766
1668 -969
1808 -595
1982 -721
1936 -662
1957 -639
1819 -358
1790 -494
1687 -520
1665 -772
1628 -877
1539 -906
1589 -987
1320 -905
1271 -875
1489 -925
1423 -721
1204 -685
1325 -828
1247 -840
1145 -784
1127 -829
961 -923
939 -930
1017 -1047
991 -1256
1105 -1313
1180 -1341
1257 -1325
1240 -1010
1360 -1206
1351 -1063
1321 -966
1630 -1048
1376 -991
1551 -1061
1424 -1244
1605 -1083
1556 -1237
1480 -1413
1388 -1268
1236 -1403
1117 -1396
1051 -1568
1186 -1563
1038 -1988
976 -1920
882 -1773
802 -1671
1009 -1302
863 -1330
799 -1360
733 -1487
840 -1440
806 -1610
756 -1907
718 -1903
498 -1553
764 -1802
687 -1488
782 -1201
811 -1085
831 -1064
897 -1143
884 -1207
976 -1236
926 -1160
903 -1126
849 -1008
849 -949
749 -992
659 -1070
778 -1089
493 -1241
509 -1213
515 -1173
648 -1074
715 -1002
586 -1112
697 -925
761 -888
711 -889
658 -960
672 -962
609 -1069
563 -1117
493 -1115
508 -1068
471 -1071
381 -1188
469 -1195
348 -1297
406 -1413
436 -1303
490 -1211
480 -1309
589 -1385
497 -1426
463 -1374
385 -1571
552 -1701
447 -1755
443 -1781
305 -1678
311 -1533
322 -1464
351 -1338
278 -1467
265 -1326
197 -1254
168 -1248
167 -1270
84 -1270
-38 -1069
33 -1121
131 -1218
149 -1209
82 -1025
162 -1228
270 -1259
366 -1122
369 -1105
188 -1200
262 -1144
299 -1127
332 -1042
301 -1011
189 -1183
158 -1008
136 -952
181 -1149
35 -910
28 -890
86 -852
107 -859
110 -886
399 -745
270 -723
367 -675
306 -699
291 -704
415 -623
477 -557
592 -560
607 -561
627 -608
650 -628
623 -647
587 -709
538 -698
482 -723
451 -726
393 -835
363 -892
326 -1012
383 -966
469 -873
545 -843
406 -1003
447 -1023
530 -942
700 -873
800 -897
727 -864
683 -865
740 -728
698 -673
787 -764
860 -832
835 -863
912 -854
969 -816
1006 -777
1065 -791
1075 -719
1089 -750
1188 -682
1260 -637
1388 -604
1229 -637
1361 -485
1277 -526
1151 -448
1310 -478
1341 -481
1250 -442
1077 -391
1048 -371
1171 -610
1223 -642
1151 -667
1104 -640
1070 -505
1035 -445
1051 -726
1013 -671
906 -558
917 -516
706 -481
661 -494
696 -493
848 -514
873 -595
917 -786
918 -808
812 -616
807 -614
774 -603
