500
0 0
10000 0
10000 10000
9979 4349
9959 5502
9939 255
9919 639
9899 5248
9879 974
9859 7593
9839 1091
9818 5905
9798 6216
9778 8699
9758 9951
9738 2044
9718 8181
9698 5522
9678 1888
9657 7549
9637 9475
9617 3347
9597 136
9577 775
9557 2467
9537 1000
9517 3873
9496 1460
9476 4350
9456 7880
9436 484
9416 4617
9396 6685
9376 9078
9356 2708
9336 9066
9315 946
9295 4930
9275 3478
9255 946
9235 4389
9215 3992
9195 8086
9175 2074
9154 4545
9134 3069
9114 2950
9094 621
9074 2434
9054 5792
9034 7678
9014 7010
8993 3312
8973 3394
8953 6406
8933 1376
8913 3982
8893 609
8873 903
8853 4145
8832 9239
8812 3511
8792 970
8772 7644
8752 9247
8732 9177
8712 2974
8692 1870
8672 9337
8651 3234
8631 9505
8611 121
8591 3884
8571 6781
8551 8232
8531 1843
8511 4267
8490 9439
8470 5912
8450 8442
8430 5206
8410 7958
8390 570
8370 8575
8350 4569
8329 7140
8309 6335
8289 9443
8269 4556
8249 922
8229 7945
8209 9505
8189 448
8169 90
8148 6080
8128 1647
8108 136
8088 9987
8068 7409
8048 8084
8028 9678
8008 7010
7987 403
7967 3874
7947 8304
7927 9031
7907 6876
7887 2872
7867 9585
7847 8850
7826 1011
7806 2150
7786 2977
7766 5455
7746 9928
7726 280
7706 3329
7686 8443
7665 9132
7645 4457
7625 2120
7605 2005
7585 372
7565 7189
7545 7723
7525 6357
7505 278
7484 7306
7464 7524
7444 3348
7424 3954
7404 2403
7384 9674
7364 5782
7344 5486
7323 1567
7303 9069
7283 5344
7263 5685
7243 2669
7223 1036
7203 4893
7183 8730
7162 7583
7142 7512
7122 7584
7102 2543
7082 9796
7062 7084
7042 7294
7022 430
7002 1168
6981 443
6961 3960
6941 3002
6921 335
6901 2176
6881 9854
6861 2584
6841 2783
6820 4531
6800 1784
6780 6769
6760 8214
6740 7210
6720 2533
6700 1867
6680 1916
6659 3422
6639 7272
6619 393
6599 3738
6579 7448
6559 6656
6539 3262
6519 7487
6498 4732
6478 4118
6458 7026
6438 9462
6418 5978
6398 6477
6378 8247
6358 2971
6338 1454
6317 2286
6297 1466
6277 4569
6257 7648
6237 3870
6217 8416
6197 1837
6177 2814
6156 6174
6136 4870
6116 4603
6096 623
6076 7498
6056 7474
6036 4910
6016 7090
5995 4865
5975 7030
5955 2667
5935 7940
5915 5918
5895 2029
5875 6295
5855 4264
5835 2293
5814 7940
5794 1522
5774 9354
5754 8737
5734 4310
5714 8618
5694 9492
5674 1865
5653 4541
5633 3436
5613 4595
5593 1148
5573 8025
5553 1518
5533 9320
5513 8312
5492 2999
5472 6065
5452 2763
5432 4962
5412 1918
5392 9550
5372 1355
5352 9355
5331 1624
5311 8167
5291 8965
5271 3609
5251 4291
5231 6972
5211 4648
5191 1176
5171 4646
5150 8554
5130 8578
5110 9462
5090 5720
5070 7234
5050 2451
5030 4591
5010 2469
4989 5291
4969 1529
4949 9343
4929 6533
4909 4424
4889 1195
4869 3339
4849 9708
4828 9900
4808 3844
4788 8069
4768 220
4748 2408
4728 9540
4708 1969
4688 8376
4668 3051
4647 1381
4627 522
4607 3867
4587 4942
4567 9204
4547 8424
4527 9889
4507 4092
4486 1164
4466 9862
4446 1978
4426 6666
4406 4857
4386 5622
4366 6249
4346 6622
4325 8985
4305 3240
4285 578
4265 535
4245 3866
4225 7069
4205 7681
4185 6315
4164 8077
4144 6631
4124 4376
4104 2004
4084 7914
4064 3879
4044 1321
4024 5164
4004 2575
3983 7287
3963 944
3943 4072
3923 7576
3903 4418
3883 3101
3863 8448
3843 1180
3822 5667
3802 2356
3782 143
3762 7845
3742 3270
3722 2906
3702 6831
3682 1034
3661 8729
3641 6550
3621 3606
3601 7287
3581 3189
3561 1277
3541 6214
3521 9106
3501 2953
3480 7786
3460 4008
3440 6004
3420 2279
3400 4459
3380 2249
3360 8614
3340 8599
3319 8001
3299 9737
3279 7924
3259 8782
3239 3433
3219 4724
3199 943
3179 6324
3158 8623
3138 6263
3118 1062
3098 7528
3078 1737
3058 9446
3038 9336
3018 3542
2997 5444
2977 7147
2957 5340
2937 5349
2917 6302
2897 1685
2877 9216
2857 663
2837 7529
2816 2257
2796 1323
2776 7604
2756 5359
2736 5773
2716 1442
2696 6709
2676 4827
2655 3947
2635 4793
2615 4292
2595 7516
2575 24
2555 9007
2535 9709
2515 8120
2494 7297
2474 1474
2454 2215
2434 6531
2414 4794
2394 4726
2374 9743
2354 9295
2334 4957
2313 3412
2293 9126
2273 7004
2253 4184
2233 7344
2213 1546
2193 9490
2173 598
2152 3519
2132 6870
2112 7251
2092 8682
2072 6116
2052 9165
2032 7643
2012 7554
1991 7640
1971 3153
1951 6944
1931 6858
1911 9437
1891 7340
1871 2192
1851 816
1830 4095
1810 5775
1790 8768
1770 9105
1750 1346
1730 2978
1710 4236
1690 1238
1670 9124
1649 8884
1629 5299
1609 5410
1589 873
1569 5395
1549 1336
1529 543
1509 2926
1488 8157
1468 4584
1448 2116
1428 3076
1408 5821
1388 7323
1368 4517
1348 5026
1327 675
1307 488
1287 9743
1267 7375
1247 5104
1227 4961
1207 9632
1187 9621
1167 5689
1146 6796
1126 5070
1106 8310
1086 3481
1066 5138
1046 5277
1026 1238
1006 4500
985 7221
965 5881
945 6215
925 7858
905 8352
885 9755
865 8542
845 1222
824 7063
804 6054
784 460
764 94
744 1721
724 3247
704 9472
684 1321
663 6037
643 2001
623 5893
603 4487
583 7463
563 5066
543 3990
523 1531
503 5981
482 8846
462 3913
442 3842
422 6865
402 5699
382 1711
362 2990
342 1598
321 6203
301 3183
281 1304
261 7117
241 6348
221 408
201 9240
181 7169
160 8921
140 1452
120 9485
100 7097
80 21
60 7980
40 2140
20 7258
0 10000
