2000
-10000 9938
-10000 9914
-10000 9873
-10000 9831
-10000 9739
-10000 9710
-10000 9608
-10000 9595
-10000 9537
-10000 9524
-10000 9485
-10000 9470
-10000 9450
-10000 9428
-10000 9410
-10000 9376
-10000 9373
-10000 9321
-10000 9271
-10000 9245
-10000 9200
-10000 9027
-10000 9002
-10000 8959
-10000 8955
-10000 8884
-10000 8855
-10000 8854
-10000 8769
-10000 8708
-10000 8654
-10000 8629
-10000 8616
-10000 8601
-10000 8598
-10000 8595
-10000 8528
-10000 8520
-10000 8490
-10000 8402
-10000 8386
-10000 8366
-10000 8350
-10000 8314
-10000 8277
-10000 8273
-10000 8191
-10000 8181
-10000 8122
-10000 8046
-10000 7919
-10000 7914
-10000 7853
-10000 7852
-10000 7824
-10000 7787
-10000 7782
-10000 7781
-10000 7756
-10000 7715
-10000 7665
-10000 7649
-10000 7633
-10000 7622
-10000 7596
-10000 7586
-10000 7569
-10000 7406
-10000 7395
-10000 7369
-10000 7365
-10000 7325
-10000 7263
-10000 7207
-10000 7164
-10000 7062
-10000 7037
-10000 7010
-10000 6872
-10000 6791
-10000 6752
-10000 6740
-10000 6689
-10000 6511
-10000 6502
-10000 6424
-10000 6423
-10000 6277
-10000 6255
-10000 6254
-10000 6221
-10000 6126
-10000 6100
-10000 6018
-10000 5973
-10000 5951
-10000 5908
-10000 5856
-10000 5750
-10000 5720
-10000 5719
-10000 5672
-10000 5657
-10000 5654
-10000 5649
-10000 5570
-10000 5547
-10000 5543
-10000 5491
-10000 5417
-10000 5345
-10000 5300
-10000 5277
-10000 5265
-10000 5230
-10000 5169
-10000 5144
-10000 5138
-10000 5002
-10000 4901
-10000 4897
-10000 4891
-10000 4866
-10000 4834
-10000 4809
-10000 4771
-10000 4688
-10000 4592
-10000 4554
-10000 4507
-10000 4425
-10000 4371
-10000 4352
-10000 4305
-10000 4277
-10000 4267
-10000 4252
-10000 4141
-10000 4117
-10000 4104
-10000 4071
-10000 3975
-10000 3957
-10000 3953
-10000 3947
-10000 3884
-10000 3797
-10000 3795
-10000 3654
-10000 3634
-10000 3581
-10000 3579
-10000 3552
-10000 3539
-10000 3522
-10000 3418
-10000 3410
-10000 3397
-10000 3237
-10000 3233
-10000 3159
-10000 3151
-10000 2995
-10000 2967
-10000 2946
-10000 2884
-10000 2863
-10000 2839
-10000 2829
-10000 2819
-10000 2763
-10000 2760
-10000 2750
-10000 2747
-10000 2694
-10000 2641
-10000 2570
-10000 2568
-10000 2500
-10000 2464
-10000 2430
-10000 2427
-10000 2416
-10000 2356
-10000 2250
-10000 2155
-10000 2071
-10000 2064
-10000 2063
-10000 2057
-10000 1990
-10000 1976
-10000 1971
-10000 1962
-10000 1955
-10000 1952
-10000 1927
-10000 1907
-10000 1862
-10000 1837
-10000 1817
-10000 1720
-10000 1716
-10000 1689
-10000 1622
-10000 1545
-10000 1540
-10000 1536
-10000 1468
-10000 1439
-10000 1414
-10000 1408
-10000 1402
-10000 1344
-10000 1343
-10000 1280
-10000 1178
-10000 1175
-10000 1169
-10000 1116
-10000 1047
-10000 1040
-10000 977
-10000 963
-10000 879
-10000 770
-10000 762
-10000 752
-10000 703
-10000 700
-10000 650
-10000 610
-10000 608
-10000 597
-10000 572
-10000 514
-10000 505
-10000 435
-10000 411
-10000 365
-10000 332
-10000 293
-10000 272
-10000 257
-10000 242
-10000 237
-10000 191
-10000 144
-10000 131
-10000 51
-10000 44
-10000 39
-10000 37
-10000 30
-10000 -2
-10000 -29
-10000 -106
-10000 -135
-10000 -157
-10000 -169
-10000 -183
-10000 -196
-10000 -234
-10000 -268
-10000 -292
-10000 -327
-10000 -365
-10000 -398
-10000 -470
-10000 -497
-10000 -521
-10000 -547
-10000 -563
-10000 -628
-10000 -635
-10000 -664
-10000 -682
-10000 -699
-10000 -725
-10000 -776
-10000 -780
-10000 -838
-10000 -841
-10000 -961
-10000 -989
-10000 -1010
-10000 -1034
-10000 -1069
-10000 -1221
-10000 -1230
-10000 -1283
-10000 -1377
-10000 -1473
-10000 -1550
-10000 -1650
-10000 -1659
-10000 -1715
-10000 -1718
-10000 -1730
-10000 -1755
-10000 -1758
-10000 -1784
-10000 -1796
-10000 -1844
-10000 -1846
-10000 -1923
-10000 -1927
-10000 -1935
-10000 -1944
-10000 -1955
-10000 -1959
-10000 -1972
-10000 -1981
-10000 -2010
-10000 -2038
-10000 -2068
-10000 -2145
-10000 -2171
-10000 -2182
-10000 -2199
-10000 -2254
-10000 -2263
-10000 -2295
-10000 -2423
-10000 -2505
-10000 -2624
-10000 -2798
-10000 -2817
-10000 -2841
-10000 -2911
-10000 -2927
-10000 -2951
-10000 -2961
-10000 -3001
-10000 -3018
-10000 -3036
-10000 -3103
-10000 -3126
-10000 -3145
-10000 -3235
-10000 -3255
-10000 -3266
-10000 -3274
-10000 -3327
-10000 -3369
-10000 -3424
-10000 -3449
-10000 -3494
-10000 -3531
-10000 -3537
-10000 -3565
-10000 -3631
-10000 -3707
-10000 -3743
-10000 -3800
-10000 -3807
-10000 -3808
-10000 -3852
-10000 -3905
-10000 -3911
-10000 -3925
-10000 -4027
-10000 -4089
-10000 -4117
-10000 -4130
-10000 -4199
-10000 -4248
-10000 -4279
-10000 -4292
-10000 -4297
-10000 -4320
-10000 -4363
-10000 -4371
-10000 -4424
-10000 -4459
-10000 -4522
-10000 -4551
-10000 -4567
-10000 -4570
-10000 -4576
-10000 -4581
-10000 -4733
-10000 -4791
-10000 -4827
-10000 -4838
-10000 -4874
-10000 -4965
-10000 -4983
-10000 -5005
-10000 -5032
-10000 -5084
-10000 -5089
-10000 -5109
-10000 -5123
-10000 -5178
-10000 -5182
-10000 -5190
-10000 -5197
-10000 -5215
-10000 -5231
-10000 -5236
-10000 -5315
-10000 -5328
-10000 -5345
-10000 -5388
-10000 -5454
-10000 -5464
-10000 -5479
-10000 -5486
-10000 -5578
-10000 -5625
-10000 -5699
-10000 -5752
-10000 -5823
-10000 -5855
-10000 -5858
-10000 -5872
-10000 -5958
-10000 -5980
-10000 -5989
-10000 -5996
-10000 -6017
-10000 -6020
-10000 -6035
-10000 -6041
-10000 -6088
-10000 -6122
-10000 -6169
-10000 -6173
-10000 -6223
-10000 -6252
-10000 -6314
-10000 -6431
-10000 -6443
-10000 -6469
-10000 -6479
-10000 -6535
-10000 -6574
-10000 -6596
-10000 -6692
-10000 -6709
-10000 -6730
-10000 -6814
-10000 -6888
-10000 -6896
-10000 -6922
-10000 -6959
-10000 -7049
-10000 -7083
-10000 -7100
-10000 -7166
-10000 -7207
-10000 -7232
-10000 -7314
-10000 -7333
-10000 -7391
-10000 -7416
-10000 -7475
-10000 -7682
-10000 -7705
-10000 -7715
-10000 -7807
-10000 -7857
-10000 -7955
-10000 -8054
-10000 -8062
-10000 -8082
-10000 -8123
-10000 -8136
-10000 -8345
-10000 -8353
-10000 -8520
-10000 -8538
-10000 -8565
-10000 -8586
-10000 -8604
-10000 -8613
-10000 -8656
-10000 -8717
-10000 -8749
-10000 -8783
-10000 -8834
-10000 -8855
-10000 -8895
-10000 -8952
-10000 -8958
-10000 -8982
-10000 -9024
-10000 -9042
-10000 -9047
-10000 -9082
-10000 -9202
-10000 -9362
-10000 -9403
-10000 -9460
-10000 -9496
-10000 -9522
-10000 -9570
-10000 -9586
-10000 -9669
-10000 -9680
-10000 -9721
-10000 -9766
-10000 -9775
-10000 -9858
-10000 -9897
-10000 -9912
-10000 -10000
-9969 -10000
-9907 -10000
-9712 -10000
-9705 -10000
-9698 -10000
-9696 -10000
-9664 -10000
-9630 -10000
-9594 -10000
-9555 -10000
-9554 -10000
-9551 -10000
-9539 -10000
-9537 -10000
-9534 -10000
-9383 -10000
-9348 -10000
-9286 -10000
-9137 -10000
-9119 -10000
-9079 -10000
-8979 -10000
-8874 -10000
-8791 -10000
-8757 -10000
-8745 -10000
-8730 -10000
-8642 -10000
-8605 -10000
-8562 -10000
-8539 -10000
-8460 -10000
-8334 -10000
-8233 -10000
-8204 -10000
-8146 -10000
-8137 -10000
-8084 -10000
-8070 -10000
-7957 -10000
-7926 -10000
-7862 -10000
-7859 -10000
-7806 -10000
-7769 -10000
-7728 -10000
-7715 -10000
-7700 -10000
-7690 -10000
-7655 -10000
-7645 -10000
-7505 -10000
-7491 -10000
-7490 -10000
-7380 -10000
-7368 -10000
-7338 -10000
-7315 -10000
-7279 -10000
-7276 -10000
-7240 -10000
-7230 -10000
-7216 -10000
-7130 -10000
-7097 -10000
-7056 -10000
-7025 -10000
-6974 -10000
-6961 -10000
-6927 -10000
-6882 -10000
-6835 -10000
-6810 -10000
-6773 -10000
-6744 -10000
-6742 -10000
-6684 -10000
-6682 -10000
-6670 -10000
-6662 -10000
-6575 -10000
-6564 -10000
-6524 -10000
-6506 -10000
-6402 -10000
-6383 -10000
-6348 -10000
-6317 -10000
-6314 -10000
-6281 -10000
-6280 -10000
-6278 -10000
-6247 -10000
-6241 -10000
-6181 -10000
-6173 -10000
-6163 -10000
-6154 -10000
-6140 -10000
-6100 -10000
-6014 -10000
-5922 -10000
-5885 -10000
-5876 -10000
-5813 -10000
-5782 -10000
-5758 -10000
-5753 -10000
-5748 -10000
-5718 -10000
-5650 -10000
-5587 -10000
-5416 -10000
-5349 -10000
-5216 -10000
-5193 -10000
-5190 -10000
-5057 -10000
-5046 -10000
-4920 -10000
-4851 -10000
-4844 -10000
-4820 -10000
-4796 -10000
-4725 -10000
-4703 -10000
-4651 -10000
-4639 -10000
-4587 -10000
-4482 -10000
-4422 -10000
-4415 -10000
-4383 -10000
-4357 -10000
-4311 -10000
-4271 -10000
-4202 -10000
-4170 -10000
-4142 -10000
-4126 -10000
-4115 -10000
-4079 -10000
-3941 -10000
-3915 -10000
-3822 -10000
-3820 -10000
-3789 -10000
-3776 -10000
-3673 -10000
-3560 -10000
-3548 -10000
-3498 -10000
-3478 -10000
-3477 -10000
-3422 -10000
-3344 -10000
-3324 -10000
-3303 -10000
-3288 -10000
-3271 -10000
-3256 -10000
-3252 -10000
-3146 -10000
-3031 -10000
-3004 -10000
-2959 -10000
-2927 -10000
-2922 -10000
-2916 -10000
-2914 -10000
-2906 -10000
-2874 -10000
-2833 -10000
-2805 -10000
-2696 -10000
-2637 -10000
-2628 -10000
-2596 -10000
-2573 -10000
-2500 -10000
-2493 -10000
-2486 -10000
-2470 -10000
-2427 -10000
-2384 -10000
-2303 -10000
-2290 -10000
-2263 -10000
-2255 -10000
-2221 -10000
-2209 -10000
-2207 -10000
-2205 -10000
-2162 -10000
-2080 -10000
-2058 -10000
-2002 -10000
-1984 -10000
-1969 -10000
-1954 -10000
-1951 -10000
-1894 -10000
-1865 -10000
-1863 -10000
-1845 -10000
-1795 -10000
-1767 -10000
-1766 -10000
-1737 -10000
-1726 -10000
-1706 -10000
-1700 -10000
-1605 -10000
-1565 -10000
-1470 -10000
-1448 -10000
-1439 -10000
-1410 -10000
-1406 -10000
-1404 -10000
-1344 -10000
-1329 -10000
-1262 -10000
-1241 -10000
-1170 -10000
-1144 -10000
-1112 -10000
-1096 -10000
-927 -10000
-884 -10000
-869 -10000
-846 -10000
-833 -10000
-799 -10000
-794 -10000
-710 -10000
-704 -10000
-584 -10000
-552 -10000
-419 -10000
-385 -10000
-304 -10000
-289 -10000
-242 -10000
-220 -10000
-208 -10000
-205 -10000
-181 -10000
-127 -10000
-123 -10000
-110 -10000
-104 -10000
30 -10000
150 -10000
290 -10000
302 -10000
422 -10000
439 -10000
479 -10000
483 -10000
498 -10000
544 -10000
635 -10000
681 -10000
684 -10000
738 -10000
745 -10000
776 -10000
808 -10000
863 -10000
879 -10000
886 -10000
895 -10000
898 -10000
941 -10000
947 -10000
1045 -10000
1062 -10000
1126 -10000
1127 -10000
1237 -10000
1240 -10000
1375 -10000
1436 -10000
1440 -10000
1460 -10000
1472 -10000
1530 -10000
1534 -10000
1590 -10000
1599 -10000
1612 -10000
1626 -10000
1646 -10000
1770 -10000
1836 -10000
1853 -10000
1873 -10000
1886 -10000
1932 -10000
2035 -10000
2066 -10000
2119 -10000
2144 -10000
2200 -10000
2290 -10000
2323 -10000
2332 -10000
2345 -10000
2388 -10000
2491 -10000
2493 -10000
2495 -10000
2568 -10000
2576 -10000
2626 -10000
2636 -10000
2648 -10000
2662 -10000
2674 -10000
2695 -10000
2733 -10000
2774 -10000
2827 -10000
2901 -10000
2913 -10000
2921 -10000
3020 -10000
3222 -10000
3226 -10000
3295 -10000
3313 -10000
3345 -10000
3368 -10000
3443 -10000
3458 -10000
3522 -10000
3541 -10000
3589 -10000
3623 -10000
3629 -10000
3657 -10000
3708 -10000
3718 -10000
3752 -10000
3770 -10000
3784 -10000
3827 -10000
3880 -10000
3908 -10000
3967 -10000
3993 -10000
4002 -10000
4045 -10000
4067 -10000
4088 -10000
4102 -10000
4103 -10000
4189 -10000
4192 -10000
4199 -10000
4290 -10000
4364 -10000
4396 -10000
4404 -10000
4433 -10000
4442 -10000
4443 -10000
4471 -10000
4488 -10000
4489 -10000
4516 -10000
4542 -10000
4545 -10000
4634 -10000
4720 -10000
4732 -10000
4748 -10000
4810 -10000
4855 -10000
4898 -10000
4963 -10000
4978 -10000
4983 -10000
4987 -10000
5034 -10000
5225 -10000
5277 -10000
5298 -10000
5326 -10000
5331 -10000
5333 -10000
5349 -10000
5355 -10000
5359 -10000
5366 -10000
5368 -10000
5405 -10000
5431 -10000
5448 -10000
5507 -10000
5535 -10000
5670 -10000
5778 -10000
5901 -10000
5909 -10000
5925 -10000
5981 -10000
6075 -10000
6186 -10000
6217 -10000
6346 -10000
6362 -10000
6506 -10000
6530 -10000
6581 -10000
6650 -10000
6657 -10000
6662 -10000
6756 -10000
6808 -10000
6882 -10000
6892 -10000
6897 -10000
6996 -10000
7071 -10000
7168 -10000
7200 -10000
7404 -10000
7449 -10000
7462 -10000
7507 -10000
7521 -10000
7578 -10000
7631 -10000
7641 -10000
7714 -10000
7747 -10000
7760 -10000
7776 -10000
7832 -10000
7897 -10000
7904 -10000
7953 -10000
8005 -10000
8115 -10000
8229 -10000
8277 -10000
8335 -10000
8438 -10000
8499 -10000
8597 -10000
8610 -10000
8618 -10000
8708 -10000
8715 -10000
8735 -10000
8741 -10000
8813 -10000
8860 -10000
8919 -10000
8924 -10000
8942 -10000
8980 -10000
9017 -10000
9091 -10000
9099 -10000
9120 -10000
9213 -10000
9233 -10000
9248 -10000
9287 -10000
9302 -10000
9416 -10000
9417 -10000
9450 -10000
9485 -10000
9541 -10000
9551 -10000
9568 -10000
9638 -10000
9657 -10000
9808 -10000
9815 -10000
9855 -10000
9912 -10000
9927 -10000
9938 -10000
10000 -10000
10000 -9994
10000 -9971
10000 -9960
10000 -9877
10000 -9851
10000 -9835
10000 -9823
10000 -9813
10000 -9707
10000 -9657
10000 -9649
10000 -9648
10000 -9607
10000 -9527
10000 -9299
10000 -9282
10000 -9268
10000 -9238
10000 -9221
10000 -9204
10000 -9202
10000 -9180
10000 -9175
10000 -9148
10000 -9121
10000 -9027
10000 -9019
10000 -8949
10000 -8938
10000 -8898
10000 -8895
10000 -8849
10000 -8797
10000 -8782
10000 -8729
10000 -8676
10000 -8664
10000 -8629
10000 -8558
10000 -8550
10000 -8529
10000 -8515
10000 -8455
10000 -8404
10000 -8390
10000 -8378
10000 -8369
10000 -8331
10000 -8258
10000 -8240
10000 -8226
10000 -8208
10000 -8191
10000 -7970
10000 -7937
10000 -7871
10000 -7851
10000 -7702
10000 -7693
10000 -7692
10000 -7684
10000 -7659
10000 -7625
10000 -7543
10000 -7509
10000 -7505
10000 -7497
10000 -7491
10000 -7455
10000 -7401
10000 -7331
10000 -7305
10000 -7253
10000 -7240
10000 -7233
10000 -7228
10000 -7192
10000 -7140
10000 -7072
10000 -7012
10000 -6967
10000 -6922
10000 -6903
10000 -6795
10000 -6790
10000 -6762
10000 -6758
10000 -6733
10000 -6701
10000 -6699
10000 -6677
10000 -6676
10000 -6675
10000 -6669
10000 -6631
10000 -6629
10000 -6448
10000 -6372
10000 -6342
10000 -6319
10000 -6282
10000 -6234
10000 -6196
10000 -6179
10000 -6139
10000 -6110
10000 -6100
10000 -6048
10000 -6012
10000 -5979
10000 -5954
10000 -5921
10000 -5893
10000 -5887
10000 -5879
10000 -5857
10000 -5831
10000 -5680
10000 -5666
10000 -5653
10000 -5643
10000 -5637
10000 -5407
10000 -5308
10000 -5199
10000 -5192
10000 -5169
10000 -5148
10000 -5127
10000 -5088
10000 -5078
10000 -5050
10000 -5048
10000 -5038
10000 -5001
10000 -4988
10000 -4980
10000 -4976
10000 -4954
10000 -4929
10000 -4668
10000 -4628
10000 -4618
10000 -4572
10000 -4556
10000 -4455
10000 -4415
10000 -4412
10000 -4398
10000 -4394
10000 -4390
10000 -4376
10000 -4311
10000 -4240
10000 -4229
10000 -4158
10000 -4155
10000 -4136
10000 -4126
10000 -4072
10000 -4056
10000 -4041
10000 -4031
10000 -4020
10000 -3998
10000 -3960
10000 -3940
10000 -3930
10000 -3898
10000 -3895
10000 -3850
10000 -3839
10000 -3818
10000 -3798
10000 -3762
10000 -3724
10000 -3456
10000 -3297
10000 -3250
10000 -3171
10000 -3166
10000 -3153
10000 -3122
10000 -3104
10000 -3100
10000 -3050
10000 -2976
10000 -2955
10000 -2885
10000 -2824
10000 -2820
10000 -2762
10000 -2751
10000 -2739
10000 -2695
10000 -2686
10000 -2660
10000 -2569
10000 -2546
10000 -2532
10000 -2485
10000 -2457
10000 -2440
10000 -2411
10000 -2336
10000 -2329
10000 -2315
10000 -2182
10000 -2125
10000 -2099
10000 -1993
10000 -1990
10000 -1966
10000 -1953
10000 -1902
10000 -1838
10000 -1830
10000 -1798
10000 -1637
10000 -1634
10000 -1615
10000 -1613
10000 -1610
10000 -1600
10000 -1594
10000 -1565
10000 -1503
10000 -1442
10000 -1412
10000 -1346
10000 -1226
10000 -1161
10000 -1115
10000 -1085
10000 -1072
10000 -1064
10000 -1014
10000 -1013
10000 -1008
10000 -980
10000 -965
10000 -959
10000 -953
10000 -853
10000 -813
10000 -709
10000 -696
10000 -692
10000 -677
10000 -632
10000 -542
10000 -534
10000 -532
10000 -477
10000 -444
10000 -323
10000 -221
10000 -216
10000 -184
10000 -115
10000 -103
10000 -85
10000 23
10000 54
10000 213
10000 224
10000 248
10000 292
10000 303
10000 342
10000 375
10000 377
10000 381
10000 427
10000 451
10000 511
10000 607
10000 655
10000 668
10000 685
10000 686
10000 761
10000 790
10000 826
10000 845
10000 870
10000 942
10000 956
10000 988
10000 999
10000 1024
10000 1088
10000 1090
10000 1109
10000 1115
10000 1133
10000 1141
10000 1161
10000 1170
10000 1250
10000 1325
10000 1434
10000 1490
10000 1495
10000 1522
10000 1550
10000 1587
10000 1627
10000 1662
10000 1683
10000 1692
10000 1698
10000 1732
10000 1802
10000 1830
10000 1845
10000 1850
10000 1852
10000 1906
10000 1910
10000 1968
10000 1978
10000 2109
10000 2112
10000 2165
10000 2207
10000 2228
10000 2244
10000 2252
10000 2307
10000 2317
10000 2328
10000 2411
10000 2503
10000 2515
10000 2595
10000 2718
10000 2729
10000 2919
10000 2934
10000 2966
10000 3051
10000 3115
10000 3143
10000 3201
10000 3209
10000 3235
10000 3242
10000 3257
10000 3275
10000 3292
10000 3304
10000 3305
10000 3378
10000 3384
10000 3495
10000 3498
10000 3528
10000 3535
10000 3540
10000 3548
10000 3743
10000 3832
10000 3893
10000 3900
10000 3915
10000 4002
10000 4059
10000 4136
10000 4187
10000 4212
10000 4238
10000 4293
10000 4308
10000 4351
10000 4367
10000 4437
10000 4457
10000 4473
10000 4511
10000 4527
10000 4547
10000 4578
10000 4608
10000 4645
10000 4683
10000 4687
10000 4695
10000 4722
10000 4734
10000 4741
10000 4748
10000 4770
10000 4773
10000 4782
10000 4857
10000 5005
10000 5050
10000 5126
10000 5135
10000 5176
10000 5196
10000 5204
10000 5216
10000 5272
10000 5360
10000 5372
10000 5375
10000 5402
10000 5412
10000 5472
10000 5479
10000 5501
10000 5515
10000 5587
10000 5632
10000 5720
10000 5795
10000 5807
10000 5828
10000 5843
10000 5890
10000 5961
10000 6016
10000 6039
10000 6057
10000 6092
10000 6157
10000 6229
10000 6262
10000 6297
10000 6314
10000 6357
10000 6529
10000 6597
10000 6606
10000 6635
10000 6761
10000 6770
10000 6844
10000 6890
10000 6914
10000 6936
10000 6979
10000 7085
10000 7154
10000 7193
10000 7207
10000 7223
10000 7244
10000 7267
10000 7390
10000 7460
10000 7476
10000 7487
10000 7526
10000 7542
10000 7565
10000 7571
10000 7600
10000 7642
10000 7664
10000 7685
10000 7692
10000 7701
10000 7703
10000 7831
10000 7911
10000 7919
10000 8058
10000 8105
10000 8125
10000 8129
10000 8157
10000 8178
10000 8194
10000 8247
10000 8317
10000 8342
10000 8364
10000 8393
10000 8412
10000 8417
10000 8447
10000 8488
10000 8494
10000 8607
10000 8629
10000 8692
10000 8699
10000 8707
10000 8735
10000 8744
10000 8755
10000 8760
10000 8790
10000 8858
10000 8868
10000 8878
10000 8936
10000 8975
10000 9001
10000 9050
10000 9072
10000 9097
10000 9133
10000 9174
10000 9187
10000 9330
10000 9391
10000 9463
10000 9517
10000 9534
10000 9595
10000 9636
10000 9641
10000 9682
10000 9743
10000 9753
10000 9757
10000 9764
10000 9788
10000 9861
10000 9907
10000 9913
10000 9938
10000 9957
10000 9997
10000 10000
9972 10000
9921 10000
9911 10000
9871 10000
9869 10000
9789 10000
9773 10000
9736 10000
9675 10000
9651 10000
9616 10000
9598 10000
9588 10000
9587 10000
9544 10000
9494 10000
9492 10000
9488 10000
9361 10000
9337 10000
9330 10000
9174 10000
9158 10000
9154 10000
9133 10000
9120 10000
9068 10000
9024 10000
8994 10000
8949 10000
8875 10000
8823 10000
8805 10000
8775 10000
8719 10000
8596 10000
8511 10000
8480 10000
8468 10000
8437 10000
8422 10000
8255 10000
8205 10000
8198 10000
8158 10000
8156 10000
8124 10000
8086 10000
7932 10000
7833 10000
7730 10000
7693 10000
7588 10000
7557 10000
7552 10000
7479 10000
7467 10000
7438 10000
7427 10000
7405 10000
7392 10000
7382 10000
7348 10000
7324 10000
7254 10000
7236 10000
7223 10000
6998 10000
6957 10000
6891 10000
6800 10000
6708 10000
6689 10000
6511 10000
6462 10000
6393 10000
6351 10000
6347 10000
6316 10000
6207 10000
6195 10000
6072 10000
5952 10000
5950 10000
5891 10000
5845 10000
5818 10000
5771 10000
5736 10000
5663 10000
5659 10000
5625 10000
5550 10000
5522 10000
5467 10000
5451 10000
5435 10000
5401 10000
5388 10000
5326 10000
5315 10000
5237 10000
5138 10000
5135 10000
5112 10000
5034 10000
5033 10000
5004 10000
4863 10000
4859 10000
4845 10000
4821 10000
4805 10000
4804 10000
4789 10000
4769 10000
4742 10000
4740 10000
4738 10000
4713 10000
4707 10000
4698 10000
4661 10000
4654 10000
4618 10000
4588 10000
4538 10000
4412 10000
4407 10000
4372 10000
4370 10000
4321 10000
4241 10000
4223 10000
4125 10000
4086 10000
4085 10000
4037 10000
3990 10000
3963 10000
3866 10000
3803 10000
3802 10000
3733 10000
3730 10000
3715 10000
3679 10000
3655 10000
3637 10000
3615 10000
3534 10000
3517 10000
3476 10000
3434 10000
3412 10000
3323 10000
3319 10000
3315 10000
3289 10000
3280 10000
3224 10000
3130 10000
3106 10000
3084 10000
3045 10000
2987 10000
2947 10000
2928 10000
2806 10000
2786 10000
2767 10000
2752 10000
2745 10000
2686 10000
2683 10000
2475 10000
2471 10000
2303 10000
2283 10000
2232 10000
2138 10000
2059 10000
2053 10000
1986 10000
1948 10000
1947 10000
1931 10000
1858 10000
1847 10000
1845 10000
1753 10000
1711 10000
1676 10000
1674 10000
1648 10000
1628 10000
1613 10000
1560 10000
1469 10000
1329 10000
1311 10000
1305 10000
1138 10000
1136 10000
1104 10000
1096 10000
1066 10000
1043 10000
1010 10000
1006 10000
1002 10000
992 10000
980 10000
873 10000
845 10000
822 10000
785 10000
764 10000
723 10000
713 10000
712 10000
616 10000
521 10000
480 10000
473 10000
471 10000
438 10000
436 10000
376 10000
363 10000
342 10000
340 10000
338 10000
325 10000
318 10000
314 10000
276 10000
209 10000
200 10000
198 10000
174 10000
155 10000
132 10000
98 10000
75 10000
74 10000
34 10000
-11 10000
-215 10000
-222 10000
-235 10000
-245 10000
-252 10000
-290 10000
-296 10000
-328 10000
-337 10000
-352 10000
-390 10000
-411 10000
-440 10000
-462 10000
-572 10000
-618 10000
-622 10000
-651 10000
-726 10000
-731 10000
-907 10000
-960 10000
-1071 10000
-1089 10000
-1118 10000
-1198 10000
-1244 10000
-1320 10000
-1344 10000
-1351 10000
-1447 10000
-1457 10000
-1524 10000
-1547 10000
-1684 10000
-1694 10000
-1805 10000
-1814 10000
-1816 10000
-1893 10000
-1984 10000
-2003 10000
-2004 10000
-2167 10000
-2228 10000
-2253 10000
-2264 10000
-2386 10000
-2403 10000
-2551 10000
-2577 10000
-2612 10000
-2619 10000
-2757 10000
-2767 10000
-2776 10000
-2852 10000
-2853 10000
-2881 10000
-3004 10000
-3018 10000
-3020 10000
-3022 10000
-3028 10000
-3060 10000
-3095 10000
-3154 10000
-3267 10000
-3268 10000
-3336 10000
-3363 10000
-3379 10000
-3393 10000
-3532 10000
-3580 10000
-3606 10000
-3618 10000
-3727 10000
-3773 10000
-3789 10000
-3828 10000
-3870 10000
-3900 10000
-4079 10000
-4141 10000
-4142 10000
-4159 10000
-4226 10000
-4237 10000
-4314 10000
-4445 10000
-4502 10000
-4607 10000
-4625 10000
-4656 10000
-4663 10000
-4691 10000
-4847 10000
-4905 10000
-4906 10000
-4952 10000
-4962 10000
-4969 10000
-5008 10000
-5030 10000
-5056 10000
-5064 10000
-5076 10000
-5101 10000
-5187 10000
-5223 10000
-5226 10000
-5249 10000
-5251 10000
-5264 10000
-5312 10000
-5369 10000
-5395 10000
-5465 10000
-5509 10000
-5513 10000
-5537 10000
-5554 10000
-5656 10000
-5715 10000
-5743 10000
-5761 10000
-5852 10000
-5892 10000
-5988 10000
-6026 10000
-6064 10000
-6087 10000
-6135 10000
-6166 10000
-6204 10000
-6242 10000
-6282 10000
-6328 10000
-6360 10000
-6362 10000
-6432 10000
-6433 10000
-6458 10000
-6468 10000
-6493 10000
-6580 10000
-6625 10000
-6628 10000
-6680 10000
-6693 10000
-6740 10000
-6743 10000
-6802 10000
-6914 10000
-6916 10000
-6938 10000
-7015 10000
-7128 10000
-7177 10000
-7218 10000
-7223 10000
-7289 10000
-7296 10000
-7300 10000
-7395 10000
-7419 10000
-7465 10000
-7544 10000
-7558 10000
-7565 10000
-7586 10000
-7619 10000
-7636 10000
-7645 10000
-7646 10000
-7650 10000
-7746 10000
-7818 10000
-7852 10000
-7854 10000
-7961 10000
-8028 10000
-8038 10000
-8097 10000
-8106 10000
-8137 10000
-8151 10000
-8201 10000
-8251 10000
-8343 10000
-8367 10000
-8408 10000
-8420 10000
-8444 10000
-8502 10000
-8510 10000
-8523 10000
-8567 10000
-8643 10000
-8710 10000
-8734 10000
-8751 10000
-8814 10000
-8815 10000
-8832 10000
-8897 10000
-8906 10000
-8924 10000
-9006 10000
-9024 10000
-9109 10000
-9119 10000
-9129 10000
-9135 10000
-9210 10000
-9268 10000
-9336 10000
-9352 10000
-9372 10000
-9412 10000
-9430 10000
-9527 10000
-9559 10000
-9988 10000
-10000 10000
