1000
0 0
10000 0
10000 10000
9989 4685
9979 9134
9969 1180
9959 3397
9949 6194
9939 3697
9929 7962
9919 1358
9909 5778
9899 6522
9889 6286
9879 2382
9869 41
9859 3865
9849 997
9839 1746
9829 8380
9819 8211
9809 6070
9799 5539
9789 7476
9779 4391
9769 4092
9759 9264
9749 2333
9739 3849
9729 6011
9719 6029
9709 5226
9699 5568
9689 7406
9679 9294
9669 5226
9658 191
9648 2630
9638 8002
9628 3652
9618 6652
9608 812
9598 8729
9588 295
9578 4618
9568 2352
9558 9120
9548 2906
9538 7838
9528 2398
9518 4300
9508 7840
9498 2217
9488 9967
9478 7265
9468 3200
9458 2638
9448 613
9438 711
9428 1033
9418 6104
9408 4489
9398 855
9388 1503
9378 8004
9368 4658
9358 9070
9348 7156
9338 7986
9327 6731
9317 9339
9307 7981
9297 2092
9287 6316
9277 4589
9267 9633
9257 6169
9247 6031
9237 2871
9227 5548
9217 9847
9207 6519
9197 1391
9187 4484
9177 1164
9167 3206
9157 7894
9147 4999
9137 4765
9127 1660
9117 1394
9107 7281
9097 4847
9087 3026
9077 8429
9067 6379
9057 1079
9047 7879
9037 3713
9027 3103
9017 7733
9007 2319
8996 1240
8986 4463
8976 4445
8966 6411
8956 807
8946 2507
8936 340
8926 9107
8916 6709
8906 2538
8896 712
8886 9412
8876 7659
8866 1152
8856 8848
8846 4137
8836 6284
8826 4034
8816 1790
8806 3666
8796 708
8786 9282
8776 2284
8766 8602
8756 1614
8746 5965
8736 4800
8726 9026
8716 3937
8706 65
8696 8347
8686 909
8676 167
8665 1639
8655 5718
8645 9566
8635 573
8625 2481
8615 7629
8605 914
8595 7014
8585 2647
8575 1529
8565 7995
8555 167
8545 5318
8535 1470
8525 2243
8515 2715
8505 1734
8495 5566
8485 8100
8475 2497
8465 3728
8455 6991
8445 2002
8435 2829
8425 8850
8415 9124
8405 5738
8395 1676
8385 8735
8375 3926
8365 2476
8355 5383
8345 2404
8335 8741
8324 6201
8314 6145
8304 3112
8294 1824
8284 1280
8274 8877
8264 6550
8254 2559
8244 4658
8234 2799
8224 4128
8214 2886
8204 4801
8194 4855
8184 3176
8174 1110
8164 6828
8154 6412
8144 4800
8134 5266
8124 4758
8114 5890
8104 4224
8094 7545
8084 9014
8074 8720
8064 504
8054 4016
8044 9247
8034 1962
8024 5928
8014 9827
8004 233
7993 5077
7983 7044
7973 2006
7963 7729
7953 5620
7943 1608
7933 2764
7923 4255
7913 392
7903 9629
7893 1147
7883 4049
7873 9078
7863 3789
7853 846
7843 6100
7833 255
7823 9598
7813 5029
7803 2854
7793 4446
7783 9567
7773 3842
7763 5764
7753 7583
7743 7170
7733 7680
7723 2502
7713 1666
7703 5391
7693 5842
7683 1761
7673 9918
7662 4042
7652 9588
7642 1931
7632 7401
7622 8717
7612 5018
7602 8469
7592 7581
7582 9205
7572 1335
7562 9865
7552 2134
7542 4379
7532 5755
7522 4176
7512 8292
7502 5031
7492 7252
7482 2188
7472 2019
7462 2908
7452 7000
7442 1246
7432 9591
7422 8340
7412 6341
7402 7374
7392 6663
7382 6544
7372 697
7362 5880
7352 6396
7342 2974
7331 5389
7321 422
7311 3936
7301 6229
7291 1980
7281 2575
7271 7383
7261 6195
7251 9672
7241 2952
7231 8173
7221 9472
7211 8447
7201 7582
7191 545
7181 1143
7171 9930
7161 787
7151 8643
7141 4652
7131 9282
7121 6391
7111 5202
7101 1524
7091 423
7081 668
7071 1097
7061 2087
7051 6246
7041 2627
7031 5068
7021 2738
7011 1758
7001 4573
6990 6312
6980 5943
6970 7627
6960 9571
6950 4505
6940 5714
6930 3936
6920 3532
6910 6114
6900 3977
6890 3145
6880 998
6870 8062
6860 5889
6850 9596
6840 2783
6830 9109
6820 3989
6810 2477
6800 5004
6790 1548
6780 9932
6770 4778
6760 6681
6750 5518
6740 6871
6730 2601
6720 3066
6710 1455
6700 7134
6690 4721
6680 4824
6670 2906
6659 6163
6649 9456
6639 6698
6629 8371
6619 670
6609 5157
6599 544
6589 2376
6579 3172
6569 7580
6559 5781
6549 9164
6539 6353
6529 5371
6519 9150
6509 7808
6499 4856
6489 7304
6479 5851
6469 2208
6459 2955
6449 7904
6439 6034
6429 9152
6419 8911
6409 2863
6399 6497
6389 9653
6379 8683
6369 1186
6359 4164
6349 4406
6339 6828
6328 6349
6318 9349
6308 884
6298 2971
6288 5599
6278 6357
6268 3948
6258 1009
6248 1806
6238 2122
6228 1663
6218 1415
6208 550
6198 195
6188 5176
6178 6482
6168 983
6158 4629
6148 4204
6138 4355
6128 9950
6118 2504
6108 5033
6098 1234
6088 7264
6078 3804
6068 4414
6058 6386
6048 6168
6038 5888
6028 2930
6018 1720
6008 7098
5997 7348
5987 3913
5977 4931
5967 8038
5957 1982
5947 6822
5937 1735
5927 8920
5917 9828
5907 6063
5897 861
5887 6737
5877 4806
5867 742
5857 3499
5847 7975
5837 815
5827 7226
5817 3134
5807 4508
5797 2876
5787 2976
5777 9532
5767 1727
5757 1935
5747 6710
5737 2436
5727 5069
5717 588
5707 252
5697 2727
5687 4600
5677 8619
5667 1503
5656 5874
5646 1327
5636 7796
5626 4771
5616 9845
5606 2707
5596 2749
5586 4736
5576 5938
5566 5506
5556 1459
5546 7776
5536 624
5526 8875
5516 4406
5506 80
5496 2118
5486 9200
5476 4790
5466 5416
5456 649
5446 5832
5436 4513
5426 7770
5416 2868
5406 5987
5396 7426
5386 124
5376 1191
5366 712
5356 5245
5346 1814
5336 8925
5325 7249
5315 4779
5305 3478
5295 3339
5285 7191
5275 1826
5265 2070
5255 6356
5245 2614
5235 5985
5225 4542
5215 6911
5205 2478
5195 7534
5185 9369
5175 9215
5165 52
5155 7607
5145 1079
5135 6876
5125 5207
5115 3579
5105 6599
5095 7163
5085 7069
5075 4643
5065 9703
5055 1318
5045 6772
5035 6891
5025 3788
5015 3003
5005 3657
4994 1249
4984 5022
4974 5315
4964 3099
4954 1781
4944 602
4934 8731
4924 9741
4914 1093
4904 7145
4894 4571
4884 6007
4874 5965
4864 5393
4854 6386
4844 4652
4834 1275
4824 1526
4814 1077
4804 3327
4794 7474
4784 5962
4774 1783
4764 3899
4754 4345
4744 5080
4734 659
4724 4782
4714 6629
4704 3540
4694 5010
4684 8910
4674 112
4663 7712
4653 8872
4643 6251
4633 6434
4623 8120
4613 1484
4603 8780
4593 2650
4583 8988
4573 7370
4563 8504
4553 5486
4543 282
4533 1303
4523 9103
4513 8204
4503 5530
4493 7627
4483 7724
4473 9844
4463 1861
4453 2671
4443 1930
4433 6529
4423 5906
4413 2666
4403 4258
4393 4137
4383 5474
4373 7210
4363 2587
4353 1615
4343 6269
4332 336
4322 2849
4312 7653
4302 745
4292 1169
4282 3658
4272 7720
4262 1827
4252 3585
4242 2383
4232 8167
4222 3350
4212 6702
4202 3763
4192 3156
4182 6320
4172 4175
4162 5619
4152 4787
4142 1473
4132 1678
4122 8952
4112 7383
4102 4126
4092 6312
4082 9742
4072 1275
4062 3132
4052 4808
4042 7504
4032 6613
4022 7368
4012 5809
4002 6687
3991 2943
3981 6987
3971 5264
3961 4702
3951 9360
3941 3425
3931 8544
3921 8155
3911 3513
3901 8682
3891 2432
3881 2774
3871 6130
3861 6660
3851 9227
3841 3961
3831 3127
3821 4574
3811 1945
3801 2599
3791 6831
3781 1810
3771 7787
3761 3979
3751 5061
3741 4765
3731 8719
3721 8007
3711 5336
3701 5525
3691 6035
3681 3280
3671 6660
3660 7783
3650 6390
3640 538
3630 3173
3620 6814
3610 1723
3600 7305
3590 9497
3580 9939
3570 5204
3560 2381
3550 3268
3540 6799
3530 548
3520 8883
3510 4824
3500 3435
3490 7229
3480 7897
3470 345
3460 3086
3450 9260
3440 1756
3430 3008
3420 8627
3410 8541
3400 9563
3390 6673
3380 4337
3370 4590
3360 5896
3350 9861
3340 7507
3329 2991
3319 2532
3309 624
3299 6151
3289 3426
3279 8347
3269 8470
3259 7399
3249 1028
3239 3039
3229 758
3219 255
3209 9381
3199 9574
3189 2513
3179 6199
3169 173
3159 9846
3149 8
3139 5178
3129 9713
3119 9409
3109 5865
3099 3007
3089 717
3079 4633
3069 2951
3059 8077
3049 4384
3039 8512
3029 3790
3019 954
3009 1448
2998 6774
2988 4106
2978 4180
2968 6025
2958 1028
2948 2962
2938 2217
2928 5350
2918 306
2908 6752
2898 2459
2888 5499
2878 1562
2868 1182
2858 8730
2848 4523
2838 6051
2828 9840
2818 3540
2808 2847
2798 4990
2788 2723
2778 5971
2768 6889
2758 9844
2748 5238
2738 8633
2728 7496
2718 678
2708 1989
2698 1310
2688 4646
2678 8595
2668 8771
2657 6297
2647 4777
2637 3708
2627 6362
2617 2916
2607 5884
2597 9534
2587 6292
2577 7253
2567 8057
2557 4411
2547 8978
2537 9942
2527 6287
2517 4380
2507 379
2497 6096
2487 7055
2477 4101
2467 3517
2457 9849
2447 7456
2437 9437
2427 4139
2417 2806
2407 3317
2397 9296
2387 6052
2377 4089
2367 1979
2357 4625
2347 6111
2337 6213
2326 3208
2316 8902
2306 3478
2296 9103
2286 3135
2276 9340
2266 4236
2256 6233
2246 7285
2236 8834
2226 4144
2216 5599
2206 8844
2196 671
2186 7518
2176 1581
2166 2467
2156 6388
2146 3903
2136 5433
2126 5323
2116 16
2106 1110
2096 4957
2086 24
2076 2318
2066 3
2056 2051
2046 5806
2036 7390
2026 4306
2016 8218
2006 8066
1995 1979
1985 5988
1975 7412
1965 3628
1955 8868
1945 1199
1935 5946
1925 1986
1915 8218
1905 3097
1895 5601
1885 6993
1875 1471
1865 608
1855 6981
1845 69
1835 7709
1825 7519
1815 911
1805 4843
1795 1578
1785 5273
1775 6
1765 4365
1755 9351
1745 8309
1735 6094
1725 9351
1715 7451
1705 322
1695 1053
1685 8851
1675 8033
1664 7764
1654 4671
1644 815
1634 3846
1624 7502
1614 7942
1604 7866
1594 9568
1584 4629
1574 9738
1564 4954
1554 6820
1544 4805
1534 9079
1524 7880
1514 2949
1504 635
1494 525
1484 960
1474 9838
1464 744
1454 1779
1444 4769
1434 4181
1424 2533
1414 7130
1404 1047
1394 8078
1384 8772
1374 8372
1364 6907
1354 1914
1344 5086
1334 3301
1323 8696
1313 6425
1303 123
1293 6672
1283 1671
1273 8857
1263 5249
1253 6924
1243 3305
1233 8069
1223 2692
1213 5094
1203 9220
1193 4519
1183 4173
1173 7951
1163 3539
1153 4837
1143 9465
1133 1711
1123 2779
1113 4207
1103 1605
1093 3925
1083 327
1073 7464
1063 2531
1053 823
1043 9088
1033 6424
1023 6735
1013 3936
1003 3123
992 3809
982 7664
972 242
962 6158
952 5795
942 650
932 2907
922 9875
912 5738
902 140
892 7436
882 8023
872 1500
862 8128
852 9416
842 1904
832 844
822 4548
812 2902
802 7796
792 1794
782 743
772 1929
762 9857
752 3481
742 113
732 4709
722 997
712 3679
702 8972
692 274
682 5803
672 676
661 8316
651 9015
641 879
631 3015
621 8318
611 1458
601 9574
591 2419
581 1445
571 7547
561 6246
551 4469
541 3350
531 1529
521 4554
511 2545
501 9119
491 4516
481 157
471 2538
461 3995
451 8071
441 9222
431 5970
421 4800
411 2269
401 4793
391 4631
381 396
371 1151
361 5997
351 386
341 5842
330 7069
320 3785
310 4665
300 6265
290 4033
280 8174
270 5709
260 8710
250 3852
240 8326
230 973
220 5732
210 8849
200 9093
190 2522
180 5680
170 1541
160 7519
150 5439
140 5415
130 6538
120 5044
110 1575
100 534
90 8551
80 6562
70 1756
60 1687
50 4842
40 4912
30 9980
20 8558
10 1501
0 10000
