1999
389 180
389 168
363 119
380 137
375 139
451 124
404 140
453 147
541 133
492 206
483 188
499 256
572 138
571 199
608 165
573 25
554 45
546 72
502 54
520 83
539 130
459 83
437 103
454 57
428 60
439 77
420 74
421 83
422 108
418 106
396 124
406 82
418 59
372 88
356 52
363 35
402 46
422 52
420 20
418 29
404 23
353 8
352 34
318 52
288 -4
283 -3
273 -12
268 -23
284 -20
285 -32
284 -38
294 -37
305 -13
351 0
373 1
395 8
401 3
371 -14
358 -24
316 -19
331 -38
360 -35
321 -59
317 -75
316 -83
363 -68
371 -36
377 -32
380 -31
404 -38
432 -1
448 15
486 -8
504 -4
444 -49
424 -50
488 -56
459 -99
512 -104
517 -104
505 -137
490 -144
522 -265
510 -184
508 -165
541 -287
537 -97
541 -58
608 63
623 42
673 103
651 -186
596 28
540 -148
588 -247
630 -246
638 -296
717 -20
726 38
636 282
611 360
731 97
617 390
587 390
602 356
545 315
461 282
461 310
490 297
445 327
370 316
364 305
326 338
330 412
371 406
422 605
436 475
456 493
649 515
411 639
333 806
295 528
399 593
372 551
362 508
321 485
269 476
278 446
280 427
307 434
317 386
286 358
213 348
242 351
243 334
212 305
200 308
187 301
241 295
244 293
271 320
264 331
325 349
300 298
289 300
282 299
264 304
274 286
315 277
342 275
383 265
381 249
320 192
289 235
285 282
265 270
250 284
234 267
226 269
206 252
214 260
189 257
190 241
159 267
189 275
182 285
174 276
157 276
151 228
135 217
155 213
173 215
184 238
173 206
173 200
177 185
178 179
159 175
148 180
144 187
150 164
147 145
155 167
179 170
196 176
225 192
244 148
227 161
224 177
227 159
221 156
224 156
211 138
211 126
208 139
193 115
244 116
262 128
259 158
256 197
253 199
238 211
212 223
206 200
206 205
193 238
205 226
214 234
220 246
240 265
259 231
280 218
289 171
287 154
271 154
270 185
266 124
269 128
288 118
294 136
294 137
294 151
298 168
306 141
279 102
263 112
265 110
264 78
256 108
232 112
196 106
190 89
210 78
246 87
257 100
261 82
254 47
237 47
228 55
250 71
224 65
209 70
192 58
185 70
198 64
176 84
174 51
167 62
180 37
180 55
182 66
191 39
183 56
179 21
186 15
225 -29
194 16
201 27
208 26
211 21
231 -7
225 12
250 -39
203 -35
191 -28
172 -22
173 -15
206 -18
195 -13
194 -13
172 1
167 7
163 17
151 17
156 7
157 2
141 17
148 30
132 5
125 14
114 0
103 1
102 4
125 27
122 46
126 21
132 49
121 75
120 73
121 57
114 65
107 99
96 85
94 79
85 94
75 91
93 74
110 41
82 69
84 62
68 28
67 33
62 15
62 -9
49 7
59 18
51 23
50 19
4 9
27 -2
-6 -14
-10 -19
-26 -40
-35 -33
-33 -50
-8 -61
-2 -67
-14 -41
6 -23
0 -32
3 -41
13 -54
34 -46
44 -43
38 -48
51 -40
50 -51
52 -45
52 -36
34 -33
35 -26
32 -18
26 -28
34 -8
42 5
51 -10
66 -9
84 8
106 15
101 10
84 -22
81 -21
79 -9
61 -40
71 -36
75 -31
100 -40
92 -59
86 -50
80 -46
72 -42
75 -59
74 -68
58 -57
62 -77
59 -99
64 -113
75 -70
97 -72
105 -63
109 -54
108 -44
107 -27
107 -15
128 -3
143 6
151 -10
143 -45
140 4
108 -41
111 -52
113 -50
139 -59
158 -28
152 -43
159 -49
144 -57
140 -62
100 -83
81 -102
73 -130
76 -111
67 -126
54 -159
37 -165
42 -197
44 -195
50 -211
51 -215
53 -214
35 -237
30 -249
59 -230
67 -232
107 -220
134 -206
115 -207
109 -204
103 -217
104 -214
105 -212
64 -216
56 -210
66 -179
63 -187
62 -181
68 -177
91 -192
100 -176
78 -174
109 -163
81 -130
79 -146
80 -109
85 -130
100 -144
115 -171
117 -180
132 -200
156 -192
145 -186
128 -158
101 -144
117 -129
101 -143
118 -105
113 -108
103 -90
111 -94
111 -96
117 -88
128 -82
146 -74
146 -113
133 -143
141 -155
143 -141
177 -129
223 -96
222 -104
202 -113
210 -112
187 -130
162 -148
146 -151
149 -153
195 -137
233 -127
234 -133
222 -170
242 -159
269 -146
280 -152
268 -159
235 -177
242 -184
222 -220
225 -249
227 -220
245 -214
252 -246
264 -214
262 -194
272 -167
301 -178
341 -177
340 -222
321 -249
316 -230
300 -234
300 -255
292 -244
295 -224
275 -243
271 -209
245 -263
227 -325
231 -329
245 -349
252 -406
230 -411
212 -335
249 -251
219 -271
181 -304
203 -344
165 -379
162 -392
197 -372
204 -371
207 -430
190 -430
143 -465
128 -464
154 -432
190 -402
136 -412
156 -376
167 -372
166 -347
162 -350
155 -370
145 -312
173 -348
190 -332
158 -301
154 -295
166 -262
171 -248
193 -241
199 -208
193 -218
189 -239
167 -249
157 -270
135 -294
128 -297
142 -329
129 -333
123 -340
102 -342
59 -345
94 -316
97 -309
116 -298
108 -296
40 -335
61 -360
119 -356
131 -369
146 -376
139 -397
96 -430
93 -414
97 -400
106 -392
86 -390
53 -357
39 -373
27 -375
12 -396
1 -402
19 -419
2 -416
-20 -376
-51 -346
-38 -339
-2 -361
1 -376
18 -351
-25 -336
20 -335
-19 -306
10 -310
-30 -288
-87 -303
-78 -313
-81 -304
-45 -306
-71 -314
-65 -321
-77 -344
-108 -368
-77 -348
-46 -367
-28 -378
-18 -430
-36 -420
20 -475
34 -442
63 -422
44 -454
83 -424
58 -458
17 -494
-20 -446
16 -507
-2 -505
-56 -430
-51 -413
-49 -406
-37 -401
-165 -397
-102 -360
-80 -317
-105 -308
-117 -322
-215 -340
-166 -353
-154 -347
-90 -324
-104 -333
-105 -342
-152 -373
-175 -377
-191 -371
-235 -338
-283 -292
-198 -323
-332 -216
-324 -222
-216 -294
-186 -309
-168 -316
-204 -293
-199 -289
-203 -275
-157 -320
-137 -323
-137 -294
-97 -298
-138 -257
-132 -250
-125 -253
-125 -257
-113 -279
-119 -256
-92 -292
-64 -263
-48 -289
-33 -269
3 -290
13 -284
29 -278
26 -283
32 -327
82 -294
90 -290
99 -285
82 -284
70 -281
85 -257
74 -275
89 -260
88 -280
105 -273
123 -264
133 -285
142 -274
137 -263
176 -222
211 -184
197 -177
189 -163
195 -154
199 -152
214 -136
175 -172
160 -182
169 -179
149 -203
129 -204
145 -205
165 -206
166 -210
117 -258
103 -254
92 -256
82 -255
59 -249
43 -248
40 -251
65 -261
46 -263
-17 -277
-10 -268
-9 -267
23 -248
18 -240
-17 -257
-36 -247
-27 -259
-70 -233
-80 -243
-68 -254
-81 -254
-83 -248
-114 -246
-133 -230
-144 -254
-141 -273
-140 -265
-140 -308
-177 -286
-180 -282
-146 -303
-168 -281
-155 -278
-181 -236
-168 -270
-180 -269
-188 -268
-215 -224
-212 -235
-225 -230
-223 -203
-243 -219
-217 -292
-271 -246
-253 -261
-254 -248
-304 -214
-377 -208
-406 -192
-419 -182
-360 -161
-383 -125
-338 -120
-359 -139
-354 -139
-309 -111
-312 -128
-303 -125
-321 -143
-323 -170
-305 -159
-301 -133
-310 -196
-326 -180
-359 -153
-339 -195
-310 -199
-283 -198
-240 -185
-228 -184
-228 -157
-244 -153
-239 -132
-241 -137
-266 -133
-253 -140
-303 -120
-291 -117
-285 -117
-252 -101
-243 -122
-223 -147
-213 -149
-183 -130
-193 -142
-183 -138
-183 -142
-179 -152
-155 -143
-129 -148
-128 -164
-117 -171
-131 -176
-176 -170
-195 -166
-198 -148
-215 -174
-213 -183
-206 -204
-197 -223
-168 -229
-165 -230
-155 -234
-163 -219
-168 -211
-129 -226
-128 -209
-129 -187
-73 -224
-74 -225
-94 -224
-128 -197
-110 -227
-116 -220
-109 -237
-72 -228
-18 -244
-35 -230
4 -221
10 -224
6 -217
24 -170
43 -222
37 -196
30 -177
30 -166
32 -150
6 -164
24 -133
29 -133
43 -149
56 -152
34 -136
32 -125
49 -124
59 -127
38 -106
32 -123
34 -87
40 -60
18 -97
14 -80
5 -76
-3 -81
10 -87
9 -96
0 -113
21 -132
5 -157
-18 -142
-25 -169
-27 -165
-24 -140
-33 -165
-44 -189
-23 -169
-14 -177
-13 -194
-29 -197
-36 -209
-56 -207
-60 -212
-59 -211
-64 -224
-86 -207
-92 -205
-107 -193
-59 -206
-62 -189
-57 -177
-102 -176
-56 -170
-78 -170
-65 -159
-145 -191
-159 -201
-149 -192
-190 -183
-126 -181
-107 -170
-95 -155
-93 -153
-66 -156
-67 -153
-71 -147
-146 -132
-173 -122
-177 -111
-176 -111
-143 -128
-139 -129
-129 -120
-115 -125
-127 -114
-115 -99
-107 -110
-81 -124
-80 -70
-72 -53
-75 -41
-72 -21
-32 -16
-37 -25
-64 -31
-62 -42
-71 -46
-60 -58
-68 -77
-67 -77
-80 -88
-76 -136
-84 -134
-125 -127
-73 -137
-71 -135
-68 -106
-72 -98
-59 -82
-53 -127
-66 -131
-34 -122
-38 -131
-25 -139
-16 -136
-4 -116
-5 -109
-23 -100
-25 -99
-31 -116
-50 -109
-52 -92
-55 -70
-57 -65
-39 -69
-18 -85
0 -105
-16 -84
-57 -48
-50 -40
-17 -12
-43 -10
-56 -10
-36 -5
-71 3
-32 -3
-18 -2
0 18
4 19
0 -8
19 0
2 3
5 20
17 28
-17 14
10 33
11 47
-9 54
-24 27
-22 18
-26 25
-7 59
-15 78
7 76
-22 91
2 99
2 101
-3 118
6 114
14 127
-21 115
-32 119
-29 91
-38 86
-39 51
-38 44
-52 39
-50 76
-49 77
-56 74
-68 64
-54 43
-63 47
-84 64
-68 73
-45 85
-33 113
-33 125
-48 141
-47 101
-73 103
-50 109
-60 136
-55 149
-23 147
-10 139
1 165
-3 164
-15 167
-15 177
18 168
18 163
31 137
34 150
20 166
35 149
53 133
64 112
52 126
1 148
14 129
52 114
20 89
52 96
50 91
33 77
-5 87
2 80
35 73
40 70
44 67
59 51
40 59
36 61
14 63
39 58
49 45
61 50
72 50
63 54
60 60
79 63
60 65
57 84
79 102
85 108
74 119
90 105
112 103
103 117
86 120
51 139
90 157
106 155
89 144
78 146
77 132
101 136
114 150
123 147
110 142
99 122
108 120
113 108
141 63
145 63
151 49
151 38
154 78
146 70
134 101
137 95
153 84
169 90
197 69
186 94
187 93
186 135
197 151
170 147
160 147
151 152
147 119
184 118
173 107
150 107
128 108
140 138
131 139
127 109
119 122
123 145
127 147
144 174
116 180
106 161
100 181
112 182
99 238
90 230
76 200
75 256
66 256
59 256
30 218
46 220
63 208
65 208
73 200
76 189
57 200
53 188
87 179
63 160
62 155
61 146
63 166
69 166
52 180
38 211
43 198
3 184
27 176
-5 179
-27 187
-39 179
-40 175
-36 157
-39 155
-51 158
-61 137
-72 138
-70 141
-93 166
-115 147
-112 145
-100 136
-69 134
-67 132
-70 126
-92 133
-91 127
-100 125
-123 115
-128 112
-148 150
-129 161
-122 144
-122 146
-111 173
-124 165
-138 170
-148 173
-146 173
-152 185
-154 185
-169 174
-172 176
-176 167
-190 147
-173 139
-169 116
-166 115
-159 115
-154 113
-159 130
-151 149
-135 120
-134 105
-140 101
-133 82
-111 94
-120 98
-124 103
-110 98
-104 123
-93 120
-102 119
-61 78
-102 67
-82 84
-100 83
-102 82
-129 75
-129 72
-132 62
-97 49
-97 45
-74 26
-51 37
-58 19
-44 29
-37 34
-41 28
-70 7
-81 -2
-67 -16
-78 -25
-83 -79
-117 -67
-123 -67
-118 -81
-146 -109
-147 -108
-147 -83
-145 -56
-144 -67
-123 -72
-136 -59
-110 -49
-123 -44
-121 -35
-82 -24
-74 -20
-73 -18
-80 -11
-81 -17
-102 -8
-101 -27
-122 14
-108 -9
-104 -10
-101 7
-96 20
-90 -5
-92 14
-75 13
-62 15
-105 39
-136 61
-148 60
-152 65
-157 50
-155 48
-162 37
-150 52
-142 49
-160 36
-142 37
-134 41
-130 25
-121 30
-121 39
-107 32
-118 25
-128 20
-141 -8
-155 -27
-149 -16
-165 19
-169 16
-172 -6
-184 -21
-188 -29
-201 -41
-203 -70
-217 -61
-207 -8
-199 19
-181 19
-182 12
-172 53
-213 61
-220 68
-258 84
-258 88
-192 62
-216 84
-163 65
-193 82
-153 85
-193 93
-175 96
-210 115
-235 120
-222 127
-221 133
-204 137
-178 184
-170 187
-153 211
-141 194
-125 187
-119 190
-117 193
-142 206
-143 209
-144 214
-123 214
-119 201
-94 207
-117 178
-102 191
-48 219
-93 189
-102 178
-76 186
-73 177
-81 171
-74 152
-58 161
-50 174
-60 208
-41 209
-11 183
-26 208
-13 208
8 190
19 194
8 201
19 210
28 223
47 251
57 273
30 258
10 273
-28 236
-37 226
-16 236
5 259
4 243
-9 226
-8 208
-45 223
-75 212
-86 208
-82 214
-104 221
-73 235
-79 212
-71 215
-55 228
-47 231
-58 241
-94 242
-107 228
-95 245
-106 261
-86 265
-96 257
-89 250
-57 271
-45 293
-48 255
-39 253
-34 244
-13 265
-20 284
-11 314
-36 312
-25 335
1 345
5 340
-12 295
16 294
11 275
58 285
56 297
24 300
37 300
48 302
88 294
65 312
95 319
137 327
122 326
134 330
153 328
157 321
86 283
67 266
71 266
96 266
94 253
109 239
117 225
119 218
114 244
133 219
129 255
154 275
159 288
147 278
123 258
121 266
134 274
141 286
179 307
185 328
203 374
180 335
166 362
162 388
179 389
197 405
202 398
220 376
298 416
203 404
221 423
247 416
263 429
243 454
246 453
258 480
219 506
202 512
206 447
153 418
115 337
98 326
96 320
76 374
51 381
69 379
70 384
49 416
-40 422
-32 404
-59 396
25 402
12 393
73 363
90 335
68 358
49 327
55 354
30 355
20 369
26 372
-44 369
-90 336
-91 355
-66 403
-70 423
-7 421
98 416
128 457
121 462
110 468
110 469
190 507
79 482
93 458
75 450
5 423
12 463
14 466
83 503
65 514
79 512
137 519
204 566
113 531
87 536
71 547
177 566
175 626
77 579
35 595
-47 536
-30 492
-204 543
-164 597
-90 625
-11 629
23 632
-369 702
67 719
256 785
239 583
261 490
299 858
-425 833
-506 744
-460 651
-748 558
-843 289
-544 385
-701 286
-723 132
-583 227
-539 193
-590 158
-493 144
-527 36
-511 95
-508 126
-534 14
-565 -69
-510 -90
-530 -93
-505 -97
-476 -35
-526 -41
-478 -17
-472 25
-477 25
-478 46
-502 22
-520 34
-469 56
-478 67
-467 58
-464 -108
-452 -138
-433 -45
-441 -12
-434 -10
-425 -38
-404 -73
-384 -66
-382 -94
-344 -70
-357 -34
-361 -48
-401 1
-401 -40
-411 46
-424 33
-418 45
-429 59
-418 90
-450 89
-479 81
-474 148
-479 206
-433 215
-423 184
-411 274
-418 274
-462 251
-433 253
-479 248
-517 257
-521 253
-492 163
-515 193
-576 256
-562 268
-487 383
-483 359
-381 343
-346 359
-354 297
-339 305
-346 344
-318 312
-320 345
-256 333
-268 340
-249 340
-207 373
-243 350
-287 377
-266 456
-302 439
-339 453
-354 460
-310 456
-317 486
-391 669
-286 541
-233 575
-256 494
-250 470
-225 422
-256 416
-208 414
-216 419
-199 453
-188 462
-207 494
-54 488
-20 484
8 531
-9 465
-17 448
-19 457
-50 459
-118 449
-76 426
-153 423
-159 415
-203 352
-176 370
-147 416
-79 421
-78 420
-80 388
-119 362
-152 323
-169 329
-200 332
-205 300
-184 305
-180 295
-215 270
-235 245
-225 240
-154 272
-181 323
-110 318
-138 309
-105 312
-102 321
-77 329
-12 367
-4 358
-44 335
-68 329
-76 316
-89 296
-102 287
-133 256
-113 253
-129 246
-141 232
-162 229
-153 226
-186 227
-144 238
-188 237
-195 244
-198 224
-189 204
-190 196
-183 182
-191 177
-228 144
-241 127
-285 154
-239 155
-229 189
-227 194
-225 209
-194 204
-222 229
-243 215
-253 230
-269 199
-269 207
-272 199
-290 147
-290 141
-312 124
-311 161
-317 178
-308 191
-284 221
-295 227
-310 259
-274 246
-239 284
-277 331
-243 286
-264 267
-291 263
-295 263
-297 277
-321 301
-323 297
-311 278
-377 279
-310 238
-317 229
-336 226
-347 217
-342 207
-398 187
-408 177
-433 136
-399 153
-386 168
-368 116
-319 144
-384 71
-373 73
-359 79
-336 114
-306 119
-296 101
-296 90
-310 89
-330 91
-275 49
-273 66
-273 71
-282 68
-297 75
-290 82
-280 86
-273 92
-273 103
-251 93
-257 103
-216 114
-218 109
-235 106
-215 103
-210 95
-266 89
-256 70
-264 72
-259 56
-268 37
-271 19
-307 63
-290 48
-312 73
-347 42
-346 66
-389 51
-357 6
-328 35
-309 57
-329 18
-302 20
-322 11
-349 7
-292 7
-336 1
-307 4
-300 0
-278 -47
-242 -69
-237 -59
-270 -7
-289 21
-266 12
-262 3
-245 -10
-209 27
-226 18
-256 18
-257 53
-251 59
-226 43
-193 27
-232 -7
-234 -45
-231 -14
-214 -19
-221 -36
-229 -41
-229 -51
-239 -86
-223 -75
-197 -74
-202 -83
-230 -99
-204 -89
-221 -105
-198 -101
-179 -77
-183 -71
-202 -74
-170 -68
-173 -67
-173 -18
-146 -50
-150 -61
-151 -64
-167 -81
-140 -127
-158 -102
-173 -98
-186 -107
-204 -128
-215 -118
-217 -115
-233 -102
-264 -78
-286 -56
-331 -12
-302 -43
-288 -57
-279 -88
-324 -85
-369 -104
-372 -116
-392 -117
-404 -126
-390 -104
-389 -77
-410 -118
-438 -144
-436 -151
-456 -160
-465 -187
-507 -240
-462 -192
-448 -195
-404 -207
-339 -213
-318 -237
-334 -260
-331 -235
-371 -243
-397 -265
-326 -269
-313 -298
-249 -335
-182 -402
-137 -403
-132 -404
-138 -415
-178 -411
-201 -473
-172 -428
-138 -485
-156 -510
-293 -469
-220 -514
-248 -539
-305 -452
-292 -378
-235 -381
-215 -428
-240 -463
-220 -461
-204 -397
-269 -353
-268 -378
-299 -368
-368 -278
-360 -355
-298 -399
-304 -421
-306 -442
-365 -383
-357 -430
-394 -398
-381 -390
-395 -391
-384 -348
-378 -305
-377 -275
-411 -284
-400 -312
-445 -272
-427 -261
-436 -248
-448 -252
-479 -242
-535 -315
-574 -402
-560 -310
-511 -234
-530 -191
-544 -219
-585 -49
-563 -38
-620 137
-672 -16
-761 90
-776 77
-789 32
-858 -87
-784 -273
-670 -352
-730 -176
-656 -108
-635 -153
-629 -127
-607 81
-595 26
-619 -171
-595 -266
-601 -371
-610 -414
-504 -677
-531 -561
-492 -541
-507 -341
-534 -346
-530 -314
-476 -262
-473 -281
-433 -353
-399 -325
-404 -349
-408 -383
-408 -393
-403 -411
-392 -412
-439 -543
-242 -576
-174 -604
-182 -666
-126 -561
-120 -674
6 -606
-42 -584
-21 -544
1 -543
-85 -544
-94 -540
-95 -538
-102 -498
-85 -464
-63 -424
-61 -437
-70 -447
-53 -520
-51 -522
34 -515
71 -489
75 -521
38 -514
15 -539
102 -631
135 -536
94 -581
73 -541
92 -518
96 -567
146 -491
157 -566
234 -505
272 -572
276 -571
357 -589
234 -653
230 -618
149 -629
347 -752
362 -601
406 -534
394 -585
701 -718
602 -360
554 -424
503 -523
389 -523
391 -424
382 -426
516 -331
509 -332
520 -304
399 -344
379 -405
376 -386
294 -366
324 -356
343 -371
373 -299
457 -305
451 -295
440 -262
400 -219
297 -296
294 -303
276 -337
292 -378
332 -383
342 -473
343 -536
283 -460
268 -497
266 -476
272 -464
260 -454
257 -340
266 -279
259 -349
279 -300
377 -233
364 -192
349 -178
336 -154
394 -153
383 -190
422 -191
395 -151
393 -144
340 -105
404 -140
447 -182
434 -83
434 -77
439 -113
443 -68
411 -64
405 -109
406 -108
395 -133
376 -76
296 -135
333 -94
295 -114
283 -97
317 -61
287 -71
267 -107
279 -106
291 -139
298 -143
307 -141
314 -142
304 -159
281 -134
274 -133
271 -127
238 -161
250 -135
265 -115
264 -104
239 -107
215 -66
231 -94
195 -79
173 -71
151 -66
172 -51
191 -43
186 -34
204 -46
244 -81
254 -89
254 -77
271 -68
258 -72
259 -51
262 -52
274 -65
276 -65
270 -32
266 -44
254 -28
276 -6
287 8
272 5
306 51
317 63
344 63
353 67
332 83
302 94
295 66
268 16
242 3
261 34
253 24
271 62
266 76
280 84
313 131
341 95
347 132
337 159
354 152
389 197
402 201
459 205
