1717
26 39
27 41
25 41
26 43
23 43
24 42
24 41
23 39
21 40
23 40
23 41
22 41
23 42
22 42
22 44
24 44
24 45
19 45
21 44
20 44
21 43
20 43
20 42
19 42
19 44
15 45
18 45
23 46
26 46
26 45
25 45
25 44
26 44
27 45
28 45
27 44
28 44
28 43
27 43
26 42
30 42
29 43
31 43
33 44
31 44
33 45
30 44
29 44
32 45
32 46
31 45
29 45
28 46
27 46
28 47
24 47
30 48
35 48
29 47
29 46
31 46
30 47
33 47
33 46
36 46
34 45
36 45
37 46
38 46
37 45
34 44
36 43
33 43
32 42
35 42
37 43
36 41
38 42
40 42
39 41
37 41
37 40
36 40
37 39
37 38
38 38
38 40
39 40
39 38
41 38
40 39
40 41
41 42
41 43
42 43
43 44
44 44
44 42
45 41
45 44
46 45
46 43
47 44
47 43
46 42
47 42
46 40
46 41
44 39
44 41
43 42
43 43
42 42
43 41
41 41
41 40
43 40
42 39
41 39
42 38
42 36
43 39
43 35
42 32
42 35
40 35
41 34
41 31
42 31
43 34
44 34
44 38
45 35
45 39
46 38
46 30
47 31
47 36
48 36
48 34
49 36
49 31
48 33
48 30
47 30
47 27
48 29
48 24
47 26
47 17
46 25
46 22
45 22
45 21
44 22
45 23
46 26
46 29
45 34
45 31
44 31
44 30
45 30
45 24
44 23
44 29
43 25
42 26
42 25
41 26
41 25
40 26
40 28
41 27
40 29
39 29
39 26
38 26
38 25
37 24
38 24
38 22
39 22
39 21
38 21
39 20
40 20
39 23
39 25
40 25
40 21
41 24
42 24
41 23
41 22
43 24
43 22
42 22
41 21
40 19
42 21
41 19
40 18
38 18
38 17
39 17
40 16
38 16
38 14
37 14
37 12
36 13
36 14
34 12
34 11
33 10
32 10
32 12
31 13
32 16
31 15
31 14
30 15
28 15
31 16
27 16
26 15
27 15
30 14
28 14
25 15
23 14
22 14
24 15
22 15
25 16
23 16
24 17
26 17
26 16
31 17
30 17
31 18
32 18
33 17
32 17
33 16
33 15
32 15
32 13
33 12
34 13
33 11
35 14
33 13
34 14
33 14
34 15
34 16
35 15
35 17
34 17
32 19
33 20
32 20
30 18
29 18
29 17
27 17
25 18
24 18
25 19
23 18
23 17
22 17
22 18
21 17
20 17
21 18
20 19
23 19
24 20
22 20
22 21
21 21
22 22
20 22
21 23
23 23
23 24
24 26
24 28
25 29
25 27
24 25
26 27
26 26
25 25
25 23
24 24
24 22
23 22
23 21
24 21
25 22
26 22
26 21
25 21
25 20
24 19
26 20
26 18
27 18
27 19
28 18
28 19
27 20
29 20
29 21
30 20
29 19
30 19
31 20
31 21
32 21
32 23
30 25
29 25
31 23
29 24
31 22
30 22
30 21
29 22
28 21
28 22
27 23
27 21
26 23
26 25
28 23
29 23
27 25
27 29
26 29
26 28
25 30
28 30
28 28
29 28
28 27
28 25
29 26
30 26
30 27
31 28
32 30
29 27
30 29
29 29
29 31
25 31
27 32
28 33
28 32
29 32
29 33
30 30
31 30
31 31
33 31
34 30
33 32
34 31
35 32
34 32
34 33
35 33
35 34
36 32
36 30
35 31
35 28
36 29
36 27
37 28
37 26
36 25
36 26
35 26
35 27
34 28
33 28
34 29
33 29
33 30
32 29
32 27
31 27
31 25
32 25
32 24
33 24
33 25
32 26
33 26
33 27
34 27
34 26
35 25
35 24
34 24
34 25
33 23
33 21
34 21
34 23
35 21
35 23
36 22
36 21
35 20
34 20
33 19
34 19
34 18
35 18
35 19
36 20
36 15
37 15
37 19
39 19
37 20
38 20
37 21
37 23
36 23
36 24
37 25
38 27
38 28
39 30
40 31
40 30
41 28
42 29
42 27
43 26
43 29
44 32
44 33
43 33
43 30
41 30
41 29
40 32
38 30
38 29
37 29
37 31
38 31
39 32
38 32
38 33
40 33
40 34
39 34
39 35
38 35
38 34
37 34
37 32
36 33
36 34
37 35
36 35
37 36
41 36
41 37
37 37
36 36
36 39
35 40
35 38
30 39
30 40
31 40
31 39
34 39
32 40
34 40
34 41
35 41
36 42
33 41
30 41
32 43
29 41
28 41
27 40
27 39
28 40
29 40
28 39
28 38
27 38
27 37
26 37
26 35
25 35
25 36
26 38
25 39
25 37
24 37
24 35
23 35
25 34
26 34
27 35
28 34
29 34
31 35
28 35
30 36
32 36
29 37
29 36
27 36
29 38
29 39
30 38
30 37
31 38
32 38
31 37
32 37
33 38
33 37
34 37
34 38
35 37
35 35
34 36
34 35
33 36
33 35
34 34
32 34
33 33
32 33
32 32
31 32
30 31
30 33
31 33
31 34
32 35
30 34
27 33
26 32
27 34
26 33
25 33
25 32
24 33
24 29
23 30
23 32
24 34
23 34
23 33
22 31
22 30
23 29
22 29
22 27
23 28
23 25
22 24
21 24
22 25
22 26
21 27
21 25
20 23
19 22
18 22
17 23
18 23
18 24
19 25
19 23
20 24
20 27
17 24
18 26
16 26
16 25
17 25
16 24
16 23
15 25
15 24
16 22
15 22
16 21
15 21
16 20
15 20
15 19
17 19
17 17
18 18
18 20
17 20
17 22
18 21
20 21
21 20
19 20
19 18
18 17
19 17
20 18
19 16
22 16
21 15
19 15
18 14
21 14
17 13
19 13
18 12
20 12
20 11
18 11
18 10
19 10
21 11
22 11
23 12
22 12
24 13
23 13
21 12
20 13
22 13
24 14
27 14
28 13
30 13
30 12
29 11
27 12
29 12
27 13
25 13
25 12
26 12
28 11
27 10
25 9
27 11
26 11
25 10
25 11
24 11
24 12
22 10
24 10
24 9
22 9
24 8
21 8
21 9
20 8
20 7
21 7
25 8
24 7
22 7
19 6
18 6
19 7
20 9
21 10
20 10
19 9
19 8
18 9
18 8
17 9
13 9
13 8
15 8
14 7
12 7
12 9
14 10
17 10
17 12
16 11
15 11
15 12
16 12
16 13
17 14
15 14
15 13
14 13
14 11
13 12
13 13
14 14
14 15
18 15
18 16
15 16
16 17
16 18
14 16
11 14
11 13
13 15
12 13
13 14
12 12
9 12
11 11
13 11
13 10
11 10
11 7
12 6
14 6
15 7
16 7
14 5
15 5
17 7
16 8
17 8
18 7
15 4
12 4
13 5
11 6
12 5
10 5
10 6
9 4
10 3
8 3
8 4
9 5
9 6
8 5
7 5
7 4
6 4
6 5
5 5
8 6
8 7
7 6
4 5
4 7
5 7
5 8
6 10
4 8
3 9
3 8
2 8
2 10
3 10
5 12
5 11
4 10
4 9
6 11
6 14
5 13
5 14
4 13
4 12
3 11
2 11
1 9
2 7
3 7
3 5
2 6
2 3
3 3
3 4
4 3
4 4
5 4
5 3
4 2
2 2
2 1
1 1
1 8
0 11
0 0
1 0
5 2
7 2
6 3
7 3
8 2
11 2
5 1
4 1
2 0
6 1
3 0
6 0
7 1
12 2
15 1
8 1
7 0
16 0
17 1
16 1
13 2
11 3
10 4
11 4
12 3
13 3
14 2
15 2
14 3
16 3
18 4
16 4
17 5
21 5
20 6
23 6
22 5
23 5
22 3
22 4
19 4
21 3
17 3
16 2
22 2
18 1
17 0
26 0
19 1
20 1
23 2
21 1
27 0
33 0
31 1
22 1
26 2
28 2
28 3
29 3
32 4
33 4
31 3
30 3
29 2
32 2
32 3
34 3
38 2
33 2
32 1
41 1
34 0
46 0
42 1
39 2
35 3
38 4
37 3
36 3
40 2
38 3
39 3
39 4
38 5
38 7
37 5
35 5
37 4
34 4
34 5
30 5
31 4
28 4
27 3
26 3
25 2
24 2
25 3
23 3
24 4
26 4
26 5
24 5
23 4
24 6
25 6
25 7
26 8
26 6
27 6
27 4
28 5
29 5
27 7
27 8
26 9
28 9
28 10
30 11
31 12
31 10
29 10
30 9
29 9
29 8
28 8
28 7
29 7
29 6
32 6
33 7
30 7
30 8
31 9
31 8
36 8
36 7
34 7
33 6
37 6
37 8
36 9
32 9
34 10
35 11
35 12
36 12
38 10
39 10
38 11
39 12
39 11
40 10
40 9
41 9
41 8
40 8
41 7
41 5
40 5
40 7
39 8
39 9
38 9
36 11
35 10
36 10
39 7
39 5
40 3
40 4
41 3
41 2
42 2
43 1
45 1
47 0
49 0
48 1
46 1
43 2
41 4
43 4
46 3
43 3
44 2
47 2
47 3
44 4
46 4
44 5
42 5
44 6
42 6
43 8
44 9
43 9
43 11
42 7
42 16
41 16
41 10
40 11
40 12
39 13
38 12
38 13
39 15
39 14
40 15
40 13
41 17
40 17
42 19
42 20
43 21
43 20
44 21
45 20
46 21
45 19
45 16
46 16
46 17
47 13
46 15
46 14
47 12
47 11
45 15
45 13
46 12
45 12
45 11
44 12
44 19
43 18
44 20
42 18
42 17
43 17
43 13
44 11
43 12
44 10
45 9
45 8
46 8
45 10
46 9
46 11
47 10
48 8
47 9
47 8
46 7
44 8
43 7
45 7
45 5
46 6
47 5
47 7
48 7
48 4
46 5
48 3
48 2
50 0
50 1
49 2
49 9
50 2
50 15
49 14
49 10
48 9
48 17
49 19
49 15
50 16
50 21
49 20
49 21
48 19
48 18
47 14
46 18
46 20
47 16
47 15
48 20
48 23
49 30
49 22
50 22
50 32
49 38
49 37
48 43
48 37
47 37
47 39
46 39
47 40
47 41
48 45
48 46
49 45
48 44
49 39
49 44
50 33
50 50
49 50
49 46
48 48
48 47
46 47
47 46
47 45
46 46
45 45
45 46
44 45
44 46
43 46
43 45
41 45
42 44
40 43
37 42
41 44
39 44
40 45
42 46
43 47
45 47
47 48
46 48
42 47
41 47
43 48
45 48
48 49
43 49
48 50
39 50
42 49
42 48
41 48
41 49
34 49
38 48
39 48
39 47
40 48
40 47
41 46
39 45
38 44
38 43
35 44
37 44
39 46
40 46
34 47
36 48
35 47
38 47
37 48
33 49
38 50
32 50
32 49
29 48
28 49
31 49
31 50
26 50
28 48
24 48
26 49
18 49
25 50
18 50
17 49
12 49
20 48
23 48
23 47
19 47
22 46
18 47
21 46
16 46
14 45
15 44
18 44
17 43
18 43
18 42
17 42
18 41
21 42
21 41
19 41
20 40
19 40
21 39
20 39
20 36
18 36
19 37
19 38
18 37
17 37
17 36
18 35
17 35
16 33
16 35
15 36
16 36
16 37
17 38
15 37
14 37
14 39
15 40
15 38
16 38
16 39
18 38
18 39
17 39
16 40
17 40
19 39
16 42
14 42
16 41
15 41
13 42
11 40
12 39
12 40
13 40
13 41
14 41
14 40
13 39
13 38
12 38
11 39
11 38
10 38
10 37
9 37
8 35
8 36
9 38
9 39
10 39
12 42
12 43
16 43
14 44
12 44
13 45
15 46
14 46
15 47
17 47
19 48
16 48
14 47
11 47
12 48
15 48
11 49
10 49
17 50
6 50
6 48
7 49
9 49
8 48
11 48
10 47
7 47
9 46
13 46
9 45
12 45
11 44
10 44
11 43
9 44
11 42
10 42
11 41
10 41
9 43
8 44
8 43
7 43
6 44
7 44
8 45
6 45
5 46
8 46
6 47
4 47
7 48
3 47
5 45
6 43
5 43
5 44
4 45
3 44
3 46
2 46
1 43
1 46
2 47
5 48
1 48
2 49
5 49
5 50
2 50
1 49
1 50
0 50
0 47
1 47
0 46
0 27
1 29
1 37
2 33
2 34
1 38
1 40
2 37
1 41
1 42
2 41
2 45
3 43
4 42
3 42
3 40
2 40
2 38
3 36
2 36
2 35
3 33
3 35
4 34
4 37
3 37
3 38
4 38
3 39
4 39
4 41
5 40
6 38
6 39
7 39
7 40
9 40
7 41
6 41
6 40
5 41
4 43
4 44
5 42
8 42
8 41
9 42
9 41
10 40
8 39
8 38
7 38
8 37
7 37
7 35
6 35
6 33
5 34
5 36
6 36
6 37
5 37
5 39
4 33
4 32
5 33
5 32
6 30
7 30
7 31
6 31
6 32
7 32
7 34
8 33
9 34
8 34
9 35
9 36
10 35
10 36
11 35
13 35
11 36
11 37
13 37
12 36
14 36
15 35
14 35
14 34
15 34
15 32
14 32
14 31
15 30
13 30
13 31
12 29
12 32
13 32
14 33
13 33
10 32
11 33
12 33
13 34
10 34
10 33
9 33
8 32
9 32
9 31
11 32
10 31
10 30
9 29
9 30
8 31
7 29
8 30
8 28
7 28
6 27
6 29
5 31
5 27
4 31
4 29
3 28
3 32
2 31
2 32
1 28
2 26
2 25
3 24
4 24
4 23
3 23
3 20
2 20
1 18
1 21
2 21
2 24
1 23
1 27
0 26
0 18
1 22
0 17
0 14
1 17
1 15
2 19
3 19
2 18
2 17
3 18
3 17
4 22
4 18
5 19
5 20
6 19
6 21
5 21
5 22
6 22
5 23
4 25
4 26
3 26
3 25
2 27
2 30
3 27
4 28
4 27
5 26
7 27
8 27
8 23
9 21
9 20
7 24
7 26
6 26
5 25
5 24
6 23
6 25
7 19
7 22
8 20
7 23
9 19
8 19
8 16
7 17
7 18
6 18
7 16
7 15
6 17
5 18
4 17
4 16
2 16
0 13
0 12
1 13
1 14
2 13
1 12
1 10
2 12
3 13
3 12
4 14
2 14
2 15
4 15
5 17
5 15
6 16
6 15
7 14
7 8
6 9
6 8
5 6
6 7
6 6
8 8
8 10
9 10
9 7
10 7
10 11
8 11
8 12
9 15
8 13
8 15
9 16
9 18
10 19
10 18
11 18
11 19
12 19
12 20
13 20
13 18
12 18
11 17
13 17
12 16
11 16
10 17
10 16
9 14
9 13
10 13
10 15
12 15
15 18
14 18
14 23
12 23
12 22
13 22
13 21
12 21
11 20
10 20
11 21
10 21
10 22
9 22
9 28
10 29
11 31
11 29
12 27
12 28
13 27
15 27
13 26
11 27
11 28
10 28
10 27
12 26
12 25
11 25
11 26
10 26
10 23
11 24
11 22
12 24
13 24
15 23
13 25
14 26
14 25
16 27
18 28
17 28
17 29
18 30
19 30
18 29
20 30
20 29
19 29
19 28
17 27
19 27
20 28
21 28
21 31
20 31
20 33
19 33
19 31
18 31
16 29
16 30
15 29
16 28
13 28
13 29
14 29
17 31
15 31
16 32
18 32
17 33
17 34
18 33
19 34
18 34
19 35
20 34
20 35
21 37
21 38
22 39
21 36
21 32
22 32
22 35
23 36
22 36
24 38
22 37
22 38
23 38
25 42
24 39
25 40
26 40
