1000
10000 0
9999 62
9999 125
9998 188
9996 251
9995 314
9992 376
9990 439
9987 502
9984 565
9980 627
9976 690
9971 753
9966 815
9961 878
9955 941
9949 1003
9943 1066
9936 1128
9928 1190
9921 1253
9913 1315
9904 1377
9895 1440
9886 1502
9876 1564
9866 1626
9856 1688
9845 1750
9834 1812
9822 1873
9810 1935
9798 1997
9785 2058
9772 2120
9759 2181
9745 2242
9730 2303
9716 2364
9701 2425
9685 2486
9670 2547
9653 2608
9637 2669
9620 2729
9602 2789
9585 2850
9567 2910
9548 2970
9529 3030
9510 3090
9490 3149
9470 3209
9450 3268
9429 3328
9408 3387
9387 3446
9365 3505
9343 3564
9320 3622
9297 3681
9274 3739
9250 3797
9226 3855
9202 3913
9177 3971
9152 4029
9126 4086
9101 4143
9074 4200
9048 4257
9021 4314
8994 4371
8966 4427
8938 4483
8910 4539
8881 4595
8852 4651
8822 4707
8793 4762
8763 4817
8732 4872
8701 4927
8670 4981
8639 5036
8607 5090
8575 5144
8542 5198
8509 5251
8476 5305
8443 5358
8409 5411
8375 5463
8340 5516
8305 5568
8270 5620
8235 5672
8199 5724
8163 5775
8126 5826
8090 5877
8053 5928
8015 5979
7977 6029
7939 6079
7901 6129
7862 6178
7823 6227
7784 6276
7745 6325
7705 6374
7664 6422
7624 6470
7583 6518
7542 6565
7501 6613
7459 6660
7417 6706
7375 6753
7332 6799
7289 6845
7246 6891
7203 6936
7159 6981
7115 7026
7071 7071
7026 7115
6981 7159
6936 7203
6891 7246
6845 7289
6799 7332
6753 7375
6706 7417
6660 7459
6613 7501
6565 7542
6518 7583
6470 7624
6422 7664
6374 7705
6325 7745
6276 7784
6227 7823
6178 7862
6129 7901
6079 7939
6029 7977
5979 8015
5928 8053
5877 8090
5826 8126
5775 8163
5724 8199
5672 8235
5620 8270
5568 8305
5516 8340
5463 8375
5411 8409
5358 8443
5305 8476
5251 8509
5198 8542
5144 8575
5090 8607
5036 8639
4981 8670
4927 8701
4872 8732
4817 8763
4762 8793
4707 8822
4651 8852
4595 8881
4539 8910
4483 8938
4427 8966
4371 8994
4314 9021
4257 9048
4200 9074
4143 9101
4086 9126
4029 9152
3971 9177
3913 9202
3855 9226
3797 9250
3739 9274
3681 9297
3622 9320
3564 9343
3505 9365
3446 9387
3387 9408
3328 9429
3268 9450
3209 9470
3149 9490
3090 9510
3030 9529
2970 9548
2910 9567
2850 9585
2789 9602
2729 9620
2669 9637
2608 9653
2547 9670
2486 9685
2425 9701
2364 9716
2303 9730
2242 9745
2181 9759
2120 9772
2058 9785
1997 9798
1935 9810
1873 9822
1812 9834
1750 9845
1688 9856
1626 9866
1564 9876
1502 9886
1440 9895
1377 9904
1315 9913
1253 9921
1190 9928
1128 9936
1066 9943
1003 9949
941 9955
878 9961
815 9966
753 9971
690 9976
627 9980
565 9984
502 9987
439 9990
376 9992
314 9995
251 9996
188 9998
125 9999
62 9999
0 10000
-62 9999
-125 9999
-188 9998
-251 9996
-314 9995
-376 9992
-439 9990
-502 9987
-565 9984
-627 9980
-690 9976
-753 9971
-815 9966
-878 9961
-941 9955
-1003 9949
-1066 9943
-1128 9936
-1190 9928
-1253 9921
-1315 9913
-1377 9904
-1440 9895
-1502 9886
-1564 9876
-1626 9866
-1688 9856
-1750 9845
-1812 9834
-1873 9822
-1935 9810
-1997 9798
-2058 9785
-2120 9772
-2181 9759
-2242 9745
-2303 9730
-2364 9716
-2425 9701
-2486 9685
-2547 9670
-2608 9653
-2669 9637
-2729 9620
-2789 9602
-2850 9585
-2910 9567
-2970 9548
-3030 9529
-3090 9510
-3149 9490
-3209 9470
-3268 9450
-3328 9429
-3387 9408
-3446 9387
-3505 9365
-3564 9343
-3622 9320
-3681 9297
-3739 9274
-3797 9250
-3855 9226
-3913 9202
-3971 9177
-4029 9152
-4086 9126
-4143 9101
-4200 9074
-4257 9048
-4314 9021
-4371 8994
-4427 8966
-4483 8938
-4539 8910
-4595 8881
-4651 8852
-4707 8822
-4762 8793
-4817 8763
-4872 8732
-4927 8701
-4981 8670
-5036 8639
-5090 8607
-5144 8575
-5198 8542
-5251 8509
-5305 8476
-5358 8443
-5411 8409
-5463 8375
-5516 8340
-5568 8305
-5620 8270
-5672 8235
-5724 8199
-5775 8163
-5826 8126
-5877 8090
-5928 8053
-5979 8015
-6029 7977
-6079 7939
-6129 7901
-6178 7862
-6227 7823
-6276 7784
-6325 7745
-6374 7705
-6422 7664
-6470 7624
-6518 7583
-6565 7542
-6613 7501
-6660 7459
-6706 7417
-6753 7375
-6799 7332
-6845 7289
-6891 7246
-6936 7203
-6981 7159
-7026 7115
-7071 7071
-7115 7026
-7159 6981
-7203 6936
-7246 6891
-7289 6845
-7332 6799
-7375 6753
-7417 6706
-7459 6660
-7501 6613
-7542 6565
-7583 6518
-7624 6470
-7664 6422
-7705 6374
-7745 6325
-7784 6276
-7823 6227
-7862 6178
-7901 6129
-7939 6079
-7977 6029
-8015 5979
-8053 5928
-8090 5877
-8126 5826
-8163 5775
-8199 5724
-8235 5672
-8270 5620
-8305 5568
-8340 5516
-8375 5463
-8409 5411
-8443 5358
-8476 5305
-8509 5251
-8542 5198
-8575 5144
-8607 5090
-8639 5036
-8670 4981
-8701 4927
-8732 4872
-8763 4817
-8793 4762
-8822 4707
-8852 4651
-8881 4595
-8910 4539
-8938 4483
-8966 4427
-8994 4371
-9021 4314
-9048 4257
-9074 4200
-9101 4143
-9126 4086
-9152 4029
-9177 3971
-9202 3913
-9226 3855
-9250 3797
-9274 3739
-9297 3681
-9320 3622
-9343 3564
-9365 3505
-9387 3446
-9408 3387
-9429 3328
-9450 3268
-9470 3209
-9490 3149
-9510 3090
-9529 3030
-9548 2970
-9567 2910
-9585 2850
-9602 2789
-9620 2729
-9637 2669
-9653 2608
-9670 2547
-9685 2486
-9701 2425
-9716 2364
-9730 2303
-9745 2242
-9759 2181
-9772 2120
-9785 2058
-9798 1997
-9810 1935
-9822 1873
-9834 1812
-9845 1750
-9856 1688
-9866 1626
-9876 1564
-9886 1502
-9895 1440
-9904 1377
-9913 1315
-9921 1253
-9928 1190
-9936 1128
-9943 1066
-9949 1003
-9955 941
-9961 878
-9966 815
-9971 753
-9976 690
-9980 627
-9984 565
-9987 502
-9990 439
-9992 376
-9995 314
-9996 251
-9998 188
-9999 125
-9999 62
-10000 0
-9999 -62
-9999 -125
-9998 -188
-9996 -251
-9995 -314
-9992 -376
-9990 -439
-9987 -502
-9984 -565
-9980 -627
-9976 -690
-9971 -753
-9966 -815
-9961 -878
-9955 -941
-9949 -1003
-9943 -1066
-9936 -1128
-9928 -1190
-9921 -1253
-9913 -1315
-9904 -1377
-9895 -1440
-9886 -1502
-9876 -1564
-9866 -1626
-9856 -1688
-9845 -1750
-9834 -1812
-9822 -1873
-9810 -1935
-9798 -1997
-9785 -2058
-9772 -2120
-9759 -2181
-9745 -2242
-9730 -2303
-9716 -2364
-9701 -2425
-9685 -2486
-9670 -2547
-9653 -2608
-9637 -2669
-9620 -2729
-9602 -2789
-9585 -2850
-9567 -2910
-9548 -2970
-9529 -3030
-9510 -3090
-9490 -3149
-9470 -3209
-9450 -3268
-9429 -3328
-9408 -3387
-9387 -3446
-9365 -3505
-9343 -3564
-9320 -3622
-9297 -3681
-9274 -3739
-9250 -3797
-9226 -3855
-9202 -3913
-9177 -3971
-9152 -4029
-9126 -4086
-9101 -4143
-9074 -4200
-9048 -4257
-9021 -4314
-8994 -4371
-8966 -4427
-8938 -4483
-8910 -4539
-8881 -4595
-8852 -4651
-8822 -4707
-8793 -4762
-8763 -4817
-8732 -4872
-8701 -4927
-8670 -4981
-8639 -5036
-8607 -5090
-8575 -5144
-8542 -5198
-8509 -5251
-8476 -5305
-8443 -5358
-8409 -5411
-8375 -5463
-8340 -5516
-8305 -5568
-8270 -5620
-8235 -5672
-8199 -5724
-8163 -5775
-8126 -5826
-8090 -5877
-8053 -5928
-8015 -5979
-7977 -6029
-7939 -6079
-7901 -6129
-7862 -6178
-7823 -6227
-7784 -6276
-7745 -6325
-7705 -6374
-7664 -6422
-7624 -6470
-7583 -6518
-7542 -6565
-7501 -6613
-7459 -6660
-7417 -6706
-7375 -6753
-7332 -6799
-7289 -6845
-7246 -6891
-7203 -6936
-7159 -6981
-7115 -7026
-7071 -7071
-7026 -7115
-6981 -7159
-6936 -7203
-6891 -7246
-6845 -7289
-6799 -7332
-6753 -7375
-6706 -7417
-6660 -7459
-6613 -7501
-6565 -7542
-6518 -7583
-6470 -7624
-6422 -7664
-6374 -7705
-6325 -7745
-6276 -7784
-6227 -7823
-6178 -7862
-6129 -7901
-6079 -7939
-6029 -7977
-5979 -8015
-5928 -8053
-5877 -8090
-5826 -8126
-5775 -8163
-5724 -8199
-5672 -8235
-5620 -8270
-5568 -8305
-5516 -8340
-5463 -8375
-5411 -8409
-5358 -8443
-5305 -8476
-5251 -8509
-5198 -8542
-5144 -8575
-5090 -8607
-5036 -8639
-4981 -8670
-4927 -8701
-4872 -8732
-4817 -8763
-4762 -8793
-4707 -8822
-4651 -8852
-4595 -8881
-4539 -8910
-4483 -8938
-4427 -8966
-4371 -8994
-4314 -9021
-4257 -9048
-4200 -9074
-4143 -9101
-4086 -9126
-4029 -9152
-3971 -9177
-3913 -9202
-3855 -9226
-3797 -9250
-3739 -9274
-3681 -9297
-3622 -9320
-3564 -9343
-3505 -9365
-3446 -9387
-3387 -9408
-3328 -9429
-3268 -9450
-3209 -9470
-3149 -9490
-3090 -9510
-3030 -9529
-2970 -9548
-2910 -9567
-2850 -9585
-2789 -9602
-2729 -9620
-2669 -9637
-2608 -9653
-2547 -9670
-2486 -9685
-2425 -9701
-2364 -9716
-2303 -9730
-2242 -9745
-2181 -9759
-2120 -9772
-2058 -9785
-1997 -9798
-1935 -9810
-1873 -9822
-1812 -9834
-1750 -9845
-1688 -9856
-1626 -9866
-1564 -9876
-1502 -9886
-1440 -9895
-1377 -9904
-1315 -9913
-1253 -9921
-1190 -9928
-1128 -9936
-1066 -9943
-1003 -9949
-941 -9955
-878 -9961
-815 -9966
-753 -9971
-690 -9976
-627 -9980
-565 -9984
-502 -9987
-439 -9990
-376 -9992
-314 -9995
-251 -9996
-188 -9998
-125 -9999
-62 -9999
0 -10000
62 -9999
125 -9999
188 -9998
251 -9996
314 -9995
376 -9992
439 -9990
502 -9987
565 -9984
627 -9980
690 -9976
753 -9971
815 -9966
878 -9961
941 -9955
1003 -9949
1066 -9943
1128 -9936
1190 -9928
1253 -9921
1315 -9913
1377 -9904
1440 -9895
1502 -9886
1564 -9876
1626 -9866
1688 -9856
1750 -9845
1812 -9834
1873 -9822
1935 -9810
1997 -9798
2058 -9785
2120 -9772
2181 -9759
2242 -9745
2303 -9730
2364 -9716
2425 -9701
2486 -9685
2547 -9670
2608 -9653
2669 -9637
2729 -9620
2789 -9602
2850 -9585
2910 -9567
2970 -9548
3030 -9529
3090 -9510
3149 -9490
3209 -9470
3268 -9450
3328 -9429
3387 -9408
3446 -9387
3505 -9365
3564 -9343
3622 -9320
3681 -9297
3739 -9274
3797 -9250
3855 -9226
3913 -9202
3971 -9177
4029 -9152
4086 -9126
4143 -9101
4200 -9074
4257 -9048
4314 -9021
4371 -8994
4427 -8966
4483 -8938
4539 -8910
4595 -8881
4651 -8852
4707 -8822
4762 -8793
4817 -8763
4872 -8732
4927 -8701
4981 -8670
5036 -8639
5090 -8607
5144 -8575
5198 -8542
5251 -8509
5305 -8476
5358 -8443
5411 -8409
5463 -8375
5516 -8340
5568 -8305
5620 -8270
5672 -8235
5724 -8199
5775 -8163
5826 -8126
5877 -8090
5928 -8053
5979 -8015
6029 -7977
6079 -7939
6129 -7901
6178 -7862
6227 -7823
6276 -7784
6325 -7745
6374 -7705
6422 -7664
6470 -7624
6518 -7583
6565 -7542
6613 -7501
6660 -7459
6706 -7417
6753 -7375
6799 -7332
6845 -7289
6891 -7246
6936 -7203
6981 -7159
7026 -7115
7071 -7071
7115 -7026
7159 -6981
7203 -6936
7246 -6891
7289 -6845
7332 -6799
7375 -6753
7417 -6706
7459 -6660
7501 -6613
7542 -6565
7583 -6518
7624 -6470
7664 -6422
7705 -6374
7745 -6325
7784 -6276
7823 -6227
7862 -6178
7901 -6129
7939 -6079
7977 -6029
8015 -5979
8053 -5928
8090 -5877
8126 -5826
8163 -5775
8199 -5724
8235 -5672
8270 -5620
8305 -5568
8340 -5516
8375 -5463
8409 -5411
8443 -5358
8476 -5305
8509 -5251
8542 -5198
8575 -5144
8607 -5090
8639 -5036
8670 -4981
8701 -4927
8732 -4872
8763 -4817
8793 -4762
8822 -4707
8852 -4651
8881 -4595
8910 -4539
8938 -4483
8966 -4427
8994 -4371
9021 -4314
9048 -4257
9074 -4200
9101 -4143
9126 -4086
9152 -4029
9177 -3971
9202 -3913
9226 -3855
9250 -3797
9274 -3739
9297 -3681
9320 -3622
9343 -3564
9365 -3505
9387 -3446
9408 -3387
9429 -3328
9450 -3268
9470 -3209
9490 -3149
9510 -3090
9529 -3030
9548 -2970
9567 -2910
9585 -2850
9602 -2789
9620 -2729
9637 -2669
9653 -2608
9670 -2547
9685 -2486
9701 -2425
9716 -2364
9730 -2303
9745 -2242
9759 -2181
9772 -2120
9785 -2058
9798 -1997
9810 -1935
9822 -1873
9834 -1812
9845 -1750
9856 -1688
9866 -1626
9876 -1564
9886 -1502
9895 -1440
9904 -1377
9913 -1315
9921 -1253
9928 -1190
9936 -1128
9943 -1066
9949 -1003
9955 -941
9961 -878
9966 -815
9971 -753
9976 -690
9980 -627
9984 -565
9987 -502
9990 -439
9992 -376
9995 -314
9996 -251
9998 -188
9999 -125
9999 -62
