1587
1 16
34 21
28 4
16 22
35 8
1 15
20 18
10 15
23 16
1 23
16 14
15 22
3 34
4 35
34 22
32 16
19 20
7 10
13 20
16 8
11 26
24 35
25 26
19 14
21 4
10 11
3 30
15 11
21 12
11 0
25 17
1 0
33 31
2 26
14 21
19 1
0 32
19 19
3 5
30 29
5 18
21 29
28 8
34 2
25 22
14 5
32 7
1 21
13 23
8 35
31 26
9 2
2 24
25 23
25 14
15 25
27 35
5 13
23 3
10 17
23 8
23 20
26 23
2 10
33 23
13 20
22 24
35 28
30 35
21 25
31 7
22 0
2 6
7 29
5 3
21 18
34 34
17 20
15 27
26 23
14 12
6 7
25 16
31 21
28 34
26 7
7 15
28 18
17 26
20 6
25 18
0 13
35 10
26 18
32 9
25 19
28 13
8 11
19 18
23 26
15 10
29 4
33 1
1 17
20 15
14 11
2 10
21 10
14 0
8 4
25 35
22 32
1 15
13 12
17 0
6 9
23 18
14 10
7 7
5 1
28 6
1 31
14 10
28 26
24 6
5 26
33 17
5 9
11 23
25 15
21 4
18 34
17 3
34 8
23 30
14 19
23 18
12 15
1 20
19 3
28 6
6 0
15 9
30 26
35 30
25 27
34 28
24 25
12 24
34 33
25 17
35 6
35 32
28 10
30 10
34 30
20 13
10 27
31 23
20 0
32 21
25 25
16 18
10 33
30 28
33 9
1 8
3 7
29 18
33 5
13 1
20 23
4 5
33 12
29 22
8 28
34 28
2 20
23 28
30 25
26 1
20 2
27 33
34 0
15 34
2 9
9 13
13 0
17 11
14 13
21 18
8 5
3 7
5 8
24 27
28 27
23 5
18 22
23 16
0 9
34 32
24 8
22 28
13 1
20 5
27 3
3 24
17 18
17 11
11 15
33 11
19 7
12 9
29 0
26 0
33 13
2 14
17 26
1 29
20 17
35 0
31 7
14 21
19 4
5 21
0 1
5 4
26 29
23 19
21 21
23 1
19 19
16 19
10 26
32 32
34 25
3 30
12 14
8 19
19 21
18 12
21 30
18 23
35 7
21 34
3 13
24 9
13 9
30 1
10 5
23 31
33 32
17 13
18 24
1 16
3 12
1 5
18 6
31 23
23 30
4 15
20 10
29 34
32 14
14 5
11 2
10 34
20 1
8 11
2 5
22 3
0 0
31 24
18 34
27 20
21 13
11 23
20 21
17 23
4 21
30 32
1 27
9 6
12 16
10 21
1 27
22 13
19 9
18 15
0 3
35 32
13 9
17 21
13 3
26 1
20 9
4 29
24 11
28 19
16 20
21 26
34 7
15 27
2 22
14 32
10 18
1 24
33 3
2 10
21 11
24 6
0 3
9 0
8 33
0 34
14 33
9 30
34 10
24 9
22 0
9 25
30 24
27 15
27 20
0 18
29 27
10 10
23 4
35 31
18 3
4 17
2 27
28 29
29 33
28 33
10 26
29 10
30 19
33 35
17 32
27 0
24 27
2 16
5 5
29 3
34 9
14 29
14 7
6 34
23 8
13 3
35 14
30 20
25 28
8 31
33 16
14 4
31 18
22 29
15 3
10 26
32 35
25 5
30 14
12 31
25 27
3 21
34 26
1 33
26 20
14 6
7 35
16 28
8 17
33 18
1 24
3 27
10 1
7 10
18 29
4 24
9 30
26 13
13 7
23 16
30 19
3 34
6 35
29 25
20 35
12 13
31 0
32 13
6 31
7 6
29 7
19 30
11 28
10 5
23 15
20 4
12 16
32 26
28 19
6 27
2 13
35 1
15 21
16 8
8 31
15 25
5 31
32 13
10 20
14 23
4 14
4 25
17 9
18 26
15 33
30 30
22 0
28 4
13 12
17 1
25 15
18 22
15 24
22 13
9 3
7 20
24 30
20 20
4 35
7 6
10 1
28 22
17 15
17 8
17 18
8 10
34 16
25 21
28 18
34 16
3 10
10 24
18 23
21 24
31 35
24 5
21 20
25 0
22 33
35 0
4 23
9 30
15 20
34 8
7 17
21 33
3 19
8 27
18 19
21 35
20 1
34 23
31 0
28 7
4 11
15 29
23 3
13 28
34 22
10 6
23 22
7 16
18 20
9 14
18 32
10 3
26 31
25 30
20 6
22 10
11 23
31 19
19 15
34 1
35 13
29 23
25 11
17 10
4 9
13 16
10 26
16 25
26 35
9 6
20 16
21 28
31 30
35 32
2 32
20 29
11 22
10 28
33 17
22 13
25 1
32 28
2 3
26 4
30 20
17 12
14 29
23 25
10 11
2 18
30 26
29 25
4 0
2 4
15 28
33 20
10 24
35 8
15 9
21 30
29 23
11 1
19 4
24 3
21 10
19 29
10 34
34 17
10 6
9 30
32 35
22 16
19 33
1 5
6 13
23 7
9 6
26 7
23 11
4 21
1 9
23 33
12 31
18 15
10 0
27 32
13 0
13 29
20 17
18 34
19 19
26 21
20 18
6 32
0 2
0 7
13 17
11 14
23 30
11 15
13 21
30 3
2 32
9 15
15 7
21 29
1 30
13 18
27 4
21 33
2 20
19 27
32 8
6 1
35 27
22 8
34 15
7 30
12 26
8 6
31 21
3 35
8 15
13 8
23 18
7 6
13 2
14 7
33 33
25 6
20 14
26 19
28 17
0 18
21 31
28 29
34 6
4 9
1 16
6 21
23 6
24 12
23 16
1 14
11 6
9 15
27 5
18 32
28 10
3 3
21 22
0 24
12 16
4 3
31 1
12 0
18 9
1 24
24 1
5 34
28 22
25 4
16 19
21 1
15 14
14 23
8 28
24 9
6 25
7 23
29 28
11 20
14 1
4 1
13 25
29 16
7 20
14 8
2 6
16 13
30 12
13 35
5 9
33 4
33 35
28 20
10 21
22 29
14 0
23 17
31 14
7 3
7 9
28 14
24 6
22 10
19 9
35 19
3 9
17 20
30 32
22 6
1 20
33 3
2 28
3 12
9 6
5 33
10 24
9 1
30 18
20 33
28 24
13 22
22 4
14 11
27 3
20 17
19 3
25 33
31 14
25 14
5 28
30 7
30 1
2 32
12 16
12 24
26 19
22 5
29 24
17 25
29 13
11 29
35 9
26 6
35 10
27 0
13 22
34 34
1 3
31 28
35 26
11 30
15 12
27 13
29 11
16 35
14 2
35 21
20 1
10 22
28 9
21 11
8 25
9 35
27 6
15 23
7 18
21 3
15 17
8 21
12 9
2 20
14 30
23 34
5 33
21 1
21 32
31 1
22 27
8 33
31 25
5 6
11 35
29 4
20 19
26 32
8 30
13 19
21 9
1 9
35 2
18 4
0 4
24 35
18 26
3 15
35 16
7 34
14 30
28 8
15 23
27 13
9 35
15 28
34 14
6 7
12 11
22 29
34 13
31 29
30 19
6 24
17 19
33 13
26 3
24 3
18 6
33 35
22 35
8 19
9 18
11 5
0 3
21 11
19 1
30 1
1 1
25 25
0 34
16 13
5 35
3 14
12 4
9 14
14 13
24 32
8 14
10 9
20 4
4 32
31 6
15 8
23 16
31 6
24 19
12 35
10 18
3 3
12 29
22 33
14 28
17 22
23 32
25 13
10 29
9 27
35 17
12 22
4 2
28 34
12 11
28 0
35 30
35 5
31 32
1 1
29 20
3 1
2 35
21 33
5 5
33 20
4 20
1 32
18 4
35 3
26 12
7 15
35 5
10 11
32 31
6 6
20 20
23 27
7 14
9 12
30 11
8 2
28 9
23 17
31 13
0 11
22 19
5 33
18 12
31 24
2 5
12 20
1 18
35 14
1 24
23 11
12 32
11 2
10 29
32 33
1 21
6 21
20 4
9 3
11 27
7 12
2 25
20 22
27 33
16 17
10 0
26 3
15 20
15 4
12 17
4 34
29 11
26 0
19 8
32 22
24 2
4 33
28 12
11 4
14 19
15 24
15 12
15 17
31 3
1 11
3 11
23 13
31 26
32 5
17 27
25 20
2 5
3 12
25 11
9 34
30 33
22 25
31 24
29 10
35 19
14 31
15 2
33 25
35 26
9 22
25 16
11 13
7 23
18 21
13 16
14 31
32 33
4 0
24 8
15 18
22 7
30 19
22 24
3 30
30 13
9 20
7 22
19 26
33 18
19 25
31 20
9 35
17 8
0 18
1 34
25 11
23 17
25 26
30 14
16 6
25 31
25 4
18 8
6 34
10 4
27 0
9 14
15 23
17 1
8 16
12 12
9 8
6 33
33 22
27 5
25 16
9 14
31 16
9 11
17 9
25 4
22 0
35 10
8 5
26 23
29 35
16 22
1 28
35 5
13 31
2 12
12 14
15 15
10 19
14 9
2 15
17 2
33 23
35 1
27 14
9 25
35 12
32 6
27 11
12 31
15 13
2 23
31 2
16 31
31 19
25 21
16 17
17 2
25 13
1 21
7 5
24 15
5 25
24 21
26 27
24 2
14 20
3 8
33 24
31 17
18 6
0 28
3 34
3 27
30 14
2 21
9 24
14 10
18 10
21 22
15 3
7 35
13 26
25 33
17 3
5 2
18 14
31 5
24 27
24 34
23 21
21 22
15 9
25 16
33 24
20 27
28 12
2 34
11 19
22 22
0 23
34 30
29 24
20 35
18 9
2 34
35 31
11 7
5 10
10 11
25 31
8 12
12 29
19 0
6 2
19 7
11 11
30 7
31 17
27 29
0 28
34 19
18 24
34 27
24 0
32 5
26 31
2 13
23 2
32 11
24 22
5 27
20 28
19 28
4 18
31 7
3 17
13 4
23 11
34 20
0 4
15 26
16 18
27 10
3 5
19 6
10 34
26 29
25 28
7 15
25 20
8 0
5 27
29 15
10 12
19 13
25 26
3 19
8 34
33 24
9 31
14 19
34 18
27 31
11 35
21 3
22 15
20 1
5 3
24 25
26 6
18 20
3 10
21 16
14 0
22 31
26 8
18 1
27 16
23 1
23 26
30 28
11 14
8 28
1 30
27 6
5 10
0 35
31 26
1 7
33 0
35 31
2 23
0 0
35 11
21 28
2 35
12 26
26 14
35 12
26 14
28 6
10 27
1 2
16 32
28 24
12 2
3 21
13 21
0 0
5 17
28 12
24 3
14 7
34 3
2 13
1 17
10 25
25 34
2 3
27 22
32 25
1 9
11 6
35 2
6 8
15 13
6 17
7 5
1 35
18 4
34 29
20 4
34 16
21 14
3 34
34 17
16 10
13 29
19 35
24 34
26 20
0 7
18 16
7 6
23 19
28 8
16 3
18 20
26 35
31 12
33 6
7 23
31 29
24 22
33 32
34 12
25 26
24 10
16 31
2 1
13 20
33 26
11 22
31 23
10 15
20 30
9 25
18 30
18 22
30 30
20 2
2 35
21 30
20 7
16 34
0 26
23 13
32 0
4 29
29 24
19 6
29 2
0 5
10 28
33 7
12 22
9 27
14 9
21 3
16 21
11 13
27 30
12 20
35 17
9 9
3 13
5 31
18 9
0 21
32 0
35 27
17 19
31 3
8 8
18 9
7 8
8 27
28 24
12 4
18 19
5 3
33 10
10 13
10 9
34 5
30 27
4 31
8 19
16 27
20 34
21 10
33 28
30 26
2 13
12 2
6 4
28 1
5 13
10 1
34 28
0 7
31 30
35 35
1 18
20 33
0 9
17 12
1 5
9 18
11 19
21 12
18 1
1 8
10 12
27 18
33 27
26 15
0 32
25 17
4 24
4 7
20 13
33 25
6 23
24 15
20 18
19 16
31 6
21 29
9 7
18 6
8 26
24 2
11 1
5 30
28 3
18 35
21 1
15 16
23 20
32 21
24 20
1 33
35 23
4 20
9 15
26 18
31 25
14 29
19 8
21 29
20 4
17 2
34 31
25 24
18 25
10 32
3 14
7 8
33 8
24 19
25 8
34 28
16 10
0 25
30 7
22 16
0 22
9 29
0 25
21 19
34 28
3 5
19 12
19 10
4 29
26 35
11 11
25 21
16 34
28 15
16 22
8 29
4 4
32 23
13 5
11 17
6 26
33 18
12 1
29 9
5 7
25 12
3 14
10 7
35 1
20 0
1 28
11 8
33 23
17 3
8 31
2 17
2 16
20 29
20 14
34 16
21 24
12 17
14 4
3 18
33 35
5 23
33 8
23 24
8 29
5 4
26 8
23 18
6 17
21 35
9 13
12 17
8 1
25 30
10 26
15 25
20 33
14 34
16 19
8 20
23 25
3 18
35 25
11 4
2 16
17 27
17 12
13 34
27 27
0 8
32 10
10 8
27 20
33 11
17 0
20 24
15 6
26 11
33 30
8 14
30 33
10 20
35 23
7 35
22 4
15 28
5 25
30 31
29 17
18 31
8 24
1 25
26 19
29 6
32 8
1 34
34 7
7 11
8 14
14 0
15 35
13 15
2 7
28 2
6 23
29 28
23 6
9 13
25 15
14 7
7 2
22 22
20 0
28 8
32 4
22 21
1 29
18 0
1 0
1 9
3 32
14 15
8 10
14 14
14 7
9 4
10 17
28 29
32 0
2 14
15 24
27 34
3 33
32 33
1 2
31 17
18 12
11 33
14 20
16 13
31 11
25 34
30 18
0 28
20 10
1 23
32 8
21 3
28 14
7 28
18 17
12 19
31 10
32 9
27 17
3 3
26 9
4 19
7 15
13 31
27 26
12 9
4 18
21 28
1 24
4 26
0 11
12 31
21 18
26 20
29 32
13 0
19 17
19 18
14 1
27 35
24 18
23 27
15 7
34 5
12 14
15 35
16 30
27 24
19 9
31 21
11 5
29 31
5 17
14 5
12 31
22 28
29 6
1 26
23 11
28 32
14 27
24 0
3 8
25 33
13 27
15 29
18 21
2 14
26 10
31 4
1 34
31 2
22 16
31 16
12 11
20 26
14 14
15 17
4 34
18 34
5 29
13 28
20 26
13 32
23 21
7 14
26 30
7 15
30 0
16 11
28 8
28 1
20 33
1 12
6 20
17 25
20 33
28 15
4 22
32 15
9 19
4 7
31 11
26 24
3 9
14 11
15 20
7119
6 15
4 29
15 3
5 25
18 35
19 1
18 2
31 26
21 15
32 5
8 21
32 31
22 5
26 6
9 7
8 20
34 23
10 13
33 28
33 4
3 26
20 12
6 15
15 7
15 13
18 11
3 25
28 5
4 23
9 21
26 27
5 34
17 0
34 35
29 29
27 13
9 2
24 28
31 8
3 25
34 1
17 26
15 32
13 24
30 7
29 23
25 28
26 2
8 28
15 1
8 0
35 27
12 15
10 32
19 19
0 8
24 18
19 8
32 8
7 23
25 13
7 34
35 6
29 35
2 26
34 6
9 25
18 0
7 2
31 19
33 16
3 25
10 8
33 3
18 7
13 13
5 1
3 23
3 33
4 35
5 31
19 26
29 3
28 32
23 32
35 28
26 27
12 8
34 23
35 16
20 1
23 6
26 29
24 15
8 3
29 8
30 6
15 22
17 1
17 35
14 14
7 9
5 8
35 21
27 3
26 35
6 12
31 17
30 34
13 10
25 27
7 13
3 12
31 26
18 5
35 21
1 27
33 22
17 24
31 7
3 11
25 10
5 12
13 3
29 17
16 6
35 17
27 5
0 23
4 24
12 19
7 33
24 30
27 1
32 1
26 3
25 13
29 28
14 30
21 28
31 13
4 18
3 18
19 11
3 8
32 27
16 25
4 14
24 33
6 28
11 15
1 14
12 21
11 22
26 14
15 19
11 10
13 0
7 25
34 26
10 29
10 14
15 35
16 10
6 25
1 25
0 13
14 22
9 0
33 4
15 19
34 7
4 2
5 11
34 3
5 0
31 14
5 33
32 29
9 29
34 28
24 8
33 20
23 27
11 4
11 29
28 19
15 3
32 7
31 24
27 28
31 1
32 8
12 28
5 25
12 23
1 13
29 10
27 28
0 0
4 1
16 13
35 27
8 6
22 6
26 7
1 20
26 13
8 9
11 20
27 1
19 3
19 7
10 5
31 9
32 26
14 30
25 28
7 7
19 20
33 33
10 28
5 3
8 18
21 34
20 23
23 27
18 17
15 5
5 19
33 27
20 17
31 6
9 2
1 26
5 9
6 19
30 34
0 3
18 3
33 10
34 8
33 13
15 0
8 29
30 12
2 34
31 22
15 25
18 31
13 21
30 6
28 15
25 8
27 2
32 30
30 5
7 26
2 15
15 35
35 35
18 21
4 29
27 27
19 25
13 27
28 19
7 28
23 34
28 15
8 33
21 0
22 24
26 28
13 24
32 11
19 15
2 31
24 30
25 10
18 0
34 13
26 2
33 2
24 31
13 23
19 24
33 0
32 16
26 31
11 1
3 2
11 23
3 2
5 30
32 8
27 4
27 30
33 4
1 24
24 2
7 28
32 19
11 12
31 28
18 23
24 28
21 25
26 5
16 8
29 33
23 29
20 1
11 34
3 14
20 2
4 6
26 26
18 2
30 28
23 4
18 28
24 17
13 27
9 21
22 20
3 5
3 30
31 22
28 12
21 10
35 8
8 15
6 4
12 22
22 30
19 1
22 14
21 4
31 17
2 35
17 0
34 0
12 2
14 29
5 31
0 15
11 4
32 35
2 9
25 3
30 7
8 10
27 25
10 8
8 18
0 7
14 0
9 25
15 24
26 0
17 33
23 19
22 16
24 34
3 34
26 23
16 5
10 7
0 35
17 12
4 1
8 30
32 34
27 1
29 32
17 14
33 28
23 22
18 34
0 22
29 21
17 21
24 1
33 30
3 25
0 11
1 17
8 14
22 0
19 13
11 32
0 7
11 29
24 21
21 10
10 11
10 24
10 2
0 16
35 24
17 25
6 23
13 29
14 3
23 33
30 26
22 33
26 6
12 28
18 22
19 15
34 28
0 22
24 27
15 7
3 1
7 0
9 11
0 21
12 17
31 28
18 10
9 30
19 7
10 23
18 2
11 17
5 7
29 17
33 34
32 5
35 30
22 15
0 28
1 5
18 1
31 32
6 23
15 15
32 14
21 9
33 30
18 25
3 10
15 3
29 25
24 5
5 35
6 34
1 31
19 3
5 12
7 14
33 6
6 8
12 1
22 3
2 0
29 7
5 32
29 21
31 4
10 26
18 31
10 2
21 21
1 25
6 16
11 10
6 11
5 9
25 21
10 16
2 8
9 35
9 27
3 0
10 24
17 22
33 1
14 17
13 6
34 14
7 24
24 11
17 6
10 7
34 11
8 31
35 9
22 33
14 28
35 15
34 3
20 3
15 25
16 23
25 22
25 1
24 22
2 22
22 35
5 14
32 35
9 3
26 9
33 23
17 27
4 18
26 18
18 0
27 16
21 31
18 0
12 3
4 35
18 12
11 23
14 23
30 10
10 11
18 30
28 34
0 31
16 4
3 25
20 4
22 9
33 22
4 26
29 28
18 15
6 24
5 9
18 19
19 15
16 26
1 4
8 27
20 28
22 25
7 4
12 32
23 3
32 20
11 31
17 7
12 6
19 21
19 9
10 35
9 23
28 3
22 2
3 7
20 13
27 4
33 32
20 23
18 31
28 13
3 5
4 24
16 6
20 16
5 20
13 6
13 0
16 25
26 7
16 35
19 5
29 9
22 18
25 4
19 15
2 25
21 13
21 28
3 2
24 16
8 24
35 34
31 30
2 7
31 29
6 22
34 6
29 7
26 3
3 22
12 32
32 17
23 5
3 24
27 20
1 16
12 30
23 20
28 6
27 34
28 8
4 10
22 34
20 20
17 15
7 21
27 8
11 33
35 29
24 26
15 19
22 2
34 6
8 24
2 5
18 18
9 19
19 16
19 2
10 30
13 13
19 28
21 30
30 3
9 19
19 35
26 31
35 26
14 32
1 31
17 31
13 1
4 22
31 22
23 8
21 0
4 27
31 19
31 18
31 8
32 23
33 31
4 4
27 13
0 22
8 18
16 13
24 13
14 12
21 11
13 28
3 2
30 35
3 26
23 18
14 28
13 31
15 12
33 13
27 25
25 15
34 35
11 29
0 21
1 34
2 11
32 22
0 2
35 2
22 14
0 0
0 10
18 14
35 33
11 15
28 20
32 11
15 17
2 18
11 17
6 22
25 26
20 31
7 7
23 2
19 25
1 1
12 29
4 6
30 5
5 2
22 4
3 4
25 29
0 32
9 20
23 33
10 4
17 19
8 17
4 20
9 24
29 6
10 5
7 9
34 29
0 22
35 10
35 29
12 30
3 25
31 19
30 16
25 20
20 0
3 31
17 30
5 19
0 1
4 20
35 0
33 9
2 5
30 14
8 1
0 10
14 8
3 27
7 9
13 25
19 5
8 3
10 11
1 16
32 1
33 12
33 26
29 29
1 22
24 12
33 35
24 12
15 6
6 31
10 29
17 29
33 11
4 4
13 27
4 9
29 20
10 11
11 18
15 5
34 19
13 6
11 13
9 2
30 28
33 4
4 10
14 27
29 26
1 12
32 0
28 32
8 21
21 0
3 17
20 9
4 2
25 24
1 18
16 24
20 19
33 7
20 18
29 8
6 2
1 5
23 23
4 29
21 5
29 31
23 19
4 23
7 0
14 10
2 2
6 18
23 19
33 19
10 23
4 22
16 8
16 22
34 33
11 33
11 11
28 24
16 3
30 6
25 19
28 32
30 14
27 3
16 27
19 21
14 32
35 22
26 35
5 31
6 35
16 20
17 10
0 29
29 17
4 5
23 29
1 20
23 12
29 7
27 6
7 24
20 33
4 23
0 7
3 33
32 30
35 15
12 34
25 12
14 4
30 28
16 19
4 15
15 17
29 28
1 11
22 1
11 17
6 7
21 29
23 13
5 10
6 22
2 24
4 35
0 8
0 26
29 25
1 14
24 5
21 1
14 15
5 31
7 24
14 26
6 2
2 12
12 26
32 7
5 24
12 6
0 3
21 35
30 9
6 13
30 6
33 35
12 27
20 33
5 3
21 7
2 34
5 22
30 11
13 8
17 27
25 6
5 18
21 3
12 30
4 12
22 21
4 33
7 4
0 1
20 13
35 23
15 35
8 2
16 10
34 6
17 3
10 11
27 18
30 8
31 16
19 24
26 28
5 8
32 8
33 33
12 16
25 9
6 20
10 16
12 33
23 13
4 32
8 14
7 19
21 27
1 9
32 8
23 5
0 17
1 4
19 8
16 27
8 11
20 10
27 26
10 16
26 18
10 18
8 15
34 35
26 18
5 17
8 7
8 23
8 29
9 9
32 26
23 28
0 24
17 0
19 7
14 8
4 29
19 22
8 15
11 18
2 0
1 3
14 8
17 15
30 34
33 34
12 30
33 30
19 3
12 18
35 21
6 14
5 5
23 12
30 1
28 5
12 9
30 13
0 7
21 18
18 35
15 16
5 8
4 1
15 34
23 21
18 16
19 7
16 9
11 17
27 17
22 25
35 11
34 15
9 25
0 16
23 28
3 10
17 12
29 23
0 27
12 12
35 8
24 1
31 23
15 0
1 4
11 2
1 28
15 9
6 13
13 14
8 2
2 11
13 15
22 29
4 35
2 7
20 2
33 26
30 5
15 4
21 30
3 8
19 19
33 12
14 14
3 29
26 19
11 30
9 7
22 34
16 31
4 29
8 33
20 9
19 0
10 21
28 23
32 17
13 31
2 23
34 13
20 17
30 11
16 2
3 35
8 29
3 26
15 27
34 28
9 13
23 35
20 15
9 33
19 29
16 16
24 6
5 17
32 8
33 7
33 3
27 16
19 26
33 10
19 10
29 26
13 16
18 13
6 22
18 8
29 32
29 28
30 13
13 15
21 8
30 5
22 25
15 2
10 9
11 35
16 1
14 6
12 27
22 12
32 3
15 23
31 30
24 9
10 3
8 12
12 6
24 20
16 18
17 15
10 12
10 5
2 4
24 25
24 20
22 9
14 12
9 16
7 10
23 20
27 22
24 14
6 15
12 7
7 31
27 28
15 20
7 13
22 0
7 0
6 26
8 15
20 22
18 30
29 19
14 18
24 2
11 35
34 2
19 16
6 14
23 1
27 3
3 23
2 25
19 23
17 23
2 18
31 13
19 14
16 6
29 32
32 28
4 10
0 19
9 26
30 30
25 12
29 1
26 14
12 9
28 0
20 17
20 15
7 18
27 5
3 33
26 26
21 21
12 10
19 2
30 7
7 22
11 3
22 21
9 1
19 20
26 2
29 33
8 23
16 8
23 7
3 32
17 20
13 6
23 29
4 5
19 16
26 8
24 34
3 19
21 30
29 33
0 4
4 20
9 1
1 20
35 14
8 3
20 31
10 23
30 18
29 25
24 15
10 25
5 29
5 22
31 22
35 15
34 16
12 9
10 4
11 25
13 24
5 31
27 33
11 32
21 22
22 22
18 33
17 26
30 20
21 20
5 7
34 35
2 8
26 7
4 17
22 6
2 32
18 23
3 30
6 11
18 22
7 35
9 21
3 20
32 15
15 28
2 9
7 15
18 16
5 23
19 3
1 13
21 9
32 21
30 4
3 8
2 27
3 26
23 28
31 17
31 19
24 22
14 4
16 34
34 21
9 35
3 14
32 23
20 35
34 34
24 35
26 34
30 10
2 3
14 31
12 4
14 14
5 13
9 3
12 2
35 14
27 8
24 20
8 14
34 20
7 6
14 20
28 35
18 30
11 14
0 33
22 5
0 15
5 23
22 5
4 26
22 24
19 34
26 6
19 31
11 20
2 29
9 23
1 3
3 2
3 5
27 19
35 9
31 4
18 31
5 29
1 12
4 22
29 28
16 35
4 33
22 23
33 27
29 35
29 5
10 30
31 31
19 23
32 3
2 19
29 26
29 7
24 34
7 5
11 20
32 23
11 20
27 24
35 13
13 22
12 14
17 25
10 27
22 29
26 32
14 0
17 11
14 24
26 25
24 20
33 30
11 24
3 21
16 23
33 14
32 31
25 2
2 8
27 3
22 15
11 13
6 27
25 8
11 34
35 21
21 32
23 22
14 29
6 14
10 16
30 21
29 14
29 7
6 35
7 14
32 26
5 22
21 18
33 33
15 22
10 18
0 25
16 23
33 18
27 19
7 11
7 9
19 18
30 20
11 0
26 11
12 0
28 17
28 30
5 8
5 27
3 30
31 5
34 22
1 1
0 25
17 10
33 6
29 11
12 10
4 28
11 22
29 29
30 5
28 18
17 19
1 35
6 31
26 7
5 1
2 7
26 21
35 2
1 31
31 27
33 0
28 23
1 12
0 25
21 6
17 8
28 21
13 30
7 15
20 23
8 1
34 11
31 23
23 4
4 15
2 0
31 2
17 26
4 8
14 13
22 24
5 14
17 19
6 15
10 9
5 29
28 21
3 26
11 8
14 24
16 2
3 20
31 30
35 12
9 23
16 10
32 6
20 31
14 1
7 7
22 27
20 32
11 15
6 25
18 10
7 35
3 26
25 10
23 23
19 0
28 13
16 20
33 1
24 5
33 9
17 24
12 19
29 33
26 10
31 23
0 17
28 7
10 16
24 31
16 35
21 0
31 34
6 14
26 14
10 11
33 26
29 9
15 34
19 15
19 1
24 7
17 29
7 15
28 18
9 28
32 27
29 2
10 3
19 14
9 27
29 26
17 18
34 27
16 14
35 20
17 24
20 8
2 34
26 29
28 24
34 6
12 4
3 26
3 13
14 9
33 15
14 8
33 29
12 24
4 20
14 2
27 25
5 6
4 34
13 16
1 19
19 11
24 12
14 13
6 26
35 34
11 22
6 24
9 34
8 29
17 19
35 9
18 30
12 11
0 19
22 18
29 16
20 12
0 34
4 9
12 16
12 21
15 31
32 35
21 16
27 23
23 4
3 5
8 27
7 4
19 27
0 19
16 14
24 31
11 25
7 20
12 19
24 23
3 33
31 28
12 14
25 11
16 29
25 2
7 19
33 32
25 29
29 22
16 32
3 27
14 32
35 7
1 20
2 12
27 4
16 11
33 30
5 9
9 12
27 29
18 4
31 16
31 24
34 22
7 18
32 4
3 3
22 15
9 14
5 0
7 26
18 0
33 4
3 2
26 18
35 3
31 0
35 35
5 26
32 32
8 23
27 29
1 7
23 28
23 11
11 26
19 0
19 17
24 12
13 27
29 13
0 23
8 28
29 19
34 31
15 1
25 21
31 28
29 32
28 11
29 33
17 27
21 7
2 25
33 25
15 26
31 0
7 24
4 24
34 18
26 15
8 7
22 25
8 20
2 34
27 25
30 23
25 19
3 4
15 4
16 4
13 25
10 29
15 29
22 5
14 10
12 17
28 25
0 18
2 34
2 31
4 27
22 21
3 14
26 3
19 4
12 31
35 27
18 26
28 20
0 15
7 23
8 5
16 16
4 17
13 32
15 24
9 26
24 9
8 29
21 7
32 11
13 32
33 6
23 3
24 4
20 16
7 12
26 24
18 0
24 22
35 14
15 8
15 23
23 27
25 14
34 1
27 11
34 25
21 4
24 7
0 7
6 22
15 24
8 16
0 10
0 1
16 29
4 13
22 27
20 24
12 11
27 18
8 19
6 13
32 16
35 18
1 20
25 16
9 17
13 11
20 28
18 31
10 35
3 2
21 28
22 27
18 28
9 26
17 18
25 7
5 25
31 33
25 12
15 4
15 7
22 8
35 26
11 24
19 23
10 6
9 12
1 1
6 18
1 12
18 18
7 31
3 5
17 6
24 20
4 4
23 5
12 9
1 18
24 6
20 17
14 19
18 14
4 4
18 0
25 33
20 1
22 6
15 5
32 17
23 14
15 34
32 22
28 9
19 27
26 10
21 5
11 27
13 35
12 1
7 22
8 2
15 2
11 17
24 16
25 10
10 1
7 23
31 8
25 25
35 15
18 14
14 33
8 31
19 6
8 18
32 3
23 29
3 34
31 28
10 32
26 12
31 7
9 32
9 33
11 16
21 12
7 34
20 14
3 11
25 23
2 22
25 13
16 3
1 11
10 5
14 13
9 23
15 1
33 5
22 3
26 27
27 8
30 3
12 26
11 24
16 8
35 19
33 8
13 32
7 7
33 25
15 35
8 13
27 6
21 12
6 19
9 32
33 6
10 31
5 26
21 34
25 21
17 24
1 19
10 21
19 10
33 12
31 33
29 8
10 12
23 8
25 0
14 10
13 27
6 5
35 0
3 33
16 35
21 29
20 25
29 16
29 19
21 31
35 29
33 28
11 9
35 17
35 27
23 4
18 5
29 31
28 9
5 11
32 1
21 1
29 26
7 26
8 20
20 31
29 7
34 19
2 3
0 8
10 18
18 4
14 2
19 35
2 11
1 10
25 20
28 33
31 23
0 29
30 20
21 26
3 10
27 24
30 16
9 34
29 10
31 19
30 18
18 7
25 13
8 19
14 15
17 24
25 31
33 10
35 11
22 13
32 19
29 34
23 0
22 19
34 11
13 9
23 15
18 15
21 23
28 34
16 9
9 18
11 1
27 30
33 24
9 29
13 23
14 26
17 11
31 20
29 29
2 2
7 6
14 12
20 31
10 30
19 26
28 8
22 13
11 16
24 27
2 17
32 33
34 29
31 19
21 18
4 3
17 4
21 6
5 24
9 1
20 22
19 5
20 16
1 12
0 31
7 35
27 13
12 2
15 10
12 35
2 19
3 13
8 24
6 0
34 33
11 6
34 15
30 34
34 10
8 29
0 0
34 1
31 20
6 0
3 20
12 12
35 2
22 10
17 14
32 22
7 32
2 19
22 4
10 27
1 7
8 24
20 5
4 24
1 16
30 13
22 30
8 6
28 17
25 20
4 11
22 12
33 10
2 16
20 15
21 18
11 8
28 9
21 0
5 12
24 5
15 23
1 16
12 5
1 0
10 35
17 32
21 23
34 0
19 15
21 33
26 19
34 25
11 3
21 34
5 31
17 23
7 21
32 28
12 4
0 34
23 16
22 12
27 1
20 29
35 23
1 21
6 18
0 24
30 4
34 7
24 7
3 13
1 5
6 15
18 32
7 35
26 11
28 30
33 20
4 13
11 1
13 5
23 0
9 19
7 2
32 31
7 5
25 26
8 6
32 5
19 6
10 0
34 13
17 19
27 27
17 11
0 21
17 16
12 22
4 33
24 20
5 29
32 2
3 25
16 10
34 6
1 31
4 4
9 34
27 14
23 35
0 21
13 28
31 31
11 15
0 16
7 11
14 15
2 15
16 19
3 23
15 0
11 28
8 0
33 31
11 25
32 10
16 11
13 3
2 16
14 18
27 12
20 3
1 16
34 16
1 21
1 16
24 24
0 34
15 8
25 20
32 30
6 8
31 7
29 8
29 23
17 9
11 35
17 8
13 4
5 8
15 25
22 32
33 15
8 13
19 29
10 35
33 30
7 13
2 18
21 29
29 8
7 22
31 35
1 30
19 13
14 8
0 11
5 28
12 0
9 11
8 34
22 0
10 33
28 30
24 9
23 17
22 25
22 22
6 25
33 28
34 33
1 15
5 8
10 14
8 15
11 18
16 11
14 31
12 7
1 35
22 32
32 19
19 10
18 1
6 11
9 18
14 9
15 26
34 3
27 14
20 23
30 8
35 10
7 3
9 32
19 29
19 22
1 10
30 8
14 34
1 34
25 20
15 14
32 14
26 6
0 33
13 28
16 15
18 34
32 2
24 12
34 34
24 32
31 18
16 25
35 29
30 3
27 0
5 33
8 8
20 15
34 14
14 16
23 33
9 16
8 15
12 30
18 30
0 31
6 20
21 20
23 27
7 27
2 28
26 11
20 17
7 6
24 29
9 16
4 32
2 33
31 23
24 31
9 2
13 8
27 13
0 15
12 3
24 4
6 9
26 16
13 29
8 10
4 10
4 3
4 31
19 24
26 10
22 9
19 15
5 18
4 24
32 17
28 30
1 23
34 12
24 19
18 9
16 6
26 24
8 29
8 13
35 24
10 34
33 29
34 22
26 4
21 20
22 1
29 22
22 29
3 7
32 18
8 18
20 30
24 21
31 26
27 17
25 12
18 9
33 30
24 32
13 6
2 6
7 0
23 29
9 12
12 27
15 2
10 6
20 14
14 17
32 7
1 23
1 29
33 31
3 23
14 16
34 32
22 27
14 4
34 27
23 26
26 18
28 27
3 34
4 23
28 12
11 13
33 10
20 19
10 34
5 32
27 33
23 27
34 16
13 3
17 35
11 17
12 20
11 19
19 32
7 7
1 19
20 25
30 16
8 1
6 34
9 0
0 23
13 19
6 19
14 12
12 7
9 13
11 25
29 25
7 28
11 17
12 0
19 33
5 22
6 29
25 12
11 24
16 25
29 14
19 30
18 0
24 6
18 29
19 35
12 4
10 25
16 12
15 4
6 22
29 16
27 2
11 3
0 15
22 7
33 14
22 5
15 31
2 18
4 35
9 31
21 26
13 4
16 26
23 30
35 16
16 27
9 9
3 12
11 19
22 8
13 31
2 30
35 3
28 25
19 16
17 19
11 23
14 22
20 8
31 24
3 4
26 12
12 15
25 3
27 4
20 1
0 23
13 7
24 20
33 10
16 19
0 32
9 28
5 28
8 25
31 31
12 24
24 34
21 19
19 32
26 32
24 24
19 1
7 25
2 0
18 11
34 5
12 29
27 33
33 22
27 27
15 22
24 21
15 21
30 26
23 28
29 2
11 1
4 8
23 25
7 13
20 31
31 5
2 18
27 23
17 12
10 13
3 22
16 5
11 20
30 29
24 35
9 16
26 1
18 4
5 5
7 25
16 5
31 26
35 14
23 27
21 30
6 33
11 15
34 16
34 33
28 6
31 4
26 30
31 15
5 9
32 33
23 34
14 28
7 28
3 34
22 33
32 5
11 23
18 3
34 18
19 19
17 0
22 14
8 29
17 18
15 25
10 34
1 15
2 32
25 7
33 20
16 0
33 35
18 1
33 0
9 11
3 13
20 9
14 4
30 19
11 13
31 18
15 34
28 22
4 11
3 9
10 26
15 20
29 12
33 29
16 18
9 24
18 25
2 24
31 6
28 8
8 12
32 3
25 18
10 8
8 19
26 1
35 32
23 22
11 17
21 14
13 27
27 20
14 17
4 4
8 33
31 25
26 17
6 11
10 9
12 1
2 13
13 23
10 21
6 1
12 1
8 5
34 35
24 21
30 13
28 22
8 29
5 22
23 9
5 19
28 10
17 18
11 34
4 30
30 1
29 20
2 20
20 11
9 3
15 25
16 8
9 30
23 31
24 34
21 20
15 34
17 12
10 20
10 22
24 12
35 25
6 26
30 23
15 21
16 8
34 2
21 26
2 7
8 34
10 16
27 35
0 8
31 1
33 28
0 32
26 16
0 0
32 18
21 35
3 3
18 24
8 22
3 17
28 25
1 4
14 24
7 13
31 27
21 25
20 6
25 17
11 32
34 12
21 19
10 8
27 15
29 29
33 31
16 17
8 14
20 7
25 29
20 26
9 29
12 3
18 31
9 5
13 24
11 18
31 19
11 8
0 35
10 6
30 12
24 27
10 10
0 16
27 10
0 29
21 14
22 8
19 10
14 5
17 8
10 20
19 2
21 1
1 8
24 15
19 29
34 3
32 16
7 32
2 23
28 27
13 8
24 24
31 32
0 27
22 8
4 8
14 13
19 15
13 17
13 27
29 4
13 4
13 15
21 33
27 31
2 29
3 22
18 34
16 24
1 20
7 20
22 7
16 20
2 23
27 28
19 17
16 6
6 12
1 32
3 18
20 8
12 21
1 14
2 0
20 5
11 19
15 11
28 25
18 1
9 28
5 12
25 25
12 29
19 0
7 11
20 27
30 31
21 30
14 1
11 21
22 2
17 20
26 27
16 23
6 25
15 31
0 3
7 30
4 9
22 20
24 15
30 27
19 21
7 35
23 9
34 22
11 8
15 6
2 26
1 15
19 28
27 14
4 10
13 21
11 14
9 33
1 18
22 31
29 26
5 1
19 15
17 7
35 0
28 21
13 8
31 27
2 34
27 24
28 1
5 5
11 19
5 14
3 12
27 16
22 2
7 21
5 2
33 28
18 28
10 17
6 15
21 24
11 4
17 28
6 19
29 0
21 27
33 4
24 17
9 5
33 5
24 9
19 5
7 20
20 1
31 2
22 15
13 22
18 16
8 29
1 17
21 6
6 21
3 34
23 25
13 10
33 6
4 6
4 11
2 5
19 14
33 27
8 12
10 26
23 33
10 4
7 8
35 18
31 30
34 8
30 34
20 29
1 22
34 2
33 6
24 25
7 35
21 30
24 20
1 19
33 17
32 11
12 33
32 1
23 27
32 12
4 5
30 20
35 6
9 29
33 8
10 32
24 28
13 25
32 17
19 20
27 24
7 22
31 35
11 18
25 13
15 26
26 0
5 29
31 27
25 23
3 17
11 34
33 2
11 18
3 5
12 24
14 21
30 14
27 12
9 11
10 21
35 21
33 25
27 21
30 20
15 15
10 8
21 30
18 21
17 0
0 33
5 2
25 27
11 11
19 4
10 11
10 22
34 7
21 19
10 23
24 17
9 34
12 1
19 1
12 29
27 31
13 31
20 28
18 11
12 19
15 25
20 16
5 20
5 27
33 30
8 21
11 8
10 27
15 27
3 18
29 21
19 17
6 21
10 27
1 15
18 27
33 16
32 0
21 11
5 4
35 5
29 13
7 19
9 28
28 31
13 4
29 22
1 0
33 10
12 8
8 2
32 8
15 21
0 31
10 5
8 27
23 7
9 0
12 2
7 13
26 6
29 15
25 18
33 29
3 23
11 20
2 32
29 31
31 20
34 0
28 7
9 14
33 32
14 13
18 12
33 13
20 10
3 19
16 24
32 25
0 3
26 18
4 25
35 7
2 16
29 9
6 34
25 10
4 17
35 18
8 24
24 25
11 9
35 13
20 30
10 16
5 31
6 20
5 32
32 28
0 11
22 15
23 4
4 1
10 26
7 12
1 35
4 27
25 32
30 3
17 34
24 18
2 18
29 32
28 5
23 26
15 30
17 5
24 33
1 20
12 18
9 10
4 18
1 3
22 7
16 17
27 3
34 6
12 9
2 30
19 4
28 21
3 15
6 21
8 30
13 11
2 4
2 28
8 22
33 16
19 14
9 21
13 15
12 16
13 27
17 31
33 35
18 31
17 17
23 1
18 26
35 27
4 19
8 3
9 22
32 6
21 18
22 5
2 1
10 19
31 16
5 3
33 12
29 0
0 32
2 10
4 20
26 35
12 27
27 26
34 15
24 17
22 13
24 25
5 31
22 34
27 25
6 5
11 13
0 16
35 16
26 2
25 10
9 21
26 12
10 29
22 10
21 8
3 11
0 35
17 27
1 7
13 7
5 28
3 1
7 6
11 12
0 0
29 3
6 7
32 27
32 35
32 19
26 32
6 29
13 18
35 14
32 13
22 15
24 0
6 29
2 5
1 27
32 25
18 21
3 31
18 25
18 34
30 27
29 28
15 9
23 34
9 25
26 25
4 18
32 33
9 31
30 33
23 20
4 5
29 5
24 6
31 34
10 26
18 11
30 4
32 13
23 23
9 33
3 33
5 33
3 34
0 27
10 15
25 3
24 13
10 27
35 25
12 19
16 20
0 9
30 3
9 9
9 4
26 26
28 25
3 16
31 25
16 30
6 26
35 25
1 17
22 18
29 11
0 28
11 3
12 11
27 29
16 30
17 15
28 23
19 14
2 17
32 25
34 7
0 17
32 10
24 22
14 14
14 34
24 6
14 33
1 13
18 28
18 22
35 20
4 11
8 1
18 26
29 16
18 31
27 9
11 6
22 26
26 20
13 6
7 31
28 4
31 0
8 2
13 10
22 1
31 18
17 18
6 30
9 14
4 32
8 7
19 22
15 25
1 24
12 0
21 4
16 4
16 35
25 26
3 28
22 25
5 34
11 18
8 5
8 21
15 16
18 19
16 16
4 0
11 10
7 19
21 31
27 24
2 5
26 26
13 28
33 7
5 18
0 8
4 0
27 9
31 12
2 19
4 13
11 30
14 4
21 1
34 2
1 2
33 21
26 7
23 28
35 24
8 21
26 33
27 23
30 19
9 34
24 6
10 24
7 27
15 22
30 24
17 16
34 23
13 28
9 7
8 27
34 21
25 27
28 10
7 33
18 21
2 16
34 33
32 10
23 23
26 35
27 1
21 10
0 29
5 11
22 13
2 6
19 21
27 28
5 26
15 16
5 28
23 8
33 20
0 30
2 7
5 19
24 10
20 32
22 3
9 25
29 15
34 25
1 19
31 2
2 33
9 5
8 23
34 20
4 25
27 32
17 7
15 22
24 30
8 30
17 34
2 12
13 10
19 16
24 18
1 24
34 25
16 25
11 24
5 0
0 28
23 17
1 11
11 34
5 13
6 11
33 13
25 25
9 21
1 27
19 32
15 26
30 5
6 26
17 8
4 14
6 21
28 13
20 1
14 2
32 12
32 35
31 11
19 19
15 30
32 16
22 2
33 32
21 11
19 14
17 26
14 2
27 14
28 18
17 16
31 14
0 27
1 29
22 21
34 19
11 6
25 20
18 20
4 32
34 33
22 21
20 27
7 1
2 0
22 10
3 5
14 1
25 11
33 12
34 25
24 23
9 29
11 23
33 33
31 34
25 7
8 8
25 32
32 20
10 27
1 33
31 3
19 29
8 35
7 34
18 17
34 9
2 14
34 4
0 3
7 35
22 19
5 34
32 8
21 0
34 29
0 21
13 14
23 2
24 5
29 22
3 30
5 8
9 25
7 3
20 3
31 20
35 25
33 22
11 10
18 30
2 8
14 33
30 13
10 28
22 20
31 15
25 14
5 33
20 12
4 13
10 0
17 24
24 32
30 20
3 11
28 16
9 2
30 4
28 12
8 10
0 17
20 27
1 33
22 16
34 24
25 12
15 17
3 34
11 17
30 23
35 23
28 17
7 17
19 30
6 26
23 32
30 18
34 5
24 12
35 4
35 33
25 2
9 16
35 20
14 32
17 31
21 16
6 14
22 4
16 22
0 26
23 21
1 19
19 8
34 32
2 33
8 8
9 17
32 24
25 0
19 35
22 28
28 10
26 4
32 3
21 25
21 32
17 29
32 10
5 13
33 29
25 16
27 0
11 32
19 17
30 34
35 26
27 14
6 34
14 30
30 25
3 16
31 4
33 25
10 32
25 3
30 20
29 8
7 26
22 3
34 10
1 19
8 14
17 28
12 18
27 14
29 1
17 7
5 15
19 24
31 23
24 5
31 30
6 16
0 16
10 17
20 12
28 4
22 26
6 11
4 5
16 25
26 27
13 12
3 35
20 2
8 33
19 31
11 16
19 6
28 11
32 16
34 31
28 0
5 17
11 21
8 29
21 30
23 13
1 20
25 5
1 15
11 31
19 7
28 34
30 34
17 23
32 15
23 21
3 25
23 24
26 4
7 0
28 11
17 21
33 3
23 28
31 28
32 23
35 19
11 10
26 32
32 18
15 33
35 9
18 31
22 25
19 22
35 4
10 21
22 25
21 14
34 33
6 34
15 30
22 21
12 26
9 7
22 14
19 10
27 27
27 33
34 1
18 19
11 19
18 8
27 19
27 20
9 26
0 7
9 25
7 28
15 26
34 22
19 25
25 26
12 29
18 32
10 22
31 32
13 20
32 4
19 20
1 35
30 33
25 5
22 9
0 20
21 1
8 1
25 24
12 2
14 15
23 28
16 13
7 22
2 28
0 5
7 22
5 8
24 30
14 19
5 31
29 9
12 19
26 21
21 18
4 7
15 25
24 31
31 31
34 3
10 13
27 26
23 20
24 32
31 27
22 21
22 18
0 31
33 1
29 4
0 5
14 7
18 18
5 18
9 17
25 0
18 3
2 17
18 0
34 19
7 1
11 33
0 4
34 29
15 0
5 15
21 13
24 7
14 17
14 30
28 14
12 35
8 15
25 4
21 26
0 31
11 7
14 0
22 32
17 10
14 31
32 22
35 7
16 32
35 2
26 6
17 4
6 4
7 9
23 10
4 4
18 16
29 0
34 14
9 20
12 24
9 4
1 31
31 9
5 23
22 11
32 17
13 18
9 0
22 3
12 22
14 11
6 30
9 32
1 6
8 5
19 15
27 33
34 25
6 31
31 28
16 0
11 16
0 19
2 22
10 4
24 10
5 9
28 8
9 22
6 5
34 5
33 32
35 25
12 25
22 13
18 7
27 17
15 21
7 2
4 26
35 30
19 32
34 17
14 34
25 32
13 24
34 31
12 16
25 16
16 14
27 28
3 28
16 32
15 22
3 35
16 0
30 10
31 23
20 34
31 9
20 21
17 30
14 9
25 30
10 16
14 15
9 24
34 19
0 35
35 4
9 20
21 19
30 21
21 1
18 30
21 16
28 34
9 2
21 7
13 7
20 26
21 32
15 22
17 18
11 8
8 9
34 20
23 12
29 11
3 4
0 21
2 30
6 16
33 26
0 31
12 28
25 15
28 18
21 9
17 1
18 26
33 24
11 2
34 14
2 1
21 33
32 11
4 33
22 30
12 25
30 20
8 15
28 18
16 11
29 34
5 27
16 8
25 26
34 33
28 14
32 0
28 1
33 23
11 1
2 35
31 32
4 1
7 29
35 17
26 5
27 35
21 29
0 25
28 28
30 19
34 22
0 30
33 5
21 11
2 5
10 1
12 16
4 15
4 7
30 29
12 34
32 28
17 32
29 17
24 10
2 35
4 26
13 9
18 7
32 32
20 7
5 32
28 30
29 32
14 21
33 33
11 6
15 1
4 17
12 19
22 19
19 15
7 16
3 18
11 26
3 20
31 28
7 23
12 15
24 24
12 21
11 4
29 19
14 24
28 14
31 25
11 6
2 26
32 27
27 13
34 18
32 1
1 27
16 6
5 9
35 2
7 22
13 34
0 16
6 7
28 26
16 3
35 6
13 18
3 18
0 6
25 12
2 32
7 19
35 20
28 24
18 29
30 16
21 22
22 11
16 1
29 34
28 22
6 13
12 6
0 30
33 11
12 1
2 10
4 34
25 31
9 9
1 14
19 8
7 27
9 20
18 11
17 35
18 4
28 9
28 27
31 8
26 16
9 31
25 22
23 0
2 34
26 15
9 22
24 31
26 23
34 24
28 27
32 18
15 6
3 0
28 27
8 14
7 0
31 25
35 1
33 31
32 7
29 19
23 32
11 3
19 22
34 16
6 12
29 15
29 10
0 25
31 6
11 20
18 18
13 32
27 8
18 24
0 20
32 33
5 17
6 0
6 33
35 18
35 22
0 1
13 17
15 0
30 15
18 33
1 8
15 16
20 19
28 14
21 4
0 31
13 13
25 19
11 30
21 10
33 7
29 25
33 20
17 9
14 3
35 7
11 7
9 9
9 27
25 0
30 6
28 18
24 22
32 19
9 32
33 32
25 2
3 14
7 2
6 19
5 11
4 10
30 2
7 26
2 28
31 23
20 27
23 21
29 18
19 33
18 0
22 31
12 26
12 1
2 30
7 14
19 2
7 11
2 28
25 6
9 8
21 10
22 6
0 9
8 29
17 30
0 0
8 6
8 29
35 34
33 14
12 5
33 33
6 6
33 3
33 7
9 18
26 28
10 12
12 19
31 6
14 4
10 12
16 22
30 34
35 32
26 23
19 30
22 14
7 33
0 24
14 10
6 12
4 19
23 28
5 7
19 35
13 31
0 7
30 29
7 8
1 23
9 8
30 6
22 2
13 1
34 14
1 26
27 25
19 31
3 24
11 18
33 25
23 21
26 7
5 27
17 2
31 23
30 27
15 10
33 23
22 23
29 30
27 34
28 1
15 16
1 4
15 28
23 6
13 17
0 21
26 32
16 31
5 33
9 9
18 24
33 24
19 21
8 1
18 21
11 34
18 29
24 23
14 33
21 23
5 28
21 23
4 11
3 33
8 7
25 16
28 15
22 2
11 17
11 24
29 3
27 31
32 14
17 25
20 15
2 28
31 16
23 6
31 17
35 34
22 16
14 6
3 6
28 7
10 22
6 30
21 30
7 0
26 15
1 35
25 3
8 7
14 31
32 7
16 35
30 32
18 12
27 22
17 23
16 19
6 17
29 20
0 29
26 6
3 13
13 7
35 21
20 28
6 6
30 14
25 28
29 23
14 4
8 0
16 8
9 29
11 24
15 21
14 7
16 15
5 5
33 22
4 16
26 11
7 32
0 10
6 1
35 14
6 25
11 23
6 9
25 1
16 4
10 10
30 26
28 23
4 20
1 27
6 0
9 26
33 15
7 22
22 12
13 16
16 21
2 22
19 1
14 16
0 6
23 33
35 14
3 1
14 34
0 23
0 7
10 2
24 22
4 9
24 25
21 16
8 16
15 18
28 22
12 6
30 2
0 31
33 13
23 18
2 11
1 17
23 35
10 6
19 10
12 28
3 8
8 31
4 3
34 2
11 29
26 6
35 3
21 31
2 31
4 18
19 8
4 34
19 16
23 9
31 23
11 5
25 23
18 13
22 8
35 9
17 34
32 30
19 30
16 19
8 10
30 7
1 9
13 0
23 6
29 30
28 13
11 22
29 18
35 11
34 22
25 5
18 21
11 3
11 0
21 0
4 25
11 16
17 19
14 8
5 16
33 14
3 15
5 16
33 20
1 33
11 16
22 23
29 31
11 6
26 9
29 13
30 10
23 6
19 35
35 16
15 10
5 21
21 5
23 35
1 22
6 6
19 27
17 21
20 13
3 18
20 34
7 33
34 29
16 21
12 21
25 34
1 14
13 27
35 8
33 28
15 14
19 35
26 0
0 27
35 17
2 8
12 21
34 3
18 11
20 6
4 0
8 12
30 19
2 4
30 18
34 31
0 29
10 22
1 17
27 5
27 18
18 31
5 34
7 32
30 24
6 1
4 12
5 10
32 6
4 9
15 8
35 2
4 3
2 25
6 34
34 29
9 34
34 31
24 6
32 9
25 25
7 2
35 26
27 11
14 29
30 17
21 24
22 28
18 31
33 11
13 24
0 15
25 25
1 7
32 30
28 26
30 8
30 13
1 4
7 22
16 7
12 16
28 7
13 34
15 23
0 27
18 7
11 20
35 10
30 12
5 11
10 3
29 33
0 25
4 19
2 24
20 28
9 34
30 23
28 19
30 11
21 3
34 1
2 22
9 10
9 19
27 33
25 5
21 26
31 2
32 10
16 12
10 34
21 11
27 20
3 18
14 16
3 26
7 16
31 28
35 22
12 13
14 18
18 22
6 34
23 25
22 19
21 9
11 3
1 35
3 13
16 11
12 19
28 6
35 9
18 29
2 22
29 7
16 19
29 22
7 7
0 0
20 21
14 29
19 0
27 27
22 12
0 27
7 0
34 6
7 6
8 6
20 31
6 17
35 19
33 0
9 28
10 27
15 13
22 29
27 32
15 22
20 34
21 24
6 6
12 28
33 10
26 25
7 34
24 1
19 1
22 32
4 8
11 32
24 5
19 9
13 23
18 22
5 5
12 21
33 35
21 2
7 10
17 34
33 2
34 31
0 33
17 31
23 26
16 18
33 20
27 21
18 35
3 32
34 28
19 20
35 13
0 33
2 35
10 3
35 9
15 25
4 22
9 17
23 5
12 6
18 13
25 22
1 31
3 7
35 32
19 33
25 21
7 32
31 29
18 0
33 35
10 20
10 11
28 13
24 17
29 28
16 25
6 9
17 5
32 28
20 0
11 4
11 31
29 2
23 6
34 1
17 23
30 29
25 22
29 28
6 18
23 28
10 18
23 29
3 24
24 31
23 21
0 31
21 4
33 6
28 32
16 1
19 7
32 20
16 14
10 25
27 19
34 8
5 20
23 14
27 27
10 34
22 7
28 2
19 14
11 0
28 21
27 3
7 25
29 25
20 29
14 28
33 34
1 11
20 7
5 12
26 26
28 13
15 28
24 17
29 8
22 12
26 3
15 8
32 34
14 34
14 24
12 2
8 11
8 3
5 10
33 10
24 17
34 31
1 13
8 30
25 27
15 34
5 8
29 20
32 28
0 35
31 5
12 1
29 22
11 27
4 1
22 12
32 35
24 21
18 10
23 33
16 17
23 11
0 16
28 2
28 26
28 31
22 11
3 17
31 5
18 0
24 4
12 22
14 13
1 31
27 9
31 0
6 23
32 8
22 28
21 1
16 12
33 21
30 29
15 24
35 2
7 14
8 22
4 22
19 15
6 16
23 17
8 27
7 0
12 21
8 28
30 32
34 26
20 2
24 33
14 34
30 32
3 18
35 3
12 0
29 2
24 14
6 32
34 6
14 3
19 33
13 12
15 5
26 17
13 8
26 23
33 15
31 13
8 28
25 13
0 35
1 1
16 20
4 23
29 24
31 26
23 30
22 29
10 3
26 34
35 22
8 35
10 5
35 15
25 6
15 1
15 3
34 15
26 10
3 19
25 19
31 2
3 22
21 16
11 28
18 2
26 27
33 16
35 3
5 17
5 6
20 3
27 14
9 3
4 23
8 27
34 34
2 4
0 20
25 34
0 13
12 33
0 1
10 7
32 15
12 12
7 18
3 15
12 5
7 32
19 32
28 31
25 0
28 12
18 20
29 32
29 22
27 33
7 28
29 15
14 23
35 33
21 28
31 1
25 29
34 16
22 2
29 1
30 30
6 27
11 1
31 26
4 9
8 30
31 10
2 16
18 29
14 12
11 9
21 19
16 1
6 5
1 22
23 30
30 27
1 3
13 28
21 31
2 26
5 26
1 10
25 2
13 8
24 30
0 22
3 34
28 25
32 0
20 19
0 2
0 34
16 2
10 10
1 15
17 26
9 35
15 19
10 7
24 4
17 30
25 34
30 18
15 6
24 23
29 11
24 29
33 30
16 6
14 27
6 29
13 3
2 12
32 18
22 31
33 5
12 28
18 30
2 0
31 35
8 6
2 26
22 15
24 7
24 22
19 25
35 17
20 28
3 19
28 12
4 16
35 2
13 22
32 6
35 29
30 19
2 18
29 27
6 15
22 22
27 13
21 2
20 8
19 30
31 4
22 33
2 17
18 20
13 29
34 24
24 8
7 0
22 6
26 22
23 28
8 1
33 14
21 8
15 26
24 34
20 23
18 23
0 5
2 10
8 9
17 3
25 20
27 29
3 19
18 17
21 30
2 15
27 0
3 9
11 7
17 21
23 17
5 2
30 22
13 32
27 22
4 27
8 10
17 2
33 22
32 21
10 11
17 4
12 0
29 15
6 26
4 8
4 31
9 35
31 4
2 30
29 4
35 29
25 33
31 35
34 21
31 1
6 29
21 1
11 9
33 21
3 26
13 32
15 10
4 11
20 6
12 18
8 30
28 15
3 34
25 17
31 33
21 6
8 1
4 5
2 10
12 23
10 5
25 5
14 9
0 19
2 3
33 13
8 33
14 27
34 35
32 31
24 30
2 18
22 27
15 10
20 23
31 20
22 25
21 12
33 30
9 10
27 9
35 25
24 2
24 23
28 29
28 14
31 18
30 2
25 28
30 7
10 32
0 16
12 27
1 33
26 19
33 30
23 29
18 16
18 32
27 20
26 35
35 33
33 32
17 18
14 0
4 32
27 14
1 7
35 30
33 19
29 34
25 1
27 14
33 18
1 33
16 13
25 3
7 14
22 10
6 25
13 24
30 28
0 9
17 15
6 25
3 28
2 17
30 11
27 29
35 14
5 2
25 7
11 23
7 13
15 18
24 29
8 13
29 16
17 20
5 15
0 34
32 11
7 23
4 15
30 22
18 24
14 32
25 7
17 26
27 9
12 31
8 2
31 16
5 0
21 4
24 31
24 25
32 21
0 8
20 31
0 32
20 25
6 10
0 34
24 34
25 5
34 28
13 0
34 23
28 15
11 0
34 22
17 19
22 33
24 29
27 7
21 23
31 4
26 1
0 33
16 32
10 29
12 28
1 6
3 10
28 4
25 6
0 34
27 32
4 30
31 17
4 0
4 25
17 5
8 7
21 23
9 27
3 20
18 20
10 34
11 10
35 23
24 20
7 14
4 3
9 9
2 30
4 22
21 18
22 25
17 17
8 13
22 22
13 22
28 4
0 23
5 10
31 22
0 18
33 8
30 32
18 10
2 19
1 32
9 19
21 29
1 12
0 11
26 18
11 4
2 6
32 18
3 25
6 20
27 21
14 1
18 20
25 31
33 28
14 4
3 12
14 13
22 19
23 18
15 29
4 19
14 2
14 26
32 31
15 31
11 3
27 32
16 8
24 0
35 21
28 28
25 32
29 32
11 17
7 29
32 26
24 14
3 0
33 28
2 22
29 4
31 11
33 15
0 30
14 5
12 14
0 10
10 1
16 21
9 15
22 11
8 31
15 12
1 7
14 29
2 21
21 2
20 7
6 8
1 13
29 12
5 15
28 26
28 34
8 19
25 15
4 31
13 10
22 14
3 15
1 3
24 24
11 6
25 14
1 33
2 9
12 34
8 14
34 6
8 30
12 1
3 35
18 14
28 25
0 11
5 34
13 35
8 6
15 34
6 18
5 3
29 8
5 5
31 23
29 6
34 13
18 25
13 26
7 12
29 25
33 1
13 16
7 7
23 23
8 31
14 34
26 7
17 33
26 18
19 30
25 31
4 21
3 17
13 6
31 20
33 19
17 35
16 12
15 35
22 9
17 31
2 2
28 17
14 26
22 28
31 4
8 27
26 28
12 27
13 0
5 19
32 8
27 13
29 4
31 35
0 29
34 12
3 28
2 20
18 35
32 2
19 25
0 20
35 26
23 16
1 0
30 20
32 12
35 9
21 5
25 19
8 21
11 4
22 31
22 1
18 17
6 2
29 32
6 2
15 33
10 4
20 34
27 7
11 23
28 24
27 13
13 23
4 28
22 5
11 16
0 34
14 34
3 13
30 21
11 33
1 13
20 12
19 3
9 7
18 34
27 12
6 5
14 15
28 3
31 6
32 29
11 19
0 27
15 31
26 33
32 8
35 33
22 13
8 7
17 26
22 10
11 9
27 24
24 33
0 19
7 34
11 25
8 33
6 22
1 10
33 23
15 3
35 7
14 17
32 12
6 3
20 8
33 2
4 13
30 15
6 27
7 26
31 33
30 4
22 17
3 14
33 30
10 12
19 35
0 6
26 1
32 21
8 31
26 19
2 9
31 20
28 0
13 9
11 33
9 29
7 2
1 25
0 6
25 28
13 3
32 31
21 11
1 7
30 15
22 9
29 26
18 27
23 18
24 11
32 8
31 15
17 6
26 4
27 35
17 14
7 19
3 1
33 1
29 35
9 33
20 14
27 26
29 18
17 25
33 30
9 19
5 19
3 18
25 22
2 13
21 31
13 18
8 2
28 30
28 22
35 14
8 33
9 17
5 6
5 15
24 19
7 26
6 27
9 26
21 35
22 30
1 2
28 31
23 10
28 2
10 24
24 34
0 8
31 29
10 25
15 29
19 22
1 17
29 10
26 7
6 3
31 32
24 20
2 14
3 13
30 30
7 35
18 33
6 22
33 4
30 28
28 2
32 30
10 30
32 9
33 6
0 3
16 31
9 5
29 22
34 0
7 22
21 30
19 12
13 16
1 32
14 13
8 14
11 19
30 31
1 30
17 33
17 24
22 2
22 34
30 26
1 27
16 33
8 13
5 13
11 10
19 14
12 19
30 21
5 34
14 16
10 31
15 35
4 27
1 29
29 5
12 20
18 34
25 13
16 27
33 31
19 11
15 12
12 20
21 2
31 21
23 25
18 20
6 10
12 33
34 4
15 27
10 8
21 30
21 35
31 23
32 17
20 3
13 23
31 25
18 13
28 8
28 0
29 24
31 5
4 4
5 17
13 32
11 4
24 24
1 5
35 20
18 19
28 3
9 13
31 4
2 3
13 11
21 18
10 10
2 7
22 6
8 35
29 11
21 26
24 18
9 13
3 18
10 9
20 27
33 20
21 1
18 19
17 2
27 8
35 25
4 6
23 33
7 21
25 20
6 34
21 0
15 35
11 23
28 30
9 26
17 30
9 9
10 17
18 21
16 16
7 28
4 22
6 33
17 22
3 21
17 1
15 11
17 30
30 17
30 30
27 8
0 28
15 15
27 5
34 34
21 32
14 25
34 28
17 34
34 28
30 18
12 1
14 4
20 19
20 16
6 27
25 1
3 4
12 20
17 19
20 32
13 25
30 18
29 8
12 9
1 9
24 15
31 11
15 5
22 23
35 6
4 12
34 19
10 28
32 29
33 22
29 26
25 20
24 9
16 32
24 30
12 29
3 33
5 27
5 30
17 8
3 10
17 24
4 6
4 25
19 10
24 32
21 9
29 35
27 15
4 3
16 16
27 8
17 6
22 27
17 2
2 19
11 1
11 29
1 4
14 19
12 35
2 30
7 10
24 8
29 3
32 4
32 30
0 1
32 21
6 27
8 29
24 1
31 14
28 23
4 9
8 1
14 11
20 6
6 0
18 33
2 32
27 17
19 26
12 20
10 18
8 14
18 13
27 27
31 28
1 6
16 12
19 23
23 2
21 28
27 31
0 15
11 14
11 13
28 8
29 19
22 33
7 13
7 7
21 29
21 34
14 2
7 23
27 1
30 35
1 33
16 32
20 35
25 28
5 19
4 26
27 8
2 7
5 28
18 10
2 22
23 28
19 30
19 16
22 27
12 9
13 0
3 20
26 18
17 23
33 35
5 8
9 32
32 21
18 27
14 9
24 19
21 6
35 27
23 0
23 7
13 14
12 4
21 7
15 20
16 21
19 7
7 2
8 15
22 0
22 24
34 1
16 15
17 32
28 1
28 17
9 3
2 27
1 30
22 5
35 35
1 4
32 31
33 10
3 1
9 27
11 3
0 4
30 15
6 25
0 29
6 14
14 32
28 2
19 34
26 3
1 26
27 11
24 4
34 25
27 25
14 30
23 0
34 2
6 18
2 8
11 16
4 7
21 10
18 1
1 2
7 9
26 20
34 35
23 16
2 32
34 21
9 29
5 13
23 9
5 25
10 26
11 20
16 17
20 33
33 6
11 31
23 6
31 27
15 6
21 33
30 8
30 26
10 24
13 2
10 3
2 16
7 2
9 12
6 19
24 7
1 2
16 8
35 35
28 4
2 16
10 20
3 0
35 1
21 3
8 30
34 4
29 23
27 33
5 27
2 23
25 10
29 33
30 1
19 31
28 2
35 31
5 17
9 1
0 3
34 14
9 34
4 2
8 27
24 3
2 4
29 10
30 4
35 26
1 2
15 32
24 32
8 5
1 20
32 17
4 35
5 0
29 7
26 35
34 8
11 8
31 34
3 11
15 23
8 3
13 6
11 35
8 14
2 0
20 21
6 34
22 13
9 6
26 8
10 9
22 5
1 11
22 8
31 30
21 14
33 22
8 16
13 21
35 35
20 18
0 21
2 34
9 19
8 16
34 10
34 25
16 13
7 0
16 33
5 27
1 6
34 15
10 23
34 34
35 13
18 6
32 29
15 2
31 9
31 17
3 18
26 24
20 10
2 23
28 11
15 21
20 10
20 26
1 9
7 32
34 25
30 21
12 24
5 3
20 3
17 8
4 30
8 31
31 16
25 5
10 28
35 16
0 15
19 3
21 20
26 14
29 28
21 9
13 13
9 17
23 29
23 30
23 31
8 14
16 9
21 27
26 23
22 26
3 31
14 7
10 29
9 23
17 22
7 18
20 21
7 35
8 27
12 20
18 21
20 29
35 32
13 20
21 8
19 29
2 35
24 26
30 5
22 3
4 22
22 28
1 4
34 32
34 31
18 30
27 12
9 26
28 22
14 13
27 33
3 19
21 15
24 13
26 35
1 10
21 29
31 17
24 6
5 18
26 25
4 30
32 33
29 23
5 26
28 11
33 15
21 33
14 0
22 33
28 23
7 11
0 12
2 10
33 0
26 4
17 9
28 14
3 4
6 18
17 3
14 2
0 8
10 0
34 31
1 28
18 30
17 35
27 9
20 16
1 31
8 27
34 6
14 8
0 24
22 33
6 4
16 30
34 0
26 8
30 10
13 28
1 25
29 19
30 1
34 21
25 20
23 5
19 35
26 3
11 18
0 5
14 27
31 30
21 15
1 27
18 3
14 31
12 27
7 19
9 33
25 16
0 6
19 30
3 9
34 35
20 5
19 18
35 14
22 25
15 25
15 22
4 9
6 33
22 25
23 17
18 33
9 1
12 8
26 12
14 23
21 9
30 17
13 19
32 21
26 0
5 9
0 17
6 23
32 16
20 21
33 31
11 11
20 16
24 23
14 4
31 3
26 19
28 20
18 10
30 4
5 14
14 26
14 22
21 29
8 4
28 17
24 29
25 1
2 1
7 32
29 33
9 26
7 35
7 8
24 6
28 11
15 26
32 1
4 15
18 23
13 34
23 6
8 23
1 22
1 28
5 14
8 3
4 35
5 21
1 17
33 13
16 23
9 29
9 17
17 23
27 27
20 4
7 3
18 27
30 25
21 30
35 3
5 17
23 32
21 14
22 33
10 26
14 19
28 28
2 18
33 13
6 5
7 7
35 23
12 14
4 16
25 35
8 35
8 17
0 21
22 29
13 19
32 23
21 14
10 14
23 35
27 17
1 3
2 4
32 23
28 24
17 32
31 11
22 14
29 26
15 35
21 5
9 18
4 10
18 31
24 13
31 18
9 19
4 12
14 35
0 9
23 1
4 17
35 4
32 27
3 0
3 23
4 2
31 21
24 0
5 4
17 24
32 17
35 15
28 11
29 35
9 24
29 5
3 28
24 13
12 27
34 24
4 24
34 29
21 11
35 20
17 30
13 10
16 28
31 19
25 4
29 11
2 31
27 18
31 9
35 8
28 26
16 23
5 33
35 34
28 32
34 27
5 2
15 10
21 7
2 17
17 24
9 11
11 15
8 34
26 4
12 27
16 2
31 0
15 1
29 32
10 11
24 1
15 8
16 23
22 14
14 19
13 10
26 13
4 5
30 3
27 25
26 10
26 16
35 12
6 20
21 31
21 17
30 10
5 5
18 17
3 20
20 22
31 22
26 10
16 26
4 8
6 31
5 17
12 20
5 31
1 22
15 33
25 5
16 34
21 5
0 20
32 35
25 3
31 26
18 26
17 26
26 33
30 18
1 23
2 3
0 10
5 11
13 2
16 22
10 25
0 12
22 35
20 24
35 19
18 34
14 10
19 5
12 15
25 31
6 28
32 27
16 32
8 26
15 1
6 13
20 23
5 15
32 24
14 15
35 31
17 0
31 12
25 2
4 7
34 10
2 9
25 33
14 26
19 23
29 7
27 9
20 20
18 30
30 30
0 31
1 22
2 27
10 16
4 8
32 16
16 9
7 10
13 24
34 26
6 5
28 17
9 32
34 17
4 20
34 8
11 34
28 16
34 14
0 11
12 13
16 27
35 13
20 0
29 20
13 9
23 16
4 21
9 10
31 3
28 25
32 22
16 11
21 10
12 6
16 17
18 22
9 29
1 6
1 34
17 31
26 20
16 30
21 33
18 9
28 22
15 23
18 8
6 21
2 20
25 33
28 16
5 1
15 20
9 19
35 30
30 12
26 19
25 28
32 6
9 5
29 2
12 33
15 9
12 19
1 9
35 6
26 34
32 1
27 17
21 13
0 18
17 14
22 2
21 15
23 5
16 8
14 4
24 1
21 12
19 9
14 15
32 11
30 9
27 30
25 18
26 17
16 10
21 15
23 6
18 27
25 5
16 0
11 15
19 0
13 4
32 28
11 8
23 31
17 31
24 23
18 12
34 32
11 9
24 3
15 16
21 1
20 2
17 24
25 10
14 14
8 9
25 12
29 5
27 1
22 18
27 13
29 13
29 14
19 23
21 27
28 0
32 8
34 15
7 17
25 10
29 15
24 24
14 21
17 9
17 33
32 6
16 1
8 7
27 30
20 34
25 29
34 14
18 23
21 27
22 23
2 22
1 28
24 24
4 14
7 33
1 16
11 20
31 8
27 23
16 17
1 30
21 0
5 16
34 12
8 18
35 17
11 14
32 35
12 31
15 20
27 29
31 33
8 13
32 31
21 13
33 12
4 27
17 0
4 26
30 22
14 27
29 17
17 23
9 28
13 26
28 23
13 22
33 10
5 26
13 4
33 14
33 25
26 10
16 22
20 0
33 11
25 5
2 7
21 15
25 15
23 20
18 13
25 17
18 10
28 10
28 2
23 7
28 15
13 5
24 17
23 3
13 22
30 16
10 33
8 24
27 29
10 5
11 5
34 30
30 13
32 9
3 1
3 26
34 33
2 8
31 20
1 29
5 30
17 10
31 7
27 8
14 10
6 33
2 20
29 31
2 31
29 21
17 28
24 31
18 32
34 28
28 23
2 13
11 0
34 7
31 15
1 5
14 8
12 23
30 14
9 4
28 15
12 4
25 19
2 25
10 11
9 34
32 31
34 5
8 12
28 9
31 33
2 30
12 0
35 33
21 35
8 26
1 24
32 14
13 0
24 35
28 14
28 34
34 4
17 14
20 33
16 17
21 6
5 17
19 16
24 26
33 21
0 6
5 27
16 18
23 25
2 25
21 1
24 31
19 30
20 6
8 30
28 31
20 6
5 32
11 26
21 35
24 16
34 26
14 17
10 1
15 24
32 11
13 34
26 5
32 31
23 25
26 7
35 12
11 27
17 29
15 16
3 28
2 7
17 27
16 11
26 23
11 35
7 34
20 4
18 15
18 9
13 30
3 18
2 15
10 35
0 22
32 0
22 5
18 14
34 7
31 19
14 11
10 30
32 9
28 32
32 25
13 9
17 21
14 19
12 8
28 18
22 23
31 18
0 1
8 11
6 27
8 25
25 18
32 26
24 23
10 20
19 32
14 21
31 0
35 24
32 7
26 15
5 35
28 5
19 4
35 3
8 12
14 20
34 9
19 8
1 30
9 16
35 24
16 25
17 26
5 7
24 23
16 25
7 35
7 27
7 17
29 0
3 20
0 4
28 4
12 8
32 11
10 12
5 12
11 6
19 1
0 2
9 7
26 24
32 33
31 20
5 31
32 29
10 33
5 8
32 13
1 20
3 0
16 8
10 5
31 8
11 32
4 10
16 31
0 34
14 7
20 3
30 4
3 9
23 34
3 4
30 15
14 35
9 26
12 4
11 11
22 8
10 31
32 23
34 19
19 27
11 23
32 10
17 15
26 9
12 33
32 34
34 24
0 21
17 19
33 27
9 19
22 35
28 20
18 1
17 9
22 27
28 34
22 23
35 8
15 21
5 25
21 23
28 7
2 34
23 20
28 17
28 34
35 5
24 21
31 0
17 3
29 14
7 18
4 24
25 22
23 3
6 21
28 9
32 24
17 4
19 9
0 13
33 33
16 27
17 9
16 12
8 7
9 3
14 10
26 17
22 4
29 14
9 14
31 26
0 34
24 13
4 32
4 9
4 26
0 14
9 5
1 23
9 12
1 28
18 19
11 23
19 12
17 24
13 6
11 24
6 30
30 24
5 29
13 6
10 34
17 24
0 16
3 29
18 6
3 33
18 20
25 14
33 2
16 32
31 26
34 19
13 11
1 19
21 11
31 5
23 31
12 12
27 12
29 28
26 15
17 24
4 31
3 5
32 28
1 10
14 17
11 13
5 19
13 5
16 13
17 3
26 35
2 4
33 7
21 32
24 19
25 18
5 25
17 21
21 34
3 21
32 1
8 21
15 7
19 23
35 17
4 34
26 34
8 19
19 18
14 21
19 2
14 15
31 20
29 30
32 13
6 7
11 30
34 26
11 26
1 4
29 34
20 30
28 35
35 30
18 1
34 31
0 19
17 4
3 0
20 23
21 1
2 24
23 2
19 34
21 22
17 32
12 20
19 29
9 10
0 21
7 23
28 3
9 23
3 35
29 34
23 17
27 6
6 19
8 3
2 6
25 9
16 20
15 19
3 33
12 11
16 32
7 2
30 31
17 23
34 33
19 5
7 1
25 17
11 11
20 2
18 13
28 14
30 16
23 11
3 19
32 21
28 26
26 17
26 12
2 15
13 7
15 16
22 23
17 34
26 10
20 1
20 18
30 4
14 33
1 32
13 4
12 35
11 31
9 8
21 14
30 12
30 17
2 30
0 34
8 30
9 21
4 31
0 28
19 10
30 1
20 24
0 9
32 24
24 8
25 22
29 23
24 1
21 20
26 35
12 13
30 3
5 25
25 29
17 21
34 25
17 4
26 31
19 28
15 32
13 34
29 25
15 9
7 34
6 23
30 10
20 8
30 4
30 11
0 32
34 6
17 25
11 26
12 12
31 0
25 16
14 24
19 35
4 24
11 7
4 3
34 31
28 16
19 34
27 4
4 12
30 24
6 9
19 13
4 7
17 15
9 27
13 29
9 35
7 35
25 2
18 27
26 34
25 24
18 26
26 25
35 16
8 34
35 1
27 19
15 9
10 1
20 35
1 12
1 18
8 17
32 28
8 6
33 32
27 32
4 14
24 9
0 11
6 17
12 3
20 9
13 33
15 10
9 1
27 33
33 5
17 17
20 0
26 6
7 18
8 29
8 1
1 27
8 8
11 31
19 25
35 18
22 17
23 8
9 14
5 28
25 19
14 23
6 7
31 5
13 28
1 3
16 30
13 14
32 8
34 8
0 4
7 31
27 6
26 28
34 18
7 18
28 29
11 12
26 22
2 18
14 8
14 20
25 21
32 1
29 3
18 14
23 21
24 33
24 2
24 22
3 21
20 10
35 18
33 22
21 33
30 10
18 35
13 20
11 35
2 26
34 14
5 27
8 35
0 21
16 8
32 10
22 2
2 4
1 23
1 17
23 29
27 27
30 21
26 22
25 7
20 9
34 31
15 28
14 13
5 29
3 7
29 32
30 7
27 0
17 17
2 34
32 10
23 6
3 25
19 23
24 22
22 21
26 13
34 16
17 1
29 11
28 30
14 8
20 15
32 34
27 18
21 20
5 32
3 12
0 26
0 5
21 17
5 15
35 25
13 28
14 8
25 8
7 33
3 9
8 18
19 10
31 35
28 11
2 33
32 18
3 20
14 21
23 3
27 2
19 26
7 9
35 34
11 21
21 31
6 9
2 31
24 33
9 4
19 3
11 13
34 9
0 16
25 0
35 32
33 22
25 21
34 23
21 8
32 33
23 24
11 10
8 1
26 23
25 35
5 28
35 0
24 30
20 34
10 1
5 20
29 17
1 4
31 34
33 3
30 30
29 12
10 12
28 24
17 11
15 25
29 22
18 2
14 17
30 30
21 2
1 4
0 34
19 34
26 19
4 25
13 23
17 0
25 14
3 18
9 6
9 13
5 22
24 9
24 27
19 5
35 18
18 5
35 12
30 8
16 8
29 24
9 34
26 24
25 32
3 17
7 16
3 14
7 9
26 14
25 10
5 9
7 8
7 27
2 33
18 28
1 27
27 8
20 28
20 0
5 23
10 28
35 13
31 1
7 7
28 31
31 20
32 0
32 18
24 31
28 25
25 29
35 7
28 24
32 17
18 33
32 7
27 25
34 25
15 3
29 17
6 17
6 21
25 16
19 17
6 22
23 2
10 24
15 1
12 30
4 34
31 26
7 2
23 6
10 5
25 29
1 11
10 35
22 35
23 3
24 16
9 30
1 12
6 10
8 1
24 3
21 27
28 30
2 8
21 18
22 0
20 17
32 30
7 25
15 23
9 25
3 14
3 27
28 9
6 14
12 4
0 17
10 33
0 8
24 1
26 22
32 20
0 9
12 35
19 27
20 11
8 32
31 0
10 35
20 31
17 18
15 9
23 20
23 14
34 23
0 27
33 15
8 27
4 13
28 29
28 17
12 0
31 13
9 20
32 18
20 15
28 14
5 19
20 14
5 20
23 2
30 25
28 8
32 10
5 13
3 11
22 3
19 13
18 13
7 9
8 4
10 32
22 5
20 32
13 8
33 11
24 9
34 1
25 19
25 1
23 16
21 13
12 13
18 19
24 28
24 17
32 8
7 10
5 18
26 23
21 12
29 8
