8
15009 21979
15010 23864
15007 5225
15003 4757
15009 16970
15007 15279
15003 4170
15007 27635
864
14373 15544
14972 14279
14674 14827
14729 14520
15657 15248
14953 14950
14346 14312
14476 14874
14476 15320
15384 15757
15017 15028
14567 14633
15610 14904
14751 15493
14357 14490
15321 14795
14676 15130
15724 14887
14985 15572
14578 14430
14729 14694
14451 15584
15555 15400
14771 15365
14799 15783
15021 14540
14835 14304
15532 15238
14786 15236
15334 14366
14638 14803
14414 14994
15332 14533
15072 14977
14407 14295
15000 14905
14539 15405
15682 14206
15374 14205
14532 14904
15599 15278
15005 15428
14565 14394
15397 14999
14253 14560
15662 14692
15201 14776
15355 14434
14327 15007
15180 14555
14380 15568
15145 14687
15154 15404
14413 14911
14560 14347
14424 15659
14730 14792
15002 15537
14704 15126
14579 14291
15176 14556
14902 14721
15362 14584
15354 15166
14216 14435
14204 15263
15790 15460
15333 15284
15702 15406
14306 14366
15267 15466
15401 14843
14377 15607
14333 14317
14942 14771
15501 15767
14850 15276
15171 14857
15590 15043
15143 15053
15716 15018
15343 15176
14403 14639
15648 14685
15387 15160
15297 14794
14770 14568
15618 14320
14591 14331
14721 15132
14734 15231
14835 15728
14562 14365
15414 14714
15337 14431
15444 14482
15781 14305
15397 15517
15720 15616
14691 14882
14379 15489
14371 14409
14902 14274
14292 14655
14489 15087
15383 15210
14475 14801
14915 15173
14508 14400
14709 14460
14883 15222
14818 15299
15786 14282
14506 15445
14991 15585
15374 14245
14761 15570
14967 14274
14260 14679
15263 15322
15084 14475
15106 15218
14760 15315
15309 15031
15157 14281
14251 15788
15747 14881
14976 14834
15227 14631
15373 15746
15478 15145
14579 15386
15799 14796
14369 15545
14358 15367
15224 14424
14267 15014
14987 15638
14425 15272
14844 15242
15479 14859
14248 14620
15175 14665
15672 14410
14394 15703
15622 14629
14731 15336
15654 15202
15255 14265
15464 15444
15008 15352
14444 15035
14912 15473
15498 15043
15581 14846
14208 14254
14235 14428
14602 14973
15143 14563
14730 15360
15193 14496
14554 14676
15324 14965
15695 15381
15334 14961
14434 14535
14388 15037
14607 15559
15011 15223
15143 15026
14425 14249
14989 14808
14838 15188
15443 15230
15598 15415
14245 14616
15004 15549
14626 15237
15579 15616
14306 15197
15439 14364
15571 15490
14392 15691
15538 14534
15711 14576
15585 14541
14895 15547
14805 14295
14349 15004
14208 14471
14384 15573
15220 15467
15377 14638
14967 15125
15318 14572
14629 14696
14941 15545
15152 14963
15119 14502
14777 14226
15445 14747
15674 14281
15086 15701
15396 14911
14962 14783
15123 15369
15266 14414
14910 15042
14482 15365
14819 15800
14280 15499
14441 15251
14734 15666
14789 15199
14968 15169
15046 14789
15119 15270
14928 15596
14255 15254
14681 15529
14827 14886
14407 15692
14609 15358
15758 14612
15637 15156
14876 14429
15585 14951
14948 14985
15620 14427
14993 14536
15148 14664
15351 14764
14752 14397
15517 14566
14944 14524
15204 15180
15218 14479
14974 14640
14628 15021
14763 14608
15497 14303
15617 15384
15190 15218
15130 15176
14955 14369
14654 14722
15480 14852
14553 15071
15332 14461
15522 15177
14316 15163
15608 15000
15498 15264
14809 14736
15468 15236
15543 15433
14620 14505
15429 14742
15735 15156
15496 14893
15074 14699
15414 14263
14473 14769
15070 14871
14328 15117
15073 14377
15597 15430
15504 15010
15705 15028
14559 14833
14882 14787
15755 14381
15036 15253
15083 14944
14477 14207
14893 14450
14262 15490
14253 14712
15215 14810
14606 15109
14435 15207
15717 14356
15046 14745
15153 15205
14941 14436
14338 14244
14970 15534
14519 15783
14998 14425
14580 15115
15042 14762
14286 14536
14344 15308
14442 14304
15339 15720
14927 15128
15063 14777
15633 14590
14983 15556
14534 15529
15052 15063
14829 15207
14666 14474
15231 14438
14424 14911
15741 15502
15187 15161
14282 14733
15035 14912
15731 15644
14509 14324
14972 14428
14657 15148
14242 14439
15193 15545
15218 14398
15731 15069
14773 14990
15542 14782
15026 14534
15597 15797
15364 14828
14603 14728
15224 14574
15087 15622
15502 14890
14778 15090
14458 14873
14486 14249
15667 15684
15587 14664
14548 14977
15106 14696
14406 15475
14691 15056
14830 14522
15689 14226
14707 15654
15217 15192
15621 15032
15162 14360
14561 15298
15144 15136
15453 14708
14281 15753
15316 14621
15346 15721
15391 14217
15277 14410
14467 14882
15737 15325
14895 15647
15337 14215
15734 14877
14570 15126
15548 15051
14941 15046
14431 15702
15515 14925
15112 15354
15332 14588
15177 14260
14613 14485
14357 15276
14546 15488
15174 14803
15745 15758
14511 15113
14389 15459
15601 15035
14767 14701
14485 14997
15090 14810
14390 15172
14808 15432
15010 15156
14604 14306
15147 14212
14265 15594
15716 15775
15205 14634
14784 14760
15371 15099
15287 14771
14695 15577
15183 15313
15366 14261
14993 14622
15742 14467
14774 14421
15728 14365
15085 15262
14855 15667
15172 14662
15320 14587
15093 14951
14735 15155
15303 15632
14295 14868
15783 14840
14511 15508
15576 15032
14305 15157
14405 15744
14937 15237
15174 15365
15433 15229
15462 14341
15260 14475
15024 15518
15205 14222
15102 15459
14285 15777
14560 14960
14399 15610
14953 14842
15555 14376
14708 15294
14756 15579
15617 15548
15095 14947
14826 14974
15793 14918
14438 15332
14418 14414
15102 14691
14437 15272
15388 14327
14698 15319
15033 14255
15710 14484
14417 14542
15619 14638
14896 14290
15644 14499
15405 14841
14381 15360
14281 15063
15023 15544
14663 15791
15219 14723
14338 15623
15610 15660
14642 15075
14800 14266
15196 14651
15657 14276
15729 15373
14842 15797
15435 14853
14772 14775
14801 14983
14997 14696
14847 15228
14341 15000
15062 15795
14655 15366
14398 14278
14998 15760
14718 14971
15738 15799
14898 14724
14515 14571
15600 14819
15527 14555
15653 14828
14881 15529
15458 15129
14513 14510
15730 14839
15403 15758
14657 15101
15758 15675
14500 15328
14787 15448
15746 15462
15726 14829
14990 14845
15505 14251
14529 15463
14257 14257
14305 14868
15538 15229
15067 15261
15163 15487
14899 15404
15203 15106
15381 14231
15667 15775
14239 14319
14868 14380
15075 14636
14916 15563
14800 15043
14769 14941
15523 14680
14374 14589
15667 15087
15564 14612
15590 14823
14517 14822
14890 15109
14648 15729
14956 15604
15345 14235
14338 14333
15287 14723
15145 15029
15486 15359
15567 15341
15484 15451
15220 15433
14254 14961
14505 14390
15747 14696
15195 14964
14706 14496
15276 15563
14910 15545
15792 15086
15616 14413
14550 15027
14579 15319
14937 14788
14317 14834
15328 15652
14972 15704
14484 14501
15273 15454
14966 15497
14384 14638
14325 15115
14724 14480
14354 15625
15643 15071
15314 14658
15441 15204
14945 14399
15735 15160
15049 15121
14557 14864
15647 14591
15480 15153
15719 15447
14657 14519
14303 14798
15090 15594
14673 15513
15118 15737
15675 15027
15056 14799
15633 15076
15737 15263
14325 14319
15758 14200
15388 15099
15064 15159
14367 14512
15162 15601
15034 14247
14554 15162
14413 15736
14984 15195
14994 15701
14773 15183
14360 14946
15347 15412
14970 14425
15763 14352
14617 15069
15453 14780
15792 15471
15522 14240
15610 15566
15509 15370
15424 14741
14313 14929
15379 15753
15019 14272
15119 15613
14444 15450
14649 14577
15500 15316
14270 14697
15359 15427
14396 14457
14453 15710
14978 15620
14758 14937
15639 14481
14460 15131
14741 15381
14228 14551
14353 14921
14823 15091
14713 15672
14661 15492
14550 15132
15644 14309
15339 15429
14509 14753
15397 15467
14968 14818
14402 14464
15624 14858
15279 14774
15755 15070
15262 15613
15607 15137
14867 14997
15790 14948
15658 14293
15043 14919
15487 14245
14486 15706
14251 14689
14256 15338
14248 15758
15447 15138
15652 14202
15472 15541
15086 15162
15747 14333
15493 15128
15516 14809
14481 15490
15457 15775
15523 15119
15544 15324
14482 14594
15404 14934
15043 14792
14937 15430
15212 15724
15049 15414
15148 14817
14519 14314
14571 14555
15680 14890
14903 14647
15307 14466
15543 14285
14328 15193
15696 15187
14406 15239
14489 15248
15680 15741
15496 14403
15120 14687
14244 14509
15798 15681
14397 14797
14629 14257
14384 15794
15478 15743
14212 15676
15797 15597
15545 15216
15246 15739
15412 15551
15538 15304
15727 15536
15555 15742
15559 14711
14490 15616
14530 14208
14973 14987
15689 14794
14454 15031
15228 15178
14503 14639
14701 15219
14405 15317
14750 15707
14965 15175
14289 15372
15403 14526
14674 14870
15166 14286
15577 14767
15705 15792
15797 14405
15164 15379
15317 15127
15039 15078
15602 14749
15222 15048
15082 15397
15386 15643
15532 15756
14557 14507
14241 14982
14734 15310
15225 14644
15397 14891
15578 15270
14286 15090
14850 14796
14736 14777
15665 14405
15200 15645
14999 14594
14319 14310
14995 14402
15659 15342
14446 14789
15003 14214
14542 15652
14670 14892
15019 14339
15793 15129
14645 14429
15137 15779
14786 14794
15559 14445
14960 14646
14801 14630
15600 14730
15309 14823
15644 15006
14971 15064
15664 15198
14404 14541
15264 15133
15689 15381
14697 14458
14362 14825
15518 15299
14253 15622
15362 14584
15411 14672
15125 15103
14422 14785
14955 15626
15050 14600
15224 14571
14415 14577
15276 14320
14348 15430
15422 15450
15071 15549
14405 15051
15235 14694
14473 14284
14902 15606
15073 14823
15013 15154
15401 14221
15388 14518
14881 15316
15120 15582
15246 14257
14503 15766
14381 15224
14670 15785
15085 14865
14304 14888
14738 15027
14562 14338
14706 15315
14557 14578
15054 15642
15210 15469
15640 14226
15279 15071
14963 14525
15469 14901
14217 15121
15115 15800
15062 15792
15643 14244
15037 14737
14522 14942
14227 15716
15422 14522
15681 14235
14273 15377
15285 15144
15514 15131
15350 15370
15522 15191
15251 15314
15296 14345
15706 14307
15601 14364
14795 14536
14586 14609
14914 15281
15040 14440
14704 14806
15480 14875
15446 14367
14420 15071
15762 14365
15127 15780
14567 15156
14685 14451
14533 14399
14936 15415
14490 14368
15073 14956
15048 15134
15483 14821
14623 14848
14398 14268
14530 14455
15576 15242
15021 15196
14772 14955
14819 14372
14997 14704
14624 14564
14597 15556
15483 15228
15592 15442
14936 15311
14430 15088
15018 14572
14913 14675
15405 15590
14780 15272
15540 14294
15359 15492
14454 15168
15181 14883
14286 14665
14588 15710
15143 15792
15106 14896
15456 15776
14810 14423
14810 14991
15388 14901
15080 14818
15685 14691
15245 15105
14208 15461
15682 14454
15517 15107
14581 15063
14569 15026
15663 15276
15055 14908
15144 15409
15560 15748
14527 14281
15039 14734
14285 15051
15026 14330
15390 14677
15292 15079
15604 15309
15438 14758
14993 14752
14482 15308
15169 14516
15260 15204
15505 15661
14878 14702
14410 14952
15378 15371
15334 15695
15492 14374
15667 15473
