3318 27447094 3742622
27447094 372337 15546908 3742622
16007440 3742622 4057588 0
16611159 3742622 27447094 2730990
0 856397 23381006 0
7104116 0 0 2065114
8491624 0 17181785 3742622
0 3399388 18212363 0
0 560015 13343244 3742622
23233886 3742622 0 2626462
2332085 0 4580921 3742622
27006564 0 15049978 3742622
23037180 0 0 1744532
16484162 3742622 18352971 0
1485434 3742622 19770359 0
16695853 3742622 0 267915
0 2770991 27447094 2241284
0 526580 14428139 0
6864793 0 14933138 3742622
0 2949106 11771772 3742622
27447094 963199 7299911 0
27447094 3165166 4313138 0
3496069 3742622 0 1064532
0 3471332 27447094 952126
6598233 0 27447094 3413907
21618315 0 0 1794452
0 762079 928361 0
25604153 0 0 161177
27447094 3308896 0 3165460
3189308 0 27447094 1821926
0 1242537 27447094 1883095
7176616 0 27447094 2206959
0 1646291 27447094 3708920
27447094 199948 0 2366733
18646377 3742622 6991698 0
25023397 3742622 27447094 428504
27447094 3391155 15300593 3742622
22680364 0 10258625 3742622
22040149 0 27447094 1572155
22347489 0 27447094 1851154
0 308779 27447094 2865669
0 3674872 15900384 0
27447094 2859281 7189471 3742622
21612856 3742622 27447094 2607474
27447094 28412 0 2783287
27447094 857718 17325705 0
1284861 3742622 0 125663
0 3473637 25416262 0
27447094 2579354 0 1241983
0 3651118 22843901 3742622
0 2307318 27447094 1103167
0 590037 5055233 0
11259396 3742622 27447094 2504718
11100433 3742622 0 3709958
0 1223794 13805430 3742622
17561099 3742622 0 325064
4264077 0 27447094 1915043
10067491 3742622 27447094 732250
0 2717606 15762366 3742622
5811541 3742622 0 328549
27447094 2970260 0 3498223
0 3291838 14303310 3742622
2261318 3742622 27447094 580314
0 2919751 27447094 3591838
0 196039 14225639 0
6385515 3742622 27447094 2777787
27447094 3580408 22499027 0
0 38723 10416190 3742622
27447094 3090740 15466889 0
26912042 0 0 629753
27447094 1591657 8133629 0
16762685 3742622 27447094 1276494
19365610 0 22803848 3742622
27447094 2103904 16571026 3742622
13148469 3742622 27447094 1444184
26006470 3742622 8473755 0
9857867 3742622 27447094 1452060
27447094 2016011 538749 0
0 2445472 1887134 3742622
129740 0 27447094 2931656
27447094 1888998 0 3566467
27447094 1352232 0 2386490
1967624 0 0 1890425
0 1338731 1306147 0
27447094 3107206 0 361007
27447094 2716306 11596744 3742622
0 510634 27447094 2444027
13021642 0 0 707714
21861060 3742622 0 1544735
16449447 3742622 0 969538
0 3455364 14867638 3742622
27447094 3552608 17763161 3742622
10758085 0 16328660 3742622
22262099 3742622 27447094 2614822
0 305103 25451392 3742622
23696409 0 6962513 3742622
21247609 3742622 18535271 0
14571460 0 5704831 3742622
0 219156 20966405 3742622
4603674 0 25150567 3742622
19224896 0 0 3598321
27447094 2200746 0 1420061
27447094 1666050 0 331740
23794623 3742622 27447094 2552792
0 3201545 22184604 0
27181155 0 27447094 3008969
0 1221821 9613776 0
27447094 2328566 11867883 3742622
10823112 3742622 17244395 0
0 846454 23723018 0
27447094 249536 4439354 3742622
26351042 3742622 27447094 2753058
0 3218317 27447094 3677270
0 1414303 27447094 2447070
18252704 3742622 27447094 3162638
0 2770337 25682147 3742622
0 3660452 9857702 3742622
0 114939 5169119 0
725202 3742622 27447094 263827
27447094 2805110 12964377 3742622
4801304 3742622 27447094 2315979
194358 3742622 24813738 0
0 1576519 27447094 1504007
27447094 1018913 26665172 0
6196122 3742622 4441383 0
14167699 3742622 0 741284
0 2916858 27447094 2124377
1709062 0 2972037 3742622
22925307 0 15726376 3742622
0 3362710 24722142 0
0 783566 10260386 3742622
15590983 0 0 2625866
27447094 3728994 0 1454035
0 664197 27447094 1131185
15896771 0 27447094 1064074
18543376 0 26333370 3742622
7248819 3742622 0 823852
18857281 3742622 0 335734
23812895 0 0 314284
27447094 2127620 24694944 3742622
0 2269976 27447094 2466614
27403828 3742622 27447094 1668334
26611691 0 27447094 2724441
27447094 520948 0 2346442
2365668 0 0 3000836
22616761 3742622 11322304 0
20106513 0 0 2739468
4384885 0 0 2976750
0 2315602 27447094 149785
15272230 3742622 22310964 0
15759286 0 13723066 3742622
3781181 0 2378072 3742622
3082556 3742622 0 241399
22208188 0 26727160 3742622
0 3516363 19733363 3742622
9375655 3742622 0 1449306
27447094 3009427 24703737 3742622
26545988 3742622 27447094 2265915
655620 0 0 913762
0 2156889 21816767 3742622
0 633863 17274723 3742622
22801595 0 0 1753024
9264535 3742622 16431942 0
0 2283166 27447094 892757
0 3543401 27447094 1241668
3001836 3742622 0 702501
4093789 3742622 0 3680375
0 2280886 27447094 1265387
27447094 503297 18677644 0
27293047 3742622 12141295 0
5252849 3742622 10474566 0
16946869 3742622 0 3716825
24433609 0 27447094 897146
20306236 3742622 27447094 921104
0 980922 13885719 0
0 1984050 27447094 731447
8656944 3742622 0 1574981
27447094 1136120 18289247 3742622
0 2640543 27447094 681142
27447094 2308865 14736603 0
98689 3742622 27447094 1214187
27447094 3162667 24000926 3742622
9570326 0 27447094 1519206
20438237 0 17949314 3742622
27447094 2235012 0 2548186
0 1616896 2158828 3742622
27447094 2566532 17489448 3742622
25220339 0 27447094 1084581
0 2665535 22515762 3742622
1580437 0 27447094 1809232
14250544 0 20111852 3742622
3417414 0 27447094 251399
6554602 3742622 0 1964487
20923062 3742622 0 1581916
25056920 3742622 18371894 0
27447094 2529096 26965100 3742622
0 254262 15708982 3742622
27447094 96414 0 216258
27447094 2396939 1619981 0
14752854 0 27447094 1426286
27212422 3742622 0 980521
24178570 0 22342858 3742622
27447094 2824334 0 383248
27447094 331476 24188089 3742622
19482784 3742622 13858372 0
0 2422878 25223014 0
15850695 0 27447094 3732715
6829146 0 27447094 1652774
0 3614652 21552631 3742622
27447094 1900420 237400 3742622
8800108 3742622 0 2291932
14924992 3742622 1441426 0
27447094 3480989 0 2058849
534411 0 9858677 3742622
27447094 614632 0 2598440
0 518758 27447094 3288226
0 2884710 27447094 2207815
0 2503832 26531510 0
27447094 2344816 0 2201654
16666693 0 13171068 3742622
0 3610993 27447094 1520688
13584029 3742622 0 127551
24607652 3742622 13701646 0
3039975 0 0 1280836
25055692 3742622 13812813 0
18379452 3742622 27447094 2017517
27447094 2519801 22020970 3742622
24406611 0 0 416044
24314734 0 27447094 2177685
27447094 1319982 13129364 0
522179 3742622 3874376 0
551914 0 27447094 744096
22146450 3742622 27447094 2373409
10659088 0 11413290 3742622
27447094 680629 9275008 0
27447094 570971 15085501 3742622
21769394 3742622 0 3297859
27447094 1829396 0 136770
7076698 0 0 1728348
13965163 3742622 0 679336
0 2295510 27447094 102858
4455025 0 27309008 3742622
15867615 3742622 27447094 1771813
0 3475963 3285852 0
0 2868999 27447094 2213379
0 1382079 8139001 0
13041679 0 0 1946946
18062703 3742622 27447094 1823851
12808166 0 0 2045344
27447094 911865 0 2854665
27447094 153125 6965454 3742622
0 1264904 26687074 0
19535920 3742622 27447094 3127833
2245095 3742622 27447094 3434348
26199178 0 27447094 2203078
27447094 1092371 20877790 0
27447094 1239669 0 1846503
27447094 2739397 18716525 0
21486322 3742622 8487156 0
27447094 3514685 27411057 0
0 3694252 2447687 3742622
0 3583705 17350485 0
27447094 2942744 23594404 0
27447094 461628 0 1280139
27447094 595816 12410582 3742622
0 1747817 13822701 0
6657611 3742622 27447094 2109157
10761195 0 27447094 3253637
0 540306 9069763 3742622
27447094 3486583 21492716 3742622
11194182 3742622 26769343 0
27447094 3137241 14607483 0
27447094 1701572 27336503 3742622
0 1185265 13262895 0
27447094 3260657 13756693 3742622
0 2025407 931616 0
15517007 3742622 1168014 0
0 2343210 27447094 1075799
0 3425014 3079398 0
0 1656081 27447094 192055
0 2528010 26396053 0
21741171 0 27447094 3433486
15779213 0 0 802225
0 2365091 6018528 0
18677751 0 0 1346682
27447094 490411 0 3690807
16691241 3742622 0 140027
27447094 1804845 16689875 3742622
26612559 3742622 275478 0
3562397 0 27447094 2772118
27447094 299186 7720757 3742622
27447094 2222864 5441157 3742622
10115302 3742622 27447094 2310543
27447094 3619892 12843519 3742622
6453608 3742622 27447094 3682886
27447094 56482 14001971 0
17066121 3742622 25986300 0
0 598245 24620190 0
6173429 3742622 0 694383
24852345 3742622 0 1968526
3797854 3742622 10975991 0
0 1617817 711888 3742622
0 1303510 27447094 1286442
0 2093099 26899163 3742622
27447094 1726134 0 3742280
0 1368414 3906160 3742622
25044271 0 0 732840
27447094 3500825 4516552 3742622
16947606 0 27447094 1217610
18529478 0 18605249 3742622
14113676 0 24703729 3742622
12703024 3742622 0 262194
0 3643636 22505038 0
0 3002505 12084863 0
0 2264352 9557224 3742622
285073 0 27447094 3458501
16957606 3742622 27447094 674772
27447094 1500977 0 1365637
24278554 0 27447094 497338
22674468 3742622 27447094 3258780
17539730 3742622 15753394 0
1039378 3742622 0 3628885
13310626 3742622 24384607 0
0 2289765 27447094 1940448
6465195 0 27447094 2170424
0 1656962 27447094 3408045
4387989 0 2201356 3742622
27447094 1145345 19078602 0
0 2566435 27447094 470839
5333187 0 27447094 1936392
0 2880915 13189412 0
27447094 1419146 9423631 0
0 1483407 23126474 3742622
27447094 2026160 19012652 3742622
0 2285706 27447094 2173180
27447094 1107033 14265208 0
27447094 3127122 23884495 3742622
27447094 3125420 193498 0
4671780 0 374950 3742622
16789282 0 0 1860390
1287843 0 0 2283144
5165639 3742622 0 319619
13987918 0 27447094 3726732
0 2616744 3021821 3742622
12650035 3742622 27447094 225826
20596579 3742622 3628933 0
18520959 3742622 0 872045
2011937 0 204524 3742622
0 719438 5848910 3742622
14389309 0 0 2693928
27447094 110585 10338302 3742622
27447094 3476747 20339620 0
9494221 3742622 27447094 1976550
24742055 3742622 15931555 0
717639 0 0 920151
8254250 3742622 20461773 0
0 3649960 2727559 0
208818 0 0 1167041
0 2837240 27447094 1275651
5578221 0 12739378 3742622
0 761792 27447094 1778463
558176 3742622 27447094 2872882
21563784 0 27447094 918521
3270770 3742622 27447094 324957
27447094 2536175 18215114 3742622
27447094 1078135 19398865 3742622
20311743 3742622 0 146162
14211017 3742622 27447094 2406010
9743621 3742622 10258312 0
13850508 3742622 27447094 1243314
10190590 3742622 0 1749802
5610750 0 0 2974750
26471288 0 0 996461
4214325 3742622 24091605 0
21675929 0 0 3298645
27447094 3038878 16770836 0
17634075 3742622 0 2223946
27447094 2856539 2135322 0
11472043 0 27447094 3160784
20141940 0 0 2841033
7753557 0 0 2755319
4127033 0 4015561 3742622
7407000 0 0 1053543
25630084 3742622 0 3288524
0 609163 27447094 166578
3828482 0 21455468 3742622
27447094 2101368 14742343 3742622
6037183 3742622 0 409646
0 323199 15241418 3742622
0 92972 27447094 2467683
0 2475736 24540443 0
14445059 3742622 21328311 0
27447094 8149 19532717 3742622
1608338 3742622 0 1402917
9400159 3742622 0 1972811
0 3681498 10739420 0
3106814 3742622 27447094 1940134
15393481 0 0 3736261
23188657 0 0 397121
0 808407 27447094 3523556
4311558 0 25334681 3742622
0 242516 8573270 0
0 2776826 9729012 3742622
11552916 3742622 27447094 1726374
0 1376174 27447094 1169585
0 335286 26802172 0
0 2885182 14934005 3742622
22856948 3742622 0 2228610
0 2092307 13321741 0
23873113 3742622 9747076 0
24097833 0 9328677 3742622
27447094 913305 0 788259
0 3067119 27447094 2838550
0 1650463 27447094 560658
0 2874639 22702574 3742622
15898381 3742622 27447094 361294
10932232 3742622 0 500263
0 256814 11206726 0
8630915 0 0 3026360
27447094 1238745 25426775 0
10555897 0 27447094 3479791
27447094 3617022 23679722 0
0 1513025 23352924 3742622
0 2209220 27447094 1246286
26997514 3742622 0 2765985
4638089 3742622 6791094 0
27447094 1659658 0 124407
6228362 3742622 16334989 0
0 2791410 19695477 0
19271442 0 27447094 661161
2082168 3742622 27447094 3072732
16399395 3742622 27447094 2286414
0 226840 132752 3742622
0 3157627 2327182 3742622
27447094 385504 2917748 0
0 1329180 27447094 123969
21007980 3742622 0 1345840
27447094 1603579 6453905 0
27447094 387247 23951379 3742622
5173752 0 27447094 573669
20597719 0 855397 3742622
3744586 0 0 2720134
27447094 1712609 0 2575976
19887694 3742622 11816879 0
15389714 3742622 27447094 1197760
27447094 2425644 0 2864961
0 2249238 19075065 0
25322274 0 27447094 316071
1503464 0 27447094 3568583
0 351165 23914462 0
3837432 0 1725165 3742622
2923307 0 0 1850020
27447094 1061056 5678970 3742622
16596068 3742622 10093960 0
0 2929752 27447094 282269
27447094 1896553 2001456 0
12618379 0 27447094 2262207
3791845 0 0 3002832
27447094 3390039 0 1502809
0 3454624 11518354 3742622
1408369 3742622 4343353 0
0 865421 412751 3742622
0 63997 27447094 972034
19779615 3742622 27447094 1078870
0 1942609 2005190 0
27447094 3455446 25136064 0
0 2907479 8333345 0
0 2424648 10087095 0
7207052 0 27447094 1496903
0 2335842 22231361 0
16573471 3742622 14968111 0
0 3550755 1930792 0
12828421 0 24291565 3742622
10418960 0 0 3639833
0 1119057 20507093 0
9082811 0 0 2187088
0 3015466 24738613 3742622
0 1679363 27447094 737114
12686873 3742622 25983402 0
27447094 3516784 12655929 3742622
20719258 0 8228953 3742622
17860960 3742622 27447094 2184454
3297479 3742622 0 2521491
27447094 1779165 4453278 0
25386972 0 27447094 3094408
0 2807672 7922389 3742622
0 433424 27447094 1412554
21518422 0 24856737 3742622
27447094 1854364 0 3338028
27447094 2126601 0 289338
809481 3742622 18731715 0
18432296 0 27447094 2676825
0 3005163 16368342 0
27447094 118350 25217136 0
27447094 3495956 18699904 0
27447094 747474 2045110 0
0 3333521 26839914 0
5299695 0 0 255206
19981741 0 10528415 3742622
27447094 161604 0 3162601
0 398429 5580194 0
27447094 1305313 0 1420009
0 2246963 9036683 3742622
1771506 0 5520398 3742622
27447094 2999733 2009214 0
1427702 0 27447094 925500
15891060 0 0 1193877
0 3281991 18503360 0
27447094 1509272 1961287 0
27447094 3081405 18652775 3742622
23924763 3742622 0 1487527
4141047 3742622 27447094 83260
0 725 911748 3742622
24440020 0 27447094 1524844
25385752 0 21028051 3742622
0 1151058 15504220 0
14514674 3742622 19740 0
9863706 0 9968471 3742622
0 2899359 15830619 0
0 73878 11397602 3742622
0 1304940 27447094 613904
23458963 0 27447094 1185659
16801957 3742622 26457997 0
0 1250950 20180537 0
20850769 3742622 27447094 1048332
21419057 0 3401245 3742622
0 1848525 11068009 3742622
27447094 3191181 0 1271209
6016151 0 27447094 1670204
13437946 3742622 27447094 1348503
27447094 500599 0 658873
27447094 3544766 17904859 0
10017017 3742622 27447094 2983007
10267398 0 27447094 57823
23161782 3742622 0 2854810
0 253179 27447094 1412516
0 2709844 19643850 0
27447094 2063552 0 1380176
27316375 3742622 3842633 0
26231439 3742622 27447094 1291770
26884409 3742622 0 1804586
8612370 3742622 6392950 0
27447094 456216 5118127 3742622
27447094 2146148 12021607 3742622
0 3436369 13584046 3742622
0 3247101 8197344 0
10988893 3742622 6739647 0
0 2750188 20328940 3742622
632787 3742622 27447094 1501402
19923593 3742622 0 1173518
24551914 3742622 0 1637117
19842616 3742622 0 3460900
0 1753916 21033542 3742622
23929701 3742622 12451154 0
20030925 0 0 1641336
13008281 0 27447094 928490
0 799664 27447094 1078400
27447094 3078657 0 2521654
17765920 3742622 24611441 0
11234898 0 5007433 3742622
20890636 3742622 23193062 0
0 2258911 19482473 3742622
8973206 0 9689321 3742622
15026797 3742622 13175742 0
20455482 0 14091808 3742622
27447094 2831137 0 3329737
7020845 0 27447094 1727513
656786 0 19895526 3742622
24131074 0 0 840478
24747361 3742622 22987531 0
20676566 3742622 27447094 3643591
0 2733211 13662926 0
0 1539892 27447094 2712136
27447094 2036457 2164905 0
24219511 3742622 18406605 0
0 2382320 27447094 1017140
0 2082884 27447094 3510855
0 3359748 12422357 3742622
0 1391064 27447094 1104812
11789974 0 27447094 542017
27447094 3064082 22488135 3742622
9830896 3742622 0 2227600
5853889 3742622 0 237185
0 2944842 10467530 0
3747984 3742622 15307448 0
0 2862617 740580 3742622
0 2815098 10665061 0
27447094 2376461 9705779 3742622
13767897 0 27447094 24398
27447094 300815 2224968 0
27447094 2263850 8254617 0
0 3160988 2496728 3742622
27447094 3155955 5127009 3742622
24044760 0 27447094 2490501
24241540 0 13562368 3742622
24939971 3742622 0 888813
21998011 0 15254395 3742622
18719440 3742622 27447094 369368
15343734 3742622 27447094 456336
27447094 3213586 0 180220
16349727 0 0 1065680
0 3199392 3210066 0
0 1854614 26124819 0
0 3655845 16002817 3742622
27447094 775581 10761713 3742622
8561015 3742622 27447094 1759095
12272906 3742622 18481257 0
27103339 0 0 3304792
27447094 3508556 7640076 3742622
25100107 3742622 12019580 0
0 2871039 27447094 328175
27447094 2225924 21109709 0
20428497 0 27447094 3172696
12179814 0 21337962 3742622
26412568 0 18939989 3742622
0 1188359 9227196 3742622
18859019 0 5997849 3742622
15274589 3742622 13598993 0
9292291 3742622 27447094 1980542
27447094 1368706 0 2355847
0 2144455 27447094 540884
27447094 2971610 0 2907793
0 558507 26384614 3742622
24720834 0 0 3131598
27447094 2340719 0 3658075
27447094 504797 24336753 3742622
5975710 0 6804773 3742622
16139254 0 27447094 1537215
21921457 0 27447094 3453216
27447094 3190596 11482013 3742622
27447094 87711 0 3665384
6862599 3742622 27447094 2024741
0 2363852 18622851 0
27447094 1794385 25731937 3742622
8656026 3742622 27447094 3501097
22395887 3742622 0 1682635
7290850 0 10771643 3742622
20443920 3742622 27447094 3233517
3553757 0 20068339 3742622
24987053 3742622 27447094 851385
1462795 3742622 27447094 254417
5556944 3742622 18693326 0
8769870 3742622 10517084 0
9388409 0 0 1805361
0 440095 27447094 1851104
486457 0 27447094 2107079
27447094 2965115 4073624 3742622
0 1678610 1244715 3742622
19094383 3742622 0 961014
24743520 0 0 1729262
0 2097508 24660324 3742622
27447094 54107 20248860 3742622
27447094 2640725 25565330 3742622
0 3456874 11538831 0
0 2562051 21042777 3742622
15576355 0 27447094 2299488
27447094 1491224 0 3284200
19215206 0 0 2119808
27447094 885915 23611746 0
0 1990290 27447094 1711880
284126 0 27447094 2711171
22856925 0 25337458 3742622
10414427 3742622 22984999 0
18559417 3742622 0 815105
0 3288960 27447094 2698479
27447094 560298 2670615 3742622
0 824649 12665764 3742622
3475405 3742622 8133173 0
27447094 1084966 27253571 3742622
15581500 3742622 13528561 0
22111309 3742622 27447094 90399
14998990 0 27447094 3406635
26788461 3742622 10925923 0
94606 3742622 27447094 1903452
21783186 0 3553497 3742622
27447094 1588505 0 1671018
8007686 0 27447094 230683
27447094 945998 21101397 3742622
26450896 3742622 15946043 0
9557261 3742622 27447094 3179227
25713175 0 27447094 3431363
12374346 0 0 2003608
27447094 3008617 1694161 0
5825059 0 27447094 202152
6854059 0 0 3215079
0 2757005 8031466 3742622
0 1805526 5268589 0
0 1162379 27447094 3566304
12954117 3742622 5713391 0
14701881 0 0 1329628
0 1831126 268494 0
3807961 0 0 919367
0 857117 8545077 3742622
27447094 689632 9780163 0
27447094 3524473 0 53415
17685893 0 0 3069941
27447094 3377558 14952687 3742622
27447094 461749 0 3536755
25894978 3742622 0 889507
27447094 1122096 22473568 0
5258102 0 22446753 3742622
17323395 0 20425719 3742622
25572693 0 27447094 2836668
17780298 0 14507607 3742622
3849756 0 27447094 1657297
27447094 3529652 27077445 3742622
27447094 2897280 0 3032194
5373371 0 15485810 3742622
27447094 3514040 0 683494
6280580 3742622 27447094 2945549
27447094 408295 13454367 0
1444686 0 0 2938132
0 3501678 27447094 61315
27447094 2305894 20898292 3742622
0 65481 14423640 3742622
0 2179211 3212411 3742622
23695355 3742622 27447094 524556
22832425 0 27447094 2071839
8474145 3742622 0 3195793
27447094 778926 7659513 3742622
21229486 0 0 1315503
0 1419526 11948098 3742622
27447094 3285874 18562037 3742622
0 3509157 27447094 216535
0 3245698 27447094 1555605
9684781 0 16111686 3742622
9549733 0 16681908 3742622
27447094 1286286 11017938 3742622
27447094 888775 836863 0
27447094 1262576 24882013 3742622
0 3224834 12711650 3742622
0 2834668 4313385 0
27447094 3691212 10080967 0
27447094 3549205 0 2340668
27299593 0 16725091 3742622
27447094 3180920 7486952 0
17809302 3742622 535922 0
11170518 3742622 27447094 357084
27447094 2917703 0 1983961
27447094 3238751 0 3197712
5823423 0 0 873073
4594441 3742622 27447094 219786
27447094 3555804 12366407 3742622
11734968 3742622 27447094 12969
15197229 0 0 2196396
13674132 0 8627371 3742622
0 612782 19260605 0
27447094 2008987 9626078 3742622
0 3534785 4123209 3742622
20095290 0 27447094 3068525
7938522 0 27447094 486410
0 705877 9398230 3742622
0 2929440 19288782 3742622
27447094 1586913 9291231 3742622
0 1633102 27447094 3642864
27447094 298511 0 547514
492339 3742622 5478257 0
9858492 0 22579986 3742622
4943908 3742622 0 570618
27447094 2458457 21181644 3742622
4635166 3742622 0 306381
22424851 3742622 0 3612259
27447094 1579078 17281730 3742622
0 1130900 2248720 0
1812711 0 27447094 1120950
5158125 0 15408160 3742622
6505113 3742622 0 57223
0 2232151 5215802 0
2038632 0 0 464121
27447094 777984 4507688 0
0 2839951 7964979 3742622
0 2157607 27447094 3518069
26852449 3742622 27447094 2843369
4168259 3742622 27447094 37109
0 695310 9330196 3742622
13380204 0 27447094 231939
9572927 0 0 741657
0 2638023 19719563 0
27447094 2479696 880042 0
27447094 3415981 0 289719
27447094 1602273 11339015 0
21992821 0 493138 3742622
27447094 2227576 20379154 3742622
0 144517 27447094 3063375
27447094 1885614 23904059 3742622
27447094 1273740 10971348 3742622
20056022 3742622 0 2624048
4055700 3742622 7769802 0
9033437 3742622 27447094 960579
12458467 3742622 27447094 3166895
5910428 3742622 14183078 0
27447094 3255963 7628313 0
27349455 0 0 1440910
27447094 1653172 7796774 0
1698322 3742622 0 167773
0 2805173 27447094 2448293
16890474 3742622 3303853 0
0 3623803 5835367 0
27447094 3307189 0 3006632
4908713 3742622 24021487 0
25958903 0 1552256 3742622
14044804 0 0 641359
27447094 1869710 23626969 0
0 295445 11291592 3742622
9966294 3742622 27447094 2988621
25170356 3742622 0 2425484
11644534 3742622 0 2508824
12259592 3742622 11282305 0
0 1904217 4810398 0
14481806 0 1246992 3742622
27447094 2908027 18735931 0
4886475 0 5394755 3742622
14000063 0 20786024 3742622
5432542 0 1785977 3742622
0 1288455 24068917 3742622
0 1704948 15268795 0
20618675 0 0 2947473
27447094 2716041 22768334 3742622
0 2183834 27447094 1082130
0 94301 11184170 3742622
0 676714 17901469 0
2608787 0 0 3281331
16633645 3742622 3965930 0
0 3464016 21399719 0
13151432 0 20803312 3742622
27447094 781456 0 2373664
0 3714359 18546680 3742622
3134331 3742622 0 2221090
0 2664080 2066408 0
0 965878 18445891 0
0 1289517 14495746 3742622
26265785 0 27447094 3378496
10149201 0 25195238 3742622
1319752 0 13291635 3742622
0 913631 27447094 3649881
27447094 1738866 22109137 0
1879814 3742622 9121657 0
0 1835130 25726535 3742622
27447094 3532937 0 1569934
16316870 3742622 14308065 0
6459479 3742622 12685663 0
0 409232 23097244 0
0 3382590 27447094 2126845
0 3123221 19626432 0
0 535975 27447094 3041909
26416471 3742622 27447094 588583
25639291 3742622 0 1104561
10965377 0 27447094 3440918
26820592 3742622 26406022 0
0 387171 27447094 3530675
10576730 3742622 20821816 0
27447094 1243452 24783688 3742622
0 639542 27447094 2578886
0 543127 27447094 1187382
17608233 0 11455652 3742622
11138663 3742622 27447094 1282693
0 2323927 27447094 3118569
5120225 0 27447094 727551
27447094 3737090 24949223 3742622
17300340 0 27447094 1157333
27447094 3495622 26690760 3742622
21563153 3742622 0 507452
27447094 3467081 14818996 0
27447094 1788430 8678935 0
9990087 0 27447094 3204333
16675624 3742622 25800988 0
0 285182 27447094 1745490
27447094 1040026 1858177 3742622
2607011 0 736228 3742622
0 2396914 22561918 3742622
18186539 0 0 778761
24126770 0 13954027 3742622
109203 3742622 0 730004
14220627 0 13535665 3742622
27447094 3690086 21099852 0
20757067 3742622 0 2430093
9198326 0 11302522 3742622
2044816 3742622 26534570 0
5535689 3742622 27447094 2558589
0 2445053 17740963 3742622
6552070 3742622 6214213 0
0 3291024 65428 0
13258009 0 0 2531135
27447094 74136 16657769 0
0 3561848 23616570 0
0 2866600 12393274 3742622
0 2543398 2768305 0
0 3492942 27447094 2293853
17469065 3742622 27447094 202857
27447094 1560136 21976003 3742622
4869292 0 0 2418576
0 3718742 27447094 1136873
27447094 2063034 5014060 0
12029918 3742622 1685456 0
16215795 0 21891714 3742622
27447094 650560 18413965 3742622
3010547 3742622 10582505 0
0 369873 8329174 3742622
3272170 0 0 3031405
27447094 2187872 14957599 3742622
0 1293278 27447094 64674
0 2567936 9730314 3742622
8595126 3742622 0 344011
10294011 3742622 0 3226140
4893 0 0 1820266
47131 3742622 20958950 0
27447094 2967997 16613756 0
77803 0 0 4366
0 3647698 18215357 0
0 1757808 11084105 0
27447094 2451273 15636568 3742622
27447094 2641706 9358847 0
23461215 0 0 296287
16853805 0 0 1088298
27447094 548275 0 3080274
1156111 3742622 0 2723458
27447094 804687 17126909 3742622
5768228 0 0 1880822
25797516 3742622 0 1517876
27447094 3632348 13888068 0
0 1927068 16402903 0
27447094 2679283 0 250290
24695354 0 24318781 3742622
27447094 2194088 22765290 0
10061223 0 27447094 135379
14484144 0 0 1156187
0 1408369 9343842 0
2310170 3742622 0 2263545
15671225 0 27447094 1567116
27447094 3401361 23852051 3742622
1073366 0 25896872 3742622
27447094 2706599 0 1091764
20144446 3742622 0 502070
1447550 0 700794 3742622
0 2733799 9495212 0
27447094 810659 21544936 3742622
6997430 3742622 27447094 3200631
2707090 0 0 2973124
8377309 3742622 27447094 1227177
0 1876707 10812513 0
6295653 0 0 353416
27447094 5779 17751991 3742622
21594784 3742622 0 2368872
18877612 0 0 2428446
23355645 3742622 1413938 0
2403049 0 14689180 3742622
19848870 0 0 1743399
27447094 1614545 0 1658903
23726042 0 27447094 1458849
0 1107725 22513359 3742622
8329700 0 12960392 3742622
0 568372 371486 0
3628207 3742622 27447094 2579932
24231116 3742622 27447094 842059
0 285557 5549924 0
27447094 1585270 0 3659149
21243580 3742622 13757452 0
27447094 646604 0 2575920
382388 0 27447094 224547
0 2477986 5465772 3742622
6105358 3742622 27447094 2572404
3925291 0 7038783 3742622
27447094 2866084 0 2524126
0 961659 26773373 3742622
1808709 0 27447094 289434
0 3627644 11450322 3742622
15993031 3742622 9448968 0
27447094 1040217 0 2327806
6659317 3742622 20449629 0
27447094 3631791 4043477 3742622
26744708 0 0 3704967
21569876 0 9119105 3742622
4643491 0 0 1780311
0 2298805 26145198 0
15362099 3742622 27447094 886586
27447094 3040173 13951731 0
18208551 0 27447094 805177
27447094 2032818 11968619 0
1881215 0 27447094 47275
0 3603817 14390488 0
27447094 3363816 9990832 0
27447094 3451365 6051512 3742622
10838209 3742622 27447094 3322993
27447094 3707409 22253680 3742622
7452010 0 27447094 3286690
27154254 0 15607148 3742622
2617920 0 27447094 402249
27447094 2097837 0 3634420
27447094 1504333 8155487 3742622
27447094 599618 3362824 0
21464626 0 27447094 2120380
10805581 3742622 27447094 738233
24197238 3742622 2485526 0
7270953 3742622 21822946 0
4373950 0 27447094 504266
0 2991702 27447094 1661582
17684557 0 27447094 2131083
20832862 0 21842356 3742622
0 3356302 27447094 2728119
21285369 0 27447094 215717
20078905 3742622 27447094 662331
25741366 0 27447094 3476638
11493234 0 0 1631173
2869286 0 16329674 3742622
25904331 0 0 1414907
27447094 286579 5579735 0
0 3686052 27447094 2271598
27447094 1462250 25289886 0
0 881187 27447094 2966946
0 3325566 16268926 0
2142870 0 0 1126347
1098895 0 0 366095
19632327 0 0 926109
1887782 0 27447094 1101472
23272647 0 18988725 3742622
17978873 0 0 591806
0 823596 27447094 517732
0 2733006 20600718 0
25747645 3742622 27447094 2436774
4342407 3742622 27447094 2037018
26071900 0 0 1381229
27447094 3154698 7015646 0
7337123 3742622 0 2741987
20538845 0 0 422542
13069725 3742622 27447094 3536313
27447094 3213995 0 3166176
23843776 3742622 0 3258122
27447094 768240 8796218 3742622
27447094 3580446 0 1789141
27447094 2439572 15532506 3742622
0 3330881 27447094 590110
0 3149917 27447094 474847
0 641435 6702093 3742622
23763759 0 0 290722
23499421 3742622 0 2931615
19524874 0 71019 3742622
27447094 3623705 25573591 0
27447094 255501 0 2925316
1741926 3742622 27447094 3206288
6578285 3742622 0 57323
15681815 0 27447094 1518955
0 579617 27447094 2782133
27447094 1257328 0 657812
0 1895295 17036844 3742622
0 1759782 21462508 3742622
15617937 0 27447094 245221
0 228328 17065449 0
0 2060233 27447094 257206
27447094 1465774 17092431 0
0 3080760 9277670 0
27447094 521865 14165359 3742622
2383753 3742622 0 1426048
27447094 2588069 13818222 3742622
14647295 0 27447094 1509045
8100361 0 17105247 3742622
22347172 3742622 0 3221740
445871 0 24391966 3742622
17946390 3742622 27447094 3079866
23557054 3742622 27447094 43775
5761823 0 27447094 513889
27271833 0 0 2445466
15072375 3742622 0 2315872
24276142 0 27447094 314549
0 1219525 15255105 3742622
1105324 3742622 27447094 564478
7058509 0 19797400 3742622
27447094 399502 7270267 0
27447094 3728066 8363228 0
16906411 3742622 27447094 3399373
12941876 0 25734179 3742622
0 643773 3333065 3742622
9616066 3742622 24465323 0
0 3636845 27447094 1805759
24130993 3742622 14365077 0
1137680 0 27147094 3742622
0 1251364 20961208 0
22160982 0 18202006 3742622
18276957 0 27447094 1120418
27447094 2794156 25707099 0
0 645231 22823536 3742622
27447094 3190090 6084254 0
27447094 890135 0 52337
27447094 1356716 0 2866639
27447094 936360 6521707 0
15036432 3742622 0 809914
27447094 3400462 0 1167290
4251912 3742622 0 637427
0 1157635 27447094 2988699
2726389 0 27447094 3357606
6702906 0 7440943 3742622
5802321 0 1494426 3742622
19503416 0 0 2547045
27447094 1381996 0 1127824
27447094 207649 23369448 3742622
24842836 3742622 7957693 0
6969769 0 1497316 3742622
27447094 1665042 22529553 3742622
27447094 2373999 18624873 3742622
15081660 3742622 0 2923161
16721760 3742622 0 1041525
27447094 2984916 2952143 3742622
27447094 842326 5973467 0
0 486754 13178002 3742622
15337826 3742622 27447094 1482613
15568969 0 14835192 3742622
195752 3742622 19166611 0
0 1903753 27447094 3421354
5108516 0 27447094 3676423
2212432 3742622 0 1346555
0 3448383 27447094 785845
2516868 0 25289711 3742622
19224152 0 27447094 2079469
0 1955482 18761667 0
0 836650 6973572 0
0 2768000 15694906 3742622
27447094 2078929 0 366972
10639445 3742622 0 2605965
15178598 0 24234330 3742622
27447094 982800 1896246 0
0 3399994 23514243 3742622
10645564 0 27447094 1652762
27447094 3261567 0 3264024
11361785 3742622 0 1727057
27447094 2909637 10453697 0
27447094 1705196 0 264871
14246577 3742622 0 3671808
27447094 2640830 6883728 0
14710092 3742622 0 135630
6758594 3742622 27447094 925991
27447094 572989 0 1503057
8551079 3742622 14402630 0
1191326 3742622 27447094 2679364
5093900 0 26478548 3742622
0 2011916 10950884 3742622
8103285 3742622 27447094 2843205
0 1611647 27447094 476548
20757907 0 13139871 3742622
13595625 0 27447094 1543966
0 648214 23984957 0
15185027 3742622 0 200591
23888750 3742622 6834678 0
9578887 3742622 27447094 2369451
16522032 0 27447094 2129571
0 3464590 4165012 3742622
17182190 0 23845175 3742622
11121586 3742622 26344744 0
0 706460 27447094 461142
9972677 0 0 1176761
25850868 3742622 0 2351910
0 2605415 24840860 3742622
0 782174 13716133 3742622
27447094 2159712 8727505 0
0 2008941 25296527 0
0 1225911 19325894 0
0 2060762 23977388 0
27447094 990667 24115063 0
470784 0 0 3205061
0 473918 5196613 3742622
25283178 3742622 0 1531822
6129374 3742622 18186533 0
11960992 0 0 605533
27447094 544772 12375142 0
2791454 3742622 27447094 2141865
5416734 0 0 2402800
0 332964 27447094 1806138
0 3623250 27447094 1205336
11853592 3742622 0 3545106
27447094 2075892 0 2161483
0 737511 27447094 526047
0 310313 11892257 0
0 2391781 27447094 304000
18877770 3742622 0 1811550
7320941 0 27447094 3101677
1075578 3742622 0 1707229
27447094 3192743 0 11667
27447094 2683899 0 2372578
27273282 0 27447094 2897837
1071492 0 6064656 3742622
12565645 0 27447094 2238011
0 1271307 27447094 1128949
27447094 2949614 13809534 3742622
26539396 0 6112329 3742622
17904109 0 0 2983226
7272031 0 0 284139
27447094 408865 19699468 3742622
27447094 2804854 24791725 3742622
9187972 0 27447094 929641
14936720 0 0 1260069
13719026 3742622 0 2134858
0 978930 17860205 0
26021080 0 27447094 1716650
6689683 0 0 2771782
27447094 2671207 0 2567911
6730899 0 26094851 3742622
23496530 0 27447094 2847827
27447094 2498178 6011875 3742622
27447094 661923 11506811 0
27447094 312074 676482 0
0 1317050 27447094 3598887
27447094 1342559 0 1964267
0 780608 695803 3742622
5578822 0 0 1373151
27447094 2920929 21019451 0
26417146 3742622 20932691 0
2246413 0 0 2732325
0 2767449 27447094 3444929
0 1087405 3245879 3742622
10178688 0 13093354 3742622
27447094 1890717 1396976 0
14969270 3742622 27447094 1152090
11306644 0 27447094 44628
0 1983303 27447094 695346
17307352 0 27447094 3085178
27447094 1918979 0 1443879
12673226 0 3218189 3742622
27447094 1220471 18746414 3742622
9908168 3742622 0 3662359
27447094 2606574 0 1658457
27447094 498460 20455712 0
27447094 1285139 0 3271036
27447094 772309 13532792 3742622
7018719 3742622 18889315 0
6913990 0 26609230 3742622
1729710 0 7526675 3742622
212701 0 0 2118498
0 1443213 27447094 3469888
26048847 3742622 27447094 2191654
0 1639327 5188101 3742622
22260806 0 27447094 2689688
17873125 3742622 0 3203994
0 2154983 26747704 0
0 2206987 12876596 3742622
13083897 3742622 14042781 0
3755759 0 0 835613
17263795 0 22340615 3742622
0 1157641 20792300 3742622
11283516 3742622 27447094 2901674
895015 3742622 16753498 0
19913991 3742622 5590179 0
27447094 1845 10600270 0
11586436 3742622 24537956 0
27447094 2396381 0 1719590
0 1342882 9059244 3742622
768743 3742622 27447094 3478604
27447094 955729 773627 3742622
0 1188926 6228442 3742622
7090121 3742622 1493751 0
27447094 330198 25884550 3742622
27447094 1230865 27385178 3742622
0 3195041 19798334 0
2159168 0 27447094 2340137
11595042 3742622 0 3452157
5771580 0 27447094 331025
13574153 3742622 9326280 0
0 1393440 14575560 0
19983046 0 19283222 3742622
27447094 121717 0 2886523
0 2499605 27447094 3387329
0 2773698 15321533 3742622
27447094 3619269 0 922791
27447094 707422 0 3042019
23390049 0 0 2463444
27447094 592754 0 1458505
0 933299 24275617 0
0 752922 6005705 3742622
7186377 0 0 3521635
12288355 3742622 0 449833
27447094 3047105 23232978 3742622
0 219540 9290208 3742622
0 1026154 20540199 0
17667598 3742622 27447094 1052692
27447094 348597 25872268 0
27447094 1155410 12422203 0
21062563 3742622 0 544373
0 3231826 3808246 0
27447094 507328 20253378 3742622
23657353 0 18668955 3742622
0 2918679 27447094 3726739
23781318 0 27447094 556753
9640733 0 21429084 3742622
27447094 1165742 0 2360899
0 2007433 9068274 0
13402007 3742622 25385128 0
0 2145045 27447094 3403973
0 2457351 27447094 1939327
0 888481 27447094 1423544
0 1788738 6038991 0
27447094 1569722 26484177 3742622
8068604 0 0 547649
18376034 0 0 1047477
0 765202 27447094 133585
27447094 2982601 24077149 0
24734919 3742622 27447094 2546148
0 1924867 27447094 2582404
27447094 3443307 0 3030934
0 3227156 9228054 0
6294834 3742622 0 3147976
0 2660147 19498570 3742622
19123779 3742622 27447094 421910
27447094 1203180 0 3711212
0 1557861 7506433 3742622
11746406 0 27447094 1550058
251965 3742622 0 1886474
0 1050035 27447094 1422543
27447094 3053920 24937728 3742622
0 3038784 19845278 0
5956396 3742622 0 1651318
8129956 0 0 2318076
27447094 184052 0 683499
18833140 3742622 27447094 3403142
2336769 0 3115884 3742622
5579149 3742622 27447094 3248077
24834254 3742622 27447094 3431964
0 1374874 8145240 3742622
0 347804 27447094 1924355
27354915 3742622 0 2382858
27447094 835767 0 3125235
0 3150537 4577028 3742622
19667229 0 0 3337334
0 3240479 27107876 0
27447094 1152691 0 3155297
22245692 0 27447094 1977656
16589779 0 17589827 3742622
0 620293 27447094 334534
0 351428 27447094 1259411
12350721 3742622 27447094 600030
11806324 3742622 0 2076697
5053485 3742622 21324934 0
22714513 3742622 27447094 3363738
0 1336312 25278053 3742622
0 3672999 27447094 1086258
19112712 3742622 27447094 493700
22520727 3742622 9801418 0
0 1552489 3871705 3742622
9285533 0 0 2926632
27447094 2811844 20312990 0
2934913 0 27447094 3590958
2673978 0 0 1565072
0 3119167 24396291 0
11031900 3742622 27447094 578821
11009974 3742622 0 2765391
15489696 3742622 0 1624495
0 1333463 27447094 1276367
113054 0 27447094 3452204
6122956 0 0 2671046
16361010 0 27447094 2660908
9504952 0 27447094 3087521
4552950 3742622 27447094 221828
1324022 0 0 1950577
0 1456164 17780582 0
0 3719933 6575521 0
21449450 3742622 27447094 3283459
27447094 2322754 4736436 3742622
0 2659187 27447094 2645118
27447094 309879 0 1317362
23827969 0 9752067 3742622
27199770 3742622 16267087 0
0 2529901 15563515 3742622
0 2324319 11155819 0
27447094 947781 0 1016078
27447094 522480 10360876 0
27447094 2614069 0 1389396
0 1681356 27447094 3354928
5760671 3742622 27447094 2511613
23498435 0 27447094 1668842
27447094 2745016 409571 0
22549987 3742622 9216328 0
17280622 3742622 17301262 0
0 30765 24350751 0
27447094 721039 7159798 0
3206435 3742622 18227465 0
0 40025 6418102 0
27447094 2537357 9056513 0
21042034 3742622 0 3012267
4250064 3742622 15797664 0
0 808630 14809741 0
27447094 1943551 19918010 0
27447094 2200487 27380665 0
0 98613 27447094 1792378
0 2020728 26534766 0
0 1266485 21728887 3742622
3291245 3742622 0 1814814
15027633 3742622 3961336 0
14781412 0 1108928 3742622
27447094 3269483 0 3316909
0 558286 2163039 0
27447094 2910768 24060601 3742622
0 1570472 26604646 3742622
27447094 1199659 43133 0
22291763 0 0 3575047
19425747 3742622 27447094 3563685
27447094 3438506 20584908 3742622
27447094 3448983 9308020 0
19918034 0 21880035 3742622
27447094 3043841 22257957 0
0 1980630 24839187 0
17041341 0 0 1257839
27447094 1995248 2419004 0
27447094 3623628 0 2788709
0 3416250 15555794 3742622
27447094 1116481 1541876 3742622
23489462 3742622 0 3078452
25650599 3742622 14612393 0
21250281 3742622 21526633 0
0 1349781 18553162 3742622
27447094 934295 25208367 0
21255137 3742622 27447094 2751246
27447094 3461367 14656605 3742622
18882276 0 24850330 3742622
8414916 0 27447094 47325
27447094 2676187 0 272606
0 3438953 18041699 3742622
6185099 0 15970934 3742622
27447094 416428 0 1299973
0 3123689 27447094 3373836
5395873 0 0 447424
10330539 0 26222444 3742622
7654527 3742622 0 1333101
15671266 0 27447094 178303
20762255 0 0 2493883
27447094 858942 105642 0
0 86830 27447094 1277279
23285448 0 0 1808681
21911333 3742622 27447094 1115462
26921488 3742622 22668754 0
0 2248312 27447094 1208798
27447094 2983346 4281424 0
1143853 3742622 27447094 3613438
27447094 3364610 11701548 0
27447094 3205070 0 449870
11453709 3742622 23029440 0
27447094 2879924 0 581287
9097006 3742622 15044059 0
27447094 3343579 0 1784072
0 3309829 26385610 3742622
3543799 0 19889632 3742622
0 1815542 2677049 3742622
0 544563 27447094 1485318
27447094 284368 26129498 3742622
27436088 3742622 13820964 0
0 47307 27447094 862160
2639084 0 0 2137674
3426525 0 16670927 3742622
27447094 193730 17511706 3742622
4479224 3742622 27447094 2660242
0 3250554 19708727 3742622
8231335 0 17780302 3742622
11993972 0 13483163 3742622
0 866243 27447094 418753
0 2477449 27447094 3360186
0 417489 8741150 0
0 179661 7070245 3742622
22734525 3742622 27447094 3021553
27447094 1353343 11200006 3742622
78909 0 0 735534
0 2656775 19342705 0
1198109 3742622 799945 0
0 2797105 2719054 0
0 3099698 22338436 0
0 2892565 27447094 2057480
18287001 3742622 0 2288038
12919875 0 17327895 3742622
27447094 2242850 0 904009
6751631 0 0 3513452
367082 0 21720271 3742622
27447094 75456 23992297 0
8523715 3742622 27447094 723176
20690617 3742622 22166066 0
0 504879 26081268 3742622
27447094 2264458 24250520 0
22520609 3742622 0 1768386
24800313 0 11612960 3742622
27447094 3365999 0 1779905
27009433 0 24124067 3742622
27447094 856433 20686631 0
16799161 3742622 27447094 1618528
4483334 0 27447094 1880069
27447094 3693711 985386 3742622
0 819917 8446120 0
0 2561905 10127411 0
0 3698107 5698139 3742622
0 2188368 5903372 0
21737206 0 0 2648056
0 2826445 10971332 3742622
18333488 0 0 2214646
12363932 0 27447094 2020425
27447094 3357872 0 1813215
0 3078925 27447094 3661856
27447094 3034611 0 3132353
0 1140012 16817897 3742622
14035174 0 431964 3742622
0 56056 2357711 3742622
24826123 0 0 3664709
0 3354630 5527463 0
27447094 2059366 165591 0
0 3686142 3172436 3742622
0 476266 27447094 2580399
27447094 779914 0 3376448
10359368 0 27447094 2052465
5926766 0 27447094 2925212
27447094 2329592 13976497 3742622
27447094 2445123 8752603 0
0 3466280 7961050 3742622
0 1982109 5361607 0
27447094 3347177 11460855 0
17876385 0 27447094 2658026
0 3693885 19600002 0
0 3586548 9183165 3742622
1974751 0 27447094 1142912
27447094 1125 15852723 3742622
25378694 3742622 5631427 0
27447094 2403499 0 3162981
1518057 3742622 21638837 0
27447094 671116 0 773765
0 1870712 12028513 0
18123060 0 24078218 3742622
0 1145326 2416445 0
7508377 0 0 2250023
0 1505008 15376415 3742622
27447094 1776814 19090895 0
0 1571483 10871273 3742622
3899660 3742622 18244023 0
27447094 1565896 0 1286661
27254884 0 0 2936427
9353866 0 0 1578796
27447094 417584 0 2139242
21741188 0 0 3347926
10028744 3742622 27447094 537694
17944571 0 15883606 3742622
27447094 3452072 0 3701649
27447094 1374542 13767695 3742622
27447094 3535808 0 2835536
0 3049167 2000195 3742622
16376208 0 27447094 1954498
16344595 3742622 0 2790594
0 3205285 23252119 0
25791212 3742622 27447094 40622
8673026 3742622 27447094 3648260
11732859 0 19930647 3742622
27447094 1329016 0 1155858
24744647 0 3944053 3742622
27321589 3742622 0 2863204
2535393 3742622 21372915 0
20635936 3742622 27447094 2099552
23994395 0 9287277 3742622
27351828 0 19675770 3742622
21224962 0 27447094 1159631
21610292 0 4556191 3742622
16942353 3742622 92809 0
27447094 309869 12217394 3742622
3330778 3742622 133198 0
0 1988573 27447094 731392
27447094 2300001 6392237 0
7810937 3742622 0 3037008
23774335 0 27447094 1690328
0 2085147 1767451 3742622
27447094 3585670 12846600 0
20206529 0 27447094 1617550
0 2597630 19757008 3742622
0 1228418 12022061 3742622
27447094 1287853 15492288 3742622
18880037 0 27447094 3029067
0 1292083 23560573 3742622
0 997039 9190720 0
27447094 643161 21554992 0
0 1935659 274094 3742622
0 2832774 22321944 0
26441921 0 0 1622783
24255284 0 17306095 3742622
21684813 3742622 0 235211
0 3292376 3843513 3742622
0 1661555 588091 0
27447094 2491416 0 2180893
27447094 2982025 14768647 3742622
25534901 3742622 27447094 284548
21385501 3742622 5167726 0
0 2764160 3068494 3742622
0 614540 27447094 3530435
7823565 3742622 27447094 324887
16435329 0 22007755 3742622
0 3600381 18944252 3742622
15339154 0 27447094 964740
0 1757905 4727519 0
14619006 3742622 9691037 0
19314567 3742622 0 3625150
9358739 0 27447094 3528641
0 902102 8904581 3742622
712601 3742622 27447094 365792
5612353 3742622 0 631561
27447094 958206 12750352 3742622
0 720342 22519215 0
4960791 3742622 16411566 0
14051565 0 6666393 3742622
14101676 3742622 3939942 0
0 1667848 15628184 0
25712381 3742622 9866025 0
0 1386456 27447094 648862
0 2076512 2504644 0
18113542 0 0 3732194
0 1226678 17693202 0
27447094 2337659 0 2196360
1326992 0 11168019 3742622
10429797 0 5501509 3742622
0 2421837 21200533 0
27447094 2720280 1387467 0
0 486189 27447094 1055813
2503291 0 511372 3742622
27447094 1255023 20372758 0
0 15788 26187785 3742622
0 3149415 19137533 0
27447094 262439 13935934 0
27447094 3109867 13491114 3742622
27021255 3742622 27447094 148220
27447094 1311005 21761984 3742622
24744315 3742622 26257549 0
10472912 0 0 2530088
21271479 0 27447094 1009321
0 3372796 19288414 0
2669207 0 27447094 377786
27447094 2125076 0 3126509
23640363 3742622 5093668 0
10304645 3742622 12192957 0
19297729 3742622 0 3049931
0 1833510 27447094 1705721
7211450 3742622 22522655 0
19343629 0 26170246 3742622
0 293368 27447094 2874054
15110157 0 0 2745448
828970 0 0 2213692
0 2498784 27447094 3482500
20140168 3742622 0 3561232
27447094 680785 16795635 0
27447094 3669003 0 2212175
27447094 3240430 26450217 0
16769772 0 0 660636
27447094 1062789 12443237 3742622
6824942 3742622 0 3208127
0 3083579 19090306 3742622
25474399 3742622 27447094 1966352
0 1888442 27447094 1620289
27447094 684634 11062680 3742622
27447094 1036461 24873769 3742622
10475661 0 7298446 3742622
27447094 989851 8615173 0
27447094 304655 7602297 3742622
0 1612772 11284612 0
0 2561197 7740745 3742622
22153557 3742622 0 592782
26315848 3742622 7082429 0
11798394 0 0 10035
3041411 3742622 27447094 1197420
24901076 0 27447094 2475204
0 2870861 27447094 1294594
4310633 3742622 0 735347
2424398 3742622 10378880 0
16110310 0 7802880 3742622
27447094 1829652 0 2267255
27447094 2727715 0 1356112
27447094 1578585 0 2987225
1590310 3742622 6520048 0
18877384 0 27447094 3088301
5740127 0 0 3651548
21375441 3742622 27447094 2453009
0 2782927 8294369 3742622
25168415 0 27447094 2660045
27447094 379028 23828817 3742622
0 1703008 27447094 1965386
15164609 0 27447094 3224270
5408553 3742622 14648155 0
0 2897250 3482070 3742622
8645171 3742622 0 1661365
24942692 3742622 0 1219614
0 341006 27447094 661318
27175675 0 27447094 2477813
11372 0 27447094 2576846
27447094 2385301 13367239 3742622
25891676 0 27447094 2642978
20582549 0 0 3309556
11810507 3742622 22875924 0
0 2334859 27447094 516133
6391083 0 21909181 3742622
0 1836568 27447094 3630686
15210977 0 24741132 3742622
27447094 2148352 0 3292489
0 1993764 17070021 0
7337431 0 8174642 3742622
11351725 3742622 14891597 0
1330604 0 0 1030328
0 2196131 16310334 3742622
14141999 0 5648546 3742622
2766050 0 3820200 3742622
27447094 2072778 11487178 3742622
0 1969363 19280660 0
4671104 0 17092107 3742622
0 3687183 27447094 3738830
0 392179 27447094 2133910
0 1024887 23411311 0
27447094 3682311 1798417 0
15581194 3742622 27447094 3150547
0 508532 4642719 3742622
26074117 3742622 27447094 3562870
14520461 0 22159376 3742622
18262256 0 0 2517410
827610 0 0 1489809
0 1469286 10124432 0
25220462 0 18863672 3742622
18337640 0 0 3518824
0 2149383 13486293 0
12632241 0 27447094 371208
27447094 1294797 0 1000893
0 1976206 10484614 0
0 1650109 20046429 0
0 330513 10201558 0
0 3269076 27447094 902104
0 2423176 11739871 3742622
15815980 3742622 0 784313
27447094 2218038 0 1509068
0 723677 19386751 3742622
12319603 3742622 0 2827587
22152100 3742622 25052931 0
18930528 0 0 967659
27447094 1386287 8859392 0
27447094 3249044 18124985 0
27447094 1764244 0 972208
24640470 0 27447094 3240711
26579253 0 0 3325882
2127329 3742622 6943140 0
14772263 3742622 27447094 3024674
0 2114312 921164 0
27447094 3071583 14001797 3742622
11429713 0 7802684 3742622
23313333 0 0 2756646
0 315250 15317106 3742622
27447094 401591 0 396038
22074263 0 0 2037130
27447094 2797459 0 682375
20354420 3742622 27447094 1760720
0 1861792 27447094 2250977
566132 0 0 2513197
27447094 755087 0 1603321
0 1664951 23519126 0
12422010 3742622 13791801 0
25916249 3742622 13694465 0
0 3054752 27447094 3557769
27447094 3287276 7953362 3742622
0 2558582 5191288 3742622
17763032 0 23720579 3742622
0 359243 27447094 1542861
14757343 3742622 13332312 0
9992026 3742622 27447094 1562768
19546707 3742622 1240553 0
27447094 2783189 146701 0
0 2682688 25733286 0
27447094 2891784 21378341 3742622
238941 0 27447094 601031
27447094 1207436 0 1578487
0 1339492 4500343 0
6708502 0 27447094 3052208
27447094 1287178 0 2839962
27447094 3139422 14513004 0
0 780778 27447094 1409882
3224678 3742622 0 833451
27447094 1933735 0 2355352
25262754 0 0 3107127
0 3718960 16361560 0
0 1705580 18366170 3742622
25518794 0 0 1964469
24771389 0 27447094 1620762
0 3098934 9404373 3742622
27447094 1053896 13432951 3742622
0 375105 12131021 0
19745341 0 0 787761
8934560 0 27447094 2902571
1669501 3742622 0 1477394
0 526043 9787511 0
15230052 0 27447094 17170
0 266468 27447094 946756
0 306317 27447094 1869103
0 2318181 27447094 3191141
27356570 0 0 1986183
0 95457 10515849 0
27447094 2634431 0 2991769
22586100 0 27447094 65793
0 2714404 17556889 0
27447094 2036663 6074805 0
24573834 3742622 27447094 3179930
27447094 2710406 22683065 3742622
14774001 0 0 2162634
0 279026 27447094 75641
10303049 3742622 15685266 0
8811422 0 13163351 3742622
0 788136 2189320 0
0 1559016 836425 3742622
27447094 665157 0 651109
27447094 1833369 14841803 0
22763484 3742622 13131954 0
27447094 76514 11788451 3742622
27447094 2378232 3769515 3742622
0 2802186 22919895 0
12147354 0 0 960443
26345650 3742622 27447094 840022
0 1021816 15330343 0
27447094 140865 0 268113
0 3487459 5978104 0
26554110 0 27447094 2534325
20141582 3742622 0 443267
0 2803576 14690931 0
24899219 0 14841868 3742622
27447094 564062 12622129 3742622
15957844 0 23186902 3742622
0 1332423 27447094 2376797
27447094 2690418 2715490 3742622
8795953 3742622 27447094 2312423
16895839 0 27447094 2710470
0 996929 14052533 0
27297927 0 3513293 3742622
8532588 0 21783291 3742622
19062298 0 0 3366646
27402534 0 27447094 2192662
17454233 3742622 27447094 2723007
79771 0 16791336 3742622
796179 0 6085673 3742622
2951967 3742622 25486996 0
0 367297 8592286 3742622
7474319 0 24322203 3742622
23839398 0 13116766 3742622
1833451 0 18035473 3742622
8415280 3742622 0 1807682
18681827 0 27447094 2609488
17881483 0 0 3254796
11769011 3742622 24797008 0
2583805 3742622 13925870 0
0 1147809 26699390 0
27447094 1102344 8796298 0
4697983 0 0 847140
12457636 3742622 27447094 1432832
19934442 3742622 4751872 0
17019031 0 15064456 3742622
8286479 0 12423280 3742622
27447094 2154780 4804891 0
12036517 0 27447094 286674
27447094 2659305 0 3380358
14841104 0 27447094 2381910
27447094 437167 7314806 3742622
629004 0 4175184 3742622
5626631 0 0 533638
0 1728000 27447094 2053136
23775907 0 22377709 3742622
0 1086382 22324285 0
1556176 3742622 11965066 0
12333195 0 10524406 3742622
18701220 0 27447094 2312200
0 570423 27447094 2086779
27447094 1855746 19319150 3742622
18430657 3742622 2371796 0
0 1281792 23090234 3742622
24369465 3742622 0 161451
0 579559 10311860 0
9873865 3742622 16128459 0
0 3578052 27447094 815870
9353188 3742622 11495702 0
27447094 1894667 18404633 0
0 860898 27447094 1291413
0 2515297 16904261 3742622
12218440 0 27447094 1107581
27447094 3578829 10766686 0
10496931 3742622 9329991 0
18782981 0 27447094 2021295
24390042 0 0 2787694
0 2953213 14053176 0
6414174 3742622 6434680 0
0 1112344 27447094 3099077
0 3221195 4729524 3742622
24865855 3742622 19739414 0
11112373 3742622 18866891 0
27447094 1479471 25328013 3742622
0 2736094 13155816 3742622
0 3008066 27447094 3279579
0 3133705 27447094 2506292
0 281333 24270939 3742622
27447094 3467632 0 1993070
23807723 3742622 27447094 1616190
27447094 228639 7255179 3742622
27447094 767631 6535115 3742622
22631881 0 17671705 3742622
0 2750255 24041548 3742622
14147809 0 0 484522
8736193 0 26235871 3742622
27447094 3257778 11671421 3742622
122548 0 27447094 144111
9643349 0 16583910 3742622
1388204 3742622 27447094 3104412
0 2302073 10025205 0
12107069 3742622 16704702 0
0 1687467 27447094 3232496
17228386 3742622 0 3477875
0 743418 13132605 3742622
0 1861919 2121759 3742622
18048223 3742622 27447094 2055092
5511496 3742622 27447094 332225
0 1571781 27447094 1588648
0 3527477 27447094 3350369
3931875 3742622 0 1242512
27447094 1729097 22421520 3742622
4445414 0 27447094 1860200
27447094 2690548 156444 3742622
5619382 3742622 27447094 2186024
0 1553598 6465653 0
27447094 60701 24407352 0
27447094 2664394 7667183 3742622
5016049 3742622 0 1355013
8876967 3742622 27447094 1147311
0 904669 20128161 0
27447094 1199032 0 1713966
0 104624 11211108 0
6187197 0 27447094 875368
27447094 251885 23494563 3742622
19240535 3742622 24157113 0
0 1458350 21744208 3742622
27447094 3134181 0 1074361
27447094 152890 10014800 3742622
0 3423862 27447094 3181556
0 602324 10063467 3742622
25249743 3742622 0 1227798
27447094 1255937 20005784 3742622
17953535 3742622 12045420 0
0 1997821 27447094 1432985
27447094 3334901 0 2839775
27447094 1137866 6267438 0
27447094 85074 19584440 0
19092684 3742622 27447094 3176594
27447094 1304499 12447106 3742622
25029653 3742622 0 1012393
0 234916 27447094 34490
27447094 3572328 26738551 3742622
2818020 3742622 0 3590083
6007916 0 21565271 3742622
27447094 2189938 1949650 3742622
2062600 0 18592203 3742622
26760320 3742622 27447094 1777296
4775806 0 27447094 1716042
0 1644873 27447094 1525563
11593252 3742622 0 2028589
0 2227476 24392897 0
27447094 1353576 0 2296213
27447094 3348226 24917085 0
0 1863860 17723425 0
18397131 0 19700214 3742622
27447094 3374174 1637577 3742622
1887996 3742622 0 3181731
0 3295262 21814312 0
13735420 3742622 0 1211701
13043659 3742622 27447094 2238878
0 2131461 9447495 0
0 1789669 27447094 2581663
0 1712478 4120483 0
27447094 2073953 10140970 0
27447094 2315896 0 2146469
2695156 3742622 0 2001594
7743848 0 0 2816062
0 3571947 13628627 0
6947556 0 27447094 2803676
11821603 0 2738352 3742622
23441226 3742622 0 599553
14078351 0 0 1937802
8757473 0 0 3174825
11830329 0 27052725 3742622
27447094 3227970 11977355 3742622
2603139 0 105137 3742622
27447094 1219141 24572611 0
14334901 0 5426645 3742622
1274136 0 0 672976
0 3320567 16687054 3742622
26970953 3742622 27447094 1499443
10550634 3742622 0 523686
0 2875790 11522360 0
10695711 0 0 3320288
0 2042923 26225325 0
5410566 3742622 27447094 1327888
27447094 1181105 8190567 3742622
27447094 2815751 18601006 0
0 2493155 25096287 3742622
10546671 0 0 2611886
97181 0 15428930 3742622
118588 0 0 474251
2630590 0 27447094 2416227
0 3664419 10232959 0
5034446 3742622 13504868 0
23811414 0 874884 3742622
622787 0 27447094 53545
13479485 3742622 27447094 2869731
0 2506406 10743340 3742622
0 2091238 19075393 3742622
0 1404466 27447094 2077684
27447094 2141304 13461219 3742622
27447094 2379666 0 3037340
10702074 0 24877326 3742622
27447094 2491376 12025076 3742622
0 1314990 16723769 0
21062864 0 27447094 2421637
0 1667499 10701775 0
27447094 3736861 21320297 3742622
0 144955 17588050 3742622
173404 3742622 27447094 3687040
0 879545 7747825 3742622
16387032 0 14333646 3742622
16083553 3742622 12120792 0
15506977 0 27447094 3246405
2532147 3742622 0 72332
27447094 985153 0 2049025
27447094 2503473 0 2147208
27447094 974648 18651801 0
27447094 2077225 22965290 3742622
27447094 3148754 27418113 3742622
5577214 3742622 27447094 1654254
24631703 0 7269935 3742622
11170050 0 0 184774
16283421 3742622 27447094 3321125
0 2342741 27447094 301880
26871126 3742622 0 2108725
19881164 3742622 0 3055967
484179 3742622 27447094 3295285
0 1656280 11121296 3742622
0 3030497 9350012 3742622
1821473 3742622 27447094 1295949
27447094 2836815 11999217 3742622
20699986 3742622 27447094 158446
27447094 310606 0 3105339
11768056 0 22138531 3742622
27447094 523450 25024524 3742622
0 3083130 10562171 0
0 625721 27447094 1676928
0 466965 27447094 2098108
0 2092604 27447094 921723
0 3613966 2609628 0
23641072 0 27447094 2297434
21765882 3742622 0 2949159
0 3014171 4795780 3742622
20606972 0 0 3356518
837535 3742622 0 68712
0 1732803 9017349 0
13794759 3742622 0 3546738
0 828401 27447094 1972371
3891947 3742622 13851966 0
27447094 1134067 14956597 0
27447094 1559875 0 3442925
17588440 0 24667478 3742622
27447094 2363509 25387078 3742622
27447094 3512118 16579176 3742622
19418399 3742622 408261 0
14806582 0 15690721 3742622
15381151 0 27447094 2453176
14638728 3742622 0 3287689
27447094 121416 10339124 0
0 3734578 27447094 2135493
27447094 3551656 15974868 3742622
0 601860 22639566 3742622
24877951 0 27447094 2570146
0 986627 22069166 3742622
14639377 0 0 3488166
0 1864153 17582541 0
0 377094 13781109 3742622
24845893 0 27447094 319107
11495551 0 27447094 615893
3758118 0 17142182 3742622
27447094 2009525 15173633 3742622
0 193878 27447094 2080627
0 1999195 11579949 0
10756000 0 20787882 3742622
17524458 3742622 0 1348568
5819263 3742622 27447094 964411
0 885681 27447094 3545869
13721908 0 21592033 3742622
27447094 2510128 14443795 0
11136148 3742622 0 3406102
23146501 3742622 24940819 0
15611586 0 0 1190219
17994713 3742622 0 699620
20106671 3742622 9662071 0
16955304 0 0 1405860
0 2375597 11195038 0
26754987 3742622 0 427351
27447094 2635 24807211 3742622
13509627 3742622 27447094 3190586
23493291 3742622 27447094 485210
27447094 1701598 11348684 3742622
23591964 0 0 1069409
0 2642253 10526782 0
27447094 824840 0 2467666
12848991 0 27447094 3271069
27447094 799904 0 378159
27447094 597756 2822654 3742622
27447094 13735 8735596 3742622
2694138 3742622 27447094 1276528
22783142 3742622 10815580 0
0 192326 7602292 0
27447094 1709472 25418779 0
27447094 1674781 4112578 0
27447094 3080859 26202240 0
12497795 3742622 27447094 3390384
3900097 3742622 0 3031191
27447094 123185 0 2808711
0 152322 27447094 578748
27447094 1605522 0 3636354
0 384031 14603947 0
22104274 0 27447094 3321546
23388285 0 22895868 3742622
9375046 3742622 27447094 2861373
27447094 530380 8258154 3742622
27447094 1439320 26185003 3742622
27447094 1837100 22744619 0
13017902 0 15371418 3742622
0 2938258 27447094 3292414
11165352 0 27447094 2788175
16040282 3742622 16411703 0
0 2268453 27447094 1471613
27447094 1971859 27217964 3742622
27447094 2020305 26133264 0
25587323 0 27447094 288009
14474074 0 27447094 1162561
0 1242503 5075115 0
9340606 0 19568055 3742622
27447094 2384187 0 1916993
0 1081921 21683337 0
27447094 442819 15592877 0
27447094 1678608 0 2888237
27447094 1357723 2915326 0
0 2343056 27447094 1668255
930863 3742622 0 2417495
7274482 0 23440136 3742622
83164 3742622 0 15651
0 3094204 8943926 0
25613118 0 27447094 2971323
27447094 3701581 0 293395
27447094 3381278 3037387 3742622
27447094 1316720 11032456 3742622
0 3189772 17100396 3742622
2704390 3742622 18085463 0
10224575 0 2318953 3742622
9761729 3742622 8457187 0
1367076 3742622 16027558 0
14776817 0 27447094 3270765
0 3358895 15029202 0
0 2633737 386581 3742622
20819714 3742622 0 3125428
27447094 561233 10049468 3742622
0 1137003 27447094 2271293
2412226 3742622 27447094 98235
22118078 3742622 15052202 0
8731857 0 0 1026122
24746464 0 1336082 3742622
26657729 0 27447094 1859242
0 2073609 8955919 0
11852419 0 27447094 3062561
0 418980 4239727 0
11570288 0 4808358 3742622
27447094 1080787 6941296 3742622
0 1476496 27447094 1258795
27447094 1349785 0 1599936
0 796682 27447094 1003185
13216688 0 15959718 3742622
27447094 1121911 0 2448121
0 2507705 15828989 3742622
6730943 3742622 0 1671641
22330878 0 0 776258
0 477336 20175930 0
21920843 3742622 0 51925
0 2098840 20200218 3742622
27447094 864815 0 1214975
26105405 3742622 3588820 0
0 1625628 12903406 0
0 3411262 10267314 3742622
9503255 3742622 0 2365009
22374686 0 27447094 3726722
9805719 3742622 0 1139623
0 2795892 6204122 0
15096485 0 0 2970968
3542749 3742622 16501006 0
1864312 3742622 0 3611504
27447094 1251538 19042000 0
27447094 3006757 0 969556
1287898 3742622 27447094 1577787
27447094 1910165 14136637 0
0 250301 10646736 3742622
7553836 0 24131924 3742622
0 1049197 23617434 0
27447094 3465270 0 2530159
14618346 0 0 587130
0 3708324 27447094 1866524
27447094 2852698 14461450 3742622
0 2494836 17708578 3742622
10134945 3742622 20708312 0
17095803 0 0 1427196
27447094 2353060 4122847 3742622
0 2123124 22351918 3742622
2261106 3742622 0 1837934
23735683 0 27447094 3339271
28877 3742622 18618832 0
0 1446739 3732597 3742622
18415506 3742622 0 2177392
19998256 3742622 27023818 0
0 1099697 8760402 0
27447094 3514174 0 144931
20026923 3742622 27447094 3503280
0 67323 27447094 3128912
2425859 0 0 1519190
13517571 0 0 2906841
27447094 1474450 15395769 3742622
6200835 0 27447094 1304247
0 553443 24643272 3742622
3071297 3742622 0 1091979
22515835 3742622 13126544 0
27447094 1742111 6291506 0
21605626 3742622 14251398 0
14665049 0 0 456287
27447094 1209970 0 3628451
0 1966263 5048445 3742622
0 868026 4159545 0
27447094 1600509 18880792 0
12107523 0 27447094 2422528
13151039 3742622 27447094 3514729
0 3298528 4357138 3742622
0 419063 7333907 0
0 2343579 27447094 1484470
0 1559237 27447094 2262290
5964409 0 0 142253
27447094 2876642 25591324 0
27447094 1895556 22206915 3742622
4947431 3742622 27447094 1926632
4604760 3742622 6164730 0
27447094 1041446 0 705229
0 1794258 15571761 0
0 916470 21092253 3742622
0 203346 9882984 3742622
14617062 3742622 27447094 1968238
0 1674497 2629066 0
0 494610 6179092 0
7138816 3742622 27447094 3010414
25645405 0 27447094 2456082
21777866 3742622 17039185 0
27447094 412770 11245263 3742622
20978767 0 0 203307
5963419 0 27447094 1461830
27447094 2662392 15635187 3742622
0 1197495 4740418 3742622
27111701 0 0 2756661
11216674 3742622 2505690 0
26686882 0 27447094 651253
8405083 3742622 27447094 1886195
27447094 3368018 0 2372776
0 857613 27447094 2059406
27447094 767644 21407653 3742622
27447094 718674 12453487 0
15129283 3742622 0 1167639
15594879 3742622 0 553946
27447094 838918 0 2496325
17403751 0 17861931 3742622
23845027 3742622 27447094 3055372
0 2314047 19706912 0
8323870 0 0 3715647
0 85976 26671355 3742622
27447094 1154622 11069559 3742622
27447094 2889018 12586712 0
23419010 0 27447094 754865
18400844 0 27447094 337763
7267136 0 0 2728414
10446781 0 0 3326039
27447094 1956598 0 69031
6215361 0 0 2948745
18365381 0 26859086 3742622
0 3510908 12307829 3742622
1967884 0 27447094 2039499
17614453 0 27447094 3444899
0 1971897 27447094 719458
24852070 3742622 20194109 0
0 3339761 3562857 3742622
27447094 3633699 4398875 0
0 2213650 27447094 3320648
12922250 0 27447094 123384
4918273 0 0 2001670
14885954 0 23424385 3742622
2979446 0 0 2942144
27447094 831457 10340670 3742622
7425982 3742622 15194181 0
0 3301149 3072834 3742622
2535086 3742622 0 552046
0 3534925 27447094 99066
17069876 0 0 449962
27447094 3085306 0 2282310
5882334 0 27447094 2674651
15686161 0 7431642 3742622
0 1560218 14020185 0
0 3308071 7217482 0
13498385 0 0 3247247
11204213 3742622 0 223238
27447094 3291237 0 973544
27447094 369302 0 2162363
4021788 3742622 26956100 0
0 1958747 3594789 3742622
4230094 0 0 2867933
19752246 3742622 0 3573234
27447094 3241852 12077503 0
27447094 983559 12473513 0
0 613193 11294180 3742622
27447094 3316022 0 2488840
6236023 3742622 27447094 1607009
0 1338055 27447094 3526019
15858595 3742622 27447094 1702530
21924191 3742622 27447094 1718997
14120769 3742622 0 3035429
13980078 0 27447094 1400780
0 2189240 5846523 0
4517137 0 0 117903
14114075 3742622 0 1483394
25323118 0 27447094 2266735
0 1453671 27447094 289632
12663923 3742622 27447094 2844950
26791097 3742622 0 3263566
0 1386311 2048223 3742622
0 2174232 690234 0
24097878 0 27447094 2456464
0 3248566 22272062 3742622
27447094 1774324 12801164 0
0 3583913 7019108 0
0 610190 27447094 3370410
42223 3742622 11099082 0
27447094 3176384 0 3216342
27447094 1757676 27104953 0
1428899 3742622 27447094 2363702
5614470 3742622 27447094 536111
27340907 0 16648450 3742622
0 2024411 27447094 785116
26805136 0 21268022 3742622
7030 3742622 0 2487119
9019208 0 25001914 3742622
0 2227236 22183540 0
10085844 3742622 16883264 0
6839246 0 22080757 3742622
27447094 3561837 0 2276594
4739045 3742622 0 3630968
0 1113370 4461233 3742622
23533334 0 1321832 3742622
0 335759 17996064 3742622
23640243 3742622 1842699 0
6107095 0 27447094 3548714
3464817 0 25021444 3742622
27025078 0 790259 3742622
0 3701707 21869390 3742622
0 2146784 4188371 0
15184942 3742622 27447094 202845
0 3239186 27447094 2596958
27447094 1249992 9647520 3742622
21959786 0 27447094 3588389
0 320296 1601594 3742622
3690550 3742622 0 892835
20661594 3742622 0 1110124
0 1442748 27447094 1304808
24539704 0 27447094 2864988
27447094 612531 18152361 3742622
27447094 459650 9131839 0
0 1857435 27447094 2408754
27447094 801331 19364774 3742622
0 2217215 27447094 956343
15249245 3742622 18274978 0
22050910 0 27447094 1905763
6951452 3742622 0 3691393
0 2465604 16449869 3742622
6328708 3742622 10760436 0
17195352 3742622 0 2509683
27447094 2819808 11911506 3742622
0 2676549 25115308 3742622
4613372 0 0 362891
0 442932 18054671 3742622
0 1888766 21408385 0
17033116 0 27447094 3404697
27447094 2326788 0 1682921
27447094 3257470 19410053 0
2411235 3742622 27447094 742880
7411839 0 26162805 3742622
27447094 522938 0 1450746
5093467 3742622 0 2442110
108167 0 17943680 3742622
27447094 2864508 15649604 0
27447094 3617175 22796347 3742622
24974737 3742622 0 3595721
1404330 3742622 8171905 0
25715747 0 0 2512667
27447094 539042 0 2943271
27447094 824998 8721358 3742622
14882806 3742622 27447094 454287
21113102 3742622 27447094 1461406
9333700 0 7908032 3742622
27447094 1358393 15938848 3742622
0 2809474 8626057 3742622
22596999 0 0 1670444
21513091 0 0 1518980
27447094 601826 0 1715290
27447094 2930917 0 1099481
21636882 0 27447094 2064988
8975566 3742622 27447094 516953
22172082 0 27447094 1914421
27447094 989458 15243593 3742622
15527552 0 27447094 2500291
27447094 1891095 26487260 3742622
16936935 3742622 26264306 0
13425405 3742622 8829777 0
23612942 0 20808671 3742622
0 849457 20125967 0
27447094 1565851 0 526435
0 2958494 26375958 0
1184117 3742622 0 3222665
2529771 3742622 27447094 1787066
9859437 0 0 3719089
23591615 0 6722998 3742622
27447094 294321 3658527 3742622
12241010 0 0 475526
22536618 0 27447094 2202320
0 3548733 14392833 3742622
16286025 0 27447094 1348284
27447094 3489674 9364596 3742622
19458534 0 20992656 3742622
15356042 3742622 16333640 0
0 2460273 27447094 3616039
8331668 0 0 3389327
668592 0 21668961 3742622
27447094 304320 0 1145977
0 864035 5874645 0
21627546 0 27447094 420918
4167571 0 0 1371627
27447094 3449787 0 611932
13789759 3742622 2770954 0
27447094 248142 0 878249
0 870781 27447094 3525793
27447094 3385352 0 1441288
27447094 2576629 11357271 3742622
27447094 1275430 15743533 0
0 1026519 6531053 3742622
0 341237 12202451 0
23499787 0 0 3362427
3182387 3742622 7163393 0
0 974121 27447094 1482656
27447094 469197 13427391 0
0 1950476 27447094 903266
27447094 3547078 13804687 0
27447094 2199882 25207565 3742622
27447094 2889096 17356333 0
0 301996 4507292 3742622
27447094 2415907 0 75872
22765518 3742622 27447094 1208969
6501213 0 27447094 2420144
11174863 0 0 413103
27447094 1787814 0 2406478
27447094 850121 3120400 0
1755021 3742622 11483102 0
7762808 3742622 27447094 1085153
19934781 3742622 15698305 0
23279977 0 11620300 3742622
8268177 3742622 7545171 0
27447094 32509 4910637 3742622
8019627 0 825253 3742622
14489819 3742622 3910004 0
0 3138285 16284009 3742622
0 782659 9333476 0
27447094 3085143 0 406625
27447094 3091401 22885624 3742622
14175449 3742622 0 1608772
0 642067 21931601 3742622
5111529 3742622 0 3067617
0 3465128 27447094 2451372
0 2113760 27447094 304027
13391646 3742622 0 1233788
2348077 3742622 26353320 0
3293810 0 27447094 2061063
20298800 3742622 27447094 1499330
0 3271918 11002724 0
0 1924468 27447094 2345841
8670410 0 19967597 3742622
14935273 0 0 3548731
0 3296750 9831530 0
0 1083861 17043766 0
0 1923373 27447094 2276025
0 1417865 19715670 3742622
23516378 0 0 363223
0 2266902 21009280 0
0 3373294 27447094 1216221
27447094 844233 3080285 0
27447094 1101132 24472868 3742622
7502437 0 0 3471613
27447094 3080436 11551735 0
23052494 3742622 27447094 2514597
17257127 0 13245715 3742622
10944238 3742622 0 1611959
27447094 1435744 0 628233
0 2362381 6644671 0
27447094 551296 11459415 0
27447094 696742 18716634 3742622
26500617 0 1152541 3742622
8086303 0 27447094 1443719
17876676 0 27447094 452179
27447094 244304 17470016 3742622
26214157 0 0 3433878
12370050 3742622 27447094 1472440
27447094 1207309 5909426 3742622
0 3443972 9113887 0
23627327 0 0 519906
24613518 3742622 27447094 1145385
6139085 0 27447094 2458232
9037702 0 3102405 3742622
11118889 0 27447094 2139353
25379950 0 14121756 3742622
12167559 3742622 27447094 3634101
12995202 0 27447094 1308930
24639801 0 13591660 3742622
27447094 1133947 12263724 3742622
11012723 3742622 23495359 0
27447094 3243475 25885602 0
1839798 0 0 1565995
0 292300 22424165 3742622
0 1001057 27447094 1187629
27447094 1751061 2840168 0
26991277 3742622 27447094 572911
0 3239412 3166804 3742622
13032818 0 27447094 3407616
27447094 592949 0 2379411
27447094 1474395 8639754 3742622
27447094 1600427 12314796 0
27447094 1236816 0 616343
20874768 0 0 2471752
0 3416253 27447094 653520
0 510700 16834094 0
0 746964 12665030 0
27447094 3040967 2419304 3742622
6388722 0 5014761 3742622
6688314 0 0 3497000
0 1179895 7631593 3742622
9391979 0 27447094 1042385
0 912733 24429386 3742622
27447094 165527 2212508 3742622
27447094 3210229 3731240 3742622
6853471 3742622 0 860156
27447094 369174 0 3208002
6723750 3742622 0 953883
26559048 3742622 0 2399154
12469335 0 0 3130772
2061099 3742622 0 668206
22897853 3742622 25322001 0
0 534040 1794891 3742622
26728287 3742622 12605011 0
27447094 1254385 0 487173
0 1066257 19956216 0
4988310 3742622 18441471 0
27447094 22628 18426192 0
1120126 0 6721897 3742622
27447094 2661032 19364495 0
0 2331625 1498859 0
27447094 556087 0 3091882
27447094 3119794 0 189919
3315531 3742622 0 1200472
2027665 0 0 55601
0 2597272 27447094 2908215
12956854 0 12231091 3742622
27447094 2864077 19084516 3742622
591977 0 0 3170039
0 3190264 27447094 3054760
0 2948557 27447094 51958
0 1142669 27447094 1791855
26373163 0 0 1531888
22923226 0 27447094 1581222
19830998 0 10627230 3742622
0 2189052 18306153 0
27447094 2308187 13246172 3742622
16191999 0 27447094 1575912
0 2403962 1733452 0
0 2242901 7761997 0
0 2888999 8169274 3742622
18054707 0 3125765 3742622
0 1077946 26343294 0
25148740 3742622 0 3715153
27447094 1861271 19617626 0
8799925 0 0 101580
0 2174836 10475065 3742622
0 807382 12796419 0
3493757 0 27447094 1101936
0 2718290 2323309 3742622
24935918 0 0 2338211
11935585 3742622 27447094 2260910
1011634 0 27447094 212521
0 3626073 27447094 1543325
27447094 820695 20802649 3742622
0 3292697 27447094 2757193
23706042 0 27447094 3672902
27447094 1012074 8210846 0
27182207 0 0 2126526
17740663 0 27447094 2603629
22928558 3742622 3403522 0
27447094 2202137 0 407765
0 341334 18015079 0
26377860 3742622 0 260434
23519699 3742622 0 3599896
27447094 2551909 8358393 0
25776206 3742622 27447094 1345117
0 1132298 7426850 3742622
17392055 0 27447094 2261577
0 471507 25797164 3742622
19171455 0 25624793 3742622
27447094 2189474 3981020 0
8409921 3742622 0 3503368
27447094 904391 0 3165564
14763511 3742622 27447094 600430
0 1693212 27447094 517873
8017541 0 17685458 3742622
7319112 3742622 27447094 55014
27447094 218052 21348233 3742622
13147832 0 27447094 1238044
27447094 1972312 11564166 0
14350462 0 19115500 3742622
0 979366 15716824 3742622
4661257 3742622 26185970 0
27447094 3509274 1316652 0
19979036 0 27447094 808611
27447094 3110647 1124427 0
27447094 2755451 13743586 0
0 1792032 15832544 0
27447094 256092 4174865 0
19112459 3742622 0 3048950
2538475 3742622 0 1848203
27447094 857875 0 1777829
27447094 321572 8990972 3742622
15794790 3742622 27447094 2832681
19497086 3742622 27447094 3349181
8792276 3742622 0 1543248
16190560 0 7217553 3742622
13609609 0 27447094 1438701
7740867 3742622 27447094 2708502
0 2282357 19596202 0
0 2318035 25568423 3742622
27447094 1087491 0 1730312
0 154914 27447094 3555917
0 2912034 16088095 0
22697798 0 0 2580509
21741112 0 7594358 3742622
12777732 3742622 0 1732964
27447094 1282003 0 954768
15841813 0 20077438 3742622
0 613324 20035460 3742622
27447094 1132580 27302759 3742622
27447094 1623572 10590367 3742622
23252985 3742622 0 596130
27447094 2289288 0 291699
7574829 0 27447094 3022527
0 1350800 5987970 0
8701 0 0 3608295
22485460 3742622 0 1408949
8279760 0 27447094 1829682
9245854 3742622 13976146 0
17579402 3742622 0 1635283
0 3480337 27447094 1986932
0 539869 26857567 3742622
27447094 404350 0 2663806
4545414 0 27447094 2298914
18655604 3742622 24694751 0
27447094 3354974 16101455 0
3269306 0 27447094 3305901
13541103 3742622 27447094 2797079
0 1823080 22384118 3742622
0 3610563 20352307 3742622
663559 0 0 911042
0 2334039 27447094 3190256
3342746 0 15541068 3742622
27447094 3282789 0 2770904
7005306 0 0 376782
2124584 0 27447094 1803130
3345532 0 27447094 1497162
27447094 3127997 56410 0
4039708 3742622 14947975 0
27447094 359319 0 2013748
0 2869621 14620533 0
0 1176121 6066498 0
17810836 0 27447094 907952
15167214 3742622 27447094 473870
14922473 0 0 1324795
5537716 3742622 0 2278490
27447094 1493967 3396625 3742622
25569009 0 27447094 1318081
25541853 0 0 1811177
0 2928501 20549305 0
10801430 3742622 0 2941629
9601613 0 0 3277217
15705750 3742622 27447094 476672
18800291 3742622 27447094 821739
12653550 3742622 334399 0
0 3706092 9198068 0
1069027 0 27447094 1462203
12620295 0 0 467705
27447094 2587419 17857377 0
2471200 3742622 0 3435437
24851498 3742622 0 3466911
0 2465895 3283260 0
26117684 0 27447094 2220819
0 787210 21696134 3742622
0 2559801 1463179 3742622
0 64437 23140341 3742622
26130068 3742622 1509681 0
27447094 2432713 0 3619849
1356474 0 13878678 3742622
0 2381139 7188140 0
13005818 0 7793502 3742622
8229192 3742622 27447094 987598
1085598 3742622 0 1633663
1329584 3742622 27447094 2623119
27447094 2386419 0 334204
0 2735163 5136681 3742622
8171006 3742622 27447094 309540
0 2293877 10038837 3742622
27447094 379413 11400254 0
27447094 1029140 0 1581466
16796381 0 20427092 3742622
27447094 331874 1386631 3742622
0 2854305 27447094 3341138
9839508 3742622 6539622 0
27447094 2799161 11716307 0
7969414 0 22248484 3742622
18267371 0 8898072 3742622
0 2008273 24805116 3742622
0 272071 3443 0
22089662 0 25044946 3742622
779264 0 27447094 1125318
25990757 0 0 786919
27447094 1013031 17778156 3742622
27447094 3169954 5827797 0
7426106 3742622 0 934095
0 3265861 27447094 586068
0 1863127 25059874 3742622
27447094 3660519 0 382913
13925230 0 27447094 925394
27447094 644038 13974893 0
0 2517177 18178027 0
0 3335968 10131967 3742622
14124989 0 0 2102747
12999359 3742622 2338410 0
27447094 2772352 14064123 0
0 1243954 27447094 190481
4145743 3742622 27447094 2250826
18583821 3742622 0 948449
540773 3742622 27447094 2540460
0 1084577 27447094 1303258
0 2219460 25563700 0
0 136711 27447094 3026714
13088294 3742622 15864447 0
25796019 0 27447094 3462659
27447094 2244664 683540 0
0 1442638 27447094 1628745
0 31431 25482326 0
1347267 0 3903786 3742622
0 2944384 22821018 3742622
0 63282 27447094 3214309
6182910 3742622 0 2984843
26018933 3742622 27447094 2768190
0 2314200 27447094 3638625
12884805 0 0 1846309
0 1532176 27447094 281218
0 1785079 20841409 3742622
27447094 464086 0 3666400
22361295 3742622 27447094 833843
20830917 0 11813188 3742622
21865676 3742622 27447094 623845
14671920 0 10225817 3742622
27447094 1863742 0 923768
12215831 0 27447094 2591817
291402 3742622 7504955 0
16874839 3742622 15619414 0
27447094 865000 20595288 3742622
27447094 1382271 12824303 0
0 766117 526639 3742622
11502852 3742622 27447094 3673157
0 2714159 27447094 264090
27447094 2920339 18404021 3742622
27447094 3059652 0 2956987
24918363 3742622 923654 0
27447094 167700 26846732 3742622
27447094 414931 0 2320837
26749291 3742622 25488656 0
27447094 1061480 0 1244302
10623783 3742622 0 181572
16075180 3742622 27447094 477766
27447094 3003782 4474715 0
0 2197848 27447094 908320
0 3590471 1938426 3742622
609771 3742622 27447094 2050407
24965134 0 27447094 236965
27447094 2515189 15814386 3742622
27447094 629423 0 3533752
21227361 0 7143514 3742622
17290153 0 23746550 3742622
24289447 0 7660269 3742622
11959075 0 222169 3742622
997768 3742622 21598995 0
26046522 3742622 27447094 1545996
0 840085 19013702 0
0 3565424 4906521 3742622
27447094 2590646 23340961 3742622
21182973 0 27447094 2743283
15575709 3742622 7546622 0
11196191 3742622 0 2515736
0 921838 18519407 3742622
2337372 3742622 1914765 0
0 1422727 25459928 0
27447094 1276508 24445583 0
27447094 2212894 0 2621485
15517516 3742622 27447094 1484497
27447094 1481560 0 594555
0 272214 6604028 3742622
16548584 0 27447094 362503
0 2452552 27447094 2312396
27447094 1945711 22907367 3742622
14543759 3742622 0 933399
27447094 493198 1915001 0
9717423 0 16635649 3742622
0 1154753 27418112 0
2619738 0 0 2827891
18028295 3742622 0 3387318
11966746 0 24821231 3742622
26380973 0 0 2061930
19483173 3742622 27447094 2410177
8800225 3742622 27447094 3095234
24702978 3742622 0 1785051
0 1592407 27447094 2723749
27447094 271853 8795266 3742622
6313205 3742622 27447094 283139
0 862746 27447094 1936387
4323091 3742622 27447094 2091277
12915523 3742622 27447094 2568003
27447094 3528565 18630414 0
26749081 0 0 1333608
27447094 1610378 27208287 3742622
27447094 878153 2316561 3742622
27117034 3742622 27447094 440643
22822264 3742622 27447094 482361
8499595 3742622 27447094 3740799
27447094 2956832 568838 3742622
21938751 3742622 0 2235740
27447094 773669 25027512 3742622
27447094 2648668 0 1511051
15781045 0 3938452 3742622
27447094 1491804 25433594 3742622
8233172 3742622 0 1268561
0 2734673 9575142 0
21369278 3742622 27447094 2104206
27447094 2461205 0 2413191
27447094 784673 16392748 3742622
27447094 1283801 0 1971743
27447094 1302559 0 2933294
0 2581207 4816622 3742622
27447094 1586497 15742905 0
27447094 1305331 26241301 0
0 1040396 27447094 1516986
6574294 3742622 27447094 3331319
22434213 0 6746517 3742622
4376864 0 0 15712
13774035 0 3854861 3742622
0 140565 19197714 0
25053969 3742622 27447094 628965
27447094 3265654 3273468 3742622
27447094 2973527 0 418125
24965765 3742622 27447094 2409897
27447094 3185204 25724805 3742622
5390725 3742622 16900655 0
1098195 0 27447094 1801345
24316815 3742622 0 3352853
0 457107 12317760 0
0 581866 26515392 0
15328620 0 27447094 2183007
0 2171990 9681752 0
12253503 0 27447094 2394400
7266553 0 15341310 3742622
6115257 0 0 1117770
24637450 3742622 0 849758
0 2304559 27447094 220999
0 869298 11054293 0
0 202190 17707167 0
0 3312204 20890825 3742622
3189554 0 27447094 2995855
0 2229037 23184114 0
0 2538566 9986682 3742622
19651025 3742622 27447094 1405515
27447094 3475311 25476968 3742622
27447094 966694 19183309 3742622
18066078 0 12552323 3742622
23902884 0 16686034 3742622
0 2438996 11628490 0
5121228 3742622 0 1154150
0 3044534 27447094 1697024
0 2424636 27447094 2260595
0 1955771 3603384 0
27447094 1304102 7518655 0
27447094 2133416 16877818 0
17636845 3742622 0 2048676
10114409 3742622 0 1881187
5539460 0 27447094 1659850
17438769 0 18252404 3742622
27291817 0 0 1220469
14149118 0 7227682 3742622
17523021 0 0 3333700
21318580 0 0 471160
15875113 3742622 15439169 0
0 2907156 19369824 0
9128600 3742622 0 1909847
27447094 298702 0 3086117
15018781 3742622 11795067 0
7045223 0 27447094 1175023
27447094 565588 2977193 3742622
7374590 3742622 27447094 1900143
22375591 3742622 0 2699000
0 531143 9977623 3742622
1184193 0 0 1889855
23780376 0 2344629 3742622
26285371 0 19968853 3742622
12637531 0 27447094 2995560
27447094 518746 0 3717995
21910275 0 0 2407928
0 3355916 27447094 2585733
27447094 913255 0 3741122
27447094 1312301 9120469 0
21740842 0 17237952 3742622
3912176 3742622 0 2075718
0 887535 27447094 3468735
16911139 0 0 2932861
3895454 3742622 27447094 3543092
0 1499248 27447094 196804
9287878 3742622 0 641990
23453290 0 27447094 2075707
27447094 2416654 0 1957626
3478324 3742622 0 1625771
20335562 0 0 204130
13639403 0 0 1128634
11231017 3742622 27447094 2382910
0 3036773 3675077 3742622
19340377 0 19315181 3742622
6683277 3742622 22697096 0
5753568 0 0 361729
16068487 3742622 27447094 687217
27447094 3293052 12357918 3742622
14313702 3742622 0 62131
2325468 0 0 2762734
0 1719689 20276900 0
27447094 1111324 0 2273515
27447094 1654938 10198281 3742622
27447094 2705823 10432212 3742622
27447094 760681 0 206047
0 2227015 1832164 3742622
0 2500258 22120634 3742622
15470592 3742622 27447094 495377
27447094 3009229 12254505 3742622
14043748 3742622 25138325 0
0 1802498 22835987 3742622
1766218 0 27447094 2162385
27447094 2550644 26934306 3742622
824300 0 15693439 3742622
27447094 1425557 0 941544
23535329 3742622 27447094 1607434
27447094 2260687 24243476 0
16275959 3742622 22888274 0
0 3232840 27447094 13807
0 1562140 19107692 0
4729157 3742622 0 2712513
0 1049277 27447094 1030081
24295481 3742622 0 3424643
25502632 0 0 1643315
13456262 3742622 0 3197329
24693240 0 0 759229
638404 0 27447094 2310904
0 3064968 19344467 0
11784002 0 2936389 3742622
0 3134403 26218767 0
0 1653752 1936898 3742622
7710641 0 27447094 2922483
4588478 3742622 27447094 2923938
27447094 10280 26266848 0
0 2410057 13378436 3742622
27447094 320677 25707389 0
0 3155037 13600215 0
27447094 3365054 0 1159274
27375628 0 0 858191
0 2912220 26046616 0
13706461 3742622 10279865 0
27447094 723299 13441716 3742622
8029150 0 27447094 2092213
2345680 3742622 15197344 0
0 1727713 22900422 3742622
27447094 2695665 0 242373
0 1990131 27447094 2809337
19822519 3742622 27447094 848526
16343984 0 9066357 3742622
0 2927559 27447094 1032516
18729640 0 27447094 2220863
17199335 0 0 564797
24696637 0 20072826 3742622
2226989 3742622 27447094 1157414
27447094 301581 846654 3742622
5104546 0 7008804 3742622
13791319 3742622 0 1443334
27447094 2584233 20520604 3742622
10401555 3742622 0 1164865
5048493 3742622 2737907 0
13491774 0 27447094 253348
27447094 1907254 7070618 0
0 1421625 10205039 3742622
0 664001 5321068 0
27447094 2985396 0 1182926
27447094 2250189 6075978 0
24672265 0 27447094 1243439
0 251410 10012028 0
21546052 3742622 0 3387970
27447094 1947101 11400964 3742622
27447094 161741 0 1740719
0 1800089 27447094 1580569
16585912 0 27447094 3388465
8183053 3742622 27447094 2838007
11686169 0 24056027 3742622
20842560 0 19429566 3742622
27447094 1672553 4809184 0
27447094 2645101 0 1757848
27447094 1266266 10700414 3742622
18786463 3742622 27447094 2135764
0 793192 27447094 2627436
0 2540615 27447094 1418511
27447094 2701630 8095068 3742622
11716907 0 27447094 1633401
27447094 2048414 11437708 3742622
14688788 0 0 435184
0 2900569 16396035 0
0 346847 19301358 0
25905860 3742622 26097078 0
19193952 0 27447094 332095
0 2697080 14437493 3742622
21566743 3742622 0 2673383
9870400 0 27447094 1110502
27447094 589135 14332898 0
26236546 3742622 0 3205740
0 489787 27447094 2358737
0 1934209 18334790 0
13000641 3742622 0 661865
27447094 2933628 0 391371
7759968 0 27447094 2033339
27447094 453140 4196935 0
0 2010302 23689737 0
27447094 2935983 0 2296519
0 3332110 21965333 0
26939830 0 27447094 2282900
0 2717232 27447094 3730990
27447094 1926761 0 1992032
0 2157172 10271949 0
21551724 0 27447094 2644135
27447094 1616573 20216891 0
19337287 3742622 13807746 0
0 1931433 27447094 17339
27447094 260708 0 1611710
27447094 2160351 0 2067412
15016737 0 0 1832801
9764496 0 15274918 3742622
26482091 0 18530361 3742622
0 1138333 7233615 0
17119772 3742622 2193831 0
11521239 3742622 0 499419
0 741036 25234746 0
0 1698334 12241895 0
0 672839 2221144 3742622
27447094 599880 23839584 0
0 837622 27447094 3706426
7635917 0 7609515 3742622
27447094 867259 12792633 3742622
18461695 0 4992380 3742622
1275047 0 2470130 3742622
4330813 0 27447094 3491645
27447094 2985370 19657800 3742622
0 2496251 12722879 3742622
4740522 0 27447094 2691684
27447094 1981323 18978054 0
27447094 1112653 14727565 3742622
9415376 3742622 27447094 1304885
27447094 2098399 0 966312
1844178 3742622 12831394 0
21267004 3742622 0 2881482
15636586 0 22807488 3742622
4979952 0 0 587051
26837484 0 12783344 3742622
101055 0 27447094 560245
25936677 3742622 27447094 2544444
0 1886505 18610502 3742622
27447094 608151 12884875 3742622
411127 0 11778908 3742622
27068913 3742622 12793671 0
10851660 0 0 2845125
9174146 3742622 0 2108936
17986722 3742622 16860715 0
12607276 0 11621526 3742622
0 2750318 6128161 3742622
5020481 3742622 0 1901594
0 183243 27447094 560839
0 591042 27447094 2391690
0 3729192 11969704 3742622
26567622 3742622 0 698920
25571984 0 0 1700331
15637205 3742622 27447094 1240150
0 1906130 27447094 852938
0 212069 27447094 2290456
27447094 2358845 6746283 3742622
0 1226690 27447094 2558830
27447094 1838354 1360648 3742622
2027305 0 0 2665518
0 1977716 27447094 2300791
7510448 0 3208951 3742622
2635000 0 24305682 3742622
27447094 2128054 4236998 0
23987066 0 1392158 3742622
0 2004051 27447094 2161169
5500760 0 0 3108624
12112511 3742622 0 2924595
0 3300263 27447094 3545522
7294206 0 27447094 358411
7417456 3742622 0 1252916
0 1692317 27098655 3742622
7863010 3742622 0 502403
0 2877692 332417 0
0 1188703 4726734 0
3643577 0 5559376 3742622
26546971 3742622 27447094 3613006
0 3606047 17660235 3742622
27447094 1117285 11780827 3742622
7179633 0 19163195 3742622
27447094 1689164 18305409 0
1915827 3742622 27447094 945405
15955346 0 2317703 3742622
0 3060563 14250871 3742622
9262430 3742622 17526337 0
2284888 0 27447094 2410238
18419302 3742622 0 1035223
0 1068664 27447094 453125
1343191 0 0 3559935
27447094 1465579 23984529 0
0 1221797 14547015 0
8031861 0 8132636 3742622
6269624 0 9643672 3742622
27447094 3053341 23542730 3742622
0 1286535 27447094 2207007
11055510 3742622 0 906312
9470258 0 27447094 173171
0 1114806 27447094 3513378
23570958 0 0 3161294
12078439 3742622 18675456 0
27447094 1118350 22366889 3742622
24479360 3742622 13126048 0
27447094 164455 1707421 0
27447094 501976 26641071 3742622
27447094 3120953 25425931 3742622
10864575 0 22767862 3742622
0 884317 11251487 0
27447094 2067573 0 3225149
5588200 3742622 27447094 3377392
15566579 3742622 27447094 175330
0 603866 18351368 0
13133542 0 16584858 3742622
2616597 3742622 0 819193
2005066 3742622 27447094 3022265
27447094 873696 21232772 3742622
11531874 3742622 6074812 0
0 1629181 27447094 1281240
4447700 0 16691757 3742622
3545413 0 0 3342894
27447094 957826 18448069 0
6791005 0 0 1289975
21308521 0 6035192 3742622
25481678 3742622 0 3225140
9309506 3742622 0 216686
3255982 0 17754460 3742622
27447094 3330488 0 2088058
2344158 0 10790549 3742622
8750112 3742622 0 2506096
9781213 3742622 5477869 0
10333985 0 0 1395328
16337821 3742622 0 3311328
0 2322944 27447094 21006
3925309 0 0 28264
2160889 0 27447094 3555335
2181268 0 27447094 2209210
0 1870164 7375907 0
10281438 3742622 27447094 1353957
11247207 0 0 3045922
15101331 0 27447094 3691255
19668320 3742622 0 113913
0 2219046 27447094 879110
0 878085 27447094 2113737
27447094 3607699 10789066 0
27447094 2788352 21848904 3742622
0 1356696 18928028 0
27447094 268575 0 322895
16489875 3742622 0 1811476
0 2664417 27447094 3725533
0 3437578 857273 3742622
16147645 3742622 27447094 1599818
9556214 3742622 18300888 0
27447094 1457103 436807 0
27447094 1742147 18808463 0
5307253 3742622 0 2348861
19489718 0 0 2586789
4212075 3742622 27447094 2480247
0 2484390 7571381 3742622
27447094 3714502 0 1806046
0 2608207 5634628 0
0 1562700 18104599 3742622
27447094 2293677 0 1623738
8297865 3742622 0 1396912
0 2354021 2319809 3742622
16337281 3742622 27447094 2920765
21891407 0 0 1678911
18453628 0 0 1249398
27447094 932544 20980167 3742622
14608477 0 27447094 165183
6624199 0 0 1663197
0 3223887 27447094 2702629
5372069 3742622 24809062 0
0 1345205 19222701 3742622
27447094 2487181 27014563 0
26980502 3742622 0 2238745
20046399 0 0 872713
27447094 1508256 0 2001284
0 24065 22856777 0
6789236 0 0 971097
27447094 2002360 0 2129054
14065412 3742622 27447094 2539980
27447094 795212 23095081 0
26976473 0 0 1313827
24936825 3742622 0 561876
27447094 3627387 0 1454992
27447094 1574063 0 2824367
27447094 1212235 19605538 0
0 122404 10835010 3742622
16320269 3742622 2186634 0
23249652 3742622 27447094 1128391
104562 3742622 27447094 3026177
0 1482115 27447094 3682483
1716767 3742622 0 1855240
0 33932 26838489 0
3527660 3742622 26520037 0
1265258 3742622 0 3303608
10836913 0 27447094 1633296
21445522 0 0 1316673
16229212 0 10476635 3742622
5244110 3742622 27447094 1316870
8237733 3742622 27447094 2663989
2158221 0 27447094 2834730
27447094 1893706 12158346 3742622
0 2917120 27447094 1434459
0 916451 27447094 2761572
0 40042 23403246 3742622
27447094 3523353 6776114 0
11683683 3742622 27447094 2762350
27447094 1698253 13715156 3742622
27447094 170319 529505 0
16860979 3742622 27447094 353390
14371788 3742622 0 888538
8394367 3742622 0 1481572
18519116 0 22726370 3742622
20166387 3742622 0 1366462
3552661 3742622 27447094 1362443
27447094 3182858 27391840 0
10676326 3742622 0 1129978
0 1056998 27447094 3494285
12848007 0 0 2240917
2039859 3742622 0 1046246
0 1924261 19571107 0
23838391 3742622 0 1041475
6858880 0 6742137 3742622
22085543 3742622 27447094 2769824
27447094 3364826 12371902 3742622
13616025 0 0 2463485
0 1772195 1990836 3742622
0 3217517 2639635 3742622
15140035 3742622 0 870075
19539489 3742622 27447094 1708775
15931405 0 27447094 660417
15609105 3742622 0 2747409
27447094 3679665 12974119 3742622
12532192 0 25520769 3742622
25516767 3742622 0 2284486
27447094 1876192 10205888 3742622
6045517 3742622 5844909 0
21259975 0 27447094 652877
0 1657109 27447094 1047870
17845059 0 27447094 698308
0 508224 27447094 3156732
19161904 3742622 0 1708502
27447094 1720592 0 1833089
27447094 3161545 19584538 3742622
23773273 0 27447094 2275067
0 1493310 27447094 1956992
8564400 0 27447094 1723668
27447094 1383659 26975793 3742622
10418202 0 0 509910
0 1165134 27447094 3171974
27447094 1589479 1964485 3742622
20565772 0 0 480636
0 290126 13482138 3742622
0 2037447 22379918 3742622
3013871 3742622 0 3195027
0 2251165 27447094 3001135
0 2645790 27447094 2676964
8310366 3742622 0 513547
21359052 3742622 27447094 1170087
1682267 3742622 27447094 347416
23408446 0 27447094 356422
27447094 2451763 0 2280463
15891688 3742622 8618329 0
0 3729621 27447094 1396275
27447094 2770778 0 3088140
16308144 0 27447094 3678773
27447094 330868 0 334469
23375359 0 22570294 3742622
14118181 0 12519651 3742622
