259 25005421 49133972
25005421 41790788 0 12312208
25005421 29743068 0 20411549
25005421 33058509 0 35183030
0 40576787 25005421 36223895
25005421 5119302 18121779 49133972
25005421 8941386 7238402 49133972
0 31819792 25005421 25487578
25005421 22252183 0 45516810
0 41869555 25005421 23451696
25005421 23002610 0 34265312
25005421 20301961 0 38759663
25005421 30891955 0 11338015
0 17932779 25005421 11887584
8346004 0 0 84495
0 26862366 25005421 48596863
25005421 18084568 0 28586665
25005421 35200561 0 43212313
25005421 37787992 0 37263137
0 2373724 7183583 0
0 19666327 25005421 14364259
25005421 9785489 9438504 49133972
0 10766451 25005421 43107332
18749007 49133972 25005421 8709234
0 2677470 8940605 0
25005421 48372762 0 12727265
25005421 26143960 0 20898304
25005421 42116122 0 17677356
25005421 11228109 0 41663370
19396605 49133972 25005421 5752036
25005421 15503641 0 47990506
0 19475464 25005421 31129009
25005421 27791135 0 9941209
0 6624837 623326 0
22741478 49133972 25005421 9532320
0 5640878 24087921 0
0 15541560 25005421 36208926
25005421 6183859 14932977 49133972
25005421 17105987 0 15162651
25005421 21737669 0 38530977
25005421 44273884 0 41693851
0 13452269 25005421 48426094
25005421 30676103 0 20652496
0 38169111 25005421 38604392
25005421 14118061 0 35192704
0 15561303 25005421 46620651
25005421 4862347 0 9198695
0 6683237 25005421 3172137
25005421 6053145 22899390 49133972
0 45307855 25005421 19361056
0 17510961 25005421 12485297
0 9670499 25005421 38207288
25005421 23774962 0 36291095
0 4391421 10674797 0
16207530 49133972 25005421 7640673
25005421 33326386 0 19232418
0 18111044 25005421 33204230
0 24759288 25005421 42170937
25005421 16308620 0 46225213
25005421 10770570 229866 0
25005421 41585174 0 9644389
25005421 7172721 10133489 49133972
0 21685481 25005421 17553399
0 40889426 25005421 40438558
25005421 38875103 0 35395192
2260497 0 0 3925107
0 27176445 25005421 14363910
25005421 21111034 0 11461343
3243911 0 0 3806982
25005421 9223209 8414316 49133972
0 29085856 25005421 33293697
0 34583175 25005421 43211404
0 910278 25005421 4518021
0 40267393 25005421 31610378
0 17336499 25005421 30387393
25005421 32361997 0 42304235
19952317 49133972 25005421 5772605
25005421 22388125 0 20460352
25005421 23076051 0 37522350
15480887 0 0 6457380
3252509 49133972 25005421 8293608
0 29621841 25005421 26366040
25005421 37220017 0 48186541
1490402 49133972 25005421 10289055
25005421 17247403 0 18214921
0 24982833 25005421 30897080
0 9217826 25005421 4263554
25005421 19879801 0 33204939
0 44938121 25005421 21281943
25005421 8539645 12509014 49133972
0 248548 331809 0
25005421 47845473 0 39691127
0 39385546 25005421 33866093
25005421 20790975 0 31940704
25005421 46162129 0 46592313
0 7059268 22312367 0
19211260 49133972 25005421 9180805
0 18686169 25005421 14080289
0 45038944 25005421 35758915
25005421 16510704 0 45720708
0 32911368 25005421 48948378
0 43522341 25005421 45504502
25005421 41889723 0 32208898
0 39870286 25005421 40177407
0 8260472 25005421 4996253
0 15861279 25005421 26097434
0 7048294 2120603 0
25005421 47021509 0 34967070
1100489 49133972 25005421 5968316
0 13392342 25005421 26721697
21100211 49133972 25005421 7962868
9375926 0 0 2772903
25005421 1022026 0 8709867
0 32636139 25005421 39277531
0 6406208 16443709 0
0 20011467 25005421 35997540
17215749 49133972 25005421 5817339
25005421 14455859 0 13222622
25005421 33934452 0 41927435
0 24755642 25005421 27678257
14861128 49133972 25005421 10589151
25005421 47569714 0 24525338
25005421 42699523 0 17913615
25005421 29584842 0 48357439
25005421 26702847 0 21041450
0 3783217 11826523 0
25005421 13481328 0 36978283
0 38384342 25005421 32018022
25005421 20622768 0 16045121
24445434 0 0 8841784
25005421 32790606 0 12526244
0 31911068 25005421 24338768
0 40120142 25005421 21082367
25005421 45656395 0 15362096
3994019 0 0 4710851
25005421 22453131 0 18455198
25005421 14806088 0 22397138
25005421 41197820 0 35747727
25005421 35304520 0 26991528
0 45042425 25005421 27031659
0 14464608 25005421 13738424
25005421 31890966 0 10350897
0 4343865 3840130 0
0 2501988 25005421 408839
0 37167278 25005421 26859451
0 11376419 25005421 48073278
25005421 17773194 0 24356331
0 31112791 25005421 14049367
0 18028583 25005421 12862427
25005421 6743818 2158641 49133972
0 31828530 25005421 24156533
17421393 0 0 8046563
23601870 49133972 25005421 5618079
0 21052599 25005421 38097463
949013 49133972 25005421 8576280
25005421 37194149 0 29868445
0 27588876 25005421 22619415
25005421 13883780 0 42328157
0 11343257 25005421 40419783
0 2947372 8289035 0
25005421 31536378 0 17265797
0 26242003 25005421 24932845
25005421 34518719 0 15486216
0 20626429 25005421 34791397
22255073 0 0 2619675
0 6240494 392756 0
25005421 25918163 0 35355062
25005421 9582125 365484 49133972
0 47832136 25005421 21887336
21406808 0 0 3087082
17849192 0 0 3166225
0 573071 25005421 2121667
25005421 12422526 0 18553435
25005421 27632331 0 48104588
25005421 38566975 0 14446793
7401841 49133972 25005421 5002865
24588533 0 0 1492058
0 34401203 25005421 37424108
25005421 10177672 17862598 49133972
25005421 10047205 5263413 49133972
25005421 46485379 0 22404899
0 28862839 25005421 30288588
0 46133008 25005421 38045045
25005421 43443159 0 21366472
0 44550866 25005421 26897990
3952348 0 0 7192657
0 38830243 25005421 44618678
20326007 0 0 2193113
0 9619124 16872707 0
25005421 27600222 0 29073847
0 6887972 15068057 0
0 40451942 25005421 41934976
0 14952926 25005421 14931939
0 5435178 6615242 0
0 43084722 25005421 38121357
0 39332865 25005421 36749718
0 16243879 25005421 21962946
16485372 0 0 9037378
25005421 8543990 6649449 49133972
0 35730143 25005421 22413377
0 5579550 25005421 3363493
12808235 49133972 25005421 7746923
25005421 17884392 0 30362448
0 13118115 25005421 33198741
0 42407988 25005421 13887333
0 23643100 25005421 32757070
0 6167210 24708237 0
0 38707463 25005421 34638108
25005421 5690123 9355978 49133972
0 6814456 5624416 0
25005421 8434483 157165 49133972
25005421 38922968 0 45035347
25005421 9805060 11851782 49133972
18711301 49133972 25005421 8553911
2847126 49133972 25005421 5874980
25005421 19494167 0 37795079
0 32111147 25005421 27042551
25005421 9182164 15235392 49133972
0 24748425 25005421 38081693
0 9240409 2197899 0
25005421 13791439 0 18560553
25005421 29021765 0 47047677
3834394 49133972 25005421 5534440
25005421 8672556 24386126 49133972
0 48630239 25005421 25161124
0 3728770 8432493 0
0 31641682 25005421 29667324
25005421 10099495 18780571 49133972
0 48273446 25005421 46225666
25005421 2867565 0 9227130
0 32730671 25005421 20662058
21288316 49133972 25005421 10188750
25005421 16895012 0 13238396
25005421 48872691 0 28773190
0 42832436 25005421 42691524
25005421 32845040 0 36270626
25005421 15612212 0 26044857
0 19931783 25005421 46556712
25005421 42725635 0 21168354
25005421 14068410 0 36638157
25005421 46233826 0 25832561
25005421 25683057 0 15210247
0 4318703 25005421 4332406
25005421 26383030 0 34886738
3452821 0 0 3760708
25005421 22474359 0 47773331
0 17213544 25005421 21604175
0 36270696 25005421 35797325
0 3376913 25005421 2969841
0 45017841 25005421 24166030
0 45981807 25005421 42564830
0 30346355 25005421 42369882
0 1933999 14222283 0
0 18966304 25005421 26615882
0 8221062 9964862 0
0 4714994 22775111 0
25005421 19354349 0 27520425
24576528 49133972 0 35968189
0 1068188 2592201 0
25005421 10230475 17169815 49133972
