337 12832667 33039387
7613472 33039387 5609368 0
9361693 0 8654510 33039387
11756975 0 3402009 33039387
10334326 0 1829251 33039387
6317674 0 8119603 33039387
8594666 33039387 7283948 0
11443598 33039387 7470749 0
6235709 33039387 0 6184132
183395 0 7992362 33039387
4760466 0 12832667 22441737
3503653 0 8873055 33039387
11770021 33039387 6413560 0
131730 0 12832667 5607854
5467991 33039387 0 25556990
976285 33039387 11322925 0
12701225 0 230207 33039387
9848420 33039387 5966933 0
12832667 983391 1190214 33039387
4093055 33039387 0 15708688
2198016 0 9814849 33039387
8004846 33039387 1484293 0
12832667 14486317 9613579 0
8500920 0 11948414 33039387
4453875 33039387 0 7078845
2756503 33039387 11102786 0
5096254 33039387 0 22746954
5358350 33039387 0 12014024
11025391 33039387 5710923 0
0 15448264 6232976 33039387
8035581 0 6742218 33039387
2879327 0 7792438 33039387
4432195 33039387 0 3817895
2465094 33039387 11250722 0
7621958 33039387 8732183 0
5206071 33039387 0 31428940
11383344 0 1539078 33039387
7206419 0 12832667 32332037
5824796 33039387 0 18159265
6735810 33039387 7869510 0
0 14067382 4610285 33039387
6812592 0 12832667 7272542
7119008 33039387 9058140 0
12832667 8271600 7665090 0
10993228 0 693181 33039387
7060020 0 7256979 33039387
1523318 0 12760811 33039387
12832667 19164796 7929234 0
4248632 0 11838533 33039387
11869482 33039387 7537359 0
10894717 33039387 6922307 0
12832667 11462295 5731285 0
0 14294623 3853662 33039387
4347577 0 11118439 33039387
4520381 0 10820469 33039387
767338 0 9827049 33039387
2382454 0 12832667 30977521
12832667 31329284 1694760 0
12832667 4235569 8096732 0
1660846 0 12832667 15458018
10433394 0 2312779 33039387
7070112 0 11807231 33039387
4679186 33039387 0 7151579
1404144 0 6539145 33039387
0 3257530 4542585 33039387
6109713 33039387 0 27460616
0 10983939 4602437 33039387
12832667 4214809 6829595 0
2751960 0 7829066 33039387
7884248 33039387 792097 0
10794831 0 1686998 33039387
330395 33039387 10769461 0
8795637 33039387 826948 0
8521698 33039387 2931004 0
11620779 33039387 4640737 0
10056343 0 0 278207
12832667 199123 2598398 33039387
3083753 0 12832667 19534292
6103459 0 6594168 33039387
5773014 0 12832667 21264909
10134665 0 0 2261235
6405245 33039387 0 9658972
7184618 33039387 4459086 0
0 32528464 3791481 33039387
7040268 33039387 105890 0
12282905 0 1505243 33039387
5149335 33039387 0 13756346
5487348 0 9713103 33039387
2021777 33039387 10645770 0
68694 33039387 10736036 0
5552352 33039387 0 7959238
815423 33039387 10535774 0
5561671 33039387 0 2595472
0 10168789 6034292 33039387
4069767 33039387 0 14587582
10306322 0 1226494 33039387
0 10849588 4872898 33039387
8215850 33039387 1866121 0
12550298 0 1665441 33039387
8690423 0 9463404 33039387
8159831 33039387 3853447 0
7197157 33039387 8526587 0
190993 0 12832667 30890990
8858513 0 11233606 33039387
12832667 8815863 3151210 0
0 15475396 4588451 33039387
1700216 33039387 10705351 0
2135785 33039387 12041849 0
1526541 0 9917622 33039387
4828162 33039387 0 10596969
0 5417878 5633687 33039387
0 9147562 4120385 33039387
10281063 0 382628 33039387
0 10553234 4963184 33039387
0 25124133 6507867 33039387
6100400 33039387 0 9655802
3122163 0 12832667 22374557
0 10051235 4445545 33039387
1621140 0 6587262 33039387
11920985 33039387 153222 0
6329958 33039387 0 29575636
2561083 0 12832667 21068406
12445637 33039387 6873192 0
8909076 0 8685809 33039387
4713159 0 10465386 33039387
12832667 27473944 6322234 0
11627672 33039387 1226042 0
116060 0 9661466 33039387
9413531 0 9260407 33039387
11191498 0 1936279 33039387
9851098 33039387 20442 0
8623097 33039387 5344218 0
988674 0 8131910 33039387
3077621 33039387 12218956 0
0 14455052 4650215 33039387
2692099 0 11876220 33039387
9895325 0 0 2417746
7247780 33039387 4864668 0
7124418 33039387 8683309 0
5523839 0 8064145 33039387
3877714 33039387 0 30720022
3541886 0 12832667 28424666
4724897 33039387 0 3441174
12832667 30720686 3696414 0
9428934 0 7989765 33039387
0 32992858 3869309 33039387
254156 0 12832667 18755616
4353198 0 12832667 18298951
7341004 33039387 9146298 0
1028856 0 8063991 33039387
12675810 0 1110195 33039387
1719484 0 10182138 33039387
1646241 0 8754674 33039387
0 400505 9917095 0
4145735 0 12832667 13211375
12832667 15515983 691031 0
5702209 33039387 0 9633648
11724505 33039387 1609547 0
0 5222307 5543760 33039387
10300904 33039387 4804806 0
0 13070734 5716966 33039387
12832667 27867372 7314391 0
5564522 33039387 0 9876675
7006363 0 12832667 30712357
3626193 33039387 0 30909884
369994 33039387 10653830 0
11510406 33039387 8032830 0
9531777 0 8876433 33039387
10402919 0 3298635 33039387
9869311 0 0 2103854
12832667 25425255 6167813 0
7780624 0 7066740 33039387
4461018 0 12832667 8726660
0 10910029 4574235 33039387
12832667 2295045 248371 33039387
10744980 0 3059918 33039387
5259445 0 11358268 33039387
1539596 0 12832667 32997156
7676486 33039387 3762897 0
12832667 10213798 8025321 0
6534451 33039387 1787422 0
11803599 33039387 2442425 0
12628210 0 3365878 33039387
7821886 33039387 2627176 0
12832667 30137363 7012520 0
7069349 33039387 9288968 0
8284169 33039387 6346165 0
2155620 0 12832667 9811983
404673 0 12832667 29545378
12832667 2680071 2804867 33039387
0 4932471 4533713 33039387
7773304 0 7384077 33039387
6493822 33039387 0 32335888
10229535 0 2918766 33039387
10552052 33039387 8538698 0
12832667 5087062 4645728 0
9092394 33039387 8524156 0
726725 0 6850471 33039387
8663677 33039387 3646233 0
2985548 33039387 12115054 0
4834427 33039387 0 16250521
4967331 33039387 0 22005468
2722490 0 6775073 33039387
0 8447135 6334259 33039387
730808 33039387 12323725 0
5105243 0 8594665 33039387
3820261 0 11301950 33039387
10711757 0 2438199 33039387
2743157 0 12832667 25044288
12508404 33039387 177159 0
5128012 0 12832667 25046125
9192529 0 8983642 33039387
12832667 24959022 4800852 0
1373805 33039387 12832667 363254
12832667 4622223 435593 0
11702654 0 2190439 33039387
0 15870491 5379274 33039387
11635786 33039387 7509532 0
12832667 18185681 73432 0
4165036 0 10686992 33039387
6212787 0 7499285 33039387
4537429 0 12679807 33039387
0 19830617 5029947 33039387
1270519 33039387 12313697 0
832514 0 12832667 13284880
3676161 0 9840918 33039387
1257754 33039387 11742622 0
3434843 33039387 10877014 0
12832667 3515354 5354273 0
5175353 0 12832667 26781674
927059 0 11949958 33039387
2815800 33039387 11126641 0
5053951 33039387 0 23317717
0 23074286 5255317 33039387
7809161 33039387 2652283 0
5394566 0 9958373 33039387
0 2160994 9672593 0
5727707 0 12832667 13421876
0 29941788 5131505 33039387
0 23340213 3947379 33039387
12170604 33039387 1780963 0
12671315 0 1548133 33039387
0 10515149 6023033 33039387
0 19788510 5137089 33039387
5407612 0 12832667 7514585
9628038 0 0 2403642
10894770 0 2632625 33039387
8321038 0 12832667 5225952
8583842 0 6938609 33039387
9752849 33039387 9365562 0
547394 33039387 12832667 187113
7093012 33039387 4886606 0
1640587 33039387 12832667 3427025
12311321 0 666557 33039387
1845366 33039387 11486509 0
11402135 33039387 3368109 0
4758782 33039387 0 15195732
1624587 33039387 10805230 0
12832667 14233047 5813982 0
12832667 30852738 2964851 0
12832667 19196114 2747043 0
5725177 0 9324155 33039387
6118179 0 7429137 33039387
5414921 33039387 0 24613237
108295 33039387 11168781 0
12510875 0 1103292 33039387
2505045 0 12832667 23093595
12832667 8451174 6781116 0
0 32289512 4399558 33039387
3981631 33039387 0 28195177
10560691 0 1260101 33039387
12832667 4893624 4221423 0
12832667 19528517 1900801 0
12832667 17866753 8820803 0
6512772 33039387 7107748 0
11410750 0 3721569 33039387
12832667 32905692 7735708 0
11182523 33039387 5236803 0
10330289 33039387 5070209 0
11339042 0 1150849 33039387
2781955 33039387 12675623 0
5725488 0 12088137 33039387
2276405 0 8894587 33039387
0 29511721 4699351 33039387
7584021 33039387 8136793 0
2409919 33039387 12514249 0
16692 33039387 12832667 1733694
11814902 33039387 7521001 0
2155716 0 12832667 22089748
12832667 4597083 1416331 0
12027643 33039387 5916522 0
4018895 0 11893416 33039387
12832667 16290773 3195665 0
6254975 33039387 0 32857960
4342260 0 10788941 33039387
10163629 0 0 633564
5865433 0 12505725 33039387
7609165 0 10297018 33039387
935313 33039387 10498029 0
12832667 27975292 5535413 0
0 32058675 4414059 33039387
4436367 33039387 0 11152760
6202265 0 6947102 33039387
10192748 0 0 370444
5255217 33039387 0 10186404
12107934 33039387 1800412 0
0 29222717 5671502 33039387
12709991 0 648409 33039387
7278052 0 12832667 14634450
12832667 15267136 4904098 0
12832667 10994200 7050169 0
5355953 0 12832667 26155649
4655547 0 6604771 33039387
10274896 0 249800 33039387
11253624 0 3396666 33039387
5456573 33039387 0 2979208
800459 33039387 10320755 0
9381525 33039387 3516720 0
0 12875033 6400223 33039387
3662372 0 10644057 33039387
7271168 33039387 945170 0
12832667 15076808 8460013 0
12317884 33039387 235082 0
4954681 0 12832667 5824498
0 13375091 4917270 33039387
5800727 33039387 0 28594441
289612 0 12832667 24159273
1006297 33039387 10631669 0
12832667 4815168 7319016 0
5258543 0 12832667 6362773
11471568 0 2157900 33039387
986167 0 10824783 33039387
12502747 0 1793073 33039387
1925908 33039387 11843897 0
12632267 33039387 2572477 0
12832667 1777946 3074080 33039387
0 17784617 5446621 33039387
12832667 16080499 9175368 0
