100 156 679 -249 -241
685 538 -904 -513
97 872 -424 -200
-469 -628 434 -795
254 -489 -65 -276
250 -795 -809 -610
-859 -535 842 -743
849 -88 -597 5
-853 155 321 389
-751 417 876 346
288 -548 -855 820
-176 136 582 635
204 -927 -642 -990
-722 -893 -600 -581
-428 800 -324 979
-732 -363 -460 -585
792 861 361 -960
277 236 -57 -878
688 -355 942 -932
339 80 261 -901
153 619 -890 -12
283 -933 407 413
424 640 391 692
-724 488 664 625
348 24 222 -819
-740 722 -697 505
-633 802 131 706
-562 -609 362 591
-991 29 -865 -150
97 542 -738 -923
-261 210 770 -428
-303 -10 -803 602
-986 -24 340 832
-302 644 -107 65
2 -977 -673 441
-586 689 -412 982
-725 -276 -169 -71
823 -350 6 -439
417 -668 -309 671
323 -112 272 -106
421 -389 -275 -882
812 618 183 -186
199 67 812 613
-687 -601 151 -412
-320 539 517 -497
-812 -921 -379 605
-588 -131 275 735
757 -897 -372 178
-728 -90 -147 641
-916 -964 -989 283
-340 823 -547 -27
780 161 118 -541
-300 -809 -481 -555
-729 -302 608 -317
567 -561 975 -119
-900 -841 616 -628
69 -532 -988 -290
-939 582 551 -278
404 561 252 -260
-279 928 -243 -22
-882 -167 -19 -611
531 -412 -371 -345
-416 -397 93 -316
-238 -735 -387 388
-267 -817 656 -648
765 206 -369 -275
-234 440 466 44
367 -778 580 43
55 -440 432 -857
148 619 -645 732
779 448 974 -459
713 -414 486 -998
-231 141 -646 -910
904 -458 -184 -774
983 -719 -172 -94
-940 -593 949 115
-33 381 -185 672
-444 170 -40 -666
-383 -67 -568 887
77 919 890 403
-384 801 494 -480
901 -691 -697 883
-853 131 -212 -793
538 -706 322 -496
232 -863 733 788
307 -307 -879 482
626 -446 -75 -298
-971 -186 -895 -798
-828 156 -721 -928
465 -417 512 612
271 857 819 -191
-850 -303 -130 382
-609 -397 169 699
296 -152 -263 -522
-41 662 -262 -12
-967 -600 -253 763
556 27 392 20
610 -97 -812 -120
-684 564 246 -533
-740 674 406 -348
-724 -425 908 129
