100 490 571 -146 -401
-489 732 143 841
969 -284 -142 -395
-900 243 -399 -649
956 981 319 -228
-112 -854 -246 645
-149 336 950 -877
795 970 450 -159
541 -697 -3 -949
592 697 449 560
971 -694 -836 -930
106 -677 980 61
-697 -145 833 191
-442 -856 -608 409
480 899 89 -168
869 -462 230 409
-601 785 17 991
38 -978 108 8
-672 -171 -364 -9
152 -828 -949 455
27 884 -798 142
585 -405 -450 -378
-507 197 454 919
735 -760 327 691
582 901 682 -380
923 -654 185 808
175 821 -645 -673
993 -594 339 -424
848 99 275 432
694 826 -947 744
-421 64 663 -687
-138 -454 562 -557
-996 -200 63 484
146 806 -151 -680
626 204 -796 176
611 101 309 15
-801 -416 -554 450
967 -943 -250 -455
121 -588 -585 540
-484 977 984 -480
-224 -397 561 479
-592 -591 357 592
614 561 -233 -219
-782 633 796 975
774 799 424 740
856 -826 842 -466
-857 -743 -927 -784
791 -944 -264 -876
-783 855 603 -375
-737 -41 -784 877
-923 -460 -786 853
731 -991 828 504
809 251 244 664
-18 -358 755 -317
-544 829 -101 -753
442 193 929 659
47 88 -716 310
605 -943 -256 682
-845 -42 534 886
-475 -82 -54 -667
-831 747 554 -292
-611 309 391 -155
-306 848 -351 -865
40 -423 795 -914
666 636 -47 270
693 697 -492 405
-788 599 -153 -263
-483 794 -373 -757
540 738 -492 486
-397 900 -669 297
747 -20 433 -657
558 227 -571 -220
-138 382 607 -889
-364 -886 74 -595
270 921 142 787
271 326 587 -189
63 -905 -704 667
552 -816 -37 -145
165 953 198 -721
179 184 -384 598
-878 -778 710 -685
894 -217 -280 163
-740 419 -493 532
-256 -907 900 365
746 753 -412 297
938 108 709 -341
61 -94 -62 -761
647 111 838 770
333 104 642 226
444 -638 -612 261
338 -105 -208 -918
-454 -309 4 -709
-556 592 589 939
-301 -146 -403 760
761 92 557 -36
-798 -49 -710 535
612 933 -683 55
852 -295 873 189
158 -335 -172 704
-87 832 552 -86
-20 -303 -148 237
