100 -54 -456 -799 552
93 215 146 532
-986 482 -217 -683
486 -67 -617 -341
-55 658 -985 18
950 839 -659 396
-591 32 -229 362
-767 -409 -889 -264
135 870 845 786
84 -10 317 98
-972 657 -28 514
-411 -88 -827 534
-873 746 -891 -924
585 -550 472 551
39 801 -530 -171
949 -419 565 83
-550 409 -575 91
956 300 746 985
-44 -725 498 103
187 228 -807 314
-26 -698 -53 -885
-248 977 666 349
334 -865 -823 282
-727 300 922 -720
-292 -653 -72 -779
204 -326 -795 -841
-51 260 -181 693
-955 13 -436 19
315 511 -309 625
487 -644 -27 -180
-951 -293 659 880
-994 581 -840 -728
485 88 -507 -312
319 -302 -596 825
515 224 518 560
794 -919 -422 -335
149 -174 847 -807
183 -624 -430 -211
84 -771 -332 90
810 -615 -81 -149
474 412 539 -651
667 500 -826 182
-277 249 -259 -927
-113 -123 -261 -965
703 -415 -772 -558
-38 -201 -212 -955
-415 457 -308 -606
842 612 -198 -128
-420 -660 222 -753
840 -47 -14 -880
-799 727 -807 88
-840 -68 -320 421
75 -91 863 -964
265 -792 639 850
222 888 801 63
56 -398 493 637
-501 -729 441 -662
224 -574 -985 -18
710 767 -931 871
-302 -251 -152 330
215 -733 -77 -964
-525 -882 886 697
-994 243 -683 -381
845 367 813 901
638 253 797 -582
236 812 400 -54
578 26 -627 834
775 221 163 -453
45 644 -417 521
762 -974 217 325
269 91 945 -329
-543 757 -429 -906
-433 -633 -931 360
737 469 863 314
-506 793 -296 827
-430 425 -627 616
68 -487 136 -171
-461 910 -846 809
-442 656 -521 15
-31 -393 -333 93
-25 -264 -547 -289
-795 -685 582 -744
666 -714 -918 -765
711 -988 851 -665
-474 -457 164 65
-990 -125 -570 -432
-913 -534 583 57
74 -751 -851 606
-457 -841 874 -695
-968 455 -439 698
298 -356 933 -435
-344 341 -100 182
884 622 805 894
-947 -766 -539 -859
-299 602 198 332
408 -96 -63 951
64 -190 -745 -347
822 -183 -650 120
18 840 242 231
180 700 -587 -379
321 775 -486 -69
