100 -563 760 -885 991
602 -265 645 596
142 -397 252 -46
807 -794 528 -810
-582 502 516 -46
590 99 -501 332
753 -67 383 -817
932 -596 572 -632
-837 688 916 765
-578 560 361 122
-838 -831 -925 969
-625 603 717 -649
105 232 305 -749
889 361 583 641
-706 -478 382 -775
-74 -47 -850 90
-360 -935 -146 63
625 772 -816 345
942 -741 -130 874
419 -857 -776 -477
376 86 -669 -179
-553 914 -539 -702
-564 843 -920 362
-204 -770 -992 -7
853 -137 613 34
-809 354 -622 -868
170 -194 564 -411
-51 788 112 -676
-569 444 145 -122
-86 164 -267 350
-437 -630 -731 -84
-400 -723 910 -991
-303 79 43 -554
-567 422 -422 603
785 699 -809 -267
487 -139 -385 475
-696 760 910 -225
-520 -358 -875 44
12 952 517 169
786 -17 178 -960
-938 -780 -514 -505
199 -379 -903 -17
-680 -711 717 364
150 889 -162 11
205 -253 786 686
-54 468 -714 515
-24 803 -317 -238
-214 418 -641 -595
195 -598 -100 -606
23 -3 -66 -100
-157 -793 -737 993
-905 -342 -440 301
405 -654 -457 908
371 -171 422 -653
-812 662 -334 -469
79 25 -64 -726
427 836 -775 -994
-610 159 -93 233
367 170 -217 19
829 343 -681 -210
246 -138 -302 -383
248 677 -36 437
339 187 525 -583
-789 -982 -752 195
411 -527 201 801
190 -893 -409 -444
-165 374 575 -780
-727 452 -433 77
871 -178 694 119
-501 -786 -888 838
401 637 812 169
212 618 921 -377
-910 121 -577 280
-214 -429 393 178
502 -475 -45 776
534 522 -591 404
-656 660 -478 -157
874 -809 -763 -169
386 606 557 -403
223 477 220 -129
-846 201 708 -503
772 -342 232 -169
183 -814 -837 -284
709 -428 677 -948
-769 757 -548 662
948 -754 -508 333
409 606 488 -811
-361 -736 60 -650
465 -676 -152 -206
-18 637 625 -836
824 345 -563 532
917 -886 141 -853
871 150 809 375
396 858 -735 -196
20 753 -450 659
-984 610 -992 39
935 -587 390 -527
-950 -429 -362 431
916 -368 -38 832
-697 660 536 -827
-191 -99 106 762
