100 -20 -799 607 939
420 -656 -517 453
-699 230 -228 857
-744 -837 -567 423
-377 -379 861 -503
742 -337 -36 -998
-664 927 -789 -388
-942 -882 298 38
877 -95 -467 296
-194 16 -694 108
-754 78 -479 -941
-201 -45 40 -21
133 -100 476 -125
563 997 -566 900
924 -355 -932 539
-680 367 -423 -804
829 110 492 -366
684 798 299 930
-567 378 546 232
-668 -415 768 22
485 244 454 -395
-203 888 -496 -723
-911 -871 817 -591
496 -607 -838 324
60 655 516 -257
9 -629 -771 -1
749 776 788 638
-640 556 -783 403
-644 671 565 153
116 626 -12 205
755 -196 172 251
-246 334 -869 814
-455 204 -886 112
576 -657 -890 -119
676 899 -481 594
454 -707 -4 810
964 -883 -481 -364
743 507 842 497
868 -430 -696 -379
461 -564 993 -994
197 664 -325 -228
-994 -215 211 240
-317 287 -167 694
580 386 60 543
503 137 737 245
-800 578 -702 -932
705 -397 -754 165
-404 796 -272 793
459 403 -435 23
-812 776 -738 -572
-381 95 -878 -802
-520 -261 298 540
876 34 -216 -924
-832 82 702 873
242 948 38 838
744 766 631 -241
169 753 782 -86
85 -957 -101 704
138 21 902 175
318 199 -286 193
791 55 -174 959
695 -916 832 -64
-968 -574 -226 333
749 -596 -909 -526
-844 431 388 -202
474 -713 -499 -831
-135 -598 344 -818
158 616 -67 -52
-330 316 -536 -636
401 -705 301 -10
-722 -926 880 -974
-965 528 -499 749
-42 446 -454 -568
290 47 -399 -845
6 502 895 721
117 -616 -774 345
258 -310 709 -342
-458 -434 205 -623
-360 84 -597 -768
-389 -96 981 570
908 -474 559 197
130 717 352 693
218 -196 414 893
-255 197 237 -998
887 -55 -340 986
512 865 -638 709
-495 -235 942 117
227 479 -757 -309
563 802 888 -751
518 -203 943 -708
601 356 -816 -655
-448 421 906 996
-634 -435 538 435
988 900 -300 -508
-779 -802 166 5
678 409 696 -203
210 584 46 -716
-620 -12 -423 538
901 -239 440 -991
-818 345 -996 -895
468 542 540 12
