100 -242 371 -878 335
123 -327 -7 -304
840 -442 292 331
-471 -319 805 -421
252 1000 567 167
-369 -472 -445 -65
745 -910 -335 -447
-9 771 872 306
141 994 -360 821
-777 633 -483 -937
749 809 394 -723
-953 198 -587 299
197 980 -977 386
-936 -422 878 809
-331 -901 919 660
871 347 -477 -432
340 163 -611 121
-647 -537 184 -899
829 -423 936 876
333 906 -268 -914
885 -245 472 506
-110 -94 314 116
6 -211 -224 -567
-865 -144 1 32
-982 -53 -848 -629
-33 336 -971 -647
471 522 786 -640
427 -483 -554 311
-171 476 -627 277
-619 687 -608 -56
-968 -275 377 725
581 -622 -243 600
-118 -534 528 850
360 115 760 -170
-364 545 -253 -937
620 -250 -69 -995
-775 305 282 -836
-452 675 -335 -419
-601 -958 863 981
978 -381 137 -584
86 -336 823 -998
336 582 -611 973
127 136 -965 -254
886 -477 -249 669
828 591 390 934
265 -946 -929 664
654 934 201 631
-447 895 -953 196
-441 870 -245 895
452 144 424 -865
-721 16 -562 722
540 -254 390 -76
-664 -664 -143 601
-609 -72 -178 -956
-138 580 233 -28
475 280 725 591
-294 -521 42 715
180 -534 850 459
482 845 180 -422
-409 -873 503 -73
-537 917 -472 -589
-155 -93 -987 264
-514 246 793 961
-918 74 551 -212
110 -407 -940 -711
59 467 305 -903
312 -959 -324 903
-832 736 -171 -811
652 -86 -400 -947
821 -387 -126 865
416 -334 825 498
297 -67 844 964
526 461 -748 -859
-73 114 796 -762
156 -529 698 324
-794 -473 70 416
-2 671 469 -624
841 -657 -760 -186
-434 -936 -689 864
-3 712 384 -921
172 637 778 657
-693 574 895 463
-956 593 -656 809
677 414 -219 -769
-359 -751 -393 -961
-408 -153 -147 -284
-531 -279 -864 23
991 520 103 162
-287 -120 -625 21
-547 -730 -517 -945
420 -616 421 -347
799 -799 -116 997
-993 49 -965 -843
896 -555 -127 922
167 9 -55 157
-915 605 876 -201
-516 -749 820 -505
-922 860 -893 55
802 85 708 600
286 -852 153 -150
197 189 7 -350
