100 -259 -103 -803 146
592 -784 863 522
-323 734 527 -164
-953 -95 -607 -62
484 -780 63 -211
-171 -575 -626 663
-593 -585 441 -322
-734 297 378 -436
752 575 267 -100
349 130 -579 -975
-580 506 -582 -533
-590 -189 -38 894
31 -975 -760 418
-550 -829 80 -586
-413 -923 92 -590
-68 -974 -468 -760
602 799 140 -493
-72 119 -911 -95
-376 -493 -70 -409
-125 892 -958 907
917 840 -119 924
-990 518 -663 -403
595 430 -435 -917
13 97 -677 -829
-548 21 -322 -62
697 -233 843 -680
-169 -228 -89 707
-336 -490 170 -863
-651 -950 -939 -640
568 -602 -486 -281
385 79 -197 -602
733 -317 -431 743
261 248 -320 -43
572 -921 277 961
-148 746 667 73
813 -164 210 -838
-114 271 -478 -990
227 36 -271 -389
673 89 -434 -38
773 136 -296 -410
941 -59 548 69
21 -619 29 430
684 -305 -498 497
531 269 659 974
-903 738 984 324
-670 -730 492 560
359 -942 -478 -312
-249 -217 279 -309
725 -174 760 -698
-236 -211 732 -552
41 791 945 -871
-384 160 660 -287
-103 644 594 -216
471 -357 -656 -171
-299 -134 518 452
206 -647 700 -513
-264 16 -211 500
362 -923 948 -597
868 449 -468 -959
-835 -809 -689 -381
392 906 404 -138
-452 748 249 -194
-830 -677 815 376
-324 71 421 412
-914 -791 -532 449
-713 -584 409 712
422 498 310 145
246 622 764 -362
527 167 57 632
-529 863 995 -802
-815 366 132 -582
-564 -448 387 -478
-239 856 528 -395
829 -64 875 -193
-567 184 952 680
-195 716 875 889
-561 -512 77 -89
909 71 -334 651
-564 798 -931 -571
-651 13 -48 -332
-132 -964 273 -747
-27 -296 61 -37
889 12 -801 -750
-273 631 697 -276
-881 -227 192 585
402 858 235 838
656 -139 -733 562
875 -224 -771 -701
-188 503 -447 342
764 171 863 652
-818 -939 460 -533
693 156 191 369
929 -618 -47 330
-761 745 -275 452
-394 -451 14 -963
-118 243 -664 251
-698 -554 -407 -934
617 -545 275 357
-927 -266 824 766
890 14 -309 376
-47 201 -738 192
