100 -2 -761 61 220
-562 -773 782 673
636 478 -531 -597
-382 515 -313 -445
-940 264 -908 961
-975 89 971 765
992 532 870 459
74 -34 -973 629
205 88 -595 200
315 -813 -571 -49
665 -102 354 -718
971 598 -606 -970
-138 -514 548 -556
132 518 766 123
50 635 -862 681
-400 -835 309 362
254 715 -881 -432
459 -452 76 123
4 987 -38 -469
585 356 -882 -997
399 666 -996 -470
184 770 211 791
-39 349 471 561
515 -664 -521 -675
608 -845 -107 66
-296 527 746 265
513 -736 353 97
177 471 -343 -425
136 -339 -337 877
-570 874 667 391
-221 -306 -492 851
-412 -455 -825 -805
-300 -374 -181 -39
710 -879 783 222
-614 135 877 563
-395 -467 696 742
195 -642 618 625
789 -158 -427 -876
536 -362 976 -877
183 708 877 884
891 -305 -599 600
-184 -816 -621 -241
319 -745 -678 925
-655 -983 223 540
933 -603 -278 278
239 -148 402 -225
490 -66 -545 -327
-801 -669 -887 -911
-417 -486 247 -43
-302 626 273 -983
438 595 942 783
169 -279 -120 -342
118 602 936 -643
-547 -105 -311 943
829 144 -828 -973
33 -715 675 173
-200 -522 687 498
661 -40 72 98
-889 13 -563 281
291 317 939 -591
-82 432 -234 -72
-674 455 -572 -846
-845 -400 740 -255
-114 -29 476 243
449 162 -260 109
-879 813 764 -767
-618 -800 71 674
518 -434 -918 993
555 -595 -522 881
417 -94 593 129
63 332 875 506
860 350 -252 308
-932 46 974 -810
-142 737 981 -203
937 -392 -973 11
-269 667 4 -714
629 39 -834 45
945 316 -826 -436
-796 606 -930 -937
-488 -625 -72 -420
421 -99 -673 836
-363 865 -367 -869
-971 -783 142 -239
885 703 47 513
-259 -230 -885 -758
-914 -711 -193 848
452 -566 912 964
-191 -161 -900 -770
741 -572 -935 935
850 -745 -935 880
-527 208 -360 -643
-533 244 427 209
571 542 8 214
388 815 62 -161
806 -27 -641 -385
369 -540 -155 109
-555 -533 -399 -706
-277 -334 731 -247
431 -630 110 899
171 -907 -336 -258
636 672 956 23
