40 0 0 1000 1000
-22 -18 20 -18
-22 18 20 18
-21 -19 -21 19
19 -19 19 19
-42 -41 40 -41
-42 42 40 42
-41 -42 -41 43
39 -42 39 43
-61 -58 59 -58
-61 58 59 58
-60 -59 -60 59
58 -59 58 59
-80 -78 80 -78
-80 80 80 80
-79 -79 -79 81
79 -79 79 81
-100 -101 103 -101
-100 98 103 98
-99 -102 -99 99
102 -102 102 99
-123 -117 123 -117
-123 118 123 118
-122 -118 -122 119
122 -118 122 119
-141 -139 138 -139
-141 141 138 141
-140 -140 -140 142
137 -140 137 142
-158 -161 160 -161
-158 158 160 158
-157 -162 -157 159
159 -162 159 159
-178 -179 182 -179
-178 177 182 177
-177 -180 -177 178
181 -180 181 178
-199 -199 202 -199
-199 198 202 198
-198 -200 -198 199
201 -200 201 199
