100 191 437 -429 -643
-555 516 71 -912
120 -53 -113 162
-245 -737 214 -167
680 321 888 481
-595 152 -363 248
-143 791 -903 -946
-464 -338 -739 727
-902 -168 642 -899
906 -288 -811 25
216 76 744 971
-104 -43 -197 -425
835 -753 614 797
399 -750 44 -744
598 -301 868 -867
361 -872 418 16
-40 59 117 -135
328 306 448 -456
939 -252 -486 -166
263 318 -33 97
565 -420 -549 -479
-170 495 -666 -572
751 -799 -882 -332
-671 536 685 -154
-849 -199 269 480
665 -727 -977 603
-422 -906 -563 841
-31 404 -505 -466
984 -54 -388 -630
998 -54 -202 749
147 -526 974 33
-991 658 436 719
-984 -296 198 681
-23 -222 283 556
-128 277 -47 842
-763 448 933 -780
-607 -899 -852 -609
47 -497 697 751
-23 670 -660 -13
-115 776 -738 -99
-520 460 -862 14
795 -22 -874 -334
-745 80 -936 -508
-916 554 -730 -522
655 -582 -574 -742
-79 -878 -992 899
349 -652 -558 -767
-876 -296 -309 -839
721 -171 -268 515
808 -141 738 620
496 360 669 580
-530 939 615 -875
914 598 -617 -608
277 950 848 -374
855 847 -584 536
-450 108 697 828
937 987 -101 301
-155 -807 -80 898
110 -411 477 581
-916 -351 706 999
-754 646 948 524
152 795 707 7
641 -878 -901 748
230 354 132 -276
340 -970 -976 742
781 -498 639 -109
-352 -328 -529 -268
321 734 -713 125
-64 -766 -795 -912
586 912 -348 226
591 -249 -27 -179
662 -896 102 1
692 126 -258 473
185 938 921 833
-390 949 -878 488
682 -591 -388 -383
-799 -626 -738 344
843 -529 -430 434
-220 100 -746 -559
-238 -87 0 -990
-962 742 40 224
237 -40 -387 847
-92 -265 334 -854
-298 504 -679 -97
878 -860 -754 721
-388 -627 -289 392
31 -478 833 793
435 -168 803 473
-869 -157 -747 368
360 -133 -229 826
159 -896 529 861
165 850 -680 43
991 -876 -680 -841
-503 31 551 528
553 -60 -123 -456
330 -320 -984 461
80 828 -615 997
-749 156 822 410
-183 351 -172 983
-243 148 -418 -696
272 -541 -537 770
