68 1 1 -100 1
0 -1 0 6
-1 5 6 5
-1 0 11 0
5 4 5 11
10 -1 10 16
6 10 -6 10
11 15 -11 15
-5 11 -5 -6
-10 16 -10 -11
-6 -5 16 -5
-11 -10 21 -10
15 -6 15 21
20 -11 20 26
16 20 -16 20
21 25 -21 25
-15 21 -15 -16
-20 26 -20 -21
-16 -15 26 -15
-21 -20 31 -20
25 -16 25 31
30 -21 30 36
26 30 -26 30
31 35 -31 35
-25 31 -25 -26
-30 36 -30 -31
-26 -25 36 -25
-31 -30 41 -30
35 -26 35 41
40 -31 40 46
36 40 -36 40
41 45 -41 45
-35 41 -35 -36
-40 46 -40 -41
-36 -35 46 -35
-41 -40 51 -40
45 -36 45 51
50 -41 50 56
46 50 -46 50
51 55 -51 55
-45 51 -45 -46
-50 56 -50 -51
-46 -45 56 -45
-51 -50 61 -50
55 -46 55 61
60 -51 60 66
56 60 -56 60
61 65 -61 65
-55 61 -55 -56
-60 66 -60 -61
-56 -55 66 -55
-61 -60 71 -60
65 -56 65 71
70 -61 70 76
66 70 -66 70
71 75 -71 75
-65 71 -65 -66
-70 76 -70 -71
-66 -65 76 -65
-71 -70 81 -70
75 -66 75 81
80 -71 80 86
76 80 -76 80
81 85 -81 85
-75 81 -75 -76
-80 86 -80 -81
-76 -75 86 -75
-81 -80 91 -80
85 -74 85 -81
