100 -793 -541 891 -213
574 -848 -413 143
-176 863 149 -74
883 -294 -428 889
500 895 -114 -754
649 141 484 -730
775 654 950 917
-667 -647 -267 -460
-187 -377 -116 -614
-668 29 86 156
-109 792 -919 -670
-503 -790 777 554
-896 -338 358 753
360 -602 580 -308
-948 530 -835 -615
440 -545 -517 -748
78 367 -805 -33
-605 -162 -878 -157
-370 761 174 -316
971 -493 -762 -926
-274 153 384 643
551 -479 -666 603
608 -501 546 47
-46 -972 -143 589
395 52 -445 348
891 -766 748 -923
995 -522 -239 522
-15 -444 153 711
709 -463 354 260
58 245 -581 -335
302 965 269 813
550 -875 402 -55
178 514 850 -375
306 597 -741 -143
-925 20 -621 -383
577 532 886 -158
626 239 -899 -760
-960 -922 -538 342
-958 732 155 593
857 -444 -906 -409
627 501 216 -511
-346 475 347 -714
-948 726 -96 186
-186 -211 -973 -560
585 687 -320 625
322 143 -33 364
-569 679 -487 -713
792 -836 -121 418
665 652 908 -681
-316 -189 -395 -707
-907 66 479 -93
412 63 -96 -4
-694 585 -822 628
-716 -298 -451 -285
-620 -381 -441 -829
-216 438 146 -995
-353 -390 -676 331
421 -513 624 514
110 -341 979 -478
279 -118 75 586
-977 253 -230 -693
512 319 -421 892
939 -304 620 -278
691 -234 -273 -663
-67 -391 225 -646
-347 -595 425 763
-379 403 842 901
843 -83 486 866
727 -745 731 -204
132 867 -313 70
-438 865 349 -747
-813 633 -853 120
799 373 31 -549
335 -987 772 957
-27 170 414 -185
644 -101 -319 -72
-289 969 724 843
835 968 -531 955
832 818 -793 -982
8 912 -304 -194
284 727 -185 -824
297 -857 690 -730
313 103 85 -486
559 323 442 -731
-152 165 670 -317
132 -862 -363 -36
514 -599 -461 -479
-688 235 -116 154
-481 699 -113 373
842 -424 643 -288
679 -715 -217 237
165 -776 63 -987
389 -268 -747 -923
-572 -553 41 942
-152 138 -981 160
930 -97 871 -995
-841 -243 379 558
333 21 -731 -432
306 -391 362 -972
-167 -575 -959 779
-286 -706 857 -301
