100 1 1 61 61
0 0 98 0
0 2 98 2
0 4 98 4
0 6 98 6
0 8 98 8
0 10 98 10
0 12 98 12
0 14 98 14
0 16 98 16
0 18 98 18
0 20 98 20
0 22 98 22
0 24 98 24
0 26 98 26
0 28 98 28
0 30 98 30
0 32 98 32
0 34 98 34
0 36 98 36
0 38 98 38
0 40 98 40
0 42 98 42
0 44 98 44
0 46 98 46
0 48 98 48
0 50 98 50
0 52 98 52
0 54 98 54
0 56 98 56
0 58 98 58
0 60 98 60
0 62 98 62
0 64 98 64
0 66 98 66
0 68 98 68
0 70 98 70
0 72 98 72
0 74 98 74
0 76 98 76
0 78 98 78
0 80 98 80
0 82 98 82
0 84 98 84
0 86 98 86
0 88 98 88
0 90 98 90
0 92 98 92
0 94 98 94
0 96 98 96
0 98 98 98
0 0 0 98
2 0 2 98
4 0 4 98
6 0 6 98
8 0 8 98
10 0 10 98
12 0 12 98
14 0 14 98
16 0 16 98
18 0 18 98
20 0 20 98
22 0 22 98
24 0 24 98
26 0 26 98
28 0 28 98
30 0 30 98
32 0 32 98
34 0 34 98
36 0 36 98
38 0 38 98
40 0 40 98
42 0 42 98
44 0 44 98
46 0 46 98
48 0 48 98
50 0 50 98
52 0 52 98
54 0 54 98
56 0 56 98
58 0 58 98
60 0 60 98
62 0 62 98
64 0 64 98
66 0 66 98
68 0 68 98
70 0 70 98
72 0 72 98
74 0 74 98
76 0 76 98
78 0 78 98
80 0 80 98
82 0 82 98
84 0 84 98
86 0 86 98
88 0 88 98
90 0 90 98
92 0 92 98
94 0 94 98
96 0 96 98
98 0 98 98
