96 329 329 649 650
-2 -8 2 972
970 -1 -8 2
21 -10 21 969
970 20 -12 20
41 -8 42 970
970 38 -12 39
61 -8 61 968
971 61 -10 60
79 -11 81 970
968 80 -8 79
99 -12 101 969
969 101 -11 102
120 -8 118 968
971 120 -10 119
142 -10 141 968
969 140 -9 142
161 -10 162 971
972 160 -11 160
182 -9 178 968
970 179 -9 179
198 -10 200 970
969 199 -9 200
220 -10 220 971
972 220 -11 221
241 -9 241 968
971 240 -12 241
261 -11 260 972
968 259 -8 262
280 -11 282 970
970 278 -10 280
299 -10 298 969
970 300 -11 302
322 -10 320 970
969 320 -12 320
338 -12 340 969
970 342 -10 340
360 -9 362 968
970 358 -12 361
378 -10 380 968
970 381 -9 379
399 -10 401 972
971 402 -8 398
419 -9 420 972
969 421 -8 418
440 -11 441 970
970 438 -11 441
461 -10 459 972
971 460 -10 462
479 -10 478 971
971 481 -12 481
499 -10 500 968
968 498 -12 500
521 -8 520 969
968 519 -8 520
540 -10 540 971
968 542 -10 541
559 -9 560 968
972 562 -10 562
580 -8 582 972
969 580 -9 581
601 -10 601 968
970 600 -10 598
620 -10 621 970
968 620 -12 619
642 -8 641 972
972 640 -10 638
658 -10 661 971
969 658 -10 659
680 -10 680 970
970 679 -12 678
702 -12 698 970
968 700 -12 702
719 -10 718 970
968 721 -9 721
740 -8 740 971
971 742 -11 742
760 -10 760 972
969 758 -11 762
779 -10 778 971
970 782 -11 778
800 -9 798 970
972 802 -11 800
818 -9 820 970
969 820 -8 822
840 -12 842 971
972 838 -12 839
858 -11 859 969
970 862 -11 859
878 -12 880 969
970 881 -8 882
901 -11 898 972
971 899 -10 898
918 -8 921 970
971 919 -10 918
940 -10 940 972
972 939 -10 941
