180
42 17 427 50 100 358 10 110 33 307 228 56 63 186 468 430 452 301 465 32 77 407 115 420 46 407 84 462 7 179 419 350 7 33 53 112 47 107 54 102 269 161 45 151 10 62 407 425 33 216 386 194 64 72 95 18 25 455 229 129 23 390 32 426 35 12 303 295 100 82 261 359 86 344 228 21 110 9 97 32 154 251 174 204 117 37 97 51 218 357 230 100 140 287 305 85 323 23 106 65 16 98 186 28 104 280 456 307 143 21 200 378 235 300 70 40 325 78 26 381 331 53 341 340 1 253 199 257 5 199 386 57 201 36 161 286 30 254 96 176 20 78 150 391 105 41 139 100 190 239 443 139 172 132 164 333 55 270 365 95 70 460 10 73 238 21 81 259 369 235 186 38 204 209 235 15 62 288 265
113 387 112 108 356 51 6 68 123 446 34 35 362 324 121 260 275 126 89 15 234 3 448 60 117 19 378 16 455 228 447 114 27 70 5 18 92 76 56 154 452 43 241 79 46 260 160 64 458 236 399 15 95 73 23 60 444 140 456 56 452 2 313 34 69 398 341 96 37 338 451 68 122 355 84 46 107 8 69 362 215 459 210 198 88 76 91 221 333 360 0 157 135 146 9 336 104 51 68 26 72 230 74 90 159 191 300 202 46 449 430 449 406 50 37 463 91 34 289 135 17 241 442 60 397 261 208 31 174 271 24 270 87 128 277 111 414 27 362 111 32 267 186 34 81 311 71 305 222 418 248 139 249 338 142 32 339 417 16 73 267 14 60 163 88 36 301 262 348 299 23 379 386 203 11 74 152 230
454 54 8 439 57 77 113 259 333 6 7 140 454 437 412 329 271 103 50 234 34 381 56 236 41 426 63 352 212 317 107 72 91 28 27 60 110 39 444 353 27 176 61 29 386 454 109 277 390 427 88 39 50 3 7 156 208 446 77 359 106 274 94 101 253 153 20 110 382 352 103 439 228 18 10 88 72 102 196 298 176 135 385 91 88 96 232 356 157 12 286 229 131 73 418 114 14 41 83 95 364 55 24 223 220 120 402 90 266 264 296 232 34 47 161 100 34 124 418 65 136 289 57 390 148 205 78 203 242 12 219 93 275 187 35 184 27 355 21 99 161 182 35 60 170 58 315 248 309 406 322 381 310 159 5 261 290 82 68 315 59 60 403 69 90 351 373 325 297 50 432 211 307 92 73 288 195
148 237 72 418 245 335 99 35 468 258 73 91 111 96 31 41 255 159 60 468 49 452 42 457 101 292 23 81 62 220 389 395 446 119 302 123 169 116 19 216 89 233 390 53 77 249 90 102 53 406 207 137 122 306 92 9 118 165 11 378 27 452 413 107 95 151 380 45 98 337 101 77 466 255 347 347 393 81 55 89 18 79 125 351 263 23 58 75 140 43 21 40 459 45 299 197 140 334 247 45 143 314 19 66 53 34 413 95 87 34 84 192 420 29 155 143 29 95 126 1 115 200 47 67 77 337 14 33 283 41 236 30 3 188 93 255 18 464 279 89 36 229 325 80 440 54 65 114 57 94 93 42 52 466 4 20 159 221 2 214 365 9 128 410 86 75 22 5 391 94 119 56 157 129 76 71
27 368 6 23 101 157 121 81 52 284 154 460 332 123 126 80 72 390 75 399 67 263 88 233 93 210 380 154 26 11 75 24 26 16 51 54 179 328 52 422 107 61 149 445 29 462 377 427 58 19 88 58 34 452 136 432 108 198 70 389 21 64 280 189 104 112 239 325 47 172 173 25 48 66 52 113 256 242 328 391 370 72 48 51 216 165 321 4 143 181 437 35 392 0 32 108 56 33 148 47 78 361 380 410 280 42 174 410 309 457 85 63 243 45 61 411 339 95 303 138 88 166 371 320 74 455 434 13 236 50 397 259 22 251 85 369 78 7 237 352 7 64 343 53 450 259 167 235 152 411 264 369 109 358 252 108 98 281 23 30 323 106 4 297 206 177 464 79 278 144 377 58 85 269 401
372 23 19 74 428 366 3 100 190 123 260 388 120 315 113 22 232 11 379 80 410 114 264 21 453 322 460 43 110 58 8 67 90 13 30 375 440 37 218 77 88 445 165 113 143 210 121 74 110 8 99 45 382 416 127 2 409 53 271 80 5 253 410 67 30 193 385 13 258 258 88 9 82 89 5 151 359 417 444 316 110 23 75 313 336 274 69 468 236 199 85 446 64 4 90 33 62 395 2 115 435 158 269 459 12 220 385 360 237 54 39 218 9 41 304 144 60 332 132 41 122 205 236 54 346 254 3 164 23 178 271 15 322 36 230 11 37 444 119 72 90 309 87 237 322 275 257 119 164 378 200 3 410 373 44 105 236 52 9 362 23 36 369 345 238 440 2 202 237 418 82 40 157 156
301 417 371 20 25 310 348 60 63 54 16 62 93 196 373 39 324 11 453 49 312 109 432 9 73 16 202 341 281 442 203 261 136 454 45 97 126 85 285 159 65 16 282 118 57 64 310 450 418 215 461 60 79 113 279 77 390 96 369 147 25 114 119 389 44 77 310 52 76 144 239 378 458 435 96 115 91 119 13 154 415 148 17 73 92 274 83 6 16 231 66 313 343 328 205 371 98 136 145 14 53 59 77 270 109 68 67 94 457 423 95 166 424 107 108 218 13 107 443 33 101 13 334 50 86 349 69 357 79 98 416 79 186 98 418 410 20 79 337 188 46 242 32 108 37 31 91 54 88 97 256 31 114 357 299 93 312 180 66 261 310 15 94 36 47 155 19 2 90 369 466 65 73
19 28 209 146 29 46 335 422 216 446 415 183 25 113 168 107 310 5 424 22 371 36 468 440 261 17 57 19 61 105 52 26 55 375 150 51 216 90 48 284 332 22 134 417 199 1 86 22 66 92 261 300 194 13 453 45 352 50 111 390 259 34 64 212 373 5 170 337 112 20 99 115 46 161 356 121 148 404 51 106 109 415 145 128 60 165 164 294 40 353 107 52 85 92 98 186 55 75 254 406 216 200 68 269 409 159 192 97 85 462 7 114 249 203 110 327 257 42 201 242 306 102 243 328 41 176 110 169 465 55 194 86 436 25 98 366 306 2 0 167 59 367 339 424 282 177 354 415 376 28 355 335 45 37 151 16 26 405 22 31 263 260 363 443 79 268 146 163 64 46 424 170
33 134 303 60 37 277 226 233 448 270 218 111 37 249 3 385 71 394 104 271 68 282 439 161 73 52 63 44 31 56 78 47 312 262 39 145 23 103 161 466 83 188 367 281 16 62 42 96 99 373 432 343 38 121 113 390 105 55 226 253 101 111 320 385 115 310 388 113 105 1 18 33 458 117 389 451 126 48 88 88 166 186 364 104 310 324 155 95 336 92 31 110 55 82 244 2 38 158 320 205 347 78 417 439 365 282 48 100 426 7 92 459 279 80 163 405 24 132 465 398 86 430 170 49 182 18 307 382 36 160 34 177 96 25 417 187 35 47 187 97 126 409 283 141 254 396 409 241 109 151 369 8 64 394 52 87 437 113 94 327 219 239 165 107 362 304 282 5 47 143 213
254 459 44 93 119 146 250 423 401 160 70 37 434 59 426 64 344 10 301 14 216 399 459 61 24 66 86 67 36 114 24 239 270 11 198 100 20 314 189 62 206 219 369 19 91 108 98 55 359 460 155 111 424 76 350 15 79 263 118 8 0 291 282 42 340 317 57 26 43 95 62 226 155 408 343 280 74 85 39 431 294 257 51 235 275 140 21 230 55 60 86 99 40 369 109 103 255 303 354 139 46 124 311 426 247 79 90 320 7 63 137 411 100 370 136 25 465 213 453 40 458 299 67 265 56 123 366 58 226 28 417 97 70 361 232 43 47 159 34 372 380 293 415 167 453 233 448 18 187 348 90 84 358 102 73 339 107 60 381 229 463 239 31 385 158 232 79 0 230 157
107 382 230 114 39 119 42 12 94 446 330 63 306 22 243 70 127 82 152 95 53 97 326 218 131 249 145 206 308 383 30 61 215 90 412 408 25 55 349 51 72 10 269 395 454 204 230 21 80 73 143 7 183 9 140 422 86 64 371 351 39 71 433 73 18 282 157 212 217 215 37 2 117 52 14 335 434 154 109 99 30 275 37 88 57 452 11 413 452 182 444 343 88 284 384 10 60 19 104 251 33 30 98 54 464 403 71 160 143 85 32 282 14 112 193 3 30 68 256 50 43 298 12 265 47 69 257 89 204 87 121 245 116 117 211 289 99 274 2 78 39 10 30 81 11 91 153 98 42 377 340 80 287 160 114 309 429 105 49 76 49 463 64 93 102 197 261 27 18
202 309 16 4 10 115 28 54 222 419 68 175 91 286 54 209 81 350 81 71 22 280 204 232 334 417 338 314 468 41 85 428 86 318 245 20 72 362 72 20 76 439 354 311 282 222 24 80 107 335 101 334 42 191 337 36 36 376 407 6 44 367 37 104 281 346 182 153 227 18 33 67 101 32 305 272 248 41 106 6 444 12 113 60 292 34 120 185 434 444 298 86 283 153 49 85 106 62 384 102 81 4 102 125 398 5 186 152 3 12 129 55 19 331 91 32 92 381 59 35 404 98 124 70 94 447 41 362 48 388 322 28 10 277 179 116 241 53 22 93 90 55 100 52 118 223 99 48 382 371 30 223 283 93 156 467 84 74 21 3 165 62 74 77 255 185 33 88
85 341 413 278 207 436 423 109 36 437 31 365 113 462 66 431 45 372 364 462 62 55 43 84 86 17 46 70 423 337 94 206 5 27 191 266 30 256 157 311 43 72 22 26 93 287 199 300 77 238 20 217 108 49 436 169 12 32 433 441 82 166 140 40 13 61 19 76 425 374 340 213 301 2 95 96 294 400 355 36 384 460 320 90 382 5 76 114 81 101 246 52 40 297 295 233 251 90 154 375 360 462 4 27 147 110 70 130 235 38 266 404 99 313 247 407 57 176 152 67 201 104 242 467 57 395 41 233 113 24 465 200 101 12 123 98 464 161 334 184 174 156 394 226 39 344 337 14 87 140 28 74 156 37 61 429 403 425 425 95 189 417 308 78 64 128 158
235 374 324 297 260 279 35 91 302 50 157 48 250 85 418 88 299 328 417 82 101 19 62 94 76 49 71 247 358 9 251 58 68 208 143 67 390 281 238 51 62 98 43 103 173 398 165 82 202 52 144 94 78 183 378 10 103 317 283 100 148 319 67 49 68 9 25 466 361 176 385 430 1 76 87 291 255 344 104 269 296 283 1 218 60 20 26 22 39 309 50 43 414 422 278 356 101 283 303 203 124 101 15 386 76 76 309 147 92 324 341 84 145 390 302 53 354 225 106 399 1 191 408 22 142 21 413 101 103 442 287 42 61 344 72 421 154 394 198 296 459 439 407 5 427 363 96 96 230 29 40 326 18 46 213 204 215 330 68 306 372 261 41 99 261 163
12 62 21 43 2 183 250 25 209 1 388 104 181 20 404 24 118 106 373 148 396 452 227 147 357 130 44 28 173 65 239 312 109 29 415 30 51 109 261 467 164 307 302 9 118 105 328 16 390 48 259 351 84 118 430 395 88 97 117 32 107 122 446 324 380 350 90 24 94 68 33 313 151 293 49 57 21 225 0 55 115 389 85 134 263 202 348 242 81 130 367 78 38 37 114 390 60 51 52 23 181 432 85 154 192 53 69 176 104 118 367 25 112 49 148 28 80 426 69 221 68 56 245 111 267 63 273 135 106 111 250 336 52 146 68 103 82 38 42 13 8 79 167 36 64 301 291 64 144 460 88 238 334 110 36 39 31 119 2 98 4 468 248 3 73
15 4 50 89 194 373 15 242 42 256 44 220 2 329 19 36 110 275 270 201 195 308 127 336 133 61 103 391 101 324 210 33 39 334 12 80 54 343 264 201 345 289 39 111 85 410 44 230 45 339 362 92 96 220 195 76 13 137 14 52 228 201 418 119 265 92 96 95 38 69 440 319 377 17 46 39 220 101 27 85 398 4 215 361 461 187 260 85 363 455 8 88 61 45 310 52 102 10 110 378 425 24 452 243 44 75 379 64 7 144 63 77 9 312 93 77 303 10 434 111 15 181 19 243 2 383 154 100 46 338 121 87 320 31 47 21 18 66 118 118 82 191 18 108 369 391 11 347 361 77 240 381 90 46 15 76 324 69 85 22 351 128 91 51
2 93 10 274 204 69 184 45 117 51 166 11 282 103 76 50 452 361 156 149 203 199 280 405 75 104 468 28 234 174 58 43 328 116 113 103 360 375 248 456 140 25 89 66 210 49 255 94 283 145 29 88 148 435 67 89 327 81 43 455 118 402 356 156 115 78 44 97 4 129 280 330 56 70 49 316 59 45 113 362 77 202 162 233 182 393 85 167 323 50 10 18 76 216 0 61 79 81 427 189 2 354 369 114 51 179 108 3 288 22 14 71 283 55 99 382 62 442 85 99 235 31 413 118 440 320 19 29 153 241 91 177 110 87 68 93 88 109 99 0 133 78 48 359 422 29 308 199 3 386 382 27 47 25 79 209 56 24 103 367 162 97 77
77 4 262 386 54 360 47 255 104 321 71 131 63 69 36 239 260 366 244 437 138 137 196 88 32 151 52 299 432 110 86 127 19 107 63 395 163 461 421 160 84 107 93 410 91 400 111 347 171 115 72 341 303 68 97 465 44 28 292 420 368 399 371 108 19 12 42 85 118 276 178 95 75 101 205 32 65 74 442 113 195 191 268 198 321 61 307 231 107 108 71 16 426 22 75 44 8 158 441 18 223 145 108 118 247 112 112 207 67 11 99 340 45 70 264 74 139 34 56 383 58 196 8 279 431 37 77 136 464 103 226 119 99 115 75 2 56 82 90 386 48 115 312 262 75 435 134 68 244 408 34 11 100 4 137 89 94 35 313 432 115 20
49 414 465 24 288 40 143 5 433 49 460 106 26 23 374 254 256 328 126 410 312 286 17 26 449 58 203 118 49 118 372 50 17 10 360 464 163 404 421 59 100 101 424 65 262 72 432 234 45 80 156 119 109 65 361 13 4 244 459 270 390 282 57 81 47 60 53 455 229 358 8 93 47 266 34 83 67 400 28 459 178 203 140 156 86 243 368 16 98 41 52 445 28 70 80 80 295 312 44 351 439 109 96 462 114 111 368 9 5 75 279 96 45 254 98 127 116 53 430 16 121 3 384 127 119 32 401 388 82 460 106 12 110 42 24 114 30 88 417 50 87 162 347 54 180 455 22 278 136 35 90 105 92 219 17 35 87 419 353 102 67
416 455 107 374 97 236 19 374 93 268 67 118 106 170 222 249 171 463 178 446 328 9 96 305 110 239 277 31 119 208 83 10 112 217 225 232 328 134 3 15 9 420 47 118 18 147 452 102 99 459 436 38 14 399 15 22 284 239 417 207 360 59 103 58 105 72 231 211 430 54 40 84 230 92 107 61 212 55 457 358 302 127 151 57 177 420 70 69 12 108 182 29 49 30 81 367 378 70 246 200 112 84 451 87 45 206 38 62 88 204 39 53 350 10 181 6 31 257 76 261 0 353 435 87 14 122 238 100 195 72 88 91 41 12 61 42 26 456 87 58 228 414 45 412 424 0 448 467 81 102 78 38 262 116 28 33 392 414 59 66
31 322 69 196 35 314 24 369 103 194 424 462 59 13 83 26 1 100 7 14 189 456 20 392 61 12 155 250 75 195 308 271 55 109 56 38 4 295 140 374 15 421 75 206 106 13 294 375 96 32 139 241 97 339 425 38 80 74 99 0 130 343 356 136 426 35 99 11 317 126 175 27 171 144 297 54 306 98 115 81 97 14 285 8 109 255 353 300 230 31 129 197 174 251 36 9 310 102 27 166 390 87 254 306 56 160 380 230 41 135 434 30 318 5 436 235 21 335 91 318 34 56 137 387 105 114 180 28 217 346 375 280 360 200 168 290 39 214 341 53 33 346 68 75 201 69 63 352 249 412 319 98 429 450 119 89 104 401 444
261 103 468 22 463 12 398 53 161 277 356 52 85 19 104 20 43 58 34 429 382 10 398 15 97 201 291 112 237 274 382 22 89 76 34 23 372 273 415 65 360 12 276 4 66 125 170 59 3 321 330 111 153 215 68 114 90 8 7 225 213 411 360 409 62 91 43 455 410 174 71 200 375 348 14 229 93 47 57 71 107 321 70 93 387 451 119 465 80 195 156 257 310 3 80 274 44 43 206 404 102 235 276 35 133 349 117 82 247 201 105 213 74 425 393 49 231 4 313 109 33 189 416 34 82 382 105 277 288 190 189 400 311 161 260 52 313 152 74 39 220 2 52 386 62 48 357 325 348 152 37 347 349 195 109 68 249 144
438 97 138 1 187 7 399 46 22 87 289 260 231 294 218 296 132 403 95 32 125 102 278 254 59 100 322 77 92 99 347 259 312 455 152 108 83 9 163 0 385 118 145 329 18 101 129 194 108 107 129 35 95 192 395 380 133 367 26 88 73 117 81 292 431 460 55 109 36 423 34 47 60 225 48 275 167 406 422 181 30 399 434 107 24 35 62 435 64 35 23 65 157 385 29 165 331 93 78 152 97 41 302 21 58 7 405 89 66 309 100 420 17 49 143 69 172 54 275 227 60 110 311 165 100 277 66 102 8 100 110 22 93 33 335 19 111 304 172 69 386 318 75 360 350 59 38 45 7 224 18 65 48 318 211 105 36
121 72 374 103 398 87 124 464 167 40 37 45 41 66 105 111 83 431 424 19 433 107 42 279 148 79 416 238 299 5 36 108 50 19 157 418 435 27 374 105 150 83 21 408 226 29 27 335 201 75 159 328 80 67 55 88 61 435 318 221 385 140 22 31 57 294 149 124 32 262 305 182 52 430 109 35 96 107 43 252 71 24 407 201 463 282 8 375 398 204 154 68 32 285 85 32 315 380 11 418 272 110 136 438 362 115 235 241 74 441 64 372 283 69 421 35 381 50 61 359 262 23 45 459 81 266 129 448 211 468 431 349 216 104 420 431 28 52 336 18 52 364 9 6 460 250 323 249 39 453 464 179 43 59 332 133
467 30 433 73 119 115 17 93 165 226 183 306 130 199 271 310 28 5 328 106 127 172 78 43 159 4 6 44 240 320 243 224 396 60 96 74 366 34 157 30 383 321 6 8 368 252 29 89 364 13 108 297 416 168 328 318 95 112 15 100 69 179 366 450 49 53 2 166 35 67 82 125 17 257 242 156 242 377 67 159 226 60 28 35 57 143 112 62 31 101 203 176 58 273 244 4 9 162 64 5 439 38 28 91 169 118 15 410 110 175 81 35 373 41 365 39 119 336 56 112 427 251 15 197 45 79 49 118 93 46 78 14 468 27 52 251 437 96 219 279 57 179 148 69 71 111 116 133 87 12 36 322 418 96 17
125 4 463 56 132 257 118 79 48 29 113 58 8 17 101 412 160 114 146 48 87 312 141 2 341 225 424 13 75 31 73 14 164 196 218 71 407 106 155 85 99 433 351 12 94 118 407 108 216 391 64 59 63 35 32 358 231 440 412 459 73 83 39 267 260 298 91 144 352 215 35 370 13 7 82 56 53 441 44 80 135 181 446 373 55 252 339 197 288 63 58 277 37 102 123 205 105 133 420 87 189 458 271 89 280 376 32 389 3 445 136 59 430 62 289 10 113 186 227 58 112 318 30 285 288 351 165 171 253 337 244 14 434 235 109 40 118 100 77 349 107 103 218 298 385 244 97 164 265 311 25 43 467 421
348 37 300 28 110 109 336 187 338 440 315 241 319 219 99 89 247 23 174 329 36 111 417 2 117 72 156 462 217 271 450 40 40 112 355 23 160 45 350 440 93 115 127 385 53 18 429 20 78 147 205 289 379 166 82 65 13 91 108 119 172 264 93 117 43 326 99 2 41 251 40 433 455 298 336 438 114 367 392 20 70 46 117 332 25 81 71 55 442 299 106 275 438 48 119 332 43 0 265 25 96 58 407 101 45 175 16 150 14 1 379 17 205 65 216 185 18 88 255 138 68 128 114 86 96 30 109 27 79 91 201 46 109 308 393 4 159 302 97 425 277 21 88 117 88 284 110 73 56 418 380 85 115
458 65 464 446 461 73 47 114 27 80 19 49 92 403 439 30 249 42 5 449 262 98 316 286 450 27 43 75 37 106 320 395 420 38 281 109 242 1 55 404 180 30 109 314 291 36 401 206 91 47 102 44 47 367 131 167 369 271 15 45 86 256 152 414 91 272 157 125 38 214 91 16 44 5 61 175 107 23 187 457 168 292 15 142 264 314 411 77 51 272 77 74 154 145 102 329 233 69 265 118 293 62 323 313 74 275 66 184 326 84 267 49 183 53 51 409 120 107 22 299 5 250 331 259 233 263 294 381 217 102 437 137 106 70 172 93 3 346 49 35 231 357 207 180 37 345 445 280 36 110 166 357
125 111 98 53 165 222 459 270 227 308 183 396 56 24 177 14 197 184 6 56 459 19 78 76 165 391 392 303 397 78 61 73 262 75 423 72 263 351 55 119 169 387 42 96 159 111 63 195 418 185 395 375 103 66 47 1 113 254 188 268 57 34 53 195 10 49 55 265 34 415 186 356 249 306 118 435 398 0 30 108 46 322 4 41 58 9 388 396 112 277 215 16 68 214 71 27 411 22 73 20 355 93 80 254 45 435 117 52 304 65 117 72 123 449 73 82 346 173 57 423 51 51 26 74 14 77 74 119 212 92 28 354 136 95 326 306 35 456 137 115 58 1 117 327 112 89 12 290 292 26 103
283 130 152 87 40 63 17 8 78 30 38 412 432 18 235 113 61 140 365 70 302 162 422 38 60 15 95 54 351 311 385 98 178 19 288 40 82 218 189 9 104 276 192 73 359 362 50 44 37 114 4 298 169 374 376 437 114 59 31 312 333 383 75 228 284 309 107 191 7 97 87 91 40 293 14 68 336 437 426 328 19 137 399 175 289 112 45 386 71 8 351 389 10 205 386 44 307 224 339 19 450 364 10 426 23 452 440 48 162 34 197 63 17 320 407 88 108 245 98 187 285 349 428 175 339 142 458 63 432 136 94 47 244 46 49 182 13 91 330 376 326 161 102 203 172 267 1 45 117 160
89 71 133 243 363 424 295 284 240 320 47 79 258 38 142 297 60 4 269 48 87 35 301 338 357 174 320 47 54 34 172 116 455 26 274 178 77 70 144 303 118 17 221 92 79 284 398 401 195 455 36 76 30 79 49 320 463 250 25 47 76 299 5 13 34 322 83 435 350 413 447 270 105 465 271 75 87 102 112 457 10 59 88 0 265 276 0 347 456 30 48 255 28 33 258 109 59 44 454 30 87 368 47 166 11 21 274 50 128 10 174 458 75 65 305 442 92 119 90 55 34 75 77 18 109 48 417 28 39 227 457 54 464 276 108 204 371 75 98 67 5 300 14 63 91 356 170 3 47
107 269 306 318 297 369 456 429 157 83 114 349 74 189 328 31 32 367 32 90 70 460 166 128 302 347 31 113 19 315 114 309 13 304 445 52 15 425 351 20 21 198 102 48 462 221 335 317 151 10 51 59 46 10 372 238 401 114 13 9 148 35 103 16 132 42 142 418 205 420 407 102 304 385 60 2 9 43 197 6 79 106 51 234 439 68 248 146 39 77 434 116 108 404 57 57 17 453 47 11 188 63 376 83 50 432 83 150 35 426 392 90 27 187 400 3 215 4 89 105 103 95 89 61 91 286 33 79 136 399 51 307 427 118 436 440 6 70 104 119 420 89 90 91 120 370 21 79
263 328 341 341 256 219 227 443 14 21 283 42 212 198 29 80 439 92 97 27 330 124 411 386 373 7 17 29 207 18 248 98 302 232 92 3 407 147 118 119 402 79 105 333 368 234 187 357 52 83 58 55 34 265 233 341 90 90 90 393 54 79 53 415 25 332 358 149 309 420 94 423 323 45 30 110 30 213 18 77 23 15 460 416 45 277 451 87 10 401 41 9 388 106 6 62 188 34 109 281 88 300 76 107 466 17 313 112 301 194 53 86 340 341 55 298 93 104 76 108 113 42 31 116 426 68 98 230 331 119 292 334 6 325 224 44 93 31 89 356 77 18 56 235 417 93 53
97 23 11 51 113 22 74 411 454 19 200 41 66 440 356 114 187 372 138 5 57 99 110 96 182 269 321 31 167 71 170 66 108 335 350 86 16 140 121 46 268 202 49 1 61 19 83 167 364 352 148 149 87 14 13 234 134 232 57 376 404 271 50 346 23 81 93 70 93 173 63 85 385 211 226 253 7 463 423 144 384 44 17 312 31 59 207 129 51 130 198 11 270 189 245 71 278 341 59 213 2 405 275 112 464 53 253 25 86 282 445 62 14 227 86 138 412 367 369 221 380 336 421 106 250 186 38 33 228 110 115 131 76 109 206 455 410 432 92 388 284 336 80 96 232 442
101 48 9 56 64 18 216 216 27 429 102 85 285 439 59 325 256 370 12 45 57 80 11 402 264 162 97 394 19 146 112 42 117 338 49 11 125 312 0 283 135 76 96 47 108 94 339 344 183 126 371 95 3 56 351 323 381 78 192 209 368 24 454 76 93 21 47 107 454 50 23 311 119 152 213 4 369 172 378 457 21 75 391 74 113 358 292 23 136 350 44 301 164 243 111 440 381 115 311 69 341 121 47 329 67 239 85 26 157 391 114 37 405 106 203 468 405 426 222 324 387 314 59 289 251 68 42 456 43 53 120 87 9 396 151 232 447 13 394 455 165 85 103 243 134
109 46 79 93 9 148 427 103 281 48 58 196 328 87 411 260 173 14 2 57 111 102 224 145 366 28 446 26 337 18 20 284 451 91 5 325 124 41 127 270 113 101 23 114 44 125 441 201 289 181 43 84 95 336 354 285 49 439 412 330 45 123 28 5 115 24 10 182 1 74 194 301 417 432 68 344 209 216 404 82 108 411 21 66 231 435 70 375 366 73 205 447 403 84 286 205 81 325 58 131 303 109 219 107 296 6 39 450 139 48 14 390 14 391 432 316 253 433 460 126 373 38 317 164 4 33 193 59 56 227 45 63 389 197 239 216 110 411 403 322 55 16 361 428
15 48 109 91 200 342 48 185 45 58 157 218 12 219 144 142 113 57 58 52 13 220 330 129 32 190 103 124 65 49 432 431 55 74 163 451 79 161 383 64 77 57 85 99 185 400 426 377 183 15 45 18 147 427 160 56 279 127 169 82 382 20 101 62 57 73 202 8 71 142 269 441 217 50 293 307 392 458 84 52 362 79 35 229 140 1 454 329 12 141 438 416 7 251 332 66 292 6 408 295 104 302 7 355 80 96 454 436 78 25 394 47 299 158 342 152 199 309 278 338 45 233 274 18 45 444 94 67 195 70 69 334 348 350 215 75 460 179 146 74 48 457 275
85 77 114 376 395 56 294 37 65 147 456 40 233 229 257 57 71 94 38 114 395 334 260 75 242 62 455 64 13 187 179 86 18 344 438 89 192 179 47 69 2 59 36 357 178 393 393 203 2 25 86 334 389 292 82 156 186 169 89 458 33 9 37 17 100 391 51 82 122 330 198 157 109 130 435 321 262 90 36 395 98 62 167 236 107 278 277 3 385 310 407 99 398 297 13 134 103 288 153 95 344 62 185 66 44 346 171 21 112 146 98 237 393 420 458 214 186 206 375 3 197 338 5 104 129 100 27 255 85 24 376 395 193 174 113 344 443 187 11 50 119 205
95 20 177 207 76 379 36 87 198 117 41 140 444 175 108 37 15 60 72 286 206 400 113 269 103 244 72 94 316 311 28 68 324 165 15 292 259 93 26 65 13 41 335 204 389 422 433 92 102 69 359 221 311 61 395 379 467 32 256 106 90 53 35 9 142 55 55 269 199 177 393 50 383 402 426 170 88 83 238 2 0 310 305 38 239 243 23 318 357 360 103 368 175 0 330 38 458 214 35 358 97 272 38 106 263 358 82 23 139 24 341 135 419 299 236 404 284 147 76 426 352 75 114 350 41 99 164 114 65 389 327 310 268 15 247 241 351 42 86 143 419
23 278 133 62 404 63 21 137 225 54 370 205 324 24 101 83 9 109 156 238 135 61 384 11 169 112 82 377 349 10 63 360 433 103 316 149 0 11 16 100 0 416 164 390 242 446 103 11 25 342 357 215 1 440 149 237 64 167 14 63 7 13 75 276 86 86 440 425 254 329 12 256 194 410 383 106 90 236 42 39 368 389 25 449 362 70 341 215 117 9 181 188 39 166 77 146 231 20 417 26 260 60 29 326 131 75 103 203 65 187 117 438 401 235 460 303 440 59 142 391 94 48 142 36 14 257 102 90 139 434 442 264 27 118 379 408 65 44 412 243
330 372 110 170 38 41 458 254 20 162 441 374 89 48 56 34 82 325 362 257 112 348 88 441 81 85 413 414 4 58 183 162 56 421 390 24 29 87 52 101 426 437 129 138 228 109 24 85 206 134 220 79 427 417 206 37 417 73 74 100 81 113 408 64 112 297 291 134 206 28 223 178 425 128 98 85 442 13 8 209 422 39 215 236 67 156 361 137 50 429 338 93 133 98 402 400 16 176 8 294 67 14 384 150 20 87 325 22 317 330 320 176 386 440 418 159 112 417 431 108 80 320 65 84 345 74 16 120 216 240 324 24 218 239 396 45 99 417 301
114 254 109 373 216 105 9 384 55 12 94 423 147 176 447 463 51 89 75 434 17 135 76 127 467 47 76 233 324 41 29 132 31 107 400 193 248 202 367 66 77 88 107 5 360 290 184 109 65 35 272 3 114 111 240 29 234 350 232 387 343 25 314 260 76 39 50 114 307 55 99 41 81 251 378 65 175 204 33 64 280 68 89 137 92 31 2 159 112 27 183 16 122 4 6 180 43 239 45 127 234 33 9 390 148 56 123 105 100 76 3 53 16 40 107 321 84 21 253 338 66 333 462 81 323 309 99 7 99 47 179 78 116 95 282 353 35 38
210 36 228 119 93 77 235 62 85 109 275 417 460 447 183 8 39 113 393 82 249 80 139 234 40 36 323 415 88 19 299 97 23 145 379 165 289 201 20 30 23 18 54 284 339 260 25 105 53 244 17 41 24 225 39 197 339 366 133 404 76 442 407 25 113 77 15 290 14 92 33 76 462 256 0 358 442 8 85 155 98 46 289 43 19 69 181 6 6 127 69 455 43 34 148 67 239 101 328 358 23 43 459 343 29 405 102 23 3 61 96 23 28 0 354 50 63 228 436 10 463 361 74 458 310 1 78 92 6 298 7 63 70 323 321 52 88
300 94 91 121 211 79 453 184 386 27 33 106 22 45 415 428 399 72 344 70 267 77 103 243 361 28 99 235 193 43 433 322 38 110 66 55 101 284 192 441 161 364 17 87 92 374 210 412 47 256 412 263 89 198 17 11 92 77 76 287 77 111 223 321 151 430 91 256 238 163 216 25 81 353 91 61 240 361 89 252 197 2 197 196 133 35 257 167 93 414 94 310 387 76 459 37 350 81 93 459 404 52 49 238 67 412 154 270 382 241 315 463 249 99 232 368 107 95 153 37 60 267 94 58 208 233 126 223 17 191 238 269 87 75 218 149
327 119 112 57 196 8 99 46 288 393 122 294 351 114 114 117 301 80 120 32 265 178 50 43 169 393 76 86 220 55 35 377 367 179 331 132 95 119 88 106 112 384 252 350 82 101 12 433 103 12 74 175 73 362 407 344 182 392 30 403 151 103 57 102 95 316 111 83 23 51 123 274 55 410 228 28 109 165 83 118 371 7 82 36 388 102 116 220 88 193 96 48 383 9 193 24 271 174 84 66 308 439 12 341 6 63 63 118 107 8 24 23 196 32 6 440 246 118 340 156 115 287 366 71 12 62 114 405 1 73 37 380 305 87 75
110 395 248 82 343 149 366 46 115 106 69 1 464 341 228 93 267 105 362 51 88 331 295 57 49 127 370 47 393 156 30 30 83 15 5 343 417 206 434 344 72 9 78 437 389 124 32 407 307 391 26 325 88 73 95 56 115 202 0 85 161 447 462 175 114 212 192 309 245 13 71 147 89 50 345 130 28 356 363 43 308 351 443 60 290 382 6 311 33 149 363 37 277 15 456 26 34 196 386 28 36 460 24 299 287 380 246 164 154 212 361 21 190 279 93 33 387 36 54 371 25 39 119 314 417 430 49 228 145 159 37 30 154 309
168 445 74 283 295 223 67 20 64 10 53 279 376 447 11 338 113 239 7 72 318 242 72 96 350 360 44 356 251 112 113 73 106 26 305 249 393 276 190 51 19 97 204 448 348 37 189 330 139 64 346 40 33 59 69 105 292 0 81 121 330 281 287 2 251 298 148 212 37 3 271 98 89 398 252 60 117 399 26 351 263 219 16 288 135 14 153 73 460 349 68 444 113 335 15 56 236 455 103 104 313 83 248 238 196 132 181 205 396 157 53 216 427 82 0 271 87 56 198 20 100 233 396 437 250 79 125 326 123 0 32 377 227
69 246 65 12 107 267 242 400 342 457 12 115 57 207 117 302 78 286 173 30 73 463 255 28 16 168 88 76 182 278 442 191 455 61 101 56 24 75 128 176 422 86 58 71 221 69 73 77 433 30 270 341 140 327 278 80 466 185 62 59 46 113 328 84 98 112 93 399 462 47 409 191 29 106 283 96 52 173 23 46 11 436 109 5 335 60 208 74 45 152 34 158 90 314 206 5 93 208 163 25 209 25 26 112 10 65 84 100 16 467 89 88 135 451 104 252 377 37 189 237 63 7 94 107 337 5 67 23 290 195 107 3
375 64 52 13 305 438 401 290 417 103 19 49 406 37 215 62 177 398 17 61 375 352 105 30 258 25 44 287 305 339 425 141 82 89 104 113 35 464 251 190 30 50 29 441 45 80 1 445 15 300 392 156 233 426 12 445 212 80 90 43 97 434 44 43 12 119 332 285 116 183 374 45 79 353 59 43 218 12 61 91 175 84 102 134 17 358 99 73 363 55 147 39 391 284 49 50 284 286 69 441 5 94 94 57 41 114 78 16 421 18 106 358 241 38 442 364 70 189 202 57 17 69 43 122 3 86 88 140 342 95 30
376 417 175 90 30 82 28 80 306 348 208 2 162 41 430 80 57 240 290 83 66 322 146 104 140 130 111 38 74 104 23 321 445 285 155 417 18 0 60 236 239 271 56 364 467 325 92 184 85 55 111 100 22 192 30 56 342 429 393 302 71 241 466 179 125 111 109 424 74 48 287 320 53 161 177 50 225 308 374 6 438 420 76 279 107 268 123 24 343 84 147 66 42 341 337 91 19 377 76 130 293 311 247 405 175 178 130 50 205 452 23 57 456 81 72 175 96 64 161 216 310 335 95 395 452 244 69 65 167 209
110 84 233 147 340 454 133 6 65 65 177 112 368 96 405 293 52 44 201 430 115 4 397 58 103 335 367 245 326 368 66 114 9 110 4 383 160 330 113 35 108 152 19 50 118 222 6 218 298 256 307 141 55 447 365 37 110 37 35 174 99 38 39 62 194 140 7 448 294 34 103 179 44 53 289 59 16 57 224 61 81 318 37 126 54 61 468 6 287 64 333 358 2 55 463 311 102 159 54 54 51 58 94 51 71 19 409 50 25 252 260 5 292 407 33 306 412 104 90 84 80 336 4 89 2 182 367 47 52
89 150 424 178 463 184 100 43 118 274 116 228 21 210 408 9 90 418 261 19 51 242 44 101 362 148 257 455 364 6 47 92 84 42 226 340 217 117 24 83 453 102 44 68 288 83 185 402 408 235 376 93 143 433 100 29 37 81 443 77 117 65 22 291 351 14 447 205 40 15 245 37 19 158 86 5 86 468 57 39 309 33 196 47 89 248 3 231 49 402 463 8 60 313 284 80 455 0 36 106 82 74 32 98 105 265 64 32 276 259 11 313 305 99 466 366 100 56 54 9 351 59 30 26 130 293 71 61
324 134 358 321 322 75 1 60 157 1 214 67 415 233 82 81 231 192 35 14 323 28 50 289 243 265 465 330 106 12 101 64 110 427 204 356 30 49 118 165 111 51 115 209 105 298 392 312 466 363 47 124 445 4 28 37 25 370 22 11 64 36 217 405 0 279 415 11 99 219 22 1 459 65 15 39 162 85 110 302 47 310 40 70 378 15 127 13 263 126 112 44 263 301 115 340 114 92 71 81 9 14 14 113 382 88 96 382 398 26 244 393 37 183 434 6 31 2 82 274 63 119 65 117 413 52 106
46 106 73 44 229 288 220 75 325 79 361 4 1 128 468 20 11 376 128 39 235 178 61 36 54 81 113 164 133 373 208 266 50 37 88 328 301 417 72 385 244 145 34 359 23 78 0 78 21 237 104 33 301 264 298 167 108 174 120 297 297 64 62 217 32 44 142 456 60 383 421 87 196 312 438 111 160 309 16 435 58 149 400 18 187 93 333 22 109 129 320 3 98 165 91 211 221 331 213 401 306 439 176 100 456 417 96 94 125 89 59 382 108 113 420 442 259 157 13 203 117 421 0 42 308 246
62 13 2 442 222 406 27 418 33 239 97 83 308 128 85 74 338 441 49 316 369 105 26 71 31 50 231 378 414 414 131 55 101 64 337 327 352 31 162 144 275 7 274 87 68 106 97 69 136 103 91 359 241 386 441 24 138 155 451 395 16 49 270 63 76 240 433 40 437 205 44 435 300 335 58 286 180 17 289 44 394 220 59 222 99 365 41 66 407 461 42 37 163 106 427 213 263 402 153 364 183 435 33 292 360 93 13 154 17 21 177 94 56 408 420 313 212 10 280 228 118 72 18 136 218
55 37 415 247 194 11 394 77 196 11 72 310 161 54 113 403 148 83 436 235 80 93 89 114 87 155 357 162 337 425 70 59 36 301 166 175 47 245 202 442 55 301 35 19 41 91 83 170 5 105 180 399 288 451 32 338 282 369 302 26 29 207 6 0 379 265 84 399 464 95 119 439 231 18 132 323 99 276 22 467 454 50 286 46 208 113 31 390 382 61 107 306 61 371 148 385 291 343 257 384 280 6 333 120 79 103 385 115 97 144 15 38 159 137 324 235 35 273 285 208 18 56 175 349
67 419 376 397 82 121 113 178 54 22 199 269 63 58 396 370 103 148 304 71 60 50 50 15 408 280 205 459 211 66 77 32 156 291 467 36 365 333 283 33 231 56 39 92 102 72 117 14 95 442 452 273 372 97 455 319 198 294 8 61 278 17 81 268 462 94 441 337 93 361 425 320 26 342 388 35 278 102 378 413 21 243 101 247 46 66 435 208 9 18 450 12 246 156 456 241 169 161 243 298 34 406 411 58 86 362 65 31 286 93 43 401 250 337 424 42 422 165 243 29 88 149 384
166 328 210 61 158 24 322 78 42 386 394 99 36 408 298 86 287 135 48 67 109 29 56 278 396 187 243 326 64 32 55 185 354 226 88 351 329 210 48 230 67 42 20 17 89 192 57 83 392 158 196 467 115 209 307 382 342 65 96 278 32 70 335 327 64 450 231 81 302 378 298 111 280 406 10 271 62 192 408 79 421 18 257 24 23 237 238 82 85 380 100 194 387 310 245 358 426 283 445 15 145 173 23 27 126 109 24 273 61 21 329 421 299 162 84 235 177 202 79 82 438 259
105 83 278 15 175 15 446 459 98 87 268 153 45 111 415 72 58 404 327 256 462 278 119 24 50 50 9 333 318 160 101 58 100 310 42 75 111 178 53 396 370 122 136 285 107 296 149 83 22 104 64 307 45 100 113 13 194 254 105 175 346 38 44 308 37 113 433 23 100 38 296 53 67 168 4 277 10 82 248 119 336 46 311 142 23 35 219 342 95 298 94 57 60 18 63 68 49 110 433 96 46 412 299 5 404 390 81 264 223 38 109 119 65 234 86 18 73 166 189 83 15
86 400 117 178 87 420 131 112 98 409 321 69 57 143 2 17 267 251 177 450 143 41 85 57 10 22 196 458 308 51 81 1 360 14 71 83 223 27 370 461 459 362 212 42 305 235 68 64 8 18 392 87 24 99 115 386 197 103 153 249 2 88 146 72 55 175 68 7 79 314 110 113 432 101 466 24 113 156 24 272 15 316 320 118 14 315 187 54 393 48 24 107 96 31 66 114 103 191 86 14 187 216 3 351 314 14 355 280 48 69 53 31 190 3 59 28 265 244 25 39
459 8 322 80 382 305 99 30 357 156 50 119 231 3 115 426 160 315 302 375 9 97 16 48 23 299 152 328 0 118 114 235 11 118 49 293 21 366 412 203 173 262 37 435 429 56 32 56 32 221 81 116 4 65 459 239 80 315 178 65 60 345 78 34 123 2 3 109 139 1 8 459 63 129 66 24 250 28 385 89 466 238 40 64 269 423 112 423 0 97 72 67 8 58 43 62 151 23 58 389 456 94 141 233 110 429 218 18 35 67 1 342 50 31 60 394 273 13 66
209 15 211 57 4 365 246 89 93 400 417 79 361 284 59 76 22 54 22 406 386 215 125 279 115 110 12 194 184 246 71 363 322 339 92 426 24 36 21 12 33 177 19 57 167 438 452 298 88 422 366 350 400 92 27 332 103 78 462 211 9 371 408 86 193 281 367 43 152 202 44 391 33 182 380 48 406 27 234 25 40 466 123 81 82 211 7 296 301 436 146 247 133 168 181 29 359 210 85 1 276 18 75 375 63 81 234 462 294 142 10 189 152 393 111 14 152 329
203 68 365 158 97 109 430 409 5 92 322 114 14 392 389 117 324 283 67 37 33 92 11 175 402 166 63 107 84 207 70 45 7 451 19 411 252 418 224 134 67 283 266 24 80 79 93 444 12 20 37 51 219 207 42 415 446 7 106 256 10 63 354 78 99 76 154 29 60 423 50 376 94 52 194 110 182 29 124 263 99 100 281 348 82 122 38 105 83 66 20 27 40 40 234 49 73 291 368 82 178 149 63 315 230 12 105 81 94 359 79 82 73 424 333 66 24
212 36 109 206 318 103 13 335 247 98 360 465 2 76 0 6 46 381 355 388 246 175 42 32 29 330 348 458 65 293 215 448 53 356 55 5 34 44 16 189 95 10 326 427 149 315 114 440 456 270 357 19 39 356 71 41 329 263 22 286 312 81 215 317 250 27 334 119 68 227 24 374 261 18 352 18 443 111 65 317 421 7 80 287 70 342 190 353 358 456 407 384 188 7 186 279 50 0 325 2 14 297 8 10 418 370 333 425 86 301 468 466 70 5 235 437
288 151 105 93 133 467 106 54 230 45 9 267 372 229 432 126 60 1 2 25 78 118 161 252 56 90 40 229 50 29 97 374 0 457 126 351 158 263 80 418 134 68 37 5 91 174 51 97 114 108 160 237 54 136 184 24 50 270 97 32 360 114 41 47 299 83 57 156 88 321 67 9 222 47 296 72 215 158 27 66 396 263 47 315 35 0 87 45 75 16 69 32 192 60 16 121 342 79 221 397 94 268 281 23 66 109 66 294 5 33 35 375 148 60 118
21 171 313 113 51 403 120 87 459 147 33 78 65 0 74 250 279 120 164 328 26 43 17 307 330 123 77 301 325 190 2 135 24 19 81 34 40 465 33 34 244 431 462 184 3 147 281 178 134 15 63 311 17 47 176 455 6 171 467 113 275 338 372 10 382 406 61 435 63 264 265 61 208 26 269 36 58 168 424 50 16 211 59 352 417 449 147 336 187 355 140 65 349 130 70 6 259 47 70 378 30 113 402 318 142 400 77 337 286 311 27 111 290 268
217 409 30 113 223 459 63 459 250 8 23 46 95 107 211 225 223 272 119 110 58 4 213 417 420 79 228 253 418 61 334 103 34 37 43 34 176 83 40 178 234 442 207 75 368 457 215 142 39 45 286 5 70 300 148 51 193 225 46 179 315 379 52 267 329 17 407 76 207 260 38 324 106 319 104 60 279 401 109 6 187 11 185 400 294 277 348 377 337 412 115 167 128 1 6 311 48 56 403 87 36 405 176 400 367 52 266 288 137 29 30 129 183
13 353 183 60 114 128 119 11 278 230 349 461 211 79 63 20 78 25 257 464 334 16 49 29 264 28 109 30 138 61 222 165 311 343 332 4 143 301 48 81 35 35 346 8 66 96 50 197 355 103 319 344 9 109 452 119 54 134 22 118 76 356 31 48 453 32 307 75 69 343 27 316 88 355 161 39 76 179 315 62 153 78 13 86 104 101 48 103 84 173 115 52 232 453 32 167 357 13 291 311 104 54 26 64 351 119 10 4 121 234 77 24
456 435 49 53 369 52 115 399 241 308 403 276 32 17 81 81 82 193 307 322 107 95 104 167 100 4 93 275 74 296 303 157 352 139 48 267 392 74 101 6 29 222 11 52 44 60 213 418 91 461 193 67 2 456 63 49 400 65 3 31 207 83 23 452 64 174 58 65 207 106 161 111 117 152 116 16 405 465 94 321 14 67 103 55 76 63 3 42 409 84 46 179 294 22 267 372 111 131 302 32 34 66 36 249 87 2 101 219 392 19 93
67 226 451 38 168 189 70 55 79 79 96 145 224 257 228 375 98 98 105 356 202 301 76 142 340 152 52 389 33 81 48 9 73 445 82 57 254 169 183 207 21 142 453 188 243 1 42 394 103 56 268 436 32 165 123 9 427 290 163 42 308 413 29 362 1 139 268 3 284 41 421 99 41 347 286 79 20 462 57 352 252 133 213 306 194 342 448 112 345 464 22 20 117 58 110 251 46 36 184 277 281 193 84 342 389 386 106 70 149 345
412 172 19 168 286 44 76 41 88 81 165 370 274 402 351 14 82 97 388 360 353 29 142 393 219 115 223 9 98 33 107 115 289 66 100 445 374 273 245 16 321 289 345 210 66 38 413 16 54 133 326 89 313 231 100 368 162 428 81 238 161 27 147 114 291 308 48 307 5 226 60 13 318 420 86 102 287 35 241 191 282 127 418 382 364 203 73 255 346 28 107 222 51 107 224 43 21 231 274 385 297 103 358 318 445 0 43 421 193
115 223 30 6 213 236 408 339 367 83 2 65 61 116 292 450 166 16 119 82 168 3 99 7 452 61 319 154 226 175 346 3 391 263 94 53 0 37 168 75 65 92 8 388 449 109 189 177 79 26 236 62 80 348 17 54 42 172 65 10 257 77 344 92 49 208 9 171 0 436 351 85 42 410 132 76 314 36 38 98 113 117 84 48 76 203 54 44 390 120 107 412 329 53 237 164 29 86 21 14 404 112 85 19 158 331 24 9
457 95 114 269 294 367 366 324 22 28 12 40 105 241 215 387 44 92 113 416 31 24 41 121 2 226 461 187 171 201 100 198 194 87 85 82 104 193 56 48 80 17 385 425 81 323 342 25 106 362 14 94 401 83 94 7 196 52 97 465 108 204 97 116 368 51 289 109 356 177 17 29 157 446 90 269 8 15 60 78 40 61 117 89 296 36 29 436 320 93 157 338 115 292 361 56 50 64 62 139 78 119 102 131 442 119 78
287 207 96 49 111 2 97 408 246 299 246 250 23 31 17 219 409 408 57 465 167 278 51 124 33 45 97 64 58 211 90 84 355 158 430 229 85 256 160 159 245 51 48 445 86 103 150 464 29 238 374 83 397 199 333 5 222 278 99 405 87 127 244 33 287 86 139 89 6 460 430 99 16 419 81 441 406 446 139 362 147 365 367 18 340 237 6 75 159 5 49 266 44 58 274 330 310 184 64 384 338 369 109 115 243 257
94 244 258 254 137 216 34 34 11 15 115 190 186 271 109 54 33 206 5 18 85 312 16 404 419 279 170 325 82 302 313 27 9 111 58 232 72 34 11 53 126 159 59 371 206 25 78 383 54 60 367 41 29 52 160 16 15 304 52 253 23 35 421 77 194 63 228 288 32 25 285 272 84 253 93 109 38 10 10 46 31 91 193 24 26 420 382 64 169 202 27 172 422 84 65 23 44 440 70 114 110 290 201 14 15
236 428 259 141 195 49 9 38 15 95 434 434 358 65 67 45 434 111 97 20 229 94 283 420 203 238 280 53 428 165 87 103 99 26 398 103 29 3 32 339 438 27 256 385 61 23 319 102 20 331 108 54 69 422 104 69 360 107 178 4 95 301 113 450 6 282 458 62 31 281 402 13 346 44 90 59 0 0 83 56 25 172 11 76 463 282 68 359 226 17 162 207 80 10 71 104 336 8 38 82 191 296 17 91
40 7 31 28 350 196 317 360 137 91 93 20 343 406 233 74 367 421 165 76 203 37 20 16 18 20 390 27 33 279 345 193 433 88 298 367 437 303 63 106 253 88 26 154 215 42 229 205 92 261 364 122 13 198 364 48 466 86 180 372 10 121 111 384 66 28 191 152 5 52 256 84 231 304 301 296 418 305 457 156 4 430 202 61 80 380 63 14 376 44 50 175 350 466 337 7 218 321 274 66 46 123 137
12 2 33 219 302 301 359 205 52 30 15 292 119 209 40 427 223 225 81 417 34 46 75 4 21 358 15 92 237 303 230 444 104 250 122 309 430 84 57 322 102 17 239 173 27 315 438 23 123 402 371 56 334 118 44 335 99 177 199 25 191 80 434 21 75 180 454 2 1 124 58 213 182 371 365 180 173 262 210 27 431 391 55 56 387 65 13 209 108 36 217 153 292 420 7 152 201 134 100 55 209 382
82 2 287 233 238 124 421 57 63 26 374 358 434 104 285 403 438 57 340 10 89 58 14 1 459 92 78 184 215 225 230 69 188 316 392 212 25 98 294 83 2 385 229 26 194 137 29 445 227 402 3 465 227 93 451 41 398 190 112 441 59 356 91 42 257 446 27 72 215 32 454 212 433 173 430 202 257 342 20 319 288 60 93 427 87 115 356 78 72 380 289 308 140 28 221 286 192 16 18 195 332
108 217 177 393 121 248 91 11 73 167 273 457 42 171 358 349 11 259 5 40 61 74 88 365 40 33 243 189 187 347 101 365 153 182 145 40 19 179 47 46 239 200 44 425 355 95 204 250 442 89 448 200 62 132 19 141 318 25 279 2 378 65 68 336 267 32 6 425 107 280 260 254 309 273 261 427 341 6 468 202 47 80 390 40 72 334 17 76 399 415 264 126 87 392 383 468 81 59 221 285
248 451 328 367 362 82 97 15 321 140 213 32 203 200 395 1 397 3 82 23 16 111 422 30 8 301 137 379 229 56 229 331 406 294 113 43 241 113 76 140 452 79 309 226 51 215 225 321 48 157 167 30 261 66 207 368 81 461 17 233 57 54 298 425 3 81 162 111 245 321 388 285 300 322 359 270 46 238 284 100 56 429 6 55 276 22 5 425 186 399 411 92 449 454 237 40 0 381 235
24 24 68 70 406 236 253 68 64 4 220 8 15 35 275 70 338 398 251 444 205 98 333 206 74 111 8 0 314 60 71 118 7 305 197 10 131 348 1 0 462 101 27 364 9 61 88 367 68 67 303 60 118 79 11 236 30 252 5 468 466 103 66 325 358 77 297 7 105 61 20 2 49 29 63 286 93 30 247 382 37 190 377 33 281 411 7 17 102 84 289 97 33 52 381 424 26 21
67 41 81 228 343 178 82 9 68 421 34 108 108 329 78 214 224 258 239 429 1 285 468 10 100 47 11 301 28 100 74 63 387 465 72 254 434 53 4 341 31 69 142 108 82 17 439 66 4 357 57 362 1 98 234 57 391 73 281 117 98 22 450 402 117 335 118 51 6 97 51 72 109 70 313 54 2 257 261 47 449 372 103 371 459 8 114 31 42 121 54 47 45 158 271 16 80
76 45 255 238 377 111 33 100 119 94 114 52 124 81 146 338 306 368 418 3 434 117 63 17 83 60 370 35 40 53 58 183 443 10 332 467 92 106 363 103 66 386 32 49 77 292 66 51 231 35 359 111 77 156 37 330 1 278 394 7 33 347 163 80 415 82 101 23 87 103 14 56 40 428 16 52 182 254 56 421 312 79 381 333 26 75 91 36 142 76 0 81 191 380 75 108
52 180 148 290 54 25 17 445 87 117 118 280 72 414 156 154 246 370 98 229 341 45 23 74 118 379 82 44 10 106 215 434 16 201 375 27 42 397 29 89 238 83 41 48 289 6 70 302 47 364 28 9 261 103 388 81 319 160 109 29 200 126 62 393 40 12 26 50 0 89 30 112 147 10 27 273 120 26 364 154 48 455 452 21 68 35 97 220 56 13 18 228 404 50 111
278 401 409 98 57 38 459 21 79 33 285 72 272 189 432 301 288 91 133 297 72 10 24 78 273 91 50 5 5 433 383 7 187 195 22 62 382 25 63 232 119 114 116 250 63 56 418 68 201 91 63 158 7 309 100 242 325 111 40 450 364 42 264 47 81 89 50 47 24 99 73 320 101 39 461 166 45 363 222 23 143 164 118 8 100 81 186 63 72 78 374 375 62 2
76 41 133 226 314 63 451 386 290 35 310 21 7 70 85 5 376 101 32 391 141 139 184 108 291 205 288 314 41 69 430 64 107 201 386 63 342 200 109 454 133 179 87 282 179 91 228 81 251 157 42 236 67 213 94 97 191 418 55 17 275 77 447 457 120 210 223 290 144 298 61 194 335 80 80 256 40 114 404 3 5 400 126 169 443 61 341 304 194 78 114 127 295
66 245 441 363 47 212 171 229 4 205 99 8 85 74 75 215 13 42 196 231 204 443 23 257 262 255 308 105 44 306 101 34 349 138 79 176 389 101 306 296 380 94 419 212 12 292 111 118 164 77 265 4 375 75 93 341 398 28 63 264 62 464 153 359 310 219 182 154 414 26 449 326 57 25 275 68 89 121 37 29 230 428 306 294 105 407 458 194 109 48 402 156
466 160 436 87 377 203 180 86 362 98 91 33 65 34 152 59 83 234 452 140 176 60 291 232 193 352 110 71 267 27 7 328 139 109 283 120 6 276 337 305 49 166 398 86 447 64 446 346 33 191 49 184 32 74 154 423 60 66 443 89 154 221 215 440 428 324 414 186 52 145 350 80 111 396 96 89 450 56 34 380 299 385 290 61 301 149 395 3 83 287 219
74 61 185 46 64 95 394 105 134 436 129 385 418 7 118 206 12 59 101 92 177 64 12 12 76 460 165 52 155 213 71 93 222 80 21 201 3 69 28 237 61 67 413 88 123 13 50 359 84 196 85 127 462 55 14 178 285 108 140 15 62 94 90 41 44 115 31 398 82 113 244 212 35 246 456 84 339 429 67 12 46 10 142 91 110 49 208 398 23 80
52 312 41 61 68 199 101 179 381 146 137 309 96 284 215 72 3 108 73 361 26 26 1 10 395 443 42 162 243 111 51 302 23 52 301 98 82 108 284 100 23 236 38 415 38 117 463 80 193 38 455 219 86 39 423 133 117 218 15 38 36 72 9 10 16 105 423 79 41 434 265 57 315 241 33 281 308 81 109 1 49 375 23 118 10 136 142 41 21
293 97 117 6 219 8 453 247 401 278 251 22 374 202 39 74 82 82 248 82 113 95 29 205 304 110 253 245 64 19 445 86 105 301 69 30 29 437 33 83 344 116 127 10 32 419 7 304 64 162 130 27 30 309 220 31 413 92 103 110 34 70 29 64 18 273 2 41 461 316 112 396 367 64 254 327 32 80 108 58 334 101 82 77 250 300 112 64
241 444 279 10 234 78 114 22 28 105 423 33 87 407 403 431 346 71 250 164 443 411 73 109 253 109 99 413 182 41 291 266 52 311 143 139 55 256 463 26 436 98 248 236 68 433 94 268 102 83 341 465 22 21 308 115 174 387 215 310 441 337 166 319 42 131 170 90 107 467 97 98 145 51 28 301 231 182 240 22 299 228 339 30 72 286 197
117 55 236 110 292 151 259 352 155 97 181 412 39 109 84 52 200 49 102 11 27 166 411 100 284 362 21 101 153 84 29 397 34 68 82 447 63 92 196 53 341 52 106 337 49 429 38 293 164 57 89 236 153 41 265 7 29 118 36 22 58 92 44 450 49 91 213 282 70 155 232 8 170 145 13 67 31 66 128 3 5 34 350 330 21 57
95 172 64 399 332 262 323 366 1 367 367 86 59 17 97 352 70 117 50 37 429 360 18 466 367 87 99 238 87 13 185 18 87 83 402 107 37 302 93 453 111 100 118 37 386 55 209 250 73 78 192 425 62 228 15 85 88 64 28 94 68 93 210 63 5 454 197 29 411 164 18 386 162 117 17 117 100 177 0 98 80 149 238 101 112
150 25 351 149 463 432 450 84 126 152 46 81 105 54 239 7 74 47 86 321 263 21 351 258 80 19 370 1 32 301 57 81 29 380 54 78 268 32 295 6 75 412 116 358 25 137 275 99 8 138 385 101 455 73 48 65 76 108 21 59 43 228 35 38 449 138 113 228 187 34 279 333 69 21 12 21 251 37 24 34 191 411 42 37
294 8 80 65 17 10 218 76 10 387 288 275 243 8 239 189 242 119 82 37 291 77 98 369 341 38 440 327 62 432 428 318 38 439 406 8 340 75 391 192 61 131 34 420 81 95 420 297 69 83 179 27 201 213 259 467 172 370 350 155 17 420 284 85 80 153 8 47 363 66 89 142 226 262 455 83 258 304 309 27 48 438 283
441 279 207 188 349 115 198 373 104 89 32 40 375 95 100 111 28 329 317 81 440 200 91 60 282 111 65 345 72 112 69 426 10 103 377 40 244 7 89 160 65 468 100 233 188 108 103 201 325 73 450 92 83 100 35 91 40 119 34 138 111 32 431 260 43 377 345 91 276 238 1 99 39 21 329 15 74 14 179 277 105 14
94 60 23 37 163 37 85 216 208 345 319 32 297 311 283 145 0 111 359 78 61 353 362 29 142 347 101 318 417 218 40 252 126 110 185 59 271 434 10 132 7 154 67 3 407 302 18 39 219 14 379 157 342 231 209 287 305 438 3 206 208 39 102 166 71 33 425 52 7 446 397 325 265 71 153 432 436 93 73 368 162
86 27 14 409 4 9 403 124 299 250 34 208 439 296 305 53 45 272 96 50 227 341 88 125 271 82 183 398 332 33 200 312 62 307 39 373 300 57 389 15 370 47 81 298 183 80 85 300 45 262 127 450 235 200 466 244 393 88 306 332 40 85 425 49 95 389 95 61 431 209 441 240 16 264 125 150 49 115 434 445
19 37 242 17 98 118 231 329 385 64 339 234 416 430 47 16 220 14 16 419 303 67 463 174 2 214 365 151 97 237 416 109 333 35 386 249 67 403 43 317 106 28 402 238 19 27 127 58 311 278 254 464 417 397 120 164 52 184 262 83 26 266 88 10 290 5 92 317 429 130 333 14 313 408 262 47 45 343 169
109 279 21 68 140 434 422 385 54 341 320 329 298 2 21 361 114 6 323 354 75 264 230 113 311 341 226 37 350 289 61 256 74 140 195 113 271 2 263 63 103 454 186 12 83 196 20 371 219 302 399 193 467 391 380 4 220 331 87 26 441 73 37 293 18 103 248 352 202 222 48 317 365 140 66 67 124 299
440 57 49 117 447 306 209 45 132 237 280 402 47 36 433 50 16 249 333 21 197 287 30 427 148 459 7 194 238 56 196 93 159 429 102 199 54 415 9 74 314 391 66 40 247 52 418 299 258 137 223 172 317 423 107 239 347 111 61 219 34 98 163 55 17 424 243 431 239 112 361 392 395 72 85 461 178
141 187 101 11 47 67 125 45 66 82 95 356 232 118 187 139 18 37 142 91 30 274 99 101 116 239 41 78 412 10 342 0 14 443 95 145 16 334 468 32 60 432 431 28 267 83 94 66 102 0 100 54 65 405 10 45 376 150 98 357 396 41 386 277 61 21 74 12 392 2 73 79 444 156 105 99
5 343 293 265 286 29 173 449 179 129 38 113 242 2 61 440 229 91 205 458 27 364 232 207 77 402 281 46 378 36 398 449 104 364 67 150 79 57 363 256 107 93 418 25 233 288 341 433 128 204 390 152 15 434 309 90 30 291 61 4 372 82 52 284 118 294 444 109 279 443 407 47 13 445 383
428 306 149 189 11 312 257 434 452 112 102 455 51 45 300 128 103 264 392 1 306 232 305 39 377 273 83 438 22 225 443 1 139 113 455 65 11 120 152 70 13 132 27 436 339 321 408 436 429 264 145 56 259 143 96 28 151 41 111 429 52 30 210 168 206 409 82 344 450 185 89 78 375 306
20 42 27 421 90 72 33 112 286 211 95 203 255 86 37 415 52 114 340 39 38 22 184 40 60 226 18 427 29 100 161 85 268 102 363 279 5 60 150 156 4 141 96 100 64 42 91 55 57 30 349 57 119 386 347 77 326 201 22 309 209 102 85 16 92 242 25 36 109 238 170 111 48
41 49 431 60 75 16 46 184 352 41 303 314 113 51 263 106 95 381 105 105 64 145 49 21 366 37 234 85 85 401 109 468 80 218 320 51 95 362 186 5 362 118 86 85 108 108 79 116 32 147 109 63 425 444 69 338 253 36 228 336 44 5 107 61 196 40 31 78 387 127 59 39
16 205 18 60 30 101 427 411 7 255 354 113 55 288 114 78 147 38 92 42 465 44 59 166 27 345 113 94 304 28 211 115 140 297 30 46 388 133 25 193 118 74 26 63 111 100 81 1 283 49 26 287 405 97 271 189 82 288 299 0 97 4 91 323 33 35 12 219 308 17 22
164 98 2 20 45 209 318 81 438 362 69 109 127 50 11 466 61 32 64 452 10 13 419 106 463 80 20 182 21 224 21 272 147 70 73 145 190 83 449 93 95 109 47 92 65 36 57 347 14 37 222 273 30 434 337 60 430 424 17 101 42 83 325 68 7 88 158 436 55 60
459 367 393 256 65 12 309 3 21 162 123 82 284 455 44 296 183 141 58 461 150 51 325 81 420 381 51 428 111 343 49 72 117 458 4 53 161 67 235 310 225 168 150 327 402 455 71 356 391 62 36 284 24 14 259 75 97 311 421 362 417 20 278 227 298 77 110 381 137
89 29 35 175 302 0 342 337 107 23 246 81 6 255 105 107 77 178 11 13 303 65 180 33 8 413 80 300 45 457 171 114 22 387 214 65 355 70 102 18 9 58 95 73 20 406 63 91 397 356 15 398 408 30 145 435 99 101 118 25 284 91 63 23 404 271 40 100
104 69 463 239 78 433 379 22 12 345 48 109 237 96 84 23 254 118 21 145 98 123 66 4 354 102 137 76 323 311 61 106 229 154 30 283 107 98 45 40 105 13 20 94 138 100 65 137 343 69 176 164 101 230 143 14 61 22 81 388 77 28 18 305 235 35 56
40 320 307 2 199 286 44 83 420 98 15 427 117 42 102 462 44 1 196 71 133 95 97 363 118 135 50 366 171 13 26 245 427 85 207 16 5 23 112 111 14 10 20 169 63 59 378 320 5 376 291 115 293 326 76 103 91 19 253 45 97 14 174 166 31 50
373 426 103 162 322 103 78 442 52 16 314 72 20 46 464 29 103 226 19 319 9 75 313 107 393 36 410 433 107 86 447 261 100 266 47 95 0 23 28 83 80 56 227 12 16 207 236 4 144 257 14 407 118 25 33 74 67 298 86 95 109 319 365 38 74
53 135 48 51 213 315 56 434 132 13 219 279 323 17 238 245 43 325 18 167 177 69 293 107 207 115 16 430 322 79 0 186 39 344 393 242 144 179 412 411 391 24 185 244 23 45 365 65 15 439 31 72 359 118 395 432 48 304 399 234 48 10 376 378
251 4 40 276 259 85 196 276 96 161 151 271 2 139 331 112 259 34 238 465 60 458 112 327 47 91 259 177 81 111 446 12 458 340 329 280 427 327 251 285 103 292 244 99 8 257 23 17 387 0 96 380 190 445 144 77 459 157 120 107 30 409 206
208 424 35 7 359 64 61 324 68 51 63 306 111 66 460 65 172 91 77 356 79 131 107 118 329 90 118 178 420 98 386 0 3 9 46 111 93 100 23 299 107 9 311 415 113 389 366 43 187 306 22 2 4 38 209 105 14 15 390 414 50 94
46 309 152 96 242 406 39 444 185 133 8 177 408 14 142 12 171 140 106 139 25 296 63 35 215 376 10 35 349 58 399 265 199 267 247 307 420 189 45 279 334 104 104 306 57 6 404 10 80 269 275 137 375 101 253 130 198 35 106 320 253
125 359 42 181 226 100 393 333 140 45 446 225 109 287 49 323 388 1 350 94 183 7 111 401 443 17 103 275 81 365 334 131 453 434 340 345 450 68 317 329 6 49 399 70 42 399 46 1 354 298 148 377 10 267 213 436 113 50 223 383
37 285 42 92 255 65 57 69 452 10 95 402 88 240 113 30 139 88 352 31 232 449 75 87 294 436 37 454 34 38 110 117 99 116 30 57 459 44 8 385 310 35 388 400 82 313 363 63 96 81 27 274 66 105 44 238 326 47 24
364 101 89 313 72 48 7 195 10 29 181 101 399 51 113 270 107 138 15 170 418 88 25 365 217 64 274 25 83 38 85 66 96 107 64 350 119 32 343 352 90 451 302 52 435 428 36 60 82 119 287 116 88 47 210 283 28 64
410 130 47 301 277 404 112 433 337 34 234 42 259 335 38 436 101 157 2 58 249 274 47 110 122 87 153 187 333 463 323 195 202 286 23 395 180 10 114 284 5 69 181 101 78 127 117 396 310 96 461 393 426 47 66 335 335
10 119 85 45 8 150 98 33 185 105 373 41 86 371 27 261 53 450 401 58 6 216 466 27 279 12 11 78 4 57 20 89 61 236 86 42 290 287 45 212 121 67 256 267 41 110 60 50 200 21 5 118 440 227 41 25
143 105 60 77 417 51 36 364 53 433 9 20 418 52 220 54 312 360 64 67 369 406 110 463 112 7 6 74 80 101 116 6 325 80 15 183 170 95 412 148 42 256 203 43 37 9 13 241 72 113 40 119 330 12 21
289 167 250 8 447 433 62 131 75 246 374 99 187 6 231 108 72 464 149 100 99 307 27 274 149 382 295 312 467 393 239 71 154 364 108 52 256 46 57 252 96 75 127 222 374 272 21 386 124 244 49 35 281 146
80 44 214 101 90 204 98 429 77 36 229 26 262 62 305 146 24 26 382 208 69 210 57 44 46 99 81 74 112 112 168 47 29 359 317 99 278 265 47 144 437 42 84 80 22 285 85 103 64 426 410 60 47
67 120 59 44 118 98 131 33 66 159 92 463 104 230 334 112 104 351 414 19 202 67 98 87 64 96 109 90 67 238 118 112 256 236 59 440 293 52 209 348 41 42 85 50 192 97 19 81 409 202 110 35
307 94 93 414 96 212 83 16 169 38 161 93 202 332 48 19 244 319 78 363 28 14 62 102 45 112 72 51 320 74 9 339 140 44 378 343 1 328 274 0 39 91 35 448 65 83 93 128 402 56 53
445 154 91 346 88 454 421 70 230 112 449 70 82 334 272 49 5 436 99 221 352 365 119 448 395 247 180 37 173 211 96 64 156 74 115 451 80 5 400 175 397 237 55 216 364 167 51 53 264 379
8 345 1 297 69 57 162 107 277 119 208 172 114 18 463 363 45 467 112 110 87 79 59 68 78 50 261 23 48 178 205 37 449 385 1 403 213 19 38 101 21 196 54 99 8 353 161 8 24
316 20 158 4 7 180 116 461 118 259 388 68 38 402 212 57 221 83 8 41 95 42 9 96 24 195 74 48 362 390 61 418 361 84 175 152 46 65 71 52 254 35 1 62 382 328 85 27
278 77 291 155 45 282 59 279 15 12 348 270 106 71 432 109 383 369 339 345 304 293 410 319 13 383 157 65 35 117 80 62 394 96 86 429 368 355 171 35 119 162 449 32 16 153 365
335 39 5 279 3 267 47 195 226 41 107 177 281 104 126 65 27 91 1 58 82 56 87 312 20 114 460 367 3 394 462 86 445 255 55 32 115 95 120 92 10 43 269 260 46 98
210 346 52 232 37 431 11 31 274 371 65 65 290 48 448 278 384 433 345 254 310 310 92 177 306 85 18 456 88 57 395 65 56 342 391 396 229 67 128 212 187 59 77 463 265
17 150 88 403 13 236 435 62 7 148 385 63 129 45 54 43 114 42 12 56 44 323 16 117 364 121 56 198 149 35 182 356 21 102 111 99 268 45 98 39 247 271 43 28
222 96 277 108 175 242 73 119 464 451 27 201 6 64 28 106 119 59 1 95 463 85 9 175 462 118 270 316 12 417 351 113 109 17 56 454 44 90 87 131 252 24 25
438 78 362 27 103 247 338 60 26 325 84 384 342 389 395 356 449 462 344 83 220 282 57 9 197 86 64 363 99 0 420 239 260 338 60 371 187 437 36 96 156 331
337 30 305 271 109 24 241 361 117 119 68 27 115 92 48 107 93 99 466 108 48 414 412 28 150 260 82 324 372 32 3 96 79 164 36 13 14 321 420 29 10
329 72 64 323 293 28 19 130 26 261 456 444 265 240 144 324 293 112 179 288 61 19 149 88 44 159 0 62 430 362 396 454 65 305 269 338 100 93 180 321
148 310 78 19 156 394 79 383 117 96 25 69 36 83 2 8 341 110 47 189 142 43 439 352 107 191 232 114 45 74 39 241 74 34 110 213 389 105 85
89 312 287 51 43 136 43 227 459 206 466 334 355 225 237 77 382 242 69 74 413 15 62 341 103 98 220 313 151 146 55 451 202 186 86 110 261 123
180 377 40 76 280 59 441 258 146 391 318 404 452 130 110 466 203 100 31 143 100 24 139 21 115 369 167 274 290 52 140 336 460 62 63 380 326
87 417 210 16 251 0 36 36 115 116 25 89 36 464 82 31 321 399 61 126 407 85 327 380 52 58 12 4 377 54 1 119 355 257 101 78
332 222 119 232 9 57 8 30 65 38 102 75 256 104 59 389 202 8 398 253 66 328 124 90 5 42 74 367 3 75 90 317 289 118 3
39 415 5 293 330 417 199 392 134 267 245 96 398 131 47 100 236 24 25 311 104 90 123 421 145 368 54 417 430 137 115 115 348 218
380 59 305 432 419 179 241 257 172 372 71 299 431 85 67 287 29 32 230 35 41 185 125 138 149 41 321 411 357 38 17 429 460
264 84 117 60 34 4 107 105 17 254 73 67 317 208 55 173 181 52 251 143 79 47 42 113 130 81 77 95 397 147 60 58
179 199 140 335 410 195 261 269 20 278 397 46 43 360 73 21 169 31 9 147 250 126 435 73 176 157 355 100 43 133 352
67 24 65 94 102 12 42 361 11 44 283 372 47 328 357 25 205 253 83 20 54 110 208 118 22 20 249 137 51 1
77 0 37 64 73 7 350 42 9 234 460 8 132 282 104 199 400 12 26 34 37 417 19 117 29 234 301 79 48
70 101 45 7 6 267 63 14 221 343 118 282 286 68 137 377 49 47 48 89 252 44 44 15 159 447 10 115
50 55 73 103 331 107 41 459 317 38 130 201 48 265 123 69 91 71 47 463 57 30 34 208 334 3 29
78 91 45 376 96 89 263 332 48 442 466 25 209 145 78 10 69 6 184 79 99 17 204 180 28 76
115 44 188 106 49 256 324 30 133 420 86 381 452 27 0 90 83 328 56 64 38 346 295 72 19
111 130 88 20 129 322 30 213 168 82 155 227 43 65 12 40 151 15 96 101 382 443 96 57
441 58 91 437 254 72 161 243 80 390 170 92 101 41 54 322 15 66 77 289 279 1 9
347 243 60 112 301 31 77 162 65 1 398 322 448 457 40 374 244 294 4 26 338 300
97 455 259 23 389 295 2 152 313 21 69 37 31 198 15 110 26 438 417 33 47
350 260 110 354 377 104 243 422 89 56 42 101 209 78 9 113 146 282 52 112
0 233 41 47 289 81 74 202 398 365 214 54 249 449 138 40 83 362 435
161 53 19 336 8 92 139 126 374 239 12 200 144 249 19 86 185 460
308 426 2 458 336 11 66 83 104 326 60 26 8 237 399 27 36
95 310 63 111 281 204 438 316 88 361 347 130 60 3 455 249
381 50 97 180 442 145 390 111 200 157 128 56 92 389 255
392 445 43 38 64 119 164 40 38 62 436 129 61 85
87 308 411 305 140 1 230 129 423 13 6 390 179
339 453 304 386 106 222 348 418 76 51 198 118
73 83 75 331 52 102 44 335 242 112 9
99 92 356 94 52 110 370 259 65 54
0 296 53 10 39 201 325 44 15
439 26 94 22 208 380 78 14
260 468 303 87 34 139 407
99 38 296 419 32 70
92 132 360 99 71
239 364 59 113
101 224 177
263 165
20
