100 100
943365664 56634336
777271773 222728227
20345422 979654578
157814476 842185524
786045403 213954597
513972067 486027933
340494147 659505853
684932581 315067419
396739311 603260689
865792174 134207826
939225141 60774859
614300726 385699274
789144549 210855451
755039675 244960325
569907635 430092365
593335894 406664106
616355170 383644830
570432713 429567287
266607030 733392970
224741737 775258263
89125364 910874636
78338427 921661573
89229476 910770524
5442379 994557621
964751033 35248967
479335070 520664930
531745598 468254402
711863026 288136974
510344270 489655730
177596731 822403269
809642227 190357773
129609441 870390559
270422525 729577475
909793254 90206746
456995094 543004906
872460842 127539158
103081202 896918798
674632566 325367434
403246359 596753641
359596223 640403777
104001728 895998272
702839205 297160795
685680030 314319970
165242867 834757133
62338215 937661785
951759259 48240741
525206304 474793696
653819992 346180008
387319503 612680497
140423683 859576317
389412684 610587316
650166221 349833779
658467840 341532160
406287737 593712263
299671800 700328200
635404625 364595375
154359304 845640696
193228740 806771260
454586455 545413545
733401906 266598094
975255777 24744223
650611996 349388004
978289021 21710979
90541458 909458542
675727165 324272835
188180114 811819886
717435984 282564016
410170853 589829147
712344816 287655184
701413453 298586547
202762668 797237332
856059931 143940069
314411804 685588196
600575179 399424821
959440461 40559539
537427312 462572688
784837598 215162402
351407762 648592238
977561889 22438111
265547503 734452497
393131412 606868588
477412098 522587902
685550816 314449184
534197716 465802284
186258160 813741840
56145746 943854254
555664508 444335492
829882707 170117293
922219196 77780804
171482440 828517560
806658495 193341505
767531592 232468408
586068159 413931841
304426040 695573960
726601959 273398041
531031443 468968557
346256830 653743170
301522839 698477161
355894694 644105306
477840795 522159205
864976679 135023323
376013566 623986436
504863742 495136260
95169523 904830479
385727447 614272555
304809438 695190564
40745419 959254583
952166787 47833215
117034709 882965293
116646619 883353383
897055445 102944557
660553920 339446082
677701336 322298666
644329481 355670521
503369001 496631001
414641121 585358881
594308946 405691056
775021755 224978247
662344524 337655478
406784456 593215546
905823836 94176166
237046966 762953036
430815563 569184439
321054175 678945827
420001010 579998992
73333262 926666740
944837280 55162722
936714776 63285226
411505166 588494836
582111823 417888179
622135538 377864464
833583791 166416211
160985014 839014988
164714713 835285289
636440465 363559537
306409258 693590744
332126522 667873480
329004806 670995196
214818567 785181435
636513883 363486119
398081512 601918490
706540779 293459223
69714616 930285386
493429957 506570045
704405269 295594733
936323541 63676461
501236942 498763060
88625317 911374685
863261073 136738929
584485678 415514324
794898454 205101548
825096643 174903359
74361805 925638197
393341946 606658056
186694632 813305370
4386244 995613758
602321643 397678359
414304814 585695188
377876198 622123804
256452381 743547621
691056492 308943510
969454825 30545177
664215509 335784493
360682493 639317509
753862559 246137443
443769197 556230805
911125857 88874145
787679054 212320948
352758928 647241074
238712884 761287118
621975515 378024487
419787749 580212253
660915805 339084197
409855899 590144103
553145 999446857
499450753 500549249
287101646 712898356
974058750 25941252
106811288 893188714
486338118 513661884
833849533 166150469
642377789 357622213
217626324 782373678
157326940 842673062
228190629 771809373
69102195 930897807
131234801 868765201
914228314 85771688
243503172 756496830
212799943 787200059
9827213 990172789
90363470 909636532
286525320 713474682
238643921 761356081
770899936 229100066
375465866 624534136
447177870 552822132
48685301 951314701
197127604 802872398
499862146 500137856
