100 1
439769830 999999999
999999999 331261769
999999902 989858457
117374898 999999999
999999999 330821939
999999993 869253178
673238048 999999997
999999996 758667304
999999995 805861448
144429107 999999999
999999999 111821033
999999999 299082881
295420649 999999999
399726174 999999999
195030188 999999999
999999999 164892710
93888448 999999999
999999997 684976753
547206731 999999998
999999998 642640380
927488571 999999987
999999999 27722604
999999996 781419892
999999999 484295255
212723633 999999999
609397106 999999998
715936042 999999997
435809527 999999999
999999999 387109991
999999988 919568561
232600190 999999999
999999998 554713888
151332411 999999999
999999974 961924114
311375577 999999999
601007546 999999998
941543296 999999983
272715705 999999999
227782705 999999999
508518900 999999998
822552494 999999995
442269176 999999999
719741933 999999997
999999996 774212117
353822734 999999999
649205823 999999998
999999999 56705501
999999999 1994018
226490933 999999999
999999997 717747474
999999999 497929287
136317885 999999999
999999998 542317752
925321615 999999987
520414074 999999998
999999999 293530739
999999998 515382781
999999998 598795478
999999999 469030186
999999996 793828978
999999999 352064863
727342900 999999997
999999992 881069318
999999997 731958454
999999999 95588162
224197561 999999999
643649614 999999998
581738020 999999998
999999999 183932912
374413870 999999999
942114572 999999983
535273023 999999998
999999999 485783914
999999998 654962146
175952866 999999999
398018435 999999999
881818307 999999992
999999997 684446769
999999999 189965862
999999999 217682980
999999999 259488835
999999998 525164676
493183235 999999999
999999998 609339434
514241994 999999998
834928654 999999994
314259936 999999999
292864452 999999999
431007006 999999999
999999999 10475537
409028294 999999999
999999999 301162944
999999999 149929282
999999999 474470642
999999999 419820581
999999999 419842946
464766383 999999999
550026120 999999998
565406626 999999998
999999999 40182374
1000000000 1000000000
