100 100
413637186 7515012
81707992 226080677
239354036 73310791
385805109 13215113
405433004 9024356
285396377 48396983
8239223 409604546
339422456 26486693
478944654 443525
77080335 233281128
483517607 271744
272349923 54830996
97742900 203033293
469808004 912390
340567389 26099966
394871709 11176881
443286459 3226839
161508764 132000431
217142782 87699389
205546445 95899637
222072182 84360580
67736135 248707440
1233282 464903547
265215759 58551974
26298958 339977118
361363857 19604310
251531107 66106915
175043312 119995855
157161136 136047375
375364521 15783110
115025023 180947862
346075133 24282505
423081357 5951903
91261302 212019660
65822293 252028795
320762215 33230447
11214245 394698122
47559129 287168475
418082678 6756093
405425431 9025815
10358006 398754172
349752901 23108179
42974756 297199788
447498374 2764061
232689275 77454173
314595248 35645526
137647439 155470435
5380240 426847468
466929221 1094876
125299753 168941509
272832644 54584473
49893788 282274490
42358237 298594894
467365607 1066141
68060390 248150495
322205960 32678613
327491051 30701948
172232527 122417581
435597652 4165010
381292803 14295768
408300738 8480677
107249622 190569652
156880302 136312122
458910569 1691202
442924692 3268273
398324497 10447049
303240191 40341891
88548796 215908630
325738622 31349841
43962689 294987877
308452920 38145352
205344735 96046693
1230651 464940957
235852716 75469422
368664649 17557231
27333175 336947639
46907690 288558854
364236444 18784605
462655294 1396578
249631386 67200327
72068897 241398046
181708226 114396128
339236617 26549755
104835719 193658376
140012737 152999755
447668983 2746077
439907194 3624281
196397325 102727530
43613750 295765844
178478824 117084692
318415764 34138256
18070148 366794829
63064703 256920700
93804177 208443911
71657086 242080734
374973787 15883851
273447635 54271354
357580568 20712294
421092198 6265701
145382335 147514098
993956806 577502734
988397723 607087180
750232424 932878428
664547049 972148566
919470447 772111271
938212076 740769965
882757685 821708804
892970313 809150987
700897756 957864708
891869122 810545634
566559652 995550010
523774171 999434468
831205423 874570377
535612825 998730114
656918924 974738297
652038608 976323694
632542926 982112406
758401955 928051900
870645799 835591554
514664979 999784892
926778814 760499220
604752693 988903746
622600083 984736237
616396400 986263177
873150223 832804613
525377063 999355589
637059089 980848007
860299458 846676074
733928448 941902117
883306785 821054370
664443063 972184793
984441940 623757855
716427167 950731939
724764747 946632744
918725240 773256607
733018998 942382353
757960959 928317806
528907290 999163669
935609823 745446699
814321600 888846925
760673467 926672407
683078682 965276472
676234989 967911560
901037837 798611207
891674375 810791222
696693483 959686495
678471252 967063177
944116334 729696934
642215124 979348368
908768957 787937388
996022789 562939596
557429017 996690958
779228041 914767044
927872131 758699515
566577588 995547600
578013701 993876363
718301553 949827113
897010114 803945668
644924037 978536334
972296513 664121917
591160200 991619586
650406044 976841715
760265948 926921112
718952539 949510606
957924269 700761958
581833599 993257804
890462067 812312942
925564590 762478150
602088233 989467049
762098487 925798524
633340116 981892533
944495652 728962039
938232940 740731988
656165068 974986811
644257076 978737815
556404817 996808309
707733661 954804052
544425277 998022484
540100562 998389350
886368910 817362671
740487805 938366987
548875097 997605491
718854808 949558197
695218890 960314658
524228045 999412656
631939708 982277838
535700288 998723860
948110842 721803231
548852135 997607746
707414023 954949912
800722706 899456948
729360554 944290148
648054703 977577014
925022407 763355185
946000799 726016121
548062216 997684662
532525457 998940973
634369873 981606413
622313812 984808551
587456946 992291867
