100 100
1000000000 1
1 1000000000
1000000000 1000000000
686655303 735840149
950283566 443267399
721421829 714391919
606473698 906840317
968004438 493675203
449683892 637365416
912092338 342994833
475721965 536670357
150718045 851425626
764196604 528396691
873142782 421953888
337912936 961788635
582875590 936745764
542488514 476012029
884102636 786562378
637914203 625699309
591802569 881130007
905183334 504075225
931643799 924913563
987698644 605227480
930687263 190924019
653326355 905132945
797609978 501603746
440908703 863500626
637724029 589357535
852866155 330978496
545959451 944820811
271463176 962992410
699468025 559139173
824983983 867226530
682790015 964119413
407033135 900531610
444364129 719297947
560267941 898363949
759859761 942877101
805847998 531244356
327100100 786411643
483661761 751376246
974532069 320850165
836099768 412761695
643822834 778812293
336561002 877464953
126014625 933129077
330960924 914367587
759071410 845106380
475734910 613730463
336442030 926281399
191726809 825132535
296826981 820166081
699949952 441166604
889914145 982904104
227057024 978452594
982366401 428750747
650277565 367735259
763772751 845563862
891392830 364478244
883493624 714636768
295651798 936216826
854841583 427260050
719009520 566705118
863612615 947339664
275395538 730673796
278390301 830557565
807856122 861830792
352540428 680343661
298200859 716974443
869705043 741084012
378205091 740957679
792105912 441702211
984325808 877626623
189709974 857480561
883382785 148623598
884153469 729477235
363402691 657114879
643535717 998750133
808835824 361277142
120454840 941651224
591912855 952752393
536128375 814507400
375551781 647684935
747669377 647003502
335495285 822495827
408241840 894002136
663188862 391907403
989166640 468743360
902799628 546866901
622383151 825380019
402197014 666001621
124029207 974669317
783370068 511952653
658943754 431516424
711939154 561491928
602355298 918240003
553690288 518072291
944184107 785560579
779863975 817093626
767450405 809996603
1 1
1000000000 1
1 1000000000
925256132 478805022
869572024 789305622
571104664 493896564
904525319 148187867
936280621 95775978
610331288 803552366
513617080 804281652
856211005 780995608
105440116 978540112
630023164 688862332
764932923 771177419
729474800 284225161
279960332 938957960
854566957 302109099
595826326 560944632
762387276 931702757
943042883 423931522
685555051 871545768
508385258 494637149
658199548 772951002
711540302 997648454
413120978 824874627
915987350 365978820
442348844 823457461
639057065 497983806
259958060 921514254
687815513 452976049
413119669 591124463
555097697 959976611
570452954 991755679
823830279 842390306
859763974 497084266
750161158 555203163
878321297 363215203
669559735 600763544
932862911 888625016
871747350 788483701
251049064 994733289
914513562 400204601
422132112 946263935
559767436 678437178
916450001 523444924
751002842 634367678
401974434 637124406
996786637 823665738
810797780 552870492
323093820 727653550
599788823 792339404
878222676 660108213
926361664 247629401
979488240 66695950
314751167 863510175
703042127 329682444
332796073 871702888
460770590 836790827
595125123 811310140
288941053 952964584
831195131 711722112
743684872 746574026
397491421 840106537
998982045 699633885
383394657 824951974
862505656 342307323
665977548 603834460
807615517 286944131
776268841 820906884
599973270 606423274
942468361 72858019
743648696 409862270
635086725 968576049
120089213 936403806
150100583 911425723
464984631 608182467
482732546 752367677
868866631 361003714
880011336 391028949
906586184 853325880
719901527 644879389
989939217 710853226
111850387 895853925
963202078 324993651
337151032 678192747
928710411 330880528
740908721 627746068
347349957 969553779
991671281 980264337
901199197 136729018
867839274 308205521
627348367 832710023
976037217 741076690
365912257 774532318
573518821 651939843
889692715 642569254
897874080 356261698
823526183 345454611
882421042 385376288
211546621 887922955
