1000 1000
1 1000
2 999
3 998
4 997
5 996
6 995
7 994
8 993
9 992
10 991
11 990
12 989
13 988
14 987
15 986
16 985
17 984
18 983
19 982
20 981
21 980
22 979
23 978
24 977
25 976
26 975
27 974
28 973
29 972
30 971
31 970
32 969
33 968
34 967
35 966
36 965
37 964
38 963
39 962
40 961
41 960
42 959
43 958
44 957
45 956
46 955
47 954
48 953
49 952
50 951
51 950
52 949
53 948
54 947
55 946
56 945
57 944
58 943
59 942
60 941
61 940
62 939
63 938
64 937
65 936
66 935
67 934
68 933
69 932
70 931
71 930
72 929
73 928
74 927
75 926
76 925
77 924
78 923
79 922
80 921
81 920
82 919
83 918
84 917
85 916
86 915
87 914
88 913
89 912
90 911
91 910
92 909
93 908
94 907
95 906
96 905
97 904
98 903
99 902
100 901
101 900
102 899
103 898
104 897
105 896
106 895
107 894
108 893
109 892
110 891
111 890
112 889
113 888
114 887
115 886
116 885
117 884
118 883
119 882
120 881
121 880
122 879
123 878
124 877
125 876
126 875
127 874
128 873
129 872
130 871
131 870
132 869
133 868
134 867
135 866
136 865
137 864
138 863
139 862
140 861
141 860
142 859
143 858
144 857
145 856
146 855
147 854
148 853
149 852
150 851
151 850
152 849
153 848
154 847
155 846
156 845
157 844
158 843
159 842
160 841
161 840
162 839
163 838
164 837
165 836
166 835
167 834
168 833
169 832
170 831
171 830
172 829
173 828
174 827
175 826
176 825
177 824
178 823
179 822
180 821
181 820
182 819
183 818
184 817
185 816
186 815
187 814
188 813
189 812
190 811
191 810
192 809
193 808
194 807
195 806
196 805
197 804
198 803
199 802
200 801
201 800
202 799
203 798
204 797
205 796
206 795
207 794
208 793
209 792
210 791
211 790
212 789
213 788
214 787
215 786
216 785
217 784
218 783
219 782
220 781
221 780
222 779
223 778
224 777
225 776
226 775
227 774
228 773
229 772
230 771
231 770
232 769
233 768
234 767
235 766
236 765
237 764
238 763
239 762
240 761
241 760
242 759
243 758
244 757
245 756
246 755
247 754
248 753
249 752
250 751
251 750
252 749
253 748
254 747
255 746
256 745
257 744
258 743
259 742
260 741
261 740
262 739
263 738
264 737
265 736
266 735
267 734
268 733
269 732
270 731
271 730
272 729
273 728
274 727
275 726
276 725
277 724
278 723
279 722
280 721
281 720
282 719
283 718
284 717
285 716
286 715
287 714
288 713
289 712
290 711
291 710
292 709
293 708
294 707
295 706
296 705
297 704
298 703
299 702
300 701
301 700
302 699
303 698
304 697
305 696
306 695
307 694
308 693
309 692
310 691
311 690
312 689
313 688
314 687
315 686
316 685
317 684
318 683
319 682
320 681
321 680
322 679
323 678
324 677
325 676
326 675
327 674
328 673
329 672
330 671
331 670
332 669
333 668
334 667
335 666
336 665
337 664
338 663
339 662
340 661
341 660
342 659
343 658
344 657
345 656
346 655
347 654
348 653
349 652
350 651
351 650
352 649
353 648
354 647
355 646
356 645
357 644
358 643
359 642
360 641
361 640
362 639
363 638
364 637
365 636
366 635
367 634
368 633
369 632
370 631
371 630
372 629
373 628
374 627
375 626
376 625
377 624
378 623
379 622
380 621
381 620
382 619
383 618
384 617
385 616
386 615
387 614
388 613
389 612
390 611
391 610
392 609
393 608
394 607
395 606
396 605
397 604
398 603
399 602
400 601
401 600
402 599
403 598
404 597
405 596
406 595
407 594
408 593
409 592
410 591
411 590
412 589
413 588
414 587
415 586
416 585
417 584
418 583
419 582
420 581
421 580
422 579
423 578
424 577
425 576
426 575
427 574
428 573
429 572
430 571
431 570
432 569
433 568
434 567
435 566
436 565
437 564
438 563
439 562
440 561
441 560
442 559
443 558
444 557
445 556
446 555
447 554
448 553
449 552
450 551
451 550
452 549
453 548
454 547
455 546
456 545
457 544
458 543
459 542
460 541
461 540
462 539
463 538
464 537
465 536
466 535
467 534
468 533
469 532
470 531
471 530
472 529
473 528
474 527
475 526
476 525
477 524
478 523
479 522
480 521
481 520
482 519
483 518
484 517
485 516
486 515
487 514
488 513
489 512
490 511
491 510
492 509
493 508
494 507
495 506
496 505
497 504
498 503
499 502
500 501
501 500
502 499
503 498
504 497
505 496
506 495
507 494
508 493
509 492
510 491
511 490
512 489
513 488
514 487
515 486
516 485
517 484
518 483
519 482
520 481
521 480
522 479
523 478
524 477
525 476
526 475
527 474
528 473
529 472
530 471
531 470
532 469
533 468
534 467
535 466
536 465
537 464
538 463
539 462
540 461
541 460
542 459
543 458
544 457
545 456
546 455
547 454
548 453
549 452
550 451
551 450
552 449
553 448
554 447
555 446
556 445
557 444
558 443
559 442
560 441
561 440
562 439
563 438
564 437
565 436
566 435
567 434
568 433
569 432
570 431
571 430
572 429
573 428
574 427
575 426
576 425
577 424
578 423
579 422
580 421
581 420
582 419
583 418
584 417
585 416
586 415
587 414
588 413
589 412
590 411
591 410
592 409
593 408
594 407
595 406
596 405
597 404
598 403
599 402
600 401
601 400
602 399
603 398
604 397
605 396
606 395
607 394
608 393
609 392
610 391
611 390
612 389
613 388
614 387
615 386
616 385
617 384
618 383
619 382
620 381
621 380
622 379
623 378
624 377
625 376
626 375
627 374
628 373
629 372
630 371
631 370
632 369
633 368
634 367
635 366
636 365
637 364
638 363
639 362
640 361
641 360
642 359
643 358
644 357
645 356
646 355
647 354
648 353
649 352
650 351
651 350
652 349
653 348
654 347
655 346
656 345
657 344
658 343
659 342
660 341
661 340
662 339
663 338
664 337
665 336
666 335
667 334
668 333
669 332
670 331
671 330
672 329
673 328
674 327
675 326
676 325
677 324
678 323
679 322
680 321
681 320
682 319
683 318
684 317
685 316
686 315
687 314
688 313
689 312
690 311
691 310
692 309
693 308
694 307
695 306
696 305
697 304
698 303
699 302
700 301
701 300
702 299
703 298
704 297
705 296
706 295
707 294
708 293
709 292
710 291
711 290
712 289
713 288
714 287
715 286
716 285
717 284
718 283
719 282
720 281
721 280
722 279
723 278
724 277
725 276
726 275
727 274
728 273
729 272
730 271
731 270
732 269
733 268
734 267
735 266
736 265
737 264
738 263
739 262
740 261
741 260
742 259
743 258
744 257
745 256
746 255
747 254
748 253
749 252
750 251
751 250
752 249
753 248
754 247
755 246
756 245
757 244
758 243
759 242
760 241
761 240
762 239
763 238
764 237
765 236
766 235
767 234
768 233
769 232
770 231
771 230
772 229
773 228
774 227
775 226
776 225
777 224
778 223
779 222
780 221
781 220
782 219
783 218
784 217
785 216
786 215
787 214
788 213
789 212
790 211
791 210
792 209
793 208
794 207
795 206
796 205
797 204
798 203
799 202
800 201
801 200
802 199
803 198
804 197
805 196
806 195
807 194
808 193
809 192
810 191
811 190
812 189
813 188
814 187
815 186
816 185
817 184
818 183
819 182
820 181
821 180
822 179
823 178
824 177
825 176
826 175
827 174
828 173
829 172
830 171
831 170
832 169
833 168
834 167
835 166
836 165
837 164
838 163
839 162
840 161
841 160
842 159
843 158
844 157
845 156
846 155
847 154
848 153
849 152
850 151
851 150
852 149
853 148
854 147
855 146
856 145
857 144
858 143
859 142
860 141
861 140
862 139
863 138
864 137
865 136
866 135
867 134
868 133
869 132
870 131
871 130
872 129
873 128
874 127
875 126
876 125
877 124
878 123
879 122
880 121
881 120
882 119
883 118
884 117
885 116
886 115
887 114
888 113
889 112
890 111
891 110
892 109
893 108
894 107
895 106
896 105
897 104
898 103
899 102
900 101
901 100
902 99
903 98
904 97
905 96
906 95
907 94
908 93
909 92
910 91
911 90
912 89
913 88
914 87
915 86
916 85
917 84
918 83
919 82
920 81
921 80
922 79
923 78
924 77
925 76
926 75
927 74
928 73
929 72
930 71
931 70
932 69
933 68
934 67
935 66
936 65
937 64
938 63
939 62
940 61
941 60
942 59
943 58
944 57
945 56
946 55
947 54
948 53
949 52
950 51
951 50
952 49
953 48
954 47
955 46
956 45
957 44
958 43
959 42
960 41
961 40
962 39
963 38
964 37
965 36
966 35
967 34
968 33
969 32
970 31
971 30
972 29
973 28
974 27
975 26
976 25
977 24
978 23
979 22
980 21
981 20
982 19
983 18
984 17
985 16
986 15
987 14
988 13
989 12
990 11
991 10
992 9
993 8
994 7
995 6
996 5
997 4
998 3
999 2
1000 1
1000000000 999999000
999999999 999999001
999999998 999999002
999999997 999999003
999999996 999999004
999999995 999999005
999999994 999999006
999999993 999999007
999999992 999999008
999999991 999999009
999999990 999999010
999999989 999999011
999999988 999999012
999999987 999999013
999999986 999999014
999999985 999999015
999999984 999999016
999999983 999999017
999999982 999999018
999999981 999999019
999999980 999999020
999999979 999999021
999999978 999999022
999999977 999999023
999999976 999999024
999999975 999999025
999999974 999999026
999999973 999999027
999999972 999999028
999999971 999999029
999999970 999999030
999999969 999999031
999999968 999999032
999999967 999999033
999999966 999999034
999999965 999999035
999999964 999999036
999999963 999999037
999999962 999999038
999999961 999999039
999999960 999999040
999999959 999999041
999999958 999999042
999999957 999999043
999999956 999999044
999999955 999999045
999999954 999999046
999999953 999999047
999999952 999999048
999999951 999999049
999999950 999999050
999999949 999999051
999999948 999999052
999999947 999999053
999999946 999999054
999999945 999999055
999999944 999999056
999999943 999999057
999999942 999999058
999999941 999999059
999999940 999999060
999999939 999999061
999999938 999999062
999999937 999999063
999999936 999999064
999999935 999999065
999999934 999999066
999999933 999999067
999999932 999999068
999999931 999999069
999999930 999999070
999999929 999999071
999999928 999999072
999999927 999999073
999999926 999999074
999999925 999999075
999999924 999999076
999999923 999999077
999999922 999999078
999999921 999999079
999999920 999999080
999999919 999999081
999999918 999999082
999999917 999999083
999999916 999999084
999999915 999999085
999999914 999999086
999999913 999999087
999999912 999999088
999999911 999999089
999999910 999999090
999999909 999999091
999999908 999999092
999999907 999999093
999999906 999999094
999999905 999999095
999999904 999999096
999999903 999999097
999999902 999999098
999999901 999999099
999999900 999999100
999999899 999999101
999999898 999999102
999999897 999999103
999999896 999999104
999999895 999999105
999999894 999999106
999999893 999999107
999999892 999999108
999999891 999999109
999999890 999999110
999999889 999999111
999999888 999999112
999999887 999999113
999999886 999999114
999999885 999999115
999999884 999999116
999999883 999999117
999999882 999999118
999999881 999999119
999999880 999999120
999999879 999999121
999999878 999999122
999999877 999999123
999999876 999999124
999999875 999999125
999999874 999999126
999999873 999999127
999999872 999999128
999999871 999999129
999999870 999999130
999999869 999999131
999999868 999999132
999999867 999999133
999999866 999999134
999999865 999999135
999999864 999999136
999999863 999999137
999999862 999999138
999999861 999999139
999999860 999999140
999999859 999999141
999999858 999999142
999999857 999999143
999999856 999999144
999999855 999999145
999999854 999999146
999999853 999999147
999999852 999999148
999999851 999999149
999999850 999999150
999999849 999999151
999999848 999999152
999999847 999999153
999999846 999999154
999999845 999999155
999999844 999999156
999999843 999999157
999999842 999999158
999999841 999999159
999999840 999999160
999999839 999999161
999999838 999999162
999999837 999999163
999999836 999999164
999999835 999999165
999999834 999999166
999999833 999999167
999999832 999999168
999999831 999999169
999999830 999999170
999999829 999999171
999999828 999999172
999999827 999999173
999999826 999999174
999999825 999999175
999999824 999999176
999999823 999999177
999999822 999999178
999999821 999999179
999999820 999999180
999999819 999999181
999999818 999999182
999999817 999999183
999999816 999999184
999999815 999999185
999999814 999999186
999999813 999999187
999999812 999999188
999999811 999999189
999999810 999999190
999999809 999999191
999999808 999999192
999999807 999999193
999999806 999999194
999999805 999999195
999999804 999999196
999999803 999999197
999999802 999999198
999999801 999999199
999999800 999999200
999999799 999999201
999999798 999999202
999999797 999999203
999999796 999999204
999999795 999999205
999999794 999999206
999999793 999999207
999999792 999999208
999999791 999999209
999999790 999999210
999999789 999999211
999999788 999999212
999999787 999999213
999999786 999999214
999999785 999999215
999999784 999999216
999999783 999999217
999999782 999999218
999999781 999999219
999999780 999999220
999999779 999999221
999999778 999999222
999999777 999999223
999999776 999999224
999999775 999999225
999999774 999999226
999999773 999999227
999999772 999999228
999999771 999999229
999999770 999999230
999999769 999999231
999999768 999999232
999999767 999999233
999999766 999999234
999999765 999999235
999999764 999999236
999999763 999999237
999999762 999999238
999999761 999999239
999999760 999999240
999999759 999999241
999999758 999999242
999999757 999999243
999999756 999999244
999999755 999999245
999999754 999999246
999999753 999999247
999999752 999999248
999999751 999999249
999999750 999999250
999999749 999999251
999999748 999999252
999999747 999999253
999999746 999999254
999999745 999999255
999999744 999999256
999999743 999999257
999999742 999999258
999999741 999999259
999999740 999999260
999999739 999999261
999999738 999999262
999999737 999999263
999999736 999999264
999999735 999999265
999999734 999999266
999999733 999999267
999999732 999999268
999999731 999999269
999999730 999999270
999999729 999999271
999999728 999999272
999999727 999999273
999999726 999999274
999999725 999999275
999999724 999999276
999999723 999999277
999999722 999999278
999999721 999999279
999999720 999999280
999999719 999999281
999999718 999999282
999999717 999999283
999999716 999999284
999999715 999999285
999999714 999999286
999999713 999999287
999999712 999999288
999999711 999999289
999999710 999999290
999999709 999999291
999999708 999999292
999999707 999999293
999999706 999999294
999999705 999999295
999999704 999999296
999999703 999999297
999999702 999999298
999999701 999999299
999999700 999999300
999999699 999999301
999999698 999999302
999999697 999999303
999999696 999999304
999999695 999999305
999999694 999999306
999999693 999999307
999999692 999999308
999999691 999999309
999999690 999999310
999999689 999999311
999999688 999999312
999999687 999999313
999999686 999999314
999999685 999999315
999999684 999999316
999999683 999999317
999999682 999999318
999999681 999999319
999999680 999999320
999999679 999999321
999999678 999999322
999999677 999999323
999999676 999999324
999999675 999999325
999999674 999999326
999999673 999999327
999999672 999999328
999999671 999999329
999999670 999999330
999999669 999999331
999999668 999999332
999999667 999999333
999999666 999999334
999999665 999999335
999999664 999999336
999999663 999999337
999999662 999999338
999999661 999999339
999999660 999999340
999999659 999999341
999999658 999999342
999999657 999999343
999999656 999999344
999999655 999999345
999999654 999999346
999999653 999999347
999999652 999999348
999999651 999999349
999999650 999999350
999999649 999999351
999999648 999999352
999999647 999999353
999999646 999999354
999999645 999999355
999999644 999999356
999999643 999999357
999999642 999999358
999999641 999999359
999999640 999999360
999999639 999999361
999999638 999999362
999999637 999999363
999999636 999999364
999999635 999999365
999999634 999999366
999999633 999999367
999999632 999999368
999999631 999999369
999999630 999999370
999999629 999999371
999999628 999999372
999999627 999999373
999999626 999999374
999999625 999999375
999999624 999999376
999999623 999999377
999999622 999999378
999999621 999999379
999999620 999999380
999999619 999999381
999999618 999999382
999999617 999999383
999999616 999999384
999999615 999999385
999999614 999999386
999999613 999999387
999999612 999999388
999999611 999999389
999999610 999999390
999999609 999999391
999999608 999999392
999999607 999999393
999999606 999999394
999999605 999999395
999999604 999999396
999999603 999999397
999999602 999999398
999999601 999999399
999999600 999999400
999999599 999999401
999999598 999999402
999999597 999999403
999999596 999999404
999999595 999999405
999999594 999999406
999999593 999999407
999999592 999999408
999999591 999999409
999999590 999999410
999999589 999999411
999999588 999999412
999999587 999999413
999999586 999999414
999999585 999999415
999999584 999999416
999999583 999999417
999999582 999999418
999999581 999999419
999999580 999999420
999999579 999999421
999999578 999999422
999999577 999999423
999999576 999999424
999999575 999999425
999999574 999999426
999999573 999999427
999999572 999999428
999999571 999999429
999999570 999999430
999999569 999999431
999999568 999999432
999999567 999999433
999999566 999999434
999999565 999999435
999999564 999999436
999999563 999999437
999999562 999999438
999999561 999999439
999999560 999999440
999999559 999999441
999999558 999999442
999999557 999999443
999999556 999999444
999999555 999999445
999999554 999999446
999999553 999999447
999999552 999999448
999999551 999999449
999999550 999999450
999999549 999999451
999999548 999999452
999999547 999999453
999999546 999999454
999999545 999999455
999999544 999999456
999999543 999999457
999999542 999999458
999999541 999999459
999999540 999999460
999999539 999999461
999999538 999999462
999999537 999999463
999999536 999999464
999999535 999999465
999999534 999999466
999999533 999999467
999999532 999999468
999999531 999999469
999999530 999999470
999999529 999999471
999999528 999999472
999999527 999999473
999999526 999999474
999999525 999999475
999999524 999999476
999999523 999999477
999999522 999999478
999999521 999999479
999999520 999999480
999999519 999999481
999999518 999999482
999999517 999999483
999999516 999999484
999999515 999999485
999999514 999999486
999999513 999999487
999999512 999999488
999999511 999999489
999999510 999999490
999999509 999999491
999999508 999999492
999999507 999999493
999999506 999999494
999999505 999999495
999999504 999999496
999999503 999999497
999999502 999999498
999999501 999999499
999999500 999999500
999999499 999999501
999999498 999999502
999999497 999999503
999999496 999999504
999999495 999999505
999999494 999999506
999999493 999999507
999999492 999999508
999999491 999999509
999999490 999999510
999999489 999999511
999999488 999999512
999999487 999999513
999999486 999999514
999999485 999999515
999999484 999999516
999999483 999999517
999999482 999999518
999999481 999999519
999999480 999999520
999999479 999999521
999999478 999999522
999999477 999999523
999999476 999999524
999999475 999999525
999999474 999999526
999999473 999999527
999999472 999999528
999999471 999999529
999999470 999999530
999999469 999999531
999999468 999999532
999999467 999999533
999999466 999999534
999999465 999999535
999999464 999999536
999999463 999999537
999999462 999999538
999999461 999999539
999999460 999999540
999999459 999999541
999999458 999999542
999999457 999999543
999999456 999999544
999999455 999999545
999999454 999999546
999999453 999999547
999999452 999999548
999999451 999999549
999999450 999999550
999999449 999999551
999999448 999999552
999999447 999999553
999999446 999999554
999999445 999999555
999999444 999999556
999999443 999999557
999999442 999999558
999999441 999999559
999999440 999999560
999999439 999999561
999999438 999999562
999999437 999999563
999999436 999999564
999999435 999999565
999999434 999999566
999999433 999999567
999999432 999999568
999999431 999999569
999999430 999999570
999999429 999999571
999999428 999999572
999999427 999999573
999999426 999999574
999999425 999999575
999999424 999999576
999999423 999999577
999999422 999999578
999999421 999999579
999999420 999999580
999999419 999999581
999999418 999999582
999999417 999999583
999999416 999999584
999999415 999999585
999999414 999999586
999999413 999999587
999999412 999999588
999999411 999999589
999999410 999999590
999999409 999999591
999999408 999999592
999999407 999999593
999999406 999999594
999999405 999999595
999999404 999999596
999999403 999999597
999999402 999999598
999999401 999999599
999999400 999999600
999999399 999999601
999999398 999999602
999999397 999999603
999999396 999999604
999999395 999999605
999999394 999999606
999999393 999999607
999999392 999999608
999999391 999999609
999999390 999999610
999999389 999999611
999999388 999999612
999999387 999999613
999999386 999999614
999999385 999999615
999999384 999999616
999999383 999999617
999999382 999999618
999999381 999999619
999999380 999999620
999999379 999999621
999999378 999999622
999999377 999999623
999999376 999999624
999999375 999999625
999999374 999999626
999999373 999999627
999999372 999999628
999999371 999999629
999999370 999999630
999999369 999999631
999999368 999999632
999999367 999999633
999999366 999999634
999999365 999999635
999999364 999999636
999999363 999999637
999999362 999999638
999999361 999999639
999999360 999999640
999999359 999999641
999999358 999999642
999999357 999999643
999999356 999999644
999999355 999999645
999999354 999999646
999999353 999999647
999999352 999999648
999999351 999999649
999999350 999999650
999999349 999999651
999999348 999999652
999999347 999999653
999999346 999999654
999999345 999999655
999999344 999999656
999999343 999999657
999999342 999999658
999999341 999999659
999999340 999999660
999999339 999999661
999999338 999999662
999999337 999999663
999999336 999999664
999999335 999999665
999999334 999999666
999999333 999999667
999999332 999999668
999999331 999999669
999999330 999999670
999999329 999999671
999999328 999999672
999999327 999999673
999999326 999999674
999999325 999999675
999999324 999999676
999999323 999999677
999999322 999999678
999999321 999999679
999999320 999999680
999999319 999999681
999999318 999999682
999999317 999999683
999999316 999999684
999999315 999999685
999999314 999999686
999999313 999999687
999999312 999999688
999999311 999999689
999999310 999999690
999999309 999999691
999999308 999999692
999999307 999999693
999999306 999999694
999999305 999999695
999999304 999999696
999999303 999999697
999999302 999999698
999999301 999999699
999999300 999999700
999999299 999999701
999999298 999999702
999999297 999999703
999999296 999999704
999999295 999999705
999999294 999999706
999999293 999999707
999999292 999999708
999999291 999999709
999999290 999999710
999999289 999999711
999999288 999999712
999999287 999999713
999999286 999999714
999999285 999999715
999999284 999999716
999999283 999999717
999999282 999999718
999999281 999999719
999999280 999999720
999999279 999999721
999999278 999999722
999999277 999999723
999999276 999999724
999999275 999999725
999999274 999999726
999999273 999999727
999999272 999999728
999999271 999999729
999999270 999999730
999999269 999999731
999999268 999999732
999999267 999999733
999999266 999999734
999999265 999999735
999999264 999999736
999999263 999999737
999999262 999999738
999999261 999999739
999999260 999999740
999999259 999999741
999999258 999999742
999999257 999999743
999999256 999999744
999999255 999999745
999999254 999999746
999999253 999999747
999999252 999999748
999999251 999999749
999999250 999999750
999999249 999999751
999999248 999999752
999999247 999999753
999999246 999999754
999999245 999999755
999999244 999999756
999999243 999999757
999999242 999999758
999999241 999999759
999999240 999999760
999999239 999999761
999999238 999999762
999999237 999999763
999999236 999999764
999999235 999999765
999999234 999999766
999999233 999999767
999999232 999999768
999999231 999999769
999999230 999999770
999999229 999999771
999999228 999999772
999999227 999999773
999999226 999999774
999999225 999999775
999999224 999999776
999999223 999999777
999999222 999999778
999999221 999999779
999999220 999999780
999999219 999999781
999999218 999999782
999999217 999999783
999999216 999999784
999999215 999999785
999999214 999999786
999999213 999999787
999999212 999999788
999999211 999999789
999999210 999999790
999999209 999999791
999999208 999999792
999999207 999999793
999999206 999999794
999999205 999999795
999999204 999999796
999999203 999999797
999999202 999999798
999999201 999999799
999999200 999999800
999999199 999999801
999999198 999999802
999999197 999999803
999999196 999999804
999999195 999999805
999999194 999999806
999999193 999999807
999999192 999999808
999999191 999999809
999999190 999999810
999999189 999999811
999999188 999999812
999999187 999999813
999999186 999999814
999999185 999999815
999999184 999999816
999999183 999999817
999999182 999999818
999999181 999999819
999999180 999999820
999999179 999999821
999999178 999999822
999999177 999999823
999999176 999999824
999999175 999999825
999999174 999999826
999999173 999999827
999999172 999999828
999999171 999999829
999999170 999999830
999999169 999999831
999999168 999999832
999999167 999999833
999999166 999999834
999999165 999999835
999999164 999999836
999999163 999999837
999999162 999999838
999999161 999999839
999999160 999999840
999999159 999999841
999999158 999999842
999999157 999999843
999999156 999999844
999999155 999999845
999999154 999999846
999999153 999999847
999999152 999999848
999999151 999999849
999999150 999999850
999999149 999999851
999999148 999999852
999999147 999999853
999999146 999999854
999999145 999999855
999999144 999999856
999999143 999999857
999999142 999999858
999999141 999999859
999999140 999999860
999999139 999999861
999999138 999999862
999999137 999999863
999999136 999999864
999999135 999999865
999999134 999999866
999999133 999999867
999999132 999999868
999999131 999999869
999999130 999999870
999999129 999999871
999999128 999999872
999999127 999999873
999999126 999999874
999999125 999999875
999999124 999999876
999999123 999999877
999999122 999999878
999999121 999999879
999999120 999999880
999999119 999999881
999999118 999999882
999999117 999999883
999999116 999999884
999999115 999999885
999999114 999999886
999999113 999999887
999999112 999999888
999999111 999999889
999999110 999999890
999999109 999999891
999999108 999999892
999999107 999999893
999999106 999999894
999999105 999999895
999999104 999999896
999999103 999999897
999999102 999999898
999999101 999999899
999999100 999999900
999999099 999999901
999999098 999999902
999999097 999999903
999999096 999999904
999999095 999999905
999999094 999999906
999999093 999999907
999999092 999999908
999999091 999999909
999999090 999999910
999999089 999999911
999999088 999999912
999999087 999999913
999999086 999999914
999999085 999999915
999999084 999999916
999999083 999999917
999999082 999999918
999999081 999999919
999999080 999999920
999999079 999999921
999999078 999999922
999999077 999999923
999999076 999999924
999999075 999999925
999999074 999999926
999999073 999999927
999999072 999999928
999999071 999999929
999999070 999999930
999999069 999999931
999999068 999999932
999999067 999999933
999999066 999999934
999999065 999999935
999999064 999999936
999999063 999999937
999999062 999999938
999999061 999999939
999999060 999999940
999999059 999999941
999999058 999999942
999999057 999999943
999999056 999999944
999999055 999999945
999999054 999999946
999999053 999999947
999999052 999999948
999999051 999999949
999999050 999999950
999999049 999999951
999999048 999999952
999999047 999999953
999999046 999999954
999999045 999999955
999999044 999999956
999999043 999999957
999999042 999999958
999999041 999999959
999999040 999999960
999999039 999999961
999999038 999999962
999999037 999999963
999999036 999999964
999999035 999999965
999999034 999999966
999999033 999999967
999999032 999999968
999999031 999999969
999999030 999999970
999999029 999999971
999999028 999999972
999999027 999999973
999999026 999999974
999999025 999999975
999999024 999999976
999999023 999999977
999999022 999999978
999999021 999999979
999999020 999999980
999999019 999999981
999999018 999999982
999999017 999999983
999999016 999999984
999999015 999999985
999999014 999999986
999999013 999999987
999999012 999999988
999999011 999999989
999999010 999999990
999999009 999999991
999999008 999999992
999999007 999999993
999999006 999999994
999999005 999999995
999999004 999999996
999999003 999999997
999999002 999999998
999999001 999999999
