1000 1000
336334256 209897862
157909912 826709635
338352203 101805751
219313522 238400105
307909068 813378724
44092435 419795050
662551296 212623689
731315361 657048254
55338645 506779741
489706737 236522891
545044121 504846023
156692201 257598091
820197675 622883502
94860894 449587448
493697192 964627246
276521985 786880327
558947707 663987371
175314154 634268715
377253664 257496857
531586854 583422306
133246426 273749489
494364784 900454870
770030076 373208017
592334032 547018308
938304927 324385682
286564687 203712655
55010254 325686921
461858665 924993051
193362363 651440020
312252289 161016585
689832348 231307047
798223434 435737548
655758268 790017450
481612056 538707248
696537704 845811554
459380920 118446549
460618332 510781206
571450390 321897735
241521121 161025654
532972674 77655571
916808897 509168051
821772949 610738131
723039435 79661429
756335462 621115768
32089901 418695044
333783212 958454326
545763607 843922052
583470360 196878649
810602805 554862050
833748829 577020037
543236980 574253077
195688327 353150682
717414657 695710504
925028763 322574095
232695278 315815413
39040815 359201282
594062227 234112588
498770075 550364291
39538805 692270726
543997201 895816219
302247029 629779343
341687189 726474631
907181373 536660985
508803360 451134917
319175165 917301390
496846527 700401795
596682215 360709853
684238625 682774508
175144782 167915002
894736689 740799576
413513691 636710664
885062863 807869152
550312321 115864543
518025234 741708035
481648642 862191294
373710345 921783990
671758300 619016783
934191092 376865071
58613052 431498500
150673382 329117861
933977703 338102796
938180521 358318566
89338996 489860464
27170472 522756545
449812849 777820118
735321780 433356845
464568795 707876298
494476953 860526290
902025991 354535638
811722143 815334176
899031522 278444526
200406664 846028937
303009084 586018949
613744490 761026946
482834801 214010703
687324249 206502222
390833895 35000605
295313940 494243565
887673722 323197741
313159720 449918380
604162902 788564880
651668369 712167620
647539995 539399158
388065192 174544494
605368719 759118190
338791528 387916797
665925346 708791495
113912493 753875653
612279274 782354443
400299662 414206918
966795291 401591035
267884926 837638026
25986947 488361776
334586583 434095751
403386133 246315477
676933958 756614149
536365256 734935690
407039683 16975754
570215954 556842897
440359709 438850313
355299824 873268839
60321097 721035736
84672890 558806426
496568283 424193311
718963712 237497277
475280259 418852053
447452368 596504183
595708359 782640529
468815429 81924522
967515449 421119927
958966561 366187796
676265127 653932887
485276554 268223840
144191715 659667598
613958091 615367385
430522697 231682806
590240380 641634068
730307948 169170189
539274289 229498457
661547817 566209583
782542999 625676830
499042637 78258158
186908283 486755957
273874187 399270621
300557073 303812363
736296143 928006891
329307725 291965016
649238985 308753646
656436249 797411182
296052447 854438073
271088038 306314737
773158062 845783283
582510539 785426687
94357548 587159161
613418375 535405065
426514750 419363561
733784320 221924247
954049587 385635885
489856971 328426350
765000000 785208883
93872263 227185893
995231960 548146825
747354687 324828525
553735824 203749971
186510155 631315004
355751607 651446924
448574956 733242464
129043043 301763808
531366786 836951548
67398298 484023568
278151970 786569823
884855253 281529029
664538063 328725131
750031407 561704047
502305550 427166873
642892964 215109871
36325758 423001503
631291470 565634615
70472978 538373393
564477997 209828022
529029864 679562386
663035376 352792213
469722596 624841874
848694902 834281115
191363623 522379815
535836214 783839923
423524973 78769449
874186532 447299271
596782806 533400954
688734513 429172714
702084554 543554236
349849463 540259413
324677672 58100933
428550431 444561225
607250310 422468151
319946810 630221120
122516245 764770745
532733808 530359207
783339613 563753821
387636538 964386706
542972790 225040432
699104127 690526466
770704899 621742666
401143933 540223535
168607001 737428014
341781830 180086044
833240131 264856884
668885800 875739805
135263214 763132916
540863454 653950122
297134423 321020371
361248313 408721429
525804759 498033347
695616685 559870905
487331119 476273581
656468543 595145234
974178442 427819547
361801502 969452175
279275229 521880314
186765702 789991324
141288102 287913196
747008412 587451460
333289758 43316624
562883964 980801379
899614738 463775174
154190244 768115595
567539233 171836506
676819180 719436632
301877875 305350699
140320726 355954084
446204375 229452690
334158491 592463902
300367541 748801060
581819191 201560369
389927527 415184765
548055283 993377131
312679746 470393279
133161568 296121548
719323525 83715484
256821978 784027799
578302424 133535716
350665809 148113774
632412784 140135336
536145950 857481984
775806194 706134496
893603804 278929175
162753263 517678893
175669749 170887534
760136571 217972603
101473067 630020212
834118458 453389925
992851960 415798454
179614870 693620983
625840519 334453436
127739715 781362778
303045029 362816799
356479847 206900632
389416510 840690556
468382121 941495382
699073818 185815013
384503748 851636646
413378184 266845911
105723127 551602144
608729211 247673000
938152642 267789890
672224523 450513175
326921914 290765732
520852579 779075609
618026046 418356477
645395247 218471030
342583538 248668142
468936776 80120133
942084560 639442277
686426711 912686339
160083184 853319195
680084950 897379807
771731431 859946416
210288227 534854317
648885036 284941215
582031851 26626022
178759594 119238510
638863395 252610998
872228463 426493111
543657810 957943278
465099797 443382951
750145112 183862541
400534346 313214279
362173273 533424802
471084371 37891868
742986494 441578190
36657440 505528327
684501849 784215147
354609741 960766827
707423013 309787796
390144885 666319837
865064189 170066310
88206272 231293803
788772619 584063486
304097336 255967813
290067793 202901712
357700491 185150002
137194332 425565514
359431008 38711650
409916204 375456554
661083762 662677678
680231010 699528899
723745675 80863966
435520148 613671482
860709982 760195457
601457511 553168251
39115006 466647633
586117545 937877445
798155713 776880034
509917569 695225419
683322154 830709201
450546788 418556359
909304502 284658077
493065148 911859326
28686305 402024824
583968100 792600783
303611240 886401524
505709255 768316593
744746586 624052496
869947673 622558341
724735198 587183423
763921555 102487441
529380231 430073720
435465583 971691314
825633056 517347459
426577159 910002787
200051694 484730394
685375289 179378408
141773997 189349463
590143858 386387628
629400083 773600675
147360916 179476914
747034064 73541238
331670325 286718105
663188294 325439920
353818617 408414981
810779761 337495722
367511125 296208018
573290776 535862216
730600262 341082899
974811228 389819032
491981889 551699429
454221688 80331018
32225010 368439153
341598144 312480312
521077608 415371754
213766086 362803097
408774567 845059062
654827765 675859866
603447171 746172028
544447646 329719721
449528110 775725770
584982756 481600551
750505950 835669817
397115036 149171536
863475676 321806897
372886404 967358953
51868496 291658973
321178720 70066126
22552685 530353014
446209999 676482865
803631166 254452589
785205061 489378326
275158355 518990887
557648129 40203133
182979827 572864718
152695582 288366756
453829938 935345879
549112514 217170750
254940925 563318118
259762862 897151664
146268208 449395126
538368579 725306544
110299038 616788354
438706123 318667955
799508730 852126811
499060418 582644744
701788283 53821212
549423947 308947904
538290134 904558153
825911615 334773724
689619652 132632313
544760230 355564659
259528504 408470786
141722630 751069103
370007649 242893418
829983586 212538832
746915242 811556696
970354650 470811269
561741583 642811215
96998498 762031066
375911374 590978578
548918432 157812830
415734406 985341717
641662908 377685742
260107422 559045093
247728515 422317437
707081655 89362175
844869474 544784023
930536475 325498353
444957173 438114348
825711490 725160735
721217070 897396713
334967314 474697225
155010453 734651442
462217634 843533315
85872215 736507209
623317571 283785094
281118623 768933610
191568656 509955468
941539663 659635177
432173286 423200900
376451453 191672231
351318596 501739389
337753799 435011830
502605997 79235221
864732467 748406202
742275625 95188875
732079951 871633498
201882266 440795522
375066685 150879115
220150974 848948168
674000150 646473880
352637986 462466947
583051173 164987991
180254134 454418785
537008579 167696962
158349316 609941265
501247927 290915357
254855308 178983583
312690931 433994594
626296879 884771520
684642779 848963298
569280370 641508558
676838119 73525674
935369187 315619790
165524429 852584013
422528860 525406334
464912967 127520394
780722830 393899214
157614776 738434161
418171940 755145658
885776901 588466425
919622641 316996837
578267413 848974850
891796443 548431486
105707833 223779735
424466283 392261637
141667681 549358485
940891118 623497666
983939679 605023073
518082315 809844208
254542249 315015316
503251117 664710284
345567765 330970458
592185605 706066133
765032945 446297910
296586328 789163605
170546066 322724481
266347033 564397876
152792468 262786231
826593137 770659780
92026131 654507396
443323994 502121162
809035974 639394375
595255754 762981756
827536487 152899410
88796992 557200660
727311943 143252193
359257035 206109063
380873621 139069280
141560751 191543854
820328744 576545576
677546737 872278778
501438288 388241480
975054374 525381802
373949158 545021910
780647278 750534407
471783663 491068148
325364920 549359440
494783623 620446789
621124671 405535898
423324698 745785104
191840294 723796544
110772541 526498363
626940402 846595663
625454655 504081076
491530581 196189671
389219621 36015699
322833675 382490452
579882800 362427257
298638709 467618823
904119673 372985407
698026393 442218529
13395686 614923166
725169239 867797187
160402444 448044433
364521721 101101782
133402821 444969656
217435758 797152248
618445007 892555215
110088222 362773260
349894374 844128266
149851491 571620891
949298111 497903451
341201719 99559695
578156569 407193795
400374783 460624790
546363258 58730980
777394930 557983347
161610808 271101499
210556161 151371078
586004182 789865799
296366242 669212664
691998709 702073343
531744656 958433346
252738203 254442784
911611116 340319891
385612040 374167706
54777704 577165862
518118444 332979177
85446185 463659544
909167380 495120997
663950297 316159004
213449889 436137116
521124568 850608535
246981951 297329973
651271107 256194715
404812655 421493369
412546488 468148989
298309722 134594597
320598904 280729444
137213888 293759931
864437601 304783039
601226081 231753294
149280943 775893660
384543790 714910488
689738757 842304963
362496263 625903791
633348636 461616573
185546824 820381709
502328404 127367362
417705168 279681021
488131817 984113304
746769897 596971162
747009037 204482504
872595812 497895130
785118415 413531920
370910797 457302559
4740957 480424802
585364860 342191073
610623558 694545376
440428161 74914236
799602743 260585959
33626598 324674741
212916374 502271691
577690999 450660595
71236695 280713830
188254876 652068506
615203461 198718230
361921812 527488515
112592634 469956142
652096691 296744766
125968427 506920490
144267174 484879512
389648993 198481037
441694603 531865133
259115951 165493018
618294736 700646494
839660244 634821479
884206355 195232053
622119713 773956407
775561204 311670420
705403289 129748046
539375063 19601740
733960082 786489488
807663484 460806296
817901940 354288618
613398979 442431154
366114921 299090601
920718895 327252535
649708071 908672886
591746924 581149959
66206717 738077443
100189891 570739886
504394646 401691822
667709043 114525328
488659116 454270971
834012924 389865884
384544694 789495050
510692170 34635449
683351294 401649171
642927034 727840296
826518332 748293618
369541480 649686485
71422168 487452881
421710040 532416985
345815433 549913253
75090722 337991162
822162387 444950980
168169928 222480237
766018122 162304954
536518255 107207935
209791156 387260466
497207945 345710750
588610976 440365855
285891215 285809283
722557098 422384065
754086310 774749633
588071307 552730785
118299543 200407171
329648575 464154716
894548447 680636920
187991942 565436272
307320845 84625750
984385624 598233103
914874647 657964100
472891535 163950578
180912237 859973811
283329145 483155182
491148737 609956082
810384481 786231494
319300625 293474076
717947882 151315405
841716495 800430878
293293592 504544188
206083016 138166486
405750033 768733806
764596076 838954701
874548475 303273920
630439901 932023703
160990873 440987146
370674314 826053466
621253613 662796897
352971191 887731270
245353734 374776663
411413248 936836364
693954215 797317701
785089899 397091447
531446754 998827235
577773712 230424344
593758287 78901748
389549608 566566415
337292332 337380042
367558762 501699428
394870278 205722495
965590306 679672047
963496761 398128171
494588865 264278740
186382988 196481452
526531875 513582841
614609465 247965731
199408892 493843084
626778736 825145071
133751146 780620285
132194801 779597293
454916475 650205929
658649420 142841998
779757667 146758817
784868193 856257421
137552494 606831510
626516597 114726347
588448975 185701802
791407879 873207833
580469297 217447676
463799393 899839215
784202774 708157483
911133520 642894513
889638581 799403993
345036254 147532275
284476702 876892163
968150345 415545002
529544825 737025084
221567579 802355962
134233403 652802203
762654063 525024076
564143710 516269894
650898887 704822754
465281911 730353456
450509848 849212488
760602608 811641557
406721194 580721552
527621846 389645867
909391638 435581184
777819153 305557125
580954688 432554314
312793118 148869390
468740657 353862091
163382981 662422097
604862987 813019413
921316479 654004145
155734129 784403837
478860651 558248407
548591253 472344795
108957153 623516373
666560951 424844194
657481883 263333737
95973120 315709518
683706190 293023330
137490265 480891578
449589253 443830437
597363325 638887787
888108992 606915305
532220018 324523603
402534352 567475195
136449406 170704479
51550661 321554525
543158805 241318409
768360296 785575981
556875244 779164139
211276583 879909032
653050542 549714972
357353602 892366171
616926577 231254764
848652038 753682421
95925020 273244959
415496596 17959733
399299939 898238150
924651754 389290321
657532316 246988794
224189129 853056452
798887406 135506495
536798943 620793769
172616168 646935990
533946683 339718782
105395541 521016303
548035245 937476037
545796276 781196848
216497612 253114426
454469433 917122978
463731099 505981940
97734312 482053234
250769510 110385772
383684305 773594417
220659588 307486770
39026862 412423372
578025964 890353756
662035459 622424282
501359901 761589000
320221907 964465286
520579864 134834118
203863248 233709346
54128449 426603153
674991937 51550193
415387699 952237036
565774437 959802404
165183592 397179247
170032066 713601278
547029013 595952046
745557799 262126700
530175739 927725508
308699642 488765929
478944698 918630752
145774308 240222360
73390492 399467445
853807559 231666092
783659680 379932379
334475481 386035541
173696638 612111179
691228600 730424248
437133204 421904873
613475849 286442540
497743271 19921093
279185391 428566788
359778940 374469669
748276224 789533854
125380544 549412741
433708641 821566287
761244536 723685943
470893715 406028779
454263812 806881051
303186899 110998398
536291491 841419745
553009383 936399090
201574599 853090882
176130198 396901970
469838928 323765458
572594310 402423770
221455598 93873374
115720173 479965766
202877818 376235783
186351299 302222794
409619964 968321289
439102355 543051211
886106270 708815924
644209384 620845064
997132216 519322709
289538177 751065701
488081513 682600350
511496396 758087719
335034250 453875077
444919482 650657075
678614939 810908517
873093619 183087429
477847438 120788734
172333784 293582512
657514023 639293612
902559557 624835667
445992315 411826245
448924253 531185586
832025031 168504509
733679747 67924653
822160879 701722547
979436617 556840085
915931669 531868516
233569316 378724010
777981056 263455038
810163549 408663876
268205939 519798661
837257146 619272620
767531956 759822523
190152359 316983017
558988338 223435591
68347317 331194371
310813416 909405511
63368841 318760621
250830317 345863891
221727594 687744082
220268982 742883753
282431897 854627248
424787017 640090561
760077255 212228948
891147094 206194544
347882563 790651132
872864518 185956281
157210081 390512303
590074815 219183722
491748437 366091392
2130185 510750440
562637887 805891976
266993599 91770723
927910930 400040072
855041842 646176893
690525593 784336464
730976778 584978914
99914797 563282248
125508654 665324761
931500344 471757414
287110689 558520807
94485732 737544026
314805561 724936738
416201508 564148623
489822062 535197967
894771199 660365617
422004873 846055637
586623411 216074622
427317981 539018138
14489078 405200733
645906291 442200856
611277792 704857998
791762054 260477978
931889001 253751664
297945839 380946774
220488061 462488372
730060065 57258529
729234868 461518822
200637786 824610683
634427085 218031673
218074930 105039998
726700711 167573139
157206715 285402706
61522157 656156181
419883077 868478806
123014061 182557658
573321121 597845799
154513301 496667419
900130972 461387614
232058191 119790581
807654142 735015163
127488922 433670743
542022861 326904230
562798161 860971837
466590387 190319252
349076019 700463029
390888382 195105638
471217558 23737404
698661351 677030872
537513102 112283017
518150226 696488832
922978355 439475198
482618419 173325920
563703794 44629482
37875076 585519927
377101017 51055824
65704871 272208472
323056094 586870136
826725994 533670187
232536259 409389175
520149812 130521491
876283583 546559320
904898878 301713440
139832879 255729092
260688350 698360114
388807723 102655200
555990555 19636818
492098895 647867475
456390132 308117857
96902762 440349116
270804046 815545049
800727584 886727338
770207991 95123280
596211603 541219226
751012599 639088698
323888809 950866546
548252604 208203253
971619359 549263690
403887319 455153314
751034623 244072521
849622292 669749321
327490372 841590024
448555474 676575577
479069058 690758582
603391858 278447522
754389165 319886671
321482950 563548444
455467313 104131423
13791980 442409832
220640928 359551766
57864798 606695032
933798497 649137746
804906568 695284412
958975684 696179914
374502634 415261149
580566045 670837623
651998234 475556094
283178245 704361488
185108401 725490925
927120728 317052994
557112592 732959809
714405041 369230520
400402627 118701525
831786044 249357425
516232657 482924812
465171685 756206301
294913395 310849097
659461758 887336375
653214387 683700003
279274806 609410005
371897768 960019712
751861547 274732091
212692244 665591596
553474979 480677509
187384125 184696077
720562279 614517008
59617102 483383665
506283227 767264003
682232670 745451474
198152166 709715778
409639619 131331205
844261036 459971197
796514768 873679036
563144790 63129149
734482823 767471163
194013627 113633939
562395548 596507254
766451352 422595470
352232506 879595938
682810801 246739644
680187513 113836521
524486555 678582640
445384788 436090295
424488746 557761450
382311288 673406003
459541233 515426164
486314236 642408487
556952953 989582538
630053266 924515082
705670708 669862812
346798089 837038192
507241785 328068442
206068279 267085353
302146417 44311963
468154996 706927670
651175099 290136701
898201350 322713301
504314022 797117845
377784767 807727001
477016534 15853179
367141679 713020718
196754082 611533483
956159187 697766767
984437610 444530111
369267903 760938511
245777669 495101152
436661051 799778497
473110798 639472821
798577333 101634261
496764652 768791139
348693000 492449434
33019585 486308414
653832227 410414465
898277750 283801421
588954170 252412093
170636201 435005885
394368618 13624276
837738782 313549606
141151481 190488275
222288328 334153768
737312640 604070517
586768800 967288770
379233393 299450260
689613893 291204882
296462068 567965092
374645768 253525936
640966564 501623112
383594869 962865885
627597118 339753947
473530966 937190441
244885317 801895133
465884985 642596403
472648409 120918415
873894481 371629462
299964998 809007953
393292109 260502358
367982835 399714539
412814036 405515074
801685375 117051542
507224736 364266440
512270541 707700436
765269692 662149553
952604660 615052998
903841765 325960152
984253630 531011064
207972425 387974157
174592386 241398373
895628742 738526682
102056229 386773537
646936339 346749766
848550771 251175402
644517031 433616609
992361040 441543296
706717624 477289257
461039126 358657657
421964882 772283103
361289537 385306651
511940823 271414379
700601101 512487825
903787907 593320905
247533256 856473644
440544993 95677435
248252904 375371493
604168071 640535218
790524260 458832237
719599333 57429329
824431280 321491625
297914045 236573926
827925952 223958537
295240020 923417851
355050588 371945617
185498740 286603822
514757882 690764616
336406525 515916449
325034060 253207160
796975009 654426772
146811947 467487971
309195056 656121934
158196640 552384012
167688664 369708409
591036018 230984368
486892283 434183037
695368941 315773810
888689235 539493871
503144822 847767491
520226664 920188765
651347481 167166746
344275769 196992358
156553906 481532928
768246555 523123009
547089037 874856900
423938112 346293691
337355818 271630797
691974312 111992308
832471398 325453853
637755669 188401496
680923359 852612324
193502924 115476630
360829174 829547248
732595071 314987975
723712236 890926791
540254586 8437275
365020323 68227928
632960982 749469508
609403434 655938524
356834135 792591501
561938630 831715324
175343204 413004541
398729828 699844798
722096159 909837495
75432520 243511844
870996265 442558415
116608665 386433696
584715016 145197596
591924636 949419009
231381327 463813768
859253330 361185002
67660254 544638316
969698550 671163447
101035629 577820919
567180515 714799069
397539571 935460509
654240114 47966741
321848850 167490770
243969217 74738417
512999395 395392207
918689376 330175187
598229050 836303038
335027281 305827544
449828373 664633852
522400569 372931961
29879075 450324017
836007345 148267495
864132088 521215332
360995700 971450546
342916893 263613959
357694185 755530879
535979913 169800460
608927457 968207854
637997983 870073738
138043726 629104813
201897630 650998141
524235211 900551605
700814862 93433459
398648245 703570047
578653771 879742454
334199678 518667601
564665175 301694942
528151427 873903730
684620457 59803989
399041954 11470420
418952435 84325867
885888995 748891804
687296311 784919640
379023725 95756954
357652151 975245104
755033262 723232348
816266876 175277363
83662061 722578150
738424994 673304050
412692772 848199481
521560569 90771430
50051231 451545217
376641569 304819177
975515790 495300203
534756782 680798433
369882009 419407689
283898709 822096290
528444026 316719943
324431610 762909740
894534482 756237690
190103616 259225401
751198124 857135379
351650254 290966795
583994684 204510111
659041379 623626825
831857186 657286909
88251764 372296931
140746973 504139763
409206548 835585708
725644849 625706970
249358161 851993822
207064033 256758705
506688475 272788952
535440922 626256425
286581089 241387915
243513661 286028029
722713050 740193984
323640699 773822866
388864689 243384371
783558566 275314204
683918604 329741610
586298215 652307514
713243343 786552511
425917175 733129933
636108766 291187195
704567842 143335690
232937976 678939970
870451518 681120223
471581910 283011466
822513607 233084777
474860164 771382407
794396164 344486927
448944354 515389428
899365477 765935942
638316173 293862571
377546163 277717942
579238939 364170862
641385785 333585080
509333842 583537610
228302418 436045025
127218706 317554346
513227083 593907442
978934523 569709827
177167906 746354590
522707083 883722922
521129552 226479433
293821519 154558690
505677081 919097284
640212752 348975326
916303109 478392373
526002145 743477478
430586947 624338451
448136409 400925524
646322470 625894214
931782000 611352186
573551071 273584316
469650745 664997180
576067270 870558264
354245051 670296537
851274606 688145569
475730941 139134794
855087948 310041874
800383818 510703817
501145255 812543691
466640216 779671037
438043964 250976831
332464602 673445325
170252502 447618967
413392873 603607838
375550704 196542437
818499571 397100880
202813081 186642820
921768760 342294278
674870065 148051929
420405149 583415868
214976044 119371878
782174707 352227644
640040858 605381300
585951761 298683995
330875526 927324589
943298759 367739996
929790854 511381211
893992888 280094816
184956437 270739745
334703609 404465588
747193194 881388511
284252386 144632159
426207374 874335312
618538396 620926481
569656793 80537889
783752337 564359445
147791182 305434233
298178307 244070844
180444595 370464351
595968916 521325007
167337082 752003541
53484001 373740239
200938167 582196607
628661490 89800653
337538448 696188553
710215751 865427278
598155387 158257536
673091624 778652651
398327902 678103224
788463473 475965974
492141695 827061743
251345436 471395279
411388401 837410632
101110479 597836356
845623363 806457661
308606572 653705395
386685130 847989095
398017160 284394039
331051876 632415183
981243764 624602786
744779167 150780171
179043603 368357955
367660222 267871916
318273834 780162851
289688603 616195997
745404517 232677363
355961992 781397386
796823975 770036434
129452176 321763866
565511301 103274983
839166778 667169383
155448178 364473964
318510307 951475863
980958978 536134688
621751671 334826113
825453128 594464683
718269129 376021707
436440857 593596863
188111892 507398142
726607466 881773226
375405148 281025267
445815448 239913770
529580902 157261890
392240699 494694299
940927597 542403569
439879873 264464954
977877913 596209133
394513876 544785966
736428801 862908494
427681632 201199777
831695258 702048806
298832166 847675362
243858403 519910167
631462682 245841402
948135145 506092870
296765977 578932172
233923844 263118234
596233937 782630000
229552399 540275840
512627444 947985594
614573757 218957176
306460639 713465448
873390678 522399233
556315878 602473323
367809183 390337869
792357657 267655947
366886102 836087716
807507750 184245969
595916750 277001412
477197188 955441474
252734464 336908500
924999800 509389032
139834773 525058992
235682681 295509810
780117963 259554047
500766952 556791132
139080613 432806534
914179877 769273650
333933079 554807611
378648129 495690460
483045338 464989677
39057090 432960955
450403894 551078912
454282769 164604087
252549036 307981086
607748035 117815447
309830612 124113089
404818045 116049046
259242456 672174385
738835578 901064008
613062097 589252885
354755099 759365012
156329290 432759447
181336594 141469356
511646075 502149800
630864059 746943523
237137313 662448488
522500970 345009741
643109359 897779044
677762156 426232472
175048480 824347659
181988158 721860402
168736823 336920479
425735886 807744634
905911093 703726907
350925025 356883614
380416293 467983194
265697014 798005167
400994823 585694464
547548291 126826059
168819564 199818771
561020233 658788450
562189931 629360525
822082134 825486461
429135391 414833697
538307805 995746310
317660392 580468505
933870265 443185739
707248886 637155355
403695562 662491130
881450910 554881034
101845520 485850515
375161927 716689767
469549299 764353376
873443347 526086437
556585841 673790514
590435479 525841052
101682896 358293212
476543112 210581769
851943844 717149577
591843347 515151154
169663228 130449215
746968489 663791387
822373523 688366084
278983382 804776925
542281152 205092334
533808409 696320781
835187144 827437662
598863443 417577633
193245156 497454635
452688122 592503280
790700213 534833184
179168007 845421427
209492842 668029343
235573563 911458659
294609335 841855727
401181969 378497563
30808585 370295288
693313016 661164223
388776619 845817984
100748494 468896787
674587035 558740637
807839854 844219285
727992096 576264746
673302338 166150216
634076997 958120873
825032282 518125609
309854763 763272582
340256557 576438993
363091956 931663476
202122760 296975637
438582049 131972866
395772510 277636774
432170116 673268282
166131015 214190706
618446164 647296027
87518172 253703575
100611233 316160864
245921772 927981960
806309124 307726377
147508373 619187550
290451574 101305254
32372462 513223769
190842741 139203328
200529650 620203922
549204811 844308060
369436212 128997504
561892660 173642032
705016958 84430144
733835968 809008823
372650109 221020374
280478343 920260284
538682253 405261780
689145690 761959145
759301292 477787902
178133989 244942226
248213145 521995731
448742567 878711860
766281599 714361796
215447975 814691963
308763435 798141777
525658312 204464587
335396006 908047160
438791599 881822870
681569570 240000882
34160983 660857609
361004383 695172371
485644260 581815719
367283319 615431329
215823132 786972966
419332613 161809407
884871126 588943254
926908956 470753771
956767945 538748374
34635098 346115144
382269255 150212777
787103174 707668171
460366070 766307672
755960494 358753642
424899082 582553035
724537448 408905038
561308257 422242457
359257217 863090828
414807442 713975261
317077343 389691268
844209465 183817130
473183288 327595290
849444143 490223058
522224271 323695106
677986441 91919163
110084480 501640390
656103357 511138837
113390888 332159112
332816030 76243456
648586261 436283608
589661737 388520051
434854692 112401182
822556122 261251768
915028868 624491861
164161916 193858518
415848155 289750829
159068178 287555066
513233495 616057802
721929431 111883204
230333639 260173677
258801026 195009420
321721933 524836416
918761036 744405691
35859521 573059542
485101555 377795238
700232334 724050417
292304902 357482535
103839983 203152878
441058845 550567214
585672792 236979071
714642121 514347413
266157995 206799036
672098977 336191570
643901852 846880121
256139012 311418349
181994295 669375940
339078258 261656932
372848869 665175707
722907823 544077969
499936631 366821698
232798161 816381048
399189190 984850073
253318610 466458944
626226414 644217715
878585985 485334402
467421897 957622615
515597996 50580097
116693786 710931488
663972850 72614522
883002194 183161759
388065536 575752903
439810450 97569962
477846032 75664874
97971357 632518817
658450416 281904591
241305878 622263374
822165526 490366016
360887417 653053527
337780998 467646145
469373116 995967566
176595283 501874362
279459254 636601056
665803017 547260603
838576710 428204399
315778882 238082739
600638809 137394172
88818120 281191623
425472548 512003482
280047395 244469348
328136642 836737853
247061584 187175496
417939338 933356787
384546063 227529885
511351450 987922748
459722595 270397909
8915428 585771807
575015883 975668815
306810070 152543372
307282349 591656971
618201419 277746946
550535603 645560332
745127897 364698448
482795230 71392719
144393362 301107221
485478517 534997412
354404256 241605390
726219195 831773875
207872543 243245890
549049169 212270500
942778175 639542203
326213590 734091509
690649791 861997085
526960731 683184959
652100755 370142331
363310199 353448984
290410540 657911774
711317214 758645438
546852203 709039284
594501513 769930084
287843413 821971728
63698509 395865757
728589058 807126552
632995013 310684913
655491668 659666614
144481543 771755888
618554037 29864450
934941565 351422238
471384582 666874658
629790457 333692498
547161439 938873637
292670375 279917153
109585049 639589513
206132307 657151952
756038695 431694318
92712007 559549006
935156923 345248940
419023277 507087830
736529437 99275493
583279014 10576612
385981883 665179718
414567716 648171736
277164963 173728786
519880897 243122868
838961294 407061747
646488824 345821667
344029215 178732237
271298836 97614458
856249501 208627391
446901615 653169066
174872781 321718172
676130188 278998569
586617394 115733460
394115362 654917218
868215581 309060214
918973005 712186580
734974203 624009381
500598673 400701819
792366235 356317462
106441071 544669379
127492994 572186119
41780167 597011039
499150150 622869475
851295396 242225156
735035640 102295868
642327637 451660982
245645724 254513262
79104082 606737044
165472992 512522516
457755820 570234011
360494592 113203524
605533674 290269778
494212870 767755467
726657403 737054034
591165082 75091165
649689348 909882237
352530985 412876177
213847507 257036373
352350196 932470207
340635232 142400651
637993692 270651750
830400147 520437841
169360565 662550535
241285743 358695912
410139332 825753012
651501480 833547041
657180499 545355018
672411633 541616407
283935208 60739899
581686960 866989122
571325847 363175897
426942150 913116411
572821241 840656105
802296936 583746408
466559456 559856685
427959696 315662680
110694378 650696099
394941497 337257736
547005322 516683990
615865954 792074017
895213581 576049851
702515407 559743594
65136576 729668866
663368654 717171532
672518634 639218966
309838311 316326058
269813580 630229499
859002899 723999856
360028716 370263502
136185773 272897382
406960538 727109424
518470838 364612642
346106610 956603371
655209210 88181014
269310861 249844047
271029812 352369827
720489344 210269328
459026723 497712364
930494147 469590561
474283080 527191736
845995610 772723101
187757833 694201023
559783700 439455819
741148833 174257959
313265961 796171090
440440168 126102241
210092010 266418322
95691974 290951545
799358043 406450595
717269825 468117919
974696596 540532889
507998101 489794993
887038156 615355700
982252328 555634688
365593241 453383865
383853007 463831395
565841515 925377294
498752147 131843206
250622954 538921313
400345376 785190544
448774789 561983497
151483337 587910863
247281888 586304897
465611811 798359566
164436620 751486878
438930786 166725254
484656830 965439950
392550399 191324534
285848195 207429154
125161902 595073806
381838472 461835835
279960669 780523110
475226317 256822942
404112200 528388846
44745145 360087638
342392788 333193121
610093253 826769320
897225799 589424565
473451685 469153526
551593053 780034671
442780652 579915631
864094962 716798679
700716854 55527160
597465092 664410646
789737843 623905747
522859125 494169641
340437294 223161173
514357941 537891259
535242640 940550060
139657227 510274554
210046867 692167886
373148127 408442327
769560205 511087131
869342685 235349093
262667645 892566057
453256664 518441205
142449549 633238514
777577529 398677555
414182881 766710357
100663188 679821434
139417455 513087790
700432432 204327661
175687521 363508413
505492525 740540814
590274841 630527260
215361624 228615056
982954977 443929483
746405282 385817269
703100765 455757287
186875062 157242527
336899561 698856511
80256306 378559219
498483491 379123651
299896402 738099484
197198604 314983835
628401290 66988925
255053109 135689369
882557150 389864105
58568999 339345785
58981063 392044614
488771549 891972861
533706144 255434747
298047480 377497249
521891718 970353182
408485940 320385924
918865399 330849148
783102633 884159409
599783620 888370174
643546266 99299131
429187368 61705321
836099161 596657632
690338270 946740880
441259597 944158184
411944228 546637869
446059560 943137326
65895099 468139465
570634564 332938907
890348610 467837851
825077998 593778229
374756593 198154531
445841336 568443287
559788027 43938165
115890063 209017505
457521102 881413915
555660080 949732605
131217312 805720233
649050615 723932347
535551527 330531342
164867496 774238294
74137755 635254329
266230039 291156141
165971244 525406325
263138517 591585058
250500476 259746751
206752768 346170985
141471481 757413213
92194586 415117523
701816351 928543921
213463927 277965906
157747099 813008966
239462255 292030217
109882111 389703140
391234359 425198169
268244856 365525756
406863588 46587751
861168027 775279543
824380527 739660340
734681175 528064198
233315824 125057219
686768095 553728992
750743400 457959658
667184968 466389674
622686155 395017776
692593056 491117793
71070352 301034900
352980448 284094416
860402949 830193154
776468604 597426194
318300120 124765477
772223580 865675258
433329360 437466640
284550875 205871927
760093894 140102434
171387017 863249409
380520932 964812477
587916697 568248893
102569631 198734291
633250350 834812054
554142548 406876269
298268878 826911863
162726396 581719467
316122900 441787134
462290917 593607619
707914591 866437243
190983670 571585502
485716068 599720151
628861898 670451833
752653680 559370908
322368874 800254830
795250297 519908036
335537984 913807869
132786459 221176666
596667677 543582966
577600688 207340583
987338413 391246904
271018108 786429279
428018379 106975355
556546559 353053460
545267247 327776486
224959634 87115383
364927710 225734692
637929555 913385285
365845404 302694127
421750755 164596536
241904165 895465602
430043648 622599332
301667226 442784822
365543983 377466742
98132135 610521903
650135813 607283501
995894459 534546313
408858195 889665170
578235612 151954213
726094407 941934071
638205994 288979054
485112730 909519431
175937614 595951852
476233354 736896627
402073622 466067429
57003735 585843548
810171689 887613996
165671549 671095527
109261794 617127842
581943457 600375527
679913492 682914428
351940732 582351925
544838244 387591887
615972325 589874217
515115771 364176052
631631945 981519107
744677275 758785918
560488796 164830265
317237787 528163390
386783968 840322909
461878181 770706658
582326548 393466732
869253811 411183890
289746071 543843092
758393268 116447414
533053481 590570550
4636970 550802665
686134580 885705830
518410279 405474474
708435623 793930105
885521068 248469256
565322809 325596127
165752779 482403149
444009333 770405939
938833203 275372599
308556130 385850802
224629626 312622416
465200461 487444467
573275447 576871825
329510937 939962506
693926368 99109280
235817561 515347009
828979431 629534635
173582335 508276447
568306718 599591974
485708942 882317002
744368645 168553774
904586229 312664772
709152736 272589305
942253069 727767836
324581274 97874204
427013271 855835636
871586589 750682180
851659742 235412029
613748627 133946800
748707691 327682247
397124729 558790955
925466421 488024018
362517869 302075048
426600482 958266630
899225069 507758155
212506108 469827570
947214135 434945463
650455875 549663936
281713742 649096188
663557397 206844405
882006217 362525720
484373778 216024555
104861022 358370584
935998045 727177170
863905063 735373562
935896829 427705255
795090676 659060212
940203369 647892093
558141917 97858387
872742176 598409829
864428978 741142629
502448556 341169129
699254270 100685215
587698121 772012351
545127693 377772320
570582094 521147656
213147084 114511648
633359561 916335524
325636990 920511165
438687245 782561537
277388092 154614382
442385997 89893376
707592247 483016340
452811327 414464171
86637617 662677325
422352539 798375047
714709182 479460131
669533158 885519461
439831602 840639529
694004652 581984995
479410127 826826766
833408373 781451922
532420126 282863244
810227598 164719210
440545381 27177325
682186404 718615480
774376114 781473765
481418297 475205820
613759651 909754447
720871788 375239635
343983792 219730733
696123945 386577287
281189671 943418136
614994965 102443782
798654579 766214338
217500922 125892360
259788984 352124826
319306341 750784081
731043933 325998393
439960568 41772995
425443306 700430823
479638324 700038227
85048813 259323718
370020328 648539719
438408158 620170531
184715939 654732843
754666687 447159159
503193011 451014760
343637058 465803820
169195297 758469138
408635445 18268643
58145893 583218159
430583570 787195099
396497206 716721490
215503433 905513762
764294163 870413350
960286906 497200634
267285280 225146318
614410515 967861905
347911052 345616123
297772436 192423115
569003874 145528376
190215197 293129815
675970600 817664399
716009299 160613988
918050055 451850327
304517584 123066078
225449803 142973252
317909438 690452408
648565003 652189277
149319430 786373745
980996641 399573773
417413760 57915273
413910826 985588765
597286836 292614648
590371808 980949750
698585232 146479661
567708124 793029739
