1000 1000
633388631 902656887
21859561 7711487
631994036 177997138
238628473 244749207
408801741 400998037
462827916 882954593
606263422 787794247
672656074 322986261
900333957 318100539
448894925 159382183
344914057 326952686
300870157 574683726
358552388 216427249
126903093 477331432
834959496 701450794
798770570 735220767
643724166 213581907
717099977 429707776
143873352 808791183
847485342 916253450
442705339 850930982
676703996 254818996
499262302 791701339
344799375 516286753
410836330 104914957
10371168 853297226
433333435 332095162
157481903 453015437
142587471 748932395
753515694 479106939
597375192 174050913
914153018 247792413
522877276 33515789
416780753 376106029
33024140 186942190
539681193 699495682
752041580 767873348
67869178 751237723
737740230 505764168
775040752 554181676
930125903 114161219
742414971 209803490
740606866 250056657
41070506 823135755
398154692 949432727
428335090 585891038
409018174 800693895
939598197 679542504
738202746 293470004
549867595 622283073
283428401 681264699
996861591 348205605
726027042 888271890
123412207 59145882
430399902 708630736
698494027 407942948
217776362 119463314
563361355 2070373
979334564 629820519
86618244 656775555
306349750 123648240
518081017 202171540
347256236 798219957
356326508 565676855
94955143 862590492
953786551 603087326
564012653 535054411
11302509 506804204
788837689 799335797
991711307 427944721
656631054 591157124
955606376 813294479
29287905 213678563
146595427 923839989
108830112 700266357
344866146 588920843
211779603 811475761
936357360 872118138
223674169 98201274
787351977 827920753
727561326 234269206
398395745 527447895
469460600 749347765
212034806 29245466
342464150 285399555
941679239 392602869
941488790 727683978
450953500 32172916
899955489 278704119
316849273 732039754
11492899 875369386
592980989 386816634
621968418 419168034
690074658 419234893
797460558 377718405
251273475 80303441
38153612 814984429
92193907 243086974
968811625 703691969
576661898 791871330
341757536 974697232
331879102 575959789
385281540 653841861
810381393 465059167
737576162 709930116
849801139 951998784
174514646 707489708
444121751 776643198
56820351 79739976
374734995 850874872
608320642 61624080
716177987 291433331
297882208 488667247
18391668 544159804
95403438 468130678
477569672 880381761
667136641 124943467
291669800 390050947
988328218 742897956
906961681 929869573
807227324 662040378
896716634 106391480
810849616 32643437
892999203 475457407
324625202 443293663
255398971 612610223
888965834 395630583
235439670 508984073
839633839 279828456
179255723 76792777
970864561 61293446
797745978 13326000
241010683 474095625
181444830 800225362
478860741 262035081
116322668 480451769
398325487 501349461
297769179 814134069
577419169 537964102
821963173 134286499
653100036 790361937
416791839 529367778
464877498 423558281
456336900 596620669
576657816 406602985
858822961 177729154
17431031 810223172
78965492 242591703
576644704 840703586
84851874 594417567
602883147 911840937
300231530 552657378
363305949 550141936
42401952 278379860
468752948 682255978
477817175 436556670
674810669 160885682
928854709 381227186
102303786 986088139
759015063 647078876
307411192 80747893
204813819 251825810
319142633 953056268
538112862 329153
689026512 492735997
184018704 17019310
437063179 204892956
622907016 691578134
466721533 844401144
86307546 639968557
930260348 483540349
994900158 770530377
129822604 465149599
293718742 156321448
494798546 422702732
425680401 986720968
892077349 196498199
656350580 980057385
330032287 842898851
207060632 846378242
886172725 785850530
555266035 142557021
95301755 38496885
942209686 918272195
753320616 455853964
264787078 607835020
769945109 942379433
431119729 390203765
260493180 415239379
581632317 349067969
267370515 520461182
594376358 269873144
933549518 266433454
381299861 626848527
438153493 953257773
850421540 125025715
722961995 301620889
565288217 823276955
226568267 48602775
782635944 960491251
21234781 377171775
290441152 986256157
997265372 8748487
225574700 867812410
461739147 735546249
22965981 464678679
238777218 439387339
313157335 532207927
557492281 994284933
996710162 701616349
515849370 578516746
636129948 309790889
403281459 443836258
648657494 83463610
235042103 266214308
946987095 963613705
606812630 283266375
749484430 364397388
941717239 240518906
973025788 838681932
820776031 74574850
610983319 146179263
459068436 668942198
827334286 843049647
647020091 209972030
660014075 88320649
580366242 464219039
981010501 932005212
186603110 564260192
606375873 997206037
79032057 294630383
146952766 322631017
991512052 486511206
387159572 373996959
656306420 810700765
556196914 911495254
874277463 930874076
597330612 864408622
307970659 220268676
85422391 98084618
636976197 563086580
145099419 416626286
936184330 951878991
133947077 81262029
412714167 841567978
890593646 979891504
860665756 393555523
520579279 29846060
944256938 253638138
160665513 294154583
283651551 529015434
440042806 202311080
200475020 73208337
499140703 397942151
497885290 265255605
727550138 768410531
812739493 300887064
897760132 495437082
221947238 734786282
562630373 542182782
720172328 397264600
772502831 870907097
379980518 526761933
889733379 47780986
637020493 214924785
412612566 266553389
986498700 544111657
74711103 664190091
362428198 255905512
262850500 778087876
440029992 940310214
986177784 894614496
334258640 463981967
65301959 894900040
592753609 977038805
949023305 342131847
299687561 130103144
788009059 405862552
370235297 684641142
424635632 495292798
542617014 611212586
134517070 860502999
673416539 761732955
962412577 245859406
819567591 681914273
553001088 624467445
148738216 516422587
35938567 638303197
82322727 106511578
389990057 267303643
130781215 975226646
489769119 947042852
249282626 612931827
371979269 314173082
247025864 635303415
583713995 352445827
373862786 600418008
324431603 119605600
700367275 287012124
686887028 421123183
230196032 805044613
295058651 807592566
399058440 537146741
721737434 74942674
476413018 176878246
148501289 430722034
132174716 515527103
837506828 96073222
227489204 229772946
947101738 767241984
156732952 670765146
612676361 822822167
8061246 586038836
623883848 332881245
300511453 797374981
315202193 148116555
796185529 496802722
304670056 754312917
835830418 635226939
233431620 389878318
24839823 29191996
314219416 422804345
841688566 669156485
938741969 814956015
437277664 151530319
702835852 594345057
91401715 833194368
82676740 422666710
720400986 556870683
431668768 658752232
676786486 568944425
690024997 413476773
413463827 210907622
354245957 177599537
662750750 460932200
190429884 362903398
273996312 291894953
917212487 741339303
456073453 994270507
694430774 483161140
520525838 418681201
435301136 89700093
337071186 710702273
410458854 341132848
406214737 428599292
470076833 993520993
272082782 245754753
95867778 134607477
951928108 411627220
318937851 119743149
96746367 845378067
528276229 691280090
591260167 824457547
113303453 728898056
366545249 654822962
997106748 830133345
629673016 739470740
440623146 503930829
430241383 470538557
956408643 999072525
946346314 999904416
867090474 52872914
308142258 447269070
814427283 733530142
994826210 723467519
276545258 125514719
618119135 734149554
834557711 779636994
467030874 712680541
546034040 844899030
252648114 882307413
254641354 797725981
634955062 186796021
642591085 43940916
21315038 683378374
675226051 718406038
25732036 594278017
233218900 914090058
371903061 869189186
7158463 682707830
952933068 15406272
437646662 56918500
604308853 344891658
871601493 482758999
577159891 229119356
748708616 500840963
36833692 946625563
708981762 743047840
699795324 494525950
941261743 611409926
434056243 148089196
373812362 699409866
898936442 914173503
151183276 758836166
358102063 427415108
435263665 420631927
597577729 22440179
218777359 892977591
421090928 135558688
846603443 47702333
553284109 592836655
285713321 804750641
703761880 951434280
835784442 386699279
752942348 548179632
141760308 634910731
387327830 920191785
269192923 312420157
41952959 292948363
821073801 865727201
482590247 118559668
87137854 424212736
940219843 897470116
205485867 427529290
163296864 662304259
959388358 644343793
269626291 871303314
644304150 272820525
415018381 456033283
541743508 460323366
637179587 173279333
221460741 256897162
660892348 249468558
440038679 100345362
502304562 825898947
346184284 287648439
400780876 724683129
29351125 789396728
666028542 495177709
850654790 28141013
76718567 515115182
608860451 896441034
115544314 815602996
366521229 522917432
552330154 300252389
927935115 702123622
317907029 242827070
969065524 682152623
868886038 692149940
554814716 621527912
863632748 391905919
44316813 600933515
25876093 406117107
530223222 314512528
53806016 9235899
985760806 726174768
585861490 648801921
127801413 26886929
395786023 29498607
293094589 143706840
238754012 140123300
98612122 341656063
219457655 339777503
982256421 379353005
645184189 295881490
232129837 180930640
663921682 722932393
674783822 15463925
796642006 123419861
141057558 976545465
841226839 921135027
695692854 82874777
123294299 37971954
299332754 203565636
954970673 919928632
816862023 737682841
424355957 991575039
655557064 256205222
251318496 409634329
552971315 685557044
746080798 804106231
406190665 811614981
249432211 534974973
716211141 96476730
488007501 939961943
479006711 741074211
128339123 174627189
51904166 914839535
66291339 766299727
960934998 36230943
490703069 186476231
851828960 661721584
166913781 740552810
279177969 673358743
52518318 557222224
630750720 437958066
837676201 415141795
829859505 149504786
871658995 280602649
116322173 433199490
570660943 746245891
357146648 120347369
476198792 66236117
182897794 282889544
362500237 559189298
363998502 907131792
672341100 610082247
662982673 108671553
106787261 312665564
245452523 68773187
482703145 10079078
519703385 190951116
854340688 500776144
879277342 685721744
810522998 16431274
245131553 577520328
166920605 119711299
68138410 328320436
747259961 484113606
250767284 172117333
678909643 559315742
580681617 139648308
687394313 680549751
519990810 369885856
591396148 605395023
42055913 48425753
930912189 589610732
332750412 114755013
917597988 40965594
635900670 897037048
533412647 979029293
447622242 664476616
302163282 306007762
712846218 400052623
612827449 421503377
197441960 248815626
990138957 321465843
824007225 878882849
853600896 864085084
674518099 25302840
628097666 500538733
92733696 398445107
893472969 748769948
792480055 421226300
496169274 599976267
674571946 235535483
414067405 885522357
502678046 310127961
597218238 668491403
272688154 148003486
849134339 610316010
7766414 478086878
230004237 241676486
96891071 934113443
46178515 503198962
895961695 944115075
173637108 986137520
407657002 186551577
265051973 942349805
322262287 767138076
241597314 539829080
11545420 988155133
768954645 324763630
466218750 89634222
310870410 88238772
323776551 57429396
803764861 755532244
788759078 2377528
965899471 526395922
902170854 469597493
50026016 319492779
299776830 806640846
515234498 220672730
128265879 976751288
591210638 262609331
631544059 480872652
828574371 723790900
911729584 354805189
462022749 248800438
85933764 983888869
829432282 447496997
586686460 224140932
475189080 477779094
888368129 963945940
435093522 496970615
526183564 447724905
243214523 462980554
252777254 716409767
443214359 153301212
339198012 408345868
364119168 814385593
231972438 640272753
379190176 944356723
85607107 304183516
8632638 934765024
194089832 933919200
825477943 812287192
685947326 727563876
758577312 168606802
700170907 272879822
363437053 97468322
765880805 754794584
766814311 58411648
492704191 364833519
723113560 755773161
960017431 402543291
388966540 581849756
862913890 881783287
426364744 555678644
879146821 1252840
810715264 814594171
598522989 727363481
303960488 435885663
935944138 943582875
928758643 105650099
441206917 177045906
800078626 44752763
14572805 928312687
850164934 146861987
912560246 432249829
690696672 440680739
696608291 410398910
535144360 54566337
998596183 965717087
485589605 437955216
803559129 17511583
292446984 440978783
405830189 521776903
368712678 237350722
911767762 984876304
887334406 414524470
175085167 578338842
836497567 680235144
687066898 197565783
761699438 677179583
225655126 838104753
969973110 923851614
146400161 794769979
419601474 531824640
345704879 555109434
650106803 346365324
634394601 100783814
274622762 610302122
497275309 321710744
447279079 593386059
580788660 799963919
356550952 635906348
622333959 963341259
646400620 625514418
806750929 288761159
234253779 188059841
543760004 214359839
724421255 686804595
25529857 74582088
168466885 897432927
294149735 479744670
801617746 683828396
985181016 54210875
571783696 601103691
113239490 800159251
65935058 6183591
398568728 607647290
103973984 456357678
807919594 140399534
75077030 6497423
577633539 309935432
847260432 317053334
633877978 636316353
827222367 154098356
774078026 309792298
991844775 660030118
531360077 456515441
148354974 340240792
422548967 722093341
491137264 486465184
577903700 105616721
714229698 840949355
212653914 496722139
209139763 266437149
103355625 469219063
155565820 873001210
725581204 801964586
558136223 918607000
118584917 695227017
950541671 410006488
761366842 605637886
471344706 530740398
119000636 187849191
975375872 406494478
623295414 530450918
572396462 628832367
113183370 766625913
409867954 555869243
479063038 881048842
882185810 755022585
516495960 748721028
417767493 264489258
954504599 387467614
745504771 294198194
665016534 296078541
507371813 460354892
867425485 527016447
16515662 36114627
725195053 705200133
472803053 26772798
250858700 397436348
499238581 73662070
120588372 796114067
716885893 161322229
16504817 586012759
411800174 268812683
473194984 589065827
66520757 974814706
668425972 631491315
309192543 51208710
415210956 99543206
789290712 259370686
737559321 633489128
314256237 31158346
605680838 48743153
23965492 315204752
579458130 393531473
471860832 265221622
881766014 159562669
927257361 662470182
914284636 170874485
637709329 189245706
796059894 642594592
441525456 878860062
925264653 301137190
851473151 929242867
642836053 787374834
185608497 267140208
645131662 43743834
952243244 868928079
76332806 473636418
620159857 651904410
284602469 67856896
824524309 674538386
761973514 520412711
197075762 207207459
184031306 129588597
352811071 801700563
896325757 571145697
369167359 511010093
529045559 144696801
565428473 7283929
217223484 834076189
663705313 769951813
305104915 923485083
785003162 936721568
323397623 145911427
221296600 155587054
981447916 373295513
925301245 760008138
83920563 908568242
188554973 96533376
776929305 364535246
955894862 376835940
616478442 704877299
781397107 993512074
919568768 440240907
553391613 13580599
557279565 447820946
584439831 447369828
957722840 888899826
631530614 78944109
224028741 572113931
502617710 11922709
972450236 576981431
13067188 325785211
67500817 346808178
85473869 747002861
223974322 893977500
935568896 391396151
958065545 698194099
205870614 665633294
992516221 719485809
377914869 962107280
102903970 981073990
21079663 586738893
798378037 247448479
695516690 374206203
760153356 749031173
319507547 895503616
945338380 846581366
15846280 489846838
412777873 566736503
316498768 923623031
323669485 377795440
17860114 915209600
879469529 432249975
460758315 162789241
987192165 495026985
691604680 138635745
477170677 577725239
690656033 218736498
366196411 378004216
625927633 992036626
732775223 862352952
241888105 862991569
397398148 300346
881203010 976456946
89717650 607513309
524617378 917239889
609979475 557218078
258239771 399163842
915156661 254802449
178320885 380279947
842362027 956075955
819699262 358143836
717807539 991207662
423869050 966345308
567668770 269911655
884105732 64054870
960583925 514618862
433931196 296497396
741227836 72467404
714301169 35504493
234128569 91260444
680900630 483896082
61634201 644012640
578543337 339297453
152783455 892945531
694209816 898162824
661663359 19562729
683732509 6270889
152936299 41769383
239173922 761537354
118916719 338948577
59607160 383862532
80551385 41962085
589657426 778256975
162747728 758766155
431971580 656137237
495163135 457884072
601549694 612825934
660995770 160466272
298171022 33915291
262750522 896268486
87242341 129027450
859524323 648586721
916429481 622671775
41116147 464540652
888926383 285583897
754292275 242240998
934612925 880629162
870176617 467226771
614588512 18185679
79267660 452882171
452360522 146337859
836272156 862224671
782227498 116300554
30486278 684028808
611383520 936957823
373560286 491904769
800723526 532526287
848568491 36050594
215912324 101487992
796307015 642390337
793372396 107175458
18532867 276330276
597171460 799203748
80761500 807782110
951394697 138424525
430651491 357616263
441390707 995424176
966104189 838051692
711876635 387325927
913274145 445533012
677954252 777525770
248329087 585186573
28604067 469552633
454648830 198613666
309048276 548298087
103587209 561177572
541676035 232528062
231233257 445725841
134291575 809567909
128577196 716113387
143337807 968992884
201699816 710154791
19085305 121353460
817341410 967169399
71634309 473372796
728986008 499365906
796697116 106613195
191951914 615882783
759996654 989483755
783362292 284537523
887855156 566534162
51765699 952481999
580896859 188613318
806506651 902311380
302063008 174178317
200631001 607161746
955739971 341605455
447431840 240266989
35415647 387272161
605013528 898730866
883523071 40700937
716512975 905018613
211063964 942578467
177022125 128984318
101349322 999331728
929816192 422090995
895123290 477724078
867720095 956267573
295115855 227360596
907938702 376028490
906709566 212814693
507957537 379253291
353897637 568004898
179275662 935595639
829929781 879081542
572261511 763732298
378511824 790396811
14747645 844269771
917734295 227227806
264229404 508910163
950361019 28830679
497606946 23890640
145439903 822798361
180886400 395983931
200704319 806811305
899333885 734311914
876214518 379439410
314201845 301312849
298222764 646175902
174694697 994585051
253627203 482380618
14969606 563647593
593237870 763307320
913499473 977750027
638552839 706554672
901077818 755371700
175146004 987903419
577920998 331679
419947240 220006995
251583961 113771038
609650686 839772108
334339822 602771752
4584145 362882124
229893085 781805930
610420700 549138970
62212043 275734921
95647400 888242608
271377820 626385919
962637460 885310590
241237613 559794075
774406777 519664806
590931467 806233555
336332694 41232095
961253799 410289755
158593334 23608767
198877057 850122596
249108899 336287447
220068300 232630740
367228952 627374051
739132704 147076703
859726151 406422680
385611283 120357716
420126585 345032625
960082168 769931771
774648305 220703415
394696385 438690592
510776312 426131578
69153087 534864313
417222095 192108861
876289041 629512632
774566952 367648468
594614196 523982448
976839658 222698938
923062750 317554726
446521740 222850797
48791153 307191442
250691536 122935437
524240571 77768420
195324571 203499429
994116658 521789460
107026562 171413702
879001490 334016355
516515290 488467765
244289175 915929772
598573959 2855578
510724508 524092441
113833676 534467710
979542485 965088605
494596491 574249476
757477378 184336156
7575228 408597963
114150284 26279066
713415009 868339298
988484516 891559529
394197597 255972846
983416890 720875162
415661738 347675592
621680410 749866541
815351805 40455386
370739810 452677
368409037 146703611
440692774 254423541
542961698 340757461
760352382 417614756
98458828 369616332
676133366 877934330
369509189 638734990
140816440 894409449
524595262 288448643
666434454 670975634
627712244 886130019
716143584 942990764
956879811 300437443
879667273 149035937
965777283 53876426
837188067 64394008
924209436 788981576
564855791 518503965
273470653 539063780
534390352 146760528
977952326 582302458
56078928 38522155
58989720 712435839
424757867 713445918
296177231 246644630
739572153 557563420
865979492 85598912
540635735 326565535
318894064 223094609
120824695 88556396
599914604 758347890
994732632 613221623
613825302 492158564
319698490 291745504
592471514 472029005
734635682 26470016
188415410 982724907
918939362 729085146
948748837 263476414
922451710 63332152
389629436 71098878
930896411 826324370
401317635 154781092
634309994 981117365
499017636 331089503
181419242 965339022
242017897 115182816
804505165 674374806
963205180 165966701
339926906 547331732
347487185 12606714
594385886 740222730
694727171 676809188
101458511 118489600
85928544 957204633
177947970 905496792
913772957 363222273
206260629 348218151
321460649 89883293
174553456 183702490
803495453 972747469
144231065 676639600
907787779 229125860
643592802 770078925
361413625 454047588
600773155 512938214
629209878 338801432
842905590 636999905
152945591 853406584
616831236 649997950
976319656 96456507
683391566 651762029
583528811 540267688
424921240 93265350
138942765 494747442
450924167 913718107
410884122 188331824
811870735 824167765
369726926 596691622
730773781 977788032
635776959 966422608
571087962 974811137
524007699 746620956
50167551 278495990
517997485 250370923
400371308 31090360
357393945 296761466
12080013 56180462
498516160 74614294
584697495 269383923
231640133 657341274
331334491 444965851
960843810 288897761
483347374 526922323
452545090 630530297
908295683 899250465
370881130 108361588
856710802 864121319
576364582 505427841
277010961 929417137
952610468 954346931
395583887 182531670
614464046 713225325
847403024 315170169
365766189 938800248
745587299 955540409
760006121 276589368
63880478 818617517
729604027 934211093
77865859 247069172
229325831 291345462
137904100 378114528
32964634 848000757
993808662 580555988
704348229 759662462
569937765 206591845
491046848 40884391
956902466 100544540
336247742 920062572
897059443 284782051
991842934 227349159
974488103 368922981
98119067 851267272
590846927 276903704
160440123 706509823
224934413 922641703
319226498 9789104
254530505 139713372
527705101 147495616
111922604 437031868
64181520 151858981
889634805 128244239
981929694 807156364
422665876 770634255
918175906 972751304
949004822 976699610
293051173 319718161
976390736 478135245
638577378 825126403
942996045 886004246
879088230 680790266
70565033 95010216
513953358 130253360
95015953 296277370
161393628 547243503
518796393 684823431
609876383 527896075
463008145 628585284
652955168 722356681
479140573 920112336
402862898 306977561
670306852 536992232
170384179 206479387
339076365 74807019
822242569 744665109
722364896 927624049
606033873 916853086
726992087 712295830
459335074 152925397
5772085 317887808
600559758 467968810
905387914 316415575
893909053 755941533
456122867 872842785
231176369 743699525
49829669 675373590
285586193 435947687
121135815 938954412
500505574 257274806
627488772 838453196
723977938 532152953
688535394 458193882
741063348 154646863
964145361 894235733
232962980 630387854
888411487 384934955
720461102 190861532
61393513 144118312
677136456 957681680
540948825 238264364
644698077 408913069
830152835 765941674
357876649 555422427
758491388 672697725
697225113 883743659
220146842 416788115
116765210 685598667
823262972 497617417
244577816 461225192
657667788 100583447
206508254 954004001
756838964 704280621
255464318 706410258
308629633 983291224
609252496 703861532
211576345 684538508
788939630 183231159
361344556 366445042
686233005 696798598
255783885 413939866
570272333 867677378
711799149 503343609
545472762 124887741
755479295 201960718
115678095 807737664
573068523 528680041
748281589 136112583
799566184 448852520
364038395 960128035
780998743 160118087
100800450 145230990
528577544 597257550
596190484 341776288
665486394 619622044
134850502 556394420
494841820 562801669
205578067 294358238
863359282 297125006
45774235 414468309
75215631 762405271
272259284 68081554
932028577 598007376
943381071 249884015
65820003 154374795
745477234 506204545
574110091 674690014
50017203 367786265
681239755 262207886
427857444 944878583
653993273 229240794
125744368 79514076
558018797 898110371
88239361 250913252
774691420 730865546
872457092 911189582
769505169 551870653
143983008 701596850
158916643 910337174
562555429 84155614
571324583 619783659
569333600 584929423
282269590 983571646
891380019 60099621
325470066 569550845
307406603 146537212
108763447 100585983
630987209 672388775
523950136 167376963
493057376 6693142
125320209 727859069
862071023 64608666
363958136 98653916
254257359 718470890
148850426 937440909
866858561 968341632
276913564 85445234
305272585 591942185
229261751 805441855
982605800 61400014
505701290 721185464
522331546 383584270
737755124 983783578
420637079 235964325
74581826 861668479
449348839 934570655
270757481 419626410
778753878 436223851
104461533 56001724
791529397 838992296
61711060 811090608
861385390 613389703
77768008 146333790
412725339 270145822
200339022 624241686
26924868 733905753
828734583 777609242
288575568 124653562
890435655 650156335
993060960 747086835
343816755 700680360
232934017 143139192
490185568 833082359
820292749 844545636
325689016 693817142
593235056 911703234
781682078 94935031
770084036 487818361
941996118 310615282
749931126 8436349
873426313 620343580
508390091 625286994
551637712 214591030
298498804 63300432
127135937 356766990
197892899 595723402
358252057 711504757
959491664 637215557
748841346 232603293
582488838 918094183
445189148 617051488
803381022 849599751
914944977 546356276
61441462 306933963
179940581 408110663
679803715 44490925
679370359 806242306
87740863 890314561
744768389 471316714
115317187 126061309
208863840 182548348
886052861 404093495
488958376 411706340
253865878 127442594
628951561 452888538
758688829 233578233
586602240 204399413
159148375 390948305
566002932 291481090
662386934 636759422
860665007 630329153
559578085 917054042
490260490 68733067
464746343 732038057
320157599 772962819
863543695 334012502
216311279 601687847
162606056 448940315
61434641 352637919
468082429 813366856
338204234 528868529
209163905 32853898
174033212 890494223
591007920 388341834
615131545 614942143
453446176 13518469
734498551 625548463
803436582 952706136
951265463 949808836
714709054 453923137
368460616 18927145
764403641 49332049
597504015 306221403
300669434 625898745
439420120 893365376
156559268 96115221
682380107 425476911
969719918 969501147
896017958 374737794
346553283 392266395
789057181 445969114
909402714 418406438
310558885 922975411
605777278 344314326
98659069 267583340
874294970 723090509
368409217 33579015
926869393 38953588
103109889 717234506
996089140 67576522
647809 340659567
146648152 394770416
366631361 500054322
461798563 924905849
595367145 239810617
858490419 458268908
558296622 712175633
217705673 869030187
788745946 243149142
990049615 337704969
153794767 175495603
441430006 183251753
616415511 449037265
229679304 401521325
409311857 765785055
749012537 75083620
416277683 175024848
697994944 730185447
889213425 156908152
425415760 431249866
356280011 224014593
778187567 179501537
590631308 784945824
769625603 706261435
430549019 827931844
787169783 624546167
801918929 347457353
55411944 358082245
384841066 683267140
900989797 636960872
845903224 712256340
445136212 191457432
332166018 841643134
129481152 636638944
582164869 985865241
946632611 25954704
307593629 81924863
482762850 665750107
370773382 661229004
968232121 877630492
722368411 459849979
12188780 644657195
208464877 716783078
864961976 102873394
518563381 374210361
928410470 74970111
541466487 380513093
239054557 487853226
462227622 709669983
907751851 192397291
927985723 35902055
368923996 650003379
841931464 12304222
372940629 890746560
912259326 487849238
256226048 649609010
365108635 837011882
819108855 640549581
817628335 118794794
964322639 429897429
64243120 534158128
443657538 960292364
563075466 251109937
730397988 500675653
978608174 116449518
500292602 496074263
896818553 678027410
273453765 539458366
70923701 168805844
728689896 875377335
59781536 688702735
636464648 525310053
349565273 583860646
703937640 469825185
887652672 737805638
902658731 931665496
939915310 28449977
816959356 851015799
9662720 173334647
733266553 490674294
38403870 150870568
930686447 494114057
18176884 935217549
191587630 103860508
419496994 695217382
580010090 720607566
393440628 124238467
683109045 545916506
269199943 719443752
372783130 77862042
851607153 367658278
421306013 264428431
939708113 188483496
268605629 950865312
84332146 543727863
902385144 418385640
419574573 539765338
332318932 387614934
622412814 70940904
623369715 576123398
975492396 207354853
171109318 126372484
924235745 477546176
184441821 329941259
547293068 973080867
828109358 755242624
696703239 758025330
812318557 474504429
376436405 124767123
448677001 664671811
267946982 272149381
360070566 712846742
190906731 763309280
647364312 120709540
342767006 764030462
742961961 180280609
664012369 87504324
829673246 299357500
159922334 506207694
201214579 988387326
321835648 213219514
48237032 883301744
324896159 91262765
985385051 261324309
540468903 496731069
891186167 454831973
967386046 716357328
661791385 78366901
422593092 901306621
937264684 111665754
900023450 606005165
863195393 237597209
45328103 550274358
240628537 444936427
851037013 889975738
444363024 157359534
55826384 190423541
362307880 813303909
485603589 715261772
207540714 772885751
187871209 34593491
106413440 479120154
320244190 73070646
963687395 361873428
340979714 86328871
12028458 744585296
34483258 410000483
937305551 943229119
473898160 491341076
731052485 228321066
324199960 848848154
568478819 806803689
544894446 924351512
776529649 830694319
457354958 990270949
845172302 347217324
257931051 720392332
287842848 556131604
426814780 908062483
924199331 410906027
356688347 520097949
198922958 623635802
653665668 500835019
483438152 448274655
921375215 533596110
23957576 590619841
214578675 763928389
281588402 931052296
228219565 2185677
186488644 817957185
173684938 224774081
399949871 349267962
709375038 260995156
504295698 663915563
858242279 107274081
724970945 244455455
669537514 582400237
187455720 419132855
957123655 546578212
407172074 976006666
710166273 293519795
228068311 208444497
964704459 868023781
656908289 90184675
673914123 794885703
865758881 459199884
602813442 749707529
868540195 984942293
841644711 118542234
209570515 53509776
277809348 239604715
703678065 381184745
905941200 671263575
890744508 497492049
310798239 180439071
362772233 578175092
934282701 605252039
673526714 841791823
364298576 897694100
460208595 982547956
967807413 58865378
677888295 859089931
698429924 387994542
632422559 350149044
414440387 306624371
582638806 130104873
145812437 165964111
724646345 472778178
977532973 966891242
296313294 89081014
147787526 814569568
180253240 640320865
506224166 148669864
540929826 262028945
123827646 303187860
213538954 736242110
330432286 594960316
514753603 704600163
608549433 440427740
434836653 470846497
761266823 787885953
895693031 746689206
914527034 13981995
392086995 550483284
563369683 174756290
372157110 946886521
148617402 584241832
558008622 199011151
963143219 221549575
416527437 971287245
827593867 818240601
720082554 261397996
862642927 562077065
687599779 214281410
762044759 17093028
268137471 937303168
824925509 89657415
693295863 69004231
345232278 352522149
408304407 603751728
180909672 997957651
960942220 488009142
436074057 926649544
439442532 117042839
327874257 367658763
444468214 51379644
689614337 564798398
24566719 833729942
126656417 255707355
447847236 629906402
416404012 291599525
273579753 204859166
378685589 41759089
920952514 75716879
839468812 919814979
449113249 218493259
6987215 802639792
71586975 642392174
807844765 357042200
120688115 805299060
969836350 491081094
850879978 924389781
576899518 84098100
362542213 140270864
397508412 576320766
704328706 535714331
992548899 115480305
17470590 969833014
57609278 399836760
822991782 744412332
315406759 239964659
608888281 469411006
929757355 334674880
23382288 686484183
404873154 2371496
961451121 924404188
159362603 419633653
792856570 888980379
169761063 502312921
275402309 746063869
862477319 300456318
257879798 604230488
973002031 826636744
533502755 941873569
458543379 585623649
298713203 230997944
387534106 331599742
743091362 821258975
999608886 355293721
436254180 808445602
910962426 271459107
163941211 502640559
214712977 614688593
494559047 919798330
180308124 212396163
439044193 290882956
322510271 463055421
869768584 159505347
741908720 612715145
827127662 162663390
792125047 852467490
911420093 780245250
454910425 733022908
99145930 649274396
970944500 864673249
267524218 691919434
416367887 649108173
310138309 601001964
166296569 997609073
706198640 867870325
200936485 571529665
950990118 151752434
483793382 438065890
818987551 529529725
683033809 558869957
552554645 984724541
140160931 323281989
479398164 53976711
687958259 300003677
754441409 601743593
386151146 677186778
382225280 994789770
424016650 314392401
716699129 191879228
184755181 251538889
861034583 262373729
324225670 371251376
595852523 788757711
450098827 82908846
932819466 553108695
957246201 207871853
857550213 313870851
3521062 300134892
71000955 986142855
611643536 801184972
511382692 821730086
42600577 886018309
161651948 396387
227873163 129824342
199929067 670132711
204751403 121816411
148515564 747281779
385729179 87558919
152514624 199527394
830487127 671130087
234421230 253127500
737165568 972391347
326444236 338779026
353938623 803405838
728625735 67125758
31552703 481890400
112466133 844162638
204571589 666521178
441079111 161819393
662799703 624458592
850219444 434774619
19246837 612780013
78236069 117602482
55208434 370126498
886721950 523893514
101972913 280171062
463742462 685225091
8223433 897010924
759661811 351418353
819671380 452179053
637294626 111230863
587385355 58656847
535755020 565521657
632513850 914241193
751825021 819908301
388193660 285971705
909963805 673881329
368323346 730845029
782706657 979202305
88421078 577000116
956894462 779669055
484848764 335725768
729989872 220728956
981130552 556444319
589186652 51748261
286734068 669854380
230810859 444352193
618090389 610577879
599462620 339827643
338813390 24157221
150911177 916881903
317648993 302552909
98678451 160366741
994157575 390805909
27208876 77926200
720105041 43995551
654828066 276107939
975376144 915068849
77929401 463702827
957154920 664183195
92770089 147224729
684856852 815441691
821331241 505291712
185342741 501828091
850117466 238992774
296568623 988614825
532728971 770507793
990117101 334140025
863715430 562765536
21618783 862554648
896742006 218034017
111595052 681822233
517856161 17703465
517996209 12363780
611004575 383721539
179147614 31296223
71021879 535141799
426847018 244112095
121436891 317939524
188898979 781398619
817233852 267412015
682565664 200929189
621122956 629609325
778836879 586758113
438744201 453401438
878484560 92471743
12970788 360667749
448494778 130125432
347127018 204599087
439173917 505079795
566272582 181560721
430990536 246164595
841284543 389608143
903498885 80090491
937362977 125956175
928063078 121330139
168522516 935264195
898445294 163862388
209601431 433259217
145047114 858248882
982490851 687126112
135393942 515208249
228359281 720552241
108051667 218309625
347104143 246730585
169877138 583602614
967728997 822855540
778761836 958428495
315260872 202877827
39256353 931091930
111176279 625577875
656850598 512463484
29278308 334062850
546430183 983244104
520329840 377997697
226924122 644113882
356561020 156374929
345397012 501176152
241081981 173166294
210340921 572631695
585264288 137114297
859798581 339907209
661397033 824481694
674561742 864522953
359014564 953863954
67050176 768129607
225371840 516637980
126399885 885082562
511892795 939669909
422900400 743260776
536027114 837070333
548696760 92370630
595448404 827438538
916713102 251415680
560743431 945175449
779106289 45617101
698598292 610862288
656435940 124721002
581356762 433319817
517403020 673240957
692061261 523930949
793872709 455399838
630424639 378614669
185020280 364678961
878212903 874286856
114749740 902360776
616201610 344310264
61320503 653508631
242962730 101181116
1195262 763408897
205608828 847246230
894695258 726739484
676757057 615814382
909870290 321963448
96927927 182205397
117285061 378593177
982890891 77212352
525450618 260974787
310126310 576827207
925620170 166086376
660505554 90145089
299850717 823954693
929135072 922995396
53761872 450270443
637517922 149219063
998795242 836597630
287630369 188843333
495623006 547836410
942402506 770819487
771492309 415146276
594952374 306059072
417459190 476646436
361984120 3676258
43181967 933516086
774701743 713503047
525387633 951558558
950379301 89294998
348648712 71524209
433691803 164526944
303853806 122932962
593974428 977205835
207642539 842998826
474939775 312041786
154635705 859145955
768594132 894041573
305946455 146875101
543788962 678121796
564194433 327772598
694938648 55109496
27581999 869507263
965423669 204544365
6462622 207824541
465309097 230163488
606570622 919629093
708572469 778509338
30806125 535041470
378206879 109187709
182813478 499824753
758386669 89691088
118526149 430922564
19575860 841125808
968832478 665474395
944308206 811217837
116683946 914200631
247193571 310220020
551076429 553505364
439956863 793296163
619971100 596703540
13440441 899427073
278639222 179481016
709121586 257425998
380401532 68451689
209558032 340389702
306925299 76688164
342545119 653321738
46370886 940899192
574363871 166443800
183160960 699487868
872968638 253230546
709421087 252475069
655019078 846422158
217049820 543909311
416814558 419423638
647493562 219627756
971634534 777968430
478571050 981208215
890528470 668869659
941573478 517915690
735515580 915095265
280947018 60041474
406779153 707795864
853157026 919070933
213706539 970435394
979591606 511091172
477299314 992595657
749429531 101439592
847224254 986401458
403115855 971231182
84638863 728857819
512708941 470978047
372607459 556633148
967673915 414633659
445937687 335957964
270353535 978945385
947079744 918738767
45615850 839152865
741984819 598665803
754897932 93892131
35106616 37460337
37606576 626278888
700335399 534455009
903732701 57079726
70944040 454167010
159224148 94568366
779698056 515097670
804265604 425773886
249579426 930526783
727341670 199088109
129902078 770224997
513854985 584644411
159473434 604653789
170656534 668929238
206179425 387573892
792341935 629862195
826056781 271457761
999121564 593093302
533401563 210079958
222011191 633600656
953562486 700382406
696023914 450086132
432239685 894802479
298036255 59065942
273633174 273660425
98889235 734641097
870942691 912881634
813229941 612174800
977949162 956028443
477919777 641753318
824105225 489299193
594342889 492730754
394655996 262269746
401514985 278997757
851896283 861383108
581220158 568173525
815590944 670924272
975978657 410640289
273838345 94680827
445361609 68862842
716739365 766722606
41983223 114707896
913673113 300583819
86141925 521780009
546964876 981693421
163870989 870571293
141464893 242817310
36952471 800256326
954420727 462617520
111004696 424489336
582700028 734973354
929839554 505355238
984884038 301417141
118589198 255923361
561437816 23025993
864057011 164394534
747233437 339705607
184131736 335463695
667548325 924773460
883892465 917340911
136787350 50065293
594494899 199126065
910166450 150732503
790453431 256446468
507598236 799303113
949162228 981961259
642020994 190516426
688893327 959996162
