1 1000
88951012 910672511
636149664 552532497
881063283 701288946
249847675 487543183
804712731 592299766
772019237 377343881
21328355 6006822
494731239 959420888
684891451 675838897
937541906 792931490
395057015 633473868
142286576 304072905
989698895 767399518
256549100 713446132
254705690 738502412
370079663 492861786
802502758 730575540
282558386 811378102
174580238 556935627
348926241 817099569
676992518 905936645
921627338 271017705
250084268 574568654
220880019 779963422
258607572 322755389
294240362 490170469
183593996 355624782
302172897 35284465
691493359 742576463
67268176 404625588
929220802 891969924
425345679 30479135
683926829 856416606
602222468 998451116
195805266 808753090
418100734 548422004
909095155 449061309
62399702 746952250
851610863 58102230
694587443 96751557
209869422 697476239
381405042 652329027
851034833 778948068
585489663 232077212
347778359 585344673
714088720 712830251
145024958 479014062
701839207 476507858
80315050 259403323
682908944 105622658
429819265 525627844
33149263 354906830
605912349 144294995
734621893 723339383
627398474 218748367
271888044 106230034
359674591 264258618
786134457 938837543
918535983 779307006
441295475 948648706
403484976 825593378
238907927 244379635
59900715 437462777
173305642 837584576
304256865 679193687
284778010 409234875
457033925 920279126
989204104 260094943
769803034 651237676
786186356 151937973
123650345 920441581
392987782 74694054
838113890 473213494
139765178 565342535
690679843 349968879
475266456 619577334
803009548 906319838
128360236 650115679
990917398 954879212
866678884 449444376
245836151 610798
52474443 66000095
970638949 937565997
140030855 260200690
56927402 168319667
380535807 635086100
1750837 578126371
388372056 129340611
169838308 518522528
74895605 156648703
520583466 745194362
449608888 801780086
51483118 749358838
635009890 819304512
385203388 608480239
993160863 219531529
331493572 577729187
524553519 612203293
184102779 159431227
906117442 465928882
905585842 158525641
426840079 298877137
410031600 503563007
229030867 359902798
688814958 11891561
40305637 187822645
525446710 209176621
340693882 472368578
999536870 648745572
831029638 807300886
817268108 362422048
210223871 783553069
323444439 927096589
454655583 300632700
751184856 952867216
920419740 718445320
97414813 508315641
313392031 735030523
900608534 435650237
703563003 68955292
368583142 357839258
851998231 95401460
194580086 290668457
658079032 901178492
263332404 40473120
839511813 291721654
73404630 780904527
765227982 426118458
66043667 135977206
323379572 794190247
710436627 812222731
507061288 137114508
413666273 927447879
398560245 723055497
522118035 726234346
267020431 267377076
77081715 491259877
871667871 264257410
435123866 350571727
923188260 704085348
785894970 383983245
527440533 332415795
693633338 796849617
701697810 571337875
775032834 896406229
301820951 326720388
65748992 169283498
467034890 764850549
73482883 275353596
558350991 550517616
182077665 114584597
4465075 373403672
806845616 741668536
941724507 280704822
826206708 690031462
235109194 612554581
923627318 896285363
812911849 340932150
541790100 421840316
300611363 768096941
483049297 279471442
920117438 206625152
547833156 444739082
369040967 965572226
850359508 994761701
278565199 581273962
355782252 898475091
798105558 795266106
989953389 211456361
253858143 902687354
761005250 818790212
665526699 802460055
890336177 406891805
485863489 915114319
978781330 18292210
821380195 561533696
841685888 664516203
258284588 10635756
565840497 479407449
572402985 383484908
200310263 210020621
151664462 834511126
873678953 989722588
539334363 316534728
484384935 685811173
140756158 490865716
948332362 23893594
70139408 565007621
337820691 944260206
401737702 30887568
718711873 139442501
655960274 281757902
936410725 885495800
699968872 51973372
416619560 374012570
498803344 976539575
585852749 267265000
212626061 507234827
545046813 349523754
881909705 348115180
200890218 291758879
925319576 340580362
656791948 344073167
473794860 773506158
210129314 93010756
850241932 944710245
532858161 838944321
645376669 425168663
650201161 238490581
13312889 636440688
762565107 580483870
620371385 227730506
132483857 390024559
641099443 236161302
25624806 888237702
157762045 972266769
824669121 21713224
104575108 795433268
383013638 241936295
699233076 809297383
503229434 664147328
514238767 306960695
208226189 774215304
532391466 826194046
544317868 61369254
336033865 78474771
613572832 68403475
631790903 734701681
314620385 741350893
877189536 985893576
877363465 893050724
784237993 122304090
903809699 812114598
256924533 577633345
867421866 179338689
705534359 62104298
903413080 736651511
486167083 83676069
8404897 721257661
970745114 983436103
715243354 227361463
375146834 448678088
732116260 62615651
275172255 82901122
898868484 635925119
391098381 739052111
540653110 223233864
647565549 802255957
758595611 204665454
139758904 276095823
190025540 992288890
635083831 772534050
731349133 179542935
581934726 742676968
322148252 467535588
775479666 264622184
468358185 935771247
607286042 597216513
454456223 864914174
443460231 546810744
700212906 632312817
291740033 260823349
674270149 621606604
407587946 429050556
111856723 83867314
427352867 909253244
143293456 820180474
414292943 185750900
343059747 275161339
881760999 806429996
779585169 359773924
365717130 68580530
408016720 238858548
206031477 613071886
430928200 722929890
586927886 44413096
874209460 158075533
790561510 8618501
179398196 370462986
239868891 759633982
502162585 758499445
636324248 440166498
693835522 166659123
151406798 202311935
76524643 656134188
852629967 157070716
764253869 493800745
306503663 328616353
392670261 771151159
592140119 922786860
428732494 346628325
453817454 448506868
431984258 379684306
310584763 819604179
704212856 701558977
847727482 602183420
748709797 952998148
377639901 946765759
612574958 622273335
476338033 483785433
533023088 822014525
971515553 942620047
610902417 689870806
379460466 885909547
943984873 820092868
468872828 539815085
565115987 717443118
704709670 490976878
908501705 480678784
427016731 709781822
116795461 264384498
797536293 957960559
884276236 959304514
249015630 678239910
818649166 515685878
730752788 399391656
418431851 384580304
645795592 632390234
185320427 678506146
171769788 337422689
663188174 346935001
328147612 277873022
16741119 556247292
101529090 657543953
39091911 273480331
153928704 326311947
889825673 658220790
198116463 250217423
448529106 441321111
864791609 603378415
884351171 83300191
888962182 282397112
451771238 494643402
567337269 971256642
415044359 167026320
570014752 356922992
903597903 12560499
607030330 531177338
840463012 96608901
30261189 430718844
901787168 308230139
587665890 616764388
130985488 549994533
425529352 142778973
600733674 261153334
935870903 947221569
559706763 986957584
532311493 685314679
147697557 126325303
809961438 952297348
313127756 32885463
96129085 500322991
644175535 325230324
991609863 183698219
276918180 818577943
746920834 894446016
483807953 324436637
266801085 42439583
180296385 637363749
907285160 51844163
435776670 126261639
15473530 976023850
314485362 434553638
685478312 739234343
37855353 521673116
568728025 224785933
874711667 488954242
636992408 775724202
844754532 3958979
620472173 87661749
256724279 764013993
633466665 4063562
290541504 468258017
5292480 844566442
134976394 918372835
850037267 679139541
896712214 986145932
968800297 970208294
532970271 592443362
112798396 937576093
923121497 892048614
219647835 370845230
936993689 472912692
983724689 702917087
498253438 720858728
629102488 285259527
361048729 264174989
952270405 298131899
665725844 169133257
462293336 518562366
547949723 959892320
967331023 109712010
829121023 651806781
279661443 936051548
291175715 631706158
109321446 512521550
330566546 72042484
800933992 798061673
996820977 144765147
453046474 973661246
52842440 269273695
968079021 761779803
860453778 119910303
370528961 1224605
566267397 615398878
589203169 526172656
965774988 998965274
770126812 542288536
174411651 669097524
697554056 50049795
597525070 272838855
194013192 86677965
454737743 629225576
300710211 670925530
703822575 631771918
703856075 184569284
163703431 506518207
346902087 5113801
96108224 579414853
192308999 722748848
161174413 248012240
196932273 720688095
763931904 355185476
42481189 304418031
896920671 997316052
438954490 780105755
161405328 247689610
871406266 225727868
174696033 192091439
931027603 264966479
515759404 667815726
449858296 513908403
88481816 648552674
437618856 632410436
999977304 1870358
498554763 711104482
934698483 389724985
824926208 120805380
957197999 866968092
318170589 836660264
738547603 396476995
271216526 776080524
73151597 860523283
44041807 397769026
616086754 592468611
608380688 341436630
163057865 807808736
458879080 88789192
712404227 578305585
165784562 524954972
871807410 424216546
329275152 377029012
72238634 148784557
666572153 788034447
58797882 369970400
703594720 896053682
804580883 47026117
828673707 134166314
201734918 994382388
728161591 667137798
888559792 273725557
100448611 570260880
666190409 264869567
816894647 728432496
210977210 15118519
94933949 200376310
547454926 863982359
792559203 98242146
71053137 894764946
621306119 941510715
40716361 194984233
753503997 538571678
948307603 212468817
880394607 357505467
101909500 654582668
792549818 497814629
335434420 744904465
991697434 96669828
49475563 222860602
205072758 953220127
970964519 296401159
864219070 955426262
509991448 907287455
646284189 425654198
630030565 991324713
261717875 785489074
523716925 951160662
936495763 175170156
513650770 214551201
821442286 439963306
387637924 325113691
529149588 487386780
301289016 110200038
857182388 782065872
600990339 418418035
882759645 389645259
634528380 803335071
587585797 816930449
703483979 539034964
169003320 657760920
237349053 658727897
597563266 328827641
876506977 569473031
239508572 998940853
4979891 612884554
654952110 721892043
902718123 699347997
890824265 105056026
877264858 973315873
889549803 958662107
173082764 601810119
644848215 164360000
625062928 585090667
71147088 337893708
824409210 514868715
174083492 84195688
964499117 930936194
915341685 874584190
202570690 67503830
650942087 324883404
73679989 919308148
685287644 296393810
174411163 418147245
440341655 343084167
519669907 412751143
422306635 307884205
583676599 425483893
181510484 900544642
243718697 700202103
964374249 555931443
490911822 428633900
263815157 359316248
215027490 516046499
406972790 503086219
683019707 358776613
967881659 347315840
838675916 818144215
431297142 910741376
613272989 561827166
573312753 595547370
401108505 465164227
477324625 843707275
786739320 440957332
307255590 269042004
336107927 568369533
578161630 277006579
509525351 834417170
910003428 323177096
60367784 631590989
414385688 267008738
255802761 588266655
967010468 986570661
650299240 91388986
99282171 78497278
581905753 697307496
415936181 274166781
625979565 140790871
124802766 726005973
898425437 125439711
365590677 927643612
972991141 846655172
979984949 15522705
323654218 607998138
112585311 706653086
289647162 507883807
567747012 925854247
550667466 623627524
124977200 326288591
511591134 247698489
22666010 833309357
643956113 786724645
250249382 934128982
129062116 413802719
578122605 113268125
923503786 960248360
239553646 849225560
153491869 451458616
201622156 129217644
624523114 831763276
237397427 144882868
870274639 535910645
735379073 169120686
803654981 290084044
871376045 760280458
331486180 903129007
555004124 39594677
30668519 386758136
956954344 129522938
611264287 426349319
769281388 162396870
973399932 833296200
368431636 426907193
580352800 883825285
787799878 887614935
113711267 656255011
449791934 138881031
560820823 287750184
126279314 803141178
995575272 721433516
454184116 886952128
736352606 924651656
444217884 837018585
390284561 290071985
907246941 320481769
103305943 622593538
527216800 341977042
330994321 536043419
133369421 889050163
577494082 821427220
871344114 2799153
505242881 158446543
805813042 592641677
886871988 219677357
72446040 496722222
292733769 367188006
431728169 139150023
247989506 209799121
86104518 94556102
239169430 613404088
728928100 441972007
452620231 925887486
974014785 906195145
471327783 463305990
356059915 548155712
141925788 41961618
335803668 813532210
757349035 282162002
227258359 367684121
602761680 667524502
99195243 906198957
696719136 997651012
545644768 108204716
27901472 781569762
302172282 147773296
565172160 158887858
571417092 888549791
499607233 926665311
148376676 733455486
698898037 134608348
485144485 802404606
826296499 201194792
629482298 368915299
484757479 883707394
370409689 733357331
982139044 765362240
166171219 892084942
409544265 987311143
956718932 433172088
666800088 612755911
532357570 368797236
855636570 964696418
475029571 77533274
501600880 364512319
153358319 111328953
49862990 419172415
390324846 957464161
6858758 767149062
176222926 357899238
398724595 484649523
414578391 579165030
579108155 123293888
691481775 472104901
610251935 80650698
709257071 438525793
715629163 184597768
213035201 413188934
623888485 676544148
519753942 147603737
576849099 823378010
175091289 448553448
667655127 785270975
245084156 137237742
477305876 115554927
190915721 815568928
783365214 796217739
870482142 156032469
840150001 98582329
604036084 311223465
867278431 413995525
781226841 163002784
410787677 510352970
977994531 113432505
462710916 608564755
4283676 999244512
729475183 43085615
660379554 267858246
161536812 519433180
185275389 629024573
495470793 981648418
763404415 319454717
392956066 822603271
124006000 600456844
537615674 542354919
437148333 684424847
767834485 801248362
964851432 91633088
528039012 137012607
797810213 760647805
324130707 71633740
570584222 787384338
633695901 603958449
682460102 64616666
454174516 91200455
137708614 682485621
369585323 310327855
416791448 30715733
558803985 576572686
419997926 413939258
434131619 720183307
49207372 57372869
686941119 49154301
623750492 823959617
413107538 14117852
620098345 41024062
314015507 584230092
908590231 674170568
372593005 476268079
508375934 871241136
68923732 856646887
624987599 12799400
456924079 306278416
561047474 131314726
239095367 898785680
991244984 398068062
634489134 326586607
414917905 978254919
563302558 579087564
840021518 753284315
392453305 997130334
393314562 354379446
874049604 2828968
920432924 324688097
777988058 98342679
538249874 694130753
857046402 210036595
593219568 816583903
781727908 199744824
377999703 437470410
148277905 34250623
679332570 711239952
411742076 577259716
57342202 698061239
57437781 232698704
441698526 24409673
502158507 889226341
978726264 895348795
138369118 949497771
305996060 752304759
769159496 245984239
991419085 507539733
75747149 648728214
830038582 774847648
445041892 164843511
258545751 801028354
431901845 954610247
353679555 103357427
446541477 825755492
227866309 967307816
882945309 639225324
916184199 71075025
854100205 349797491
300382051 232279163
966785792 493838937
327379178 952120677
346929399 740832894
98381703 178059839
954782198 730975491
407149665 2435626
234498450 192962533
618002574 448216
262621005 964663005
490358853 295832294
66094197 768877598
348097058 988928675
515244765 491540293
583489756 739819394
729462086 483402787
890906337 973830808
332315522 764202886
283713890 636793129
86759546 344506299
766996007 352382922
792997727 379892655
186608757 571475556
356870809 621739138
33040158 20096325
988480290 173576277
455402144 694718473
354672936 252825524
146940486 420454554
532714869 878126940
396214202 224037420
498361643 857989738
666699844 424518590
865421530 88245810
524489346 935840380
640836940 383768057
13574935 139809834
839036362 355874384
304611095 652365562
140763227 593159520
402761574 513459021
526152844 277585074
452903987 441703894
104115302 942435461
552582112 412653338
846256700 951346697
543642023 536092694
771996665 766174828
695242123 518478128
117226759 30178745
585053762 895049094
410537725 360864226
967324897 169864409
656699384 170552134
937048849 566630108
417548401 241392205
979649128 482022626
814927579 453053127
652319423 899457837
122950735 822417704
547992402 542848144
41878279 7113848
505955525 727742071
58529266 482521333
701886024 618790756
937107696 155610653
85421156 785659464
811353692 184662039
951805469 192099807
379784586 873057906
846803306 976023176
639271583 589209286
589925944 347541026
879609590 791870143
29232873 287941539
473421588 300129175
572993895 564580885
482903336 243721347
929003723 982750784
979314111 995806961
151248627 990546964
709706375 315724585
125698292 774542368
768801618 568083436
808725605 983457929
977667116 288467881
485034948 962718222
245941236 283486033
722277219 681615071
517641740 987293700
881349237 543867774
399999684 323798609
167055286 644919420
737406537 993294221
771294078 798299272
879897948 660782055
589251760 931487077
745400385 441574689
970393553 405016631
745932946 620738558
954096278 604276896
909073144 664018360
2843684 618721921
21947954 42510757
945715495 387729447
40719712 744419499
4508439 204549551
932810929 285746314
931788901 399606382
221208601 160010092
775755169 98761935
567600741 956673507
904195315 668495210
172907332 104604030
295954095 503819073
846407193 577226415
733880441 169902731
915641782 737867003
666306400 742922307
289372780 585960415
793095149 531508775
814608574 441543742
271606989 116015202
989601574 906043233
120036497 987350505
221506344 220832359
146960069 750848647
972794332 697935351
31699600 96111983
485363795 857687005
302182900 648415722
811313782 788023731
301349189 38651310
286971786 652160317
696492913 494801208
883283089 901756593
677571614 784471923
714555776 678800580
576013639 135018590
453719540 605089404
534152221 998406632
855514490 498250711
241620243 684242302
231663574 57069278
832783382 318373597
953143701 919382460
153987053 628683590
50902951 897218401
999363265 157807181
460085253 547799522
777258665 246678602
108985339 202994722
165480892 594746299
752835087 413042146
472177777 598166670
169237044 620270361
414579677 595225404
191113973 78901538
463971996 161156528
140821040 225237572
886937630 217979447
546889348 76461130
647878734 8874429
146101270 207654072
744860459 875596665
923841749 774683675
855047187 630237378
436852059 776723408
748413198 259966663
115729663 792435504
370099797 506462046
547643567 217439049
767957361 757232548
781458096 264636573
416928398 733608089
472249311 783996627
438927608 551732403
590142415 951968486
648703910 578424645
146231365 166112094
749305882 546060836
90341080 677224822
681058020 27152931
426397839 411662699
500433979 487239586
856912263 457563330
190892560 621151568
340802487 13301980
549554013 118668754
364004512 514429246
691139987 377098230
104338625 694729147
758034863 257129013
142603192 973325160
952063282 509079742
514615309 661832904
841668947 970535679
94475295 959122265
401024202 271580988
917309751 617695611
223671126 695488224
964666745 640182761
636368468 405387363
738763905 756829063
943922866 597643856
600299416 132971430
753141690 924499447
479146101 49786782
449747184 21276586
673217452 23044547
147984675 567510306
10300954 189467604
207498223 594999724
565815792 141170120
201440520 437048458
683119437 886309613
187585139 942257374
88948022 46882120
752438887 57244006
112569217 834876171
125157172 44300758
134697381 597145787
301487326 119114768
833535446 733834787
567177339 589021780
552619705 190263226
564944884 140536161
607547890 913812338
85211305 618799133
972185658 114673037
183273612 836436884
980153129 675315532
380576953 324959752
916498364 866855312
473729487 598362725
346178886 20312758
445543544 392000566
417063293 554700018
82184061 426477644
374792538 637528595
