1000 1000
245540249 69592943
458295991 1742260
435676319 4154799
218728747 86615818
267127938 57540282
144154624 148753551
431269783 4746371
323362904 32240087
290311285 46094016
342178753 25560906
325658056 31379806
213354353 90324186
401179174 9862832
264510535 58927771
353903822 21820216
185610062 111208325
11273400 394423912
318674620 34037441
41818448 299825913
299037923 42163519
37732118 309452355
371297688 16848146
96070365 205312284
176976880 118350863
55354037 271330003
441371531 3449195
35985033 313747187
337305051 27210033
384220764 13589507
32021203 323943630
25513359 342321760
240600509 72551870
30073358 329210800
399180530 10270040
345987320 24310927
483140665 284319
174198318 120720072
60538845 261517521
364202709 18794124
186071874 110835342
468383290 1000618
225837486 81867347
66245056 251290032
363223470 19071543
403752540 9351016
194803616 103950550
115914981 179877058
120520234 174431103
241369315 72086261
318009038 34296995
406041325 8907578
480635764 375115
148996712 143914769
355022067 21479992
72593127 240532536
276375644 52795185
286713277 47773538
31093392 326429862
380003223 14612760
484641894 235928
280023239 50989728
236044660 75350052
410410305 8091791
432446261 4584526
126524886 167560022
322855315 32432080
40163682 303657034
486021419 195439
239316683 73333611
79588221 229345357
415430772 7203850
153455815 139573686
217954176 87143908
29857725 329805285
390062775 12235911
85419779 220494651
271035166 55505788
133893219 159462448
265878556 58200103
448943567 2613591
440292333 3577807
200637576 99522612
38553670 307471342
34732735 316897919
257020700 63009086
200783229 99413775
190884465 107001799
399036331 10299748
35998221 313714335
5987371 422853890
117752997 177684582
202823631 97897768
249233059 67430999
192942981 105391350
41148895 301365503
227913901 80513225
159200551 134136999
454191502 2102841
89639921 214334802
116130455 179618708
159891826 133494298
222548257 84042635
243627013 70729816
47920374 286402220
66073936 251588707
20347817 358812950
237474574 74464572
464778469 1242100
373353835 16305108
257264865 62873412
180851335 115105041
74679891 237125877
297846108 42688505
458439869 1730239
27850395 335455932
88099314 216560722
414554611 7355011
333211427 28638598
427703141 5254446
199196953 100603547
387900686 12728265
469923938 905390
335024861 28000844
49280574 283546775
384610560 13496889
464910009 1232828
89796928 214109393
450821411 2424412
110978329 185894700
157545688 135685515
413051671 7618047
459459025 1646281
241768870 71845024
180305591 115558217
118093929 177280691
342340698 25507066
352182574 22349492
184256482 112306783
215441768 88871538
57164713 267842923
412352685 7741991
299403162 42003375
492909340 50280
151483216 141480752
122997312 171565877
332252022 28979177
145873101 147021050
252552675 65523509
171789670 122802467
358244482 20515514
273561368 54213565
365126476 18534392
268854879 56635666
138494668 154581566
241477177 72021087
296786194 43158508
24129553 346548648
356527663 21026422
264305629 59037232
100988465 198686551
361163241 19662250
444595239 3079169
305525867 39370202
349891827 23064432
414765533 7318475
33588336 319832968
27527340 336385864
400438432 10012762
292626022 45031833
40427295 303040795
312848258 36346870
389842197 12285680
62325529 258254148
65114067 253272975
487647953 152597
144216056 148691325
330072738 29760991
308992956 37921750
31295681 325884345
80351545 228163332
83473999 223402657
154382341 138685133
303356967 40291922
176069028 119121115
232737947 77423386
128312132 165562968
121533828 173253376
64369411 254590160
104307613 194340820
498974260 1053
479972399 401266
82762349 224477329
130382095 163276666
26959200 338035802
190884087 107002097
32785586 321925041
45678941 291212129
391950431 11814287
361243957 19638927
214577546 89471046
280163053 50921258
217284919 87601913
222082174 84353899
288515170 46928078
172834089 121896223
497756908 5032
91201249 212104913
409541538 8250810
338021870 26963971
108819859 188586935
275433561 53267514
39317960 305649652
214772927 89335275
147982028 144917831
399639059 10175867
205547539 95898840
183920470 112580679
11578640 393020680
86319834 219164247
319033619 33897899
393946682 11376737
155651476 137475389
259196168 61806534
136515917 156664419
22028325 353224397
128104024 165794401
461184889 1508890
238079661 74091870
66662306 250563750
204474062 96683227
384379512 13551748
452203844 2289716
28213324 334418201
305349675 39444628
177812012 117645583
120061408 174966669
230238425 79014618
287613139 47350223
208660769 93648610
199360807 100480194
139741355 153281514
147182322 145712425
148538373 144367149
271688678 55169763
25419225 342605312
250837674 66504746
184673602 111967447
14592041 380087060
117703921 177742793
342892999 25323911
257712370 62625213
419438066 6532905
340011550 26287328
107991929 189629782
94573377 207375235
374450279 16019353
26451912 339525054
63991255 255262643
363710321 18933349
205132043 96201922
152396366 140595335
423933336 5820010
13386987 385074914
414365013 7387933
128783419 165039928
463954390 1300979
412125814 7782439
181685180 114415152
208769703 93570530
148796195 144112536
3173634 443754449
249370294 67351471
217308120 87586008
359624759 20109605
359898171 20029712
125979274 168173997
97280279 203660961
257511610 62736486
43481768 296061030
291533320 45531472
260665045 61002530
480996999 361245
121187106 173655411
254071970 64661737
295459715 43750867
249432113 67315665
16631810 372112578
138266327 154820700
45062247 292559308
109264389 188029357
475491870 601010
127500197 166467548
411228580 7943464
314904210 35522285
183064599 113280526
301703080 41002907
295957850 43527875
393430398 11489080
202813065 97905577
204837594 96417104
362152047 19377548
18690879 364569095
319476165 33726320
323143173 32323122
465052752 1222806
235802861 75500446
115550681 180314653
343075722 25263473
20970097 356715835
132344306 161135292
135454404 157791718
325442448 31460076
372616272 16498826
75393692 235974465
142361106 150579879
117576737 177893732
119592233 175515901
490007303 99864
179451092 116270411
246096511 69264562
285828392 48191941
310047607 37487202
431468550 4718827
47810795 286634298
366363157 18189670
493011382 48844
79239410 229887939
409642211 8232301
237647451 74357968
484930367 227146
482305027 313211
386684407 13009676
16788707 371521028
200555773 99583773
187721742 109510193
426827 479344618
461343821 1496540
45222711 292207755
44981933 292735535
27585955 336216698
150119940 142811054
492312559 59101
475789234 586506
241669521 71904960
431938334 4654051
248342425 67948540
316893721 34734388
457158075 1838812
411781721 7843993
366129011 18254675
303980024 40025904
291326227 45626524
42996375 297151075
272634268 54685703
179017804 116632775
431366115 4733012
428679855 5112703
336274207 27566021
101098332 198541116
481478679 343158
65914356 251867670
379817624 14658681
257590117 62692959
494581329 29363
361899529 19450045
477244094 518100
70008 491633215
437596666 3909460
57086537 267992103
491449410 73118
444501197 3089664
376067575 15602690
379118247 14832399
209474999 93066070
211067246 91933996
358212105 20525087
494284009 32674
268826860 56650275
395606735 11019381
219974452 85770967
404475420 9209766
493637330 40486
60226975 262093114
405550721 9001697
108245626 189309623
42611112 298021276
415335211 7220259
178893802 116736632
360017935 19994770
477951572 486370
494261452 32933
52334480 277299344
263491091 59473570
472696001 746065
406461517 8827371
321608578 32906326
354106472 21758348
340980420 25961212
486631766 178742
277893744 52039276
61905322 259016488
481941873 326203
45059347 292565668
133493794 159892369
230845962 78625934
406461920 8827294
188264180 109077018
301053512 41284081
382269587 14058080
143919881 148991526
315564227 35259809
385947287 13181781
153889815 139156905
360903880 19737292
490999396 81018
273124852 54435564
455410385 1992203
422975256 5968434
406551122 8810315
427803446 5239798
412048966 7796165
81844800 225871876
452719914 2240427
179849322 115938100
48943710 284249628
98510782 201995961
67068141 249860029
278467560 51755226
37580038 309821719
58629720 265069636
76068465 234892374
229574779 79440611
489992435 100162
184133202 112407217
342395081 25489000
412267149 7757228
51317543 279355370
187419566 109752038
234954824 76029418
362923473 19156964
467869419 1033443
172064868 122563186
413108321 7608047
188025176 109267727
265364528 58472883
267312811 57443030
497754233 5044
211574501 91575305
366989007 18016520
104979391 193473136
282921540 49581371
18281882 366031143
252780772 65393681
352485980 22255703
118834094 176406811
145227363 147670076
15758152 375461522
221272552 84896387
499401404 359
40403280 303096839
365848732 18332649
280609475 50702997
222404876 84138308
321907137 32792411
185351121 111417856
319953070 33541961
253531884 64967280
7520006 413608707
328645809 30279082
405987391 8917900
392955651 11592888
313190435 36208898
365250030 18499797
82536931 224818995
255721499 63734011
261736942 60419843
186624455 110390237
454850584 2042643
91128705 212207950
401379473 9822490
234511433 76306927
497349784 7024
406904049 8743302
132225962 161263736
118458919 176849256
187482809 109701390
489215659 116316
119253070 175913939
346935368 24005023
460604897 1554391
238302332 73955014
351181312 22660501
324029007 31989093
154663147 138416735
49140228 283839259
70567107 243899648
318769943 34000358
460506227 1562199
249050661 67536789
467650847 1047566
301246546 41200410
287642772 47336320
59613222 263231156
298335224 42472604
284564461 48793254
202870665 97863011
437909281 3870237
218642852 86674275
74296319 237747496
54449445 273097592
335320926 27897467
378843808 14900859
296228654 43406923
191827714 106261709
383895487 13667047
299001333 42179582
273363375 54314192
263366852 59540294
81129974 226965385
193343598 105079944
499951946 3
176052140 119135479
210551420 92299719
112287306 184280399
79309576 229778671
15294894 377276897
348794849 23411077
48476175 285229808
50537787 280948137
490638607 87644
143440457 149478543
122801259 171791058
155575246 137547812
485788205 202016
303506764 40227874
159945685 133444326
148504432 144400696
122757269 171841621
325511489 31434360
98810599 201592453
481703327 334881
88348371 216199126
1661379 459273856
234781816 76137623
432960788 4514638
168185244 125969296
11240385 394576859
177454312 117947283
324126986 31952265
406282082 8861576
228902654 79873556
32271438 323279905
81449751 226475433
101625773 197844452
215610460 88754831
303148091 40381326
465041201 1223615
298153084 42552930
54036863 273909575
193562203 104910294
296793920 43155072
450712463 2435192
331681493 29182753
352344227 22299495
452386239 2272234
109470363 187771554
322121003 32710944
22403011 352009744
2417020 450896253
85758925 219992265
143879824 149032167
142629134 150305757
212127337 91185458
407694063 8594248
215875614 88571594
149043208 143868943
70310011 244331243
306116685 39121209
360022754 19993365
488185684 139598
277245120 52361459
273989966 53996117
25001192 343871424
437229197 3955823
257906331 62517823
368756138 17532335
269239748 56435229
67316945 249429903
481877038 328550
378243220 15051254
460823522 1537160
65616835 252388882
473313431 712681
478398277 466853
241198734 72189406
76770836 233772514
80094020 228561300
310652142 37239383
292889521 44911823
296670041 43210194
99689755 200414107
424009005 5808369
234774642 76142112
378016293 15108286
134455351 158859106
417870159 6791435
133445848 159944044
474418253 654855
318239603 34206958
388978982 12481454
85463833 220429318
254882977 64204584
178077978 117421627
359257109 20217301
68396720 247574549
177854244 117610001
224527103 82729485
145472444 147423467
94968541 206828520
114288518 181838638
249856550 67070151
447873324 2724614
318828037 33977769
466372760 1132073
377869435 15145254
219208695 86289663
62848125 257310408
457167174 1838030
108434861 189071163
60350628 261864682
219790621 85895299
423880945 5828078
380138528 14579330
120685849 174238163
486487146 182631
370163479 17151704
123590369 170886358
421206210 6247493
148274141 144628476
378108127 15085192
190536963 107275378
131312551 162258139
38884549 306680211
324672544 31747629
143163414 149760581
429316655 5021350
468312784 1005090
61850817 259115602
179428148 116289579
441523202 3431310
115582604 180276267
89884624 213983605
92354586 210474153
454694514 2056818
236847282 74852206
32163634 323565495
44108821 294663124
413891127 7470548
293860717 44471082
6989042 416692166
56692482 268745931
424490072 5734636
489315867 114164
198602497 101051952
359494321 20147779
456183826 1923558
319063959 33886121
143314793 149606417
17890372 367446967
469446164 934411
490818308 84311
203778050 97194146
214372 485360122
361791904 19480987
188419514 108953199
346372250 24186471
412160740 7776205
38826103 306819679
23572120 348288184
371278466 16853266
136941494 156214426
125254941 168992235
221884512 84486131
403982694 9305924
124052416 170358659
332447855 28909480
194179839 104432018
82935640 224215085
413205136 7590972
209018864 93392108
242582839 71355153
66945750 250071978
275837353 53064762
103557964 195313749
422887074 5982190
190750955 107106849
113733434 182512772
2750430 447627631
458427025 1731310
203097387 97695590
319813055 33596029
182614302 113650005
260408835 61142309
347463441 23835535
350349476 22920635
22087088 353033172
314443676 35706074
73015153 239838627
356011801 21181247
79978513 228740069
175087216 119958315
488774048 126038
286469780 47888460
185345479 111422425
385597644 13263829
326566975 31042661
140543262 152450215
92575992 210162671
487362587 159730
332924070 28740376
473135893 722202
420727278 6324160
255122315 64070053
111390300 185385155
449466829 2560156
232787306 77392173
347139141 23939544
494235068 33236
376338232 15533524
355577338 21312112
340119738 26250803
304089852 39979116
111418777 185349984
422669166 6016254
266695366 57768220
263671961 59376513
496973 477712649
48384435 285422785
257428037 62782843
216519208 88127884
173313870 121481609
461891573 1454368
172472045 122209796
101927047 197447651
228635860 80045832
410495293 8076320
126851103 167193900
258177005 62368147
201909977 98574617
484250716 248102
325901411 31289342
39715715 304709507
17336107 369479633
415665208 7163676
259418347 61684511
432049924 4638731
147415440 145480427
436084888 4101968
49900187 282261262
137802956 155306947
29206369 331615450
476859103 535789
291266840 45653802
66623287 250631549
303699132 40145709
133434000 159956816
341376940 25828381
362096197 19393570
434127023 4358244
102481102 196720054
243814446 70617931
339660272 26406112
447095772 2806736
103075947 195941953
154616849 138460958
183888308 112606921
24585179 345142815
60038466 262441905
44222970 294409877
344543542 24780799
210301914 92476972
358816437 20346791
465852816 1167393
419598861 6506681
188797336 108652454
422202845 6089480
429585704 4983004
428802724 5095012
254267534 64551318
91212045 212089584
267804642 57184784
96573162 204624331
67529790 249062723
248123657 68076040
246304888 69141799
308711858 38038047
491655703 69633
337123956 27272389
26636396 338981684
293388601 44685022
431469789 4718656
162090739 131465970
476180261 567703
238695028 73714050
39392198 305473774
321846694 32815455
233649544 76848214
285040478 48566280
139099760 153949402
321790383 32836932
4817091 430762102
23512739 348474788
424995173 5657735
79876123 228898676
431288531 4743770
139560509 153469521
18945789 363666417
8951769 405810644
367011226 18010389
353734256 21872055
484464285 241417
183452970 112962563
83773444 222952254
45584897 291416890
291073834 45742522
1983753 455504858
434457030 4314496
110583912 186383817
416142371 7082261
26968168 338009612
326233704 31166049
191260207 106706547
314535767 35669280
103465613 195433949
366403549 18178469
437621176 3906378
453307139 2184998
492967623 49457
139320645 153719185
78189072 231531118
494219816 33412
44597310 293582002
390780149 12074777
193818958 104711284
156615817 136561831
454353580 2087956
69462035 245761804
427597963 5269827
407827815 8569142
378440019 15001886
372196788 16609538
203790994 97184627
384374656 13552902
308511850 38120916
479431309 423251
481495177 342546
448717566 2636841
135081787 158189091
443148380 3242622
196938240 102314736
390647154 12104566
298343411 42468996
12978535 386818321
59178445 264041621
482436080 308587
117052738 178516883
25649340 341913153
247056196 68700300
56259324 269578186
489199799 116658
319748207 33621087
457989987 1767967
21402261 355278875
212264138 91089162
378152636 15074006
253069551 65229540
79361200 229698317
204054831 96990749
377938105 15127962
73693228 238728999
361983801 19425835
160271031 133142770
385743900 13229476
129822057 163892443
83632427 223164229
225072359 82370030
259891612 61425079
437966025 3863138
494879043 26225
499775810 51
185698444 111136873
42495227 298283906
203294926 97549881
32123843 323671042
89051110 215182498
42080995 299226036
477370008 512380
448495685 2659769
434966653 4247377
309046026 37899817
362517826 19272789
476688050 543743
82339304 225119039
312614882 36441140
227005707 81103694
176101666 119093359
140802069 152182740
489090230 119038
413552308 7529903
491699439 68905
417817408 6800222
433944483 4382538
343904382 24990361
355355098 21379219
468673968 982286
440432791 3560933
432577036 4566711
278692915 51643921
257407915 62794008
46663475 289082967
327726631 30615418
265820647 58230795
462224664 1429019
44913988 292884763
12557797 388644270
461298994 1500018
43266134 296544414
40609356 302616525
241484296 72016787
461837910 1458473
101983901 197372862
381179630 14323442
190857827 107022753
330088428 29755322
127809185 166122782
13615797 384110367
284897364 48634455
181489709 114576604
20202023 359309200
426770840 5391579
14503572 380445752
19479461 361797209
462385736 1416841
153143287 139874438
389143593 12443997
195229627 103622630
329724362 29887028
85631285 220181188
24029233 346860101
397460284 10627334
223028356 83722799
276719131 52623589
485132016 221106
344513476 24790635
249788553 67109446
255410070 63908535
266721129 57754629
215805625 88619936
92942910 209647584
36887191 311515184
302584046 40623313
414511921 7362417
123745717 170708770
235517591 75678123
157812329 135435057
258290523 62305440
364757010 18638043
283528629 49289289
293594125 44591816
429833409 4947832
461201182 1507622
91514619 211660455
359101774 20262896
270357699 55855414
435472319 4181305
487987052 144332
119064018 176136175
376178928 15574215
178238550 117286571
327305457 30770212
35897976 313964221
419765113 6479623
416394400 7039451
276713204 52626547
248797679 67683688
139127525 153920448
451059784 2400910
266871736 57675219
266862480 57680097
115425116 180465717
224432095 82792223
33316442 320538426
359848736 20044145
26557061 339215102
27401949 336748409
373589184 16243548
298769400 42281478
268183595 56986282
55898241 270274887
275972458 52997025
753486826 930980775
874562752 831214046
781603940 913157622
606323059 988564639
861840852 845066946
840773253 865887400
659459713 973890915
555298690 996932646
738393332 939509521
940158516 737192918
578141305 993856190
658638215 974166549
551439317 997346958
815363395 888002485
501121974 999998741
813044503 889875799
577854235 993901526
874264699 831550803
942675415 732461775
852378082 854724805
520656373 999573132
908632096 788131584
632950608 982000140
773376931 918646693
788044296 908693630
810653205 891783851
514892354 999778168
959183140 697865721
618909371 985654776
991532575 591628203
639676051 980094366
799550869 900336454
846469618 860497994
806886215 894741499
534607194 998800904
595662980 990763277
750681956 932618257
884781321 819285663
972823336 662597948
565118094 995741499
920110147 771122600
664119072 972297501
865286019 841417814
625511846 983990471
571815235 994815695
727847516 945067982
900963940 798710426
621845556 984926448
862792820 844065938
510832809 999882636
787740930 908907272
513249966 999824407
859577570 847424770
780858099 913664995
991775356 590316107
505904841 999965131
973308899 661179049
574849324 994365834
519008024 999638564
895680401 805674696
977178652 649333633
810128019 892199709
995408579 567604288
807691494 894114126
852676136 854428473
914711370 779310722
528015694 999214503
899507748 800655216
726296936 945858381
650652511 976763904
611807962 987338670
984403402 623908612
654268929 975606031
941088755 735458510
723525851 947254059
891972497 810415143
927344707 759569839
744440114 936175458
615147411 986560452
700261167 958143498
847630724 859378463
728767953 944595573
828318831 877103096
867415688 839124921
536145668 998691779
721410621 948304959
900521380 799303565
694984565 960413965
844824620 862071790
521720310 999528005
933946015 748376440
678774871 966947047
615981228 986362369
947495243 723042613
526700661 999286565
644701037 978603813
535539647 998735334
884999985 819021960
775384401 917328925
648647202 977392929
680117832 966430666
628678073 983158311
507305993 999946619
567733253 995390963
579842804 993583961
915158844 778645176
802831240 897860830
566315981 995582677
860575125 846389346
551559723 997334490
861042075 845902616
898523340 801958850
867881931 838619085
546745797 997810034
608274424 988135892
732683180 942559078
524961013 999376559
703250220 956825292
765541329 923660008
739540080 938885577
973420156 660851968
747561844 934411249
701538618 957582982
550970758 997395196
901587261 797871905
761772558 925998976
887054481 816526189
738205709 939611237
693850693 960892513
845752565 861185774
945447888 727103894
838021520 868431068
674913859 968407025
591584611 991540699
960948370 693717836
747402434 934502054
645984076 978214020
678193501 967169215
976560961 651293259
581074567 993383131
765125427 923920402
740730893 938233541
581151571 993370471
855865961 851225593
611517118 987405306
675093176 968340025
968365366 675025380
806170340 895297005
667281431 971186717
541330446 998288866
687916090 963343871
969538504 671853406
784199165 911376755
509578170 999908250
732147981 942840055
797220773 902069412
722604523 947713330
869234615 837143588
827711029 877631409
603955568 989073859
865122370 841592820
722514526 947758066
794287640 904221207
857463535 849599515
926236455 761385700
851151553 855939021
672550500 969282777
936517146 743829410
820185517 884032856
704241840 956382811
744221647 936297819
681569054 965867662
714452182 951674951
928314577 757966321
956485765 704011632
928156077 758229304
879314239 825761735
609503185 987861714
925874605 761974847
610722673 987586392
805124274 896105008
714856761 951482637
799813412 900139873
697901558 959167696
840355762 866275791
939091042 739163243
507251143 999947418
860567960 846396804
694101402 960786985
721182273 948417664
986453833 615597008
821336894 883069968
522937636 999473587
584028201 992888690
542535335 998187459
804576921 896526038
777277759 916073364
754656739 930290535
760747617 926627097
826698580 878507645
689653196 962635564
626927437 983621159
662011063 973024751
503907260 999984733
640529060 979845374
641667764 979510421
981828105 633572741
699249157 958584532
723140513 947446434
710778398 953401000
810961116 891539505
511993682 999856130
867677763 838840762
669440707 970414547
760790072 926601146
889455707 813566982
931727031 752213740
555717780 996885830
758944428 927723956
639552715 980130232
691930833 961695305
990807767 595434458
545791514 997898721
514057286 999802353
701782800 957475356
639617443 980111413
664470111 972175372
545196106 997953122
631050638 982520186
574743719 994381812
554502590 997020590
912629809 782376770
522840264 999478049
508999582 999919000
691475858 961884180
779615550 914505903
990412506 597445235
641352434 979603471
635957667 981160589
623377495 984538949
884674287 819414609
939279962 738816069
796808830 902373605
970046915 670457905
861426781 845500625
808350313 893598887
627680626 983422856
782232908 912728222
561415295 996213826
890825847 811857591
506994906 999951068
639503906 980144415
765685171 923569817
561728479 996174963
953541781 710475302
749590014 933249148
816999756 886666723
767358821 922515397
867774493 838735770
694019960 960821283
583359013 993002307
529639947 999120700
632808184 982039403
583387412 992997504
866446176 840172309
945784472 726442497
570619157 994987812
526877710 999277066
974167567 658635173
621227612 985081298
833960225 872116336
574752047 994380553
804466354 896610941
515998181 999743992
548042948 997686522
739349828 938989361
974988137 656161037
617353023 986033196
744107148 936361891
703765314 956595769
557696540 996659953
919617404 771884597
586175712 992517762
540910812 998323494
803567607 897299267
576063729 994180441
840195328 866424806
913604111 780947752
663368368 972557696
529038036 999156080
535607439 998730498
543345606 998117615
546497326 997833304
556995170 996740929
623673119 984463579
622678148 984716486
711663272 952988586
699415867 958512063
719991014 949003289
670445974 970051241
777173797 916142627
640537464 979842913
888123187 815214834
835757881 870495135
955384353 706458448
920849714 769973180
552675399 997217560
932303273 751224760
774430129 917957060
690594999 962248360
937725978 741652577
525786046 999334637
513684064 999812711
927028669 760089438
518202934 999668543
836842909 869508937
522509093 999493083
590163231 991803407
977829152 647238926
537166523 998616736
954437039 708535314
702946236 956960419
573477662 994571565
802950029 897770385
546809856 997804015
571121701 994915855
711004497 953295822
545123594 997959698
539615031 998428178
544305211 998033179
853495128 853611643
723394361 947319750
518349655 999663176
797969532 901514829
900273935 799634405
650075313 976945909
575118422 994325017
982998425 629276917
752292584 931680960
625266153 984054119
863787976 843013568
759024704 927675347
500878563 999999228
896407169 804731613
665287620 971889820
566773603 995521226
781525098 913211349
818277386 885615748
725376617 946324299
727591133 945199142
610605553 987612973
790534978 906926807
908190333 788757081
930688983 753982282
528931890 999162243
678097653 967205764
668230334 970848759
594725494 990945089
951939735 713893608
837729492 868698779
698946566 958715885
907890933 789179851
932016988 751716749
935939338 744860967
728985908 944483356
549573773 997536371
676982008 967629520
739473952 938921663
757723886 928460498
500913736 999999165
565603271 995677527
777149299 916158943
981239727 635677283
512543063 999842646
668650053 970698586
503289975 999989175
838058081 868397521
571459570 994867184
995311714 568310365
979032864 643274265
823347091 881374695
914724626 779291039
558379416 996580148
634424095 981591281
625754177 983927563
587545211 992276178
559252879 996476682
610063081 987735705
810009442 892293443
514803649 999780803
996906536 555532823
853121020 853985233
904805661 793483179
694023869 960819637
870901149 835309316
895795639 805525468
802769651 897907700
646031726 978199471
812504231 890308987
769833390 920939356
939600786 738224996
828774018 876706311
523780282 999434178
809975155 892320536
732116588 942856511
883866539 820384893
846196548 860760239
508202477 999932714
872187802 833880577
898794781 801600269
836497875 869823174
665028847 971980380
738925681 939220353
628168455 983293748
735137731 941259841
953637643 710268611
955540864 706112884
501836340 999996627
529006109 999157936
973044229 661954183
864200137 842575918
691432931 961901973
558009692 996623474
684065083 964887131
888726457 814470573
547630194 997726194
546601712 997823543
992756452 584800230
858425269 848613434
596492449 990600863
808043515 893839044
942331817 733114915
551640046 997326156
548435640 997648459
724391938 946820163
878129334 827136373
521944583 999518203
529427046 999133297
702994320 956939061
618264522 985812209
893007429 809103802
999513030 522062023
767092188 922683999
595240475 990845446
850570868 856510962
760991040 926478225
906951478 790500420
795435178 903383261
932236764 751339172
759970257 927101235
740451991 938386633
699445383 958499224
927594831 759157597
767752399 922266092
865281687 841422449
795033323 903677270
548884387 997604578
933537595 749088646
575906718 994204583
740339448 938448343
917844064 774602145
781232552 913410512
929828937 755435089
945955559 726105372
552961866 997187128
671855668 969537676
550417577 997451573
662340522 972911783
895824778 805487716
760995560 926475459
616112653 986331010
857129028 849941219
547451758 997743237
650557876 976793798
972328984 664028445
807994880 893877079
743627474 936629882
779502287 914582285
794393984 904143764
672578960 969272311
711800820 952924290
814857018 888413514
758887526 927758400
905961350 791882480
655575955 975180094
824101694 880733623
726749194 945628548
722770629 947630703
656306901 974940156
602199837 989443759
925313192 762885314
910265060 785801645
652072015 976313029
931423772 752732128
870115142 836176711
719842346 949076099
630543841 982657544
761507938 926161469
688272102 963199326
950766094 716356022
539919839 998403858
639679877 980093253
533489753 998877175
770214524 920694795
789627996 907572844
737205721 940151616
967201525 678108773
942504738 732786504
877516904 827842930
560957089 996270322
633373760 981883222
505965310 999964413
505469496 999970083
844626884 862260004
948055825 721914347
835960257 870311633
871216333 834960347
894728288 806903207
863646677 843163363
796518272 902587772
695098413 960365734
746760743 934866802
751104907 932372901
555666575 996891570
615125780 986565570
996443290 559532006
911747098 783662347
696085598 959946125
804758594 896386426
512103496 999853483
692728888 961362737
773064828 918850330
669946666 970231996
635597987 981262076
584421587 992821464
824789665 880146910
818697593 885268535
969835887 671038706
627684213 983421908
768465462 921813105
807189025 894505897
954989710 707326707
580280453 993512967
615439424 986491253
836192505 870100796
553978842 997077745
721524079 948248906
714915790 951454541
909610312 786739240
813446154 889552959
571869189 994807861
562805515 996039783
733069391 942355805
965253087 683138103
567822107 995378806
952063010 713632944
554503617 997020478
504306484 999981453
502453419 999993980
929935877 755255052
860442277 846527581
776067894 916877101
824774991 880159447
567271727 995453847
894667198 806981763
876183193 829372441
906525850 791095745
627338103 983513192
636240567 981080562
755446927 929821902
921867640 768379757
653495421 975856234
736582043 940487158
896485729 804629392
591388380 991577220
970843582 668244825
648556069 977421296
976083189 652790042
682368496 965555293
792945339 905195049
822844276 881800436
862638685 844228389
714370647 951713654
860490336 846477586
986818712 614050610
947178297 723677380
680312711 966355364
787508690 909070596
769621869 921074871
984485724 623586339
965971166 681303261
830624902 875082889
808612956 893392988
757018502 928884004
764079582 924572696
731018697 943430221
713161775 952285371
905036685 793164260
608159398 988161391
585993116 992549676
659497557 973878179
791154097 906484060
560152327 996368509
776799856 916391450
921111151 769565202
894253544 807512833
794224150 904267423
879880784 825100891
502859219 999991824
542318145 998205956
592130398 991438693
883140129 821253235
599847377 989929077
732078830 942876299
606459182 988534996
790260971 907122301
882252306 822309128
557178507 996719859
734731355 941476149
549431178 997550558
839605019 866971975
582037819 993223880
875192450 830500568
923365168 766011154
969332723 672414602
884585263 819521791
564463394 995827057
620553919 985249165
921021613 769705026
985954100 617680128
930097838 754982057
931523494 752561822
687073245 963684807
844131021 862731085
630100753 982777168
602510492 989378788
848678910 858361574
528909700 999163529
655509149 975201961
962501137 689980783
997535853 549578977
763958479 924647997
663446188 972530785
887009763 816580863
845656023 861278166
793512637 904784302
561883220 996155688
802000959 898491431
835845333 870415863
825553721 879492786
753354637 931058497
528835007 999167849
675917865 968030880
545113263 997960634
656729655 974800816
745950351 935325653
977304827 648929856
755681934 929682148
726171970 945921786
950709662 716473556
915734568 777785472
791390077 906314930
520189613 999592213
613757528 986887281
716726798 950587943
995190499 569183594
956339722 704338097
606325413 988564127
676883920 967666632
538241984 998535405
740733813 938231937
668714762 970675396
632147560 982220926
663297250 972582276
670731310 969947677
593178813 991240988
969714969 671370498
919817453 771575599
578037333 993872629
628493437 983207446
718302668 949826572
562966151 996019418
929630104 755769376
757103136 928833274
577209725 994002690
849690097 857374923
576558936 994103966
690318255 962362370
999404509 524395417
553126608 997169552
905629146 792343968
998874376 533531432
822910343 881744561
524230484 999412538
542800820 998164721
564193216 995862108
905303531 792795231
549625157 997531249
504530055 999979478
574910909 994356506
705606378 955769697
573576539 994556865
759744226 927238735
534412730 998814358
708284803 954551912
925287964 762926125
556714190 996773087
585850617 992574534
738702432 939341722
969510967 671928624
676620710 967766100
699474689 958486475
539997038 998397669
815147619 888177766
643308101 979022742
772786951 919031358
829553165 876024881
705914785 955630443
748922333 933633107
965305334 683005317
524969386 999376140
991822466 590059213
656751568 974793582
886206276 817560564
968645614 674273602
790372764 907042575
792649334 905408889
572581023 994703946
856774181 850302988
904442668 793983210
714395429 951701892
907854553 789231159
728041225 944968762
829160614 876368556
696608472 959722860
690387898 962333697
587118902 992351801
554003902 997075023
739282265 939026192
905682987 792269249
716045899 950914814
674213214 968668065
968468224 674749887
577781270 993913022
561609007 996189812
883374300 820973746
514869189 999778858
757199782 928775316
899543900 800607172
806957252 894686262
829087268 876432689
948959230 720080916
552935824 997189901
624924331 984142449
612366546 987210179
707379452 954965672
719352568 949315536
570727203 994972385
517776295 999683903
953281438 711035395
998481440 538939105
784113818 911435703
805014840 896189282
599640338 989971226
909363270 787091820
630404685 982695160
738355536 939530019
943188521 731482040
625551178 983980269
884944998 819088308
527255592 999256580
674373364 968608503
848815165 858228950
985216712 620684474
805376082 895910909
712173176 952749978
730670801 943611295
613043634 987053525
547316252 997756137
709952256 953784144
850488533 856591907
965726863 681929901
918002294 774361225
677211307 967542674
970001233 670583823
529533184 999127028
896210072 804987833
664706413 972092996
824909289 880044673
534915332 998779429
652898536 976048356
860223907 846754577
926506081 760945517
619493050 985511494
921294365 769278773
544131827 998048573
707914640 954721345
692673241 961385979
853789272 853317351
686316103 963989557
754952105 930115593
590890013 991669610
992810095 584487929
698211878 959033823
900156500 799791219
764696611 924188288
838052697 868402462
802319357 898249929
772097770 919479205
530553100 999065635
779107471 914848188
560025823 996383823
643961827 978826683
811554079 891067840
536940956 998633498
506332583 999959896
881862504 822770859
525861638 999330727
665464352 971827879
717292032 950315636
889390096 813648454
975532847 654494373
616804828 986165231
577945960 993887059
591630388 991532167
628032352 983329822
817626367 886152160
779709663 914442401
545852210 997893135
918494496 773609862
672425273 969328802
594090285 991067223
850057863 857014695
527004161 999270242
959510187 697105017
640837615 979754902
699734417 958373387
547641500 997725112
740613251 938298144
884401744 819742551
779790665 914387721
824090319 880743306
975714435 653934324
840047036 866562427
626552796 983719329
823894082 880910256
850992291 856096070
973021536 662020450
750122657 932941862
652147815 976288822
829688382 875906332
722971705 947530578
514788210 999781260
732740327 942529027
559793253 996411892
689366607 962752945
706576714 955330716
979672219 641118965
626970009 983609984
503040654 999990754
564879356 995772799
957349764 702067299
741124063 938017335
951676327 714449284
588061201 992184137
770167283 920725134
552220684 997265522
613321582 986988931
604093147 989044595
552890239 997194753
903726645 794965754
815393301 887978176
837295845 869095533
845876409 861067181
750818742 932538967
909179861 787353164
761513662 926157957
500083413 999999993
752212604 931727694
542929322 998153664
819783848 884367390
527036053 999268516
648351739 977484828
921991903 768184328
716771581 950566400
623028405 984627704
523484691 999448164
998213143 542233448
681118337 966043075
717115572 950400742
885808478 818043736
538046096 998550393
573492526 994569356
995545623 566592308
558821792 996527941
534279049 998823562
938718729 739845527
669587231 970361744
607299810 988351052
532935624 998914065
761058065 926437201
991997041 589100570
683931372 964940050
883760274 820512171
804739242 896401304
906363676 791322094
679177803 966792582
625458355 984004340
716006503 950933687
696212882 959891840
639922011 980022739
878965113 826167814
626736687 983671181
681247456 965992875
718060631 949943953
657248095 974629367
938803225 739690904
826720026 878489134
699971569 958269976
793959330 904460025
815434611 887944591
908912467 787733547
796600322 902527327
633529327 981840138
726469357 945770827
963969478 686366100
894686493 806956955
923231137 766224350
825941116 879160109
988612503 606102883
624135637 984345273
819518271 884588188
843114171 863693092
999175477 528702668
709955047 953782853
575762019 994226786
722209919 947909312
526896628 999276047
984944220 621774806
601217171 989647918
701231455 957718146
961992812 691213602
803563159 897302666
865250587 841455719
756467056 929213989
726986454 945507743
638534146 980425114
533100284 998903168
531031554 999036113
852456281 854647106
705390388 955867073
529685550 999117990
800721550 899457819
518030555 999674793
802543821 898079434
568181838 995329422
818232358 885652909
836265252 870034701
678759053 966953103
807434299 894314787
961661236 692012768
928878144 757028281
600251207 989846604
846100823 860852075
509519831 999909364
608277334 988135246
916048293 777315376
653275602 975927084
624631483 984217919
880970530 823823185
914555273 779542350
587051858 992363660
505285012 999972067
784199585 911376464
653744324 975775874
717975086 949985401
979155085 642864987
547985223 997692091
706149556 955524270
818930556 885075707
918676791 773330833
789417688 907722211
669475833 970401894
586261067 992502820
700084793 958220553
635602281 981260866
974972565 656208394
690667349 962218521
788310375 908505970
860848733 846104307
641895917 979442956
840678135 865975966
560255663 996355976
819356635 884722419
536394139 998673707
842549230 864225239
501385956 999998079
950761964 716364626
609644981 987829865
955526672 706144248
