1000 1000
623366832 257009890
299078729 428321073
498289949 951076628
600812571 898984802
477364583 132140574
36083193 602188806
795693649 129953184
432036074 920686086
324969686 699615579
87563915 815735118
632458190 456442722
849871950 753020992
888268407 279354003
452274976 179886535
180005599 545684050
988787393 724241538
904418576 376551292
519261462 590057441
290306753 922423265
457881478 716345072
964597313 734585267
396454887 15516149
309228319 595820997
657821584 129482468
672892385 291974295
686491796 592701634
43978688 210279373
49182118 661285811
258936794 913173023
511810925 871068774
131597845 828213855
445088514 836754308
134063537 620181906
491573518 634478950
436526713 946831190
871712645 964922808
388532376 686140666
354549014 62427609
821208244 705953203
825747198 909888680
717810477 517660828
696518822 366224080
259810821 71553613
612458644 699712013
765606360 562865156
407902309 107390526
692877307 285092425
202705161 186338241
317881544 18487793
629795695 833426999
42057618 261557923
834321502 150065204
572703555 54208473
740997356 968579056
916854035 981084765
459094009 693793744
840416062 119135732
264665706 952903122
945214884 181126712
190831921 460769041
596784700 612451192
126796035 308171892
232710700 417469940
303706342 598167882
189483572 42927656
950223729 481377923
420783836 257898450
284938860 438181063
315276610 787870345
175052997 799765975
663637529 159301476
88680299 1369961
812622828 998338055
853264038 484315286
373731384 637910136
732291682 276555558
583310675 227282174
229273243 623898491
855909083 192042543
53540117 448669639
352247728 597330755
899397031 503604109
547708970 966172594
19216505 447529113
3204461 91616802
338996194 994359452
417698241 118223756
262199815 434212056
33354617 734899611
183374590 83136347
268158423 162321408
211497066 284518920
354219302 230766881
183975469 208526112
904305935 782813820
198568476 853465499
976175201 116527491
519761599 180404012
94315889 623632855
286100646 351068634
604740414 101094914
129848424 590909791
824244085 89478768
197514052 955610898
322612643 254745546
827644441 915112803
582708245 709640549
580027457 602044680
623956810 351232472
895888390 543775921
11301155 769923713
107113221 805487641
262861243 859524912
47879459 912776195
865247421 844132834
365569847 874067147
218558726 959339127
196951070 430310683
918168232 950372617
782496480 770477828
648908773 294771099
430448081 77202500
643696259 49694913
546187133 803962783
133214519 595973253
608413226 546856207
773847625 15753339
679496306 717683718
850925632 535960530
205601981 611377177
304558394 714017325
985569376 437063938
988059106 432790850
409771681 803867535
601178790 765116853
956474996 427444117
838788475 930021447
624501822 390877382
137471264 207118156
394740059 278214570
948042464 503011491
364526406 919030515
372011779 887035525
655794561 455808536
732850008 422773762
933258058 179847558
720241586 206756205
275452065 887811392
4401411 800999422
922078160 683099938
755572084 293881342
68326551 991084951
122806366 488010695
647267492 651405080
6271286 225547205
958861783 76348164
868963769 947483898
80333729 726306525
62963311 563480537
755453384 837077616
721398447 937592672
746938373 437930565
586845838 866317165
289754205 685335361
355574594 773483887
345558168 145114731
685050997 322926441
66626247 43702642
241611085 338781287
869659252 507475923
674198900 275350117
37827188 976088485
688772001 324702150
859925663 416494415
539794495 758845080
51895836 268015863
457669775 38946426
333421753 426812240
500950654 588961784
196592239 615807984
632709681 921971988
91994399 958260493
704261442 630620890
595706971 869319944
833596804 755323774
786005766 441828016
373125827 507002017
824450990 400969332
529478023 602682187
805330601 288131270
308023303 205954845
600032697 537957211
873412134 182521131
73551966 149155564
788009490 986969627
419013008 176730270
795314596 280666871
459553667 419504138
882449249 88169256
245878375 567096925
574703058 202294428
238611080 230080052
974611789 186712146
440813763 453213235
453521182 503257172
13315212 720692354
376712827 699805084
838958402 275454463
158550760 444750177
16500309 870094421
603007414 157583411
717606713 691583250
969082810 892332050
881142701 633814841
37155596 229820636
18756725 757412579
819394175 5584075
588579499 364734510
555527168 837271613
679677602 703793986
187738952 760442065
177716332 772284007
134515235 225476436
602297643 27825875
770751627 944521273
744510130 560907965
365583444 739145858
142777058 660995620
707564558 508029511
337499292 126391092
703136547 427177264
805656930 266117272
983405315 499466452
946406962 866258773
865418291 965108423
810640488 596333185
909322276 650297164
586350741 928197110
873391415 356346388
138708708 588822738
762848838 651391639
334052885 683778034
698481144 504004354
866964021 314779072
342153033 759762732
869442016 132012351
465097401 70469633
215782923 763556964
197488294 327883977
228218596 727266451
835548526 357073362
837954270 575425307
688149790 726066715
617796080 164211302
887382384 290839806
990046296 556604032
805084379 112366789
349687157 152100826
855083524 49523871
474043429 487728559
430106600 826289382
791480603 628221507
266736246 108983028
135450304 895296851
58820679 637624921
307235176 111833623
465426461 475638005
622767511 701771698
105739106 229366207
767177420 51381120
934083774 536537017
321778794 629756335
140649469 572118452
590834961 415532566
958334374 793506444
714128098 560987548
673713936 651738755
771188778 855863143
539795403 711884946
483955526 450409790
379172466 260509564
411373697 627547997
564798482 42410307
949663345 121688971
682572886 22243537
539799702 92060176
315712198 419612024
560701334 89356000
654616962 333254143
560697926 835576590
46357102 908375189
689434518 180223047
134692540 570387214
665458542 524007038
404773413 638130028
195659418 583830385
287613792 633398652
137826635 935743720
126073806 864680663
381147232 17985571
527650318 393952416
295043444 686060070
944571396 495206580
357777043 936209820
27611758 830074773
974126654 319559683
332537080 73923585
877492905 73002683
880188921 710135965
171142207 982636392
972356433 888208495
722363358 620362237
233399771 540856558
880215877 810014285
613026031 679081570
453195772 794861495
129121828 24815915
404950858 535677136
475871039 330396522
781881197 412670436
86213613 396617829
928029192 921524814
510494586 540557141
376152650 357634993
620101150 322859109
324159708 934599998
989058930 88533977
719777921 65447816
605546504 941494230
946019876 627490154
126848009 825954916
634694897 697142749
147078125 879158399
790430531 958533550
362187233 282736509
212953934 466239445
763359574 398345443
725226845 370946243
221403974 792478822
744730162 289478631
601566414 826758411
708107312 482639516
877991612 556838258
650859613 780191570
840405833 996142081
922110462 426076866
234563882 848629370
110234254 795297632
250512909 821640117
910211544 258721075
96133685 787739957
97712625 639482044
973501697 390425700
385563829 230255740
272688658 841828559
327872456 60934838
663411731 982464306
131835822 35920936
545020041 975277116
388147668 205855783
265261884 991653341
127289497 508306783
32310118 463852386
822423167 184989970
209458724 711410225
635207593 396924078
243827444 284531950
392765297 491035032
448887186 855930099
955518186 406182278
279434500 706777680
609787213 804259709
312945278 420152397
189015013 468644275
209828070 861274936
710439964 881704135
221734676 154623306
419202885 981249043
576046131 396763272
542961042 764864976
245640573 775531170
184844623 53229359
839304768 282991503
174041577 196245574
695570729 644058741
156590778 64001796
493987076 26703232
766379894 541645479
285538941 601878665
957710882 234796186
915012227 204688044
396876380 390733058
548094000 661073446
225468459 989756559
948381988 331039991
689296371 923830583
193382096 985567927
346180553 985959757
713189529 32994146
935898753 295061426
772519308 887751359
82256737 333752887
191056340 341310642
533578763 900591013
754420689 618629525
714528712 503088029
270120202 707285105
460987938 169762891
198199255 562069272
640317465 417554480
10396861 634510338
320620051 360736848
86651902 310465085
415740980 374256493
913657140 368075343
219488415 823426242
614951957 325430509
665360375 450985999
290811821 931342755
560493235 657205620
802520833 149887478
833947865 778670972
401534013 756819452
426776178 481075606
755455705 534700498
42680503 664197690
696317038 854129001
137448208 891724626
917142598 562814303
450601182 496822146
405406890 168303407
527240179 282902119
628722849 348423491
638444542 885848871
39402195 990028237
570564214 716728858
718578524 636804086
341595472 47744382
31591831 702217925
479977606 355801478
770205859 474401616
977971317 293606828
354156758 69824009
855043913 749475755
795270872 38381174
638487312 938681863
897242763 41121333
975109204 384473894
805483569 415927252
298237089 914266275
173737235 315481226
590823353 495884629
947287875 262030019
805703763 42609330
886998142 579083808
213985040 525735135
227304631 524932220
854269861 549930117
195804441 263139081
85329609 552971518
371072828 199585386
597257284 598563656
38636577 348351088
291980029 499312168
284441499 978375909
961658499 782014149
246458149 352531285
914445642 323965776
911729152 993452414
673989899 494501211
21766052 958950449
853828704 725529528
962629191 841477383
423305475 473943222
324935873 156857284
565790988 755286895
641581278 502501466
612879620 191042250
952415395 559135251
995245447 82579812
3595088 744571872
3452786 200974345
599424611 54735869
997387953 695688917
5053776 283995268
645720222 781246178
825073881 288528473
190382699 623464501
300741612 425370341
470635700 417508449
909349346 57260203
832588593 698879712
631976622 311388621
642826411 431050196
48523080 432113491
524238024 71284153
11330101 948534057
510802330 392575514
445355938 459027939
520910947 678565073
835405578 230991502
529112835 264204209
847384788 68482253
973394177 523659947
396332559 385726569
142509841 161288968
743389769 880366446
486179437 488211025
358030571 611785852
355770015 573585629
766039219 822656557
629189409 28195578
584275231 249241159
548701567 42041709
814738086 835783936
33480565 221720106
841549138 598120715
301446730 303891147
687932396 423241237
424771741 913758965
290917484 564567233
365222171 505804613
473128764 33248682
809986549 821770602
317731252 224110931
516014622 706720389
8744335 626902341
491809701 981092360
550639335 772636542
600862155 709392368
29898025 676313302
8002486 392831046
420948082 394522025
595633906 744204875
472098024 369670209
996724962 465541881
817003735 636952355
596429008 117986069
861230262 2942148
775411003 932788299
355622241 209153084
957398639 998878289
4035785 61103062
409677611 28308396
247096342 437599066
743818691 934219276
131229447 318231714
261276454 676302530
792179934 350598826
128984643 393960215
83531140 767206600
903321195 356703966
170612582 852432186
42531609 509525784
995870491 82088057
288148608 930755037
865396851 797456718
734471029 497712917
142156346 951877933
738580839 969021428
177787202 453694656
248275420 900132071
691003187 660593167
28647838 840775740
937121148 866993620
215324224 131593604
33857424 202840410
568717360 759762433
655523200 990624090
212958332 894602511
112716106 673348947
152468799 523682133
332819235 911194121
151904089 994079315
863829976 831632864
355556511 551789264
415799397 216434572
60862921 86878001
377314433 142288907
553823467 644182482
495797679 115521342
770683418 391215052
635450618 650174511
132195130 869066898
102672118 11441973
876907779 511071723
751152674 211891060
42895317 89692903
879001119 494817987
105001473 838701839
133233219 221499402
468025148 928533791
128717505 288935016
389058032 487165965
386443491 774763566
462753811 585886963
294671904 74363206
463147957 225560373
381738555 743487998
313905054 495014267
289978809 940305977
313593112 840421028
421178293 450495650
814204997 132441395
388628617 494784354
753037492 632742391
829347351 178688369
105444834 25667161
963147391 206190738
741049840 951437726
320089673 827629225
429797663 737109968
328495365 359996033
635113323 667757466
283683198 387958855
957844202 699181096
72775954 876778450
225002523 891511945
20345613 329281075
168589711 807560811
732822379 314878637
551849602 248446070
674859298 844431197
400355630 733352574
284753370 108291758
671446845 632298778
378026915 356497012
46995471 289910128
771414332 910812281
929802611 718142464
279033170 94953411
530323630 563909031
320666890 568789602
545823077 374339062
629448771 15115110
970279795 950728311
889968158 405958985
216919993 528435007
53139249 747062753
961039637 912776892
908117176 165904890
750137366 210205928
262821514 971828956
834549323 456494635
991488059 892776250
143578223 556804112
934293427 736353798
908164548 138761330
746084281 436332401
178040561 507649510
675727303 400009905
105419231 954102552
824420659 462742398
235153959 718455832
800553411 389672351
667932039 274913872
396185796 489084526
548607252 70429422
317551707 176296499
800294725 564713358
226641612 557851117
698514181 12095510
67341273 57569492
425606793 342237212
875844554 344252471
485892106 328860390
756899226 867221190
740379838 783886113
743193545 113086470
882749862 310284763
352321937 384808772
161612374 274076379
908405218 717589912
236631988 18821035
746644992 889519469
594415913 119170835
773281281 675585373
667860771 837523797
284068364 671212099
316600886 416353411
295719442 699310581
165418349 320686324
877282979 754418270
237147914 219694418
949440728 494281169
736658035 590862718
87307108 91651743
600606994 676105662
103105019 849866130
675561632 515149596
402131009 73293990
498724185 653492733
127464869 371456235
761316537 965710716
651992445 442692096
863784852 314723022
61312492 276875634
561397459 494092852
224499373 798847764
828094658 793813687
954101353 591796728
628091484 839800706
158537301 471561988
570501415 861355254
53911945 381449113
399286521 153552266
335562905 432051170
73225759 940261880
345514255 169991205
631436091 314143113
637241860 123009916
524634549 527627095
701063149 500321535
897122274 792185510
41023276 667316347
753232680 734799252
593897397 43194023
937993252 244298826
260827384 15956361
308863623 375189953
133799004 713676029
644733756 192374831
582492959 993968413
480190419 641585228
745150819 187337956
557066369 137898850
923882182 273478265
588134661 69910219
829928965 316454300
248429704 982761193
740112712 281510447
164317894 902294139
343880905 609027431
49797960 393907559
952484062 565132371
674006966 886104417
879768157 205371750
824616712 642255644
779014206 359331482
548802679 540165198
348710388 302494245
859456738 608663143
683906765 325667206
565333428 561244819
200498041 69312763
569969014 294955514
912039180 165958328
737537348 833377609
460478517 129280893
414355224 293125524
589725181 660210596
183063726 697382638
442724239 332966647
174838073 234824822
867648163 153333905
375986116 39416278
806297683 546938663
19143761 569299665
619413347 28223461
506088602 751229999
164860995 873999927
777277638 376290806
442416009 553127192
631448183 113308609
885446811 76335694
627049270 79083706
956971146 169482320
431113607 306225698
907520979 129008908
678565760 937980933
605466736 538875619
301072002 984799751
507509245 971381857
409227828 874752301
655539472 96342376
791933522 26239106
228243912 549552286
487317002 488750737
350291644 70471496
218053859 897288508
478838474 8038213
318570347 755236968
761999956 442789891
187352396 752781747
770227482 322216869
939322280 814316413
743027069 41836158
80550179 300674273
145466001 375323724
622002258 901493174
231731559 716574703
14173842 23930412
875469809 75375467
97189381 162073163
99592632 763143275
206186178 462314254
554186017 854528825
385304661 978398285
142886378 437942586
324381997 9561077
373309742 916012312
399900047 155496597
65503293 67951205
908793844 537851781
793228436 923196653
935726756 143747256
209750421 191559483
579459739 625515823
36938756 718679563
778387525 97852101
388964837 730833965
310454 873004216
182939759 579042876
382825135 485360331
731124219 651624157
494750040 844261683
48480540 56173934
886253647 815672808
155713391 787907423
935663000 332563145
578361036 728236528
818755098 944555610
864010212 91134510
458551381 139780781
594370008 14384233
348730578 677397232
591758305 905495750
840497093 513669943
943888822 105164885
12303163 660509846
263400542 32356597
267304435 948864071
314322244 912502388
516644727 751875905
562042627 806619155
978191172 468861020
416622408 335916757
987190387 927927477
125787292 358918590
876321621 620710617
210042445 319458929
850176026 252431777
877905032 402868045
481150211 896245182
545477311 171160839
239544867 680606426
24217795 201573938
734731879 387974090
749090151 565773858
511591643 26153131
821056331 461810842
922462612 533107217
950447803 252390089
841413229 327897903
322469277 575422543
128001732 961837263
330305292 586434913
320020772 478496601
730062939 982791330
282702756 826197560
437520728 518645978
795758845 335452205
82008193 295073703
227289205 746993376
285703492 856790992
671350488 548116670
518490719 75591965
236839660 118571025
137763528 585236633
459380164 848491863
579790873 838735261
229360471 167181158
646050586 90188932
322933030 212264882
758630023 136104627
813300306 337171557
390676154 860856563
847601491 294280551
353210059 693436774
716297219 118017845
972144933 412267863
193362789 453335883
554910942 22439687
334784746 448972596
200564941 901817021
65754409 824875344
579419584 723189361
736886477 805097430
513757562 586174376
503682162 991130296
752567113 437912342
314411921 19238798
26552186 182812339
176554601 851706170
71638484 924512148
935179616 667653544
308681513 429264836
668674177 628559942
18734300 491367757
26365408 144511001
635565135 971271628
687725703 196803761
659603850 449115629
598169157 911156023
373649569 211253345
615277891 391137198
362593187 106271905
77778380 522475688
426917646 489382861
375654541 287715886
432862153 666758895
619713054 78085837
706669496 46356680
455985216 906023007
451981380 893411108
647733424 956309066
130139786 575049821
153080452 512852379
120660179 160174362
21015476 956213634
571118738 446369249
405111903 878448126
269530310 494709767
894153059 529240651
526985508 838956204
466141096 795693896
284634265 888431150
75300392 23236008
295250807 168808736
715431983 951542421
40056022 31776985
547630159 739633771
659613094 716080992
497239110 404624223
545498498 344996597
26735440 445172852
83947799 913800866
894506039 446346706
353789019 934683322
533405983 441803748
535852649 82772680
137887982 884991845
616857123 225423286
502196571 494997357
145372218 623321290
595531122 691515383
858790003 66877438
714059168 437488618
248745875 639189962
113368492 907368243
226807117 544539024
650975599 958667219
154936167 509523262
96021572 943976529
93860148 288701163
409594176 394166778
93546531 258527661
717603736 164995361
612815843 129655378
863773796 502525764
440941137 474324052
658240393 714539740
184568951 786259173
431510152 142987058
676224179 387271237
763947302 744828166
52548417 858607127
840695079 623580340
112880475 446427473
800893586 917268366
650260007 744888784
796240899 406995501
455262222 72731348
140708746 741015826
502019371 381107587
736628457 271097560
450093256 944886150
518187749 139554486
228379480 796501615
717402348 985312871
250926072 984204973
213064102 257489776
30469082 87057497
535112670 216709582
922668130 745754521
838685414 326117907
853875582 370076371
892901293 595256564
368478545 614094427
854700617 203239350
916880693 827381646
493205571 374667548
491854872 749438205
652569365 902298586
36748199 817793846
120342170 185527456
454219829 102302603
514835482 188256303
376430951 604674177
274858549 887665990
293132327 28527848
710074551 290096183
284110878 528836697
461376251 332014180
11213504 598171282
987957425 753289097
545722655 477855146
71611707 211317518
508149083 49864158
836009681 501965880
186723302 501285518
767205221 606503715
615838983 973982225
559265177 469019212
891327982 711003719
254017011 529965185
319382479 55066069
799587404 826517040
68985969 75471540
137539723 619025606
674551789 654546584
102427085 87996075
646930289 16157852
767051543 554436383
586642912 906565960
186253724 391179323
406755111 870616675
47791556 449041444
414724183 699429115
177585870 644989963
480494906 109469616
461378990 709039342
280912591 953070473
127221088 146852694
150877829 486112245
160700787 294382863
597917701 189169482
614071682 729529425
662596779 307277519
811362319 515757442
448044502 892555954
52693423 201538151
862165863 420964213
372910768 31950314
91774588 674748742
920615877 976673321
581817320 393710437
656650224 418253872
450988079 184157360
906572015 157873139
584454093 788624757
312425516 195017529
409397572 998067157
668520982 683400404
635223786 432061721
624868824 210636688
232365214 922197457
817566271 184888653
249561673 579547103
478001574 151274829
880946210 800007968
330295568 790206459
481967815 803971507
276467268 950136494
401635221 272451411
123155569 474376467
190507677 278731351
911421216 335256438
880156479 754981867
572942230 716644184
649131798 645303819
280323282 85632872
642046485 446636892
737318395 781813126
427317899 54079799
885852483 117745913
20326362 639524114
239363797 234571604
734601434 168918033
868857378 948164280
596589980 621465143
153007184 261201443
325372745 40110069
467767565 742377677
380336075 942271318
564507484 580370807
508259560 184417011
788034110 124538213
711183857 946598676
703501520 821664441
753421928 111058767
780868740 659312693
743891383 515678664
354364342 8273488
244660007 776198832
381448428 754456114
55023410 35695914
572589325 125745414
924071171 741709706
709876669 409357755
665595097 549492270
351498383 113375227
956490186 328512576
84659397 731083799
389763759 430731387
705184002 915529278
560045965 201592206
198408244 156875939
268799855 653865817
400641812 851264040
312221861 987304377
901165193 113369685
946907745 836940504
635493759 694307693
579111323 473795805
729650625 115641015
709776236 450793286
782049200 411959595
364062327 953041676
884917343 652416470
931660625 330824770
512957672 334529158
327812949 472642882
477954741 398114154
593893989 775321088
596118048 736723892
466594291 326702354
676672473 630115515
244115845 953567713
452869883 497278910
868601122 320236238
5253713 353936690
921761467 996289736
834438115 512657329
940226841 716624945
999724946 921471323
150551148 496751303
338898607 287912035
740239278 473704448
208156046 776424827
164177876 827707517
982772858 154640534
581548825 367447647
800562925 515988164
846048618 766982113
250707267 340940589
608524608 513261571
535916035 542337660
792835282 519125630
109447951 415247049
244956201 670531345
924050735 614485382
782338542 992637101
969180410 762279463
728761475 605201904
998918954 791845963
967353724 403746698
179080093 523802973
291223616 351486878
182902142 810309041
557600322 479842491
260980015 677923275
534486279 179295590
883271945 119119501
203511403 444341943
329252622 86214048
292500732 848473418
499265568 336670228
574872097 995587933
311583322 988886981
673510717 971479216
497050681 242657508
555753035 95987363
751744596 493896973
222259668 616414514
496351397 468231346
544806602 807157002
836901351 150347489
354122385 994518770
869993857 222314512
651669137 860893546
498580825 954493064
788924356 362982112
577840859 258152750
145319964 311908039
471876315 174353596
43879107 13561325
897716874 647050219
30352065 744533223
733498186 283355534
88519740 923794275
923390270 728821927
465594466 409637662
818112054 358868535
528518308 199804877
522096093 590763688
615708087 667525611
858553000 21367929
414508571 674985961
765092214 531470127
486230692 699948906
651861775 758136467
795262644 472318444
253789843 25005092
279964352 725668136
922483755 323671606
212265559 858968704
856243628 753845309
399907940 424477771
447177116 525929123
409509463 823174076
800607499 653368845
415800048 499286453
859346674 64566326
522098707 255987713
566141755 74625590
751651513 851465629
701697596 166751534
257253479 466447600
136011417 957384599
573245792 79990536
531072606 229824401
852659373 245701292
599249737 905394414
826338103 760887602
619463140 869339999
35879607 424460717
540891025 578004273
10736865 208188204
927091205 996697494
141936723 253620716
689423362 514198032
622009664 285313106
291619069 868335090
434832850 728477253
334193753 250056575
799099940 963646805
276443127 303229697
576781021 728371482
745862949 900705437
494630096 867340684
694176524 83652000
288652043 422138380
760004453 103040646
18277608 408582538
709871411 380070594
784907077 202515488
867655459 898197295
2574233 885901599
702818553 951245094
92397053 685390261
503271324 158401553
313854893 446603441
886092544 833781242
105587398 368650435
682017419 354081097
494517419 710049841
255953181 846132006
904706711 703877075
129279951 475068055
137162913 696791650
680896588 324686459
518105336 510291111
221519085 425442455
68180626 121293223
942492997 697624521
923667594 978186443
155057784 412578743
573607115 397444839
984420388 875190105
821862138 88416724
37131738 297810215
624617468 257227155
993334477 269319624
725568456 857577476
978851662 505367651
52563330 875256262
656924910 884060257
413868982 389851827
717713239 692334835
753815885 64392485
866552386 646408654
626771089 48532677
3932784 492035197
66945123 300516836
146736234 46477483
34381753 431561541
865131412 89970024
339054052 675642875
160636661 496697030
245808285 721165157
613542404 710392696
298081021 144856730
241915436 466068826
177844628 931846624
21580872 346843697
546847500 783563983
610353608 945640249
860169231 853497847
664278512 130562756
854510583 147720769
888928864 649786933
570364868 607368408
747276871 942799163
51310118 278340361
250266758 260719144
881978547 579748208
428412936 697152742
649065870 795200855
730895137 460282451
220922591 301987846
716491279 352498168
555226906 639211208
691304946 122868655
14302472 381678471
437869142 617048296
738342477 926578936
497803051 547787978
385409436 853201022
825743867 789771142
762030511 539455352
613981766 10037417
177361138 822719082
74726355 238715335
174588475 482802922
655538111 401807188
780549438 563997993
448968860 643120683
278553841 241983674
102646814 334030241
854816158 281172579
132007208 646053018
731478061 191179205
474314875 216099044
590595979 28716785
161959304 58811672
618489560 446374550
287315536 703074009
640188798 983217653
870033452 307090523
588396534 854706852
192484701 411015372
157178263 700590664
150452348 204438014
645937627 972933378
264951204 306785977
777569007 88404062
837258925 57071156
171402106 771086057
195768769 667010464
549434229 325217634
710326249 769019654
54360741 806519751
143685541 172103739
322898039 439315677
925060190 310672343
40058818 539778768
384896514 948826245
554343179 567473652
527130878 776993444
702642058 64235977
752075696 483338462
684939436 345165689
741901131 893884959
148884865 204777105
503081209 308023364
995027276 921984688
356278584 384361875
691378936 807117233
381982889 415762942
724044921 858430607
180717701 967967859
921441969 420573521
983311031 616148325
965914767 371257666
812730474 280519399
457253491 181449415
789021016 129573897
657381055 905630076
166056098 376237981
748618470 760038539
406046814 801048499
947497359 324578005
220585019 321752638
882673774 347986162
715858687 228858527
288642020 676562423
718817656 820329562
140182288 863493670
416418041 919075950
767300942 586202715
278336769 957091883
298787577 791348774
14113200 798441183
576474016 312800868
358394355 258424501
36087907 847037998
873992291 619895207
714937650 806385456
865324653 792745021
694608730 869211266
588495013 523048476
868953693 382453844
340521832 78353566
509509021 689597112
769482904 76256160
123690223 674643789
159196754 821148624
825005478 33607630
245587086 23867187
843975823 339844063
183570186 504846243
468496027 282282966
369439755 655312684
487018596 940704907
661586253 648861361
323633055 523516673
959476654 741311837
987943499 82661611
943405723 556400435
739968414 770649321
793075781 970113201
581809655 820577257
78383793 909540365
146319022 340593692
621722080 494359910
951620887 60493187
80748443 74480727
739525917 503274474
259595193 259688899
825011973 854153012
674339154 413691495
415693611 465893912
47892007 769375208
177964805 888842730
172804280 803732682
875334797 298294093
654181222 114767407
621924273 398032097
346436750 18084100
565825759 273769645
402650077 881905505
118518071 510650097
214854130 547959793
440918079 149114370
535420290 662366578
815148601 390308744
902565995 532520173
153346962 214533262
369716488 317323778
950150012 143657169
388532825 343139258
925545783 176374806
744208196 643786744
626432389 674578812
862175875 403864706
381232676 188706446
883156453 1850946
761919286 135081753
83780736 312425878
664029509 461266969
294529387 355893788
411818752 458694791
781239981 749182660
262586792 722529606
472380946 691409488
26052178 106160583
408338748 861066288
72929655 523687616
365910285 243831634
87730974 284820445
318953382 856945311
13126316 948702389
265036428 924301906
481831614 199999236
760887253 530157303
691347270 392969666
616323988 263940276
913045836 456324456
830314578 91882681
484641509 440170181
637162484 334984251
352763729 974711884
750724667 576186620
216721059 478614999
243847510 236773143
539562569 610530336
136639393 160549541
3235877 303710441
350957121 322871102
430249623 820910694
914303608 955141465
540659212 322324158
287933488 510567748
711413244 730133677
37954822 509637061
293644412 360545174
357749378 326106701
630887799 54417696
863298146 398864642
85414441 402056253
948260838 23517253
178706277 449036337
450439349 305267325
958178120 94237557
699898454 704265916
577077467 707000835
439445934 667110949
80751227 212904673
400940649 374086314
894852867 952747079
337526236 33319745
990676448 950374518
379991872 410836610
481280711 176173930
529508692 172750840
863793274 986899725
162032041 54326413
636294394 422481621
109325765 78349579
538762242 903871805
743836462 916773068
14262009 997490955
23023871 233773434
403615678 132834624
367881408 605285200
94404334 623379864
621482532 346920727
645930957 736431117
768082132 925329296
833967709 785395306
589584981 827438830
444462789 291303638
730074197 3286236
952928289 729642544
198582137 496214088
496185634 187128913
502105622 769935907
382823857 51776432
746222361 583356683
168172739 671424205
306104378 207332614
310198451 926134863
316839463 585913329
710812621 534399010
242267296 919194590
228657654 392335292
210411598 298849144
281363343 841921749
254249691 957023991
910854505 224859620
114663415 445218004
410987184 972287770
857311653 14031006
149479395 179339051
610194223 751598287
166442209 769391114
969604894 303625547
25848819 355785917
996312343 185006234
957919879 14469260
8296008 629471068
117261099 656196936
993996826 175473995
193319084 102046997
293507951 145036487
249551715 575923944
246972552 225964277
106051762 625535817
826786647 117596168
702948102 329115126
525415706 135503251
997942687 392790444
299214535 785079731
689903239 808894868
7087439 961770741
899444393 855885561
699925561 291365239
31488408 534590880
107097546 127112977
342012960 774072867
293925175 733258877
54814982 647842228
380694035 2374964
706872964 57727703
149276402 265145490
421620906 102446452
467354882 660068685
73732168 390510298
45207221 245927731
49750875 731764542
301531341 891334767
926023272 648043599
470933298 97266519
334610648 899336904
283842052 656282265
441328989 419104881
274016473 839308851
159464979 879733335
804048442 541054573
158586982 73261564
815735832 887743039
909257846 258400822
593110236 529188605
131692804 684876977
680849502 224411264
320254874 118508337
757132543 415670370
58633376 587941086
219199005 137982450
744384647 238440495
877585955 814546074
503622410 699766388
896721787 203406902
709083847 547093703
871816556 864523910
837870645 69427316
930858625 613879361
802541250 660813800
192257350 511826003
794484104 970081951
595672854 920503853
48168181 510647104
131627811 649251739
685240786 141366851
518948625 595194736
50341974 585781496
903732980 68614792
466144231 750930506
724948869 577739944
966672950 24128197
514078597 990709948
8654674 931638607
280411424 314183305
496893776 327894232
358513889 967559695
475822725 693775313
546906732 598734744
416862241 373039464
168037190 121336131
60203951 747958928
653608580 189435853
669091988 17523013
990661717 167405563
92870280 368871653
785149718 578245607
317033314 122043981
253357980 307371680
922189893 323656988
235680209 603350618
760960594 149988924
364829772 212149148
891038694 755581739
814510553 185053911
240526277 46917311
809490023 660400901
852778147 728648470
175410151 484998595
335404919 578889943
923291592 121339081
840173263 62450289
483793764 213169933
971605967 21696631
109908642 816320755
239199438 97769299
280990399 102863279
28375471 911655273
585325556 438630034
506126106 66378684
253675088 46846521
987448387 195497852
561353182 24507189
446970285 147411262
156881165 895698399
768941048 404539519
836382334 314617910
44795964 429169334
378264880 988182051
182809360 978591514
549473372 546149837
941968299 107126795
957988176 851864583
608703849 479077274
416644536 269222248
70095958 101598563
561650592 505224680
729765722 940516448
73456987 131469283
466095568 661679689
17652107 388109176
438289360 374134991
893338536 214444940
476993237 481247279
422326818 556671203
972100390 706948615
594540886 183024070
436189743 289976002
775619853 861517854
791752551 845570351
727313766 317401835
208706563 739942935
379280784 197814381
516064847 456073325
675312323 757885751
550221470 279538269
2048994 34306584
104410797 14621215
489829375 509322362
628749792 684215686
346194246 168403032
246707196 35420730
587291294 848181937
498099572 36897375
484475517 602789470
744861108 262542357
686986366 118407066
151691830 693336044
820095473 962768145
61759825 10000019
331751777 941863204
396633120 109251074
474694316 897786961
942064222 281236691
791642355 820864480
537685388 23132080
657890098 627218983
519506475 246197441
98523867 390645831
190795683 324415211
524727488 980755726
736703704 992562333
33864409 838320155
122618794 48569876
2924611 493667155
107710595 509008724
306151378 263567215
184203050 635021166
476363843 888274874
7698613 432259029
884401507 715570620
841688204 546903826
352105027 26256707
11020134 917612510
969248690 467448393
697239392 377791767
964089167 557483773
81404669 649785091
474923716 510615229
729112559 864580389
540748039 8560499
393076597 950470240
320172631 410153353
354444731 512844316
392274785 710242479
383845344 596966679
214760327 424772555
212630039 627194357
908383356 594671120
909536884 583422624
868601233 159289101
795060863 124255057
874669048 777328405
586130818 112940519
215857710 379186551
324013015 970212430
237806513 864688482
531346925 385331624
741332498 1372998
148087243 982529687
853513525 721782392
892247513 769342964
173027329 512821628
745495530 832214583
120054406 168816648
947103278 939179120
88002723 100871619
562133344 140657041
472008759 515656270
149859440 533923340
194569389 474940692
322042120 882690022
116252190 75958210
45133087 929295451
981905886 957003733
189218585 969106152
320645897 146342534
721505997 729690656
699453511 36044459
744341939 441381362
228903713 553333995
452010811 875886904
775104637 803526803
600884848 601372574
549263534 511237711
611781123 530730592
152347836 993226034
223035971 504614180
800454100 160888044
123198797 299680214
277953233 302640436
288850850 67582457
737642982 785977717
193636967 178783053
412541179 277207814
650319739 645433141
158126288 81968496
982539705 723010171
656454344 3657115
457288347 109759631
771106313 540003237
457245196 808419862
185900394 112672050
73683083 20393701
538528794 685113277
707621858 801545687
546275539 82522518
726046844 727969920
548895960 278850550
263013203 908822608
404463802 826852701
692000268 941948438
597598416 200383207
497477929 430296859
231827728 605414054
924344001 505880660
104486661 67621711
256309392 399844632
399346742 576509422
622430082 911856815
343153461 391132619
248988589 797011059
331473572 921574385
556776221 140604374
274989046 247334455
423847429 370638617
25906376 694108124
963406628 348258279
995015148 741939946
183873792 526198797
15074254 538975373
594022730 829652959
473754954 831390238
359685792 317863040
521142767 402304468
970979697 658038221
208398057 38927344
585473914 934953224
253632232 378870685
383646214 289338675
382123676 849074769
386551741 338195357
992069356 614745094
276978856 221045032
722344595 435098163
716463391 797584034
823165115 863577328
196674510 778479865
206485266 928109870
746898887 197064111
581722270 997246370
568627719 865533418
506099938 366176775
107969120 456321400
985287576 543512224
235673274 636041354
447917186 109576483
968991621 880479476
539677711 291662002
122967703 972463702
452292113 408060120
617137227 873840446
843241049 417016259
906371549 773679666
503533037 823629637
777431450 929102338
768658666 812076468
446114352 533043786
241963751 524517243
178108273 602373313
678273017 36630747
321633246 42718074
453063984 249717999
642878471 541979935
269170728 199195048
76826908 191731098
752169298 96888490
936883977 55659120
51867222 773662267
498035327 452398138
740096504 852573637
106722711 222015127
251291383 203959277
89668199 597149538
306786106 757086315
980721488 668832070
644388266 154928776
439436629 901818819
929822540 88979830
481259978 584068669
633866892 800691497
429549597 682999350
406863288 670001231
210584915 858831031
76260409 551088709
566949605 915128486
133419678 348449451
881713326 182431402
405182031 801980005
70833037 902924509
618204597 115883142
875434038 791596641
202427024 528382985
676265578 712624287
490913632 495169147
399428862 429632102
662958751 302193107
387842728 636686648
763892568 778702149
594367473 262884603
548755661 361960822
613168858 45713122
421127540 607270039
521297860 349709471
255379362 317592908
222271063 553285694
397218563 655856735
989005111 708578063
8117083 334676866
933040199 43685799
40426809 663554333
824976336 652462543
520112274 606116326
29925369 170317362
197749075 354327042
922187373 888517652
93651517 261589205
750997727 687584950
307077680 113466898
951881618 745609789
279320887 45867901
435280876 508455979
558622468 89840607
537672152 895487972
206986419 481825337
556962321 192202903
887642326 296765264
917722947 110318700
492899137 342432997
755501954 828322807
942732773 793163547
183614472 889976762
824964897 251578822
626563314 463582233
854724027 433629335
897100654 136311367
149121418 415463670
779118877 903876794
909709001 423740806
192467111 151788035
467023821 486436603
845989277 154619610
600777480 596210984
704864566 161222266
755324050 872446339
519004706 260411995
867832435 751929003
98106660 799468485
808066245 628631929
115691365 527032383
138091284 854140077
588958079 754546211
321811479 119069431
7213356 550989162
972621995 716844040
8492965 952181033
458504312 181981606
602266058 557970409
853088672 967930617
625619614 988275706
376189227 263167367
739727838 284252862
368180362 995353217
648317718 967398967
476424912 353029534
288285399 676593217
371003399 195762784
932211464 19273854
810197235 314059934
953550669 59746004
484757312 674711081
938834069 567930759
566007494 886047767
257879955 617995869
995718792 632750776
419680697 877669643
458758036 895950483
289956644 282021427
106001335 78892892
637787340 177213093
601534399 875757624
