100 100
924192318 794279265
323785600 672288469
568116111 636851234
406521111 525772777
433630127 232247303
281505006 883866435
606761136 603761169
589841633 293969189
697204633 557222536
635727757 527026392
92341287 641237540
405664729 259382028
436174957 252320601
164486871 160507048
502093456 919800703
821228251 987176324
495011219 57740865
696091521 61682171
678487654 405759457
939660802 223798107
728573276 194734502
807582136 650654615
142148360 122998197
5701814 868047787
232976032 796229509
852432434 91488881
752496642 95948963
432501089 454795234
279524614 581140155
758360196 693407187
453421719 39795775
979076788 823337630
598090218 664752577
67267534 27169149
980053807 426159335
760501669 362127467
168160520 404327768
107977582 643604509
501422749 868192594
419691936 520893595
820838966 842901315
866606521 105478829
274155139 463310261
267240537 921452612
935696979 758290725
600303055 514433737
56674821 45020687
628860421 414044761
326506874 330830903
832542082 598765054
116363584 678963648
22106503 272568738
668993878 514724893
237724647 318275294
130724764 966381609
745359993 317894816
919619565 525812520
834579057 613703844
533560432 577054853
121460680 344848221
650018195 870094577
979493483 506286603
565198394 291725502
727010618 864024700
443328433 280635889
400199275 153188258
507392224 776620447
631230110 114229502
594281399 681301898
630833748 203103210
844444984 8650470
749729257 136166585
324827438 34627793
413050561 968216749
576186189 716195083
466165199 858218745
594149189 411778897
287928701 257043923
631897250 242540683
373184570 853237487
848891794 739561083
99778480 482387062
677366766 581054442
996796683 876035038
628526202 466505533
3516878 765875630
702595727 271594060
439426533 38635764
80208470 380766437
663396792 504878119
148231971 166238209
648899379 537299672
748633992 198474090
847409299 201513075
321085576 430395502
458842514 143701967
790870478 166520739
996891994 175508347
910888560 574890039
900810318 78515359
297076647 682877936
318993959 288873144
422435094 252568684
62826199 375686852
461540294 568452681
210453989 116549481
389227602 614231690
53415745 444170803
803518219 245795077
138549725 779774917
322915414 609014927
945316799 326896085
336408598 791899131
438220433 506718884
857626562 237877212
245735539 548292575
467625495 142108262
554607419 900073815
284905713 686110166
126897836 321494712
231372558 255103360
788225544 185076639
245038573 297423719
316086155 872201267
325169729 867536037
48168138 881106724
964199774 72715111
263026989 658028643
943809708 573934047
752380932 877341202
419231169 611029743
501946444 747120503
209540343 971414729
964460546 696306410
134770216 675166392
940750970 521656426
118780200 184073157
144995939 787170607
614567536 854145286
806418878 175319775
619344502 998559594
805301289 289971909
365936577 787207589
943702171 294049531
815546456 475633507
421667178 349722980
452991957 846797220
272551297 262214356
556877893 353768036
968350498 593898544
398166372 899326241
786622684 306401367
812454797 671762624
341912151 318598132
91249221 175278126
186659727 188792828
635901099 155202287
362038709 924379736
327049909 75800371
698860184 423794447
623764154 435073727
584644906 763270618
327717277 223046083
21440085 146796730
247725706 44724575
141201955 824680933
3665091 823571784
273079708 280293427
345497047 729564533
620755717 431659405
913597487 578951876
981163229 79145905
530403136 573021904
458080764 32126922
958074749 966105515
323396669 172578200
100990947 550452746
831790948 398765017
390519626 770279927
907792072 356530101
613089221 867354474
356983046 827831591
736480301 561899065
425139351 949087407
924941217 173344874
481861728 778540038
446370522 605277599
139187072 135285048
789528799 768180860
983281555 683973295
575129313 891344502
618534520 451172893
642124812 265627800
579934677 507934882
822897027 666315597
61635029 954182660
297985379 682586052
37639801 414509396
698971054 426265629
789454382 561679300
