1000 1000
1000000000 1
1 1000000000
1000000000 1000000000
821443705 390059696
744832805 331274948
680491855 737983696
659838385 698337791
972318851 661522632
975384945 964108578
932649907 991070099
681170694 823000247
829218947 864178189
552445720 647410712
755101060 566277750
814411263 570636210
457344099 736761367
807639240 194856599
742409250 502509476
337657402 664324916
540856575 516480513
728304014 904741132
904618162 880246884
419879424 641252227
964354054 704005408
303615815 827974098
900701935 170176932
988705742 704900730
647899672 951477013
780522819 716659116
719008710 812680937
869539657 634091716
354316951 814475695
751130460 380099364
668248192 703621324
662306513 513193750
912715886 703480445
823253435 821807584
696319869 478496940
931590782 147333254
782595942 788100835
626113112 445328491
753435823 366138291
640041435 931611376
624661130 463340786
556028169 608887495
820266524 765407034
901789290 215819176
81873933 979526090
958211125 134728242
734233186 873620766
616731772 866183774
812085435 977652715
255750423 780207159
152412997 908893385
657398905 462602230
713622419 936160233
687259103 519977928
655188970 916048774
849117360 700172193
389767225 950998978
833262712 422641994
980247086 430934072
401679035 677929056
404667957 974441219
196895584 969011596
669931113 584070195
806370318 454304518
550946295 991296320
401496624 994985497
580048817 552064228
931148491 70302456
914606138 752971879
996038773 943783348
197389178 890303783
921901791 686301366
600165081 886313249
785202222 741139858
695649219 684178959
781059871 562003122
362160236 906158873
918761046 250144997
621899304 904424035
643061275 934954318
994663940 542679953
417250380 851077707
940939558 103070825
796467774 323577401
779756143 663412731
935047266 664823322
918614574 971398807
450379319 953846619
577934185 732218282
807161594 376948910
913567027 145863988
267153841 896646445
469823409 717840470
542444276 957599809
643498711 380746714
548720239 802904029
811936074 348146358
520406327 535409063
992219539 359521742
837018775 688209968
309387820 735611937
364600550 637166617
744447927 483319120
984100917 884204412
911734579 704757047
868621302 943456121
684555620 662272187
849305788 711473648
904294807 505956441
828347571 791434139
341938214 704903825
53703616 991965302
424110518 643532985
550561158 476331662
698198965 838992964
524391611 552537763
967103191 115206116
26507520 980841829
857971527 901114713
843518307 641556333
488350091 735518167
282639345 918796406
967970605 130091125
857375532 381413028
699543867 429699902
953367302 852986353
620072444 485592007
423505875 637856929
818508259 445982462
512902144 701623041
840977508 530997764
286094903 993950766
878423175 716702626
889505525 963307178
952153201 422901720
242986671 798793263
889202871 530529657
864073433 890816640
535383812 649991501
247066229 912536540
955421703 185763998
906526245 413688292
804113619 637041147
786145231 498323065
613341197 562938945
587489455 652319451
861997499 891409401
334092591 899166355
188904669 923061405
567871258 932434298
318336204 715682839
517943468 773023098
708842694 830280419
647173127 426943008
456575796 618321326
689979454 563588754
876145909 528840184
775988405 995340572
657822034 751526386
614862298 503899896
449447949 667141197
624971679 901846111
335713701 771552455
928091241 289770153
781344352 534492739
980441789 755064958
78233462 973313242
837083485 838673201
184351906 826369696
859511443 892700073
476640883 546725669
620196961 847057849
884593957 329381247
753051537 265585279
282745224 952018713
848363526 944895845
908355730 528484854
436362730 880209937
601865571 565595315
585608935 727090083
952091217 935442510
831631860 650460799
999317578 438460727
854231160 296337020
592187127 426669997
992090780 23732728
990332753 360682015
49728604 967794476
812181477 407209490
255782365 781050163
955082674 781223488
877611645 933222729
845031928 555341744
451920953 762515006
405751434 650744154
532549919 558003551
693610256 729020888
885340812 374280487
971622486 557541222
809052133 365655934
642774328 831747944
985082751 688223900
863013166 540360295
944041198 171879636
884170404 272968452
136614650 886922175
282186106 934991658
912801148 147363064
833455444 293814133
943512345 440493057
968583038 582184149
965320232 490387565
272650423 780593988
944067681 215393065
754358606 956963637
928220893 220248730
986468228 684541363
576599528 772078133
905414846 663596929
790844058 832215826
892841559 757877695
804973304 718912090
807365220 713635511
775462707 507911922
735456538 592275352
686108117 789135620
672106775 691044178
169585500 956339171
822783356 282276012
682173076 755526179
997535586 386960092
192749308 839625359
941209646 774808174
826064925 799570116
307231090 726708932
818020180 324698783
147529682 986521774
611004473 975487488
650905807 595106840
342985744 664832883
447122365 886243884
997364203 696807618
768323871 316451887
439572838 956195807
747493149 728995265
149228610 927716191
471748849 908621777
295723995 903267297
970104212 701647821
735273984 267095628
536505562 902514788
906635166 457184791
833150917 523614656
348705878 891887502
551450295 660285893
383674345 661508402
409961787 888501517
696193240 345913531
647654734 497079461
407489407 815442113
943415745 942418105
780446513 934980952
544143003 935432679
606879715 982450331
833812909 503899029
317457329 689694038
337955012 733115553
569082512 729940520
320035753 986530071
433991346 978573275
928073030 906028794
894113657 464903437
903574797 325114446
329605644 890124959
982853883 181444394
852351273 463911169
689247495 429759905
936830263 864775208
580793769 888380254
996511865 14388500
798815464 626478660
896191848 121434191
946527647 163748966
926115399 904723001
940456818 757559712
863982903 477737804
870255969 563126276
991099655 933826356
963439033 480830067
353684837 853359195
816492149 567991564
744853422 424538517
896327633 370745472
606911164 678966163
497845404 979922096
680452626 373093686
571332893 821665128
697398198 875813054
366149987 906778964
789155125 592635416
393629632 660657310
903630745 843538620
934388683 582582483
796584115 557508385
700225180 757931983
501427409 591766455
946894313 752766866
644134844 384052650
810464817 926315571
770944889 469168895
973719281 942671678
629639610 677894271
815177789 685516880
597527564 557114617
653415438 643576321
778222402 687975708
498152787 622669358
784206089 979851629
928359183 736469748
721616773 867375743
513777731 598373157
900095274 858861746
810000644 559182025
994486739 707466296
549471028 629709059
698813995 641680777
895851196 600622457
898438139 146778894
232013684 949460907
752820992 523899169
748974084 746317021
840316690 914311604
657394453 503124595
809870425 682818289
531084899 904401489
699451823 674598335
266006027 926244215
270298518 813264957
233953502 984206114
473807111 636354611
79940386 940496420
387453302 714033173
501253961 730333117
587524947 699428135
933798302 761122757
898449105 225634385
710185191 994015185
807305132 809159154
422805261 828725400
929761267 154022000
306971368 936966979
821038073 312045619
887348121 423183669
681409266 529958264
631361424 527003270
581709937 702452224
946754909 716589675
396333904 693155242
485596413 555759480
822175891 933974755
572804601 631341431
289784805 749764124
565889999 452606919
382749137 973800903
641468345 446181383
219999310 941989120
559958225 576374472
880108661 662281468
860151038 226881361
396231344 991185815
715825273 679532341
833359230 830139736
234734357 842298566
451573030 566046100
506481208 646116513
650083764 891117761
564793795 567928521
897746557 191065620
641574918 777441296
661130039 651108970
557350565 785813176
682101197 517807626
605884878 480832322
327049958 939848861
668594351 493350096
788586270 327056816
908626787 555169392
202940205 990976493
280116879 822106252
854255344 291072322
779610091 348972266
476387356 723884834
859697045 892563820
880965837 572335402
800402296 745589297
295346203 747837651
695459366 890052688
499227955 821302594
935761464 788312022
128294486 994965969
975315844 268795309
109030253 982165158
151102358 956420942
936303765 262706041
931168042 868074283
302008531 960211067
933080351 565642822
638603237 492453991
765817021 451629537
760760277 865305482
470869677 740753239
780143783 281585894
588779014 455102549
751063861 376279971
944525931 965322306
365059668 765246796
999942946 699248922
654547168 987143987
311495316 819918355
963121243 488321369
862202515 605361481
275175018 860351273
579676266 672671768
769566796 482538339
759319122 690426945
666219184 606390444
191331947 847987407
466504942 659571438
961490713 638677394
935643378 526359035
964929733 605217359
648933097 509013042
987207169 976758932
637616545 474089756
704588864 530604979
789673870 989103391
939074331 234253249
718371690 452182478
937307696 789559201
702381631 883757482
640768955 543351112
637736201 386896440
862074160 424980470
795448545 268304687
949506906 742158993
717094985 950429672
523283820 742856307
34592673 978587481
334549365 891984761
617022868 711404743
376798838 979134845
868205491 799843087
538343661 757770765
216494236 985566686
329639145 827418407
572237123 795543008
392043502 750778938
571242443 502712988
912392153 933045418
557313772 624926346
499547888 842669757
829795295 360517716
637000020 718587271
490588725 704918177
665520036 351427973
834260486 453765400
924160439 483650383
684300257 587687226
295299799 740953039
334486232 940340620
164292013 934881801
552372821 975808504
873983911 913201454
554619985 532727181
528712543 657692645
477353809 782874116
877484444 826257098
81019623 980651628
834774198 774308237
515719977 902942724
756268618 680072722
460697761 582838436
920604076 137643225
883437420 628188783
869268846 136029490
930312992 185874240
445927618 656695369
558418951 987615702
459478536 959625410
973951270 324443365
776323618 862833816
919502483 482520139
178330757 930043629
158418804 914649920
653583428 430476574
734591653 294486247
990162052 112655663
690144929 458985333
824658442 713065153
774182797 294160776
861119267 749129276
891298740 355303268
967159353 946514388
909730749 264065056
352786219 774711660
297559349 925134006
935169340 246665829
841950211 288832576
478610182 819318361
873746970 552154175
768332470 527565097
742817922 714929490
936166083 779969406
863188844 801141020
446670031 705362308
724518639 864899157
359289922 934294806
438815056 799833931
274426464 946458045
909012906 303695456
896002880 410533964
900196402 657943366
816960987 537949474
500392669 628019851
944700756 88292743
740560554 665879384
332364917 864189485
766192033 948713791
749954692 361119049
995165987 644917854
264845824 877287529
871595143 802506976
837098502 238137852
959205772 376640193
924491469 837487148
736305541 679416824
918400553 256205487
475975497 727826600
973913477 476314128
516173420 852639685
661718877 927159974
887951807 623942632
736926614 751133410
762318042 840922475
630616392 722875061
176428071 976276757
710525421 414800574
582969570 922384164
865534076 261542977
827451756 477066412
445735794 763115287
716369313 616022449
924934290 752436831
782632628 312872196
934615371 143613426
739192250 806158478
586981706 756901263
708373311 964871920
429951008 630446805
998181752 65123993
894494734 723663831
754983572 287644355
864567145 173241078
865912561 240987353
760166472 660640932
860371031 920505363
846329616 314074977
966289714 478084105
796324398 211211588
762775962 605449484
862660916 802901043
880656900 780669525
711443743 538320558
638342708 650069626
886992893 540186928
803676888 272514583
864734522 334172312
906269821 470278237
603144250 453916905
977045010 506946182
366338884 886768953
794763022 571129597
582980249 889838364
675330316 871768376
649885052 809927958
898715875 546571598
907916215 784388677
893064144 440868419
700811526 307150627
851230660 497973489
877638355 503914265
660075260 487464975
290347040 782327533
921784681 875846387
603222764 904370607
793588921 240908593
158692488 967123937
726134696 431313252
150381591 959910712
461221565 719687525
458262223 998253808
531331282 736343875
474954221 966542820
784486910 257046329
653009736 801309288
344976393 828232157
425363482 701820634
964824701 146350630
512420699 888996262
687936800 514836453
640615920 673869836
926827049 220487444
893858594 365170016
938384739 892092018
782676220 718511631
941096647 821774006
757055403 446394990
551517801 721560627
433726756 676339429
833470120 326203935
953657223 626965486
618877861 429899563
6033015 995730112
288941319 910235355
727310574 871030746
996177873 218801718
810359644 882788440
755444739 965177779
987118856 423250387
670957498 458652569
681907011 440578820
136328191 876295030
488799066 540600111
435895989 978669706
735123353 286155358
878947215 497078053
834185982 612030632
995686741 99653290
803169978 402684652
646670562 614254456
652165568 373774694
896543592 864942167
810417306 351204182
511896526 720976168
890441485 152355733
544032786 774761575
769269535 818577943
942247767 308115175
697712847 475445149
357178631 829028235
933251578 440073034
483003286 883265837
980568459 27917794
933187726 391975413
716046550 609252917
413301228 606157909
967905756 526491895
795838773 319580642
930166024 96648046
446507316 779337262
266775293 962431399
906331701 310732784
772784175 693442286
627613843 924137878
619419993 951201723
192271655 919114907
797888222 773528962
351268854 772845315
275312786 977186250
436140957 717559785
609313084 428316429
316990848 855556790
663632977 747501428
740880671 557129955
857643970 296253521
706192481 848924445
862473583 167420369
858111128 387452066
111158962 975870976
963864725 184775466
730635991 841695333
317071751 759666917
868254122 937677990
985245415 321899706
399216653 919498388
750961072 379818579
693246010 548018217
990680002 275628784
917185651 956615583
798233717 670087627
316909587 719573389
513325771 538191818
262446576 809745189
889899388 147135487
150407494 990727153
597052749 580308463
514511016 961343801
696137363 703303205
696113343 514869395
431723858 597756379
468626212 550299634
548172826 627490390
270564349 827804432
669434738 811936874
981797346 409542803
873196455 930134251
76381479 929162621
415352039 807582191
952504276 659963357
968688253 975477947
943372514 304403908
615803060 490362692
919245236 490511426
873056121 404446365
976176358 943051292
530021074 541052297
727824238 756745608
766795978 403223299
167566011 835671815
296740919 891222137
285273706 716912874
905454049 702643488
699400835 657030449
957985316 993933613
618395982 843953066
992783191 310276396
942082568 75508128
142002357 982810165
817111827 532954039
454960518 566625000
416292518 802422217
284551408 907246666
732458420 268689858
429544953 774618434
160066719 873026084
905208696 201978491
355517818 849282440
878390741 724750282
950717022 661405873
694237089 360188080
780496201 280835356
721158693 595467555
417691962 903150980
872392261 187491133
680405979 446677398
865396472 714340656
273624281 983122081
790756510 759348312
817516138 447132174
716542635 508809656
747121978 864596140
773985766 959749315
366307735 991642763
962247367 261585594
484413188 632830393
676594960 719507720
752816378 464990780
536197138 931385375
576971441 866566423
280237665 770370312
760214792 338332668
885118387 130155502
259959088 910804596
367371897 864110761
239574761 820225603
479029188 937686658
391476278 994026479
639437407 512619276
657959150 748948140
806318439 670897991
997484649 191455175
245808396 883303834
577800537 816605148
983369637 118088420
952238545 674471797
742682304 678176713
476728600 559788309
706655154 938027989
332505355 668999599
985211309 867339427
384990707 652100856
358199346 775978894
858562233 913783134
389156063 872859158
803188338 879811308
630453522 778128550
771416589 509868062
893380992 556551381
337032110 841169547
768384873 637374641
717158676 584613097
659520488 405374446
319346615 714749485
853146567 702345837
814000419 386727319
633084898 583619593
481842545 828616783
674222661 857162569
890665550 634322886
422825663 743403387
941558905 946332760
182680054 969384976
655353235 790416197
977177021 622525250
999564655 842142932
620088794 640962597
903184743 555223813
329753496 813214565
737372669 984103760
533008107 493088480
285792881 925129374
569282468 542471066
974822663 980498674
746132646 997224750
204400677 809338725
969577538 697504379
544076026 783098631
969167260 136847790
836695090 255709651
707010201 624485404
346306683 846893220
923714068 603072181
192453849 974424585
688919770 575883994
442086165 733640244
764416202 930538730
948699591 272961909
481776058 606705248
705917470 369198852
553201475 549705604
859103197 669000989
692016517 705788488
753352613 410213964
462545041 583511309
647476403 454674461
614695317 873009373
852506674 525628689
62422073 992371611
398113475 962396379
599502845 480512877
933088015 966473720
775144101 351918647
779448791 559330190
731375142 288017397
430696166 953882585
186651224 991259363
636431543 539476970
754720075 482454232
726170800 720171770
706008238 693053793
316682074 774643343
883872673 972832829
305763356 791970865
776786110 797889864
618427295 404130627
948153600 867699745
133248272 965486940
647123630 385197887
499858682 993610830
776103441 395522769
578110473 748168008
991911682 405742763
674485033 732385144
560417760 806185215
973160963 587029306
940612203 152203554
613084915 548260452
194354934 817823983
440808882 917309319
607708883 750687537
496100147 582153402
730196616 719133828
553635391 629487901
796282306 505190238
586833268 554289451
51677742 996036251
363530515 756163780
447932407 909309035
701286516 581814846
866140480 190784589
915327896 424701124
193990853 967924878
914052248 609316142
791847490 577392788
802372678 967724626
318739579 956980096
855667606 691180802
358089377 764222545
369981441 733233528
906959149 231259859
975423747 123231545
727867575 895511839
456890818 641254271
929482851 408854922
976778524 333383028
717066308 830278685
850538341 743588555
609866576 489063839
992392003 8536591
509243665 811459927
799873052 546673123
868040692 915713928
974685393 407453708
958266734 221259923
496554794 861219123
308524477 805533831
488457255 856017474
889626267 944120843
685709634 855523777
497230872 517819176
475410732 533354334
32952767 979616760
889368388 926954936
980772261 335632485
609252203 862634865
326337445 800915535
766820164 708102473
564301467 677645299
577757282 894575193
972841824 687671654
715925181 777602569
692570194 826811319
693807761 798637282
812775791 460763303
427454527 697520074
723687548 347924812
350108323 762738595
560644244 758591883
842318451 634228903
597851957 567491134
651769274 421172911
783711118 885807690
509618802 803141134
659280106 676371426
654656300 649792712
486088086 622557748
874276277 796958412
195100679 984199327
709863618 718847337
690340208 839257361
563332497 569549887
641646228 724864979
993469679 876115711
530205750 910923768
711407907 851648722
994499108 70796487
963238663 805859368
840196247 636355826
315028079 757286399
886946059 336349332
984411697 865781807
641955287 482393538
871138565 689843964
639437457 893085954
971454526 762371166
855226521 911514633
763711192 952362767
518475076 705749024
652647272 932283829
440544965 559475773
421895744 711856127
841644331 950603686
571349352 473929959
623025233 509359042
174732309 865189234
405140038 823073783
899144125 729794191
888148742 975660103
493589701 982084762
950633101 118591006
152524984 866978430
825941089 978534481
785619082 504556732
541829908 898687370
259509021 877300140
812641738 362278838
937547355 615491577
688313072 816120697
990894626 420147406
29904138 989250009
374411244 680907258
750650499 698846717
985664928 388882030
982987676 734287727
835663367 648329129
808814468 414252024
663255336 521243486
812762787 371913021
551265385 594981219
501646033 681351085
982794639 921595677
772847591 866181740
735444338 956643152
759230777 253874517
886079225 841841493
416512900 648646949
503576424 918191366
1 1
1000000000 1
1 1000000000
575813714 980747284
406602283 635486286
488970953 951362141
989794600 908653803
680027827 791199939
609333562 498214544
939510665 631817052
810583200 954602490
967081781 354468096
594083772 787669853
700815449 993389193
983589916 455220797
133302210 923512338
861346685 502291289
917330965 362019006
391071915 609968002
969312697 737810393
728680667 419127258
729883857 738842459
819228796 350198875
452460098 648785323
994358511 376586892
414762215 992473945
768822947 369377083
888651641 379575670
519828501 531530548
977665612 601935470
678366132 325934981
617827079 715619896
372765237 792698308
974424436 929138662
390255541 839933865
864050682 906189585
808538417 687909958
379940943 813226890
634831014 845467572
586263583 678710452
391408511 934913718
793931009 647084907
119290199 967412336
675926671 769529467
792310815 462697070
741123008 934544321
737198173 935936519
709455690 821596358
259870004 852883619
459986821 726640547
959962492 547053151
393077711 923915773
762246999 858665920
822700537 245195770
688601702 641052879
132539016 948183915
403682308 993665242
768408331 602704561
685423255 802400180
203932838 885343882
164398622 973916534
720583173 824983310
923902369 844606026
671556995 595118420
404128779 968402612
474188589 638518624
589255410 974824758
857353926 935111603
907187345 270104405
893509269 132894701
810869902 517628881
341218523 751127230
998549853 131126710
715023550 367326969
399320546 718323802
220959773 811541682
737673179 721650585
910877661 673229954
950566501 121672301
462035493 943268043
778023942 683734509
398701944 875051865
795756163 682558025
905113503 911224249
693014789 314927497
29347483 994568397
878092352 703173443
989841413 695379867
473598659 543162126
728374605 576231588
232758785 976280762
775915905 262427879
725175313 709950292
933043546 234142771
727254918 905495337
935606023 592079817
959312910 998895363
974642892 359664234
847902627 524096862
446383024 725356391
980209321 349696039
318866062 816969290
513568918 855859653
473814826 784512624
386626842 812569748
311158569 780186853
270543221 804869458
998179148 732359896
672253155 568924443
115128822 926741500
829897760 703775006
577289421 523237741
489486020 660592046
919286471 985999416
524414366 811844836
736329976 680938313
934014750 504372575
851138637 678495774
591312530 904632391
932021681 627040138
660944501 983690420
717768860 354619616
437178089 969989017
666659934 618903089
487664070 661644679
961724416 797412260
724613617 867860135
751296684 722987891
567082904 935493431
643127129 388276001
449871983 717210996
898758613 700622717
602368608 577389786
886564461 774338096
481343614 696242901
982038219 345098333
200153921 859757308
964939495 516799057
150428136 850302096
539696456 718438187
361633135 763788067
700397409 594445078
392056107 631865313
797928887 933921252
507004530 905824596
996172962 858232908
738220514 740301579
891998066 311362707
808977354 969784385
254249834 765214792
650324640 361983469
554865711 577519593
578420282 852636731
978179643 44407998
808430364 668151654
981425190 125552440
830917997 565797442
799752506 430259332
297536619 923435357
919552167 665876043
167567453 876482251
438783522 726158145
303086969 777330995
685480762 758430450
652673214 855139956
978189761 778025230
553901513 696138637
954950603 750199838
958796708 306632467
862867033 905985644
256362509 861707877
680482687 430218045
954233062 130949444
639893903 401889617
804494961 768905239
741454393 308156025
782137501 920743017
609976676 840042125
632720198 761103061
829639323 366865843
509991249 681730324
535841359 988250189
470841884 772144918
284010435 787679624
949590735 388494991
937847427 528485674
896433438 634460449
393390433 734316815
826990079 311305192
903703561 157621756
826529847 194786581
615874294 657417358
901449365 889880518
568247606 922407752
653100672 831290296
488369495 693199749
711064998 325653272
529152682 907160775
576508418 725891189
550519421 768873062
328038029 809132179
767760148 537263882
962930745 207739264
391792298 828851518
711399635 766648486
569766046 594734933
638457005 472357616
415489717 953304095
970832876 497525137
639005468 471344543
987872624 828893137
856309032 436645884
451097719 581997875
505818260 895556984
527542721 674999637
106043847 988418311
346027364 868560065
541471444 510783667
583051676 538826166
863381269 694087263
640546849 823770015
321069667 880834866
891395300 630168207
245685103 972537849
116802785 905867988
527744577 899978149
640086482 788374044
735391771 428729228
969397409 303713506
281546132 905330688
483591012 655963111
816606130 197009748
471165695 921720569
516110616 630405091
243245561 851510033
668105908 866932858
525720573 941596156
824837528 711393209
898213038 919741746
646849060 449685792
818117230 848385510
684170060 949768835
526029206 601826085
430552137 792998442
786192119 237622378
596621777 592015038
831704382 272249654
239550329 905038213
811995885 606974534
620726322 696740818
825385590 557700354
874795487 697654619
823872058 538550581
890501263 427715423
372783641 934441319
905978536 433124949
763161976 562156652
801419595 908242028
990850894 962927989
847626562 386482799
971894453 64853956
843419571 651613883
524610016 698332485
648183913 430228874
567338817 852809321
702244613 740414062
872823237 909985584
342675352 809037515
878637644 691513374
924657236 202194163
753642894 906760079
119968363 898232996
473851600 648834081
933115477 476012752
536217378 517805094
865048098 215496980
708496074 351428714
612165373 484679043
556842484 943581895
878301302 351287460
377310451 996933198
303478138 701155916
565316866 616770842
297577337 725987819
157909416 984971541
660530751 787662309
381799056 856550904
957884385 880981895
619406009 427333829
728456791 313172305
452032292 714047537
444338387 649753617
34767183 983714601
456642773 766661181
614547691 769504354
683515689 733380839
839940869 472364880
996556913 455067624
953239664 858209297
831704761 519036169
968447212 801035833
818772102 449340793
724455533 304951899
673950959 534952735
908265454 154836644
707598694 883502069
370623040 920993162
973309289 912118568
963603009 228174223
643714473 865410316
422650116 826014803
659581232 458351084
307269336 720097591
629371793 770865949
825590340 260687073
616363276 891190004
670648977 430176465
787043259 521286141
454313413 857761099
967329796 315135091
809155590 475311479
485256032 902618144
241213774 952659092
381051210 857434047
550362858 840101761
991778145 806287500
538398707 928761378
953301240 437455411
959668845 626148114
742196130 739119093
737076029 779067860
824855911 916180052
467958487 968275815
946216620 261455259
508546067 737785540
280268886 989801322
957354632 413483148
237759783 866697240
730042487 844746766
697485107 922095592
594716351 763828990
896886643 920438326
935166686 450900045
731692573 790944066
356220939 976966551
274790967 937092572
280068852 894224811
801494286 352201328
756439469 944812534
998029870 197324482
447808053 769207712
398942377 954730137
860302700 944338915
145103953 916456881
634980877 383550197
642269663 469334229
543302506 605483316
309337139 695008661
960524795 904069773
804667386 323949079
568805556 951725041
777176519 553118120
282098077 933731849
708022373 293850752
752870195 988462360
950992652 360447258
706460347 481567653
925258054 802300328
698152162 597154198
753501713 663456043
955360588 688031987
647809659 961236071
433726430 797602094
401054326 713440966
982969506 144479712
177412482 879896791
605049981 518008415
604521654 787626979
372761268 635042944
678674602 948986295
959144771 989418769
611493074 897114982
783934066 910367887
426110773 753218539
836161790 488908883
951938895 146659977
565813770 459265598
609368442 581436894
945401099 551479965
688027526 727673065
359048942 769832431
252156809 779360024
517059194 733303085
924193738 706375445
962748970 699296608
834992380 317620827
748473760 321975460
628846233 597536557
263734625 755803997
324255973 869632351
805798243 889227452
721326576 962269626
158531922 892983946
852933756 503554594
578775619 899697235
764728246 592515735
588530302 508449529
551746719 776708663
865269102 601758214
816884515 329690490
813925307 681371447
675822859 812926165
862351447 407886794
437896782 763262353
566442835 538454421
492922003 918391222
821458980 797101686
906605433 427476499
463504359 771904965
948501867 300733476
607103985 555767259
230240841 991936439
753810364 529920007
883322927 176876331
726996227 760350299
834789597 654000457
573585600 791365815
637944068 505171700
847818968 815199015
687165403 366916808
613061144 729050295
906917240 782619539
206262379 914353074
796174035 745801296
517413677 731237879
916925956 877582473
272945109 796685172
824697142 659090679
640490986 627987339
635172040 644117440
736032233 880050802
884504771 635872485
663908387 889799255
995608931 565339186
956642099 495990966
967953748 444757303
853741310 398650570
461727897 692914239
657331893 669927671
340430180 954684219
463299588 662652496
429319395 700914251
825639409 700856746
670059186 618270902
487499944 838877131
239182682 914527103
987127258 605868457
634268800 729509249
753424513 989885675
495313714 818325929
609973575 845729712
529208844 779207330
836691246 441861672
715205492 753223260
283800712 762920954
779097460 720790255
632672947 618696964
864047952 948798858
787315440 952860664
506584866 642683361
466530933 669705401
501120241 856570557
270698019 905938369
815849943 682652941
810039360 269620087
573446957 785904115
642948920 848607941
422023892 865389755
883913072 766406930
449264656 775952560
440013035 930514077
678431110 707915852
687955023 975443452
955316364 490330898
707256953 588833275
780515964 979068134
875574393 863348031
897379605 145637382
743101596 310976278
708743604 347003185
906280130 980674505
628834267 453741367
843269597 275252546
647731781 592348059
781463101 463705771
739980781 981042021
428137369 822597938
586822351 724734352
768329168 314141798
903598001 698432376
913622153 392038652
294976821 858124238
638817999 920890819
813041423 259434971
691911399 411761486
681957176 780870029
914392844 516933814
523355857 951266552
553687066 896855217
450264354 577859342
850453974 562634546
877039909 813425051
950074632 229589855
708195419 414467061
969419321 304417184
602236916 530072970
972264769 588266839
193825163 910708457
431205348 674049564
928432983 141615312
435010694 962640908
958809834 168699374
341781424 929183028
800947439 843902660
175051298 942734755
902271650 398870388
686492966 451471828
458909250 637747426
783266786 562174318
390193105 959018191
572812471 745729426
832687425 479209011
808357663 625417781
990926880 398457367
868794739 497069887
740969085 311750225
771988882 757805832
558873012 972298735
574579565 909767365
897417505 729087043
970100438 458034069
912350285 159110564
197229552 989923785
883022243 156136934
363929086 661044984
28305605 974297956
599742845 499799757
847678464 276806504
728914373 624632086
440590558 719499110
433764804 838365610
852689516 662426858
712437992 456895357
645072126 517498595
576049103 512122437
654379271 636839980
893241502 582733665
971556163 314327263
961187576 910447470
935936558 553907794
760866237 339899072
396320326 858355853
845740596 608786698
278220721 845006694
957981886 478525516
809599212 546727795
62612558 997596794
641435538 387982627
270132372 779691927
493440420 525507955
804998903 629704299
359566756 930888462
809042964 622590896
920364069 677940980
834445992 199071341
544102381 835359276
497618256 804244881
951555876 329200706
881117054 271044066
348699482 836161994
984498571 904870695
349035014 928595878
975708483 644196534
836533711 781032803
309062379 935570539
513886074 626913695
505085634 516912179
927298703 778692599
300431067 724891260
757205265 342850434
346211940 848299656
699760816 498649453
524744810 691096107
881302251 206747356
806572165 384352605
739116154 316491285
32125590 997678228
558129097 906187049
894251750 878364565
894196134 830192557
213613514 814514791
789460833 527018452
777395643 563800499
505088338 899914640
572137465 684658905
585123711 642441249
634030628 723746408
712744961 396396304
705191449 820894086
158097767 850803404
184117412 985195653
752906052 793547663
789302287 625956727
953998118 426814288
908674283 826604455
916842588 305057767
366259142 958601261
978642231 394691071
814271565 697744476
418629965 681840883
354821804 773887205
912765755 296520714
517449520 777305489
713259140 602432486
809484996 482228880
935018348 404850800
394047843 626023258
795029254 589609878
356838581 853033369
118012654 968447061
314632122 971647124
75784339 982411294
680172339 829817826
699515681 928377467
771127414 493863501
630596260 418793240
997210405 982594477
675620532 333472151
508254743 904450424
946799670 155191050
923323940 508275040
994300004 874702923
417770185 908997870
837558620 696226398
583183732 500896618
889101921 699399925
711967598 675830947
949019366 850973306
745547724 402027908
838106319 341782831
948841328 78857976
521099926 656288353
831729749 183042368
655620616 639290498
592961889 460084149
266548897 994229715
600465613 921667969
261274151 743037353
478434124 946997197
796207845 486492640
512654685 496774709
173902778 921740354
948336464 925742278
907147920 386422381
661550871 778332583
169792466 959440904
835419418 331336618
763036407 240607882
56978100 991132758
600772998 513450351
668015768 420456462
687163409 956982550
804612720 483626279
284959492 789485564
851875851 749911642
642369605 652714795
430511059 754520957
532227017 717536253
437950228 568338810
951296402 235740750
808032998 402678578
714774544 461402060
350288138 716949268
534954066 628662276
601614280 853623448
920520581 704758015
689597477 345948742
248380882 894893629
678937332 694518008
791722125 749377000
674526355 918935637
737525605 292741023
156524175 888527426
243934889 893660494
789897010 913580430
826367542 374942182
712780738 906397497
940408936 84588542
706012154 967375422
705079274 349003266
871232712 731656400
723388989 391659590
743178614 423019614
484207511 715596564
961431202 125197966
998320635 868173253
327979048 768555762
879389776 307287459
900590987 124825387
615863507 929673900
462149749 908437293
637594651 395901136
391511224 624364065
298038999 932268706
744642518 520875803
881407791 493786905
506969275 575452901
290250169 793438218
842039777 682018705
408083740 626757096
925700829 389018375
644123281 428855016
909586539 515658963
368570446 715615050
362306848 731640316
673415261 376163168
610775093 531284659
742615475 482242628
811969324 315292112
808946618 945282600
996698432 185916038
674789713 873812450
316273802 781234125
575813342 899292549
875891763 895493931
537519170 782299302
776160429 466191058
968274836 609492080
502748819 511607778
348083154 795943399
837602176 198701497
811377631 873887461
444692776 907968551
691956257 783160931
744401005 266315546
782703984 992179900
476191796 924013097
577383939 717430097
499886060 673918410
479985863 597332742
607737640 910933875
877453629 720614937
980004865 818522876
189761625 895056901
289338657 914561345
642250882 579446314
586064559 581379730
343389528 846818877
454914685 863194105
860137006 982864517
749561336 294668716
955330614 663693336
928467729 899866158
945396665 915719381
896554741 281197542
637116163 910649590
218561571 926585619
862637701 986900132
715011066 891560588
336250884 840340039
312742871 921506079
499441445 913068887
682958400 898489985
752946195 681225860
986514649 743718373
494836513 561237641
622333362 458556196
751198993 737437042
474952732 570072614
418099550 818809592
770741528 319897096
797952978 529979193
792551478 715880631
964086911 760435530
825692592 851272590
308122566 839578462
709243684 669884948
600351456 548908884
731271604 566028955
532670866 797119340
789102026 678107106
767910268 923548495
808836260 836215956
501476562 869365492
484199106 609493863
850296432 767616719
980670518 210500172
983800251 865818398
416355938 853726729
566516660 695215210
703321390 642315865
486936357 538176224
675290716 619548357
817488128 560115598
373424409 803528376
754517330 444788102
212230218 836543304
980440909 878109260
915881943 756788318
747056179 921846127
603068016 643630575
669765252 427697454
903739983 654984929
894709716 419911279
830493704 942588851
983062501 678294304
249302428 873045213
259493869 990449296
502133037 606470996
571847208 758715718
801077819 768431663
878242827 856881671
970927629 128327758
791465714 927217972
850082977 478247009
614068207 659329250
451210093 723795564
899976868 308168141
996348472 503651565
739990418 644065915
472982448 546417291
587415101 546976589
849430172 973074182
599723931 976097247
680380749 887893996
359356716 904352500
751705558 358991770
845457840 365912705
575730197 831028174
758150694 807071131
881839550 779433903
626050924 465200490
392440381 732783226
574654470 759463362
603304771 933333776
901042105 824181300
392328917 708514977
133141710 918219741
811031635 921189141
963978551 803630488
674819170 932831255
419491142 642696750
808383445 548110393
788055241 747211196
615167362 492294995
547772050 584098669
893310865 421072950
799464514 999684125
945182237 645731309
395295829 746722411
920703080 858212185
370366912 803487972
837947014 864386286
653490053 843805327
912683685 376755683
309186983 924966727
200809621 857431097
464561698 762931578
655259470 437170268
249759147 827742000
440373349 677791725
518715009 538511368
965732078 873247604
635126732 532168544
504586314 719568220
568653270 855021228
713098902 711627672
793379418 448929637
980466207 220071808
971992323 880961945
425958629 988590233
885089455 477940883
969218059 383871011
622835398 970421243
825052804 765387812
848298094 817273191
404657890 657068446
804343004 310458464
358336252 783368066
846570872 458386176
947921173 772091349
960889409 308839667
405745770 741778259
419027309 909879935
950114829 722210444
736153841 710500053
951325045 938690976
668735845 502576513
163204936 869646477
713626586 962881573
961601874 370474333
681988016 371188291
167900290 930015322
436064548 708292837
952918153 992918418
828983135 520681002
970123420 716782831
873013971 290729911
415066224 595058436
357784641 669212074
456224138 615971362
996790453 622526029
544448300 739421593
214394137 938183630
823971359 305986046
432552003 731521178
770310668 644157689
924256615 187772262
438580441 747497333
114261800 935058281
410854969 648864538
856189929 383619546
473625265 960691834
760841243 685037563
884542512 158970034
975337436 137963969
445610390 690124484
594053768 785816797
984893549 91639279
438318052 855940407
142312746 988803167
699557941 438667513
929671877 339941119
569597369 737097594
756090984 651634172
463431336 953319576
936775484 708606406
516159896 580209441
453658311 980504099
306184845 742596887
795882785 925013914
148751632 948013285
724433822 698153699
403699810 610338221
629586603 507967687
564538763 461979250
131047761 998744672
461207659 733593441
872275575 524786587
600652609 832675569
881221702 351271490
230187611 898342464
863791898 420105693
395734250 892366576
730969048 334429300
979905468 355877394
691709362 984962090
832877946 511108654
836596649 453678905
305976729 847982090
139227095 971678981
389135456 776185894
846187533 719216334
706720689 293978161
368162634 659928397
868381572 694351318
435319684 631977735
898237497 406058715
685863533 710789080
180137949 832425089
426290853 605881502
803553674 854302397
552069503 528916368
861420855 310885015
636407827 591338277
913214502 438459297
486887315 709559535
694934929 910337859
939873070 576702614
307238813 876604291
574115759 978611143
326638201 841750829
78490538 994318217
953721405 698255482
767157407 288822375
902442279 877816468
540465513 796927987
948000471 801861163
882837680 197109178
570681076 686368681
149290792 982816817
823883639 725782738
795735257 793886168
312143212 887378714
335495164 995908145
795156459 516725073
130401136 942016882
923770558 819331968
842500389 356444144
854785855 951061707
