100 100
365033891 954984655
291464846 497447746
481043887 838433224
893597344 314697854
446066525 896647833
87258673 587423580
62699985 893370677
513104462 575025848
336271267 556249799
818011871 400411975
203409587 592591996
913721156 70788231
838338764 90008329
202829653 426887725
203257552 956640051
741193250 113005589
616879693 507454133
484408518 515930400
214879878 465881542
93005161 447706591
356312733 732809531
72388310 702327169
417253558 650613060
61306464 579726452
526935715 620057589
424519449 558202671
887130909 142936411
372217509 303971442
587810054 431074920
176887774 733891027
370865910 944330045
132178712 794424966
497237709 98760885
160208902 578611333
630047916 862059561
187399358 640675038
584175726 688678274
503185304 565646891
845850079 201532980
564123117 707330511
461886279 680386491
556119527 826008806
997777313 266772844
496727938 447068030
438070270 998565474
436781381 537438425
917719562 327699901
164240709 645218960
970851282 503096423
588320434 242542222
501385496 149181074
232462871 932500653
56465991 718371692
577056068 27635221
473968978 850862045
643312688 491216916
721552422 146090095
796362293 18107495
28774618 830325992
952520793 452184366
252985865 353028744
655900283 437189794
386730941 348988296
635068796 261606386
793789451 453986509
738328784 234484997
518655480 194108076
941906263 198146660
326286337 806633218
700613859 687753522
470735116 768841882
720651224 496141538
267807422 522461680
504416319 309071558
398484416 250582487
944052617 530904277
271478625 595468202
864901805 124505809
448800961 947548998
310730066 879430290
691973717 802016351
450566285 636959229
961753145 305686192
578175652 41353574
178548631 453711110
763818619 38454890
50894625 692203112
462047868 706619393
426906335 615876006
822539969 455175774
616729689 524998337
552177136 423272939
238736211 281359163
388931805 513931761
792462804 523162212
414192006 936051337
423582101 168585334
183473605 700661271
711695119 613190412
349222851 834344959
782546974 634017734
876937960 335739262
77263469 482141399
246546748 671107660
958211182 3905243
345484399 583415085
623851917 438140142
452943474 461272915
579171712 137546318
602719700 78063682
443636488 734035010
428421314 587122182
564793481 69425723
711450194 416243858
66685679 961992710
649837759 124924037
332271408 618281634
370866196 203593748
780242861 106176802
481820161 683062864
665664214 795539764
567585823 29818629
28861279 679208275
397225577 240878353
838254309 617826391
724214758 518105021
324963342 497840461
242551408 274394914
793195151 526658041
430005356 819896471
291769165 684532684
760599149 647496644
222944665 617065315
757523389 516380404
482443042 900357835
815060306 17399968
49275926 990683697
927280905 96316460
773844088 708782043
947487921 128707492
340087614 163220857
416916294 539983762
416383658 953698404
762139273 657532733
346100055 563221341
525897347 612290726
597872458 361572918
55633058 475525102
101096017 485264825
900218885 38351671
15776591 744996132
901799627 249427190
596860026 650539796
211301703 463628495
445811807 951232065
519279264 566871618
212601336 733914452
706775933 232698242
558984775 422103805
203234167 989167641
820616923 159700320
51632595 833077919
274415739 346763652
662242117 598789598
849888770 438422762
581907244 783852932
365896536 572432822
472879647 471083619
119723076 577569394
364209325 325419798
453718988 784142595
795724205 363905987
999252538 194225183
406155016 255564913
303920845 940569534
659860666 706198031
402636332 476487334
841488719 644219949
256781204 635309028
544677983 103657916
295249105 622126954
451852911 891993426
452025217 669677968
9895092 834384756
578177488 232595554
395945976 717341306
519008062 564408419
754001518 103515583
149108918 716132701
474910670 118443838
842074219 525204066
704123219 756693202
865303147 181625431
635406715 759990467
105090613 788747601
395006110 668252635
437021252 307971573
822462535 651919596
143181130 784550192
575546987 73028095
