100 100
566976571 715557091
232914936 311560137
161811450 406162102
451576537 227578090
739825873 566216897
734527900 728072876
274681726 949341140
305929975 990353815
700182743 549323538
780224031 351970791
778227144 188793720
218449090 844915293
708275145 783684529
521435966 726518696
747053242 517822094
260665655 563767497
311787211 661051558
735904323 574047371
223792327 327658273
917759943 163101929
562899790 184536046
273292483 775637642
226937772 415754459
80277217 706992392
900560442 306101877
583529415 113415644
753446429 343568661
513304544 388038200
965714849 5773954
889283414 102973497
274920501 768402745
692476340 223720620
398870055 826399465
74796914 684175561
922333234 93237976
716059698 219947425
617477773 194959521
496085565 733441305
498008476 575034262
903786715 108919885
497365475 164550902
628367843 363265513
307541420 996485013
407205561 470606376
720659369 439826964
36996469 902021945
748632946 456020408
862363059 576255334
92331943 989088652
466048569 919701843
537843311 183045607
639716580 673706463
96378401 969043226
787697112 62248955
643040195 596831837
261161973 415603487
967976582 252649795
356592588 327329029
582972814 440987161
453383858 936175347
599874204 436533975
970278827 234366759
103358987 878396605
685684885 468678941
674111443 488885424
230057918 595261958
351356612 836965663
976838040 244936255
936168601 109706451
3391126 924069560
91719329 784333864
391929358 465951253
611367765 136689653
760205305 449032378
613597080 484611452
265941132 640894859
471719864 825544297
423585384 562003829
137525800 699121568
484950537 572472502
386067786 194324830
349393239 181886439
903865280 429194819
523515214 748241503
745815839 496406198
85559268 786620552
255516358 460277350
179550564 755685869
430971942 251915173
139346988 779484181
28691111 776521335
307622088 932247217
649790215 204526403
150859133 764601705
557056540 73860388
657853696 24500570
505222770 909270360
79178958 857397183
341791987 159087401
750321792 172488672
521025859 937096440
407787995 184243827
522860620 651278224
114209854 387134456
227077756 856127877
876988290 554015736
353474892 238946257
107541786 437667256
684396514 379628152
769664905 210237678
143889542 397408978
726334688 579783319
419974033 148860157
387469709 209505129
317556048 633717913
373357586 982300665
952376634 77825113
674445548 225625876
717336604 305008705
755088519 77154884
753192133 674936720
353522782 473499838
110241962 487095878
678429668 246531578
288452517 859815945
998497510 303992795
139227232 666034580
823728256 310499561
716555799 602877946
499715791 124841033
422555213 97395393
500675593 605323527
589308846 134992773
122787163 689058613
755362174 452088749
711540408 358944759
647124096 653589550
545153803 371552270
730229368 113885415
555261463 901097956
613662762 736781819
880674056 493138506
483680192 832576333
596349744 297926956
394388770 829957956
274282449 297082937
501775135 576436820
653498120 535655368
857156884 88245310
136577356 668235375
543797770 587907710
861145445 225994588
685726395 352881544
6284895 820391044
175628239 462290287
304347258 523644472
303365719 863837128
990070996 255378980
362576329 377009149
156031046 445086120
388600132 684070393
128847657 738830547
633173791 135202553
373762548 941762530
534786184 519629557
394227147 323294941
291190146 762462846
530273508 598918557
135229144 736667941
832077028 342619826
320405367 390199735
698818438 542540208
659208728 17911304
97554397 424677656
224749760 535818414
372267230 173215902
4512055 627488290
753810594 143258711
337231451 818376118
339494753 238806119
480476739 213750235
207188384 443195381
426019774 989802816
533693066 361409100
201664203 746768807
707491891 583002810
738412077 730733434
319133152 605507063
442606033 376124514
155695535 975671070
646265473 384384544
941828815 188313401
550747815 271325578
523246967 807171246
86585195 530686642
856902441 44525188
75746231 825172281
640840554 584745120
692496073 720031882
822363260 107060916
