100 100
2 34
52 44
61 59
15 89
43 49
55 11
64 72
43 59
44 36
76 8
25 71
31 91
92 2
43 14
43 17
1 64
4 85
80 99
15 72
74 17
39 67
74 91
100 9
19 7
87 65
17 45
17 88
17 46
40 88
84 100
53 66
98 8
51 10
78 52
81 95
15 3
71 34
65 77
55 66
84 62
98 57
65 54
5 19
65 55
44 63
32 91
66 98
2 6
7 20
99 83
42 50
36 68
89 52
13 89
3 92
28 59
60 65
67 99
38 50
33 18
9 92
95 59
87 87
48 56
65 63
35 74
46 73
78 95
89 12
98 49
91 89
16 56
57 18
33 62
24 36
45 82
66 71
16 34
91 52
78 58
54 41
23 100
57 3
94 58
7 47
16 46
36 82
77 84
35 66
37 92
14 34
86 93
92 16
60 13
28 95
13 4
24 39
47 53
74 70
96 21
21 43
5 50
89 91
35 57
19 75
82 74
40 73
98 19
88 31
52 21
90 50
29 12
11 41
76 96
60 43
60 76
28 54
2 93
58 5
20 18
77 92
26 66
21 62
46 34
23 86
96 30
1 16
55 4
14 93
94 40
16 71
49 87
89 21
48 60
24 85
51 100
46 61
9 70
56 99
42 36
7 94
85 22
86 100
72 57
6 82
91 69
88 41
35 40
63 57
96 34
72 31
67 29
89 98
6 6
95 98
64 72
36 52
56 5
55 27
83 56
54 26
16 54
58 89
8 37
21 81
20 78
10 9
34 45
18 48
45 2
60 30
37 43
55 31
88 50
19 38
43 38
64 46
23 61
77 77
14 53
94 63
85 5
11 99
89 8
28 23
62 44
54 35
65 31
11 60
50 14
6 3
30 12
24 87
98 83
85 31
25 81
58 69
84 61
23 65
69 93
