1000 1
962753873 483114530
320031383 664446493
891393 612909864
103282157 5914246
681636389 5474421
77486500 308315635
201143056 941492952
910973385 794118636
651542316 839489683
378253988 668536595
797435853 618972584
777531340 809274789
662219197 77657491
278750032 659277783
822980989 77798850
583216455 386287829
61148841 115364720
79692921 368198661
163264031 334367324
506263263 540608437
756398298 556224105
924721085 588342352
113298811 633471101
957745897 597572708
968463030 959796108
337193556 284015021
187729716 721423436
711831667 592719803
716580176 862985933
876554472 604609721
538930640 49193944
662439795 313578360
162688798 354933699
727148216 247491501
912086879 474111802
628383535 732296781
968919072 304128802
313072732 130664387
657772699 575032321
883147827 58386167
92022962 657890457
294113281 514897961
695714695 948576109
709418866 761386546
629379650 776219037
305008642 876522136
355671766 408557435
638135989 442830602
510074344 210730309
838166997 372763103
684865397 378232545
601343437 959647071
501248603 413873443
576910302 599797181
968102360 437313542
158515837 347492417
621654516 985226752
169277864 529317015
576204293 58087019
962744337 671166151
488913948 142548744
202486958 766614687
193958792 418455556
453568280 908040614
799141513 635905221
223144949 480211744
969726437 539399960
642295183 483161093
898146697 551245158
750046189 633407477
325895536 153108486
94995823 671660737
125788821 715431752
266604418 440985823
549117919 256738297
34052032 680730230
24384411 807814193
966755342 181616436
393500781 354729447
132696331 970626206
477379011 7395244
761321831 816823483
162400598 479637000
97512135 889122954
358381639 578853103
702250018 695895941
502676526 173082859
554245324 197439056
892583182 87958319
833022091 977184688
278940026 656263906
234331977 813996459
170111826 662117530
730000227 489058869
137273566 328270412
474744990 465319136
315924588 200699319
844964961 471125676
533348970 986140011
983394541 613769838
473076169 957482021
926581901 300274589
17504686 559114190
772560657 403433289
53568547 135347669
806252001 853828066
787185737 555307417
474650899 401497198
131575542 74088597
620700349 240037581
677414740 432862848
919740452 370691274
475630517 741446875
334794829 402828619
901773808 155240185
172028382 407245546
834923698 414356535
273466048 438749656
872337827 137746474
50550565 433447299
928561538 646847597
48258298 454112416
952845496 884471954
567982266 767030576
55925077 108472934
259077633 462409613
658472133 620823876
507625621 164340194
102161933 821954851
902590686 600702089
534221087 447764563
505262413 417691523
500622645 940078995
879506534 278228654
127525344 904062250
288982136 383300793
387127813 834207417
587163092 53094142
319084153 481982706
482223714 740688342
426155006 669595053
169690212 735399442
419816872 612706982
940738379 808393167
389253220 573601920
395459267 305533384
930574584 926078339
327551588 149827543
609834451 481613410
941517676 720440014
832677741 887176817
687918423 513742864
679148844 887022261
453864091 538769488
306452633 642475589
478754695 716363729
138863065 277375039
518629408 488627074
887404271 369081126
659831164 570741256
426691176 252688764
485975629 968231963
255403227 389429323
8454720 958493701
927479556 552760324
638677780 76692857
353546881 402463938
198001202 154900313
875722737 963857675
602830693 723493669
631682483 615344127
825080548 22396495
465596802 929055325
962511741 342548581
295297321 508440350
812060763 635326757
531170162 663142885
581380431 865325863
751010155 453683047
972671334 736100321
478139675 137833833
808629199 777734654
492372238 113339730
730152460 538964187
604673646 527719656
609829479 511409575
245642172 547746516
320319616 330018801
75518832 63678809
119413713 777985723
570311385 492180537
579467301 334466050
554837808 742527339
193474701 407299915
708294659 316276744
274286744 909886055
600833696 56328984
417158720 794520809
943659426 991680731
614543260 103851989
605721143 545157535
152902326 520780853
161528703 910034831
269566789 176966150
699822560 989292087
861779666 811734181
599410777 65183457
619199165 465896424
82401906 832378004
224691023 238729005
66440082 674836688
285932792 645999537
455601877 12485071
217453714 779644709
318938984 284656632
878378175 994740671
488430567 991075564
866811045 595939685
660643767 931790181
158628394 831621139
655330638 340418653
937475896 759858136
154595713 516790886
881157653 837457695
435066621 706977490
17505666 343662962
718460736 534149445
213644354 719419139
970660128 583298518
815529650 618677885
998760431 919104306
979608443 640237395
467080871 595598237
219604405 961315660
778314463 631946204
757718986 631590640
252817396 929770801
551524855 818149849
758111901 60934784
656851577 908618610
725539593 279169671
614845803 669599721
786216220 933616437
556866008 357691294
665124531 660320326
219601017 109144885
9394560 820437849
195423484 516073180
796096095 733280949
61354016 509777141
768656506 505917764
962428098 724326159
396158424 563366917
424754489 744370659
676634411 556562223
758778288 690076782
956055140 604701089
791940054 315582128
945915822 959960010
99348529 983180609
481263763 347721091
624491920 860744625
847938387 300119082
439513694 377953549
184377206 63766318
409782619 94736466
747566904 309359392
670695169 67232516
533547602 598347324
638418474 645252805
106718919 820648637
224636309 977459299
798817282 670581962
404377547 671894145
743958337 644120873
578357252 218767298
386144975 683321356
615985134 647000727
371416292 813623487
993597250 337504740
343950395 756123871
372503516 561030403
326846761 875399235
890039078 757876057
856344153 869282409
36283431 258550621
954192960 314988393
278874547 86264245
364644972 192055326
205102626 7062311
740162760 522450705
398167547 753820186
327395609 670502132
778912651 375466587
524991182 571250565
615690380 350388101
704835983 847859473
887029769 512814831
202911132 879841913
151450866 539479258
526562099 316415809
753608489 465821363
770073473 789072527
694572544 623589979
314707959 411783564
568380093 930706676
93808806 345785495
333672671 263020670
793919102 940838912
83659000 910685813
245433067 84321317
778580729 15279333
73237807 390178568
646247063 908460060
270826494 846105550
174372814 176407745
300255930 309850655
463685862 235590877
29891039 6138745
621739171 934682977
179614359 331107300
859524481 867355631
862824269 354504287
506444707 831387972
12480418 623325604
166207375 316581067
613424498 131956324
121033773 831166144
156672348 262072132
991926187 888424330
723074309 808609471
447662248 664916866
316396501 444288685
154855046 969160145
280176709 828545797
555011024 829334146
784411794 589696437
475850450 19108490
776588082 622864397
850181423 860956692
196973108 421338082
515478738 384389631
207942983 999033584
456008290 982306606
434172449 937516210
454479457 20648621
576426235 858995485
767245329 932454320
812456627 677847098
687068641 357315071
793662018 672062698
246660712 958426194
8297675 141418898
750124193 846800133
363677980 917240217
400337709 151928192
954386094 242415699
69244938 789642485
146616582 962292039
898210297 802223290
679400459 268284440
326129424 353352955
859882332 60796557
605545717 978361113
709764893 250130452
278092151 834311841
497319234 209806760
237368297 349113116
463215059 421754072
769684290 166850237
936567235 614338652
301445992 204847569
576319974 785031170
616616129 920454869
217473420 117809474
807244463 880073907
703403798 679921459
421079411 769968033
118369921 695841591
219706780 680126025
582168897 951823232
103845513 165787431
46255660 434832016
153771146 897422691
398938756 445606944
894376128 123342276
744235223 778866865
552555293 462984690
907988619 186604573
482832385 354280848
914155953 605139413
759092963 447709374
494525431 901951752
500146586 486693626
657670525 179501062
370256851 206062804
275862317 62626573
60253609 720201232
143133587 476738667
189984976 354722677
733770459 639656544
385418375 719166055
745195005 678923993
640296534 469794650
778876587 458932766
264305786 964364309
634275494 93701352
357388823 978280289
348903932 817113377
835889454 374178566
43301565 977338703
370088954 914549926
407483327 596836754
770170304 147116027
77661819 866093456
186193118 129075636
56629812 378499293
810707624 366442889
510105132 137939841
923254245 373836293
68163337 688135363
422696212 86305796
94610765 551946311
413280082 546488534
843478212 742425513
655643987 268091097
563849693 459213832
766559714 827501927
529675060 347790070
929555292 863656595
886211115 800415304
410896173 794519077
526871567 415260432
493445723 116941295
571066442 499178836
322555286 634549798
254729160 551238360
229890969 247497998
95487685 201917705
739498186 500928937
122823592 942141913
576403660 917941652
396169641 710768320
329011658 339529696
223032016 877007789
330692036 741598056
842864863 867081882
47523671 575828421
432651567 13188848
235822802 811540761
542942075 164684888
649381072 721743623
718677249 208041235
231232369 682837624
570532333 574773975
65623441 253094118
925395966 157583120
684415991 900520860
776185752 62246263
66779490 12021749
502127859 48582009
751723960 666907439
690592142 776964615
20202310 788433520
567052970 326368403
605053433 701130880
81670664 516033815
244514442 746629235
180651990 523822969
719734233 118452489
737805852 315604226
578538625 740893941
338255960 910601981
727058893 1884648
796449549 31469943
958978556 201867618
592968506 747067001
680524497 255280088
683709888 846937643
595032102 201547340
987217718 318351554
361881950 77880530
365707453 797184058
814578962 588089229
608378420 665918378
52428096 529835857
240107736 475423980
164810072 585972434
214376463 564903377
919287513 57338625
838595150 566994864
421733234 947484714
719881324 642109264
815079848 905063818
734257158 656158228
546200881 412099416
173593026 185301396
699565975 539221760
6253489 86822306
386311848 871786657
858762688 214515762
841820863 177577834
625547134 191524615
320378063 526816717
322898931 723390299
220606541 136650972
675619243 278824217
839204514 490122422
162582065 345109608
382934389 989093308
198592191 675443577
444418471 404942257
239342944 272720097
636097180 661259554
415159431 614677231
921390223 667250395
245865544 876972917
774284126 857881416
614937908 257894714
384720971 264577761
887968023 350662299
30580631 370954448
230962988 79038085
33976971 109925127
726402418 652272867
864694242 240535713
677788336 759112155
15089821 906156663
31341520 668494073
431905785 970929017
466604954 691581192
582348397 154997580
820163889 950538431
445902141 228764720
161129851 91733957
710239127 458844766
184535788 299330569
854128090 425991133
484870221 294763943
131732340 70363829
747069483 35753189
806251689 953680706
35427687 90192482
769961495 788437894
751266954 360867934
97966251 502632050
740604336 937476964
95660103 267576715
894273481 560130247
81362863 355197977
256563179 23745555
867868708 307721578
888587319 997638317
289859348 80612984
500235993 492095091
447485456 384233969
94184327 454238449
100365930 729746147
216521650 422954454
269251554 257559357
249667679 410712895
959092240 110068660
103010217 270974998
804564813 932677043
650158151 463051445
329628662 154879823
137733725 194409305
963478165 897414092
348116695 221562009
880078212 907000864
595357373 297277468
225304228 948853554
140996778 865443720
251398238 392711744
662690460 864166703
498161239 353248862
174636496 295571785
946348348 682319932
454733548 735758650
417161961 232191958
490385117 146465077
504926100 625627544
217540141 293420126
476304511 666996744
974183054 566491080
717878557 548656510
739787370 524269247
829256610 883382645
270136804 304416089
777669507 169268689
227536669 769887636
533288209 403696947
806898283 381895381
584911426 150560652
60355173 368053117
203821391 300155898
755463141 524938375
540315467 879273057
56027455 626393783
6972028 378470355
973155701 634252692
851358537 109934189
288642807 821215589
602223205 344556345
952953370 474113859
399887616 886589151
205251816 626482313
694107372 455351828
302415744 723172302
966809254 246302460
827312490 111803203
780650847 916673394
921960986 296345594
307381535 238106087
847516859 914217744
78709290 528520628
187906370 603835999
40862851 593365250
735703502 478825825
265499635 670664416
536778379 569273784
631198032 461308426
413471645 82556255
517805799 350282463
666877417 46092701
672097517 45009599
513520997 385907303
853310232 208314494
287416017 497372254
151183518 902927486
112620633 866399766
684734404 944860232
945847793 324004135
892394725 907941050
385650387 825680915
538536686 537718546
390127161 391389816
998187674 604905815
229482582 994991482
383395847 961494023
187900958 223397777
491526503 883793074
735893095 859972797
835573764 638946992
497793415 675670148
144417966 457390436
974213931 86105027
215382245 632945445
945305144 37374451
910678382 224105599
193185831 281491529
75553625 145070506
324475515 410850097
593092839 540742424
777444054 652415669
656417365 54267562
659544877 320940127
68544988 502761467
703100863 904967814
538816876 948267423
305260811 295957487
934613251 313987094
378926039 740520751
325393894 280817846
711468720 448563229
773782050 133637971
134777782 203369143
962662744 546017805
450002145 813150122
205854905 245204982
742312851 940905789
412859999 934750615
145419737 191992322
969189923 730191613
587658383 682385848
798705625 140391911
51501450 902509910
1725992 917316517
529767524 113981121
106441068 494271335
423902090 805561180
108851130 104496327
613696490 248989337
468138800 258217408
604910294 527826062
999136926 674693252
228110349 864951663
243399491 987114899
501271893 855761670
43097859 10882148
590886674 955518301
355827682 328757358
419676920 942309326
958481896 735893827
269541840 838374777
602634260 141179404
494218479 703739797
902142202 435351846
400448286 981844638
156146270 160970910
405009792 682699074
64001169 441852486
449008014 76425039
728595811 926012322
549657163 32913529
563665651 807792165
291615200 947598245
461182759 734786761
154856561 181420794
578399546 901665650
740855524 67323225
457366625 363300383
956767135 856104371
424056492 438205829
170253505 40540029
167437246 495307408
630040373 161309344
792974127 768240306
716308866 449481863
91351290 691062432
54528027 509249908
682144937 178862378
585531402 415334976
615526410 60161841
787484775 68610542
551655535 723640767
674117889 950178213
464821323 753167387
313184531 423624816
410462383 302863066
188836563 783928701
254624854 97051862
496222842 12427384
987269226 887592443
311208679 115157780
317316428 361618646
472729312 974700556
485972337 5002883
331663398 200041708
228590211 169435238
81209340 574563623
65868057 774900056
629050362 973492990
647525538 239127578
918255968 157145929
378147333 52699746
739162521 636700707
509490282 497193594
97194740 667103237
647993457 10527006
456629629 703286291
377480315 821478867
858490433 285499313
579871523 451859650
463294710 398928872
277388842 355722461
312563253 639704344
435538052 725607847
578672655 59661436
782862303 319513735
836460370 464671702
514716624 891946516
741368200 259336699
514485609 82538344
445000895 780972424
556662701 251305785
441862947 801429807
109029024 855567776
264080183 742455919
520244062 538004005
404899028 333216422
46004728 641501708
477854059 326421936
974184390 908681268
829024401 113453172
98087412 1087197
62699361 419356983
824166861 751004497
613335846 732861410
839594219 719893301
876941375 929527203
899809385 145068965
263781096 412222180
465000287 256213301
462559008 897860963
855494099 886989705
172804088 457791485
547244273 693143867
166539021 446647426
537712838 307893163
844025515 798525243
149795766 572011548
79575769 182044499
143065256 441216961
244498943 683542169
803813249 42890591
99222498 462854351
597262686 957380228
655801065 708645954
831214226 678132683
405750164 588597422
385446428 230655622
625550703 189487778
497072733 186130131
847912806 575884317
197520506 853802096
419710529 668978640
999809711 860014510
608333830 865692879
923743768 887029593
464413067 143186914
433001786 99444661
49029883 80850256
204533181 938464562
708559440 332607091
312831323 142934198
78789505 33958982
191909705 203509482
926486538 286000063
900990235 525493876
917667949 855718276
291181035 946112161
458373810 615005175
917236450 354406965
486911129 575780449
253151529 568723291
66361818 806470858
993364256 964325706
861815511 4962165
543003249 813616738
6593617 737064797
458630328 803407896
339811658 592803127
988549193 447594390
917534487 486534187
903726558 293101488
781288757 618568702
707734163 726232601
328902600 978911488
407482826 444991757
977983822 687331666
150174040 498204402
438354308 972654003
892711447 553923340
243074460 551456693
596203546 596968868
392323571 959928953
172649434 889663890
471138567 680664427
302412848 200885992
738435511 521977507
347603185 435207943
100782542 752241819
823305649 9496301
63465849 465190615
634159577 136330014
823294519 574934930
91873128 204050820
425505428 662363108
341485136 241873430
245159474 798624517
842581157 892847302
308750132 676263247
664767344 249224633
975243840 807422200
473496742 45532192
208364322 691602859
660708528 371283414
620147200 816032138
272385713 530654569
805355944 336178953
973208992 286774393
526547787 53475540
502603199 583162525
718641735 283057703
936839433 84538485
609999113 935236668
557331466 48884542
793117381 767106628
567941630 948518222
285471559 15711293
698465810 219776379
367613335 950028627
668601441 448595742
824915623 218202199
815048540 407321346
135237874 740991776
687602237 427690715
376295866 887678026
627335887 612501946
924914280 529335749
809737683 221493344
96424790 40439121
46356991 685913507
907663126 637873948
743293836 37734421
822157743 658726840
727258841 703995347
562164666 344770120
25043194 742964224
539709343 698950104
839046059 405425246
625962284 103261835
526147764 778891644
425063136 979093228
369765924 635665134
268707794 136349730
552425055 848392663
700252935 761664344
466579264 69603459
701750190 872254415
850491555 973837133
755345419 215392955
586005988 379732461
594529585 273137347
145458616 53410338
484495675 639767503
697841580 63798913
512942852 992032022
703104823 520036512
54544550 973723174
774563087 316522590
351377855 218440360
8449097 250891598
749391230 13341048
236038603 857511622
795317809 551432905
31460888 407775249
935316630 72709329
470297001 213199938
410366178 789450444
589075963 936227948
273070396 106947279
581925333 123862788
79341858 781006275
597189477 993989823
330569320 331853509
536441068 284209950
930884731 107862915
786945639 361378144
810259991 618922115
222582788 285005740
2951837 327266793
295540236 221131917
747057118 53374058
643170136 775435216
256099668 62547451
955339073 738751194
365682401 68101907
24241324 308905166
43686271 662614782
309041716 302611786
414252390 549054930
260694881 468929896
226022183 890124870
442617094 344974438
949118286 139616703
195952976 190363951
801981507 72993261
538616811 255636236
578512873 295999131
551386399 206851778
593215433 227076331
143844883 705476776
674062121 865529696
448658936 341641385
924302897 310595931
628626621 345168521
37786726 35166195
491561677 725116493
534825582 675227835
111177008 493752157
571896005 715715265
210803075 3487807
654290941 22763962
112822525 188057561
223193804 640095601
928583067 104806068
567747900 145440943
142376581 962985829
605885415 301706773
464512110 846549689
936633433 655379759
443041264 944924668
713640876 383009587
600468970 890140090
583298695 204244575
190317706 575167994
976698672 935310268
303421049 13151630
66196086 506168210
652090146 447867375
545181433 514284410
564423002 833107514
325020657 353102292
27766267 223891669
772818711 953776009
308895335 560569250
457475246 76003371
528518062 228252345
999820596 380479157
