100 100
474692289 513960499
342356466 658866358
283876689 722857419
363696662 612044579
421881341 564141832
473303613 515146820
393681336 582342807
407918616 573788474
295966519 712124911
353992291 636332959
447147125 546353848
358438365 619997333
475099017 512610168
303921262 688791269
380090223 594063236
300127567 703390652
326181452 672041688
296490955 707748321
439836905 554500979
459689404 529012067
385394028 588736922
292596182 715373310
355059449 629295722
426352402 561057577
250000000 750000000
378735881 594740214
271975966 733540421
315396342 680854399
279084995 726330814
301154696 699621109
303407185 691794277
347479264 648081560
422576332 563756893
382954872 592188002
420987118 568370251
356766197 627194488
308768811 684561497
416708527 570968758
263768240 740798904
330836446 667394668
419658643 568655982
373713668 602539644
444950633 553968902
481493556 504641482
253390604 746283386
357232118 623874530
407059874 575785092
397706635 579912611
252967463 749790478
461915413 525287624
442266335 554225979
333603404 665557792
331552649 667002459
272353714 731279915
284729258 719782725
348480698 643532171
260302508 740952981
350720330 641320247
445567989 550702518
308612275 685377418
319385321 676548767
303149041 695906798
450143651 542930942
359672695 615795634
480087144 508664019
372276788 604678610
329653427 671409642
345252303 655377724
347020317 651073815
286483045 718940135
411875359 571524604
402116907 578663319
257930158 741648827
340575557 661102844
323394015 673779643
435333660 556115087
392406756 583437103
391113550 584515424
374959169 597707908
290552535 717374448
476370626 511452806
269087966 738163142
304158358 686452848
431271581 557489596
450860729 540034862
469007191 518832913
452565152 536014240
455352774 532474159
388873574 587054879
366356921 608554654
322634102 674377114
437646019 555391622
293439251 713194163
265651039 739294827
354778814 633415410
368145679 606913018
275143594 728875107
464554385 521340502
312019633 681606798
336013054 665156822
307313841 698766182
476181065 534591619
260345691 741354024
424269235 594737961
419899919 597346193
380695977 638894542
378949833 643711450
284837587 721006360
255163331 746656473
492572172 522427053
416848806 600950928
317811002 692864299
278270527 728661350
478644850 532116661
475595886 538014395
509470980 508927933
306767241 703279053
353221126 660499981
291618345 716703053
295775107 713228424
404109814 620715910
343671559 663583329
454524320 558568463
429257909 594167579
499535319 516032120
406452625 615176320
441711485 576995735
383830509 637735113
275807084 732953074
272910051 733686951
277744845 731427408
482895969 527848559
266100293 736415271
327701958 682433688
371988782 647422115
367099266 650544559
466888283 542290717
329044497 677784509
446217313 566427277
465677073 544297897
431689995 590722950
432501094 586100965
332825486 672897418
305923587 705945669
456974435 554076284
486416694 524761763
446027471 568906341
300401342 710436461
496716201 517420695
268757564 734018788
262768459 736655568
252030125 746987577
387791648 634768117
256695830 746466388
491352606 522443170
475712895 535113610
340454416 666872332
388613104 630627764
464079419 547248775
280217206 724052259
375147467 644494288
494446605 518250055
319939561 689786402
399795807 623992553
508632653 510979565
312227695 696335958
417649108 600492885
250000000 750000000
471546738 539286765
337424662 670823424
304531433 709518029
342509548 664371815
461205397 548947167
460926617 551555785
437062343 581903932
503991382 515032585
395423104 627868018
306100053 704356412
430347550 590797453
390818801 629144323
442793073 573208017
405640479 619172142
369010228 648590109
349448835 661321982
385331309 637715453
345595985 662633840
411608594 609679968
450985835 562745671
408996465 612399129
323381698 689375131
362831756 653012491
512718800 506841662
360100455 655400414
456399398 554135144
326857640 684664406
314250032 695272364
288927688 719328396
357813427 657565060
257038514 742790012
413440251 605671986
