1000 1000
874311848 14990920
286444561 305901261
861840268 316764682
419721723 93988861
769028308 258487713
577773168 271310769
65656247 979765652
468586356 439080951
299988340 445057895
230686694 580189472
505610140 148581330
12026871 589565257
293551118 391085172
226883168 823599693
394818334 322588544
742166456 285885883
356318052 436996851
954445419 309027227
92695308 839553118
290775972 941626540
757926167 371424545
90357674 838938774
328633422 882148241
773787536 294576106
318597230 753201747
133371501 720525707
571642598 219779917
463848448 287470160
206430948 638251946
604846397 724908892
194422688 718229312
673847906 407833357
933548091 43924027
367291093 920164873
240677794 804252655
302498160 920661927
417344821 412659934
341082785 741607430
984042334 293589571
590615453 408370174
395588611 521018826
321998520 530637881
339685842 841091619
113236657 579704747
100145331 412512747
927732974 479423915
27167278 924616712
483821397 596750315
450368895 103627807
659931068 445647206
310111134 907876339
206435650 887924770
98955355 451052711
973741938 176096950
723428635 725385700
47656103 826033850
554799443 357255589
368998908 402885825
526406995 163373850
860092635 167732098
10664542 534499487
437985307 895984141
374981213 557055079
772631365 630014782
8953733 547869728
914347771 125510206
620294910 822946331
719432279 377112478
390421626 316650027
563780974 503669414
226373932 383663216
956720670 470921854
14492700 516774772
684432721 602677012
123087067 838722444
203368792 590264665
180201001 534018623
751106852 420806151
947851867 260973768
590975171 455675127
93561025 876844469
205216445 570165217
875511802 339655273
70785298 616744163
267380938 501673012
352229679 550865814
152711755 778377935
900944524 94743894
853789669 291422771
925287207 49750220
311592260 258782351
863825394 478782512
569222628 145032534
865594729 129334932
477372739 875966264
155082221 960026926
546130542 6220793
713024816 719222098
738185 614595583
992743250 115957774
779917344 456675911
376001010 677544450
103548823 806627720
607957587 791151883
897161955 426163917
929736315 322541635
205197707 891918941
915972634 207356475
832661010 640236892
366677091 653934543
873160090 567374480
769171469 77475798
148779739 579672613
360771456 699959896
116893943 817090663
287565795 698997117
161766195 779323771
648427427 809533077
102709369 567745972
658036898 56013731
346505585 857521244
340486875 500861895
409920936 982236401
959798502 194553034
556338850 880058369
365132019 940900128
904784119 489397156
412605431 299294965
866659327 513876486
755468889 404307306
862428412 256518115
836039605 306082627
173701796 712923992
339973941 564850405
688211477 704969804
815923325 379081206
164977786 536107526
417918461 620261653
100530063 543145235
739698121 545590526
450312759 788253259
351505881 917663641
337756394 397141919
978157294 16983925
548235720 305708734
147551667 777991668
142463467 836350476
524902356 114473789
368088003 704366653
977096858 67002996
537198210 886182571
272187250 531183636
603339506 23820460
407672398 499851394
773140758 212923893
252045658 908686939
237349362 999197878
482577838 587676291
973565783 195586503
603549989 675922612
344758414 819065232
733978043 551593403
510123655 70778586
863923776 435319445
380454639 458586834
213209326 707506694
675381806 525171470
71717159 461600652
676487010 353256463
614985407 314742813
472331579 627091851
711371708 330231920
400900325 542282244
522256455 675742887
718405461 56266434
164265645 810094146
800992118 614673444
66654195 661689101
866405676 434580916
696151283 618024892
230915321 541929516
266976467 237068927
505591862 590735893
690181476 207998336
548442157 32254277
574428150 243477089
373572534 331500401
333421025 509719622
403580326 500414645
359692068 146948336
77467091 538129748
448266543 253059780
811983589 608696884
658594110 462165966
603600908 352083949
995266322 207951048
608448609 345860301
908856471 422759074
758117396 614679767
772745004 165900705
430163965 686672503
135533735 657509206
564983119 916620341
269350464 384386619
968703053 175871720
293464133 874328105
963676574 68122619
522360491 552778977
654290266 739200385
60783581 772143725
502933403 236881587
453445798 134695596
734202640 360439567
576840791 399694767
407112580 491500273
271192455 623763110
323011781 803036020
351386758 432842805
510359122 348476006
556770110 563282564
251201829 922043680
365549243 547064638
144829027 581999840
622822643 664027322
653936153 281408694
27930812 966501771
800141343 621981836
357435557 425784697
490667669 133014235
831462021 591691120
604228389 73470695
586975459 74288634
157127308 527482285
534393688 427782133
682749745 486626250
735298963 461708918
755614127 486986266
207450648 446708896
902396374 454730037
447745018 931352088
87292113 607033403
939266001 523621086
826525678 277980803
169639548 711898119
446619597 315258502
84047617 626360715
615879747 822280399
85858043 665033989
700889702 251096043
544743497 640256803
423348364 638142481
630094033 174154200
482656036 208897728
620327733 557829930
307396347 491961643
611882994 404137737
189663500 811338142
764509308 653181212
166722611 701739883
999768422 183836101
873342936 55787796
556260808 521825301
705258482 594468907
613170227 451847500
221812291 391956128
478018724 551018678
704486585 496226776
539390104 296897547
997484120 60542557
704377866 666282619
155745639 772461111
978893754 211331980
369857861 928385298
758864548 90932998
164555653 710595724
620136432 812029621
718550712 615339198
453553147 223614673
426920877 800459380
863012466 349662148
69834850 579815094
937686721 495039382
577046787 616589666
459576983 822320800
476038251 191113220
527160082 600724054
645987692 326653241
293943373 628927822
919335985 106964191
567075401 277193616
117910208 740822327
478163302 444948266
329359265 736646268
422819036 132404470
722854396 5347912
357563801 895071949
824732218 63802067
180503662 420081264
435694044 719608242
601152941 793934391
564473377 308833672
565414767 806755932
949787527 164668536
810843791 488231352
392373849 156516175
743307802 510655579
39685016 925322298
58968862 680589249
740102971 578958556
651588096 720308542
31212571 859686070
225832243 338414158
576373772 738140253
438775119 643982668
876378590 405886124
316362521 831204191
245211842 475868783
440188554 281599538
351338561 561099498
481379834 786715687
375411 902557452
789445148 431820877
498239253 66866163
279105925 435226827
427363469 656997782
66467906 480551793
156083398 484832608
565601567 487870558
613571146 553175669
911809019 475036589
622513349 439891843
809610967 435321350
777015418 287177467
490697801 123186387
634538046 761827506
686034808 462490742
611744207 709847372
725091403 583151929
514440301 79308452
301678160 360281579
153647796 717417334
340076238 726404279
578970461 688305194
240496138 364296161
501056170 596398486
398807818 864455001
422060171 527950550
151950910 379811084
977141401 415963242
367918076 258587248
875939145 360840204
743809825 730192353
675731194 420713397
745707850 682526635
214108491 540693973
142166155 685054603
924671627 194227584
332953247 678353167
732794985 588139734
698848462 580445218
559777225 161239214
412725998 326953692
743350817 517788697
215050252 320071036
279763546 311553500
493955726 185389866
369072954 692200071
590225473 713485631
159793634 904517050
340250911 710234181
271683708 658407765
141509278 466677028
110029365 400344673
679272352 616282619
806344979 431680904
87292318 689087333
911737314 526317561
182016444 684236924
289237820 794654165
269535330 957338146
62304143 594396773
709391657 566345540
13463418 550123777
389621812 442853041
223309283 682991676
466824201 555840939
861958716 383088744
588166610 297688433
865589185 63084395
429079575 638055355
196059283 920724345
813723116 304405915
130707141 658194138
294251692 999545114
601285369 739799828
868568550 284171815
736095927 595342387
712688610 22223492
153342995 540634249
786851819 199388686
402607388 304738613
501332745 687796999
892102542 320151987
234337690 868301578
835477660 173526484
546541221 832674766
678477789 240583347
443387505 596710432
677102033 303973746
245076762 791743262
534603398 76185896
797115000 129295378
461761728 729356793
834433870 514254164
377503665 870913663
571409836 258598488
518064259 70528025
577317078 129866555
738265958 135725205
724871247 590951612
263686630 289288901
415663216 518807540
486845709 756321391
794120781 477231251
314455656 522144416
356805683 456651518
78713949 890274193
58865504 609573886
44878262 919341807
536499725 117649507
496388577 244047222
907410754 579012943
824280160 494580923
264711859 801868655
75962798 468131358
188542880 666352645
331763888 756957318
855076174 557863900
318497978 904419668
656232872 838909742
158459876 823006198
733158479 42274205
457536885 136638533
543409903 828794901
366951927 920586779
710372309 543762963
191184345 435031277
340760549 466102296
569184810 537919492
211803401 533624123
812160288 557082504
31713056 972832080
396184393 862739102
877925468 463604610
851879041 263037830
482032280 138319666
11541402 704324210
576983982 520113617
473512917 460963852
741422754 731105137
808069742 86924023
389254098 433495224
762183012 675403162
440680375 479662975
438675584 806660501
271687228 730150503
99045492 839499226
894411148 7498062
770665206 577811399
693795071 454396835
687239419 104627844
347387556 479207489
222414169 979854186
769567407 643964788
402058801 409672347
528651303 859698257
770754518 614357390
189067929 918752747
203800984 621847975
923243374 329545880
852687454 103486876
414788862 460721156
475031817 977952413
742638990 747144837
87289877 838512032
308578788 470053955
817792204 639287708
450382885 451480336
923290297 543727359
210442230 875959850
278763685 382095623
764922167 159172985
762855886 296560858
367312869 853600737
391824587 390206739
551264550 232676504
873981348 133427972
198156009 361372076
856861363 55475435
465440680 449404712
373891257 198657220
854778215 138508445
60092775 786080658
603501572 242534566
570227355 381739631
489716546 440171015
121018233 915242535
209914375 773215320
215690413 937808895
443529714 250956599
797738688 344257099
862287275 567803914
386326610 119657254
112622450 475920598
829249709 659797653
444339849 943414030
924818595 144370398
657366832 64042800
648504270 249979289
40340255 860252922
661101386 718274403
598982911 900731038
910758480 523960742
603741393 461646768
740947555 297520213
867003895 383283546
835539356 365815672
179089088 770051325
590132735 445939621
314728494 341447150
318395004 949824031
549580756 58659579
408502635 969119862
931529351 455446457
416402158 680303404
724564882 613853938
285979399 287636434
625285551 822547553
801554784 104836911
279517218 883385560
483725283 764250878
439036189 845397474
398352320 838330158
618589586 249713800
708428034 41502166
375599883 209219750
740957431 149113561
845508408 532636265
533666556 155067562
539743216 591052916
346469854 724130152
409649551 542996251
284887099 650654793
138528168 665367826
645691266 629396059
206070704 614236194
554748667 524432217
415273298 600567142
943232468 386335456
792364952 692786663
923510647 381578011
776531703 418804051
27435352 486843942
124852639 947237876
541833160 686319633
471944397 849627795
206331233 721238880
391815194 494772698
682341553 50590802
410571060 227007748
496529371 507647377
850080495 440516458
636668244 196986135
205201119 330766742
490746753 621104458
438177996 129570309
525233035 60754214
498653834 574330634
35021434 694330359
256281888 628161340
844520601 183948521
601538393 769745408
307755138 865092872
613937915 477231929
562963434 102490383
562143398 343370137
568681355 113652674
212971504 637538089
678706021 138066310
617763874 336853891
753596323 172632026
314801351 329788262
435572972 511217667
676987158 459906069
11285711 965526531
802160552 183530114
981144783 274793933
320248784 427629350
973610351 183851431
823385398 534948305
423301917 286189537
130476325 696580719
835208560 545254060
452327690 399064334
527682515 556002808
115019286 935512962
638787133 163333383
31046714 739494717
764225615 555921293
61021728 969821196
980833011 139591731
655145795 261781707
757152693 695485990
865719245 76678318
199380680 608633843
422439638 839025409
48368095 889180847
555670365 86905833
733732721 60462342
495270191 599802337
117105295 566391184
521231341 110081783
475140591 944007492
450767868 648415286
207295695 376862142
152732468 454271763
458373596 618527667
594090951 40849651
603906172 825145143
491891238 318438609
452811437 264277172
441639362 994183381
414504972 833413502
153142747 502667730
700896445 333128016
961518797 351738586
633225985 800961795
601390039 724104957
617877537 749307559
619790437 647440207
621441719 276305951
559532532 554244296
28510224 714986092
114175540 904510138
802281915 577813568
547714834 52871070
453915110 691523027
377703192 421640761
259080149 468436954
448908165 68815073
929317169 458517036
983300894 322243032
461283436 333786055
189115483 459418821
683871615 126594504
838331773 597900095
142774788 940264617
130851916 554902703
230923876 530523766
611134859 170304423
696893761 776581271
375257946 294131610
88798574 567710640
171209065 641823568
160348013 642854393
416055461 302898764
558362939 417688433
324837788 225189754
357016206 205338204
487047725 388124693
563108367 452978088
176377466 880667164
772575871 470032277
313789277 520347337
132928561 967810503
784717476 489814861
180014861 735583614
556451076 565213297
369344565 392160391
610837092 694298852
306651284 369083158
720439054 462863484
733865084 724538974
262967889 800643963
761045637 480797626
543766394 235544566
654112732 357955737
561598253 918662899
955900403 56347114
595076233 475539365
531827797 784099937
774799650 331089052
930644733 87819459
797971654 265654094
235201176 910410575
299812777 445910648
350470935 892157368
893454575 593544487
182329180 515574505
192712650 808847719
349045141 284951156
545419796 483337858
762890323 580133516
11086131 995374140
563869539 454045292
241379979 262551250
946493320 226131444
80037789 798520292
425039247 140291700
627140189 675840226
239571972 779592667
307331980 843232501
719257763 145770174
664449323 658573711
329910999 234514433
577658198 868765527
561313386 561629952
33634859 816916422
24205871 790158297
212985317 685383718
270310023 693057160
268968922 466605990
159740886 728598290
456546749 284066232
914044552 351662018
212907988 804645692
149377968 394890222
401640364 846033306
611365138 21764031
235169536 438297656
774541234 397550886
243514102 811261713
563538812 319131625
901387111 479972974
133148004 951205938
936596958 251791571
568948753 669448183
369529871 220750215
696265177 124824695
360679277 145701182
914253531 258332685
594161390 700030459
423813813 626579581
420907390 432965298
355425493 344267977
88827478 700557392
561563205 491268630
113910862 861239430
901657025 502739008
232198700 614298318
789185318 606658063
354949592 433405387
324099417 345390779
535185618 12563971
941795530 100082888
436378643 616200745
570598785 723178114
729708641 589866911
653388378 249563313
640852753 812741356
831028206 462607128
421358754 446858187
533281654 844905205
760166410 693033427
455728980 859425869
552573902 150994108
452020529 327915786
893134141 70923510
473206745 351554096
481510053 441582288
484104737 719252518
989807175 495939382
448621833 323968276
318973572 606542591
549020719 604703381
158474161 859573880
271799710 614163149
635244737 546101692
819243698 84984461
299866425 718725693
357112369 259277825
420008895 257471889
538376020 574221261
28857751 805530336
97106833 905244197
490158349 95075093
757965082 52444600
106880321 826462881
404436673 671414561
404926239 758469681
44761312 549302673
776181852 394360577
131227885 768409279
449312285 587155716
5171559 864694959
440010191 537152846
638040262 258434186
174652554 656403896
968592885 308657571
919721145 301466787
603254431 391528993
332899492 271887666
722797420 381855064
453301882 536336667
14065602 941789519
428068703 922169975
104364366 470881038
272714933 472670977
504098255 628638337
643490492 334979505
499217944 450645532
951947250 61955554
424010555 995314369
945603576 125475258
590418230 697387232
733720121 925595
869238132 383949828
567888324 605996691
452902611 808326954
81955209 631890272
289897651 556604523
892612465 226759904
865183813 180241270
924829866 217554406
61112740 567157330
322550932 301132358
185641568 691732273
390207004 398350554
336820836 990459816
678598405 613442568
712466852 335134439
523767877 29049409
539728133 577574205
566415928 175926747
684529889 319689294
717718388 211388925
569520545 858186152
98869932 769419757
839352528 441436961
380234232 428788641
430563675 300468607
974592429 325336393
461645005 720825236
92910762 963702846
392463686 996471546
965055122 120488584
634585667 707429230
507497728 664208543
387559600 874156290
825064758 639702691
329295892 514578656
386648961 826399316
246809305 960269174
291687962 502083035
777249978 479499956
712246448 359248078
292537905 474963739
183519786 964709523
785717500 479215446
52541525 963216182
919891475 284879407
76910050 858286023
431089822 998091627
218637237 703440189
306102933 531736823
822829185 649384357
389016596 242633348
255207690 973433308
164182877 751754476
948076103 534961084
217418013 937406917
236920734 263849803
639834888 317725577
984589331 373481890
592975070 20964254
649952111 334349564
347521683 756637514
437194098 69807227
527256891 339261616
444026192 94174456
556420225 130565689
672608396 690540219
67940194 710564755
471425204 182586136
508142070 293853850
284076310 322095867
830017427 648862061
179746683 914924868
556799509 351605353
397244406 808816245
602103407 412847991
206958430 877362022
383534509 227230315
702775151 6458786
548108328 122840460
26428336 553247061
410389228 341783476
773910230 531805273
725141810 220851776
701443102 617141023
78881908 512705458
204922731 727942255
872123125 135292624
933279817 525987195
594290468 414835742
535810604 193177945
609988031 293515186
464615955 267607129
836337081 13893657
753625422 208900783
823466229 481177843
548154417 665625645
234106052 742928671
921099209 554875962
420870492 346809367
483208683 583317515
663070397 508581183
502065605 169766648
778254508 614319143
15376879 637418475
777653562 481577189
482343627 145107785
477181034 902093361
301087125 617399978
559406638 300850492
210113679 915693699
131025811 436474424
712102600 522324261
533819062 392466352
220836115 286603515
863803452 513996646
843734399 81410864
550818433 272676894
381796898 632054557
762963750 258847338
87722865 499599273
364505401 993234933
324857038 211055758
199410821 726174531
670733080 298411347
711815384 762838377
538513682 563039595
826530318 185774446
513519118 624510360
148648793 953651871
625005419 492770531
225058366 527613690
878261828 320766656
334767989 190495715
352351492 815949036
281221337 858037186
296092418 406298546
472842276 985277935
728378812 152791480
555565126 30162791
790611176 547302456
822871328 285377222
461982358 455613048
423387914 590206938
525397276 540166369
558909537 87178025
411045695 571441092
517404879 410757207
99042576 802610714
133532586 506868298
590165487 186635677
122421355 475789438
873181175 225347775
682599565 270601885
677407410 176761807
777573128 2540857
563485791 22597542
766648329 12716711
672324572 292591068
975014570 170573250
180437506 585691886
235539030 853135070
614081328 472716999
266180974 866588886
490721514 496469500
502883609 843564309
854156733 257579523
939963027 47588382
605222326 278357914
245947529 361385844
753874703 727143381
419150125 452002818
189945595 652986015
436856219 831911288
215493747 804367000
512262561 188842606
643624709 779746430
391030764 356211274
157762553 927201090
574729417 86717481
866706470 547438636
993955988 111207102
754934899 295872553
759692195 611424754
479593160 470651522
327786462 622692264
750670172 50453697
764289318 275218979
482509750 584596650
161827792 809449100
462421498 479330252
783027201 427648047
401858429 888922917
589625586 319581940
172066939 336323009
466755098 371053678
51743292 887937772
430972362 798333694
622504339 534787072
948035111 205814198
426406439 138197005
476209742 970205319
338901221 895341813
290936143 516242334
423932676 551523622
882112648 24156797
219181723 717782523
295779905 811140142
789466187 33817549
179241041 599760754
48881305 800651793
423152362 708967030
372464368 315183204
342297047 348591257
65790705 436306498
727200157 352997741
612940017 458448265
467338048 569961993
719900885 479074273
511831131 398907791
45312312 845221156
561418650 396963496
168250699 954812811
736806675 43781932
151186006 855243078
57182393 652764868
517159721 756276522
313628013 601986640
872060587 254752968
535809051 302298115
512543789 961925695
2726651 593816656
341680862 387625268
643777297 682810266
476931502 513953746
544286785 753253121
777443712 653116547
565624498 85440035
744579564 727360854
776344104 249252346
421747867 730182267
659433490 351383123
476056495 132459180
242556999 332942985
398760718 835080245
225961899 628602056
463563829 552666909
245127208 548098759
834021683 12088506
633063245 863040140
774891088 136082812
646001369 814104419
724396049 424614186
217973030 830903906
374199557 304958103
471578145 275091033
34268515 500929461
535733877 609421427
708677314 699143109
648331449 490814621
501163570 361761054
629070795 811183212
519091482 928797954
517321999 148737846
232267737 387526942
565681097 163474170
272237675 257336780
864474736 604298944
172267192 394732784
504474146 405022897
453927514 110031017
485106385 84872187
468063641 471282697
698605505 179670177
106745772 771666436
594095625 860694691
315508434 261248579
509644304 12792480
571728240 906327243
494452064 928259655
361052267 875572529
49278404 863812416
193271666 546105991
522653514 230192428
534961144 658220766
462146463 211784292
356649447 534356818
827905300 586562175
492594766 729054675
935872053 115406916
845908969 385553855
775762472 524148957
873272631 27551789
201091583 353266740
463580619 852506192
54633728 613688735
717575310 107216138
653352750 480558743
899765967 217730883
495731995 658811734
563905572 587507238
57913678 881837428
255588082 327791198
638088078 53193127
289490899 851606949
583415146 690597744
467932605 988765473
325690507 658857650
800068612 542881669
198535324 757577256
537471455 106626922
682099695 171853948
724801928 750373449
46785223 754497533
105158235 717848150
525261493 46753679
435501725 527735148
954321033 447335884
485166848 553864005
639048104 820913079
425538991 547731042
176739199 463899846
442279812 164445296
609548573 581910291
466714836 967783666
229398090 419195235
598180172 732554630
824598653 422355011
720047461 324509552
597988669 544129343
277441876 476585275
163126854 547715449
294955209 571200300
574764463 696129117
362346101 433246236
750327479 630079378
496453501 51010257
831569191 589645674
709578963 677524447
857649024 549477121
742281953 442224077
227611139 462260178
328204553 827577211
451327819 725834810
808609170 240282335
277393853 770826258
131921200 903293654
919295569 294609248
353235229 243700758
187880313 780098824
870355401 167605654
575570565 83948690
459715055 390167047
695072218 437482732
478754829 857045180
486777745 70798561
928222874 360337976
462239844 279841308
923559484 14357963
408435483 671910382
208682372 931138966
797107851 469178709
331204752 703955680
463614303 461019166
978232049 339556109
677208015 603699637
772134012 653241841
679629495 539384291
456511978 145284344
838999596 311441873
393507220 541838735
762991226 101981660
582170460 409900043
674526906 210921352
564968458 915061686
926872326 513282634
520734801 919572618
796903256 231935485
201711605 520874694
112671685 919617878
753654563 509772608
433270645 638054113
433855992 956113362
180170979 689027689
607952626 611403054
441955457 551538996
878890201 605361991
221701310 700654682
536728011 97913528
129938981 603584289
705856884 674463693
323292807 198645643
470188333 566864111
175689989 998330985
793212941 225131880
917898908 549601899
701796251 668062195
782101702 4570344
578754593 805371062
621115720 848851273
51398888 943278050
483522781 76915877
443324569 615721574
956057143 17309250
849438495 437171299
845262556 116553998
718351119 652576601
109692900 801060630
35364337 668522295
832438643 51991772
787302883 419584936
666973070 744416918
637444044 234930796
968925159 186104438
574474836 54582999
593904562 824591654
709157234 611986032
813145046 612735164
190138221 950573183
476682736 571288497
375394789 567482189
997077392 364952886
442440354 695463251
957381992 17788033
631683463 838021070
849988830 222976538
68609977 815296342
499584649 79657672
213181628 419051960
36169374 566156387
384159599 353885238
568288464 5859214
89520821 823122193
337701638 163996307
221921383 762194596
201851509 865953180
837310766 292051790
794799300 325736963
455301785 905168850
801272938 272678863
377379820 505637089
882776193 385711321
721025109 585021502
662265064 134622978
189443626 865026176
318996743 921737270
192872587 416675082
208521256 589786649
753549559 471547539
787331990 271379825
893171208 101947905
182503416 815543361
261187846 953971709
777853816 251261171
443388079 644365475
634632220 25900477
837849757 293927117
110569097 538145489
925661505 32322146
807259755 680276501
549499894 670696327
536690180 622364013
484621574 864679321
447721672 410452700
857168062 300794576
294444686 667345736
375977533 889590428
291845296 491051823
189907684 943963046
141640719 627729309
118764975 903058747
652872260 322153537
697721919 446386135
965379380 364554924
576124737 699899352
29905981 636642172
112835826 830746132
723462536 373576810
774869592 191064715
504959197 300046780
137754077 704543719
380874058 634272546
527806808 405066393
908139355 329381329
112386775 484111535
724304130 655155830
568358194 221913543
923557041 117148470
216037325 588948201
114816881 603715874
922933550 484205131
791975042 103943061
757394549 525317756
333159013 951888093
12745476 956922451
92429992 461036134
648381600 843842566
166750171 382028624
620045473 335445074
274974646 731363172
13505774 904547867
606810872 530631916
215092880 289899451
332514511 202801391
644175640 279346924
241897505 700407310
450947448 883137095
783006641 268144372
94493934 923623825
171846136 651039370
786997377 311718256
54755153 642127414
712935547 534641588
808372717 685484753
808641938 98377622
178152842 780965918
334633226 649320837
695831780 79723957
253199444 463367217
858440928 637085138
280473554 779961615
882965646 348513275
541566997 575313030
674424557 640239632
173932670 932813313
26891618 518432014
536636194 753700961
198239059 681566924
556718786 648858979
605048796 368375812
186819901 714247494
816858043 78292322
547126464 485168315
277440496 344122599
388086336 168345639
251971612 722614237
834282343 427020067
880727960 131616186
449304361 679417838
577649044 725252852
10898126 687374538
602268355 137900673
25016650 929066264
150613075 701074695
461901267 872924716
804145572 239671619
799248299 651398287
590556347 569618518
797989597 63608330
579882336 646607541
308111706 342907111
505766557 839813315
401130189 931142682
686770086 232947502
710068658 493555840
921466627 439463621
283637628 817199912
97339537 439342308
231002838 876721933
223896780 540584114
656526269 771830036
688120431 591521930
646907626 744015724
630440602 612344831
631599624 38895445
378147777 776587886
437830021 886491813
886867205 233243027
976312676 220915918
474733421 294033824
308739213 896443840
622345200 655100948
248339330 804194638
85522602 738366807
285614867 302271184
280701723 851182412
952335466 465760971
981018611 453922413
343232300 411544184
409753440 222438951
499963739 125106794
671712320 142744786
445295783 882587668
266704244 880854104
403407500 775706125
687563860 767692734
494050392 113145014
203909041 498135299
732417434 205745789
649568522 219147358
941544556 227760101
581694581 817379426
236926648 985542012
586023109 273512273
646260253 419500727
350431203 248231208
657443579 2590527
476448642 364782299
677154647 346112333
243851110 680326870
390539512 423558837
532949897 585425270
23608679 488254424
938048934 548200138
310535777 960428231
675008308 813188333
365297027 495985374
462352390 121624975
578897380 34725177
41487483 466123725
407020006 364693788
476990116 912829676
571854028 248258735
475195313 815580647
425779859 830161359
233574363 749691433
223788060 752697055
416663038 563234548
624893606 578553772
650742951 185222166
443855927 530111216
103348703 883699224
869018698 91647994
3429816 534902425
263502327 353731566
637739293 618839473
511893959 150023740
494286961 206825631
38423689 770965777
668632748 281319565
796104792 29231631
338285923 167183782
448460197 59490576
318506998 670155678
39824277 928727984
460139359 587442582
408867569 428704303
522892311 303880503
495920702 700047054
692761903 169603142
949869285 162545191
5782987 745708779
910057503 371848187
895241102 160607825
456878235 287356653
347769466 933972452
776568108 379237528
692783205 487053473
632809161 155225635
89557692 441872851
174681135 829421211
692989562 788508069
434054374 663914719
338739667 534152169
126924000 889646383
692376292 596168
659320868 75228992
235745702 545852527
533241599 634496822
925499956 171453564
765485315 78211728
827336441 638787193
432615566 321134426
386464046 943050624
403185385 736887144
37528618 660599985
405847176 878097303
30444835 825095587
319940495 989347811
501287138 311173710
683695511 53292336
679707452 615392947
968116644 271121379
442035946 639298571
735235256 736594658
660925964 169521815
230226080 936603513
467484953 305261160
90676213 473968037
953175067 326828295
254112564 487571726
948034588 470482530
764656043 42523119
488753022 665852919
528166149 313623820
864003567 74968011
476346058 174382432
757930107 644444893
73632475 871284583
638567279 293923692
757789359 124014237
232702100 526801396
436937063 141032422
248737351 566655912
350790211 192938873
359387312 232288142
730832113 765898755
620471140 57836602
260047711 761737709
596796769 688666404
408166049 320043855
672589187 567616360
462655595 715757123
858439128 599318415
816348971 575176598
398112733 313455573
393976613 499358133
193392462 728272516
891301768 320421341
64539134 656856816
460512925 546761425
208399359 742929270
365116812 257449259
803735452 259796132
242983771 790136362
389134328 389351950
815119987 207561680
296713796 439148357
559667740 454890155
505393452 501846893
46225259 913207047
866095059 572806062
133792248 526737538
876651792 247240927
11319592 555363141
57135126 890536259
777533541 615791555
627602593 193391061
58035472 551743526
561711256 658551637
875750555 83979767
586310089 134171507
638861457 174552798
686977960 350117030
217201025 647593454
896830238 180333256
431024712 928461306
266412691 521063317
850703833 92362511
486913001 965035776
979467190 501775663
982616412 136780541
657484650 416270958
407371501 476378746
888123395 164585381
557767128 570456027
173642939 984788423
496588885 638381789
315340886 255497940
612678025 426071919
371527592 515008622
161267009 444148078
507840637 134368507
347957769 468553609
577295934 130718630
692626960 798749343
240350507 291554367
611990043 592061746
936124646 105923400
485292302 897134249
321172617 476495982
140087067 406273240
302883775 805100544
444048186 292145734
426898644 208218937
891178317 366084053
872965470 424087973
512592541 235773684
70410545 948611473
196374653 330441342
789306908 556429248
757308519 3511639
322039108 923151106
146599964 866572868
415709685 384586731
561585005 679552406
310181401 501332634
488668044 272658550
422788852 901539487
437320899 844561482
485520726 164584054
952048924 29309414
614364088 313689185
80320590 949465054
133999922 882497141
915838975 485591438
894399051 71425305
867076578 40462226
489477717 941580326
225153239 615736322
557385205 472928143
236621246 729030694
901853975 277190861
935335353 508573897
900647680 472561383
158956498 494275973
248731108 786157496
442017711 337413452
509238356 730917775
463562303 583084942
57743 592005745
735976601 674932376
540133234 231136658
184692696 981008915
653139050 365802377
518297248 558770256
631290917 27150046
845596996 303590820
700167573 498710940
242429608 546213214
407715236 942475006
885678852 472838438
687285396 154848224
719524517 85130845
949406824 164433565
836113170 628144865
396059753 401529533
775921319 277043835
501384804 501883519
779612219 563147733
535408794 21470869
72300007 527548021
934493109 268809376
140433768 446517194
409332947 679087073
329213713 548960472
598815095 691168559
6823447 608068738
846680066 68098593
340700270 275166277
596566280 623454914
390726357 702159032
363697456 275296476
820223128 35859632
737540404 172604094
658013688 755390031
377341908 453637501
389651848 316930553
776723033 50114415
817888411 601992481
506490897 118714647
708241986 175241990
874862395 427944291
17424348 621985031
319569593 680080875
432355085 159995917
715165434 719805285
445667672 809454366
506608505 607384950
377012537 889990769
663042511 457714746
978152304 347078813
449789172 326302507
176735013 473573417
291199225 904523075
746194384 262568903
712785125 524859493
527367611 847174498
874687073 612896302
996728516 318107141
546201691 818802510
432595919 513836371
864865898 15056204
914474580 539409478
199579042 748637512
415246730 852815040
491102201 552783523
457885105 246954882
809960105 192294936
241647237 858801571
172224176 472099934
969990824 89272134
410415906 578764664
482957712 335538527
537134832 125102079
733466175 676257158
339117999 479569380
577069400 793073479
647219904 738669538
51744698 647385513
14302503 668484144
191580732 439467737
762188803 171764841
769203153 598364534
415975910 259886029
826024181 585506250
377358197 765235686
480946765 485285500
120938268 644114942
883885890 20672133
435816600 157905200
170199633 435708289
698241834 152937958
567845383 270987499
130462225 405763751
615590988 501696980
251471941 302085093
390523845 387114885
433305516 878396542
294158262 657826772
244916721 841000350
871805090 43741968
946157253 529863079
386097323 114555032
581775714 836782944
390607310 249231106
510306734 952838098
776729661 298066408
883612383 169877080
391209511 661539237
663494372 434675279
568506764 762044140
952961347 410433475
874620197 150726397
127543390 502252455
766149649 701377205
14663416 978248100
781493059 656861709
853983580 30578011
897478794 330703273
812650768 142761312
680610643 544836232
730054190 500853884
117835905 723490181
905039528 440430240
215391156 530213125
405507514 168952004
760564618 324161573
458533385 915527130
256026071 370785071
465214800 410904044
4087929 746955427
755595889 706343869
867188966 8155122
547900184 595016337
275298852 981687260
662110786 525595416
714341466 499885410
356670456 339094658
72760368 439170152
846878412 295049097
156440757 375603484
503208260 739573824
651403244 359392826
752857034 508952193
429612772 450207229
661131067 524652746
670158029 788752528
229319651 759802743
125721062 844816582
883424933 483016849
625313170 157196740
628198128 232154599
195672686 351391901
487011036 340744049
298356980 580002612
161007250 657461809
592766706 320637795
709056350 160288689
930444936 5982957
267083363 567712385
597679789 858545152
383699764 142058243
136450558 840322817
776229508 15704448
933302462 75554153
898334441 523418190
811269556 607695690
110099137 471294656
795013807 585445350
549946351 688734376
252318643 984467703
359993915 502962819
14533387 622854835
556662533 458002793
741188094 381563166
795450015 585882585
480285018 144491726
356830346 237661767
409879523 363646239
329134078 446850334
856996871 187700887
518229664 430801603
965396231 281071052
453508351 140136271
306597226 389955347
786395164 196049039
749882296 470949556
577688807 163034445
735663338 2009973
813855130 408682445
126783058 407020571
240015052 862757427
887502264 288557790
996289946 353336324
960241882 9915705
441163335 297923769
102949000 427963218
519164950 197185609
64077081 798137994
138164872 421388971
605997676 853333065
862656035 266008894
578025006 865688357
336018779 275588736
134111794 620580860
644900483 848743221
370723718 666644423
266558614 965572644
366428362 665884934
936145662 500136506
874493591 548616307
644117556 103374716
692352261 410084868
359829921 737278656
969918337 315499858
363758084 650444375
515914161 352612712
299331155 250451927
614491026 110698053
894717360 148619069
262262341 620232972
2931038 736629101
655298516 572216662
135066087 548990540
308327889 594855466
388903169 229503705
561162577 182834785
378990518 813102340
284766580 853819439
691655110 596562561
166893154 452541248
514331249 786274894
928859152 351216536
846729679 364640355
930627256 520082670
455252505 45761335
840388564 627969852
156575377 786742034
542492182 668228672
415746046 279672974
646820755 604462966
550436044 850091782
21652738 726245556
477702518 590755670
660072487 46623745
135984064 643906123
229061415 797233812
962739267 258670418
893644235 263541849
358268504 153985230
171016220 490951365
139545232 601601103
572118821 701549671
691199063 35058611
398044953 935142755
612060546 519116756
777814603 211070886
768499279 73542988
423048826 94936956
290007125 871814263
414580336 477834622
245523152 927016511
595062313 733605416
799293989 26197412
692129669 640546470
385986838 484408626
998188313 28980360
866824521 370299719
170422872 947332842
934686116 349714512
198674490 427083043
154209994 873715714
851205092 47228815
806470575 27729377
62219691 667228010
394655316 912024168
910722042 149653570
163562159 560544514
436835286 906179060
559317818 853548584
962745369 387975128
316450434 594729025
987485823 303806915
438846480 199084931
697889764 283243548
544484421 310806905
926963176 454724223
312134637 943668797
321296750 359390940
628393661 340711675
858083405 323278302
230114137 481568855
54675610 775385745
187912051 831853675
510390276 104780747
684248853 434794221
312559146 993368620
381878426 624555177
398952982 597276271
28899713 966185742
333619169 252483113
632761223 293867243
955886706 116498182
668581142 174206877
530090712 801068109
233522511 330969631
681239007 365638086
422061096 930760193
664836272 40386286
878080930 18410442
324852889 522299504
849793070 199396276
52993314 899983615
538260508 739855820
803455486 241918984
494731515 200802983
645514422 112033605
698380747 257054354
475573864 299765036
98622403 547624498
534566479 227395280
397309890 668217242
840849629 515124880
173435929 975413669
234509573 453597365
397537024 359409629
922463457 190285303
343432068 390591670
690104591 709748750
368583682 527302575
596341741 460439940
891049748 325483661
345205974 650305957
560882202 390466154
277007797 298469540
731479395 299668765
297980220 285902716
742313010 577052407
332433133 230372917
835075341 138168983
479007080 731049600
74312030 549959319
502977516 805054103
734844151 610944811
129613654 716563808
416673936 576655127
983067416 188661195
610682589 739102231
379348325 401837075
735865941 78678477
300710004 581823467
744688431 471591868
252846137 614987167
901006022 20743373
235723132 658605762
374081602 475388678
306718207 905736681
673573778 820355252
556882673 307897657
912921779 281357724
32425963 484915774
284997442 735977874
189492647 894461993
757951384 497375495
933975221 482266260
624448971 793773872
623265086 327469692
169570612 713503143
423725081 578451405
85286467 875680937
504736246 223288428
546304562 544950078
727342335 256380546
206648315 359181379
797557082 263135914
63061770 692510211
506757875 63201955
81928024 812785997
634737429 610604580
95058817 462575277
7747287 924111432
422954838 609295823
542578549 175859284
631143138 569492245
