1 1000
1 1
255266657 3
510319223 1
618118074 1
61167049 16
901083241 1
256887323 3
1 565015635
1 785982227
1 929306745
419009786 2
1 928952135
837786427 1
752703683 1
145663045 6
1 751338425
1 548708450
1 563165195
1 788807405
92992183 10
390550030 2
32920614 30
3 330808558
976737637 1
1 502474406
227231187 4
1 751610997
1 712788196
4 208196749
2 355061210
6 163966331
2 361419464
2 445475273
5 191821312
5 171935814
757930573 1
840796032 1
130257780 7
3 277411010
273585805 3
832734541 1
5 194057871
3 303470219
1 887203626
696511221 1
863406385 1
1 701967750
1 656039828
584249495 1
591540573 1
1 989873871
12930922 77
2 476929472
759350306 1
59474151 16
846264263 1
903278545 1
1 810112218
813812204 1
10 98377871
707529483 1
980744255 1
651011101 1
770246111 1
14877979 67
1 798770534
227871469 4
324590307 3
399625627 2
742448481 1
824444669 1
571494819 1
4691433 213
1 611065546
3 255059138
654939581 1
307890961 3
1 809966061
429787307 2
3 256512076
154400207 6
897949718 1
357279798 2
878121643 1
226540670 4
1 863466296
1 658695113
257408351 3
5 173792546
2 391622581
2 447520021
67327377 14
2 420345403
447872093 2
915946095 1
492809426 2
30608019 32
345323089 2
837383743 1
1 557307836
27831609 35
1 554628870
736118761 1
2 341465045
93117656 10
963526891 1
530680557 1
864787735 1
1 604946361
1 889137285
1 649044016
1 750433724
463865210 2
30 32367851
2 392803304
2 497936557
678882871 1
932948558 1
96806029 10
819492608 1
1 927093301
924768885 1
1 787531551
1 685219385
3 280164380
681899267 1
23 42109990
127223597 7
906156178 1
6 157611820
3 319865847
150536502 6
260256533 3
107640396 9
483048246 2
980649989 1
165019754 6
1 818709253
268499556 3
923101694 1
3 323301157
1 584799401
360335294 2
1 978431668
215680758 4
766473406 1
998259846 1
858749984 1
1 813690376
427055330 2
750113816 1
1 659427503
1 947470702
1 996306033
3 314217969
1 618815557
1 521007736
753654955 1
217238239 4
566754284 1
372620095 2
1 845089620
1 934742853
1 801075285
5 187084154
2 340659533
1 797284612
1 619508960
1 784378346
938898314 1
930526556 1
121461402 8
2 416708363
44 22432534
14625418 68
2 375642703
565326988 1
162964545 6
4 246680227
2 333922481
3 254879313
3 298366772
4 244461177
9681289 103
2 403386481
6 145561065
149786122 6
2 354288150
1 788489413
1 629541002
899511647 1
2 422103794
5 194661421
160269241 6
3 320215050
1 966677550
2 487566313
648439552 1
797601243 1
812887881 1
4 240036605
675386751 1
2 409512584
79284630 12
1 590067286
582112156 1
1 870070105
448452840 2
2 350325361
700943492 1
14 70258865
787522854 1
58040320 17
2 380089997
192475114 5
781982265 1
4 233179435
671119239 1
145812089 6
2 333511999
493787389 2
1 718556851
966570903 1
354896595 2
60381772 16
749242482 1
879741748 1
798902461 1
2 346899067
1 762894578
1 676600441
2 353063517
157229874 6
269556112 3
444906406 2
858151873 1
3 311397892
21 46593342
1 645967100
312457441 3
3 300305632
1 985643636
51473268 19
1 647361406
737608650 1
105802584 9
780507081 1
1 958348056
968248667 1
831639489 1
2 440157498
129927424 7
1 701217521
2 369871722
1 970418333
337687240 2
1 850767284
869696866 1
2 466366499
36346465 27
865700600 1
1 881720588
5 192721026
172740026 5
1 886665785
1 956177759
823178781 1
4 214890053
4 207703744
1 533481202
1 915294181
968264332 1
927140483 1
906772010 1
3 280191563
378130891 2
121061921 8
1 932023996
1 605986648
326668259 3
10 96129022
1 605119057
2235347 447
869385202 1
287043376 3
36970142 27
22836755 43
91459076 10
6 156504482
1 807914599
263639074 3
553571656 1
1 518935831
839556427 1
253778826 3
682255283 1
1 873709132
1 941730627
817534473 1
937770548 1
849837266 1
375884592 2
273490513 3
838957209 1
553266560 1
797021654 1
2 366440053
1 620449020
47837290 20
329653603 3
2 335181343
1 578001643
593323542 1
601925629 1
632670221 1
543437815 1
2 344375006
924443333 1
2 398364542
1 976622313
64559085 15
169962995 5
803733205 1
238470061 4
162619191 6
1 652415869
183577754 5
383350164 2
22 44145813
471835886 2
1 876976961
397203044 2
2 354847388
797853555 1
885280511 1
1 884310163
27 36814387
709002387 1
718089720 1
12 78338901
6 149425206
154712696 6
1 555898575
930417520 1
10 93217043
341253537 2
421978796 2
574643751 1
1 731486298
985825358 1
1 518675212
857100096 1
229 4354356
3 289690843
1 895941421
696852424 1
26219727 38
2 395148864
1 882590034
1 583974474
1 735465482
308260227 3
473074683 2
795728611 1
34293198 29
1 919780928
2 343843871
58 17062168
406483728 2
482027770 2
1 888973434
1 897988718
3 263772887
376216831 2
831174555 1
1 665487779
7 136396555
181142352 5
491207309 2
5 167321004
1 542844718
796529059 1
3 328847449
174698798 5
136555685 7
876468437 1
164681481 6
2 359180503
2 357065945
2 476610031
2 366100244
1 751443725
706557383 1
979336585 1
568198214 1
247718512 4
1 981988509
915351517 1
3 302609648
1 768675932
118 8445980
35 28514550
261239536 3
1 600188456
349174229 2
213084990 4
592334966 1
502533463 1
25 39060393
1 995403024
31 32250174
2 450962009
1 647540348
1 840532773
1 703664290
605605495 1
1 598298556
1 650858939
2 356667613
1 884172988
735122957 1
878296825 1
744896293 1
2 396042841
252788261 3
1 639520946
737006152 1
1 831664531
2 441144707
1 741878959
1 814671668
1 741733396
784650182 1
45810248 21
1 745566860
989948270 1
888468401 1
1 605936395
11 90843557
4 244550403
101076982 9
1 503745681
803616792 1
549404813 1
1 736253140
508582270 1
896254360 1
12863943 77
574051850 1
851039107 1
897103818 1
200638552 4
901385977 1
815545692 1
160864130 6
639974852 1
340040680 2
131289028 7
1 789397636
4 229388582
629056867 1
463652149 2
1 820455596
2 385387687
330018446 3
129461930 7
824008107 1
1 945615103
3 279177705
4 229040789
1 645287749
439522503 2
4 244453032
1 717983556
1 511574191
897433486 1
1 742196258
341163134 2
2 489687798
681085151 1
715196807 1
83523194 11
1 500513652
6 166640837
935672434 1
292993599 3
455633828 2
1 693516181
239993688 4
1 709083789
830678775 1
6 151914408
2 445409797
1 516194625
1 787462951
1 542360356
6 143301830
949526395 1
195262221 5
2 370643662
897540239 1
2 491331809
969383530 1
59091199 16
1 803108675
1 842673686
2 422319450
3 329512620
8 118945403
4 240349390
6 154134842
106205352 9
38443528 26
968767199 1
2 388467223
206386148 4
935737898 1
1 811604727
1 790261369
940910904 1
388584643 2
996724953 1
1 540649426
352238871 2
3 259985563
225355041 4
273176750 3
1 948029585
10 94457000
327584567 3
2 428237430
1 779840232
4 248886553
840697945 1
3 273894804
4 218959057
658367762 1
455167501 2
844729186 1
598458580 1
1 794501050
1 570655652
1 596161803
796917877 1
1 963131167
144323084 6
612641834 1
1 942556664
756971910 1
2 354176402
1 619801801
7 140892368
1 885472589
278322653 3
889983855 1
4 245821069
168968916 5
10 94404895
1 884325204
1 852816216
1 517169872
387117224 2
1 554603644
2 352640058
1 517046976
18 53448246
852304322 1
739812195 1
1 537372760
20 49396788
2 403886351
63328312 15
2 400464877
760634033 1
660464842 1
960725800 1
827453881 1
423119260 2
1 682026393
1 589290670
1 871692437
3 305727349
1 828876415
878433904 1
223833979 4
427213590 2
2 338974840
738704183 1
384851532 2
6 159830401
776099027 1
3 326485466
1 860110004
846275405 1
1 769697017
664031720 1
627639559 1
139969569 7
691335244 1
3 302815538
846432380 1
361097666 2
4 206501033
7 142684352
413393216 2
191400518 5
5 185247721
414554557 2
304936311 3
10 98282202
205066330 4
1 632678630
1 984243829
655621082 1
506389377 1
1 878650007
1 987976906
2 492597517
573183098 1
15 63569546
358388913 2
511980162 1
663177763 1
932071805 1
3 310247941
1 967080319
11 84997181
397530981 2
54072596 18
1 694350273
2 405738109
2 353286211
427098260 2
777474862 1
89 11185703
1 847937584
1 593127387
365663183 2
1 727429966
3 283843320
1 903077138
12 77034978
593960408 1
10 92269897
1 971073633
337923874 2
523096113 1
907802909 1
1 703035570
2 340121144
841437384 1
228825762 4
427520097 2
4 242282239
367208656 2
171624517 5
2 437728674
946191869 1
334083820 2
4 214586608
3 315587325
1 989033165
3 273036861
1 728832407
523963583 1
3 258198190
1 838488232
2 402011997
1 564435346
2 383160967
639921984 1
1 871004551
803859641 1
275965667 3
340601651 2
1 554578778
129643200 7
886897742 1
12 78925507
78298947 12
10 96315655
579489843 1
458834551 2
249008963 4
324613577 3
990611114 1
2 387523981
238690538 4
832426147 1
547430949 1
141506411 7
451424751 2
910405528 1
1 646543082
104109155 9
572434044 1
1 699624776
2 446022928
700452535 1
4 244174463
3 275468972
304134943 3
1 879132571
794753427 1
1 678648579
1 588570149
617820834 1
336890193 2
10 91315313
419615649 2
6 161145567
901105734 1
7 129367573
1 604440594
1 513377152
620324691 1
777989423 1
61504388 16
683540918 1
1 661288382
5 186558203
603823256 1
480575988 2
2 414242825
2 470379772
4 229094500
1 873927473
732335880 1
1 976651643
502130216 1
1 988218704
1 667223962
776013797 1
12 81153860
211460440 4
1 892143678
1 759738261
1 970494441
791149487 1
329042100 3
381786925 2
679080521 1
5 170563046
96248131 10
470585248 2
481629774 2
899046356 1
417383874 2
2 436202770
150136500 6
1 654774986
988291287 1
299708318 3
582444867 1
54954882 18
1 884999654
417036234 2
1 539727050
5 193410512
4 223123999
1 559428935
709701061 1
2 435761209
11 85047780
2 336904039
629372558 1
915906391 1
1 909935462
533336036 1
2 396371542
670493266 1
709551822 1
1 577751536
1 636523049
285455994 3
400768938 2
15 64356974
2 354551958
1 575579660
362734454 2
1 653499755
143745722 6
20013353 49
1 895134618
588556447 1
1 901851069
2 412262319
134278420 7
146114102 6
872744987 1
855564054 1
510356619 1
1 679214258
6 147151965
5 197747000
402699029 2
1 557357978
1 877349736
991375331 1
200922502 4
717832816 1
404768304 2
7 135161908
267264714 3
897476583 1
380802261 2
2 406749807
450029875 2
1 595901505
947036727 1
1 511803078
4 230093626
2 412849638
1 822356744
6 148925008
792209456 1
215456005 4
194303922 5
1 983504512
7 129430987
719852775 1
464168802 2
184555218 5
1 869318520
2 486637133
487179273 2
57459933 17
21 46690666
1 901642332
121080579 8
1 824075727
796659677 1
2 420054740
612251705 1
737738768 1
713646238 1
1 581064481
643833865 1
863040413 1
847503727 1
41 23919751
707059444 1
2 479127460
947849579 1
2 407253287
302177614 3
1 678330433
432315657 2
33831774 29
585479084 1
726234142 1
766243178 1
1 977002701
1 620007629
379271241 2
481982895 2
903903708 1
1 746439825
323994640 3
1 682390434
6 148603568
166945974 5
853488924 1
1 868267670
3 310474288
1 948015549
1 975355451
335822583 2
2 419774698
1 962896234
1 555823398
1 825464143
705497848 1
1 752650842
7 140538103
198787382 5
630696393 1
4 206374269
739494596 1
134 7453060
3 256833294
454127194 2
4 233931957
1 565418474
8 120021721
479532479 2
809695885 1
960731576 1
1 588203123
1 969161829
3 253115584
981188728 1
637809805 1
147939082 6
1 705204499
2 404467431
1 850083878
2 445206327
1 882962139
1 588880490
206992497 4
1 740169791
3 288958971
406431085 2
15 64690691
1 608231368
191542980 5
615605468 1
2 430907913
3 295653347
374550081 2
326014292 3
1 530227757
325362248 3
1 837415266
380027180 2
570161639 1
716831428 1
2 477642889
259957274 3
2 498439603
1 845771521
65 15313527
1 765073258
1 908386009
752259962 1
194781039 5
452748558 2
1 686459652
80347629 12
14251718 70
2 361593647
75798831 13
2 433862852
348592838 2
2 456463650
621632320 1
428596802 2
898278801 1
1 877780291
232251742 4
180634593 5
1 500546986
1 536474698
27 35847152
1 590425426
2 415342491
4 222303588
432828871 2
7 126762297
474769999 2
1 607465652
1 764448994
690300300 1
568743145 1
783639097 1
977784446 1
2 353481320
14 69111648
1 685362397
1 865880401
7 127777508
793838292 1
1 845084455
382963373 2
1 858207053
855991768 1
34856730 28
1 614866370
706701082 1
2 471927457
288062663 3
941639841 1
424778011 2
6 147983284
1 919672235
520578626 1
1 543026912
874513038 1
491143694 2
10 99072910
1 688744624
1 511365782
912831183 1
1 837338684
1 588380390
27 36589170
677438887 1
49554538 20
965526700 1
1 950108161
418200233 2
32105637 31
1 833044347
2 338183543
491009952 2
1 815437129
1 976159585
999193178 1
1 637986660
964404546 1
