100 100
539224521 460775481
173608456 826391546
198015614 801984388
977217690 22782312
228258782 771741220
321442638 678557364
973045649 26954353
333638338 666361664
709159557 290840445
562621535 437378467
165886058 834113944
144339130 855660872
532560746 467439256
148719026 851280976
430563262 569436740
937940897 62059105
29237629 970762373
469535251 530464751
931439231 68560771
949392869 50607133
519952815 480047187
465250369 534749633
703164618 296835384
460750545 539249457
801134212 198865790
74663394 925336608
722801346 277198656
245183935 754816067
160759683 839240319
162772735 837227267
628051595 371948407
436335053 563664949
953513404 46486598
363975163 636024839
959198368 40801634
189471916 810528086
603321708 396678294
466958129 533041873
726987626 273012376
971331829 28668173
886492177 113507825
996298151 3701851
207046927 792953075
582271271 417728731
970282160 29717842
803216396 196783606
656038553 343961449
460333672 539666330
369502365 630497637
427813066 572186936
379072837 620927165
144926071 855073931
202936407 797063595
296693394 703306608
263359632 736640370
328845814 671154188
950133603 49866399
338869276 661130726
243718659 756281343
515512398 484487604
891018957 108981045
637134192 362865810
624812313 375187689
339440055 660559947
457969929 542030073
405969080 594030922
467931868 532068134
749698993 250301009
225775644 774224358
969726731 30273271
963564128 36435874
550105929 449894073
887804779 112195223
25545882 974454120
192948796 807051206
256626241 743373761
950636824 49363178
986399828 13600174
253703522 746296480
993475486 6524516
507140903 492859099
561022577 438977425
352539887 647460115
585841151 414158851
413249490 586750512
404878020 595121982
600312844 399687158
955996135 44003867
80630512 919369490
388066909 611933093
593753885 406246117
600741058 399258944
505870500 494129502
635904149 364095853
187861115 812138887
939971698 60028304
144668119 855331883
247192570 752807432
636676875 363323127
808353247 191646755
315740644 684259356
465185447 534814553
582495237 417504763
253727223 746272777
921213766 78786234
600703290 399296710
131568717 868431283
572670124 427329876
938466275 61533725
361378135 638621865
676232197 323767803
760538211 239461789
200054953 799945047
663435981 336564019
626411990 373588010
559751784 440248216
363711892 636288108
740873809 259126191
420866411 579133589
500451114 499548886
879831142 120168858
320603527 679396473
612158625 387841375
55951601 944048399
31837583 968162417
649663524 350336476
212875752 787124248
278429807 721570193
739609517 260390483
384217464 615782536
54554146 945445854
371304925 628695075
506044823 493955177
17436760 982563240
507454451 492545549
959149921 40850079
319380011 680619989
949174231 50825769
446136465 553863535
877721167 122278833
853245137 146754863
795301764 204698236
998882148 1117852
454255547 545744453
336778460 663221540
219746602 780253398
658373257 341626743
309856056 690143944
698171120 301828880
438464476 561535524
616958244 383041756
555039862 444960138
576303956 423696044
775736228 224263772
182715151 817284849
461868173 538131827
865782652 134217348
972975410 27024590
187902805 812097195
712029278 287970722
358129759 641870241
846618197 153381803
928741022 71258978
327899108 672100892
47469691 952530309
25182115 974817885
452463084 547536916
604764312 395235688
348708462 651291538
653429784 346570216
794752964 205247036
428859905 571140095
588401538 411598462
224931414 775068586
71319723 928680277
6574890 993425110
62808695 937191305
594442110 405557890
648201524 351798476
543875287 456124713
154260652 845739348
874159800 125840200
509631819 490368181
816589073 183410927
948192116 51807884
191895894 808104106
698769924 301230076
318794191 681205809
549794210 450205790
900667008 99332992
546532232 453467768
987991358 12008642
744232314 255767686
719608144 280391856
824485600 175514400
772201259 227798741
460216819 539783181
324019837 675980163
962576432 37423568
398439067 601560933
