100 100
1 100
2 99
3 98
4 97
5 96
6 95
7 94
8 93
9 92
10 91
11 90
12 89
13 88
14 87
15 86
16 85
17 84
18 83
19 82
20 81
21 80
22 79
23 78
24 77
25 76
26 75
27 74
28 73
29 72
30 71
31 70
32 69
33 68
34 67
35 66
36 65
37 64
38 63
39 62
40 61
41 60
42 59
43 58
44 57
45 56
46 55
47 54
48 53
49 52
50 51
51 50
52 49
53 48
54 47
55 46
56 45
57 44
58 43
59 42
60 41
61 40
62 39
63 38
64 37
65 36
66 35
67 34
68 33
69 32
70 31
71 30
72 29
73 28
74 27
75 26
76 25
77 24
78 23
79 22
80 21
81 20
82 19
83 18
84 17
85 16
86 15
87 14
88 13
89 12
90 11
91 10
92 9
93 8
94 7
95 6
96 5
97 4
98 3
99 2
100 1
1000000000 999999900
999999999 999999901
999999998 999999902
999999997 999999903
999999996 999999904
999999995 999999905
999999994 999999906
999999993 999999907
999999992 999999908
999999991 999999909
999999990 999999910
999999989 999999911
999999988 999999912
999999987 999999913
999999986 999999914
999999985 999999915
999999984 999999916
999999983 999999917
999999982 999999918
999999981 999999919
999999980 999999920
999999979 999999921
999999978 999999922
999999977 999999923
999999976 999999924
999999975 999999925
999999974 999999926
999999973 999999927
999999972 999999928
999999971 999999929
999999970 999999930
999999969 999999931
999999968 999999932
999999967 999999933
999999966 999999934
999999965 999999935
999999964 999999936
999999963 999999937
999999962 999999938
999999961 999999939
999999960 999999940
999999959 999999941
999999958 999999942
999999957 999999943
999999956 999999944
999999955 999999945
999999954 999999946
999999953 999999947
999999952 999999948
999999951 999999949
999999950 999999950
999999949 999999951
999999948 999999952
999999947 999999953
999999946 999999954
999999945 999999955
999999944 999999956
999999943 999999957
999999942 999999958
999999941 999999959
999999940 999999960
999999939 999999961
999999938 999999962
999999937 999999963
999999936 999999964
999999935 999999965
999999934 999999966
999999933 999999967
999999932 999999968
999999931 999999969
999999930 999999970
999999929 999999971
999999928 999999972
999999927 999999973
999999926 999999974
999999925 999999975
999999924 999999976
999999923 999999977
999999922 999999978
999999921 999999979
999999920 999999980
999999919 999999981
999999918 999999982
999999917 999999983
999999916 999999984
999999915 999999985
999999914 999999986
999999913 999999987
999999912 999999988
999999911 999999989
999999910 999999990
999999909 999999991
999999908 999999992
999999907 999999993
999999906 999999994
999999905 999999995
999999904 999999996
999999903 999999997
999999902 999999998
999999901 999999999
