100 100
36446916 719915983
388579046 643129065
366648805 892186803
748297312 606182538
974410541 778657996
255021723 285770520
489198007 381811942
209053346 662368702
976643097 185294944
411682776 87333551
620368129 885218156
215969614 78132615
75186674 883920688
716964742 434027487
17840445 618927158
338392459 661990106
974521609 256269283
107633750 589425916
650409909 755419653
832841799 780262193
448800107 44701288
895678268 702391770
386889968 821434266
331733497 822422856
279982732 862440997
338933634 532636513
835696943 339154310
57372226 144625998
404140296 347217346
369811660 525900421
466741494 710966730
824183295 478628638
313645134 110007035
142592896 271692362
842628241 139684259
82439980 474213394
885527796 657156361
209154391 666597100
12989310 273562226
105400852 359272059
440521649 961560823
636504389 826999176
922758669 47244955
617316855 72594418
814719574 886057939
975545541 103753302
150964576 691125103
236957916 235734731
353134958 213379827
456762667 138089315
384151732 209119136
699099473 171635712
438128133 874248823
187306506 293881444
222868329 300467294
348671383 520737050
596749361 465546920
911279897 717867192
855284272 761662313
916211362 372549691
58730830 995046048
441709679 254279928
286134768 106777410
449694207 87951028
725665771 947279636
493819606 719951022
649032691 418619503
987100035 170700174
444955271 933285041
690305753 191426860
318358682 575986745
275927577 708904253
133068148 260321114
315211026 223676492
115087343 190923305
543510957 79075568
996043861 964054124
185298002 783801452
214202937 516607842
49592214 339955624
19696455 502441607
829747137 686105356
358085593 265037895
595941896 467298578
557365627 539154189
609346619 104841233
509454639 60120710
9815165 428617246
144972090 116044633
529728238 511491042
525722906 687542503
633914315 113756244
418597162 712794182
277737570 881766487
725053760 746592853
635484246 144778118
918655208 803405079
6187294 862065327
187920162 448253239
629757725 405692219
613246814 337740894
824176474 823996229
830420613 607692700
597442871 936622012
656061232 268661075
922481489 513162239
964204483 427774696
654728691 115528069
167602687 393811092
569466756 281694669
205770321 267949448
305847319 447053104
465089392 409053479
7983265 47971334
960486537 682786379
442781057 221197224
242522436 644264731
444988664 726275480
901642944 643592241
846237984 825086621
532790725 101160788
112991073 589953908
356276230 675442729
288912904 448284403
279481144 559234446
570355150 402138562
942009912 681157607
703292742 528270596
646964033 398224166
207019183 863762888
710854543 87312419
866946487 518081226
611443372 780262733
304205910 17160670
236987493 150320345
876055210 633693118
906060112 742050307
183684176 454610649
968212038 278510804
941422281 821006084
711283056 473142154
446242818 264115974
680765637 165408707
439543035 22923419
133511424 987582392
116227097 938451698
398656896 691548642
256450065 324431927
396217532 587227496
113375171 56800704
911292871 126664029
184767384 590898348
62714472 765918039
100895700 307891715
70195173 539742181
871863640 208602928
628786361 168916126
696409390 311117226
170505041 221431889
265562306 178244278
401107608 752293420
712553442 212406231
653785237 337887631
682983652 751984532
325584615 760514864
649532063 739850273
805610948 368869577
691904026 412000570
1769027 818296987
996330797 480861643
785955877 98740780
662276147 106396887
651603287 993097223
354661134 776654106
622565755 957218890
917049807 392369612
473505209 865287820
276885621 818880156
850122389 662284881
326031814 998695850
224211817 737268329
120033077 568305826
889029119 863607885
879114252 147865625
870708723 976794226
348469186 902272684
572849860 157154493
586064109 90341063
787889261 812307865
778391367 254448497
482112735 104434404
762854230 688545698
967923275 659366708
6541474 205298817
246833722 313036022
125673635 803960217
745683449 27453036
560781325 988445982
128699967 894264862
455188696 658069026
