1000 1000
999808189 191811
306525500 693474500
97977979 902022021
713076168 286923832
362302062 637697938
967581247 32418753
391963734 608036266
722868001 277131999
976698119 23301881
348790139 651209861
876245030 123754970
614729340 385270660
140001451 859998549
827627397 172372603
691810372 308189628
931002915 68997085
809154607 190845393
445381850 554618150
743761724 256238276
696035446 303964554
474513343 525486657
607596308 392403692
891733452 108266548
412196625 587803375
578945585 421054415
842770830 157229170
800089851 199910149
142496315 857503685
713227259 286772741
11525020 988474980
540928513 459071487
931826448 68173552
444443311 555556689
378870092 621129908
415139565 584860435
458068352 541931648
604761700 395238300
502006539 497993461
447776624 552223376
179367503 820632497
421617644 578382356
794810415 205189585
229658898 770341102
286702457 713297543
112181450 887818550
445319776 554680224
214545624 785454376
332567222 667432778
15883744 984116256
422786591 577213409
799336321 200663679
547400138 452599862
938258438 61741562
924204084 75795916
920099371 79900629
177253466 822746534
754956380 245043620
240818312 759181688
428661487 571338513
865467290 134532710
81794922 918205078
239710106 760289894
238366732 761633268
510402764 489597236
266810372 733189628
336783621 663216379
112186577 887813423
433052020 566947980
759678210 240321790
306620327 693379673
182524973 817475027
26851158 973148842
495049383 504950617
468609356 531390644
848317533 151682467
886121966 113878034
45937624 954062376
537233857 462766143
821856723 178143277
886159904 113840096
380910074 619089926
311123826 688876174
268734371 731265629
275786852 724213148
134380714 865619286
348709156 651290844
790729005 209270995
102932382 897067618
222864765 777135235
243259544 756740456
182318964 817681036
715075435 284924565
563073119 436926881
733516646 266483354
539572402 460427598
220150917 779849083
147798258 852201742
220061581 779938419
220417427 779582573
979136251 20863749
24787776 975212224
651390585 348609415
858778683 141221317
357420956 642579044
356729932 643270068
901639006 98360994
755907931 244092069
769306269 230693731
920958749 79041251
131517086 868482914
269599040 730400960
893118542 106881458
304196547 695803453
12282092 987717908
870070718 129929282
842360382 157639618
350510079 649489921
476021062 523978938
651261440 348738560
868546300 131453700
807966038 192033962
560360 999439640
468544444 531455556
686838896 313161104
449086531 550913469
525233950 474766050
883291942 116708058
130987850 869012150
147334405 852665595
545074616 454925384
305133655 694866345
239833222 760166778
497245331 502754669
585078758 414921242
24785370 975214630
679120797 320879203
397621636 602378364
57880096 942119904
779979442 220020558
970013650 29986350
737447796 262552204
247340745 752659255
323489200 676510800
489274975 510725025
787510423 212489577
955094706 44905294
891507708 108492292
19459107 980540893
553076943 446923057
146664452 853335548
214852863 785147137
688104545 311895455
654679316 345320684
593297870 406702130
449183968 550816032
930626610 69373390
297343015 702656985
711441206 288558794
226066000 773934000
362956335 637043665
901178884 98821116
797327393 202672607
176052328 823947672
540735834 459264166
127505393 872494607
484862555 515137445
916781887 83218113
570574537 429425463
558604508 441395492
889487114 110512886
881998691 118001309
781305487 218694513
469520676 530479324
602473538 397526462
89184923 910815077
420365541 579634459
545618660 454381340
81767711 918232289
16103918 983896082
509587219 490412781
719295076 280704924
907238674 92761326
476804590 523195410
267605378 732394622
166817256 833182744
479970884 520029116
735316213 264683787
716695227 283304773
62060489 937939511
297581077 702418923
556596620 443403380
494027683 505972317
711071484 288928516
787758730 212241270
734711389 265288611
234159225 765840775
526508427 473491573
103323464 896676536
890506242 109493758
272995059 727004941
578587437 421412563
691091349 308908651
633718196 366281804
469038639 530961361
673115905 326884095
180090175 819909825
600072763 399927237
90826623 909173377
238460624 761539376
316060970 683939030
35363809 964636191
881240278 118759722
649494777 350505223
815420618 184579382
755283313 244716687
817678922 182321078
314377347 685622653
88588965 911411035
454680752 545319248
560572780 439427220
701469205 298530795
964607536 35392464
75946506 924053494
194688301 805311699
463793371 536206629
696579558 303420442
822187659 177812341
585147063 414852937
567519669 432480331
554847131 445152869
521628123 478371877
940745350 59254650
693649207 306350793
273147655 726852345
990568490 9431510
772939479 227060521
70101386 929898614
289856492 710143508
547742873 452257127
36449229 963550771
793447596 206552404
420282907 579717093
752306900 247693100
516444270 483555730
824176373 175823627
168836430 831163570
341718397 658281603
278369389 721630611
532382333 467617667
623604402 376395598
411144000 588856000
126933719 873066281
693274790 306725210
455046185 544953815
753929531 246070469
132707275 867292725
574286497 425713503
632480614 367519386
979625071 20374929
615556760 384443240
138618108 861381892
861553319 138446681
955189587 44810413
612697598 387302402
332864344 667135656
932873925 67126075
263044979 736955021
219333716 780666284
597498860 402501140
313210137 686789863
851376397 148623603
530613242 469386758
792594285 207405715
946223853 53776147
618934057 381065943
654902600 345097400
191259373 808740627
183250516 816749484
780545970 219454030
185385055 814614945
645318906 354681094
109656833 890343167
118574087 881425913
586135045 413864955
348550731 651449269
88665629 911334371
944253830 55746170
946452753 53547247
11837046 988162954
979204808 20795192
12717491 987282509
143605316 856394684
45881223 954118777
902679066 97320934
912252334 87747666
348050331 651949669
619650740 380349260
853410784 146589216
22238651 977761349
132093270 867906730
611429337 388570663
322138100 677861900
72124143 927875857
821295626 178704374
273714748 726285252
303042698 696957302
60428957 939571043
519593707 480406293
150217774 849782226
900648616 99351384
350188300 649811700
907339259 92660741
159708966 840291034
18638448 981361552
893994541 106005459
289343450 710656550
560804117 439195883
854861635 145138365
261543824 738456176
230926960 769073040
187022989 812977011
80708052 919291948
146818037 853181963
621517676 378482324
773506674 226493326
904947745 95052255
768668330 231331670
33463615 966536385
320578508 679421492
7323566 992676434
774486835 225513165
765382040 234617960
578840813 421159187
488885406 511114594
544884818 455115182
624355104 375644896
581163790 418836210
416752643 583247357
619301533 380698467
395840961 604159039
520300361 479699639
382261847 617738153
242182434 757817566
508768595 491231405
60217321 939782679
352149796 647850204
426534128 573465872
713760851 286239149
247995710 752004290
672320245 327679755
44524609 955475391
376809471 623190529
722049494 277950506
199819186 800180814
612922612 387077388
936470829 63529171
122462627 877537373
654982060 345017940
309372491 690627509
958617350 41382650
893010486 106989514
409042301 590957699
394475815 605524185
202429303 797570697
975422134 24577866
844505493 155494507
660227846 339772154
350411634 649588366
169594224 830405776
311957476 688042524
712396506 287603494
433899718 566100282
524615388 475384612
414302635 585697365
203094406 796905594
312823864 687176136
856121489 143878511
132661182 867338818
703930474 296069526
308814178 691185822
375585771 624414229
458331367 541668633
867021497 132978503
717392609 282607391
75599918 924400082
241201697 758798303
321381400 678618600
50529532 949470468
401627512 598372488
818417522 181582478
854694289 145305711
737288529 262711471
159952409 840047591
883904803 116095197
304573876 695426124
787028915 212971085
994550211 5449789
7890369 992109631
686154205 313845795
24548122 975451878
619989826 380010174
85851064 914148936
778953513 221046487
771380896 228619104
65325885 934674115
120321599 879678401
890390087 109609913
74748383 925251617
869763142 130236858
869714480 130285520
876237798 123762202
114845625 885154375
330626054 669373946
776285551 223714449
336642861 663357139
7359406 992640594
230259824 769740176
521572569 478427431
756240594 243759406
655995005 344004995
682044843 317955157
858322600 141677400
81232697 918767303
334517990 665482010
626745909 373254091
812622306 187377694
530340545 469659455
965152932 34847068
760631776 239368224
100263588 899736412
773350332 226649668
341286010 658713990
375421786 624578214
333459181 666540819
698495952 301504048
959949022 40050978
906924168 93075832
392565375 607434625
497989071 502010929
796783196 203216804
115440580 884559420
54562395 945437605
467310024 532689976
470034502 529965498
636406627 363593373
781229691 218770309
231682096 768317904
965358339 34641661
108842607 891157393
876261430 123738570
913829700 86170300
294084190 705915810
314334046 685665954
967649630 32350370
54625911 945374089
460304502 539695498
375540110 624459890
808900655 191099345
22265571 977734429
251592666 748407334
813980318 186019682
959622962 40377038
108344858 891655142
666104079 333895921
455843859 544156141
733077328 266922672
141934552 858065448
88251949 911748051
334553593 665446407
850898673 149101327
488734403 511265597
587715213 412284787
492020029 507979971
658966916 341033084
375637129 624362871
470138431 529861569
97178039 902821961
223717404 776282596
920921055 79078945
707896686 292103314
361354681 638645319
52507660 947492340
886834561 113165439
193121857 806878143
446302690 553697310
847829067 152170933
895152387 104847613
344995980 655004020
843132352 156867648
193858044 806141956
2743281 997256719
692195732 307804268
809138039 190861961
570003695 429996305
976394705 23605295
98963008 901036992
441187570 558812430
496993021 503006979
21552168 978447832
753213716 246786284
928440482 71559518
482615450 517384550
548306542 451693458
390888508 609111492
639038754 360961246
32505239 967494761
987911650 12088350
920478321 79521679
336036944 663963056
864695780 135304220
814015189 185984811
663781938 336218062
558429630 441570370
616860305 383139695
844239887 155760113
774010560 225989440
474713657 525286343
493690848 506309152
485971606 514028394
928468165 71531835
839854424 160145576
96871049 903128951
671169204 328830796
936249553 63750447
429988940 570011060
640902880 359097120
983915380 16084620
803983806 196016194
398075889 601924111
172417603 827582397
706123248 293876752
688455450 311544550
864438697 135561303
866283856 133716144
720395711 279604289
23687729 976312271
682093122 317906878
484268690 515731310
327418900 672581100
386350181 613649819
224348729 775651271
412000287 587999713
173630603 826369397
126445493 873554507
188842681 811157319
690783999 309216001
636594310 363405690
672720405 327279595
642632753 357367247
193399377 806600623
828093609 171906391
886905820 113094180
104928940 895071060
79752255 920247745
768431506 231568494
168686074 831313926
308081469 691918531
117076296 882923704
278642006 721357994
120784134 879215866
985375220 14624780
21047047 978952953
258404547 741595453
768497525 231502475
902677587 97322413
81021293 918978707
607561899 392438101
346794493 653205507
382093508 617906492
445185372 554814628
838936556 161063444
805615529 194384471
950212707 49787293
99241240 900758760
734576547 265423453
980851035 19148965
954268580 45731420
662719756 337280244
228959432 771040568
232717826 767282174
358454537 641545463
991568190 8431810
697966801 302033199
466354739 533645261
190146864 809853136
538882342 461117658
513957562 486042438
108564813 891435187
92488927 907511073
73739620 926260380
231364390 768635610
265182484 734817516
326487815 673512185
26938195 973061805
816071673 183928327
398579364 601420636
377026063 622973937
249658118 750341882
910203867 89796133
737832898 262167102
661729938 338270062
300493633 699506367
758598081 241401919
888959941 111040059
440382269 559617731
755536443 244463557
42211750 957788250
834953726 165046274
309606991 690393009
566201535 433798465
450639921 549360079
210183154 789816846
695599509 304400491
894764154 105235846
179537289 820462711
665758215 334241785
702279305 297720695
518172242 481827758
75857408 924142592
320105238 679894762
200886847 799113153
213433732 786566268
772668524 227331476
625867556 374132444
80196960 919803040
53298313 946701687
916647464 83352536
508053530 491946470
977838593 22161407
83746000 916254000
88385248 911614752
386750930 613249070
181353231 818646769
272565573 727434427
216332877 783667123
201232157 798767843
131674487 868325513
206213635 793786365
751643182 248356818
711959321 288040679
717293090 282706910
523786281 476213719
581962310 418037690
928434255 71565745
49161944 950838056
258303237 741696763
893362612 106637388
474993297 525006703
62309529 937690471
279350882 720649118
845725824 154274176
997988519 2011481
729821435 270178565
207169011 792830989
279968075 720031925
549584923 450415077
621422841 378577159
318531216 681468784
376155844 623844156
637624749 362375251
181353445 818646555
860754910 139245090
276948442 723051558
776404549 223595451
129306892 870693108
360489210 639510790
732359126 267640874
468226221 531773779
526767302 473232698
253859008 746140992
736588549 263411451
290960017 709039983
155893390 844106610
50412603 949587397
505980822 494019178
294459863 705540137
828294497 171705503
487379708 512620292
500201648 499798352
351174115 648825885
583109993 416890007
242343943 757656057
233120998 766879002
541354986 458645014
914199745 85800255
295662321 704337679
239099365 760900635
361104295 638895705
264822885 735177115
728508306 271491694
388820632 611179368
820684089 179315911
522419123 477580877
489588012 510411988
114410476 885589524
315371524 684628476
593635732 406364268
64047315 935952685
944514625 55485375
583634184 416365816
244532195 755467805
161130044 838869956
822183272 177816728
388350720 611649280
81966097 918033903
792587688 207412312
849144119 150855881
521227105 478772895
519154372 480845628
121570459 878429541
842657748 157342252
952064189 47935811
602295453 397704547
431351234 568648766
24897668 975102332
343747538 656252462
415246891 584753109
221299661 778700339
209574523 790425477
614015594 385984406
781928133 218071867
803734524 196265476
320236287 679763713
754738574 245261426
60586514 939413486
107357747 892642253
661853607 338146393
140527124 859472876
959177770 40822230
396182507 603817493
418199244 581800756
646524439 353475561
529242256 470757744
51450867 948549133
744479540 255520460
80702452 919297548
567463090 432536910
780836929 219163071
146767840 853232160
272209616 727790384
712641501 287358499
765191205 234808795
328356417 671643583
686764511 313235489
523332125 476667875
114106228 885893772
760565374 239434626
856009903 143990097
44443665 955556335
645422941 354577059
884018749 115981251
755337103 244662897
176380817 823619183
264562587 735437413
672921870 327078130
834285159 165714841
652704153 347295847
631395497 368604503
232907194 767092806
633471283 366528717
941230980 58769020
573169584 426830416
458695349 541304651
481472823 518527177
238523614 761476386
945138525 54861475
30694323 969305677
387595096 612404904
562945213 437054787
900163611 99836389
717244062 282755938
855217430 144782570
889877905 110122095
835097648 164902352
762157831 237842169
29684717 970315283
761774726 238225274
548775528 451224472
560073292 439926708
662972455 337027545
927841700 72158300
82067371 917932629
951096180 48903820
269367726 730632274
290955224 709044776
286410044 713589956
790057123 209942877
851051863 148948137
378302906 621697094
854212383 145787617
308177501 691822499
339342413 660657587
111207328 888792672
973449974 26550026
338796707 661203293
289528063 710471937
354134319 645865681
697493582 302506418
733406830 266593170
524060383 475939617
927365269 72634731
610480541 389519459
583016198 416983802
259593613 740406387
748477548 251522452
141027612 858972388
311005360 688994640
543429957 456570043
245691196 754308804
47076389 952923611
876800311 123199689
550270271 449729729
791407879 208592121
418073144 581926856
424771769 575228231
681813631 318186369
5438364 994561636
120123565 879876435
911848873 88151127
190299564 809700436
484714182 515285818
401838549 598161451
809835581 190164419
284118713 715881287
262920612 737079388
858757884 141242116
649649309 350350691
561950412 438049588
878128850 121871150
448547891 551452109
429856813 570143187
414342072 585657928
655007479 344992521
349270968 650729032
348110367 651889633
662979696 337020304
670522015 329477985
903751854 96248146
699886185 300113815
517953711 482046289
10899028 989100972
662702987 337297013
280242191 719757809
256620637 743379363
491804778 508195222
845485900 154514100
498786821 501213179
401699537 598300463
852103338 147896662
630996395 369003605
891038184 108961816
343359108 656640892
912705872 87294128
199643408 800356592
74215384 925784616
593930513 406069487
360560360 639439640
29674609 970325391
184479115 815520885
315420550 684579450
335198929 664801071
414009007 585990993
26421758 973578242
619736142 380263858
817774106 182225894
928691032 71308968
128924326 871075674
896573291 103426709
779975661 220024339
676788992 323211008
764958109 235041891
47247517 952752483
2667067 997332933
625703590 374296410
183113788 816886212
892863482 107136518
429735683 570264317
190844691 809155309
631763396 368236604
273131819 726868181
399373626 600626374
927253047 72746953
391778951 608221049
320677795 679322205
676690101 323309899
612389024 387610976
906155830 93844170
334385955 665614045
371249757 628750243
519657277 480342723
779665883 220334117
985852636 14147364
863521616 136478384
255537901 744462099
722310908 277689092
99835648 900164352
141277985 858722015
570855656 429144344
480578460 519421540
86680340 913319660
741505938 258494062
739685918 260314082
241480396 758519604
74516756 925483244
283407425 716592575
460584980 539415020
58776728 941223272
633351458 366648542
243200548 756799452
893704177 106295823
515134660 484865340
523361398 476638602
376301927 623698073
601374652 398625348
176309497 823690503
109231419 890768581
316319724 683680276
553394613 446605387
43947175 956052825
667970278 332029722
636818225 363181775
660335077 339664923
637450856 362549144
645266300 354733700
51229216 948770784
389720912 610279088
647042657 352957343
104326265 895673735
919374905 80625095
868367324 131632676
828172578 171827422
503589156 496410844
93365701 906634299
489967735 510032265
255760737 744239263
771375857 228624143
651406150 348593850
925606162 74393838
798839387 201160613
382377960 617622040
319668849 680331151
120289188 879710812
899919712 100080288
603839922 396160078
723719247 276280753
340123801 659876199
56105852 943894148
347242399 652757601
292385176 707614824
749156742 250843258
958893126 41106874
775293560 224706440
503529389 496470611
541691122 458308878
225803570 774196430
617939587 382060413
857947946 142052054
254660182 745339818
188552518 811447482
319157627 680842373
116023287 883976713
889230676 110769324
452954858 547045142
496390030 503609970
798481555 201518445
760971962 239028038
963482521 36517479
217861248 782138752
327730197 672269803
823018029 176981971
953126002 46873998
709480139 290519861
153313656 846686344
611461769 388538231
879535860 120464140
359369317 640630683
652407250 347592750
882878545 117121455
457090376 542909624
166129234 833870766
260760146 739239854
63787990 936212010
247469454 752530546
751516127 248483873
549534959 450465041
415214987 584785013
515009613 484990387
119601477 880398523
275836729 724163271
382239847 617760153
338377275 661622725
81273861 918726139
737336383 262663617
422334868 577665132
658452289 341547711
401283423 598716577
408005571 591994429
187661279 812338721
832341540 167658460
611788785 388211215
907805632 92194370
931028404 68971598
677848991 322151011
759574384 240425618
437213789 562786213
370258910 629741092
881165079 118834923
257211145 742788857
818148853 181851149
287798848 712201154
711846235 288153767
698000398 301999604
126004481 873995521
521816075 478183927
157956822 842043180
642638614 357361388
670755250 329244752
125367404 874632598
118740804 881259198
498614914 501385088
456706671 543293331
68935918 931064084
870381827 129618175
799504828 200495174
767610674 232389328
957443443 42556559
834000019 165999983
852066830 147933172
938883249 61116753
984549570 15450432
153161394 846838608
692528179 307471823
88689743 911310259
205387160 794612842
472572167 527427835
716301103 283698899
972671473 27328529
706842434 293157568
582558979 417441023
644423135 355576867
777200542 222799460
140239034 859760968
5598594 994401408
515022989 484977013
932766106 67233896
539609141 460390861
649371234 350628768
459808310 540191692
418509101 581490901
54662090 945337912
477753273 522246729
231742167 768257835
256837757 743162245
480424210 519575792
448268252 551731750
703935757 296064245
19408162 980591840
563717209 436282793
691229259 308770743
545956760 454043242
16336294 983663708
583968676 416031326
18307348 981692654
768355277 231644725
959471253 40528749
615796059 384203943
418916947 581083055
494165928 505834074
271430322 728569680
810984020 189015982
997881109 2118893
331442173 668557829
693770072 306229930
686202218 313797784
662352913 337647089
852141155 147858847
440783854 559216148
690200764 309799238
444092527 555907475
452853810 547146192
804906932 195093070
414157997 585842005
254333315 745666687
154703819 845296183
201785003 798214999
883959923 116040079
407686033 592313969
406124312 593875690
720713332 279286670
37283339 962716663
752901116 247098886
133564220 866435782
701766614 298233388
561098163 438901839
197778219 802221783
537235244 462764758
920765335 79234667
257348069 742651933
590678730 409321272
26540989 973459013
471905210 528094792
293275167 706724835
716409321 283590681
935729493 64270509
211894291 788105711
284945834 715054168
531830942 468169060
491038755 508961247
814215956 185784046
187218000 812782002
132718368 867281634
446347045 553652957
443444191 556555811
802306027 197693975
998974233 1025769
12978017 987021985
974006491 25993511
59380270 940619732
508628133 491371869
620459047 379540955
605113038 394886964
217543383 782456619
213774647 786225355
322556691 677443311
758693080 241306922
651666859 348333143
793262686 206737316
353145580 646854422
631402507 368597495
544944364 455055638
547217376 452782626
63325162 936674840
942060873 57939129
392070212 607929790
282258801 717741201
699578814 300421188
413921866 586078136
594784955 405215047
902204592 97795410
530343694 469656308
899296763 100703239
287996676 712003326
814897728 185102274
152210181 847789821
915663050 84336952
39390165 960609837
83224830 916775172
484470910 515529092
961496834 38503168
308803241 691196761
45458098 954541904
825953452 174046550
384571783 615428219
247141526 752858476
98374738 901625264
348623949 651376053
394990511 605009491
976261091 23738911
770129987 229870015
2802089 997197913
420349781 579650221
556653235 443346767
264280715 735719287
497139706 502860296
421123619 578876383
116581550 883418452
615364199 384635803
613102496 386897506
538944159 461055843
587334619 412665383
771908382 228091620
803024455 196975547
415290115 584709887
336521256 663478746
894634886 105365116
479254952 520745050
522923769 477076233
758773802 241226200
323357635 676642367
395049243 604950759
86876677 913123325
39719500 960280502
762373407 237626595
980893152 19106850
955914584 44085418
293236075 706763927
688455645 311544357
265606959 734393043
89424406 910575596
10041275 989958727
645174128 354825874
443932533 556067469
141500221 858499781
62362877 937637125
326862006 673137996
575150949 424849053
191181278 808818724
476569067 523430935
721400326 278599676
662435021 337564981
388689794 611310208
658707402 341292600
748104232 251895770
857247222 142752780
546543302 453456700
159353534 840646468
759343456 240656546
187090575 812909427
98288871 901711131
495472442 504527560
702234462 297765540
910257109 89742893
586233070 413766932
34048612 965951390
676043668 323956334
956958408 43041594
777248842 222751160
842095765 157904237
417657458 582342544
114613491 885386511
301347474 698652528
867729306 132270696
76208539 923791463
680288782 319711220
221932415 778067587
675374435 324625567
616283921 383716081
173819637 826180365
529824825 470175177
849281918 150718084
165106691 834893311
764019403 235980599
623708370 376291632
955586245 44413757
957273457 42726545
961117153 38882849
458198423 541801579
308059224 691940778
784574744 215425258
66737464 933262538
197185038 802814964
550005600 449994402
758875385 241124617
363845473 636154529
534662095 465337907
867337512 132662490
203191233 796808769
275555273 724444729
922726080 77273922
944165374 55834628
464799407 535200595
987927622 12072380
240362569 759637433
345533800 654466202
338133745 661866257
559332398 440667604
499522686 500477316
477011028 522988974
247738837 752261165
844710188 155289814
523615048 476384954
558455317 441544685
709177150 290822852
530992309 469007693
760593415 239406587
305048786 694951216
328676341 671323661
520788207 479211795
332548786 667451216
989777893 10222109
496366612 503633390
519419568 480580434
723776606 276223396
450536313 549463689
330130753 669869249
227795697 772204305
946800 999053202
869159721 130840281
526999772 473000230
360804397 639195605
39886806 960113196
82501538 917498464
321365870 678634132
220495695 779504307
924760268 75239734
511028110 488971892
425330630 574669372
286362348 713637654
960867558 39132444
715587838 284412164
918869987 81130015
358448431 641551571
797060515 202939487
717561699 282438303
518810764 481189238
86468177 913531825
897030025 102969977
846939631 153060371
256344184 743655818
174852336 825147666
478995770 521004232
365338157 634661845
389082642 610917360
530736946 469263056
709631052 290368950
725980555 274019447
531529233 468470769
104414513 895585489
629197801 370802201
203644107 796355895
761506750 238493252
21051944 978948058
190385906 809614096
122091658 877908344
849780068 150219934
601625539 398374463
870600811 129399191
561232736 438767266
897234056 102765946
786045988 213954014
978538483 21461519
519410470 480589532
262181284 737818718
555320148 444679854
773270128 226729874
291216602 708783400
554251472 445748530
820271866 179728136
518797399 481202603
525469777 474530225
289291792 710708210
953431150 46568852
71449019 928550983
851316264 148683738
702042457 297957545
44971839 955028163
422673276 577326726
757710338 242289664
153926620 846073382
466285213 533714789
677648804 322351198
339164985 660835017
550879189 449120813
493100066 506899936
863247894 136752108
97741467 902258535
133417840 866582162
706818093 293181909
401680561 598319441
487093065 512906937
999012478 987524
861087808 138912194
533987773 466012229
913151477 86848525
226529145 773470857
806023153 193976849
662132953 337867049
838241013 161758989
772222309 227777693
290329433 709670569
138917804 861082198
544735592 455264410
313332085 686667917
608617482 391382520
952135944 47864058
933176918 66823084
567198096 432801906
911241384 88758618
667294456 332705546
274807991 725192011
662720654 337279348
692331050 307668952
335287102 664712900
916124117 83875885
792054702 207945300
968864056 31135946
274833458 725166544
939642870 60357132
310764305 689235697
90995302 909004700
438132541 561867461
526467225 473532777
819169148 180830854
850941463 149058539
997088963 2911039
465698429 534301573
586943373 413056629
382788253 617211749
338432398 661567604
502505452 497494550
15652996 984347006
109578932 890421070
264519990 735480012
840073803 159926199
946825442 53174560
401643663 598356339
263169494 736830508
976153835 23846167
828705454 171294548
53550928 946449074
613686867 386313135
189195625 810804377
324959623 675040379
718350849 281649153
189441867 810558135
553236584 446763418
799169243 200830759
295132047 704867955
905180061 94819941
879042647 120957355
168930762 831069240
418715409 581284593
321486223 678513779
997150468 2849534
12021741 987978261
493522694 506477308
266809155 733190847
486253722 513746280
559356692 440643310
221354467 778645535
84781549 915218453
435673271 564326731
752715234 247284768
213594853 786405149
656143247 343856755
472891461 527108541
169278942 830721060
128687657 871312345
105447887 894552115
635132069 364867933
331617791 668382211
579703890 420296112
593694626 406305376
520770539 479229463
721873485 278126517
952964480 47035522
212332067 787667935
758271068 241728934
258914074 741085928
337210941 662789061
365992765 634007237
411357629 588642373
905372378 94627624
28032683 971967319
139812686 860187316
420083388 579916614
928130549 71869453
444316486 555683516
598666237 401333765
95869095 904130907
794605828 205394174
842742023 157257979
78161808 921838194
591321099 408678903
98265523 901734479
181749165 818250837
570692765 429307237
779112029 220887973
220207106 779792896
18232370 981767632
622257848 377742154
346738023 653261979
416764813 583235189
540428438 459571564
944799816 55200186
147704447 852295555
394834073 605165929
649993530 350006472
859413321 140586681
425503989 574496013
290455851 709544151
417887505 582112497
228326401 771673601
478116277 521883725
813074387 186925615
755204252 244795750
314527232 685472770
449156135 550843867
655244980 344755022
922965072 77034930
951248041 48751961
602735300 397264702
632339375 367660627
892455983 107544019
586194928 413805074
923855911 76144091
222069920 777930082
879047664 120952338
862347845 137652157
215816963 784183039
342637069 657362933
125739908 874260094
463180312 536819690
152013989 847986013
468091099 531908903
321530755 678469247
710545286 289454716
350606178 649393824
108233631 891766371
376110296 623889706
591364028 408635974
280657871 719342131
291869091 708130911
367588534 632411468
188982679 811017323
572194853 427805149
250181188 749818814
606057228 393942774
640385918 359614084
635690317 364309685
103433952 896566050
35155496 964844506
661218783 338781219
271861489 728138513
283125205 716874797
832299350 167700652
412702494 587297508
98661981 901338021
889954665 110045337
421714638 578285364
349805743 650194259
505410475 494589527
560811973 439188029
319281815 680718187
337725973 662274029
984624621 15375381
583818333 416181669
124275085 875724917
368959823 631040179
65716755 934283247
724025537 275974465
814891322 185108680
274178226 725821776
253002902 746997100
396980271 603019731
23043967 976956035
346159185 653840817
130089256 869910746
944555784 55444218
483081358 516918644
56292523 943707479
69107990 930892012
477841962 522158040
97208498 902791504
543912649 456087353
886844688 113155314
658830343 341169659
322113064 677886938
995097609 4902393
868900385 131099617
549025698 450974304
70827174 929172828
534355235 465644767
674872863 325127139
214216595 785783407
719555472 280444530
889454165 110545837
170126898 829873104
877341665 122658337
784403534 215596468
317078749 682921253
237378360 762621642
862683961 137316041
485128889 514871113
143313566 856686436
380846364 619153638
349784010 650215992
751236464 248763538
364873246 635126756
934154576 65845426
966999462 33000540
114216760 885783242
847523490 152476512
540134457 459865545
979510541 20489461
563258783 436741219
542427334 457572668
152282433 847717569
650986352 349013650
11762614 988237388
963368037 36631965
546952873 453047129
465987701 534012301
628845039 371154963
321959004 678040998
83672370 916327632
136590674 863409328
309636525 690363477
151397081 848602921
306528398 693471604
164051770 835948232
537252934 462747068
688807007 311192995
313508979 686491023
8022241 991977761
926385963 73614039
293121261 706878741
771999985 228000017
590620693 409379309
419679650 580320352
254932147 745067855
309376256 690623746
421287619 578712383
467605437 532394565
843336492 156663510
92436029 907563973
195063601 804936401
643758044 356241958
704955841 295044161
166577787 833422215
74409283 925590719
268548812 731451190
688124727 311875275
545757580 454242422
636213046 363786956
909364934 90635068
258083488 741916514
514055577 485944425
51757061 948242941
184338282 815661720
448202052 551797950
676184708 323815294
585326388 414673614
796856852 203143150
460955567 539044435
220871714 779128288
387295320 612704682
899850514 100149488
984225908 15774094
433471694 566528308
767092758 232907244
333908807 666091195
505663483 494336519
320302490 679697512
589568924 410431078
836144989 163855013
265761611 734238391
771871377 228128625
872245205 127754797
183216152 816783850
215517073 784482929
398398159 601601843
923991620 76008382
893807895 106192107
180475971 819524031
610313992 389686010
5247965 994752037
232012178 767987824
416886460 583113542
710872314 289127688
884774303 115225699
569460613 430539389
631553733 368446269
39556947 960443055
110767854 889232148
984715787 15284215
756352517 243647485
754261021 245738981
374049767 625950235
911616330 88383672
158003542 841996460
994724351 5275651
108232879 891767123
744222777 255777225
25979240 974020762
426186966 573813036
678443620 321556382
590255577 409744425
387104275 612895727
391971885 608028117
610934735 389065267
590246567 409753435
743391856 256608146
691252908 308747094
737561672 262438330
680712790 319287212
888687818 111312184
528830059 471169943
714941363 285058639
972461595 27538407
22647950 977352052
278463899 721536103
408278483 591721519
813912044 186087958
3332461 996667541
336968947 663031055
882975873 117024129
45723767 954276235
495139766 504860236
256291550 743708452
449958937 550041065
455991001 544009001
700391995 299608007
107781781 892218221
562410555 437589447
673097783 326902219
70448296 929551706
594963683 405036319
499439732 500560270
997668139 2331863
107382705 892617297
642832337 357167665
577152269 422847733
291756842 708243160
982227766 17772236
86397324 913602678
578713511 421286491
186551725 813448277
439967166 560032836
348236137 651763865
728847756 271152246
428643916 571356086
913224944 86775058
302021326 697978676
357520633 642479369
469723264 530276738
91751205 908248797
205230326 794769676
333827132 666172870
859307450 140692552
250607453 749392549
584832044 415167958
918704562 81295440
379383342 620616660
586680319 413319683
542625102 457374900
103247934 896752068
83449362 916550640
718740319 281259683
373786083 626213919
526208352 473791650
404982444 595017558
745473990 254526012
184763971 815236031
728503683 271496319
47768412 952231590
734030127 265969875
622733809 377266193
409955960 590044042
286129635 713870367
578448862 421551140
276018849 723981153
16570363 983429639
457281593 542718409
681494003 318505999
755007006 244992996
331610284 668389718
418532034 581467968
139915781 860084221
734700764 265299238
59239271 940760731
131870920 868129082
925289433 74710569
105503045 894496957
871057406 128942596
7176000 992824002
433860590 566139412
46780300 953219702
543351627 456648375
750668763 249331239
472079005 527920997
893366182 106633820
151475852 848524150
873100286 126899716
768591479 231408523
100980417 899019585
4583914 995416088
452160397 547839605
928813374 71186628
559050681 440949321
273532810 726467192
641563053 358436949
63493212 936506790
788675095 211324907
618713433 381286569
388501304 611498698
14000610 985999392
791552016 208447986
836941567 163058435
93330333 906669669
878012713 121987289
611331952 388668050
565654646 434345356
288997604 711002398
946223356 53776646
831375545 168624457
783200806 216799196
788186063 211813939
573203700 426796302
187444179 812555823
133021113 866978889
457410978 542589024
369641848 630358154
153225577 846774425
99829353 900170649
263256338 736743664
233539284 766460718
345329566 654670436
250873572 749126430
985253703 14746299
30247136 969752866
491878363 508121639
712438530 287561472
677016206 322983796
498743102 501256900
853385540 146614462
224281290 775718712
842436707 157563295
589289951 410710051
890124472 109875530
223304592 776695410
434838314 565161688
366052081 633947921
24433787 975566215
546791211 453208791
605659661 394340341
228941189 771058813
644266131 355733871
7287211 992712791
380586069 619413933
762956863 237043139
736857869 263142133
500048122 499951880
366567752 633432250
18541695 981458307
230727070 769272932
586020629 413979373
777561383 222438619
167680599 832319403
561330808 438669194
944558592 55441410
718306955 281693047
320128071 679871931
824607796 175392206
314285971 685714031
850619584 149380418
462789295 537210707
221723872 778276130
789836701 210163301
918419039 81580963
34508574 965491428
782018776 217981226
983558218 16441784
610865937 389134065
391562527 608437475
251077778 748922224
394414142 605585860
673694733 326305269
30664434 969335568
556694879 443305123
360494714 639505288
301686927 698313075
912296381 87703621
492813111 507186891
312158337 687841665
318573730 681426272
608526301 391473701
882794976 117205026
853944581 146055421
347040173 652959829
335908939 664091063
52070200 947929802
429161141 570838861
263551707 736448295
276355645 723644357
17874321 982125681
609986183 390013819
81196788 918803214
51320991 948679011
126667604 873332398
576007759 423992243
226773140 773226862
359616657 640383345
272074234 727925768
53581842 946418160
656890627 343109375
925892894 74107108
612108692 387891310
911951391 88048611
51281922 948718080
955666688 44333314
792081261 207918741
215009619 784990383
642722181 357277821
744838253 255161749
234681605 765318397
226868096 773131906
765164777 234835225
924823591 75176411
96542347 903457655
757799978 242200024
992584721 7415281
326603944 673396058
245894246 754105756
538274421 461725581
493980747 506019255
165966453 834033549
371280992 628719010
54191284 945808718
689871560 310128442
791110225 208889777
834615308 165384694
512200203 487799799
427646478 572353524
233306673 766693329
959087347 40912655
743341479 256658523
831457581 168542421
702281913 297718089
238092904 761907098
513061715 486938287
731834813 268165189
218062359 781937643
823229939 176770063
516676035 483323967
780725476 219274526
981722552 18277450
822075135 177924867
34185777 965814225
132670330 867329672
610717214 389282788
108843284 891156718
747657466 252342536
845304250 154695752
557353629 442646373
314857265 685142737
761541761 238458241
489474425 510525577
93417589 906582413
382353485 617646517
418945051 581054951
890889630 109110372
145560755 854439247
510492261 489507741
929744818 70255184
374594411 625405591
815871677 184128325
493101491 506898511
767253857 232746145
46105521 953894481
492606910 507393092
7877220 992122782
991972710 8027292
606729974 393270028
274092436 725907566
210398933 789601069
502049088 497950914
29499762 970500240
386511145 613488857
301078830 698921172
417496017 582503985
684094176 315905826
119244040 880755962
321047743 678952259
255495540 744504462
440912535 559087467
427627980 572372022
962903395 37096607
975419670 24580332
620321459 379678543
253241926 746758076
702613914 297386088
618376267 381623735
585058926 414941076
760544129 239455873
819068407 180931595
741231448 258768554
885247449 114752553
282613063 717386939
88879910 911120092
694069205 305930797
599785675 400214327
496659633 503340369
355201341 644798661
406115432 593884570
38116947 961883055
776754060 223245942
69487735 930512267
264738793 735261209
879706906 120293096
654754102 345245900
468303401 531696601
159715455 840284547
351659989 648340013
73382641 926617361
945430322 54569680
103934903 896065099
856651607 143348395
652089331 347910671
655414632 344585370
455756724 544243278
139147229 860852773
899990826 100009176
616936830 383063172
317332081 682667921
156800260 843199742
298866836 701133166
408510682 591489320
11876715 988123287
548339628 451660374
