100 100
280985037 718328571
379422515 608347789
300830996 692980994
298375394 702100559
427807856 560256859
431459249 555718588
417775757 566684826
265838595 735496155
307560805 687370528
413198670 572291395
263223131 739543108
324796648 672870551
337899558 656058845
330140766 668253085
406572334 579937773
395780104 593490355
377146524 609897625
277538154 723102506
461537262 533673709
381639565 606146788
250000000 750000000
258479379 746128417
354775489 639891671
419703986 563944713
287171988 706471629
443141828 547731316
391229113 598179372
416006756 567289804
365194994 627630317
455921836 540512138
399853529 587320621
303692741 690679281
274942181 727539395
452026136 542954696
418981009 565930402
423689887 562767497
445573664 547629172
352990155 641659955
415863437 570064346
333873391 659697590
314483946 682815716
319533922 678122715
447483078 547619080
386790267 602039659
288462346 706438485
368345293 622657314
318496606 680150284
382835526 604227934
326727991 670935786
254280907 749296272
396153870 591889229
343306091 648517464
285127977 713619722
348092407 642353746
359528779 636637875
325723458 672282221
367932249 623007572
394162265 594196669
462500815 529428877
306774614 690434282
362755536 631203782
386586500 603232387
333683679 663799512
335614734 658979021
300221978 694449190
260515136 742384034
278114790 720322967
370097415 615550887
425962116 562608382
389880396 600828056
392969396 597658955
370012944 618141862
299360410 698837417
339069068 654583398
282574201 716430773
376522830 610397450
285957102 709311424
411114010 572944403
461965913 531496041
460319214 538121311
401847790 583275155
434257847 554107046
392250218 597905798
285117167 715594121
343544699 645458034
288964316 703234311
359856830 635753175
438590421 551477685
407508707 577850683
321055873 676081113
466083678 528887176
270183055 733297624
450788536 546788846
273220781 731321863
314858514 680893114
371727398 612225260
405739701 583078955
311225304 685587799
293792407 703030855
341823149 651773595
351405424 639393455
280911051 714428429
348253839 640542916
357395773 632944252
293813363 687957841
254895503 745410220
469393121 537118313
307410144 673873175
270351006 725539596
442585261 559360638
439038299 560436077
458540219 547850492
498110188 514938345
260195438 732770153
407704280 590303873
383969856 614181280
292447883 688929349
359840319 629610235
331884481 655059541
374402692 616916236
319273090 663233135
288007631 698572707
449342059 556080625
463265052 541475875
291952407 692818345
345857335 642577841
302319506 677279034
300728911 682615303
281181386 709693597
502742524 513250031
272882853 720592549
255320336 740763295
272999793 719775572
297649605 684269766
411738620 580969513
430869948 565612204
341763768 645595643
413599307 580409475
391297789 606113890
480197796 528204554
281361814 707984411
264115224 731390542
266140436 725767743
323436457 659596831
320519750 661114135
396125606 602919482
337860560 649476949
474634653 534535384
418409826 575770821
412629364 580609507
411231296 585838869
310853498 669917247
277074993 716963747
403845637 591626418
315174329 666835361
333025206 654792614
315572905 663261432
325871528 659440060
386799553 611167549
445808967 556634030
303750915 674813893
292326462 689160712
291749851 694828384
301703548 681751236
423004146 573298370
399007308 596172950
375312693 616799380
363216349 628447270
453607535 551455877
379134625 615770720
397933376 599182431
364160582 624428772
271181972 723221676
259071898 736517129
390914252 609485519
493309253 515772259
489071806 517645849
472779765 535902347
355802787 635189533
371411637 619595299
424142607 571158052
464786855 537308862
250000000 750000000
428799712 567821307
331876670 656508697
459539187 544557461
327926955 658927331
286739943 699074275
282325056 703620293
356476832 633183581
476991304 532777401
333311591 654760762
271667260 721229046
486432299 520337666
366896672 621865087
483974413 524284532
265966351 729683012
337020151 651132239
435387182 561400178
426449440 568275840
