1000 1000
548345803 909485775
620747845 812470549
815671584 195471279
278214810 301400759
245127899 820842058
96951479 912032654
595192600 430600059
959189893 369386126
418124937 914472887
718049962 508182500
559838064 268112328
345483449 881203341
554955576 527089151
337881807 908918803
776621552 703474705
231078008 414524350
583149086 418224616
191847943 926568668
91988991 667111879
463067477 182188542
436523268 278529147
234426604 278949884
713084140 641066416
661947606 562003848
10228589 894861298
879073062 585792744
357725357 143714637
140541923 399342982
167199738 553961580
971400697 374142192
249367006 419618056
384107622 495746040
484629881 948479401
357195622 380412960
515076703 318167570
342657681 170922156
854851355 309261607
518385640 929322496
330390525 573393381
934254497 468718436
15467491 526501468
358818659 949722469
501964987 619945206
751158581 82566928
598287959 254550929
637647853 579170319
727720071 725014193
593116219 555838373
678412605 461893706
375847404 361944940
830221414 656530595
520245897 579891565
661705111 679527176
569701534 19423358
705748657 433010856
423853442 160802686
539011598 418985095
958667829 126398958
652350381 286135470
820206743 645657158
931833980 62211349
681247402 498853828
753638558 367249259
260914746 791124778
150646829 356752479
789488900 177813231
674962611 723385875
112182002 818234925
505863901 151761957
369096029 410157317
825657787 314301021
290269078 497579810
679655926 124453147
879271459 513328873
55054707 956009382
363870535 747888039
200570846 362899446
644133593 497452369
106758895 516593487
553245498 922901059
882592088 399413604
659200333 496036293
620551820 789672276
270079689 839508739
351084211 963833691
936105174 410817924
958365316 493155503
345223755 869633975
418288027 942189091
227079265 862188501
513460449 832055155
488224464 303704968
242979282 610699460
211950517 960812746
924151909 334176392
113552337 639131384
509994735 356006895
783544290 359496380
261126767 596299616
352169431 533527167
947651317 454166667
401513510 931573708
298773761 579693519
565545512 239110907
465287456 671226363
275178881 543894623
607658348 513559659
859429412 206743680
825582903 154118864
519165393 191053011
806590172 399714601
975251424 2642213
208695481 775839784
945083006 446334261
774075943 421094931
448603414 296278168
307130254 556712677
12237140 929522213
552074959 806948828
642980190 76607122
849195069 84164774
459139063 463517128
412421581 781045547
384920262 351375659
403018853 966781541
371998313 756347909
568121467 266919430
509435811 24223423
77271123 674425774
317563132 863395649
609176338 613552992
531346047 768898878
407003981 615689218
768185734 107094561
444273362 123198906
63998404 560467856
581590885 94400531
340228475 788484548
508618021 909879008
998152009 442987247
753019313 165802951
732462375 69667351
913410866 424414606
663705850 553836122
488992769 127771174
289905576 246403094
424025365 170425888
294154416 742435039
448150172 903810841
21271862 612848537
468047641 313530482
657238153 268326686
423372313 171762776
735921272 646414619
777301974 154476692
170195370 646418785
450726692 426533202
643797113 233041504
514838769 701905240
412547665 774568090
567485723 189592917
448493308 256250427
250299758 617909387
375564740 737242014
895140228 328507612
161129452 651191519
528114077 447487489
851085435 344938437
749124003 212150581
403864617 577408622
386705819 117034779
498506924 912174501
415710409 467956927
52774916 946583471
269463077 515464377
329567288 513934762
439265343 563837004
579341711 588822218
132495817 531885931
555710065 449359525
786748460 423792910
758299517 131246469
545096720 667401167
511272763 699239961
954701324 233804366
569448954 505938203
298538207 547698424
614224905 876210108
20900461 898011319
220841580 639501827
965373910 440432526
7746057 894953469
438269510 679356468
838767872 616986689
333233050 540463268
278970694 877804045
269029188 492176727
440990516 776509912
341619785 694144949
609366194 247082292
822591511 20651486
933261711 332865726
329130855 679347689
510949922 755306357
140995198 913251886
645576376 442826959
650201443 202112082
788243195 22474343
647534398 95889607
860601070 480022662
721688382 707001983
15766404 661602182
147413230 684345673
506332541 476141417
502772842 656533939
799227087 449715265
332296709 636732272
162760586 772227648
697924192 158242899
452817951 815373352
576689114 757810843
313597781 851305826
804177175 331283554
695759256 796517232
223062566 745713331
131439081 371076166
614626215 510592734
123035102 530796952
622800252 456765021
463843240 230253820
94227346 795598396
195071110 664148229
944689954 434014984
59287001 897817687
784875430 694836705
410875571 378053828
63225044 609745853
862286666 502932258
539217356 408864547
226831040 826190799
906436658 378346724
456570876 391728220
963264785 291013083
621663871 64481556
128501305 648804671
313946106 788696487
915030674 481899550
336952743 565063908
83833089 593062905
980864632 487785798
493804489 129697554
723914839 375304793
266260427 271361095
486136737 134730501
476496400 676212696
420734012 267211648
545305628 651105488
456661774 575201858
126260568 699558809
674518238 682474611
810440263 31932810
548323978 295518856
623387364 37959852
132793228 466489974
182037676 733012019
106883230 947206035
451192513 900613067
538255963 742724083
655686143 494451984
741574507 83330600
948705719 326272440
965195120 86648213
943304303 72497475
808824869 600228446
38945340 831499927
55372217 529227884
677562830 309002523
553234704 579501874
936482198 257608493
868422679 176165430
908189319 456219419
801775751 568213752
561179179 243444494
922565169 157658961
189545317 640859478
582790450 406511872
52504477 883100187
563712690 902905965
366988549 711158934
427650025 672119543
784599928 174166964
867481214 202319232
565669552 370033700
931110705 464924636
385207837 164267507
753827642 405084318
158187451 646466594
245126516 311823708
548291105 566019121
979178423 14100906
607483449 391847018
715758448 547897148
165414641 914538434
315097687 428571165
703570839 76406320
488398909 585773308
688765569 654043067
235436888 964036684
983411723 54111932
99836522 879533112
98665691 784373631
997381161 426310884
642416826 316282466
358614202 465890761
777040886 656274962
612459428 872452786
453861816 544252604
783180702 216666881
609052089 546768907
624687550 80918589
816178163 103173141
335986173 664592300
754445085 270840934
924037695 516602979
191198421 534697599
602274805 590826734
467421478 203110497
851915782 539243538
491704802 904837503
425620369 252376071
261446400 985116822
784613083 164838484
612609424 805646090
534219262 540300498
737806852 117586804
776675245 153625766
38537536 645010155
449090590 856197675
648370166 331779833
672395314 699119388
944315474 15966174
307286439 897533293
296292011 302190153
500324894 843063731
194675712 557054033
545325577 578848314
712970810 576264172
343712594 950797565
849234561 18303196
334827733 927028873
263665587 240018968
202318488 299459844
203054388 794714800
160598235 843966934
827327149 1560368
901647307 49268663
342117682 935130777
799420489 256255422
462386899 872968604
406837190 716952910
480076678 720238274
289825826 715766145
79466219 534545744
214409318 482969099
556847189 283600755
770644363 663520511
21680169 537161610
348525165 575513607
141295831 434536357
553408119 234140996
121505236 415305382
770863531 502341607
592709858 348328422
640984682 54843526
713910352 343490307
187190526 585845074
978604315 69011530
454243094 81983596
940311087 16187272
179220859 563925446
594991675 213518063
725112002 597744931
958095681 491741704
302949186 652298700
165218376 602830384
515343500 30460661
465358589 305508294
820455971 256785802
396873714 604343052
903586324 69802688
702963879 509022159
771734458 438022898
493515142 579626939
514643372 474496199
242035946 970471416
940488195 164382105
417655715 537142310
186182704 377945725
661279444 597913912
736420475 667402187
223585391 914260453
716325341 223839920
351376193 325653837
367679543 633390634
576033693 313220823
671613231 335362772
394505598 526192924
341888258 486094143
491611391 699185393
370934590 781703318
257225688 476459093
492887810 495147823
729967124 556433944
201165377 748981246
408247243 891183249
100335162 670850268
33900425 892831599
570660608 406387934
178878279 345203508
600606124 401648669
624073604 364564734
838377140 193189324
421487220 125531855
756020724 77263151
953064679 516106051
887704702 202607911
541071609 876425085
350418928 992350909
618992488 829451167
425214999 380139601
488740946 152109478
584674774 741521973
769621177 627943240
875248450 298775123
209362423 955950009
241244124 798164462
616229271 741051958
945257435 294270932
969756748 40588565
278824369 886439473
509099340 531960201
774376664 454826020
685820704 522720780
424677734 346420864
517066128 49590330
572570446 554771537
176627438 628248607
506453981 191180230
555794784 268874496
656471752 356403810
469037265 472676727
628846112 591961233
121911955 661533639
791107343 295062485
454051511 785283660
396609485 653821221
536755279 793077834
234653778 447951385
463272107 389405682
694690116 741248845
458033809 704468722
193797478 391058761
576087862 596186501
189356112 445426817
81616006 878102889
953607388 399749849
60070300 876187600
601419531 116024755
509693387 798649968
761186286 227704068
991724073 429169065
912146378 159907308
875858566 519099247
422152982 905529664
699102267 278339704
932119070 478223666
283002417 788102009
460297418 95465050
586510717 574505701
989840841 289399352
573588226 324210318
744770310 377176925
782585602 336093496
519892408 490699835
403144560 721497551
201343074 552547258
554706896 640538588
120754051 933679500
778487870 391585854
180157796 964643190
287418264 995096810
25117082 693680684
62957489 737535366
543355950 837817046
403855843 383858941
152962129 885455827
477150142 114818961
580872586 72166288
802772317 522421544
209949661 384153694
610606358 703840452
441897993 342869445
80599332 967079056
131984564 904070803
774527302 554076960
548535907 615982041
100184878 433433158
294115607 940631946
497969496 770616576
374508406 449282853
866554249 192719065
174747516 506951378
921785983 67633341
295936934 829258892
77977210 781306572
183139597 882092832
708880656 755092094
666367355 114624943
477212335 274420574
25078167 619904144
793009040 657197068
751030527 621821333
664432026 539570450
218298258 990799196
750236074 721560956
83762988 902874089
576763151 855669995
778188682 371324434
142218852 454521649
405705722 197450493
987023079 505587690
518099826 534581741
745840206 427281143
83690006 582373092
444504989 841524806
916824346 225461874
840374120 230219513
808073720 304673612
800883365 200272286
844196582 190185135
502705710 369899514
442489369 264717096
739181449 736333486
123671596 452075788
566595410 322966432
493223947 251712105
231578472 670374522
679709256 612859169
538610358 465944936
361088108 275580003
697040347 352910831
610893200 45396548
369631549 730278800
850573178 555322432
581219650 393290072
588262318 802795333
782321049 144976470
539577671 576799212
273954084 633709196
637276285 851268385
338836108 433867915
442866149 75624782
588276122 657634158
261879322 552039078
496130330 777627312
869227286 450823075
653143320 2155999
338439925 645994109
873223803 20320989
720738122 314807131
582214098 648924362
844174770 265058541
153013022 403312018
303486800 278004751
26874870 500045873
311066979 523074011
259192299 905356702
306735318 916486604
340329993 205721378
442319140 82903450
405827497 497142662
200521869 936899376
972572837 5961691
495104202 378538408
689786774 713673558
469185178 855193638
570119226 67323079
869575232 19262859
607222661 331827352
710802253 683243191
128469969 701736233
82081559 516551854
167988496 378967097
774995010 584419461
329052256 181746717
771884483 675946161
639888738 500709923
829941811 211587331
463921013 837877771
388426259 598339237
325683038 563324132
891916756 534016690
644132058 516146205
599697101 870625579
496653070 280643930
177800715 971261393
957552581 539509978
354213583 900387317
288020656 462197482
611864461 281603582
764088078 319038919
547584552 310286641
793540684 270484414
804463430 479915038
245058293 572988308
130299111 668243200
84004118 883174596
404291437 869602596
248884468 690346068
115444303 512127858
511168727 681699204
628774985 63922731
584297725 632139935
901386854 359376320
752576397 128053745
545035591 664421493
134894362 986127585
366924283 913353238
7689518 998922697
260897619 642263815
947267190 25982919
656093140 275865710
145475868 446876238
377857922 515292669
47684397 565119951
377731060 886273627
624836521 173249953
804249900 231397177
648558330 17747777
412949033 159119568
361861850 994874974
749838600 210837757
757786158 656440673
331845936 646210766
615309936 738233615
100404041 701708144
933236410 388854435
930501908 381139177
908300384 148722866
627756103 743149199
292321675 687363909
835488318 631169475
192206124 470793951
442478295 264492287
167047808 690822358
751194367 281685421
434236678 156017515
454940794 794885069
228523520 830877111
196375496 419467514
915987026 167373038
626528082 435996477
844687776 16173451
820628505 488944796
207591204 376079792
876863434 70278696
505589688 993009501
524420113 951909554
493785449 274730303
489812078 375256503
682439369 281042320
809802148 436909778
751906 925024395
454503228 146450484
226676150 983197194
552538126 67428328
771516959 559709925
481585331 467517913
823681179 136454721
606664395 430157347
808703981 585217139
71504324 843508229
545921365 143441890
574773660 842311635
316600924 349774791
66151075 699499696
734547288 176471165
574585981 111162456
820250516 318688555
517260461 566142090
391625982 673691563
761098672 627277890
439386842 389204269
520295082 393503683
883631507 302360213
336676956 565083902
472612113 605172843
777974543 23618611
182361915 536522014
417337870 859922450
521838318 93333840
373832521 449975855
801485307 668712260
212730284 520198217
201928256 784459389
280806388 899087701
285650330 364079734
554099344 692841909
339569344 723278340
294275811 374805846
954249594 218408930
356693505 346471904
388393733 927561619
704383945 499294075
774337015 461704907
482207000 986739073
199643388 527259404
142478802 438620705
794909199 496642000
949775812 413698894
761895794 242290374
326852102 503217535
247204619 261935750
983367890 462723293
907157632 441034580
833949440 35554810
367023571 229602867
968933868 359064681
479525014 242295778
145794155 714828495
425069160 335926637
177079203 432889965
590129113 371865814
848501760 335109673
974472184 195545861
840245593 56157833
760532798 91960253
201495187 652792491
988193077 159815929
107578042 983874956
666727734 221185441
704507235 754952621
38875851 719149381
416711848 430761397
629333947 794152372
774729776 584966219
482804749 867196176
515045675 949970173
981086031 207333712
406635302 639628287
586528881 683403323
161284251 382021827
425098825 432239102
928701989 342351071
987064912 415643379
932291108 133650713
503147523 215597325
801464982 519465811
496669152 260943306
261376806 341319419
431308908 102583006
920196394 413266377
649172605 768289725
443445419 425677271
304432768 269816923
995405659 357974903
213179773 288782575
408136069 333669753
581254488 268871085
404285193 991139657
902214605 254262716
195123216 567052847
536522221 429236923
387689477 701277562
921525529 303954164
584093374 353544753
562529468 211138209
841787654 20930913
862982816 87118845
576325856 287236885
318977609 222969404
864254213 518932844
20673021 844566624
612484316 732565679
268493600 989560841
540928799 91314668
723393814 587996723
959996031 357199661
783071055 70555721
91618077 687495015
84529850 697453121
503502540 419154277
469198445 832511907
328754701 572505951
64145776 869953585
804144730 558285410
520777054 94935777
673615294 40363645
698977960 456000934
268620443 365504556
887772718 149121860
239812708 332918014
19152907 941034213
858410057 21040213
293124114 612417414
865263304 626336909
621483191 368091612
316000755 897506870
909544158 532388348
246927551 876121233
345920480 700350021
539449301 353508693
787301909 557542025
566441475 516057903
91872606 921640423
816686114 324661428
388816996 760871694
586832020 455781821
583439840 856106263
346497008 271220701
580640478 143901934
861246960 345895665
539965214 120919734
201780846 682630260
123843944 898987655
697046906 219351546
630364731 292051178
566139813 224440443
444431130 865718153
463644267 558805151
526632504 344764176
855740272 291144838
406923684 983285647
566149672 817506572
441195216 669753169
856178153 49109672
356609698 653616864
626698076 787537738
302077643 956004833
706297188 144516444
811991891 376133962
64857523 475022335
622850758 313452102
542101767 508248921
853007792 6326583
643099238 1677856
638254609 790158810
642401131 617376586
884784046 183989765
946046609 505575384
664339702 87839685
468950521 619599165
967029057 316420222
779034307 641485571
710753436 620238312
225835650 413524936
619136304 547207857
115024041 883266583
594011770 6480842
696166242 558081101
586126423 41832490
552216659 79787562
355361818 670879518
331546943 321040373
698816226 462640092
947100097 512410841
271105925 649821714
632365807 392076796
974505510 441494773
577817917 267422394
257962187 769413022
497000272 862146475
701523544 639999113
212082916 483427563
7320814 888182422
407741657 824367843
497316486 882179420
658296781 285943162
277868567 302924063
538886320 185025500
441061387 646154853
71233610 824317959
756244443 550577720
481957228 258189192
682573370 100756274
913022985 309336599
545502113 916286308
275750602 673097319
25350183 480012475
935534733 197223501
594091821 428716757
909784632 274673178
305061714 497480602
374415973 695431173
630633826 455098493
546358055 206376334
167411833 837494207
855239184 302431483
222996803 541623893
745318370 518903100
642056713 681321373
535989137 80286801
749567178 99753310
520046788 12638246
528898278 331223475
820823578 373286993
607833056 520692879
842568372 413162420
651654177 76551552
640173186 795940663
632984972 742037929
356519558 397793046
599453731 180360933
979011828 3901340
747200852 108187898
722287979 24090276
618729119 100087302
709597600 554994289
471468086 996958486
397343520 693743982
643728713 118502858
680830148 546658418
306018252 723225581
66097082 594420269
339739262 856497736
765121985 581802359
370522259 880272546
627229568 568505225
748287599 507960785
587051303 828321645
332269015 933077641
115023359 446697982
832540473 76639517
701671709 504332873
560792319 90290309
591846171 132713264
479621438 373082315
187582112 443546159
673907362 488125035
394870046 765626167
784171052 459568158
306500839 792996699
273246195 818451016
750371054 171792121
883710848 408251207
385538602 515800593
685287439 747249171
947229777 115857122
141904189 433455350
628393520 861545760
899888269 103384114
708964327 443934031
67204183 740268528
578594201 2106123
17241849 547159098
719766422 307646410
362958059 400014991
328153823 682919716
276221486 486263703
805000577 467063837
243100238 900299186
708605277 586336593
492925241 343462258
716117399 655002104
721733727 34055370
308006275 306532012
662546913 599648843
583654234 177972974
395233210 941401402
607192804 520857408
313556304 649287888
216713765 333475747
685598166 405194185
569395396 278798401
218835607 782832397
294256291 608360879
459897244 497418151
407719380 148476079
818213789 45136135
667590404 586414275
181164723 470741305
858278072 220187872
458798971 226030415
113746101 848452647
765918375 257540382
352646308 596627799
965583402 336493647
549548809 683947819
606819807 602610088
479877685 874001252
177991331 407541268
84028901 977900683
489092457 667305408
629169309 81227307
904365073 382885269
656069284 35272288
660749405 262793176
653353760 310882938
129169363 863716186
487639988 437732547
519798163 897423504
242229419 674913191
291767067 851248119
271565275 402319109
507005216 686582932
885164364 374534348
683656822 684401211
858474717 568754314
545820296 730565074
875460758 140396921
535851228 951671113
392927649 392704781
490587273 746983140
54909011 832196878
771957711 396059805
246511397 360819069
232335559 988465314
183730754 974132815
463612553 192080410
268521036 824879301
721980746 502340328
667420006 429861058
15863025 533503099
235009873 967212263
304339620 619178011
547886818 226633095
314517972 897790048
527876714 307550457
693736400 137324512
597542085 65556863
794492648 136310184
59789925 953958064
540724117 324732484
580981101 726199134
623489235 471760697
385523935 221882829
454276939 846951373
927426550 537045027
801634090 482725778
165739841 564549501
177730432 740954508
738809447 142815821
553817233 203332375
256681427 486203744
202310680 662400110
324746122 967149353
522556110 486753403
838312360 108281852
749017639 318500468
101191198 403600117
7564621 681493187
449205901 953177279
79935474 912135066
468929138 691550732
505889496 556875294
259355859 946609490
331269991 385011860
705146626 433501372
715430063 235784171
407818221 245513636
59973420 686631213
384960386 796306055
147927088 652685614
819433674 284498084
424878997 579445373
738601874 685336128
120174264 968110218
794434928 23779030
630079915 814476471
861924131 108005630
896445714 223532177
376420879 988061008
290348959 581197689
786513071 613850778
592488612 612871684
596074242 703655283
995685947 50688348
239118906 716559849
311166948 338431383
506966106 593812406
95719026 440312804
602358392 185197694
560621591 905644202
848571207 361010086
181037969 515405128
594594176 436905788
599529475 862576958
91899520 998174949
501239164 288955073
630416319 227780747
488487953 536663557
540890151 55345547
83883950 778928641
136316650 684311125
183570575 512645617
433731431 969208557
838781987 458537122
617228353 39901410
294365445 628352017
868861809 30516040
164577965 746391308
560929321 848980787
969667872 489965326
776618308 275833138
62325382 857258409
546803763 918676479
323054640 218602092
967580552 149409708
115664896 524496965
424876098 526209301
482374508 830389449
289153474 927022813
325261283 368674071
390041867 480315764
203770100 762609256
103780332 501187775
315424288 899396851
318661658 675075289
864515528 74419349
500421370 799389041
285998823 778071694
717259636 440722822
668448131 221032518
784583296 141183672
186050431 921584124
428769261 213762192
492734980 605697537
654749053 134514604
127569796 744582683
602026314 361588022
638761057 192551916
439055241 646204707
223789039 635430825
357170477 380967450
549462437 915836822
879622666 137282545
35699603 922119190
860424796 497860355
720562683 418830691
544602647 699048155
487454929 712984323
370457724 944591270
593352944 14764375
806751110 277120851
203640881 475991677
342660716 517628704
77005944 725566565
683119974 472180073
525156824 822930769
350608072 205997347
421288871 994362291
574876766 27845997
245694915 293481988
559670315 190816485
496556988 586341331
211626857 904280004
259958051 655027904
791120763 201323938
183088064 969774573
821376211 498223570
855536695 563821976
556490186 578092214
903706020 289991722
257435661 384172183
432472125 937417346
607891383 837383965
364431732 852153103
809750310 555857718
34283660 858015536
978613356 137264016
480237786 763011831
519095181 116856941
6753925 693014054
203618190 907740178
472093673 152057324
633463247 512970819
461778967 361622544
145366184 677123605
333274138 718807669
738594825 542996495
317072537 957113630
783372368 345048366
850586928 49951758
709143601 442866001
470370509 275305899
180660030 756732992
645869254 701901474
634268484 288446843
654051458 285018352
11616232 605224353
557438477 308142046
297476832 679797391
299956915 459566899
436785224 157151120
998114705 427062116
118644521 668934370
88404003 448195367
361444577 831486769
675414237 138475540
208287031 432251848
466617546 66489657
600015198 399940900
473602377 132362617
485336320 569933029
210045848 752911855
61049382 619093047
289841222 907454050
501105835 806683017
317317485 773530318
747151456 299248188
36625191 752142785
469433529 482668503
817053606 631635625
996394594 453231453
520682181 894868566
782602427 161079925
147049790 715341799
297183694 394466140
233993270 376190191
456276936 296351697
595613783 65523333
125480595 866949103
633971388 849470392
781274982 371686906
911639003 528286233
275885812 828142015
768472114 701835141
104644703 809203668
6191034 513411702
723592275 691339802
806215946 301943112
286267587 902525475
180493371 376482246
304487835 607870010
792896008 563921264
756258421 541304265
409990820 589881648
531270474 49196478
568733869 93953588
204247429 955155798
871835002 310677382
425591113 411964698
604373122 238828411
303253870 242584048
314861116 785398402
660962540 749905556
360083881 480558023
848117214 597947944
813119172 76795289
351957793 799773728
588189679 858353117
555063512 661137094
727733527 562544812
659963975 445225638
92556668 896576656
936104497 101451920
807224053 262318836
735353732 647389124
755469708 254885448
152713593 420562005
846569708 408486771
399333356 385019800
327411282 963947103
367365581 640263911
35562306 524402590
695899166 575561333
456325695 654441372
353246264 323582167
974598357 385248077
582911182 808644715
91427673 412948426
146650319 514392874
669896783 612921342
394488383 723997187
583735889 826057556
957162891 500149395
821700478 480046755
536207087 933819117
420688304 456884616
468145882 931483009
599611169 527152261
197629662 940408813
307513270 900007608
400614557 511495530
430593053 326486299
993498751 394018444
118802354 640152182
150059455 955069464
121239204 779213463
78411430 553677592
642524729 462615859
576518335 443261464
998905750 218270594
47698887 883159551
648659452 322765534
935613779 42188778
552206969 645200269
489027126 385244580
663823943 623034906
624129208 807352810
776584048 215365829
603225819 166289015
395978109 835389858
749483011 454639672
49304766 532523494
335483034 641256724
119049498 491034664
197856370 548560661
320871586 599363196
307586396 682052680
59266396 745308543
532363745 882296018
728266390 443195701
675057953 298397845
979064840 212073360
376711474 949235961
683415499 202051542
985962360 343582755
398243037 995034555
299849068 855491004
278915743 943676128
50333112 451345772
425029605 485397637
524114589 943694245
487993623 454889725
980435046 269789608
433641860 875061345
314222416 294637744
922222638 228038868
536195846 369969128
491641059 247170357
519368372 676829703
413852680 829486113
641192245 360825702
625308606 32020577
421963642 84019488
351047484 384612384
476961272 171524231
534402268 511613906
732250041 123487526
44593992 729783022
754468012 142297127
200122814 633978139
274949580 861560595
369055282 310710157
470510251 880926159
241878673 803715656
726784880 30520324
520626275 904403399
528524971 321331726
694078420 732710336
459121835 614929802
447586789 359695637
385680440 589375190
243024607 620888584
255163693 553598799
732032459 427624700
917387352 415683619
591479649 476177528
290812119 459709095
796640047 320968852
837843984 222093955
232762688 444384201
981727664 212664600
157384537 805291257
445504794 136443012
922239687 330668030
628183967 373220817
752471338 497290733
180985521 627368702
363398022 340752623
264927647 543222785
943826738 424663190
591777246 592886300
885999593 43205045
806086660 516482285
586826663 344678212
672647877 208225257
179709897 851531127
677427121 428905587
205584377 514038624
141936322 718349164
486566239 129928532
449738171 803796507
537723421 494401807
551529214 771310124
406407627 913262959
55760355 487475771
904140446 552018963
299909925 904918001
889589057 554763947
665018993 737343001
92784336 947232823
345570583 219504674
758443456 201693617
485817867 862942090
194581541 898053991
319991501 937714262
619658789 179026889
785403211 121575203
481007842 705841481
884577595 607791239
460096018 946606124
261868992 615007015
923069470 476148108
470183069 628755886
206105235 610920885
833489103 628597696
56271896 581407652
194900040 379869731
833543377 542766324
244490449 892183582
388584160 391492959
69265674 878558443
838127821 295038249
513918678 545266683
279056883 957242474
376881934 824365572
632547562 226658073
574157756 734474398
444267747 542675517
378897004 796624981
216879117 813114328
562341180 728483856
373588092 223775297
604661270 707325778
64404556 681375861
497015383 493933069
701149412 411023608
660297439 212494175
504711992 718627379
630622365 753930824
527614096 734791919
386875032 258958054
907777171 455717089
294184482 448797287
512339332 929427182
840958390 451309057
400546990 176071866
308663756 362884654
466193048 487082260
165132452 516724949
656449210 550844557
459382584 395212809
713495290 545635046
402436071 507322709
948868817 190396501
22847726 520025954
451665812 993343270
255386386 472239360
659104964 59459318
824011213 460515897
522746682 650165112
17689448 654533485
972392658 71110494
808490009 599910444
893676578 142829268
501316635 772346188
701614001 701091178
467885263 960528184
466576684 885104558
229062732 912224928
208903373 720257985
199666174 788943731
252326154 395354143
80611194 916995179
96479734 758484302
241977680 696031588
601946365 843791662
914636633 201019999
14202992 901246410
241292355 398768343
29788122 566975071
602915157 745078423
577744509 659397618
65728978 519294685
965143877 5923851
370026683 346519405
451338368 290706758
529538290 571146924
525501580 541528092
479379476 916360260
888715387 287936010
736722659 703645272
609871383 452875851
231245839 772136794
656117379 200970648
147606926 415005561
529735948 560544012
711675851 631803314
694227504 553160072
171231920 897074847
37619766 736444578
659893978 111601840
356600251 496490488
210594691 735522758
327455040 751267329
392390551 118800467
920621950 83039035
489018939 677439394
884180423 526478502
506652741 645056718
241712336 974385199
283207975 366291058
744035793 34132503
674341166 11743046
641790154 192259950
492392290 483622012
263245503 518951759
804890795 600695947
702878293 404287113
517355216 873421871
328150714 799103822
398477970 112172110
183592408 471489244
204521861 465084605
40725968 550177611
179041007 938997975
407397815 169288719
992163932 27534407
694949342 794920142
130635973 451482684
298600601 722409567
554540793 206522530
390196286 809707237
673898944 160673536
198277152 353796522
188131259 347058172
439267960 478275690
353227590 530412644
338353737 266695222
545583981 395662261
406971918 661032492
505341897 32874966
412274317 764718419
17502331 958796487
134803728 986283722
707047324 142448882
12125891 774953141
326091809 829023954
637872466 265303812
384992805 248714805
461884452 809798644
653183367 557077286
298933995 793082797
531719531 367890716
684445159 568234997
272109274 730874851
89523438 851622025
591856005 526425522
936821219 351001392
656768427 798123479
213386111 707373305
731697731 495691202
640473869 674163680
361981330 764151880
196318624 668677864
193961548 768381139
65840460 536005220
27781943 578861930
757002554 567833649
830423855 411407511
537369142 613282292
139223806 580895645
866880193 331572055
121386376 632666379
733522323 745978070
502143374 205265361
552684766 379997470
721131559 499335280
501668561 293100587
795953430 150400899
324378974 404352310
263589841 542708754
641051534 157514175
105928654 402551339
216871071 771400050
391934455 538488528
370681166 164565270
597020740 575768716
375002203 734079433
257513655 767029901
328916507 495680158
578504070 663543803
869731865 59766157
284135895 792896570
692357658 252297930
544558191 393487291
135166524 772495186
781564240 266966745
785371315 148791160
770762955 187092756
458273174 114124988
544547012 954332884
426676865 437814706
703602435 254440343
699527343 427891684
947412043 52532325
303111287 205952424
257624274 243395704
805341800 408358836
328980075 392530186
146040985 413931288
581559440 707622085
728300230 614367883
299364519 450739123
139695866 387380668
440404188 570308681
881225405 520771032
272643504 235463011
482723878 990911276
406012815 965539990
81898843 553744671
365668520 515061335
369036096 386283789
614787658 569985289
626410597 237839845
722239915 299669072
690824101 185905849
146521576 436865794
456481153 690706681
85759636 861791058
544174339 656624340
790330825 396714639
348496914 837871336
819915029 491081457
651094725 285036107
588036536 10945553
62736894 755495092
49660740 609333600
900549959 147882425
485657201 925428390
259049466 906760027
311148869 680915501
363173778 781512331
468797379 976779447
213120107 949094447
358839000 924254531
664506062 240303598
894611103 224497823
567599679 69282637
124980275 929202363
884318600 458875993
525418588 225941162
24882958 727090295
609761447 110154816
975145069 326319723
93226008 528098915
535542419 412939406
554225690 651645826
371345374 463607934
29205064 639711690
625798795 256636190
549962477 470321317
37563208 595435364
655931114 535144111
821968526 346831298
576024151 670042797
33239031 950868888
356681326 706117534
894652786 495514032
17588625 811987827
583637378 475673517
117324052 947175238
16003016 853199057
530375280 323960436
75168470 913598165
476736572 140798382
73265278 767570101
671108910 386604366
576812351 427445033
29433237 959213217
524374099 653309451
655133454 546787822
387288673 693674431
893229992 98369804
75465571 988678839
750863739 77718642
651967492 196843969
872306437 488982697
602054771 322393968
10622106 613636762
837331826 516213167
956437088 372129843
980148399 41686279
239996171 794974805
799957762 456136124
148457965 644393936
599190780 294182158
667565433 271045340
14233999 846835384
611414992 609940340
517896508 914769479
352350329 451805983
357908030 604995893
804450470 23593891
865617279 479865997
851031654 336663948
195170558 426288289
561555143 602080976
880547429 446053236
417387544 509886942
551617560 335122282
427074397 674390488
899273961 370506349
992808990 138587765
867005735 343357294
386512360 525326170
215179918 854005390
625701144 409969369
199656269 599734480
989802213 379244102
590493666 247707043
129448347 799241551
576709925 149967503
898364888 434599698
241108981 510403226
888866435 212290946
68726874 688536528
346336555 446196171
772889616 169672467
275104856 808608383
558750458 100304110
809358730 373389304
840457273 62963548
140327093 492937460
656468027 127641941
723712242 767306187
880128512 62170933
479595104 158633238
531597450 632123630
350790666 700177511
877420194 270867472
586706597 753642053
111879144 481976358
330871974 896173630
427657373 184467804
293801055 807447040
630288997 632118756
277598296 464144705
500840221 956534990
190256845 750387448
299660383 803215794
564039274 924135499
636833544 397099771
782969902 269566368
591138619 833845905
60726177 546268760
835736726 255607424
372199172 472331953
70694803 757591702
703691205 487946139
383978399 962825516
651338025 258916398
286510248 840690860
522392310 240953322
636585364 304091348
657046361 566921477
178543256 760186846
124209709 830566122
798893120 389475003
447713578 573023667
39592726 601110510
604950029 853729825
794526173 578619869
858947073 206784312
778937820 571718148
104640171 614264674
664917414 431874154
882401510 389830637
794331170 609450262
646089095 93238088
69264562 946934331
466131802 926190502
244093746 398489325
577364223 677187795
312790916 678616568
192283680 890222698
638681708 768098119
162688232 566910250
491179880 198767042
12016805 615632245
615660217 701585271
364223749 800310391
318623274 295104002
668811103 646018552
451742455 135075807
530371748 462954737
878038828 178004460
219142068 780725753
871287887 542485434
789376917 461747897
613518021 672204351
121486290 581588158
551607444 400139443
538044402 699656758
902867051 22390705
275755460 331739246
355543879 248848150
769289291 29616730
927529136 391961439
387343741 491752101
888216348 163724832
542268814 67747281
506657360 763260455
190302173 748824166
29006509 754940465
759122170 179600528
548413431 216254393
979450593 192285153
710786215 603491863
645061442 766135053
721545228 241156932
688685225 756672207
427665127 750688934
3757131 870469259
809639708 21243945
557557873 4274825
619209743 642348912
238166778 511513351
355522960 910632358
732955173 709807051
131095029 517581946
611981904 840452497
607187502 860772189
894848424 288158468
659144122 699499328
990786034 12115441
200472782 800709268
11855084 724361200
981392242 107677994
135902850 853345152
970953422 353509590
504761647 125069259
222982831 922786098
495663789 114737771
751307468 161994884
385716741 364176757
764731203 448248854
854639216 186279987
590122923 341696081
516198896 494140304
655121399 638596108
355031241 511729070
459738509 943820538
517908823 314097008
695279461 226531182
584849832 65106407
836792917 424098695
430053612 367828136
540383068 855601200
470394442 78501653
563339452 860715136
369679411 464337651
584480306 272355364
224327761 752615666
909881348 206777715
178837950 960960231
288602237 290175590
113536752 528692692
625723778 286398035
43074604 551828968
522446714 887346338
244178085 733794094
688631858 276106822
446368762 258561820
301710975 974085493
523970749 960727161
347971346 531520626
633638500 843044451
484947889 868966078
341006530 542879925
465789597 214963801
911499441 374711121
277589022 333975565
863714195 52543767
399128177 192126055
259225804 592598793
488192621 432623033
629958601 431373591
214022646 579902994
437808523 903361276
364764039 805066934
803918545 277529368
322385880 890628421
801871718 275528010
531963064 92855288
728514631 312167253
256288460 973153780
201091717 978659162
673590208 289808114
377855643 291984929
101091612 849409029
410020151 815467618
348568258 772101428
460631237 880862526
805949137 388822057
392310649 589791518
126320243 813245679
690928974 652566153
487988400 261104480
637529702 372219454
767863229 283549174
769657366 223266526
432067651 915041124
520846634 222775471
810049700 634609658
784849784 118712920
909001599 116962067
709842748 24491077
482633479 847741066
598989038 234888208
168528095 504851296
538939884 104230862
745194362 557501883
458336518 962672667
761298162 488266018
117905463 730305589
613965915 338455402
65267041 440505186
345288973 918254328
274637220 704519304
435839036 528125628
817128531 619677306
633728187 654848764
126905950 436723385
495301051 185615394
459483743 589484410
730099937 172569779
146601473 721408241
70758013 707619990
497791174 410396599
58731989 765730741
789945455 201297425
557633972 940062580
663646743 888529
476439367 500312359
825941980 274195831
949785914 442487296
913003552 155906311
745192988 78733670
365967682 632475940
603292687 554375499
161497934 474285804
491839140 146150664
704827372 49300490
52294211 540622706
699885884 159638927
370275022 912482655
631313127 248151120
187596619 582246933
677419308 130665267
102282439 792830388
71591820 792514875
721991124 720379719
851339606 341264208
357766266 659958357
161844622 864940077
125353177 777863081
576096821 899681193
675766251 405556056
360437657 626103746
364565717 823989035
211350704 959828874
998998614 416413705
272160726 392489478
633536957 792624414
582797565 71846776
715375735 232855822
771728289 161248865
888956755 430665797
687074899 749778549
148564449 434779881
40396710 701605984
878751572 276964545
661660964 216263826
535320094 608648827
306624095 919642944
840959232 512107622
156650153 681223658
471399278 294488028
386562052 531367244
441856277 646180562
202902785 826443365
418462591 608188433
26416494 665526677
931174407 228804524
832673440 8633434
664027509 728812590
564889407 120337075
570039292 232700566
662484125 695755227
854323423 436147379
928601764 298232936
300047650 611303338
501306931 820520564
538705361 663099715
598441358 108309360
853010582 633794558
426808040 817611501
