1 100
1 1
3 297679012
534643047 1
3 286842947
701697223 1
653686613 1
265747046 3
358160082 2
1 558823610
3 306109520
1 778664037
1 613625222
590234431 1
143753423 6
17 56413553
679936402 1
666614772 1
2 397692136
2 446977954
532255710 1
7 139563232
2 435388209
1 552703580
817558022 1
1 875961621
364304791 2
2 416703972
1 961415890
2 405616024
1 564621217
996099256 1
430658276 2
241067161 4
229732568 4
921964676 1
1 837530618
79 12553559
743424048 1
800394276 1
2 404200953
7 138143051
10 95973723
1 753474540
2 353273299
189 5266111
14 70147292
115057122 8
209109154 4
4 215327246
595493206 1
500536868 1
363274418 2
1 532807192
6 144814424
3 295180039
167849886 5
321904091 3
1 719881473
5 191670520
1 592732995
1 972684992
5 184926686
6 146662046
226305225 4
1 631683395
18 52963784
3 294743604
30935950 32
766710557 1
577285522 1
1 930563853
262422068 3
3 294723098
10 97416593
793012683 1
1 531391406
290617522 3
355004652 2
2 339108055
611278794 1
2 424851769
604845813 1
628777316 1
230311807 4
1 585771101
3 327184990
3 261624564
484881497 2
13 72072210
57 17355749
397424617 2
3 272544600
543866247 1
63960939 15
1 810381995
337896125 2
817608255 1
1 720199027
445259742 2
349131087 2
4 203588361
