91
8 3 19 31 43 87 30 78 13
4 80 18 24 81
8 87 78 13 1 43 19 30 31
12 54 8 59 67 79 22 91 41 57 83 17 25
11 16 64 58 61 84 12 7 32 45 85 15
7 76 63 68 82 71 69 33
11 32 16 84 85 5 45 15 12 58 64 61
12 41 79 54 4 91 67 83 22 59 57 17 25
10 49 34 86 77 53 60 89 23 72 50
9 29 75 62 37 44 51 35 47 21
2 27 65
11 85 16 15 58 32 61 64 45 84 7 5
8 19 30 78 31 1 43 87 3
5 39 55 70 56 48
11 58 45 61 5 16 12 7 84 64 32 85
11 5 85 58 7 45 15 61 32 12 84 64
12 79 4 22 25 57 41 54 91 83 8 67 59
4 81 80 2 24
8 30 87 1 78 13 3 43 31
6 74 46 38 28 26 66
9 75 47 44 51 37 35 29 62 10
12 83 41 25 67 91 17 8 4 57 79 59 54
10 77 72 50 9 34 60 89 53 86 49
4 18 81 2 80
12 59 67 4 17 57 41 79 54 83 22 8 91
6 28 38 20 74 66 46
2 65 11
6 66 74 38 26 46 20
9 51 21 37 44 10 47 62 35 75
8 1 31 78 87 43 3 19 13
8 43 3 13 19 30 87 1 78
11 58 5 7 64 84 85 12 15 16 61 45
7 63 71 82 76 69 6 68
10 86 89 23 53 60 77 72 50 49 9
9 47 10 62 21 29 44 75 37 51
1 90
9 62 44 29 35 47 75 21 51 10
6 46 26 66 28 20 74
5 14 48 55 70 56
3 42 73 52
12 83 79 25 67 91 54 4 59 57 22 17 8
3 40 52 73
8 78 19 3 87 1 31 30 13
9 51 29 47 37 62 10 21 75 35
11 85 61 5 16 32 7 84 12 15 58 64
6 20 74 66 28 38 26
9 44 35 29 75 21 37 51 10 62
5 39 70 56 55 14
10 9 50 86 34 23 89 72 77 53 60
10 89 53 72 23 60 77 49 34 86 9
9 75 47 21 29 62 10 37 44 35
3 42 73 40
10 72 89 60 50 34 49 23 86 9 77
12 25 17 41 59 57 83 91 8 4 67 22 79
5 70 48 14 39 56
5 14 55 48 70 39
12 4 54 67 83 41 22 79 17 91 59 25 8
11 16 15 5 12 7 45 61 85 84 64 32
12 17 8 57 79 67 25 54 22 4 91 83 41
10 86 49 77 23 50 9 53 89 72 34
11 7 45 32 5 16 15 64 12 58 85 84
9 47 51 29 44 10 35 75 37 21
7 71 33 69 6 82 68 76
11 58 7 12 61 16 5 15 85 84 32 45
2 27 11
6 28 46 74 38 26 20
12 25 79 4 83 41 59 17 57 22 54 91 8
7 82 71 33 63 6 76 69
7 76 68 63 71 82 6 33
5 55 48 39 56 14
7 82 6 68 69 63 33 76
10 53 34 9 49 23 86 77 50 89 60
3 40 52 42
6 66 28 20 26 46 38
9 47 21 62 10 51 29 37 44 35
7 6 33 69 71 82 63 68
10 89 50 9 53 23 72 34 49 60 86
8 13 87 31 19 1 30 3 43
12 17 83 57 22 4 54 25 67 59 91 8 41
4 81 24 2 18
4 18 2 80 24
7 69 68 76 33 63 71 6
12 91 17 79 59 67 41 4 57 8 54 22 25
11 32 61 7 15 45 85 64 58 5 16 12
11 45 64 15 12 5 61 7 84 32 58 16
10 9 53 34 72 89 23 50 77 60 49
8 31 43 1 30 78 19 13 3
0
10 86 49 53 77 72 60 9 34 50 23
1 36
12 17 8 67 57 83 25 54 4 41 79 59 22
