100
99 31 20 72 66 27 54 67 85 78 11 59 44 77 38 89 47 13 15 33 4 23 86 22 28 32 80 43 39 51 75 25 88 37 69 3 12 50 84 30 76 56 57 29 46 19 63 87 55 18 96 16 53 26 10 62 34 8 36 99 93 91 73 81 83 97 7 52 60 94 68 58 6 79 65 14 61 40 71 42 70 24 90 2 64 98 92 49 82 74 21 41 48 45 95 9 35 17 5 100
99 35 22 51 32 85 29 50 54 19 89 73 84 30 79 12 40 86 68 17 65 63 26 75 56 70 82 47 88 55 59 100 66 91 43 90 87 81 16 1 11 96 48 13 67 95 15 38 23 31 78 9 27 8 94 71 76 92 83 21 34 28 99 4 36 3 77 10 74 72 69 25 24 37 7 64 39 93 5 18 41 97 62 42 20 6 44 61 45 60 49 52 57 33 46 14 80 58 53 98
99 66 24 73 43 16 33 62 89 36 58 84 100 34 90 19 9 59 60 7 6 76 4 70 41 67 63 92 53 30 69 32 50 54 83 93 17 55 65 15 95 25 10 88 72 96 31 11 68 94 57 29 77 87 20 38 45 27 8 44 85 80 2 56 52 75 42 47 99 1 18 51 61 79 26 39 91 46 13 37 23 40 97 5 35 22 14 12 64 49 71 81 74 98 48 82 86 28 78 21
99 82 17 29 85 31 2 13 48 59 53 79 39 84 60 89 70 47 10 100 55 57 50 49 69 76 98 81 19 14 78 18 66 32 11 77 26 92 68 6 65 41 51 93 1 90 45 25 36 83 86 46 5 9 95 42 56 8 54 27 99 71 35 87 63 38 94 21 22 67 12 30 7 16 88 91 74 37 61 44 58 34 62 24 28 97 80 75 23 20 64 96 72 15 33 43 40 73 3 52
99 49 81 96 95 26 58 61 60 89 99 17 75 13 14 97 36 51 76 9 28 8 10 33 65 98 7 22 54 18 64 72 41 56 24 4 27 23 93 71 35 94 83 90 45 63 77 69 19 80 39 91 2 68 73 70 40 86 43 42 87 15 50 66 25 32 3 30 44 62 48 85 78 29 67 47 38 1 6 100 12 92 37 31 11 74 57 52 55 21 34 79 59 20 53 16 82 84 88 46
99 94 7 16 48 93 29 49 12 98 66 3 39 87 80 15 30 14 8 95 10 40 5 38 45 31 90 83 47 56 99 67 43 36 58 62 32 79 18 92 54 65 1 46 19 57 71 77 13 61 96 23 50 74 88 69 52 72 11 26 22 70 28 59 17 44 97 37 75 78 89 63 91 73 100 34 35 33 84 64 51 76 82 2 60 9 86 21 81 27 42 53 24 41 25 85 55 20 68 4
99 49 57 44 85 54 12 45 99 47 11 67 81 30 78 28 18 5 80 61 73 90 66 27 86 87 94 13 71 42 4 97 22 19 74 82 40 76 2 64 37 63 53 58 6 70 8 39 26 14 23 50 56 83 32 20 34 51 100 43 1 59 33 48 29 17 91 95 3 84 93 25 46 15 38 31 21 41 36 55 69 9 72 68 65 98 96 10 62 24 88 75 35 52 60 92 16 79 89 77
99 48 54 83 2 59 41 62 58 5 23 55 20 97 53 85 78 3 6 49 24 71 38 18 87 67 46 69 50 47 40 37 84 70 45 88 12 91 22 25 75 68 64 76 28 36 90 9 10 66 77 13 94 27 21 34 44 14 92 82 86 93 4 29 30 17 61 56 19 52 32 79 99 51 100 26 35 73 57 95 74 80 33 42 89 39 43 15 81 60 65 16 63 96 31 1 11 7 72 98
99 86 29 89 47 34 10 66 53 21 39 40 30 98 87 22 52 85 26 91 11 36 72 76 80 67 70 1 95 82 15 59 8 32 100 43 63 6 54 93 24 48 3 49 28 94 14 60 23 20 88 68 73 45 78 64 46 42 17 2 38 56 99 81 90 7 25 57 35 84 13 19 50 83 97 79 18 51 44 37 12 58 5 74 62 4 33 41 31 27 77 92 96 69 61 71 75 16 65 55
99 11 50 31 82 14 89 81 84 83 93 51 15 4 55 2 61 80 5 24 69 53 30 16 41 49 18 6 54 29 26 17 8 94 23 52 78 95 92 57 77 60 28 40 86 20 22 33 46 97 44 99 34 76 9 67 58 43 59 88 38 1 90 63 27 91 64 7 100 65 32 96 13 73 72 74 85 19 3 42 66 47 37 35 56 87 98 48 12 70 25 71 79 68 36 75 45 62 21 39
99 30 33 44 64 31 45 29 35 86 5 70 43 100 23 84 41 21 24 92 56 68 75 1 69 28 54 48 40 97 47 18 63 96 32 72 15 65 98 38 59 55 4 9 17 46 57 6 90 36 82 51 26 3 49 71 22 94 34 76 8 79 78 52 99 61 73 74 88 80 62 16 81 7 42 87 13 14 10 66 60 2 67 20 89 83 37 39 25 91 53 50 95 19 93 27 12 85 77 58
99 83 9 36 32 51 96 11 1 65 13 29 89 42 93 86 82 64 40 74 10 35 20 39 55 6 21 38 60 76 88 53 56 47 69 61 45 31 98 100 50 92 5 3 71 43 77 78 7 58 33 95 30 84 4 90 80 14 59 87 22 27 72 8 34 23 85 41 81 25 2 18 28 91 73 37 48 54 94 52 67 79 19 70 24 68 46 62 63 15 99 97 44 17 57 66 26 16 49 75
99 15 97 55 96 95 93 26 82 11 37 38 86 27 35 56 46 100 58 18 33 24 75 44 31 22 30 51 40 70 72 54 4 49 76 94 77 2 67 84 41 23 19 8 53 63 66 25 52 17 42 81 73 32 36 14 43 98 45 78 16 34 10 80 90 99 74 68 69 59 12 64 48 62 61 83 79 20 1 57 29 21 88 28 92 91 87 65 60 85 50 89 5 39 7 6 9 47 3 71
99 32 54 74 75 67 47 9 51 73 23 20 24 50 87 94 96 56 92 60 42 6 43 63 13 1 72 7 30 25 27 57 45 10 62 88 17 4 19 70 11 5 71 59 77 98 58 37 79 90 93 33 84 29 64 22 41 3 38 89 48 18 8 12 97 82 91 28 44 80 21 55 40 95 46 52 86 26 39 99 85 65 78 15 61 100 81 31 76 34 53 35 16 83 2 66 49 36 69 68
99 81 75 61 26 93 97 99 19 82 74 89 1 31 79 43 46 12 32 41 24 13 5 34 71 22 48 25 88 28 87 18 58 91 42 73 60 35 36 4 57 95 90 38 20 54 2 16 66 11 70 96 65 69 37 30 80 10 53 83 39 85 45 6 63 7 64 77 67 33 21 55 14 29 98 76 50 40 27 23 59 100 9 92 94 62 51 44 68 47 78 72 84 49 52 3 86 56 17 8
99 80 70 92 81 28 99 89 79 14 63 9 69 32 24 57 36 100 93 85 75 78 95 1 25 55 17 53 31 19 15 47 18 30 48 11 86 68 73 27 60 20 51 94 71 5 2 35 97 76 74 52 87 65 37 3 84 61 39 8 56 34 44 88 41 7 42 45 21 29 13 62 66 46 82 91 26 90 33 83 6 23 40 43 12 50 22 4 72 98 77 96 38 58 67 64 49 59 54 10
99 98 44 13 56 14 48 35 89 47 52 51 5 9 97 62 63 85 76 19 75 38 15 30 60 55 94 31 77 74 11 23 26 65 95 24 4 10 78 72 8 6 54 3 68 41 49 88 21 61 2 81 91 28 34 70 32 18 100 20 25 40 1 7 29 87 12 73 42 84 66 80 16 37 45 43 36 39 57 27 93 86 33 69 83 58 53 46 99 71 96 67 92 82 90 22 50 64 59 79
99 13 100 60 74 37 34 14 38 40 44 11 93 31 67 21 91 99 55 45 62 2 47 28 9 10 56 25 85 76 41 65 92 50 27 79 68 6 66 94 98 87 43 1 32 39 26 70 51 52 23 33 80 17 71 15 73 19 7 8 63 3 35 4 20 22 46 88 83 61 48 96 5 82 81 49 12 86 16 97 75 57 53 90 54 78 64 89 77 36 58 24 29 95 42 59 72 84 30 69
99 59 78 46 4 73 21 24 83 60 89 71 44 80 6 56 23 91 67 5 35 58 93 53 75 18 20 54 96 26 98 29 82 39 45 11 76 32 86 48 10 7 66 40 27 12 31 62 2 95 13 61 79 55 87 64 43 41 28 70 30 52 81 69 1 94 68 17 14 3 15 92 42 51 16 38 99 65 47 8 33 100 74 97 84 9 77 72 37 90 25 34 63 36 57 50 88 49 22 85
99 82 6 5 54 80 39 56 13 72 31 29 75 70 61 27 10 50 49 18 99 9 44 96 43 46 26 83 60 16 67 81 53 42 3 90 4 15 98 2 73 68 24 41 47 12 88 22 11 84 17 78 36 25 58 71 91 33 45 66 19 7 40 76 94 92 89 65 100 48 55 21 85 77 79 63 38 62 35 59 34 64 51 23 14 74 86 57 1 28 32 30 69 93 95 97 87 8 52 37
99 17 99 95 72 89 74 63 36 85 86 43 57 97 87 44 70 9 66 88 78 96 39 33 92 100 90 10 16 69 77 81 83 1 26 67 82 42 76 18 7 19 98 62 47 71 80 8 28 93 94 58 31 13 48 29 59 75 64 52 50 65 12 91 23 84 41 73 24 11 46 34 35 27 2 40 54 38 3 55 61 22 14 5 15 30 45 37 60 53 20 6 51 25 68 79 56 32 4 49
99 79 5 13 11 70 56 88 92 52 32 96 51 24 4 74 16 90 31 41 28 38 1 40 95 12 19 93 45 44 43 98 25 10 6 75 30 58 61 60 83 29 26 94 46 47 20 27 84 59 99 55 35 7 37 42 62 65 100 50 87 85 91 53 67 9 72 54 66 71 39 49 14 81 89 3 36 69 63 23 2 82 18 73 57 97 80 21 64 8 34 77 68 78 17 86 15 33 76 48
99 86 38 67 100 68 20 94 2 60 80 50 78 89 41 76 69 43 48 84 30 85 63 45 11 33 54 90 17 99 22 62 4 14 36 87 65 35 72 13 3 7 52 40 34 66 92 93 42 79 31 16 32 71 59 98 82 47 21 37 39 61 9 26 77 44 88 83 29 5 18 53 51 28 27 58 73 97 10 6 96 64 8 19 91 49 57 12 46 56 81 15 75 95 25 74 70 1 55 24
99 100 72 55 34 97 31 41 13 52 58 92 35 1 23 44 19 82 88 42 96 64 43 63 6 80 93 22 75 51 99 3 77 74 45 33 11 9 27 50 14 20 94 54 71 86 36 69 48 4 15 46 16 30 8 89 56 83 62 87 68 38 21 5 7 37 67 59 73 78 91 12 84 2 81 17 60 95 28 39 61 29 10 66 26 76 65 85 25 49 47 57 79 40 98 53 90 70 18 32
99 36 40 39 100 6 33 70 62 91 44 87 24 58 38 56 86 65 21 11 78 32 88 46 99 94 22 37 12 5 98 42 1 84 49 27 55 51 93 30 45 9 57 7 64 67 43 77 80 47 2 76 26 10 8 18 74 31 35 79 72 66 16 20 53 48 73 23 68 85 97 83 34 92 17 29 4 69 54 81 14 60 96 52 3 41 50 13 71 90 61 28 95 59 89 82 15 75 19 63
99 75 11 6 47 8 64 46 22 3 56 61 25 91 68 54 42 38 5 59 31 43 80 87 39 60 62 14 95 93 21 24 70 77 28 74 79 55 7 36 18 63 34 96 57 33 92 65 66 45 49 52 84 86 98 67 88 83 71 1 9 51 13 72 37 48 2 35 50 90 85 4 89 19 69 20 27 23 78 17 29 40 16 12 15 58 73 97 41 94 82 30 44 32 81 53 99 100 10 76
99 76 80 30 23 20 41 9 21 83 96 60 68 95 59 18 19 53 10 38 85 79 84 1 97 63 90 42 93 6 29 86 74 12 99 45 64 44 36 3 88 47 13 33 8 28 46 43 73 57 14 51 72 17 78 71 50 37 34 25 52 22 26 77 39 48 40 66 61 69 62 65 7 5 87 70 67 2 100 82 4 56 54 31 58 92 15 16 89 91 75 32 98 81 11 24 49 55 35 94
99 6 33 10 27 79 81 75 19 15 4 31 18 67 36 24 78 70 63 94 11 37 69 55 16 91 8 35 51 60 85 48 5 52 92 7 61 66 20 86 49 47 95 29 93 65 57 1 39 97 100 14 73 56 3 83 43 46 26 25 76 64 82 17 53 59 84 54 13 12 98 89 38 96 45 30 22 68 80 23 41 90 42 74 40 71 62 9 88 2 58 72 34 87 99 50 21 44 32 77
99 52 67 32 55 72 69 12 76 75 96 60 88 21 33 92 6 100 47 13 70 28 57 40 71 81 31 79 48 95 14 50 49 89 82 37 23 44 56 17 8 78 54 4 20 98 24 41 61 16 39 9 34 18 43 93 15 87 35 30 53 65 84 77 58 22 38 11 83 45 99 73 19 25 80 5 59 64 1 46 94 10 2 74 3 90 42 97 91 27 68 86 62 51 7 26 85 36 63 66
99 68 25 31 82 74 73 77 15 48 97 89 13 92 37 71 33 65 12 1 32 87 98 76 66 62 45 18 2 20 27 35 4 50 21 69 17 46 38 42 55 79 16 39 91 53 11 26 96 60 93 47 99 86 61 88 41 8 5 80 83 78 36 14 24 70 43 22 56 81 85 3 23 9 7 29 34 58 44 59 72 40 51 6 95 64 52 84 94 57 19 10 49 28 100 75 63 67 54 90
99 29 70 76 100 80 71 46 18 83 23 87 53 48 16 21 89 45 52 47 63 34 2 94 90 49 85 60 74 92 50 13 38 32 73 66 40 6 44 58 86 24 10 81 61 15 98 7 97 17 65 96 35 37 33 77 4 55 88 20 26 27 28 8 43 59 78 39 75 19 68 9 69 1 41 54 51 91 11 72 64 57 3 22 36 42 79 93 95 62 5 56 67 82 12 99 25 84 30 14
99 66 11 41 96 95 60 39 59 17 67 5 15 9 10 87 52 55 40 76 71 90 1 61 58 3 50 85 12 70 26 18 25 86 23 79 64 30 73 93 65 43 8 83 56 51 62 81 100 19 92 27 2 42 88 21 94 33 75 53 57 4 46 80 74 22 89 37 72 69 63 84 16 97 20 44 14 38 28 47 91 45 24 29 49 13 31 35 6 36 34 54 68 99 7 98 48 82 78 77
99 86 72 32 30 28 19 65 42 77 92 78 67 20 38 14 91 83 27 97 39 60 22 84 44 50 89 23 100 82 7 47 98 61 96 69 43 49 55 81 26 6 4 64 31 37 87 3 16 59 18 71 88 34 74 62 90 73 80 51 29 35 15 10 48 24 41 52 75 54 76 11 93 99 45 95 56 36 17 57 21 12 58 13 66 79 8 1 40 85 5 94 63 2 53 70 68 9 46 25
99 22 57 37 43 23 11 33 19 16 41 65 49 71 53 6 7 42 90 27 30 94 88 12 32 36 35 74 45 85 80 87 8 75 21 95 26 3 44 13 40 10 18 50 55 70 15 39 56 9 60 52 31 28 63 77 58 54 47 67 66 59 17 4 73 86 84 14 51 96 64 79 61 20 72 2 100 97 25 68 93 62 82 38 48 99 69 83 46 81 76 91 98 78 24 92 89 5 29 1
99 70 68 5 26 90 19 37 64 96 24 27 77 75 23 54 11 78 17 82 66 31 81 86 58 30 62 10 40 63 25 22 94 91 47 42 52 28 61 83 56 38 67 33 71 15 57 88 69 41 80 60 13 55 87 21 45 100 29 20 4 84 2 36 76 44 16 34 73 89 98 65 99 8 12 18 79 9 51 39 53 97 6 3 7 74 46 59 50 95 92 93 85 72 1 32 49 48 14 43
99 44 34 98 7 28 22 10 20 31 57 29 24 77 55 80 40 71 45 2 93 43 86 15 50 1 12 59 32 66 78 92 73 89 13 82 42 99 74 75 23 83 47 70 18 96 51 72 26 67 37 84 87 4 33 76 58 9 90 81 62 88 8 49 52 60 63 65 6 11 16 68 79 100 39 69 46 19 14 35 3 85 97 21 61 41 95 27 56 64 91 17 94 30 48 25 38 54 5 53
99 2 26 33 86 40 99 76 29 15 20 56 69 19 95 11 88 54 31 16 47 84 67 13 5 64 43 78 60 27 83 55 36 97 94 38 46 17 49 72 61 59 22 68 63 18 89 12 82 85 32 41 28 42 71 70 81 8 57 23 6 44 77 50 52 35 80 96 62 9 74 100 14 90 79 10 45 21 25 34 91 24 4 1 93 30 98 92 75 51 48 73 66 53 58 7 87 3 39 65
99 30 34 63 71 93 75 72 67 53 81 89 37 3 74 70 73 98 90 20 46 4 77 43 59 99 92 96 97 48 8 44 64 18 11 86 56 24 49 65 78 19 26 7 6 1 16 40 10 83 62 94 45 13 35 5 12 31 41 60 29 9 39 54 55 95 69 47 52 25 82 23 15 88 14 84 66 61 100 57 32 79 91 51 22 80 21 17 33 27 85 58 76 87 68 2 42 36 28 50
99 71 17 53 78 100 64 86 48 73 15 22 59 36 10 38 12 9 84 65 16 27 2 91 92 21 83 24 45 52 93 47 96 49 50 95 77 76 61 67 94 5 32 1 23 97 68 70 7 90 66 89 51 43 25 37 81 29 82 33 20 88 3 62 80 8 6 54 11 58 31 46 18 63 85 19 28 75 87 79 55 60 72 35 57 99 56 26 42 44 13 14 4 40 74 30 69 41 98 34
99 50 76 100 73 56 38 60 43 5 94 42 88 39 72 82 10 33 81 24 18 17 92 48 80 66 96 49 9 22 28 32 54 6 14 8 95 97 15 89 46 53 64 19 71 1 77 79 12 98 75 16 23 61 58 13 2 47 31 35 93 11 20 45 70 74 41 30 69 99 83 21 44 67 26 3 62 68 7 51 27 57 4 34 86 85 87 36 59 84 37 52 65 25 90 29 91 55 78 63
99 56 23 13 86 84 93 95 20 44 99 80 63 1 92 90 38 25 45 82 72 28 68 5 98 21 17 26 65 43 31 58 97 14 52 85 6 9 29 73 91 69 35 30 15 62 8 19 10 47 74 36 27 42 61 33 18 60 66 48 83 39 76 22 89 51 7 57 100 46 37 11 40 88 75 16 70 3 2 96 54 81 94 77 87 78 71 55 32 24 4 67 49 50 79 64 12 53 59 34
99 21 81 34 79 29 9 33 55 26 28 78 87 60 25 59 24 44 77 97 56 13 15 69 14 83 50 75 31 18 19 1 73 67 84 94 45 51 64 22 88 100 99 58 23 89 41 7 40 96 10 92 5 57 70 68 80 86 47 3 53 52 37 17 72 8 27 49 90 20 62 93 4 61 74 63 2 30 98 46 16 48 36 65 38 43 35 66 95 85 6 12 91 39 11 76 82 54 32 71
99 60 36 10 96 71 40 37 53 31 94 6 77 5 98 87 83 45 68 73 27 64 51 100 41 29 54 81 95 16 56 11 79 80 92 74 17 42 18 12 25 67 49 23 93 78 13 38 28 4 21 91 46 89 39 66 90 33 34 63 19 84 9 59 30 26 57 61 69 7 65 47 14 24 48 50 52 1 88 32 72 76 58 2 86 97 22 82 85 55 20 62 70 44 35 3 75 99 15 8
99 22 19 36 27 24 47 35 13 6 26 21 90 88 68 40 63 65 67 80 99 86 97 20 14 56 57 29 50 92 70 71 84 5 7 62 96 37 73 4 39 60 59 33 61 77 76 52 49 53 54 28 16 66 48 31 83 17 34 45 58 18 87 95 1 12 78 42 98 2 10 69 3 23 94 8 81 91 72 9 46 55 41 82 51 75 15 30 100 85 32 43 11 89 25 93 74 64 38 79
99 56 73 83 61 79 91 29 17 43 67 1 13 25 94 95 75 9 77 99 26 68 89 87 31 58 65 60 47 50 16 48 81 90 42 21 70 46 97 34 28 39 3 64 53 11 57 5 74 32 86 100 59 23 7 41 80 38 49 63 71 19 6 24 37 84 20 78 93 4 96 85 62 22 8 2 36 30 88 12 92 14 98 54 69 15 27 51 33 44 76 52 40 18 82 10 35 72 55 66
99 19 76 79 9 64 21 36 81 72 90 17 75 61 23 89 69 51 4 41 94 100 83 77 85 24 32 99 49 91 93 95 25 30 71 66 68 28 59 22 39 98 42 3 92 62 53 54 8 58 27 97 29 13 35 48 43 73 16 82 87 84 55 60 88 11 67 86 1 6 80 2 96 50 45 40 26 12 33 10 18 70 34 57 20 31 44 38 47 65 14 63 5 74 56 52 15 78 37 7
99 15 19 69 61 88 89 32 79 58 38 50 95 67 48 31 16 46 49 4 10 11 64 87 100 6 56 59 84 91 28 77 41 90 18 98 2 36 12 52 70 82 27 33 9 23 71 55 45 60 43 93 20 99 22 75 14 17 54 68 81 25 13 29 72 63 26 24 97 92 65 8 86 44 80 85 78 21 5 57 1 7 62 42 3 94 83 30 40 96 74 76 35 53 51 66 39 34 73 37
99 11 92 20 40 22 82 28 99 70 1 52 43 32 42 59 78 66 45 13 95 24 88 33 37 69 15 44 56 31 80 71 47 90 73 26 25 4 57 86 91 16 79 76 5 96 39 51 14 93 35 75 2 60 84 55 30 23 19 94 81 21 67 83 49 18 41 27 53 10 54 97 65 100 74 98 36 3 77 63 64 7 9 68 46 72 8 62 58 34 61 17 38 89 6 12 87 85 50 29
99 22 44 87 43 84 2 60 64 23 61 32 42 10 92 91 25 99 41 38 79 94 70 6 26 89 37 80 40 9 75 16 18 7 12 36 27 98 93 72 95 59 3 21 51 90 53 100 63 68 52 34 31 50 54 46 96 24 58 66 73 39 74 47 81 76 56 28 33 86 78 55 83 8 85 69 30 71 57 88 82 17 11 48 5 4 14 67 19 77 45 15 35 29 13 97 62 1 65 20
99 1 70 19 73 95 63 16 96 44 83 10 39 18 75 61 31 99 78 89 53 56 91 80 35 3 12 66 55 9 45 4 87 25 36 58 60 29 82 14 68 62 54 5 94 67 71 43 59 77 69 47 49 52 76 86 72 90 8 79 81 11 84 34 51 88 65 64 98 37 33 20 27 28 40 30 42 41 38 48 92 26 46 6 57 21 74 22 32 100 24 13 15 85 23 7 93 17 2 97
99 36 75 55 56 91 64 67 59 4 22 37 26 24 43 19 87 14 77 100 62 39 33 61 68 80 25 10 2 30 5 27 85 28 88 9 7 18 6 71 46 42 45 8 47 99 98 1 15 86 82 35 44 17 70 60 84 76 95 32 48 53 79 50 97 81 92 57 3 31 72 11 40 63 94 90 74 66 65 21 52 96 34 41 93 54 38 12 73 29 13 23 83 20 69 49 78 89 58 16
99 61 100 54 9 12 25 90 37 10 27 7 88 53 6 3 62 65 68 34 67 71 29 66 44 16 4 43 81 63 46 57 36 15 32 89 94 5 92 47 58 38 76 93 60 30 74 35 39 33 45 22 80 18 95 86 20 41 21 50 69 26 84 70 96 75 24 28 51 42 8 17 83 11 19 72 2 55 23 48 85 87 56 91 49 40 1 82 14 73 79 78 64 97 99 59 98 13 31 77
99 40 48 24 88 57 95 97 5 17 67 69 46 33 23 18 6 4 92 75 80 37 14 63 81 2 91 54 98 64 47 59 61 39 78 1 62 32 7 68 93 82 34 29 52 21 60 13 31 72 25 41 84 3 50 22 55 94 79 77 8 35 87 89 76 96 11 100 10 83 38 30 74 20 16 86 70 44 99 19 45 28 42 85 58 56 9 49 26 90 51 43 66 15 36 27 65 73 12 71
99 34 39 60 35 44 17 75 31 36 27 42 46 68 49 52 64 67 50 38 76 73 56 58 97 32 92 26 59 30 91 96 19 13 16 83 48 7 21 99 98 8 69 28 22 4 74 55 23 87 90 14 62 66 40 51 65 11 86 20 57 93 71 43 85 82 10 77 33 89 80 45 61 9 25 3 12 100 6 94 1 53 47 79 70 41 84 5 29 24 78 2 81 18 15 88 63 37 72 95
99 49 62 7 99 81 22 71 59 1 26 79 47 35 14 20 60 46 45 37 33 24 5 43 21 56 44 4 67 76 77 63 41 90 51 95 84 3 94 97 82 2 70 88 54 100 68 31 42 78 98 58 15 80 57 74 86 8 36 18 16 61 30 83 48 66 13 87 65 12 29 19 69 64 10 92 72 75 27 73 28 34 52 17 96 53 38 93 9 50 6 91 11 89 23 25 85 39 32 40
99 93 52 87 64 98 43 35 4 23 37 94 58 8 29 99 67 24 65 53 61 7 77 73 1 15 18 59 82 5 39 26 10 55 74 100 50 44 30 96 17 57 51 85 25 60 71 83 13 22 3 2 92 48 34 46 36 97 54 6 88 70 28 84 90 81 19 63 42 69 38 40 11 12 68 89 31 79 9 91 86 47 78 32 66 62 76 75 41 16 49 45 80 72 95 14 33 20 27 21
99 26 74 27 87 3 8 84 61 97 96 29 17 38 56 11 63 94 9 14 81 80 59 13 47 98 66 75 5 89 40 22 64 33 16 58 21 77 36 50 35 12 34 60 28 52 20 76 6 53 69 92 4 91 43 70 48 71 78 19 82 37 49 55 86 39 85 62 18 1 68 23 44 15 51 42 100 30 65 46 54 25 79 90 67 2 99 10 88 31 7 73 32 24 83 93 72 45 41 95
99 76 1 100 2 37 29 8 87 40 30 21 83 13 66 99 45 38 12 56 74 11 88 63 48 80 68 96 91 24 34 82 70 50 73 7 18 75 53 6 44 61 93 47 77 49 71 5 3 14 4 25 22 19 16 89 39 95 32 85 62 35 42 64 84 27 36 43 15 94 72 52 31 59 55 79 9 41 20 54 69 60 17 98 26 33 28 57 92 90 51 81 10 65 78 86 46 97 67 23
99 91 50 66 1 45 81 52 8 98 2 72 4 37 57 82 56 76 89 33 90 17 14 87 100 27 34 46 10 31 47 69 16 71 28 53 73 21 85 51 18 77 58 79 97 74 7 5 86 67 12 41 15 94 30 29 93 13 83 49 11 32 35 42 75 6 55 39 44 65 23 48 64 92 84 78 60 88 24 95 22 25 40 20 38 61 80 54 96 19 26 62 3 9 70 63 36 68 99 43
99 73 20 30 16 85 14 12 100 51 78 66 31 59 48 15 64 55 53 4 70 86 11 90 1 43 99 96 63 44 37 32 18 29 5 41 9 82 93 42 26 47 57 75 50 56 62 92 91 21 34 95 28 58 40 54 23 72 7 74 84 76 2 24 83 33 98 22 88 94 27 67 36 61 68 77 35 89 3 6 49 87 45 81 39 65 97 71 38 79 52 17 25 19 13 10 8 69 80 46
99 97 95 64 78 43 47 24 81 10 63 53 9 40 77 23 20 42 89 4 39 25 76 65 86 55 79 29 6 13 36 21 7 11 38 72 34 30 67 32 80 60 73 14 71 51 52 85 83 15 19 28 22 94 45 1 68 57 26 37 12 82 74 87 62 59 44 46 8 5 92 100 54 17 41 88 96 48 58 93 16 56 31 18 84 69 70 49 91 33 2 75 98 50 90 3 66 35 27 99
99 96 23 76 39 24 8 95 38 75 71 25 28 82 20 73 98 65 51 15 85 16 86 30 12 11 47 59 21 46 56 2 90 17 29 60 58 26 70 78 68 54 1 89 48 49 6 45 13 41 52 79 64 42 50 57 66 7 81 69 34 14 93 97 94 3 67 92 5 88 27 84 44 10 100 18 40 32 80 37 63 35 43 19 53 33 83 87 72 9 91 74 31 22 77 99 55 4 36 61
99 75 98 41 30 74 14 38 73 94 58 49 82 4 90 22 83 85 1 48 2 27 31 20 78 5 100 97 60 24 9 71 33 39 23 37 10 54 65 15 19 34 17 16 67 11 76 93 46 13 55 7 47 12 64 91 40 35 88 25 84 53 96 45 61 44 70 42 95 52 32 77 66 18 81 51 8 43 92 62 69 26 86 3 89 72 79 68 56 50 59 29 99 57 80 36 6 87 28 21
99 94 90 77 83 91 32 70 88 86 9 13 49 79 19 6 17 74 52 38 11 29 4 35 59 8 24 5 45 20 97 43 71 61 16 68 73 37 82 10 41 25 76 40 56 27 51 80 62 22 46 39 78 67 72 87 85 30 1 57 2 42 53 98 89 48 23 54 55 28 44 15 95 34 50 100 31 66 12 3 92 14 7 65 63 36 93 26 84 33 81 18 58 75 96 99 60 21 47 69
99 38 24 87 28 92 97 55 73 81 13 95 4 70 9 10 29 64 54 93 66 18 62 69 78 58 42 94 71 33 27 1 39 72 19 68 77 17 35 22 89 31 80 59 47 76 63 30 60 25 49 8 83 61 85 2 6 15 37 14 48 26 51 86 40 41 56 99 36 84 5 96 20 46 90 91 52 21 45 34 75 88 100 32 50 79 74 67 44 16 23 43 3 98 53 57 11 12 7 82
99 44 95 73 80 31 32 70 50 61 3 72 85 97 35 28 20 6 7 60 49 59 87 23 88 34 91 9 37 10 40 68 43 45 90 64 15 82 19 51 25 81 84 8 75 58 86 13 74 52 26 77 18 48 1 99 83 22 96 33 53 98 92 46 78 71 62 41 47 63 56 14 24 89 2 29 16 27 17 79 4 5 65 38 69 67 94 55 12 30 36 54 57 39 76 42 21 93 100 11
99 36 50 63 71 82 7 20 52 14 4 19 46 21 94 37 81 88 55 59 33 10 61 49 42 31 78 48 13 69 17 60 85 92 25 44 72 9 70 93 73 98 5 89 64 100 57 22 54 40 11 66 79 15 45 84 34 18 29 39 6 65 38 95 58 26 75 96 90 43 30 83 53 35 41 76 12 97 62 91 23 1 3 28 2 80 74 51 27 68 77 24 86 47 16 87 99 32 8 56
99 80 77 40 91 85 31 2 28 36 76 30 63 5 12 9 1 61 94 39 67 82 18 78 47 75 14 37 49 50 6 46 73 96 92 81 65 45 72 98 59 3 23 52 16 20 41 84 13 19 32 25 22 21 27 56 26 57 4 38 8 66 51 17 100 15 70 44 34 62 53 55 43 86 24 7 54 83 64 97 79 42 95 74 11 33 35 60 93 10 90 88 48 99 71 29 69 58 87 89
99 99 25 50 68 5 4 13 52 70 66 42 22 90 55 7 87 48 62 96 71 23 64 1 10 54 26 73 79 47 46 61 63 65 17 15 14 18 24 76 37 32 35 49 2 11 38 16 97 92 82 40 3 43 21 100 58 20 34 45 41 94 91 39 30 6 33 89 28 81 27 60 51 74 93 80 59 84 95 53 29 86 88 85 98 67 8 78 77 36 44 9 75 56 83 57 19 72 31 12
99 27 84 58 16 86 93 51 28 50 39 60 99 22 10 30 67 8 5 85 87 9 33 77 38 44 14 31 20 21 2 79 53 54 55 48 71 68 98 97 13 11 6 42 15 47 82 69 12 72 49 78 52 81 76 73 88 61 63 56 3 64 37 96 40 91 100 1 36 4 89 43 19 25 18 90 23 45 41 7 59 62 80 92 57 26 65 75 17 95 29 46 83 24 74 32 66 34 94 35
99 88 39 83 55 92 63 29 94 7 90 80 59 46 84 12 34 26 87 6 53 11 8 74 98 36 51 38 41 100 69 99 85 67 72 40 42 43 45 56 3 23 17 60 58 31 21 27 70 37 66 14 32 79 82 77 52 50 13 30 95 2 4 78 9 25 19 64 44 65 86 16 81 68 62 49 24 89 47 35 57 18 96 5 75 91 73 97 61 48 10 76 54 93 28 15 22 33 20 1
99 37 12 51 61 95 52 20 67 28 7 42 22 5 50 6 65 74 100 88 78 56 79 55 23 9 17 25 83 30 34 2 26 44 69 10 86 18 59 73 66 36 84 98 62 71 43 75 49 99 47 41 40 91 39 46 21 60 81 48 82 8 64 38 15 19 27 4 94 96 85 14 80 16 32 97 31 54 35 93 13 53 58 24 70 90 87 1 89 76 11 29 33 3 77 45 57 92 63 68
99 14 53 44 85 60 45 22 91 16 81 2 51 9 15 68 5 17 25 10 93 57 76 84 70 89 78 92 95 4 96 21 7 55 71 11 97 83 36 19 49 27 40 80 66 47 48 46 8 34 88 3 62 69 41 79 87 82 61 42 43 64 13 65 98 38 63 94 50 54 30 100 24 35 59 20 18 29 12 77 67 90 56 58 28 52 99 74 33 72 32 86 37 26 23 6 39 31 1 75
99 46 9 90 73 93 95 39 34 30 94 47 89 20 43 13 7 77 100 6 21 35 96 22 97 3 75 40 62 52 11 55 61 37 59 36 24 68 70 32 87 17 15 91 81 5 69 26 72 65 64 99 2 27 31 33 92 14 16 45 44 53 57 18 50 48 42 67 82 38 58 66 79 1 88 51 98 54 23 84 63 78 85 25 86 41 28 49 29 83 8 10 56 80 19 4 71 76 60 12
99 88 84 55 77 79 47 42 4 2 61 74 38 52 33 58 80 83 54 71 69 76 40 96 44 90 63 13 29 99 94 68 64 7 23 92 72 82 30 45 67 28 6 93 86 48 20 17 35 57 78 81 16 91 62 46 95 14 9 21 51 19 3 1 32 49 60 22 56 65 41 36 73 26 24 98 43 5 31 50 66 37 100 85 8 11 34 10 27 15 53 18 59 70 12 89 97 87 25 39
99 13 42 61 26 39 72 77 25 2 19 94 5 60 27 48 54 64 69 47 34 24 7 43 8 23 93 21 36 91 89 78 11 80 67 14 74 52 55 58 18 92 9 88 17 20 4 86 65 90 30 53 81 79 10 16 51 32 97 99 63 66 50 100 70 83 46 87 98 95 73 62 29 6 45 82 28 57 12 15 85 68 96 35 75 84 71 56 59 40 3 37 33 31 49 38 22 41 44 1
99 14 91 70 64 79 15 29 3 99 81 33 73 50 23 49 37 57 65 71 41 52 86 89 62 87 61 76 69 83 17 43 25 94 11 30 82 63 13 24 34 56 36 39 88 18 55 22 54 47 84 59 51 16 42 12 93 78 31 8 5 48 10 92 97 80 19 68 21 38 45 27 90 20 26 53 32 44 72 58 9 75 35 60 67 98 7 46 85 4 95 40 2 28 74 1 6 100 96 66
99 80 74 12 82 42 25 47 88 41 8 6 51 45 1 48 61 10 29 26 27 92 20 2 7 90 33 56 49 72 71 18 19 57 91 53 81 34 13 4 55 30 96 87 95 44 36 77 21 83 16 68 58 9 40 35 39 67 64 94 86 100 15 97 60 22 32 11 46 62 98 5 37 23 73 50 63 3 28 99 70 85 79 31 66 89 17 52 93 38 76 65 43 75 69 59 24 54 84 14
99 56 2 26 37 19 66 64 59 65 24 96 13 58 72 57 46 97 30 9 91 18 34 39 41 38 62 27 7 11 73 98 77 83 71 63 94 82 95 74 85 88 8 100 93 33 75 31 32 89 10 20 4 3 68 92 5 25 16 70 67 80 22 36 23 35 84 49 14 50 47 99 60 61 86 29 6 90 45 53 12 87 28 17 54 21 42 43 15 69 51 81 78 76 55 44 48 52 40 1
99 60 36 86 93 91 26 74 15 98 39 9 24 43 48 31 85 1 6 66 46 13 54 59 52 10 99 83 29 23 70 8 68 19 42 81 79 18 51 32 95 56 96 64 12 100 87 38 75 40 77 14 20 30 33 89 27 58 47 63 25 28 69 50 88 45 11 34 78 73 44 82 22 57 2 5 7 84 17 16 62 37 61 76 72 53 67 4 90 41 49 3 97 55 94 71 65 35 21 92
99 74 91 30 15 79 19 78 68 62 77 70 98 63 1 47 12 2 49 18 24 65 14 94 88 89 71 97 46 48 38 21 7 43 60 90 17 67 72 96 9 51 100 4 87 45 36 28 32 57 41 95 25 8 44 56 11 26 35 86 75 58 31 39 23 54 82 85 5 50 76 22 73 6 37 64 29 59 27 61 13 83 10 80 40 52 34 84 20 55 42 93 3 16 99 92 53 66 33 69
99 28 48 66 10 17 39 57 9 95 42 84 21 23 92 40 93 90 30 38 64 77 27 49 78 13 70 72 43 74 56 99 12 96 1 35 63 80 59 14 94 52 37 36 6 71 89 47 51 7 97 45 87 76 62 4 15 85 5 61 32 41 22 18 20 44 11 31 50 79 33 75 34 8 58 24 81 19 54 91 2 98 60 46 25 55 100 69 73 83 29 86 88 67 16 65 26 3 53 68
99 89 92 93 13 43 18 36 55 54 94 44 99 52 57 90 17 48 69 30 72 63 39 95 8 15 58 97 26 65 71 40 87 41 37 100 56 76 45 35 25 2 38 1 16 88 68 7 75 19 21 32 53 96 50 77 20 47 67 10 9 73 86 42 33 14 85 59 66 82 29 79 91 24 6 64 34 11 98 60 5 62 22 81 61 74 3 80 28 12 78 84 31 46 4 49 23 70 51 27
99 100 65 42 4 52 57 13 43 26 91 24 35 96 33 94 48 20 15 16 88 51 10 62 38 41 68 23 30 6 44 47 61 49 78 80 58 97 64 75 50 81 70 8 86 31 9 95 3 11 79 29 1 76 99 56 28 74 59 32 67 69 77 66 5 98 87 39 2 22 12 53 71 18 55 40 19 90 14 45 7 83 54 63 27 82 93 25 73 21 46 89 60 92 85 34 72 36 37 17
99 82 57 79 39 70 51 63 56 8 78 96 22 100 21 89 54 41 46 75 32 23 31 95 59 5 90 83 67 4 48 38 29 68 37 34 47 44 81 52 69 42 76 10 99 1 15 88 19 26 60 20 17 61 27 3 11 36 6 49 97 16 7 2 74 65 9 18 80 40 98 94 91 86 50 28 13 35 71 33 58 84 53 45 55 77 24 12 66 14 30 73 87 72 62 25 43 93 64 92
99 60 84 57 23 59 19 15 54 28 85 97 41 87 30 37 10 20 69 44 6 95 93 77 21 63 43 25 50 34 45 96 42 22 1 48 83 18 13 31 2 7 68 90 17 4 67 92 39 33 16 52 75 76 91 73 100 32 78 55 5 47 66 38 98 26 29 71 72 14 99 11 3 46 56 12 36 74 53 65 61 8 9 64 81 94 58 70 82 62 35 24 88 79 51 49 80 89 40 27
99 36 27 39 48 58 44 73 52 89 26 54 35 75 92 64 11 74 84 28 20 51 49 86 66 29 67 15 1 96 79 16 61 31 9 22 40 60 2 69 57 47 93 30 46 37 70 80 50 14 10 18 25 34 43 82 98 55 41 81 83 23 68 13 78 56 71 72 42 88 63 94 90 77 12 3 6 100 19 21 76 5 97 62 59 45 85 24 95 4 7 99 8 32 53 65 91 38 33 17
99 93 74 18 95 75 87 44 48 83 86 38 71 96 58 68 3 17 94 39 73 31 84 55 20 49 15 9 37 25 66 57 19 36 99 59 97 1 89 53 67 23 82 42 72 10 32 79 41 21 80 100 8 92 61 56 69 45 27 43 24 14 65 70 35 11 62 40 4 2 90 34 5 60 76 85 33 98 26 64 54 52 63 7 30 28 50 22 29 13 47 6 12 51 46 91 16 77 81 78
99 39 20 85 51 42 93 84 58 91 2 50 99 3 12 34 92 47 79 26 35 65 75 88 63 86 44 21 7 82 19 14 46 6 23 68 53 70 66 1 60 11 22 87 100 71 25 57 8 95 38 13 4 29 67 45 15 43 80 16 96 59 83 10 55 54 98 31 52 30 94 73 61 40 32 78 56 24 69 90 81 97 18 9 28 33 17 41 36 5 49 62 76 77 72 64 74 48 27 37
99 79 77 96 71 67 97 91 27 2 10 25 52 87 53 64 70 68 65 62 46 28 73 45 3 21 72 66 11 88 42 20 47 56 33 13 92 16 34 54 39 89 18 81 48 58 30 15 59 24 63 9 31 86 17 85 99 4 36 7 43 26 93 57 95 40 32 6 78 80 41 82 100 1 74 50 37 44 75 61 12 5 51 98 69 38 35 94 83 19 76 14 29 60 49 8 84 23 55 22
99 84 5 33 9 97 26 85 76 62 83 50 28 36 99 68 29 30 10 64 56 55 86 92 88 24 89 80 15 17 12 3 82 27 40 87 1 100 19 95 70 41 16 49 73 31 43 8 53 39 81 35 90 63 59 74 58 69 66 51 52 79 4 20 34 42 72 38 75 14 98 67 46 57 96 22 94 48 7 37 13 71 32 11 60 93 18 6 54 2 44 61 78 25 45 65 21 77 47 23
99 87 77 73 31 43 84 93 14 90 42 26 72 6 91 16 15 68 96 1 19 29 49 62 69 4 2 20 10 66 36 40 37 50 24 5 45 39 22 3 55 48 21 51 17 61 58 67 28 25 56 89 27 65 46 44 79 32 30 38 63 60 11 53 76 13 23 70 57 82 99 86 35 100 33 18 80 74 9 78 7 88 95 12 59 83 41 34 97 47 8 71 81 64 54 98 94 52 85 75
99 57 34 41 2 95 51 90 31 13 70 76 78 50 67 75 32 37 80 71 23 59 91 29 35 18 6 52 55 94 98 24 49 79 73 38 68 11 12 53 63 86 43 54 36 47 60 66 44 16 100 9 74 10 77 26 17 69 83 56 99 40 25 7 14 22 82 21 96 3 39 84 45 72 64 30 61 48 58 42 85 20 65 89 4 92 15 88 27 87 28 97 19 46 1 8 5 62 33 81
99 7 31 81 5 37 70 45 95 65 61 15 29 75 80 12 74 78 35 8 2 73 26 54 11 34 6 28 69 14 32 98 46 13 1 25 17 99 44 86 49 60 68 27 51 90 84 21 55 23 53 52 39 24 82 67 16 47 10 42 50 77 3 66 56 58 18 87 38 64 41 89 96 19 4 59 92 57 72 63 91 79 48 30 97 33 88 83 93 76 22 100 71 62 36 20 9 85 40 43
99 28 97 20 9 47 88 66 42 43 26 54 5 90 41 62 32 89 27 37 100 50 69 82 23 70 18 8 75 91 3 92 36 11 4 86 84 81 2 34 57 53 96 6 52 60 19 64 29 99 45 77 16 80 65 12 68 25 15 67 73 48 40 31 33 63 93 24 10 74 49 83 76 7 58 14 55 39 17 56 44 94 13 38 21 72 1 98 79 46 78 35 22 85 30 87 71 51 61 59
99 41 5 50 16 95 62 67 44 46 79 47 58 66 65 97 3 14 71 31 57 90 27 59 24 13 42 82 72 56 19 98 18 89 69 73 60 78 4 8 20 23 77 1 88 25 75 33 81 2 100 94 49 10 76 39 93 17 38 83 68 32 35 15 85 40 63 51 34 7 22 21 11 36 12 9 92 6 80 99 45 28 52 87 30 43 53 84 86 55 74 70 54 26 48 64 29 61 91 37
99 84 53 88 54 36 25 2 73 34 18 5 48 30 15 33 96 61 7 38 19 85 71 79 63 59 49 11 95 80 12 23 92 6 77 47 69 87 21 27 98 57 66 50 35 75 24 90 72 39 70 55 22 45 20 32 42 40 4 78 81 16 67 37 65 60 82 52 17 91 8 26 68 64 29 43 83 28 93 3 56 44 58 31 94 10 41 1 89 76 51 86 9 14 74 13 46 100 99 62
99 56 67 21 74 46 45 68 76 82 93 41 10 84 96 24 57 26 77 9 35 7 78 5 18 52 61 85 94 75 1 13 44 83 31 49 92 62 50 3 63 12 11 4 32 65 69 39 55 22 40 99 70 29 2 87 88 80 30 17 23 6 72 43 79 20 71 38 81 16 36 37 48 58 42 25 53 8 47 19 90 66 97 60 89 91 100 28 27 54 34 59 73 33 51 95 86 15 64 14
99 49 5 38 59 14 6 15 56 43 69 83 10 47 2 65 90 45 74 51 53 76 100 55 64 70 93 18 98 92 26 78 9 88 25 48 95 12 30 8 35 73 13 87 57 81 91 58 21 3 86 80 50 66 24 19 67 42 60 54 89 23 68 52 84 96 16 37 40 34 22 63 72 97 39 29 7 41 61 44 77 33 46 28 36 32 79 85 94 75 31 71 17 20 62 4 11 82 27 1
99 88 98 51 91 7 25 92 1 54 52 68 50 27 35 57 15 43 28 32 70 30 34 99 71 62 49 4 44 45 47 65 82 56 94 72 96 36 3 26 80 48 19 31 97 14 24 42 79 93 11 95 75 53 23 6 41 58 2 69 40 29 85 63 67 60 22 73 64 74 21 87 8 77 66 86 16 39 81 46 61 18 33 89 84 76 59 55 5 9 37 10 20 78 38 83 13 90 17 12
