50
49 18 36 12 40 6 29 31 24 27 11 7 39 28 33 44 42 23 16 3 41 46 38 13 30 45 37 14 25 15 34 47 8 49 26 48 20 43 35 32 10 19 22 21 4 5 17 9 2 50
49 8 6 38 29 32 37 4 7 11 18 22 41 45 48 17 21 14 43 40 24 9 34 35 47 44 33 1 28 5 46 20 27 12 39 50 36 15 10 49 31 25 13 3 30 23 19 16 26 42
49 26 25 6 24 37 4 48 21 42 27 14 30 34 23 7 38 45 22 19 1 13 29 44 33 35 18 36 16 49 50 47 46 8 10 32 20 43 28 15 5 40 11 9 39 41 12 2 31 17
49 37 15 18 5 36 12 14 11 29 48 22 20 49 44 41 6 46 33 13 10 47 16 31 32 3 7 8 34 28 17 24 43 35 50 39 9 21 25 27 2 30 38 19 45 23 1 26 42 40
49 15 49 29 6 23 19 21 13 27 42 4 34 45 47 33 25 38 48 35 16 36 9 3 39 40 41 7 2 12 43 30 50 37 22 14 24 31 1 46 17 8 10 20 11 26 32 28 18 44
49 27 3 50 42 18 4 33 47 22 23 16 2 19 7 30 35 49 25 43 9 38 44 14 46 10 34 45 31 12 13 37 39 26 36 17 5 20 28 40 41 24 11 32 1 48 15 29 21 8
49 42 48 22 38 33 16 6 28 30 41 17 10 23 19 15 4 35 37 31 11 29 36 45 14 40 12 18 24 26 47 27 21 46 34 39 44 32 9 43 25 50 8 20 3 49 13 2 5 1
49 44 9 3 24 29 21 13 5 31 17 43 49 2 25 41 46 38 18 4 40 39 48 10 22 7 14 42 12 20 19 30 45 50 37 34 36 35 27 16 23 26 1 28 47 6 33 11 15 32
49 27 43 32 33 13 17 41 26 3 8 46 12 18 38 31 39 20 47 36 1 34 16 4 25 19 28 6 2 7 49 42 37 15 5 14 45 23 11 35 29 30 44 21 50 48 22 24 40 10
49 50 3 22 18 25 11 45 4 30 40 42 39 6 14 9 38 28 43 34 48 17 8 41 20 26 37 27 24 33 44 47 23 1 32 35 21 2 29 7 49 16 19 36 46 5 13 15 12 31
49 8 18 35 20 29 34 21 24 25 14 47 43 27 33 38 3 42 17 15 4 46 39 19 40 31 7 1 28 22 45 48 32 50 16 36 5 6 10 12 44 2 13 41 9 26 49 23 37 30
49 4 8 28 43 41 7 1 13 26 36 37 48 38 9 44 39 6 33 19 45 17 5 20 10 24 16 21 27 29 18 14 25 31 23 40 46 15 22 30 11 50 47 34 35 32 42 3 49 2
49 48 46 31 16 37 41 25 24 44 5 23 15 50 3 10 26 27 18 49 1 7 12 36 4 11 28 19 22 9 43 33 38 29 34 21 47 20 35 6 2 39 14 42 32 40 17 45 30 8
49 8 17 10 41 20 45 37 22 46 50 27 24 47 15 19 1 42 48 3 29 40 9 34 33 7 2 49 18 25 16 31 35 44 6 43 23 12 39 5 21 26 32 4 28 11 13 38 36 30
49 14 22 26 40 29 42 38 46 10 37 32 47 39 18 17 9 13 24 30 4 8 16 28 45 48 50 2 43 3 21 20 49 31 11 1 36 25 34 41 7 6 23 33 35 5 12 19 44 27
49 44 10 43 32 27 1 5 18 12 31 14 39 40 9 37 13 50 34 28 7 21 48 38 33 36 2 49 29 35 45 42 46 23 20 3 47 22 15 17 25 24 41 8 30 11 19 26 6 4
49 39 29 30 45 14 42 9 5 41 48 32 20 12 16 46 44 33 50 1 4 37 24 3 25 8 36 11 7 49 10 38 28 34 19 47 6 2 18 13 22 15 27 40 35 43 26 21 31 23
49 36 2 20 30 17 31 22 42 28 1 50 12 32 11 15 14 44 8 23 27 35 45 10 25 41 9 4 40 29 33 6 39 43 46 26 34 37 21 5 48 49 19 3 7 16 47 24 38 13
49 32 36 33 26 14 31 13 25 24 34 20 12 1 29 40 5 35 44 50 15 10 2 6 23 21 38 17 11 43 47 45 46 16 18 42 37 27 3 48 30 41 49 39 9 7 28 8 4 22
49 27 47 1 17 13 26 29 23 39 30 40 5 35 14 48 4 22 10 32 42 49 2 37 3 44 9 45 8 7 38 18 25 19 46 12 34 11 31 16 28 33 50 24 15 36 43 21 41 6
49 26 14 31 44 42 40 6 11 24 25 32 34 15 23 39 16 22 7 30 33 36 5 47 1 20 18 41 43 28 29 27 35 45 17 3 50 8 4 2 49 46 19 12 37 48 38 9 10 13
49 48 37 15 47 4 9 16 45 44 27 17 13 6 23 1 36 40 14 21 2 39 42 29 8 38 12 35 3 32 25 7 49 18 43 33 41 11 31 24 5 34 30 26 50 10 46 19 20 28
49 24 40 28 42 7 22 37 26 6 45 29 33 41 39 19 5 8 38 21 10 3 15 4 9 13 46 25 17 11 27 50 1 36 35 14 12 34 44 43 18 2 32 31 48 49 20 47 30 16
49 14 5 17 7 35 12 41 22 30 20 32 31 4 3 28 11 44 26 45 25 2 23 19 38 46 42 13 36 16 39 37 18 27 6 47 15 21 8 43 40 33 1 34 9 10 50 29 48 49
49 41 35 6 16 23 19 31 38 11 9 33 37 43 49 39 34 20 46 12 42 26 32 1 29 36 48 17 15 7 3 22 21 30 14 4 40 44 47 50 2 28 13 5 24 18 8 27 10 45
49 30 42 8 19 32 37 16 31 47 14 17 10 36 50 11 39 48 23 40 28 3 49 5 33 18 2 27 43 12 21 1 29 46 38 20 9 13 41 6 35 45 4 7 15 44 25 22 34 24
49 1 49 5 47 43 48 37 2 17 24 3 8 46 42 11 25 31 15 33 30 21 12 44 13 22 23 29 32 38 20 4 39 7 40 9 18 16 50 10 19 35 36 6 26 41 28 14 45 34
49 6 21 11 14 10 36 8 44 30 49 22 43 39 31 40 24 9 12 41 25 50 4 33 29 35 48 26 18 16 19 23 27 37 34 20 47 42 32 1 13 15 38 2 17 3 5 46 7 45
49 28 42 34 15 19 18 26 7 49 37 40 31 22 10 48 50 8 41 1 46 14 30 27 23 9 32 47 44 24 33 38 12 35 36 45 2 16 39 21 20 43 5 4 13 11 6 25 3 17
49 1 39 23 18 43 11 8 31 10 25 45 33 38 34 21 3 16 28 17 35 2 48 37 27 4 13 12 15 26 42 49 5 29 24 44 40 22 47 36 46 6 19 20 7 32 9 50 41 14
49 36 22 48 15 10 9 29 14 39 43 1 32 16 47 33 41 3 4 18 28 11 26 7 44 17 6 50 19 5 2 49 12 21 35 27 46 45 13 40 34 24 25 38 30 8 23 20 42 37
49 17 26 15 40 36 35 46 4 49 23 14 30 44 12 8 29 6 1 16 48 3 21 18 39 11 50 13 43 34 37 5 7 31 10 9 33 20 27 45 2 22 38 24 25 41 19 28 47 42
49 28 36 27 14 34 47 35 2 18 25 24 38 16 20 11 29 10 45 6 46 1 26 30 3 41 17 21 39 31 13 22 9 15 7 12 19 23 48 8 4 5 50 49 44 42 40 32 37 43
49 40 30 46 33 22 37 20 17 11 32 39 16 47 49 45 7 9 6 35 21 44 19 50 23 29 28 4 15 3 12 41 1 13 27 2 14 25 36 18 26 38 43 42 24 10 48 5 8 31
49 3 49 14 37 50 40 19 29 22 41 23 32 46 33 7 26 47 18 17 45 48 15 4 12 1 5 43 36 31 39 24 20 28 38 10 6 21 27 25 2 16 9 11 44 42 30 13 34 8
49 41 22 8 49 29 6 15 27 12 18 21 47 42 16 4 9 13 23 30 14 39 3 35 17 37 2 44 38 33 20 19 45 25 5 48 34 7 28 46 1 31 32 24 50 43 11 26 40 10
49 21 28 1 2 42 44 47 32 14 49 8 46 27 10 43 11 34 48 41 4 35 7 15 50 45 17 33 40 20 3 24 12 5 23 9 29 39 26 13 19 6 16 31 30 22 25 36 38 18
49 6 7 9 12 34 17 45 28 2 47 31 14 43 44 48 50 10 19 39 3 29 18 37 4 49 32 46 27 26 41 21 25 15 8 16 1 20 22 30 5 36 23 11 35 24 40 33 13 42
49 24 5 40 26 12 4 45 34 30 6 10 29 33 9 15 1 28 21 3 23 2 48 46 13 43 36 50 18 19 32 47 31 49 11 42 20 8 14 41 38 16 44 37 25 7 35 22 17 27
49 2 43 49 30 15 24 45 28 36 19 32 8 34 44 11 21 47 1 9 23 26 25 12 20 37 10 46 3 42 41 5 33 17 29 35 6 38 48 16 22 27 18 13 7 39 4 31 14 50
49 48 39 36 35 49 15 12 8 16 28 17 11 9 21 25 26 33 29 18 4 22 2 46 6 3 23 31 37 32 5 30 24 20 40 7 19 44 14 47 1 38 10 42 45 50 13 43 27 34
49 2 3 15 26 25 7 35 46 23 17 34 9 28 19 48 21 1 22 4 24 38 41 47 36 13 18 20 45 32 12 44 49 50 8 33 16 10 6 11 31 30 14 39 27 43 37 5 40 29
49 6 45 1 30 24 12 11 13 31 26 32 22 27 14 50 8 34 23 48 35 42 16 2 15 41 40 17 47 21 36 49 25 28 46 33 5 44 3 9 20 37 38 10 29 39 4 18 7 19
49 13 25 34 35 21 49 43 41 17 27 30 7 37 11 18 46 14 33 15 47 19 28 5 10 45 29 6 26 23 20 24 16 40 42 8 9 31 12 38 39 2 32 1 48 22 36 50 3 4
49 30 19 50 15 4 49 22 17 16 13 48 41 12 7 38 47 9 29 32 46 28 40 6 26 21 42 24 25 36 23 1 3 20 37 33 31 10 27 35 2 11 34 44 5 8 43 18 39 14
49 45 9 12 41 25 22 23 18 28 10 39 19 26 11 50 33 37 3 40 48 20 31 14 47 36 2 16 49 8 24 27 44 35 38 1 43 6 29 5 13 32 4 21 42 30 15 34 17 7
49 16 17 50 27 8 4 25 24 19 29 7 49 22 43 20 15 48 36 39 38 26 13 23 14 3 11 9 42 46 6 1 37 45 10 35 5 40 34 41 21 31 32 44 30 12 33 2 18 28
49 22 13 28 45 42 21 43 19 8 25 39 2 26 44 27 18 34 36 31 9 14 40 20 37 47 41 6 7 11 29 33 12 1 32 30 38 50 16 35 15 3 5 17 10 24 46 23 49 4
49 15 23 39 33 1 28 17 4 5 29 46 12 13 19 30 7 27 18 10 6 47 2 50 45 21 11 36 20 48 3 41 42 14 8 22 43 31 44 26 34 32 37 35 40 25 38 24 16 9
49 43 6 40 2 7 21 25 29 23 9 8 47 18 12 13 17 11 35 37 14 19 46 10 22 41 30 44 26 32 27 49 16 34 15 1 3 45 5 48 36 4 38 20 33 24 31 39 28 42
