100
3 50 2 13
3 8 45 1
2 93 91
2 61 23
2 22 48
2 30 24
2 64 51
2 98 2
2 35 58
2 41 25
2 54 34
2 63 19
2 1 21
2 42 79
2 26 90
2 24 96
2 27 66
2 40 47
2 12 39
2 99 60
2 13 99
2 69 5
2 4 77
2 6 16
2 10 85
2 71 15
2 84 17
2 51 87
2 86 40
2 46 6
2 53 41
2 38 88
2 66 68
2 11 52
2 97 9
2 48 82
2 83 98
2 52 32
2 19 84
2 29 18
2 31 10
2 47 14
2 75 49
2 79 57
2 2 70
2 70 30
2 18 42
2 5 36
2 43 50
2 49 1
2 7 28
2 34 38
2 74 31
2 95 11
2 73 59
2 68 81
2 44 93
2 9 73
2 55 94
2 20 64
2 80 4
2 85 100
2 72 12
2 60 7
2 90 72
2 17 33
2 88 71
2 33 56
2 78 22
2 45 46
2 67 26
2 65 63
2 58 55
2 82 53
2 96 43
2 89 97
2 23 83
2 94 69
2 14 44
2 81 61
2 56 80
2 36 74
2 77 37
2 39 27
2 25 62
2 100 29
2 28 89
2 32 67
2 87 76
2 15 65
2 3 92
2 91 95
2 57 3
2 59 78
2 92 54
2 16 75
2 76 35
2 37 8
2 21 20
2 62 86
