50
21 24 30 31 27 34 50 38 4 33 3 15 22 19 35 11 49 26 46 10 43 29
21 24 50 20 42 15 19 27 25 47 46 11 21 44 30 12 7 4 9 17 31 23
18 4 9 1 46 24 6 26 31 36 34 23 20 44 15 25 27 10 38
20 23 32 18 15 2 1 34 20 39 36 19 3 14 25 13 16 28 37 12 31
15 30 32 25 50 17 14 15 42 38 48 20 47 27 6 33
21 35 47 46 10 11 40 43 44 3 13 34 24 15 45 50 5 38 18 20 21 27
17 35 30 24 11 26 50 37 49 18 21 45 19 48 23 2 46 39
15 34 24 48 26 36 21 37 47 35 43 33 9 13 25 10
18 35 49 21 38 31 39 8 15 48 13 3 2 44 17 41 19 43 25
24 38 1 24 6 32 14 33 12 44 49 8 48 50 20 41 36 11 40 34 3 43 46 21 29
18 42 28 25 10 50 23 26 18 45 7 17 34 22 2 27 6 1 49
17 10 39 43 28 35 46 2 42 47 13 27 44 4 14 22 33 26
19 16 50 34 41 19 20 32 23 12 18 44 6 21 4 26 30 8 9 45
13 15 34 32 43 20 29 10 39 42 4 23 12 5
16 49 44 5 9 25 16 6 27 30 2 50 1 47 14 3 4
17 13 43 36 20 41 31 19 49 29 24 18 48 46 40 37 15 4
22 43 50 26 9 34 33 20 28 2 35 49 37 48 29 27 31 21 39 11 32 5 46
20 41 36 39 28 32 21 29 37 35 11 49 27 16 13 48 4 19 6 7 22
24 25 43 40 44 16 4 32 38 1 7 2 26 29 36 39 50 13 33 42 9 18 22 35 34
24 22 48 5 26 28 17 3 46 13 37 10 41 43 39 2 16 14 42 47 33 4 29 30 6
21 7 10 9 23 43 22 27 25 13 50 18 30 24 29 48 44 28 6 2 8 17
21 43 21 50 12 18 31 38 33 19 41 28 40 26 24 1 45 20 37 47 44 11
22 43 21 45 11 46 37 2 24 50 41 47 36 3 7 4 49 40 48 14 38 26 13
25 31 7 43 35 28 44 3 2 41 6 26 10 39 16 47 29 23 34 8 37 1 45 22 21 32
21 8 4 5 36 15 48 45 27 37 2 33 3 30 19 40 34 9 21 32 11 47
20 3 13 24 12 20 35 50 42 49 8 23 11 46 40 1 22 34 17 7 19
22 12 5 2 37 21 30 50 11 43 49 25 3 1 42 18 6 35 28 15 36 17 46
21 27 33 17 35 43 4 18 45 20 41 21 12 31 22 11 24 44 32 37 36 29
20 19 20 17 24 1 34 43 30 16 33 42 31 47 44 21 18 40 28 10 14
23 50 34 1 43 25 5 15 2 20 37 45 27 46 38 21 44 13 31 39 48 7 29 49
19 4 3 33 37 30 39 29 49 16 1 9 24 22 28 42 2 34 17 41
18 38 44 18 5 17 24 37 35 25 19 13 47 4 39 14 28 10 40
18 12 1 37 28 17 45 35 25 29 10 41 50 22 5 20 19 31 8
23 30 1 26 42 35 45 24 31 39 29 6 10 3 47 19 38 25 13 17 8 4 14 11
21 44 26 36 28 17 39 32 1 27 19 33 18 37 8 24 6 12 7 49 9 34
20 16 27 44 43 45 3 4 35 38 42 23 25 19 46 50 37 18 28 10 8
24 17 8 35 4 50 31 46 18 33 16 20 7 25 36 28 41 24 43 40 27 30 23 32 22
19 44 10 34 22 41 9 36 46 30 3 6 23 49 19 48 40 1 32 5
19 46 17 12 18 32 45 35 9 31 34 48 4 7 50 24 30 14 19 20
16 48 32 46 6 19 26 22 44 38 41 16 10 23 25 29 37
17 13 9 38 33 37 18 20 40 10 23 22 31 24 50 48 16 28
17 48 20 14 29 26 36 2 27 47 11 5 19 31 50 45 12 34
23 23 21 37 22 44 10 27 24 12 8 30 1 6 17 20 9 16 19 48 14 28 29 36
23 24 35 15 12 28 29 32 22 47 50 40 3 36 6 2 43 38 30 19 10 21 13 9
18 13 23 34 48 36 33 42 24 47 6 28 46 7 25 22 30 11 39
21 7 39 40 30 10 2 20 1 26 48 45 6 38 36 16 17 23 3 12 37 27
19 8 6 32 24 34 5 22 15 29 12 23 49 25 20 2 45 50 44 42
23 50 20 38 30 18 5 25 49 42 46 40 41 23 9 17 43 8 10 7 16 45 21 39
19 9 11 18 15 17 35 50 26 47 16 27 31 10 23 1 30 48 7 38
27 19 37 23 30 6 22 49 10 41 33 36 44 7 17 21 5 42 47 26 39 15 1 2 27 11 13 48
