100 100
6834 4900
-6803 -4118
8390 2340
8818 -993
-4357 -7278
4159 -6091
629 -9
-1151 9466
-7245 5041
8550 7340
-8216 9073
-9578 -960
-2979 -5787
-4792 2198
-5523 -2201
-9223 -1095
-4084 4290
4122 -1277
-6013 361
2911 6859
-6472 1523
5100 6621
6720 -2459
-4344 6065
-6085 -7112
9429 3989
9863 -69
2403 380
7632 9239
-1933 1188
5058 4619
-9205 6042
-4405 -6749
-5609 -1115
-4230 -7949
563 -6610
6198 47
6312 -3546
3332 9543
4703 -4702
8958 -5143
-2013 -8304
-7771 -5275
5772 9110
6487 244
2796 -8614
-4272 1544
-8392 6932
9402 -6581
-3152 9388
5109 2234
6417 -1278
-8743 4755
-3843 -2847
-7387 9406
-5674 -8628
3429 -380
4692 -2958
-950 7724
3968 -4083
8501 6605
2981 3847
-7993 2669
6684 -7443
-4469 -2642
7835 -9071
-3507 -7072
3621 1232
5371 -5015
-2931 -2972
288 7533
-8147 6932
-2833 -1940
4970 -3380
7083 -8893
3900 -7230
-2421 -4053
127 -768
881 -4269
-4745 -135
-3764 9410
4257 -9507
2459 -3088
-2282 3581
6827 701
4436 -9410
7650 -3111
-580 -8840
-4467 -3336
5453 1081
-4802 112
8921 -1633
-5790 6367
-351 -9513
-1468 9216
4801 -1660
-6509 -9762
6900 4082
-3723 -7753
-6208 6663
