100 10000
4112 -5287
-4518 -6226
-5417 5428
-2209 1561
3664 1479
-9518 -4195
425 6335
-4833 9721
-6904 6008
2333 7512
9042 8563
-3670 -1106
-7712 -3483
-9418 3871
-1124 -5882
-1728 7300
5414 9583
3757 3870
9789 6203
-5308 2439
7546 1314
-4713 -8842
-8638 -7294
-8356 4670
8905 7383
9777 -3306
-9118 1676
8041 -7726
-6266 7448
-4360 7573
9793 -7451
-1628 674
4478 9080
4574 3262
3355 3163
-3634 5278
-2531 5054
4075 -8327
-3000 7435
-6814 -2042
1638 -1618
-1371 3329
-4164 -3216
-6670 -3554
7225 5116
1910 -8372
1897 1113
-10 9915
-7802 7170
-6346 -5475
-5343 -7676
2221 -4879
-8356 3548
7588 -9804
-1583 -6918
1227 -6691
4574 -4125
3526 3019
-5864 -9440
6564 -9697
-8442 -140
-6218 4799
284 3490
-3239 -7727
-7148 3677
-488 6905
1021 3431
-440 4065
5214 3470
-5798 7398
-914 -8002
9257 -7287
-2369 -4769
3315 9374
-6565 4362
-2525 146
7343 -91
-9541 -1873
1830 -8519
2944 675
1442 -4678
-7842 -6160
966 760
-3944 -6057
6124 -6665
5137 -4106
8421 -377
-2202 8233
5347 -4358
6312 -7970
-5810 -8365
1420 -486
-2946 -2858
-1798 7653
-9028 5760
-7026 4059
-4639 3959
-3898 1390
8181 -1958
2103 3036
