100 10000
6000 40
-1002 5916
5505 2387
-5730 -1775
4283 4202
5579 2208
5955 731
-580 -5971
-4481 -3988
2316 5535
-329 5991
4912 3446
-3420 4929
-1918 5685
3599 4801
5998 -164
588 5971
6000 -7
5367 -2681
-5087 3180
-5703 -1859
-5710 -1839
-1949 5674
-5150 3077
2478 5464
-3751 -4681
5690 -1902
-5171 -3040
1761 5736
5952 754
-1573 5790
-3682 -4735
-3283 -5021
-3102 5135
-298 5993
-3399 -4943
-4714 3710
-2924 -5238
-5428 2555
4507 3960
-5998 -119
-246 5995
4460 4014
5790 1574
-5792 -1562
3252 5042
-1009 -5913
2747 5334
-5769 -1645
4620 -3827
-5950 -766
3150 5106
-5442 -2523
1687 -5757
-5298 2814
5387 2643
2991 -5200
1839 -5710
2222 -5572
-4530 -3933
5833 1406
-2748 -5332
-5885 -1163
-1304 5856
-5999 49
-3962 4505
-5851 1324
1531 5801
-5987 384
-4101 4379
4888 3479
-5970 590
2476 5465
4515 3951
1194 5880
-2305 -5538
-5999 11
-2214 -5575
-886 5934
-5694 -1888
-2336 5526
-5114 -3135
-5996 191
-4664 -3773
5398 2619
3132 -5117
-958 5923
4509 -3958
1295 -5858
-2994 5199
207 5996
-1029 5911
-2747 -5333
3557 4832
-5196 2998
2347 -5521
1989 -5660
-570 5973
-4097 -4382
-1947 -5674
