100 10000
-2776 8901
-6893 -3879
-6494 4816
9598 -1335
2932 8759
7185 2849
-9869 1800
-8769 -7940
-3426 -5467
-5193 -8039
2264 4413
-5606 -420
6626 -9298
-8514 9736
-7786 -7300
4584 8997
2977 -8464
-736 -6190
-1614 -6453
-1973 7458
-1781 4548
3417 -1796
-3843 4214
4636 -7517
-4848 926
-5261 8562
1041 5882
-1100 5686
-8869 -1763
9061 9461
-6371 2594
8055 -8658
-7936 -5921
-5458 254
4500 -3306
8489 -6230
-1665 1086
3761 1989
5009 2583
-7185 8420
5575 4513
7781 -3877
3646 -9379
-6581 7691
-5429 -8688
8070 -6456
-2082 4763
-2173 -8827
1733 -9458
-6895 -1107
2324 3149
-2175 4053
7556 1674
-7952 689
3988 -7300
-6267 2834
8155 5820
8473 6223
-5253 -9999
1985 2987
5499 -2987
-6340 5862
-9914 -1452
-5447 5221
2897 5936
-8004 3380
-4910 6688
4677 -1953
-5842 2312
5339 8676
4280 -4459
-7418 -4748
6854 -8417
-8162 -4238
-9124 -6162
3286 -2963
-1284 -7058
6773 6347
-8286 5374
-1740 4025
959 -4976
7506 2079
6974 -8077
1218 -4105
-8848 -5210
-6262 384
-4046 4478
6403 6555
-2697 4203
7791 6545
-6059 7244
-1226 1548
-9225 -8043
-4055 -6182
4516 4102
1213 6991
-5847 2189
-5596 4465
4766 -2288
4604 7893
