100 10000
4007 9168
-5843 7209
-2493 7842
-6899 -7095
-1832 3083
-4683 -1377
587 4673
-9582 -5582
-5183 -6873
5203 -2789
6964 6426
6063 -9991
-721 5732
-5168 -3185
-3023 -5484
1420 -9922
-2446 -5174
9884 9000
-5351 -8425
-1717 9195
4607 9383
6248 -7522
3785 2348
4289 4961
-6248 -8022
-8204 -8336
-9420 9459
1209 -6864
-806 7778
2783 4384
-286 2828
3265 -7027
5063 -6528
-1557 7870
-332 9216
-8571 -9427
-7473 8504
-3186 -21
4508 9613
-5653 3358
9208 5489
-5147 -8830
-8454 5980
-4479 1087
-3022 5887
3910 3533
4704 6971
-743 -6577
-1445 3515
435 7656
9288 8192
2050 9869
-4254 9015
-5631 8500
-7046 -265
9342 -247
9583 -133
-6549 7871
-7275 8689
-840 -219
-39 -1881
-5289 -7028
5038 1520
8562 -6524
4891 -4733
-8935 -1059
8698 -3161
-7249 4280
2884 2083
-8378 -166
-5953 1833
9278 7832
-94 -3460
2065 -4665
6309 -909
3535 -8421
7692 -1418
-1770 -9746
4655 3432
1660 -9186
-2727 -7373
-8521 2728
-8376 -5961
7576 9415
-5155 9287
-2737 3177
-3971 9362
3068 -2602
5783 -8163
-5569 8586
6129 4989
-5718 2366
-7314 -4355
-4158 643
3336 3754
-3730 5058
-7865 7589
-9625 7813
8209 2997
-4613 9040
