100 10000
2195 -4491
103 -4998
-4796 -1408
4828 1301
1578 -4744
-3468 3601
1561 4750
-2804 4139
-1347 4815
3424 -3643
-4998 119
-3266 3785
-2477 4343
-322 4990
-717 -4947
-2949 -4036
3842 -3199
-448 -4979
4380 2411
-114 4999
4454 2271
2267 4456
819 -4931
-4876 1102
963 -4905
1884 -4630
-4817 -1334
-4976 -482
4560 2050
891 -4919
-3382 -3681
-2461 4352
-4470 2239
-2162 4508
4812 1359
-1846 -4645
1808 4662
3325 -3733
-2145 -4515
4961 -625
4744 -1579
910 -4915
-4914 -919
673 -4953
-767 4941
1198 -4853
12 5000
5000 -57
-4999 30
-3900 -3127
4881 1085
-4007 2989
-3791 3259
4612 1931
4735 -1607
-3705 3357
3547 3524
-1737 4688
-534 -4970
4398 2379
-4962 -603
-3112 3912
-3948 -3066
-3003 3997
-4823 1314
-2155 -4511
-3784 3268
-3376 3687
-2654 -4236
4568 -2032
977 -4903
4974 509
3783 3270
-4791 -1425
-1681 -4708
4807 1375
-209 -4995
4824 1315
-3998 -3000
411 -4982
-3995 -3004
-3246 -3801
4782 -1461
4445 -2288
-3461 -3606
-103 4999
-4628 -1888
3119 3908
-2977 4016
-464 -4977
3944 -3073
-4559 -2049
4932 -821
-3337 3723
1943 -4606
1579 -4743
-4469 -2239
4988 -340
-369 4986
-4998 78
