66 9310
5855 466
7668 3928
5120 1702
4159 -5732
-1155 -4006
5787 7693
8023 4812
-5166 -1970
-2684 9226
-4068 5567
-5868 1844
-9152 8374
3713 6097
2617 3929
9512 6503
-4614 6702
7114 -5854
-280 4659
9997 -1296
-919 7189
-5391 1301
-763 -361
2798 -3090
-9463 2784
-1292 2776
-5206 -4541
-4555 -8954
3895 -9517
7470 -2939
-6798 -8416
-2857 7862
1639 6251
1286 -2815
-5443 -6157
4955 -5547
9878 -3314
337 1559
7780 -3855
-8052 -298
1441 -172
-1412 5688
729 -8732
-955 9640
5132 2726
3667 -2133
2725 -3296
-6927 -2695
-6834 575
-6350 -6731
-3928 -1876
2765 -6315
7417 -8866
673 -5878
7277 -6712
1136 -7408
6885 9678
5873 -6371
9945 51
4401 5964
2708 6698
2890 -2055
-5300 4818
8114 5042
2050 6661
3672 -2359
-4436 -7278
