84 129
4385 2855
2586 5293
9993 -4932
486 -607
-7552 7647
8745 -9056
-2144 -9473
-2770 2079
2902 2670
7246 8963
4809 3833
-2871 8089
-6331 9027
-8576 5316
2275 -1151
-4165 -3830
-6344 -2948
424 652
-3689 -7821
-5089 9706
1205 4215
7405 8229
-7960 1152
9842 5412
-7711 -3564
-1822 -4391
-6858 -3734
-9629 -7235
1104 5943
-1202 -3573
-1285 -1330
8080 -5594
-1161 8923
-3642 6960
6442 -9326
-2778 6921
396 -7400
5740 -6235
-7034 -4660
-7492 3455
8314 -3223
7662 -2422
-1015 8326
4557 -8859
-4047 -9277
5750 -5144
-7163 -4478
7287 75
-9971 -663
-7722 6713
-2731 -5747
451 4192
1950 -867
8164 -7156
1661 -4621
9409 9123
172 -9489
-7059 -7022
712 -3748
346 -2803
-6788 -6270
-7302 2132
5410 -1779
1449 6872
2648 -5895
1084 7491
9194 6643
6383 824
-4195 2718
9070 320
6565 -7419
-3803 -5675
9470 -4010
5649 126
-6962 213
-8833 -8838
8629 2183
-5496 -4955
-9720 -1231
599 -933
-8432 9672
9727 -2810
-5155 1862
-3936 937
