100 1000
336 378
84 168
0 336
210 84
84 42
168 0
378 252
252 42
294 336
42 0
210 294
378 336
168 42
0 252
252 0
0 126
42 210
168 252
294 378
168 126
252 126
336 126
42 84
210 252
252 294
0 84
336 42
336 168
252 252
336 294
84 0
42 42
294 252
84 126
294 126
252 336
294 210
0 0
42 168
294 0
252 378
168 294
126 252
0 378
126 168
84 210
84 84
336 336
0 168
378 84
336 84
252 168
84 336
126 126
126 336
210 168
378 42
336 252
126 42
168 168
252 84
42 294
210 378
294 42
126 210
210 210
378 168
378 126
42 378
126 294
210 126
210 336
126 378
84 252
126 84
84 294
168 84
378 0
378 210
0 42
0 294
168 336
84 378
378 294
252 210
42 336
378 378
294 294
42 252
294 84
126 0
0 210
210 42
336 210
336 0
210 0
42 126
168 210
294 168
168 378
