100 6472
1289 -5277
4728 -2046
2463 -7770
2310 -7636
4120 -2066
3721 -2142
7756 -5479
5330 -2142
5132 -2097
7705 -4670
6428 -2658
6084 -8113
3919 -8456
7019 -7339
2792 -8009
6428 -7895
2310 -2917
2623 -2658
7258 -7010
4323 -8507
4728 -8507
7736 -5682
7144 -7179
4525 -2040
1315 -5682
7535 -4085
7660 -6081
5717 -8286
3721 -8411
1516 -6468
4120 -8487
7144 -3374
1793 -3543
3148 -2348
1391 -4472
7258 -3543
1346 -5883
7756 -5074
6741 -7636
3334 -2267
7454 -6654
1597 -3899
4931 -2066
5903 -8205
1516 -4085
2032 -7339
5525 -8355
2792 -2544
7705 -5883
3526 -2198
2967 -2440
1315 -4871
2166 -7492
7019 -3214
1447 -6276
7535 -6468
2463 -2783
6259 -2544
7604 -4277
6741 -2917
7660 -4472
6084 -2440
6588 -2783
7362 -6835
4525 -8513
3334 -8286
6259 -8009
1689 -3718
1597 -6654
2166 -3061
5330 -8411
6588 -7770
2032 -3214
1391 -6081
1907 -7179
1447 -4277
2623 -7895
5132 -8456
7454 -3899
4323 -2046
4931 -8487
6885 -3061
3919 -2097
1689 -6835
3148 -8205
7762 -5277
3526 -8355
1295 -5479
5717 -2267
1295 -5074
1793 -7010
5903 -2348
7604 -6276
1346 -4670
5525 -2198
7736 -4871
1907 -3374
7362 -3718
6885 -7492
2967 -8113
