100 1000
-1856 4014
928 -8984
-9462 -8948
-3932 -1317
7693 -7754
6826 7596
-7651 544
8340 -4537
2301 1846
-6229 -5761
4618 -1084
6949 3211
-5337 -1045
-752 3013
-1959 -6302
-4056 -2179
3807 -8170
-4571 -4542
8391 8679
9471 -7982
-6488 9618
-4950 -1271
-2573 -2832
-602 543
5547 -8461
-5655 4367
-3193 7729
9287 21
3470 9924
4876 6616
-5344 -7279
2037 1668
3053 771
9966 -8580
-7648 -1343
-7342 229
3443 1653
-607 -5171
-9495 1759
-3316 9630
-3578 -2992
-3617 -1042
1448 -5615
-2624 9140
3839 5602
2001 6422
8094 9488
-5771 -6484
-1627 4903
-8488 -3913
-8506 1332
4737 8576
-5012 3013
2044 -1181
-2682 -158
-1671 1605
9738 628
28 -6831
7587 3730
2286 -5003
2903 284
3883 1636
-7909 2262
-6891 3288
9747 5832
-3342 8616
4610 1066
5472 -806
-2197 2904
2595 3559
-1460 -9237
7894 -6352
-1036 -4964
-3114 -8084
2665 5213
8582 -4798
-6172 -4685
-3010 -7300
-4657 -5203
-9493 -6787
-3589 -5578
-9324 -785
4405 4084
2496 3624
8673 9791
7575 -9213
6435 8128
-3825 7334
9235 7558
-1611 4705
2221 -9567
-1980 8194
-865 -763
-1539 -8337
-9633 -2276
-9950 5388
9479 -2978
5990 -6395
1806 1202
-4860 6629
