100 10000
-5078 -1441
-574 -6454
-1998 3137
-5968 -6123
4628 -3166
-7306 522
-4708 -3368
-782 -6429
1148 -8878
-4494 -3824
-2182 3056
2093 -8658
2281 5639
-4134 1444
3840 4915
3616 -4848
-4614 622
7261 -3020
-1470 5890
4812 -2518
3463 -8090
-3997 -4585
-7476 -248
-7483 -288
-1876 3186
-2386 5656
-1236 -8889
2009 -8683
-3811 1847
1007 3401
-3407 2251
-4993 -561
-2416 2940
3127 -5316
-7542 -2209
-3090 2511
-3254 -8273
-3513 2153
7329 -2648
-2924 -8418
-4801 -3120
599 -8948
-5075 -1650
-5972 3158
7316 -230
-2908 -5601
-3816 5022
-4946 -2621
1625 3221
5426 3613
4671 81
3326 2181
-1418 -8858
3618 -4845
-581 -8962
2608 2737
-2001 -8728
-5155 4040
-7578 -1483
-6569 -5237
3235 -5223
7361 -2424
1461 -8819
-3533 -8136
-3951 4942
-5764 -6370
7408 -1921
-4598 -3616
356 -6460
6635 1863
7403 -1993
2932 -8348
-5078 -1426
4808 4209
-14 3520
333 -6462
2788 -5576
-7575 -1680
-5057 -1941
-3821 -4794
-626 3490
4861 -2250
6876 -4286
-3607 5138
-2361 5664
7119 626
-5075 -1320
-6703 -4994
4024 1377
4868 -754
-1994 3138
-4967 -434
-6564 -5244
-1065 -6381
-7566 -1909
-1328 3361
-7424 -2993
-4060 4875
155 -8975
-25 3520
