100 100
1050 0
3822 0
3318 0
462 0
4032 0
1260 0
3150 0
2310 0
3192 0
2814 0
3696 0
1470 0
2688 0
1008 0
3402 0
168 0
3276 0
0 0
798 0
2940 0
2184 0
3570 0
3780 0
1596 0
1932 0
2982 0
1680 0
588 0
1344 0
4074 0
882 0
1764 0
3948 0
1092 0
3024 0
378 0
1512 0
42 0
420 0
2100 0
672 0
294 0
2268 0
546 0
2730 0
3906 0
2436 0
924 0
2352 0
3528 0
1302 0
2562 0
2478 0
630 0
2226 0
336 0
3612 0
2898 0
756 0
84 0
3486 0
1554 0
1386 0
2856 0
3738 0
2394 0
1218 0
1134 0
504 0
2604 0
4116 0
126 0
2646 0
2058 0
1176 0
966 0
3108 0
1428 0
3864 0
3234 0
3990 0
1974 0
2772 0
2016 0
210 0
714 0
3654 0
252 0
1806 0
3444 0
3360 0
1890 0
1638 0
840 0
1848 0
2520 0
3066 0
4158 0
2142 0
1722 0
