99 5305
5645 -2238
6636 -7219
-7991 5366
-7344 3093
5385 -7532
2745 -4619
6859 -2672
4135 -2538
3179 -3405
3912 -2672
7726 -3628
-6110 7430
-4203 2506
-7639 3484
2846 -4109
7262 -6755
7437 -6562
3045 -6129
7262 -3002
-3130 3484
3334 -6562
2732 -4879
-2733 4879
5645 -7519
-8036 4879
5385 -4879
4135 -7219
5126 -7519
-3787 6995
6859 -7085
3179 -6352
7837 -3863
-5629 2239
3509 -6755
-5629 7520
5903 -7481
-6110 2329
3702 -6930
4868 -7481
6401 -2427
6155 -7418
-2778 4393
7925 -4109
7837 -5894
6401 -7330
2783 -5396
7069 -6930
7592 -6352
4616 -7418
8039 -4879
-7639 6275
6155 -2339
-5140 2239
4370 -2427
2934 -3863
2745 -5138
-6566 2506
3912 -7085
3334 -3195
7592 -3405
5385 -2225
7726 -6129
6636 -2538
-3425 3093
7437 -3195
7925 -5648
2846 -5648
-7857 5837
3045 -3628
4370 -7330
4616 -2339
-3425 6666
8026 -5138
-7344 6666
5903 -2276
8026 -4619
5126 -2238
7988 -5396
3509 -3002
2934 -5894
-2778 5366
4868 -2276
-6982 2764
-5140 7520
7069 -2827
-2912 5837
3702 -2827
-4203 7253
-6566 7253
-4659 7430
-2912 3922
2783 -4361
-3130 6275
7988 -4361
-7991 4393
-6982 6995
-3787 2764
-7857 3922
-4659 2329
