100 588
52 4736
-541 4745
-595 4768
-530 4716
537 4686
-579 4768
-604 4657
-530 4710
-53 4731
-554 4758
41 4752
-644 4700
-34 4666
-563 4660
-580 4768
-20 4765
536 4735
-536 4737
-588 4769
-17 4657
-549 4669
-57 4711
-47 4680
-3 4654
-606 4766
-51 4737
15 4767
-531 4704
-606 4657
58 4708
637 4742
37 4667
-57 4713
-534 4691
-599 4768
-596 4768
-645 4717
-533 4730
14 4767
-596 4655
-531 4703
-533 4729
-16 4657
-14 4656
-644 4699
-642 4693
-55 4696
27 4762
-568 4765
7 4769
51 4739
-576 4768
644 4725
-30 4663
-41 4672
-584 4654
52 4737
-645 4714
-44 4675
-644 4719
644 4698
-644 4704
-641 4690
-54 4729
-40 4671
-644 4703
29 4761
14 4656
-573 4656
-55 4728
-627 4670
-13 4767
-21 4658
49 4680
27 4661
-634 4745
-545 4750
58 4712
53 4689
-547 4752
0 4654
-639 4686
564 4763
54 4692
-644 4722
-641 4732
-565 4764
-583 4654
55 4693
-19 4766
-563 4763
-52 4688
32 4759
-633 4676
51 4685
-546 4751
-548 4670
-14 4767
618 4662
588 4769
