100 1000
-790 -3675
-589 -4452
-4513 3008
-1803 -1819
5018 -7717
-848 6794
4332 6984
-8170 -3174
1083 6410
9567 -804
-8599 9942
-3520 9555
-6728 -7376
-7208 -3251
9781 -5226
-4376 -2885
3924 -7441
2992 6392
-2664 1636
-7637 5433
-1603 8118
8969 6938
7339 537
-1422 -4823
1387 8830
3051 -3881
-8922 9832
-987 -4318
3679 -8895
-2704 -9988
-3877 -9590
5445 4750
-8544 1327
6565 2664
5392 1340
1775 1705
-4779 6833
-5739 713
863 4709
780 -8246
122 -8121
-1285 1471
402 3440
1333 -6707
-9003 -9688
6550 -4584
6237 -3252
6632 466
-5422 422
-5201 -5338
392 -5945
1259 -1936
-6036 3960
-1105 3207
9311 8596
-5564 -3207
-2528 5009
3927 7316
-2736 -8282
9969 4388
6773 600
4065 9500
580 9694
6583 7480
7368 -8502
1111 9970
7093 9931
-8230 1615
8081 -5792
-3657 8119
6223 1593
4171 638
-2373 -9468
8951 -4653
-8345 -9898
-328 -1412
6616 728
-6042 -5927
2071 7255
3496 -8823
-1664 2388
2419 2323
9293 -3701
-6635 4428
-5900 -990
-1339 3364
-1907 7680
-2918 -8435
-8905 9863
5801 2909
-848 -699
4443 9708
-8890 1506
9073 -5533
-6103 9332
2397 -7361
-3328 -9975
-6167 8435
-3227 1726
6835 -3971
