100 5000
5751 4218
5502 4006
3523 3560
6209 7201
3330 2324
6447 6570
2603 3946
7756 5840
2539 2563
2539 3991
3960 3513
3885 2264
2598 8074
1985 2856
3436 9717
3338 8419
2343 4150
4158 3516
6047 7461
1763 9012
1544 5606
2188 7722
6064 4586
1414 3307
1511 5976
4794 8385
1762 4920
1967 2868
7724 5494
5419 3947
6144 4710
1557 6487
1292 3430
5566 7968
4670 3601
2245 7781
7583 7148
2185 4304
4009 8511
6208 4820
1078 3675
5509 4011
5769 4235
6406 6723
5718 4186
262 6088
6044 4558
1722 5006
2913 3766
5596 4079
2691 8134
5143 2437
1880 4705
1902 4670
1560 3174
5986 2825
1723 7019
1677 6906
6443 6587
6463 5531
1685 6927
4851 3658
4154 8507
3149 3665
7090 3873
1559 5526
1738 3030
1666 6877
1512 6084
3949 8510
5748 4215
6506 6159
1068 3688
7100 3888
1585 6615
2405 4096
1782 4880
1900 7351
2960 9611
3580 3549
6283 7053
5376 8105
1788 7156
4725 3616
2367 2642
2994 8295
4211 8503
578 4503
5215 8202
3166 9664
5731 4199
5423 8073
3130 3672
2139 7668
2313 4177
1602 6679
1525 6274
3927 8510
5535 7992
6510 5972
