100 10000
-84 -5998
3429 4924
5831 -1413
3531 4851
1520 -5803
2707 5354
5549 2283
4193 -4291
-5460 -2484
-1016 -5912
5131 3110
5558 -2258
-5463 -2478
-1718 -5748
4788 -3615
-5778 -1611
-4723 -3698
1157 5887
4559 3901
-5986 -390
142 -5997
-5995 -206
-5714 -1826
4008 4465
-2242 5565
4419 4058
4687 3746
5186 -3016
-5384 -2645
-1002 -5915
5554 2270
74 6000
2341 5524
-5800 1532
5986 -410
2433 -5484
-5732 -1769
-4762 3649
-5898 1094
-4509 -3956
-5180 3027
5966 -639
-4970 3359
2110 5617
4744 -3673
2163 -5596
2100 -5619
3711 -4713
-5779 1609
4289 -4195
-1292 5859
5047 3245
-2110 -5615
5292 2828
-503 -5978
-3412 -4933
-5978 -498
-1923 5683
1659 5766
-5878 1197
-273 5994
1183 5882
96 5999
2390 5503
-5950 -764
5985 431
3135 5116
-5996 174
-4786 3618
3559 -4830
-5518 -2353
-405 5986
545 5975
-5995 229
274 -5993
-2095 5622
5752 -1708
-5998 -94
-1725 -5745
2791 -5311
5224 2952
179 -5996
-5971 -574
-2827 5292
3807 4638
4440 4036
-5744 1731
-5833 -1400
-3083 -5146
-2676 5370
5530 -2326
4470 4003
-5832 1405
-5199 -2993
5610 2129
5990 349
-2914 -5243
5364 -2688
-1674 5761
-5666 1970
