86 7964
-6088 -3889
-3645 -8886
8151 4182
4364 -8861
7708 9257
3807 -201
-9014 -5267
8473 -7479
-8717 208
5413 -2486
-3235 7766
7071 7611
4245 -7847
5135 -8505
-9326 -2167
8981 -9527
6164 -1112
4611 -3502
9291 1218
25 1115
8914 -9692
-4569 -3427
-2873 -4050
7061 9546
7495 -2897
2372 -5945
8850 9619
3654 -8087
6960 3064
-262 -200
4684 -9811
6504 5806
3243 -2809
-5905 9283
-4654 -5049
-1205 593
-6202 -1607
-1046 920
-117 631
3091 -2409
-6596 -6722
-1422 -5751
-7748 -431
-3097 -1017
8549 9230
-7243 -3326
-8888 -93
-792 -4492
-8250 2922
-2249 -2782
1190 2097
-56 -7453
4477 -3727
5621 -8167
7764 -42
-5297 -8776
-5678 3316
-3558 -2292
-4405 -8030
-4655 -4648
2665 9076
-4755 -4420
3200 -3263
8731 586
4785 -8385
-8021 2816
1942 -7751
-2754 8878
2953 -530
7041 7256
-6112 760
-4391 -391
9172 9335
6922 867
6022 2873
2289 -299
-6082 4078
451 308
-4288 -1107
7736 -8462
6007 429
-6056 1233
154 6655
2427 8422
4168 8524
5756 -1926
