68 8143
6170 -3147
-2961 154
5445 -2158
7926 -1602
-3794 -7983
-1638 3193
-8062 2125
6201 -8112
-578 -781
-6902 2311
-2513 -8410
1852 -4308
3120 -1332
-4961 -8305
6150 9641
9598 -3016
1165 5404
-9400 -6470
-5616 -162
464 1788
-8884 9873
4160 8151
-2526 5785
-2535 -659
3369 -4500
-4557 -9743
-7417 7209
-1385 -1337
6281 -2945
-7687 6693
4506 1157
-3057 2977
4839 9939
-2521 1402
-2552 -8183
3821 7760
6922 2308
-8575 -2279
-5733 3016
-5775 3657
97 204
4306 6305
9588 -3304
4042 -8856
3336 4700
2490 -17
-1494 3798
3271 3385
9144 -7355
9681 -2477
-8533 -6830
242 -2808
-181 -8310
-4673 -4270
-6036 640
-5140 7900
1439 226
-1958 -3269
7908 1929
-9630 -1338
-1962 -5577
-1005 5329
-3124 2256
8266 4028
-2321 9696
-9479 2854
8385 -5187
1104 -7998
