100 1000
1901 9930
7131 7243
-9891 -1692
6829 -7137
6847 -4919
3817 4046
5956 -820
-7042 3223
8350 2937
-7965 5307
1989 -6493
-2463 -6002
3016 -9928
2990 -4295
-1385 4075
-2687 8502
-413 1057
-3035 -5310
-8254 -5356
5689 -611
4116 -2239
2141 -8374
4284 -2359
659 -8406
-5236 1126
-1619 -5811
-3253 6272
282 -9914
-6938 -2260
-9051 6381
9265 -3996
-2927 8767
-6353 -1163
-3896 1418
6580 -9381
-7512 -5953
-7726 878
1724 4348
-9844 690
-9917 -8708
-8698 3520
-382 8306
-9064 -9530
-7699 -8199
116 -3845
-9631 -5527
-7277 -6142
2133 -4142
-362 3225
-2597 -6943
1565 -9286
8550 9387
3048 5183
3473 -7674
9579 533
-1462 -6382
-3998 -6348
-1384 -3850
-3021 217
-1215 6456
-5840 -2769
-4449 -3912
6270 -9664
-1361 9469
9011 4898
6351 6120
6137 -1460
2058 -8620
8642 9933
-3931 -2613
5572 -3107
266 -3167
-924 3124
2342 -6366
-1235 1750
6069 -236
3494 -8758
733 -1601
-9646 -9989
2187 1003
-7150 -9980
-8667 597
-4542 -1632
1716 -7643
2596 5218
6374 9051
-9424 5676
-836 146
1055 -8175
1180 8294
-9874 5701
2463 -6964
7300 4495
1612 9069
715 -604
295 254
6698 9639
1159 4849
-9689 -8261
-7717 -8333
