100 1000
1434 -3524
-769 -5151
-7323 -5133
-8291 -5751
-8870 8515
4223 8627
-2095 4155
-7337 -5144
5061 7684
-7316 -5131
266 -3069
-7324 -5137
-7324 -5128
5316 -4373
7542 -9092
-8242 -2240
-7335 -5129
-7327 -5143
6695 -340
-7344 -5125
7178 -2449
4287 -2067
-7331 -5127
8585 3996
-9217 9237
1199 4472
-5856 -900
4566 -2626
-7319 -5134
-7324 -5133
3103 7344
-7331 -5117
-7322 -5128
-7318 -5134
6396 -370
-7334 -5124
902 -7286
-7319 -5143
3964 -9095
1943 -5860
-7334 -5117
-7317 -5134
-7329 -5136
-7339 -5131
-9841 9259
3512 -2594
6775 -4816
-7331 -5122
-7332 -5134
6231 -5471
-7337 -5118
-7345 -5139
-7712 7118
-7315 -5135
-7342 -5130
-7345 -5143
-7343 -5141
-7330 -5146
-7325 -5124
2306 8606
-7320 -5130
-7322 -5140
2564 926
-7195 -391
-2385 -4147
1632 6377
-7345 -5135
6901 -8799
-8602 -3700
-2715 -2330
-7303 7527
-7341 -5123
-7324 -5125
9202 -1763
6923 -9149
-7327 -5139
-7338 -5143
-7324 -5141
5701 -2152
6132 9235
1890 1066
-9525 6686
7997 1765
-7337 -5131
-7321 -5143
-4192 8771
-7333 -5143
-5024 8567
-7338 -5128
-7332 -5137
-7330 -5121
-7344 -5124
-7339 -5141
9506 -4370
-6146 9734
-7340 -5125
-7339 -5137
-7344 -5141
-7331 -5134
5668 -973
