100 100
0 252
84 210
126 210
252 294
126 252
84 336
0 42
0 0
0 84
126 378
168 0
210 168
168 168
252 42
168 42
294 126
252 336
126 168
168 210
252 378
210 84
84 168
126 126
0 378
42 336
252 252
210 210
378 336
210 0
336 210
84 378
294 252
84 0
378 168
336 294
294 294
84 126
42 210
0 336
42 252
126 0
168 294
336 336
378 42
294 0
378 378
378 0
168 336
210 336
378 126
210 252
336 378
210 294
252 168
126 84
0 168
126 294
42 84
252 210
168 378
168 126
42 168
84 84
126 42
210 378
0 210
42 42
294 210
252 84
378 84
252 126
0 294
42 126
336 126
378 252
336 252
84 42
252 0
126 336
168 252
378 210
84 294
84 252
336 0
42 378
378 294
210 42
294 378
294 42
294 336
294 84
0 126
336 42
336 84
210 126
294 168
336 168
42 294
42 0
168 84
