100 1000
7623 1929
492 277
494 267
491 276
-155 -723
480 282
2424 2464
479 264
-9420 1377
2389 -3291
6420 5285
-4797 -2042
-7469 -8021
8540 946
-8324 5236
-3897 -6653
8018 -8570
-794 -1169
479 269
-3938 5660
492 291
-8091 -4756
1179 6032
-6879 -3643
6408 3749
-5319 6635
-6138 -6909
-6033 -9637
5346 8690
-9200 -9714
-6193 2365
-8830 -9001
-6842 2558
493 271
-9017 6445
489 292
-7678 7822
-992 5718
2088 -8125
-3489 9694
485 285
487 281
1337 1900
-2428 4898
-2910 -9696
481 270
7182 4911
495 274
490 284
8208 2339
500 286
3552 1962
-6865 -7842
-3039 -5273
1849 -4497
493 291
2342 -9896
-4047 -130
3172 1851
-1857 -7228
-3663 9430
524 -9327
-5206 -663
-8720 1004
3864 -1822
-5783 3957
7314 2133
8638 1450
501 -2465
503 284
-137 6177
6863 4257
-822 -3532
9540 8230
-4446 6479
495 261
-741 -3680
488 271
213 902
9309 1010
-5018 -2696
-7021 -6633
4207 6341
4852 2468
493 273
-742 286
-3738 2633
480 275
478 266
-1784 8828
8448 2994
-2058 2847
-5095 -5201
-3234 8135
499 269
495 287
-1239 -4179
-4133 -9952
508 273
-2660 -4762
