99 5906
-5698 -7896
-7715 -5813
-2492 -6831
-6844 -7251
-7758 -5629
-1209 -1415
-3169 -7487
-6700 -7374
-2737 -7119
-7432 -6514
-4575 -2125
-7806 -5253
-2873 -7251
-3328 -2539
-7662 -5995
-2198 -3783
-3169 -2642
-6700 -2755
-6224 -7683
-3839 -7836
-5515 -7944
-4019 -7896
-7334 -3453
-4019 -2233
-7432 -3615
-7596 -3956
-1929 -4687
-6389 -7590
-7107 -6979
-4202 -2185
-6224 -2446
-6548 -7487
-3017 -2755
-7662 -4134
-5329 -7980
-4764 -8016
-2198 -6346
-1929 -5442
-4388 -2149
-2002 -5813
-4953 -8016
-2285 -3615
-2055 -5995
-7788 -4687
-1911 -5253
-7225 -3298
-7519 -3783
-2492 -3298
-5878 -2293
-1959 -4500
-7788 -5442
-2610 -3150
-6054 -2364
-3663 -7765
-6980 -7119
-4575 -8004
-5698 -2233
-4953 -2113
-7107 -3150
-2121 -6173
-3839 -2293
-2737 -3010
-7715 -4316
-6548 -2642
-2285 -6514
-3017 -7374
-7334 -6676
-3663 -2364
-6980 -3010
-6389 -2539
-2383 -3453
-4388 -7980
-7596 -6173
-2055 -4134
-6844 -2878
-2121 -3956
-3493 -7683
-1959 -5629
-2002 -4316
-4764 -2113
-6054 -7765
-5142 -8004
-4202 -7944
-1911 -4876
-5329 -2149
-1905 -5065
-7758 -4500
-2383 -6676
-7806 -4876
-5878 -7836
-2873 -2878
-7519 -6346
-7225 -6831
-5515 -2185
-3328 -7590
-2610 -6979
-3493 -2446
-7812 -5065
-5142 -2125
