100 5000
2653 6745
-3289 6361
1056 7419
3340 6212
3230 -1220
-2555 2431
3664 -792
-2230 7049
2287 3409
595 -2411
-1801 754
-3097 -1424
-4811 4098
-3949 5684
3187 6348
-2032 -2048
-1708 668
-3631 6043
3920 5572
-873 4909
-5053 2324
452 -2428
-4921 3706
-879 -2386
-2395 3433
-1084 7439
-4999 3308
2858 6606
-2356 1560
4801 3720
-3808 -761
-1886 7199
2062 7073
4100 -229
-3065 -1449
96 51
-2559 6875
1161 -2303
-4680 4451
3909 -497
-5039 2976
-4142 -339
-1831 784
4568 4440
-4490 4859
2489 -1756
-4700 4402
4518 4557
3093 6426
-2694 6794
-1123 7430
4673 931
2162 1399
-2430 3334
2156 3704
-2464 -1837
-444 5015
4085 5343
4365 4875
1398 4576
-2992 6593
-3632 6042
-4259 5257
1169 368
4838 1538
-2233 -1956
1585 663
-2828 6708
1874 -2065
-5007 1834
2283 3420
2214 3585
-2828 -1617
3438 -1028
1235 -2284
2737 -1599
1776 -2105
3965 5513
3970 -415
-2651 6820
-410 -2442
-2950 -1533
4566 647
675 7491
-4193 -265
1240 -2282
-3545 6128
-5056 2403
-1648 -2194
-4770 873
2279 6965
3013 -1399
-4397 62
-1170 -2329
12 7544
-984 4867
-4989 1721
2321 -1851
-3308 6345
-2445 3289
